1049/580020/上港CWB1/1.735	54300	1.734	47500	1.733	122500	1.732	98700	1.731	169101	1.739	12099	1.740	100701	1.745	28600	1.748	13400	1.749	10000	/17368061//2334862/13505/1.739/1.766//2008-9-18 9:31:34
1049/580020/上港CWB1/1.750	321600	1.748	5000	1.746	100000	1.745	450884	1.744	283000	1.757	57700	1.760	25700	1.762	2400	1.763	5000	1.766	34990	/17368061//3759591/21671/1.75/1.766//2008-9-18 9:32:35
1049/580020/上港CWB1/1.759	100	1.758	93400	1.757	55458	1.756	187300	1.755	45200	1.760	61600	1.763	24500	1.764	24000	1.765	14000	1.766	104690	/17368061//8983233/51418/1.76/1.766//2008-9-18 9:33:35
1049/580020/上港CWB1/1.750	137100	1.749	54100	1.747	4100	1.746	100000	1.745	96100	1.755	36900	1.756	15600	1.757	18300	1.758	239661	1.759	26300	/17368061//11776925/67328/1.755/1.766//2008-9-18 9:34:35
1049/580020/上港CWB1/1.743	27900	1.742	34100	1.741	151000	1.740	163400	1.739	12200	1.745	92048	1.747	67500	1.748	31200	1.749	229400	1.750	199700	/17368061//12622087/72161/1.745/1.766//2008-9-18 9:35:35
1049/580020/上港CWB1/1.739	72000	1.736	64100	1.735	15233	1.734	16000	1.733	3300	1.740	500	1.743	1000	1.747	93100	1.748	38700	1.749	95000	/17368061//15129413/86549/1.739/1.766//2008-9-18 9:36:36
1049/580020/上港CWB1/1.745	134100	1.741	21700	1.740	135000	1.739	400	1.737	88100	1.746	15100	1.747	102600	1.748	59700	1.749	48600	1.750	35100	/17368061//16183431/92595/1.745/1.766//2008-9-18 9:37:36
1049/580020/上港CWB1/1.744	41500	1.743	80100	1.742	92900	1.741	48700	1.740	155500	1.747	14300	1.748	60000	1.749	29500	1.750	260436	1.752	15200	/17368061//18144216/103820/1.747/1.766//2008-9-18 9:38:36
1049/580020/上港CWB1/1.742	300	1.741	109200	1.740	155600	1.739	3400	1.738	110000	1.743	335	1.745	121200	1.746	75900	1.747	33600	1.748	48600	/17368061//19416888/111119/1.744/1.766//2008-9-18 9:39:36
1049/580020/上港CWB1/1.766	445981	1.765	1300	1.762	49100	1.760	503500	1.758	60000	1.767	45000	1.768	200000	1.769	17900	1.770	412900	1.771	7000	/17368061//23733958/135682/1.766/1.766//2008-9-18 9:40:36
1049/580020/上港CWB1/1.772	248300	1.771	260927	1.770	305000	1.769	717600	1.768	210000	1.773	1400	1.775	288500	1.776	36999	1.777	104700	1.778	183900	/17368061//28088456/160271/1.774/1.766//2008-9-18 9:41:37
1049/580020/上港CWB1/1.775	900	1.773	503200	1.772	77200	1.771	470927	1.770	319000	1.776	513819	1.777	209119	1.778	291200	1.779	281266	1.780	572019	/17368061//32386550/184496/1.776/1.766//2008-9-18 9:42:37
1049/580020/上港CWB1/1.774	74100	1.773	427181	1.772	145700	1.771	228627	1.770	256200	1.775	249700	1.776	452378	1.777	131138	1.778	310100	1.779	379100	/17368061//36128144/205581/1.774/1.766//2008-9-18 9:43:37
1049/580020/上港CWB1/1.771	661900	1.770	316300	1.769	700000	1.768	214200	1.767	2000	1.772	20800	1.773	129319	1.774	289419	1.775	400508	1.776	589978	/17368061//39382876/223931/1.773/1.766//2008-9-18 9:44:37
1049/580020/上港CWB1/1.770	77843	1.769	700000	1.768	214200	1.766	684481	1.765	82300	1.773	210258	1.774	415019	1.775	461408	1.776	537778	1.777	110819	/17368061//42278808/240279/1.772/1.766//2008-9-18 9:45:37
1049/580020/上港CWB1/1.773	49600	1.772	142000	1.771	95400	1.770	161843	1.769	714000	1.774	72877	1.775	198008	1.776	470358	1.777	142719	1.778	499200	/17368061//44926460/255210/1.774/1.766//2008-9-18 9:46:38
1049/580020/上港CWB1/1.772	50000	1.771	274100	1.770	446543	1.769	717700	1.768	215500	1.773	403500	1.774	51600	1.775	451008	1.776	371058	1.777	151619	/17368061//47186568/267962/1.773/1.766//2008-9-18 9:47:38
1049/580020/上港CWB1/1.774	132300	1.773	357600	1.772	86700	1.771	113400	1.770	401443	1.775	50000	1.776	8000	1.778	18085	1.779	314300	1.780	457119	/17368061//53233112/302036/1.774/1.766//2008-9-18 9:48:38
1049/580020/上港CWB1/1.777	61696	1.776	31800	1.775	92900	1.774	35800	1.773	45400	1.780	9600	1.781	20100	1.782	49531	1.783	182775	1.784	558900	/17368061//59153604/335292/1.78/1.766//2008-9-18 9:49:39
1049/580020/上港CWB1/1.773	4600	1.772	124700	1.771	102100	1.770	99043	1.769	722200	1.774	392400	1.775	10500	1.776	143900	1.777	11000	1.778	312179	/17368061//60526364/343017/1.774/1.766//2008-9-18 9:50:39
1049/580020/上港CWB1/1.769	357643	1.768	205000	1.767	10100	1.766	707481	1.765	33600	1.770	195200	1.771	22300	1.772	427920	1.773	238900	1.774	10100	/17368061//63359788/359018/1.769/1.766//2008-9-18 9:51:39
1049/580020/上港CWB1/1.763	22000	1.762	105000	1.761	2000	1.760	92800	1.759	9900	1.764	1219	1.765	10700	1.766	189960	1.767	52700	1.768	102500	/17368061//66705792/377951/1.764/1.766//2008-9-18 9:52:39
1049/580020/上港CWB1/1.757	35500	1.756	96600	1.755	53700	1.752	40300	1.751	252000	1.758	1000	1.759	33057	1.760	24000	1.762	2500	1.763	29500	/17368061//68213528/386518/1.757/1.766//2008-9-18 9:53:40
1049/580020/上港CWB1/1.762	321500	1.760	30000	1.759	74600	1.758	166600	1.757	397681	1.764	1000	1.765	4119	1.766	6370	1.767	33800	1.768	28400	/17368061//69575368/394260/1.762/1.766//2008-9-18 9:54:40
1049/580020/上港CWB1/1.756	7124	1.755	88000	1.753	99000	1.752	68500	1.751	277000	1.757	300500	1.758	17200	1.759	7500	1.760	158900	1.762	20000	/17368061//71927720/407634/1.757/1.766//2008-9-18 9:55:40
1049/580020/上港CWB1/1.746	49400	1.745	15000	1.742	88900	1.741	6200	1.740	61000	1.747	50000	1.748	11200	1.750	1001322	1.751	25400	1.752	13200	/17368061//74899120/424603/1.746/1.766//2008-9-18 9:56:41
1049/580020/上港CWB1/1.745	9201	1.744	88000	1.743	104000	1.742	102000	1.741	125300	1.748	31800	1.749	9000	1.750	69000	1.751	5300	1.752	900	/17368061//77280600/438264/1.745/1.766//2008-9-18 9:57:41
1049/580020/上港CWB1/1.739	5400	1.738	62800	1.736	20000	1.735	66400	1.734	4000	1.740	29288	1.747	50000	1.748	136400	1.749	30357	1.750	71700	/17368061//79806968/452736/1.74/1.766//2008-9-18 9:58:41
1049/580020/上港CWB1/1.736	118400	1.735	103800	1.734	10400	1.733	55700	1.732	50000	1.737	500	1.738	34200	1.739	16600	1.740	2800	1.741	27500	/17368061//80764384/458249/1.737/1.766//2008-9-18 9:59:41
1049/580020/上港CWB1/1.736	117900	1.735	257200	1.734	21100	1.733	54200	1.732	72700	1.738	139900	1.740	634320	1.741	19300	1.742	53000	1.743	33800	/17368061//83679952/475023/1.738/1.766//2008-9-18 10:0:42
1049/580020/上港CWB1/1.741	7000	1.740	275600	1.739	280813	1.738	86800	1.737	5000	1.744	20600	1.745	5200	1.748	52100	1.749	9057	1.750	28600	/17368061//85784152/487117/1.744/1.766//2008-9-18 10:1:42
1049/580020/上港CWB1/1.745	50000	1.744	89200	1.743	59000	1.742	79100	1.741	156800	1.747	71299	1.748	400	1.749	23500	1.750	245657	1.751	32000	/17368061//86852136/493229/1.748/1.75//2008-9-18 10:2:42
1049/580020/上港CWB1/1.746	78543	1.745	54126	1.744	42000	1.743	145100	1.742	79100	1.750	6800	1.751	26900	1.752	11400	1.753	45907	1.754	99000	/17368061//89395472/507786/1.746/1.75//2008-9-18 10:3:42
1049/580020/上港CWB1/1.739	259913	1.738	96200	1.737	5000	1.736	75300	1.735	115100	1.743	17400	1.744	39600	1.745	89200	1.746	1000	1.747	22000	/17368061//91217640/518238/1.743/1.75//2008-9-18 10:4:43
1049/580020/上港CWB1/1.744	94500	1.743	65100	1.742	64800	1.741	219100	1.740	159200	1.747	29300	1.748	70800	1.749	108300	1.750	144700	1.751	16800	/17368061//93710248/532507/1.747/1.75//2008-9-18 10:5:43
1049/580020/上港CWB1/1.745	54500	1.743	2300	1.742	1600	1.739	259213	1.738	96400	1.746	86400	1.747	27600	1.748	97900	1.749	50000	1.750	186700	/17368061//95908416/545115/1.745/1.75//2008-9-18 10:6:43
1049/580020/上港CWB1/1.742	11000	1.741	55200	1.740	229700	1.739	257213	1.738	98400	1.743	205238	1.744	10219	1.745	53600	1.746	45200	1.747	116900	/17368061//97141968/558429/1.743/1.75//2008-9-18 10:7:44
1049/580020/上港CWB1/1.742	125900	1.741	14000	1.740	116800	1.739	10843	1.738	115900	1.743	247600	1.744	32000	1.745	146400	1.746	47200	1.747	38400	/17368061//98540400/560222/1.742/1.75//2008-9-18 10:8:44
1049/580020/上港CWB1/1.748	1800	1.747	147600	1.745	62800	1.744	179300	1.743	11500	1.749	157500	1.750	213500	1.751	16800	1.752	16078	1.753	71507	/17368061//100709728/572655/1.748/1.75//2008-9-18 10:9:44
1049/580020/上港CWB1/1.741	54400	1.740	26400	1.739	10843	1.738	116900	1.737	29900	1.743	111100	1.744	29200	1.745	179700	1.746	7000	1.747	65295	/17368061//101865808/579280/1.741/1.75//2008-9-18 10:10:44
1049/580020/上港CWB1/1.742	70800	1.741	99200	1.740	149100	1.739	14900	1.738	105543	1.743	12738	1.746	14900	1.747	103795	1.748	47700	1.749	86500	/17368061//103649968/589516/1.742/1.75//2008-9-18 10:11:45
1049/580020/上港CWB1/1.748	7200	1.747	14500	1.746	49300	1.745	216005	1.744	57100	1.749	13000	1.750	33300	1.751	38200	1.752	85278	1.753	83007	/17368061//105632736/600868/1.748/1.75//2008-9-18 10:12:45
1049/580020/上港CWB1/1.753	284900	1.752	31100	1.751	39700	1.750	302022	1.749	431700	1.754	17900	1.755	101907	1.756	12300	1.757	44500	1.758	84600	/17368061//108131208/615123/1.754/1.75//2008-9-18 10:13:45
1049/580020/上港CWB1/1.752	6300	1.751	10100	1.750	86600	1.749	426600	1.748	32000	1.753	72900	1.754	80000	1.755	589900	1.756	10100	1.757	161000	/17368061//109305240/621818/1.752/1.75//2008-9-18 10:14:46
1049/580020/上港CWB1/1.754	70000	1.753	30859	1.752	15700	1.751	56900	1.750	222300	1.755	52700	1.756	23300	1.757	51200	1.758	108600	1.759	49200	/17368061//112752568/641497/1.755/1.75//2008-9-18 10:15:46
1049/580020/上港CWB1/1.755	6200	1.753	70700	1.752	41400	1.751	79800	1.750	63500	1.758	59638	1.759	81140	1.760	668941	1.761	80000	1.762	89999	/17368061//116939936/665310/1.758/1.75//2008-9-18 10:16:46
1049/580020/上港CWB1/1.752	40000	1.751	16400	1.750	72900	1.749	29400	1.748	14000	1.756	50641	1.757	32800	1.758	4128	1.759	16800	1.760	260000	/17368061//119662800/680812/1.752/1.75//2008-9-18 10:17:47
1049/580020/上港CWB1/1.755	66400	1.753	264900	1.752	108400	1.751	127500	1.750	102000	1.756	5169	1.757	100000	1.758	236400	1.759	248100	1.760	261400	/17368061//122142208/694939/1.755/1.75//2008-9-18 10:18:47
1049/580020/上港CWB1/1.756	67705	1.755	165800	1.754	40600	1.753	685700	1.752	229500	1.757	68419	1.759	1000	1.760	11500	1.761	13500	1.762	49400	/17368061//125624312/714741/1.757/1.75//2008-9-18 10:19:47
1049/580020/上港CWB1/1.760	205000	1.759	71700	1.758	38900	1.757	431300	1.756	18981	1.761	19500	1.762	100000	1.763	56079	1.765	115695	1.766	253910	/17368061//128541560/834166/1.761/1.75//2008-9-18 10:20:48
1049/580020/上港CWB1/1.760	13000	1.759	51400	1.758	51200	1.757	107600	1.756	119081	1.761	7600	1.762	135979	1.763	129700	1.764	55500	1.765	212495	/17368061//131737936/749463/1.761/1.75//2008-9-18 10:21:48
1049/580020/上港CWB1/1.756	71781	1.755	115300	1.754	65000	1.753	31400	1.752	40000	1.757	41079	1.758	159400	1.759	215090	1.760	405320	1.761	56200	/17368061//132753616/755240/1.756/1.75//2008-9-18 10:22:48
1049/580020/上港CWB1/1.749	63300	1.748	11000	1.747	7600	1.746	6500	1.745	100600	1.750	51800	1.751	111000	1.752	26100	1.753	97500	1.754	92290	/17368061//133577368/759938/1.749/1.75//2008-9-18 10:23:48
1049/580020/上港CWB1/1.742	5500	1.741	12700	1.740	218500	1.738	17200	1.737	29900	1.745	145490	1.746	151200	1.747	68400	1.748	94000	1.749	116019	/17368061//134530048/765395/1.742/1.75//2008-9-18 10:24:49
1049/580020/上港CWB1/1.738	21000	1.737	30000	1.736	78500	1.735	104400	1.734	7300	1.740	53870	1.741	7000	1.742	575300	1.743	71710	1.744	4000	/17368061//136136688/794919/1.74/1.75//2008-9-18 10:25:49
1049/580020/上港CWB1/1.702	20000	1.701	21600	1.700	77400	1.690	5700	1.688	14200	1.710	37500	1.712	18100	1.714	4300	1.715	228900	1.716	414679	/17368061//140047984/797350/1.701/1.75//2008-9-18 10:26:49
1049/580020/上港CWB1/1.688	30800	1.686	1100	1.684	70000	1.683	106500	1.682	1000	1.690	143300	1.691	600	1.692	6400	1.696	2300	1.700	610600	/17368061//142276032/810438/1.69/1.75//2008-9-18 10:27:50
1049/580020/上港CWB1/1.675	25800	1.672	62900	1.671	29500	1.670	52500	1.667	2000	1.680	104970	1.681	30800	1.683	59800	1.684	38300	1.686	22200	/17368061//145897584/831919/1.68/1.75//2008-9-18 10:28:50
1049/580020/上港CWB1/1.681	14700	1.680	169677	1.679	46200	1.678	40900	1.677	35600	1.683	16310	1.684	38300	1.685	27300	1.686	4200	1.687	258900	/17368061//149101840/851010/1.68/1.75//2008-9-18 10:29:50
1049/580020/上港CWB1/1.675	32800	1.674	31200	1.673	6900	1.672	17200	1.671	25500	1.676	11000	1.679	80300	1.680	106000	1.681	62500	1.682	100600	/17368061//152442128/870901/1.675/1.75//2008-9-18 10:30:51
1049/580020/上港CWB1/1.660	49600	1.658	3200	1.656	3000	1.655	12700	1.654	2000	1.670	676600	1.673	111500	1.674	64897	1.675	218400	1.676	2000	/17368061//153822176/879163/1.67/1.75//2008-9-18 10:31:51
1049/580020/上港CWB1/1.650	296100	1.644	133900	1.640	56300	1.638	3700	1.636	20400	1.651	4600	1.652	9400	1.653	120800	1.654	10600	1.655	207689	/17368061//155230752/887668/1.65/1.75//2008-9-18 10:32:51
1049/580020/上港CWB1/1.644	53700	1.643	1900	1.642	17400	1.641	38300	1.640	73300	1.645	57600	1.646	293100	1.647	39500	1.648	36600	1.649	57000	/17368061//157216944/899720/1.644/1.75//2008-9-18 10:33:52
1049/580020/上港CWB1/1.628	2000	1.621	12200	1.620	2000	1.615	32000	1.612	4500	1.630	755128	1.631	2000	1.632	163900	1.633	354800	1.634	15000	/17368061//159219264/911956/1.63/1.75//2008-9-18 10:34:52
1049/580020/上港CWB1/1.579	68700	1.578	15300	1.576	2000	1.571	62900	1.568	50000	1.580	10800	1.590	30500	1.591	2200	1.599	15000	1.600	74548	/17368061//162850528/934536/1.579/1.75//2008-9-18 10:35:52
1049/580020/上港CWB1/1.588	18188	1.587	198700	1.586	444600	1.585	1070200	1.584	215500	1.593	19300	1.595	700	1.597	4800	1.598	14200	1.599	10000	/17368061//166054624/954700/1.588/1.75//2008-9-18 10:36:53
1049/580020/上港CWB1/1.590	14388	1.589	93400	1.588	2500	1.587	4600	1.586	132472	1.591	58200	1.592	14800	1.593	56700	1.595	89600	1.597	1800	/17368061//171146512/986697/1.591/1.75//2008-9-18 10:37:53
1049/580020/上港CWB1/1.590	57400	1.589	68701	1.588	20000	1.587	64200	1.586	131972	1.593	130000	1.595	20300	1.597	44600	1.598	121300	1.599	80400	/17368061//173064320/998749/1.593/1.75//2008-9-18 10:38:53
1049/580020/上港CWB1/1.579	3000	1.578	21600	1.577	1000	1.576	9100	1.575	84000	1.580	29800	1.583	144526	1.584	24000	1.585	389728	1.586	11600	/17368061//175634992/1014921/1.58/1.75//2008-9-18 10:39:54
1049/580020/上港CWB1/1.558	23300	1.551	600	1.547	800	1.543	53900	1.542	39800	1.560	991800	1.561	6900	1.562	2000	1.564	6100	1.565	294338	/17368061//177156464/1024637/1.56/1.75//2008-9-18 10:40:54
1049/580020/上港CWB1/1.550	48600	1.548	21000	1.547	3000	1.546	8900	1.545	19600	1.553	1426	1.555	105700	1.558	17400	1.559	45200	1.560	475800	/17368061//179498368/1039695/1.553/1.75//2008-9-18 10:41:54
1049/580020/上港CWB1/1.514	152102	1.513	50000	1.511	4500	1.510	21000	1.507	28000	1.520	3000	1.529	9000	1.530	197700	1.532	4400	1.533	191219	/17368061//180842016/1048423/1.514/1.75//2008-9-18 10:42:55
1049/580020/上港CWB1/1.482	34100	1.481	152100	1.480	65100	1.475	200	1.471	1700	1.493	333200	1.494	3000	1.495	11000	1.499	44300	1.500	373800	/17368061//183810880/1068137/1.493/1.75//2008-9-18 10:43:55
1049/580020/上港CWB1/1.483	10200	1.482	130600	1.481	651700	1.480	202900	1.475	3200	1.485	6200	1.486	13086	1.487	500	1.488	1056943	1.489	55700	/17368061//186543984/1086499/1.483/1.75//2008-9-18 10:44:56
1049/580020/上港CWB1/1.468	500	1.466	500	1.465	1000	1.461	38100	1.460	1500	1.470	5000	1.479	83500	1.480	981549	1.481	290798	1.482	488000	/17368061//189485760/1106373/1.47/1.75//2008-9-18 10:45:56
1049/580020/上港CWB1/1.450	4101	1.449	1000	1.440	1800	1.433	20000	1.424	9700	1.453	1600	1.455	63100	1.456	109000	1.457	3600	1.459	131200	/17368061//190806080/1115407/1.453/1.75//2008-9-18 10:46:56
1049/580020/上港CWB1/1.380	4600	1.373	500	1.352	1700	1.351	100000	1.350	9400	1.397	690200	1.400	180400	1.404	3900	1.407	9100	1.409	13450	/17368061//196537536/1156152/1.397/1.75//2008-9-18 10:47:57
1049/580020/上港CWB1/1.361	8410	1.360	297452	1.359	60500	1.358	19700	1.355	87400	1.388	36749	1.390	15800	1.395	1000	1.397	7300	1.400	121800	/17368061//202587696/1200363/1.37/1.75//2008-9-18 10:48:57
1049/580020/上港CWB1/1.385	1100	1.383	50000	1.382	17200	1.381	3900	1.380	50000	1.388	1800	1.390	10200	1.394	400	1.396	20000	1.398	26000	/17368061//207451680/1235650/1.388/1.75//2008-9-18 10:49:57
1049/580020/上港CWB1/1.432	500	1.430	303501	1.429	500000	1.420	9800	1.415	18215	1.437	26400	1.438	9200	1.440	126900	1.444	30000	1.445	2900	/17368061//212275280/1269721/1.437/1.75//2008-9-18 10:50:58
1049/580020/上港CWB1/1.429	26300	1.423	38600	1.420	18800	1.419	1800	1.418	50000	1.430	10000	1.432	175800	1.433	31000	1.435	19000	1.436	300	/17368061//218054176/1310007/1.432/1.75//2008-9-18 10:51:58
1049/580020/上港CWB1/1.419	235000	1.417	3300	1.416	19300	1.415	20000	1.410	26900	1.420	4900	1.423	1800	1.424	113100	1.425	55000	1.427	76300	/17368061//220384192/1326340/1.42/1.75//2008-9-18 10:52:58
1049/580020/上港CWB1/1.437	15100	1.435	41600	1.433	27500	1.432	100000	1.431	62700	1.438	182600	1.443	12400	1.444	200	1.445	2900	1.448	5800	/17368061//223583600/1348721/1.438/1.75//2008-9-18 10:53:59
1049/580020/上港CWB1/1.450	226000	1.449	34500	1.448	25000	1.446	238300	1.445	1000000	1.451	300	1.456	10000	1.457	131000	1.458	130000	1.459	38000	/17368061//228430192/1382240/1.451/1.75//2008-9-18 10:54:59
1049/580020/上港CWB1/1.437	4400	1.426	15000	1.425	50000	1.424	18300	1.423	148000	1.440	150900	1.442	41438	1.443	29200	1.444	107200	1.445	27700	/17368061//234488480/1424258/1.437/1.75//2008-9-18 10:56:0
1049/580020/上港CWB1/1.428	981	1.426	2500	1.425	67400	1.421	166800	1.420	60200	1.429	50500	1.430	10000	1.435	96900	1.437	5000	1.438	8300	/17368061//236577088/1438918/1.428/1.75//2008-9-18 10:57:0
1049/580020/上港CWB1/1.428	4700	1.427	218600	1.426	33462	1.425	26300	1.422	40800	1.430	59500	1.431	9700	1.433	6600	1.434	35000	1.435	12300	/17368061//238174736/1450117/1.43/1.75//2008-9-18 10:58:0
1049/580020/上港CWB1/1.440	730600	1.432	78100	1.431	25000	1.429	41800	1.428	28400	1.441	500	1.443	22000	1.445	5800	1.447	100	1.448	38900	/17368061//242611248/1481107/1.44/1.75//2008-9-18 10:59:1
1049/580020/上港CWB1/1.460	349800	1.459	18500	1.458	22000	1.455	137400	1.450	96763	1.477	1900	1.480	29400	1.481	16700	1.482	5700	1.485	500	/17368061//247735136/1553567/1.46/1.75//2008-9-18 11:0:1
1049/580020/上港CWB1/1.483	92600	1.482	33000	1.480	118100	1.479	48600	1.478	10000	1.485	512900	1.486	9900	1.488	500600	1.489	10380	1.490	180000	/17368061//252681872/1549924/1.483/1.75//2008-9-18 11:1:2
1049/580020/上港CWB1/1.453	53500	1.451	4000	1.450	114800	1.443	2300	1.442	65500	1.455	1500	1.456	1500	1.458	1000	1.460	470900	1.463	9900	/17368061//256542928/1582201/1.456/1.75//2008-9-18 11:2:2
1049/580020/上港CWB1/1.441	16500	1.440	3400	1.438	7000	1.435	13600	1.434	67500	1.445	82600	1.446	142000	1.447	109600	1.448	160100	1.449	23500	/17368061//259496448/1596624/1.445/1.75//2008-9-18 11:3:2
1049/580020/上港CWB1/1.450	402900	1.448	255100	1.447	646900	1.446	203200	1.445	171400	1.453	6300	1.456	5100	1.458	30000	1.459	201900	1.460	103900	/17368061//263780192/1626394/1.45/1.75//2008-9-18 11:4:3
1049/580020/上港CWB1/1.465	1700	1.458	100900	1.457	760400	1.456	159900	1.455	26100	1.466	69600	1.467	50000	1.468	87000	1.469	23500	1.470	30000	/17368061//268243504/1657018/1.458/1.75//2008-9-18 11:5:3
1049/580020/上港CWB1/1.457	21400	1.455	16900	1.452	36500	1.451	15100	1.450	279500	1.464	8900	1.465	40500	1.468	9000	1.469	24300	1.470	32200	/17368061//272574400/1686700/1.457/1.75//2008-9-18 11:6:4
1049/580020/上港CWB1/1.463	24200	1.462	6400	1.459	65800	1.458	5700	1.457	59000	1.464	75900	1.465	19900	1.468	63600	1.469	26300	1.470	57200	/17368061//274484736/1699796/1.462/1.75//2008-9-18 11:7:4
1049/580020/上港CWB1/1.463	72300	1.462	45000	1.461	10900	1.460	84100	1.459	40000	1.465	19919	1.466	65100	1.467	145000	1.468	57200	1.469	24700	/17368061//277264032/1718766/1.465/1.75//2008-9-18 11:8:4
1049/580020/上港CWB1/1.471	59900	1.470	79800	1.469	258400	1.468	246881	1.467	15400	1.474	5100	1.476	32800	1.477	3380	1.478	62200	1.479	62400	/17368061//279286944/1732538/1.47/1.75//2008-9-18 11:9:5
1049/580020/上港CWB1/1.472	67700	1.471	3000	1.470	1100	1.469	92500	1.468	144081	1.473	2138	1.474	110400	1.475	61538	1.476	201000	1.477	54080	/17368061//282541344/1754650/1.472/1.75//2008-9-18 11:10:5
1049/580020/上港CWB1/1.464	3600	1.463	3000	1.462	26400	1.461	3100	1.460	166100	1.465	33800	1.469	31800	1.470	255057	1.471	600	1.472	35100	/17368061//286355392/1780617/1.465/1.75//2008-9-18 11:11:6
1049/580020/上港CWB1/1.456	197700	1.454	5200	1.453	76100	1.452	10000	1.450	174000	1.460	14600	1.462	1300	1.463	11448	1.464	600	1.465	1200	/17368061//288710336/1796733/1.46/1.75//2008-9-18 11:12:6
1049/580020/上港CWB1/1.456	14200	1.455	3700	1.454	13600	1.453	3000	1.452	10000	1.463	145081	1.465	10000	1.466	2400	1.467	85900	1.468	47700	/17368061//291605248/1816540/1.456/1.75//2008-9-18 11:13:7
1049/580020/上港CWB1/1.448	6200	1.445	12600	1.444	1200	1.441	4200	1.440	21100	1.449	1600	1.450	174099	1.454	8000	1.455	229700	1.458	2000	/17368061//293770112/1831421/1.448/1.75//2008-9-18 11:14:7
1049/580020/上港CWB1/1.442	63900	1.441	300	1.440	198900	1.438	23200	1.435	500	1.444	125300	1.445	104700	1.446	249600	1.448	104600	1.450	13400	/17368061//297051904/1854137/1.444/1.75//2008-9-18 11:15:7
1049/580020/上港CWB1/1.455	424100	1.454	42500	1.453	37800	1.452	94800	1.451	338900	1.458	120900	1.459	323400	1.460	112399	1.463	40000	1.464	32000	/17368061//301616960/1885701/1.458/1.75//2008-9-18 11:16:8
1049/580020/上港CWB1/1.458	89000	1.457	100000	1.456	61200	1.455	36500	1.454	1000	1.460	1200	1.462	152800	1.463	69500	1.464	5900	1.465	64700	/17368061//306114016/1916483/1.46/1.75//2008-9-18 11:17:8
1049/580020/上港CWB1/1.450	78200	1.446	47000	1.445	10900	1.443	28200	1.442	29500	1.455	285000	1.456	61499	1.457	64300	1.458	19600	1.460	43800	/17368061//308832832/1935167/1.454/1.75//2008-9-18 11:18:9
1049/580020/上港CWB1/1.446	52700	1.445	7600	1.443	49400	1.442	30800	1.441	10100	1.449	15800	1.450	133600	1.451	900	1.454	4400	1.455	294100	/17368061//310577184/1947194/1.446/1.75//2008-9-18 11:19:9
1049/580020/上港CWB1/1.455	196400	1.454	7400	1.452	28400	1.451	115800	1.450	16900	1.456	39757	1.458	22200	1.460	61600	1.461	400	1.462	17000	/17368061//312413120/1959827/1.456/1.75//2008-9-18 11:20:10
1049/580020/上港CWB1/1.452	51200	1.451	25000	1.450	25000	1.449	1200	1.448	9000	1.455	91038	1.456	6200	1.458	42100	1.459	213600	1.460	170476	/17368061//313591840/1967915/1.455/1.75//2008-9-18 11:21:10
1049/580020/上港CWB1/1.453	182900	1.452	105005	1.451	120900	1.450	108700	1.449	51200	1.455	15000	1.458	63900	1.459	74700	1.460	279276	1.461	22000	/17368061//314269568/1972582/1.455/1.75//2008-9-18 11:22:10
1049/580020/上港CWB1/1.460	146824	1.459	48600	1.458	63900	1.456	16000	1.455	39400	1.462	36119	1.463	23900	1.464	1500	1.465	217700	1.466	15700	/17368061//315779744/1982936/1.46/1.75//2008-9-18 11:23:11
1049/580020/上港CWB1/1.456	26100	1.455	118100	1.454	108600	1.453	35100	1.452	122500	1.460	32600	1.461	68100	1.462	38095	1.463	25100	1.464	52700	/17368061//316776640/1989765/1.46/1.75//2008-9-18 11:24:11
1049/580020/上港CWB1/1.459	5200	1.458	204800	1.457	118900	1.456	218605	1.455	8600	1.460	16176	1.462	171795	1.463	38100	1.464	95900	1.465	72800	/17368061//318309248/2000271/1.461/1.75//2008-9-18 11:25:12
1049/580020/上港CWB1/1.456	153505	1.455	5600	1.454	4200	1.452	26100	1.451	6200	1.457	29352	1.458	100000	1.459	134800	1.460	258700	1.461	125000	/17368061//319961024/2011594/1.456/1.75//2008-9-18 11:26:12
1049/580020/上港CWB1/1.455	221000	1.452	200	1.450	211000	1.449	8500	1.448	19000	1.456	85100	1.457	49600	1.458	66100	1.459	81800	1.460	539019	/17368061//320972416/2018551/1.455/1.75//2008-9-18 11:27:13
1049/580020/上港CWB1/1.461	435300	1.460	806200	1.458	80000	1.457	14681	1.456	198100	1.462	74395	1.463	45751	1.464	37400	1.465	175300	1.466	44000	/17368061//323944704/2038949/1.461/1.75//2008-9-18 11:28:13
1049/580020/上港CWB1/1.458	10000	1.457	22481	1.456	2700	1.455	84200	1.454	50000	1.459	88300	1.460	44100	1.461	91700	1.462	147795	1.463	27200	/17368061//327228544/2061419/1.459/1.75//2008-9-18 11:29:14
1049/580020/上港CWB1/1.459	2100	1.458	87405	1.457	42500	1.456	39600	1.455	68500	1.460	55338	1.461	72900	1.462	47600	1.463	20600	1.464	28600	/17368061//328318048/2068892/1.46/1.75//2008-9-18 11:30:14
1049/580020/上港CWB1/1.459	2100	1.458	87405	1.457	42500	1.456	39600	1.455	68500	1.460	55338	1.461	72900	1.462	47600	1.463	20600	1.464	28600	/17368061//328318048/2068892/1.46/1.75//2008-9-18 11:31:15
1049/580020/上港CWB1/1.446	6715	1.445	43300	1.444	8200	1.443	110000	1.442	7800	1.447	61500	1.448	215800	1.450	237000	1.451	20000	1.453	13100	/17368061//329880544/2079622/1.447/1.75//2008-9-18 13:1:15
1049/580020/上港CWB1/1.455	498302	1.454	71400	1.453	160100	1.452	13200	1.451	205700	1.457	11157	1.458	12300	1.460	2500	1.461	19700	1.462	6600	/17368061//331136288/2088295/1.455/1.75//2008-9-18 13:2:16
1049/580020/上港CWB1/1.465	350900	1.464	3100	1.460	20100	1.457	6600	1.456	18100	1.467	40600	1.468	49738	1.469	78000	1.470	62657	1.471	3800	/17368061//332968704/2100815/1.467/1.75//2008-9-18 13:3:16
1049/580020/上港CWB1/1.461	7100	1.460	109700	1.459	116500	1.457	7600	1.455	31000	1.463	47000	1.464	186500	1.465	117519	1.466	13600	1.467	142298	/17368061//334014624/2107955/1.463/1.75//2008-9-18 13:4:17
1049/580020/上港CWB1/1.459	48600	1.457	7600	1.456	51400	1.455	31000	1.454	1000	1.460	46700	1.461	91300	1.462	81465	1.463	48490	1.464	101319	/17368061//334664512/2112404/1.46/1.75//2008-9-18 13:5:17
1049/580020/上港CWB1/1.465	11500	1.464	70800	1.463	105200	1.462	161600	1.461	144400	1.466	221893	1.467	140898	1.468	33538	1.469	51500	1.470	93807	/17368061//335664672/2119240/1.466/1.75//2008-9-18 13:6:18
1049/580020/上港CWB1/1.467	181302	1.466	46406	1.465	12000	1.464	73700	1.463	10300	1.468	185538	1.469	92100	1.470	117507	1.471	3800	1.472	30800	/17368061//338060768/2135597/1.467/1.75//2008-9-18 13:7:18
1049/580020/上港CWB1/1.467	50400	1.462	40887	1.461	132700	1.460	21400	1.458	3700	1.469	30000	1.470	66638	1.471	40900	1.472	30800	1.473	80400	/17368061//341165088/2156756/1.467/1.75//2008-9-18 13:8:19
1049/580020/上港CWB1/1.460	11500	1.458	57587	1.457	181300	1.456	67900	1.455	15000	1.462	98100	1.463	189937	1.464	56800	1.465	66700	1.466	363700	/17368061//343054560/2169663/1.462/1.75//2008-9-18 13:9:19
1049/580020/上港CWB1/1.447	9300	1.446	54100	1.445	31700	1.444	65100	1.443	110000	1.448	23800	1.452	127600	1.453	100	1.454	47500	1.455	30000	/17368061//344972096/2182851/1.449/1.75//2008-9-18 13:10:20
1049/580020/上港CWB1/1.458	5200	1.457	47960	1.456	21500	1.455	23900	1.454	48000	1.459	200	1.464	127100	1.465	33932	1.466	21300	1.467	81400	/17368061//346191008/2191233/1.457/1.75//2008-9-18 13:11:20
1049/580020/上港CWB1/1.465	143900	1.463	14546	1.462	7700	1.461	135100	1.460	83600	1.466	2200	1.468	112699	1.469	97800	1.470	279895	1.471	25100	/17368061//348039008/2257616/1.465/1.75//2008-9-18 13:12:21
1049/580020/上港CWB1/1.463	121500	1.462	64746	1.461	224300	1.460	709800	1.459	1000	1.464	50000	1.465	40800	1.466	21000	1.467	14300	1.468	54000	/17368061//349884064/2216477/1.463/1.75//2008-9-18 13:13:21
1049/580020/上港CWB1/1.472	221900	1.471	8600	1.470	95600	1.469	61526	1.468	37500	1.474	5895	1.475	100200	1.476	18500	1.477	2000	1.478	23000	/17368061//353181632/2238912/1.474/1.75//2008-9-18 13:14:22
1049/580020/上港CWB1/1.469	20100	1.468	58800	1.467	24000	1.466	218000	1.465	9200	1.470	100854	1.472	4800	1.475	66016	1.476	12900	1.478	164296	/17368061//356793984/2263450/1.47/1.75//2008-9-18 13:15:22
1049/580020/上港CWB1/1.480	26900	1.477	74000	1.476	94800	1.475	807905	1.474	33600	1.481	10000	1.482	900	1.484	500	1.485	16300	1.486	30600	/17368061//358980736/2278283/1.48/1.75//2008-9-18 13:16:23
1049/580020/上港CWB1/1.481	104900	1.480	88800	1.479	34800	1.478	200000	1.477	13500	1.482	6046	1.484	54500	1.485	69034	1.486	296800	1.487	100000	/17368061//361315232/2294039/1.482/1.75//2008-9-18 13:17:23
1049/580020/上港CWB1/1.475	39500	1.474	8500	1.473	134000	1.472	5000	1.471	100000	1.476	49220	1.477	1300	1.480	131170	1.481	363295	1.482	249200	/17368061//362667584/2303183/1.476/1.75//2008-9-18 13:18:24
1049/580020/上港CWB1/1.477	32400	1.476	27900	1.475	57900	1.474	21000	1.473	6100	1.480	32226	1.481	184185	1.482	175500	1.483	29600	1.484	14400	/17368061//364920192/2318421/1.477/1.75//2008-9-18 13:19:24
1049/580020/上港CWB1/1.476	78300	1.475	382000	1.474	228200	1.473	32900	1.472	30100	1.477	42000	1.478	32800	1.479	251200	1.480	471600	1.481	242185	/17368061//366231904/2327308/1.476/1.75//2008-9-18 13:20:25
1049/580020/上港CWB1/1.485	524000	1.484	1500	1.483	272409	1.482	75500	1.481	136800	1.486	357521	1.487	100000	1.488	158900	1.489	130800	1.490	38700	/17368061//370587328/2356709/1.485/1.75//2008-9-18 13:21:25
1049/580020/上港CWB1/1.497	105800	1.496	304900	1.495	9400	1.494	21600	1.493	41100	1.498	211421	1.499	41100	1.500	154009	1.501	3000	1.503	200	/17368061//373959392/2379336/1.497/1.75//2008-9-18 13:22:26
1049/580020/上港CWB1/1.507	16881	1.506	286600	1.505	451500	1.504	9000	1.503	311000	1.508	207600	1.511	16100	1.512	5000	1.513	80000	1.514	31300	/17368061//378234528/2407762/1.508/1.75//2008-9-18 13:23:26
1049/580020/上港CWB1/1.512	60800	1.511	2200	1.510	270200	1.509	35700	1.508	704390	1.514	100820	1.515	106800	1.516	58750	1.518	78230	1.519	30000	/17368061//384873312/2451723/1.512/1.75//2008-9-18 13:24:27
1049/580020/上港CWB1/1.507	18300	1.506	102100	1.505	18900	1.504	4200	1.503	196800	1.508	121600	1.510	205724	1.511	76600	1.512	343900	1.513	92000	/17368061//388662240/2476827/1.508/1.75//2008-9-18 13:25:27
1049/580020/上港CWB1/1.508	13600	1.507	7600	1.506	745400	1.504	30600	1.503	159101	1.510	200261	1.511	16800	1.512	31700	1.513	77700	1.514	6800	/17368061//392521088/2502430/1.51/1.75//2008-9-18 13:26:28
1049/580020/上港CWB1/1.509	92410	1.508	501200	1.507	455800	1.506	558700	1.505	18000	1.510	166900	1.511	59300	1.512	25161	1.513	30800	1.514	35800	/17368061//395947008/2525145/1.51/1.75//2008-9-18 13:27:28
1049/580020/上港CWB1/1.508	17700	1.507	37400	1.506	403300	1.505	37300	1.504	5400	1.510	28900	1.511	337350	1.512	39300	1.513	127461	1.514	32200	/17368061//399187680/2546613/1.508/1.75//2008-9-18 13:28:29
1049/580020/上港CWB1/1.507	69100	1.506	1350000	1.505	67100	1.504	9000	1.503	186500	1.508	240500	1.510	51000	1.511	184670	1.512	45300	1.513	172261	/17368061//401923200/2564740/1.508/1.75//2008-9-18 13:29:29
1049/580020/上港CWB1/1.509	3100	1.508	56901	1.507	338400	1.506	1042300	1.505	74500	1.513	10781	1.514	32400	1.515	55400	1.516	11800	1.517	10000	/17368061//406342080/2594004/1.513/1.75//2008-9-18 13:30:30
1049/580020/上港CWB1/1.516	86400	1.515	3200	1.514	34200	1.513	129519	1.512	60300	1.517	61200	1.518	164500	1.519	3368	1.520	119360	1.521	8180	/17368061//408057920/2605336/1.516/1.75//2008-9-18 13:31:30
1049/580020/上港CWB1/1.525	3800	1.524	122100	1.523	384000	1.522	165800	1.521	196500	1.527	13291	1.528	126580	1.529	21900	1.530	109000	1.533	2400	/17368061//413207168/2639131/1.527/1.75//2008-9-18 13:32:31
1049/580020/上港CWB1/1.536	21500	1.535	182800	1.534	72900	1.533	287300	1.532	84781	1.537	12100	1.538	98300	1.540	4000	1.542	10000	1.543	8900	/17368061//415619936/2654899/1.536/1.75//2008-9-18 13:33:31
1049/580020/上港CWB1/1.543	161000	1.542	84300	1.541	42600	1.540	280800	1.539	262200	1.545	23400	1.547	10000	1.548	38800	1.549	12000	1.550	145900	/17368061//417231840/2665369/1.545/1.75//2008-9-18 13:34:32
1049/580020/上港CWB1/1.559	11000	1.558	700	1.557	72500	1.556	251000	1.555	435990	1.560	98000	1.561	62400	1.564	2300	1.565	21900	1.566	43500	/17368061//420763424/2688139/1.56/1.75//2008-9-18 13:35:32
1049/580020/上港CWB1/1.560	292400	1.559	202600	1.558	78900	1.557	23433	1.556	143800	1.565	51000	1.567	85400	1.568	378000	1.569	31300	1.570	52700	/17368061//425198208/2716513/1.565/1.75//2008-9-18 13:36:33
1049/580020/上港CWB1/1.549	26000	1.545	2400	1.544	3000	1.543	52600	1.542	23000	1.554	10500	1.555	347219	1.556	17400	1.557	20000	1.558	144000	/17368061//430578624/2750987/1.549/1.75//2008-9-18 13:37:34
1049/580020/上港CWB1/1.537	26400	1.536	7000	1.535	7700	1.534	7600	1.533	8500	1.538	700	1.539	30400	1.540	191230	1.541	183700	1.542	100	/17368061//433094560/2767304/1.538/1.75//2008-9-18 13:38:34
1049/580020/上港CWB1/1.528	57400	1.526	93500	1.525	342400	1.524	8600	1.523	500	1.530	149491	1.531	2000	1.532	195900	1.533	235089	1.534	113700	/17368061//435408416/2782401/1.53/1.75//2008-9-18 13:39:35
1049/580020/上港CWB1/1.545	79540	1.543	105600	1.542	21800	1.541	51200	1.540	32700	1.548	40000	1.549	70700	1.550	95500	1.551	10000	1.552	7000	/17368061//439454112/2808725/1.545/1.75//2008-9-18 13:40:35
1049/580020/上港CWB1/1.554	800	1.553	9000	1.552	144300	1.551	147700	1.550	292773	1.555	39900	1.556	104100	1.557	45000	1.558	44900	1.559	106000	/17368061//442053568/2825492/1.555/1.75//2008-9-18 13:41:36
1049/580020/上港CWB1/1.563	121800	1.562	9600	1.561	45000	1.560	239200	1.559	155500	1.566	52633	1.567	82190	1.568	29200	1.569	5000	1.570	309200	/17368061//445465472/2847397/1.563/1.75//2008-9-18 13:42:36
1049/580020/上港CWB1/1.570	143900	1.569	33000	1.568	279401	1.567	105000	1.566	61400	1.573	2310	1.574	112000	1.576	33800	1.577	8500	1.578	28300	/17368061//450466752/2879363/1.57/1.75//2008-9-18 13:43:37
1049/580020/上港CWB1/1.578	303590	1.577	64400	1.576	763400	1.575	54800	1.574	111000	1.579	103700	1.580	82900	1.583	64900	1.584	1600	1.585	55600	/17368061//454022592/2901900/1.579/1.75//2008-9-18 13:44:37
1049/580020/上港CWB1/1.586	6700	1.583	287743	1.582	236200	1.581	241300	1.580	381601	1.587	36700	1.588	76701	1.589	5200	1.590	161800	1.591	31900	/17368061//459173120/2934426/1.587/1.75//2008-9-18 13:45:38
1049/580020/上港CWB1/1.584	200700	1.583	274700	1.582	217100	1.581	106900	1.580	337300	1.585	45500	1.586	20300	1.587	353500	1.588	104099	1.589	269301	/17368061//465241472/2972719/1.584/1.75//2008-9-18 13:46:39
1049/580020/上港CWB1/1.581	117500	1.580	309300	1.579	48800	1.578	22000	1.577	19100	1.583	238100	1.584	824957	1.585	262450	1.586	31400	1.587	266300	/17368061//470447456/3005566/1.583/1.75//2008-9-18 13:47:39
1049/580020/上港CWB1/1.571	116400	1.570	34500	1.566	5000	1.565	55300	1.562	68800	1.573	132300	1.579	73400	1.580	68400	1.581	88890	1.582	221799	/17368061//474477248/3031092/1.573/1.75//2008-9-18 13:48:40
1049/580020/上港CWB1/1.568	53500	1.567	27800	1.566	139300	1.565	80600	1.562	45200	1.570	128400	1.571	90200	1.572	82320	1.573	80000	1.574	341600	/17368061//476538656/3044215/1.57/1.75//2008-9-18 13:49:40
1049/580020/上港CWB1/1.561	158710	1.560	1080800	1.557	2000	1.556	2600	1.555	5000	1.562	17700	1.563	5000	1.564	20600	1.565	131500	1.566	68800	/17368061//480611264/3070234/1.561/1.75//2008-9-18 13:50:41
1049/580020/上港CWB1/1.548	7300	1.547	25900	1.546	3000	1.545	14000	1.544	1000	1.550	5290	1.551	28040	1.552	206200	1.553	10000	1.555	20400	/17368061//483451552/3088461/1.55/1.75//2008-9-18 13:51:41
1049/580020/上港CWB1/1.538	176100	1.537	15000	1.536	329400	1.535	308800	1.534	50000	1.539	4300	1.540	542100	1.541	172200	1.542	121300	1.543	5600	/17368061//485805888/3103733/1.539/1.75//2008-9-18 13:52:42
1049/580020/上港CWB1/1.542	509600	1.541	214100	1.540	539800	1.539	94300	1.538	87000	1.544	198300	1.545	66029	1.548	37599	1.550	67700	1.551	60700	/17368061//489626368/3128522/1.542/1.75//2008-9-18 13:53:42
1049/580020/上港CWB1/1.545	132700	1.544	77810	1.543	208900	1.542	148800	1.541	157700	1.546	32100	1.547	118200	1.548	90200	1.549	11600	1.550	100	/17368061//492782176/3148964/1.545/1.75//2008-9-18 13:54:43
1049/580020/上港CWB1/1.545	253700	1.544	84200	1.543	109170	1.542	66200	1.541	176500	1.546	72300	1.547	94100	1.548	55000	1.549	15200	1.550	73200	/17368061//495117216/3182197/1.545/1.75//2008-9-18 13:55:44
1049/580020/上港CWB1/1.549	49500	1.548	192200	1.547	119100	1.546	78805	1.545	393100	1.550	700	1.551	18000	1.552	12500	1.554	7200	1.555	11800	/17368061//496868096/3175392/1.551/1.75//2008-9-18 13:56:44
1049/580020/上港CWB1/1.552	149900	1.551	116000	1.550	336200	1.549	184400	1.548	311700	1.554	93029	1.555	148599	1.556	32300	1.557	76300	1.558	34700	/17368061//498587104/3186462/1.554/1.75//2008-9-18 13:57:45
1049/580020/上港CWB1/1.554	76700	1.553	4400	1.552	59100	1.551	131600	1.550	230181	1.556	24600	1.559	3800	1.560	31000	1.561	11000	1.562	85000	/17368061//501189504/3203198/1.555/1.75//2008-9-18 13:58:45
1049/580020/上港CWB1/1.555	3500	1.553	28400	1.552	17000	1.551	116900	1.550	219281	1.556	56600	1.557	77328	1.558	16500	1.559	347700	1.560	200600	/17368061//502999392/3214828/1.556/1.75//2008-9-18 13:59:46
1049/580020/上港CWB1/1.551	59653	1.550	230981	1.549	57800	1.548	32500	1.547	2100	1.556	22400	1.557	222100	1.558	140800	1.559	90100	1.560	168900	/17368061//504543104/3224752/1.556/1.75//2008-9-18 14:0:47
1049/580020/上港CWB1/1.535	94600	1.533	19000	1.532	14600	1.531	1000	1.530	88100	1.540	206000	1.543	10000	1.544	100	1.545	495900	1.546	46500	/17368061//507224480/3242087/1.54/1.75//2008-9-18 14:1:47
1049/580020/上港CWB1/1.526	125070	1.524	2000	1.523	20000	1.522	100	1.520	50900	1.529	5100	1.530	24800	1.531	12500	1.533	10000	1.535	16600	/17368061//511321376/3268821/1.526/1.75//2008-9-18 14:2:48
1049/580020/上港CWB1/1.542	54500	1.541	154500	1.540	435800	1.538	346900	1.536	220500	1.545	147600	1.549	1409	1.550	10000	1.551	500	1.554	9000	/17368061//514530784/3289755/1.542/1.75//2008-9-18 14:3:48
1049/580020/上港CWB1/1.541	270000	1.539	16700	1.536	18300	1.535	54900	1.533	3700	1.543	15500	1.544	274796	1.545	17500	1.546	39200	1.547	100	/17368061//517815232/3311014/1.543/1.75//2008-9-18 14:4:49
1049/580020/上港CWB1/1.552	112000	1.551	294800	1.550	937900	1.549	95700	1.548	79700	1.553	47619	1.555	107420	1.556	26500	1.557	31300	1.558	75600	/17368061//521618208/3335576/1.553/1.75//2008-9-18 14:5:50
1049/580020/上港CWB1/1.564	29600	1.563	83900	1.562	266100	1.561	130000	1.560	49200	1.565	82900	1.566	52000	1.567	22800	1.568	7100	1.569	26300	/17368061//524586528/3354632/1.565/1.75//2008-9-18 14:6:50
1049/580020/上港CWB1/1.569	9500	1.568	389000	1.567	112400	1.566	483200	1.565	47000	1.570	5800	1.571	39729	1.572	57820	1.573	8600	1.574	7500	/17368061//527930656/3375985/1.568/1.75//2008-9-18 14:7:51
1049/580020/上港CWB1/1.581	103500	1.580	379500	1.579	274300	1.578	504600	1.577	452061	1.582	16400	1.583	47500	1.584	263000	1.585	26600	1.586	32700	/17368061//533148672/3409077/1.581/1.75//2008-9-18 14:8:51
1049/580020/上港CWB1/1.585	69100	1.584	403800	1.583	525900	1.582	1180200	1.581	188861	1.586	72200	1.587	134200	1.588	347900	1.589	42000	1.590	156550	/17368061//535676288/3425046/1.585/1.75//2008-9-18 14:9:52
1049/580020/上港CWB1/1.583	154200	1.582	762100	1.581	68200	1.580	592400	1.579	152700	1.585	893387	1.586	7800	1.587	331100	1.588	103100	1.589	55400	/17368061//541169984/3459687/1.585/1.75//2008-9-18 14:10:53
1049/580020/上港CWB1/1.572	1600	1.571	142000	1.570	68500	1.568	3500	1.567	20700	1.575	700	1.577	11300	1.578	19610	1.579	54400	1.580	397200	/17368061//545899072/3498787/1.575/1.75//2008-9-18 14:11:53
1049/580020/上港CWB1/1.579	61771	1.578	215500	1.577	137600	1.576	208300	1.575	490600	1.580	65500	1.581	163000	1.582	33400	1.583	117100	1.584	273400	/17368061//547867584/3502061/1.58/1.75//2008-9-18 14:12:54
1049/580020/上港CWB1/1.579	130000	1.578	134600	1.577	111200	1.576	77500	1.575	280800	1.580	12700	1.581	119100	1.582	100300	1.583	13600	1.584	221900	/17368061//552506304/3531418/1.58/1.75//2008-9-18 14:13:55
1049/580020/上港CWB1/1.575	2700	1.573	19400	1.572	19700	1.571	80990	1.570	172100	1.576	13000	1.577	21300	1.578	39300	1.580	244300	1.581	10200	/17368061//555773440/3552315/1.576/1.75//2008-9-18 14:14:55
1049/580020/上港CWB1/1.590	216949	1.589	3200	1.588	310000	1.587	66600	1.586	330100	1.596	27200	1.597	3500	1.598	100400	1.599	124499	1.600	333829	/17368061//559732736/3577130/1.59/1.75//2008-9-18 14:15:56
1049/580020/上港CWB1/1.600	536507	1.599	2000	1.598	32700	1.597	194600	1.596	34300	1.602	57900	1.605	3538	1.607	1000	1.608	17000	1.609	10500	/17368061//564325376/3605889/1.6/1.75//2008-9-18 14:16:56
1049/580020/上港CWB1/1.608	591600	1.607	47300	1.606	486500	1.605	263200	1.604	55600	1.610	47310	1.611	10000	1.612	1000	1.613	4800	1.615	20800	/17368061//570884288/3646796/1.61/1.75//2008-9-18 14:17:57
1049/580020/上港CWB1/1.627	5700	1.626	7100	1.625	35200	1.624	160200	1.623	200000	1.628	5000	1.629	4400	1.630	286300	1.632	900	1.633	10000	/17368061//574868032/3886530/1.627/1.75//2008-9-18 14:18:58
1049/580020/上港CWB1/1.639	43300	1.638	356890	1.637	188200	1.636	430700	1.635	650700	1.640	19700	1.642	2000	1.643	17000	1.644	18500	1.645	53400	/17368061//579087168/3697223/1.64/1.75//2008-9-18 14:19:58
1049/580020/上港CWB1/1.655	5000	1.654	8400	1.652	312900	1.651	254100	1.650	484201	1.656	90600	1.658	13900	1.660	96800	1.661	2000	1.664	10000	/17368061//584415936/3729520/1.658/1.75//2008-9-18 14:20:59
1049/580020/上港CWB1/1.670	200	1.669	114500	1.668	3900	1.666	35000	1.665	105890	1.671	2000	1.672	400	1.673	6800	1.674	13400	1.675	200	/17368061//587725376/3749438/1.67/1.75//2008-9-18 14:22:0
1049/580020/上港CWB1/1.675	110400	1.673	24300	1.672	29000	1.670	64400	1.669	5100	1.678	129327	1.679	5100	1.680	182163	1.682	50000	1.684	1000	/17368061//595376128/3795187/1.678/1.75//2008-9-18 14:23:0
1049/580020/上港CWB1/1.660	252950	1.659	44500	1.658	86600	1.656	60700	1.655	48900	1.664	15000	1.665	165800	1.666	60801	1.667	4100	1.668	21200	/17368061//600966848/3828674/1.66/1.75//2008-9-18 14:24:1
1049/580020/上港CWB1/1.643	23000	1.642	30000	1.641	17200	1.640	24000	1.638	54790	1.645	499000	1.647	18600	1.650	110150	1.651	598500	1.652	5800	/17368061//603466752/3843785/1.645/1.75//2008-9-18 14:25:2
1049/580020/上港CWB1/1.626	10700	1.625	11700	1.624	24300	1.623	45800	1.621	300	1.628	51700	1.629	153200	1.630	590700	1.631	327800	1.632	21700	/17368061//606422592/3861843/1.628/1.75//2008-9-18 14:26:2
1049/580020/上港CWB1/1.606	5000	1.605	203600	1.604	300	1.603	20000	1.602	82000	1.610	122000	1.611	2000	1.612	46000	1.614	37100	1.615	102500	/17368061//608795136/3876518/1.61/1.75//2008-9-18 14:27:3
1049/580020/上港CWB1/1.607	49100	1.606	114000	1.605	169400	1.604	4600	1.603	20000	1.613	231400	1.614	19700	1.615	117900	1.616	291100	1.617	3000	/17368061//613939520/3908460/1.613/1.75//2008-9-18 14:28:4
1049/580020/上港CWB1/1.617	62799	1.615	6400	1.614	38000	1.613	22700	1.612	109900	1.618	92000	1.620	100400	1.622	10000	1.625	31100	1.626	16000	/17368061//618624192/3937485/1.617/1.75//2008-9-18 14:29:4
1049/580020/上港CWB1/1.615	6000	1.614	31100	1.613	11000	1.612	85000	1.611	6900	1.616	17000	1.617	7600	1.619	17201	1.620	111900	1.622	11000	/17368061//621564032/3955678/1.615/1.75//2008-9-18 14:30:5
1049/580020/上港CWB1/1.612	64200	1.611	10000	1.610	27000	1.609	46600	1.607	63900	1.613	55000	1.614	14100	1.615	129300	1.616	3000	1.617	63100	/17368061//625709952/3981403/1.612/1.75//2008-9-18 14:31:6
1049/580020/上港CWB1/1.618	46300	1.617	34000	1.616	123800	1.615	40300	1.613	36900	1.625	5800	1.626	16000	1.628	28000	1.629	14100	1.630	103900	/17368061//628211968/3996885/1.625/1.75//2008-9-18 14:32:6
1049/580020/上港CWB1/1.622	138200	1.621	49000	1.620	244600	1.619	245600	1.618	47400	1.624	27901	1.625	50000	1.626	100000	1.627	17000	1.628	52800	/17368061//629985600/4007804/1.624/1.75//2008-9-18 14:33:7
1049/580020/上港CWB1/1.636	30000	1.635	161400	1.634	77600	1.633	106200	1.632	90700	1.637	50000	1.643	17389	1.645	14300	1.647	2600	1.648	3000	/17368061//633083520/4026827/1.635/1.75//2008-9-18 14:34:8
1049/580020/上港CWB1/1.642	6000	1.641	9100	1.640	210800	1.638	65011	1.637	329800	1.643	37400	1.644	83089	1.645	162200	1.646	70000	1.647	2600	/17368061//636353024/4046763/1.642/1.75//2008-9-18 14:35:8
1049/580020/上港CWB1/1.618	7400	1.617	10700	1.616	11800	1.615	15100	1.614	4300	1.628	83700	1.629	10300	1.630	92589	1.633	1000	1.634	84200	/17368061//641840768/4080274/1.628/1.75//2008-9-18 14:36:9
1049/580020/上港CWB1/1.616	11700	1.615	5000	1.613	132311	1.612	1000	1.611	30600	1.618	19500	1.620	431800	1.621	87600	1.622	26600	1.624	29800	/17368061//644144896/4094488/1.618/1.75//2008-9-18 14:37:10
1049/580020/上港CWB1/1.614	30889	1.613	116600	1.612	51200	1.611	96600	1.610	209100	1.619	180600	1.620	328913	1.621	15300	1.622	21600	1.624	19700	/17368061//647682176/4116382/1.614/1.75//2008-9-18 14:38:10
1049/580020/上港CWB1/1.606	14500	1.605	330500	1.604	300	1.603	10000	1.602	15400	1.607	45600	1.609	15000	1.610	128500	1.611	81200	1.612	32200	/17368061//651341184/4139098/1.606/1.75//2008-9-18 14:39:11
1049/580020/上港CWB1/1.621	56100	1.620	504800	1.619	79600	1.618	302700	1.617	111200	1.622	11800	1.624	12000	1.625	16300	1.626	5000	1.627	30820	/17368061//657266688/4175824/1.621/1.75//2008-9-18 14:40:12
1049/580020/上港CWB1/1.620	6900	1.618	5000	1.617	300	1.616	82189	1.615	46300	1.621	26600	1.625	48000	1.626	168900	1.627	24800	1.628	79588	/17368061//661872512/4204147/1.62/1.75//2008-9-18 14:41:12
1049/580020/上港CWB1/1.619	158005	1.618	149100	1.617	32400	1.616	13000	1.614	9000	1.620	40388	1.621	1000	1.623	76995	1.624	22100	1.625	112400	/17368061//664317760/4219218/1.62/1.75//2008-9-18 14:42:13
1049/580020/上港CWB1/1.615	28100	1.614	34170	1.612	25000	1.611	97300	1.610	122800	1.616	19500	1.617	3400	1.618	43400	1.619	87900	1.620	195200	/17368061//666592704/4233291/1.616/1.75//2008-9-18 14:43:14
1049/580020/上港CWB1/1.617	19700	1.616	208400	1.615	87500	1.614	41870	1.613	118300	1.620	133600	1.621	1900	1.622	16300	1.624	2400	1.625	62900	/17368061//668588288/4245628/1.62/1.75//2008-9-18 14:44:14
1049/580020/上港CWB1/1.613	4728	1.612	50600	1.611	31700	1.610	77400	1.609	17500	1.619	47900	1.620	126100	1.621	67100	1.622	89600	1.624	12800	/17368061//672233408/4268158/1.619/1.75//2008-9-18 14:45:15
1049/580020/上港CWB1/1.595	7000	1.590	5000	1.589	10000	1.588	1000	1.586	25000	1.596	35200	1.597	37983	1.600	268472	1.603	2800	1.605	522300	/17368061//673822784/4278048/1.596/1.75//2008-9-18 14:46:16
1049/580020/上港CWB1/1.546	164800	1.541	328	1.540	50300	1.537	43600	1.533	21100	1.550	10383	1.551	146800	1.552	22500	1.554	100	1.558	18100	/17368061//676138240/4292858/1.55/1.75//2008-9-18 14:47:16
1049/580020/上港CWB1/1.543	8800	1.540	188335	1.539	2700	1.538	5000	1.537	7300	1.544	18500	1.545	9400	1.546	98300	1.547	19200	1.548	15900	/17368061//679755584/4316294/1.543/1.75//2008-9-18 14:48:17
1049/580020/上港CWB1/1.549	17200	1.548	27700	1.547	16800	1.546	346200	1.545	23400	1.550	29100	1.551	120608	1.552	50000	1.553	48800	1.554	88500	/17368061//684465280/4346718/1.549/1.75//2008-9-18 14:49:18
1049/580020/上港CWB1/1.549	38200	1.548	13200	1.547	169100	1.546	20900	1.545	104900	1.550	33700	1.551	87584	1.552	45600	1.553	30000	1.555	9800	/17368061//688280192/4371375/1.55/1.75//2008-9-18 14:50:18
1049/580020/上港CWB1/1.570	1400	1.568	5600	1.566	76700	1.565	29200	1.564	111000	1.572	6400	1.573	66200	1.574	100000	1.575	25500	1.578	107600	/17368061//690292160/4384269/1.57/1.75//2008-9-18 14:51:19
1049/580020/上港CWB1/1.571	93250	1.570	12800	1.568	186100	1.567	7300	1.566	14800	1.572	1700	1.573	25200	1.575	1900	1.578	107600	1.579	21600	/17368061//693005632/4401544/1.572/1.75//2008-9-18 14:52:20
1049/580020/上港CWB1/1.585	2000	1.583	57440	1.582	2900	1.581	27000	1.580	620100	1.587	28800	1.588	110000	1.589	22600	1.590	48000	1.593	13600	/17368061//696300224/4422388/1.587/1.75//2008-9-18 14:53:21
1049/580020/上港CWB1/1.592	16900	1.591	162800	1.590	353100	1.589	126100	1.588	355100	1.595	58100	1.597	25500	1.598	160	1.599	75300	1.600	329300	/17368061//698857280/4438467/1.592/1.75//2008-9-18 14:54:21
1049/580020/上港CWB1/1.593	7800	1.592	232300	1.591	75700	1.590	303600	1.589	9300	1.594	24500	1.595	102200	1.596	51900	1.598	43000	1.599	105000	/17368061//701499648/4455027/1.592/1.75//2008-9-18 14:55:22
1049/580020/上港CWB1/1.580	30105	1.579	5000	1.578	5000	1.575	5000	1.573	8000	1.586	2750	1.588	34800	1.589	72400	1.590	894995	1.591	65600	/17368061//704366336/4473069/1.586/1.75//2008-9-18 14:56:23
1049/580020/上港CWB1/1.582	286000	1.581	163500	1.580	54205	1.579	57000	1.578	15700	1.585	34400	1.586	51100	1.587	178533	1.588	229700	1.589	105800	/17368061//708117952/4496744/1.585/1.75//2008-9-18 14:57:23
1049/580020/上港CWB1/1.581	700	1.580	161105	1.579	8900	1.578	35700	1.576	20000	1.582	19800	1.583	28000	1.584	63100	1.585	115000	1.586	75495	/17368061//711725376/4519533/1.581/1.75//2008-9-18 14:58:24
1049/580020/上港CWB1/1.582	21301	1.581	176200	1.580	209905	1.579	249700	1.578	67500	1.583	19000	1.584	94000	1.585	184800	1.586	69195	1.587	62857	/17368061//713817728/4532755/1.582/1.75//2008-9-18 14:59:25
1049/580020/上港CWB1/1.571	85600	1.570	188800	1.569	6000	1.568	10400	1.567	105600	1.575	182400	1.578	133900	1.579	181500	1.580	468100	1.581	108800	/17368061//717094336/4553494/1.58/1.75//2008-9-18 15:0:26
1049/580020/上港CWB1/1.571	85600	1.570	188800	1.569	6000	1.568	10400	1.567	105600	1.575	182400	1.578	133900	1.579	181500	1.580	468100	1.581	108800	/17368061//717094336/4553494/1.58/1.75//2008-9-18 15:1:26
1049/580020/上港CWB1/1.571	85600	1.570	188800	1.569	6000	1.568	10400	1.567	105600	1.575	182400	1.578	133900	1.579	181500	1.580	468100	1.581	108800	/17368061//717094336/4553494/1.58/1.75//2008-9-18 15:2:27
