2106/580025/葛洲CWB1/1.982	173500	1.981	173800	1.980	11100	1.979	1500	1.978	33500	1.984	90700	1.985	32000	1.986	5700	1.987	68000	1.988	106000	/17368066//7828361/39619/1.982/2.029//2008-9-18 9:31:34
2106/580025/葛洲CWB1/1.993	3000	1.987	198800	1.986	163300	1.985	463400	1.984	92900	1.995	100	1.997	5000	1.998	71600	1.999	149430	2.000	74300	/17368066//10655486/53831/1.987/2.029//2008-9-18 9:32:35
2106/580025/葛洲CWB1/1.999	85000	1.998	130570	1.997	312700	1.996	69300	1.995	127400	2.000	42200	2.002	2700	2.005	10800	2.006	50000	2.008	1600	/17368066//14391245/72541/2.0/2.029//2008-9-18 9:33:35
2106/580025/葛洲CWB1/2.001	5500	2.000	56800	1.999	120200	1.998	90970	1.997	146000	2.002	21300	2.003	155900	2.004	5400	2.005	20000	2.006	44200	/17368066//18828400/94717/2.002/2.029//2008-9-18 9:34:35
2106/580025/葛洲CWB1/1.990	8500	1.988	1000	1.986	50800	1.985	120000	1.984	50500	1.993	4600	1.994	14600	1.995	81900	1.996	38000	1.997	396600	/17368066//22134506/111267/1.99/2.029//2008-9-18 9:35:35
2106/580025/葛洲CWB1/1.990	462100	1.989	25600	1.988	54700	1.987	75500	1.986	12300	1.995	145600	1.996	125200	1.997	211600	1.998	2500	1.999	111800	/17368066//24459432/128106/1.99/2.029//2008-9-18 9:36:36
2106/580025/葛洲CWB1/1.991	238300	1.990	51200	1.989	15000	1.988	51300	1.987	18000	1.992	159551	1.995	121500	1.996	76200	1.997	175200	1.998	21400	/17368066//26657236/133988/1.992/2.029//2008-9-18 9:37:36
2106/580025/葛洲CWB1/1.991	15700	1.990	8800	1.989	58900	1.988	49900	1.987	5200	1.992	138600	1.993	2000	1.994	28300	1.995	27151	1.996	127000	/17368066//30820324/154878/1.992/2.029//2008-9-18 9:38:36
2106/580025/葛洲CWB1/1.997	59400	1.996	3300	1.995	9800	1.994	95700	1.993	99900	1.998	13000	2.000	54100	2.001	5000	2.002	11100	2.003	27700	/17368066//33800012/169809/1.997/2.029//2008-9-18 9:39:36
2106/580025/葛洲CWB1/2.012	100	2.010	32500	2.008	148700	2.007	9000	2.006	117500	2.013	188900	2.014	278800	2.015	169917	2.017	163000	2.018	141351	/17368066//36590692/183702/2.013/2.029//2008-9-18 9:40:36
2106/580025/葛洲CWB1/2.006	16200	2.005	23900	2.003	30000	2.002	9400	2.001	59500	2.008	20100	2.010	268599	2.011	152600	2.012	498534	2.013	128417	/17368066//40520428/203245/2.008/2.029//2008-9-18 9:41:37
2106/580025/葛洲CWB1/2.007	116200	2.006	99700	2.005	112800	2.004	142800	2.003	34600	2.009	111700	2.010	86200	2.011	128516	2.012	451400	2.013	195499	/17368066//43593164/218558/2.007/2.029//2008-9-18 9:42:37
2106/580025/葛洲CWB1/2.008	49983	2.007	324600	2.006	108300	2.005	79000	2.004	70300	2.009	42000	2.010	127917	2.011	131699	2.012	328400	2.013	208399	/17368066//46088316/230988/2.008/2.029//2008-9-18 9:43:37
2106/580025/葛洲CWB1/2.010	11000	2.009	23500	2.008	616300	2.007	339500	2.006	61300	2.011	165600	2.012	323500	2.013	208399	2.014	1000	2.015	100400	/17368066//48749552/244231/2.01/2.029//2008-9-18 9:44:37
2106/580025/葛洲CWB1/2.006	93301	2.005	30646	2.004	71300	2.003	3500	2.002	80100	2.007	220600	2.009	54600	2.010	238200	2.011	248600	2.012	332300	/17368066//52719832/263995/2.007/2.029//2008-9-18 9:45:37
2106/580025/葛洲CWB1/2.007	173800	2.006	83700	2.005	97700	2.004	46047	2.003	3600	2.008	74200	2.009	255430	2.010	117400	2.011	230700	2.012	332300	/17368066//54690000/273816/2.007/2.029//2008-9-18 9:46:38
2106/580025/葛洲CWB1/2.011	119400	2.010	446900	2.009	188000	2.008	432166	2.007	954300	2.012	264817	2.013	21900	2.014	1000	2.015	310300	2.016	17500	/17368066//58515652/292858/2.011/2.029//2008-9-18 9:47:38
2106/580025/葛洲CWB1/2.008	58600	2.007	914000	2.006	10700	2.005	59300	2.004	64047	2.010	144500	2.012	81000	2.013	114050	2.014	71500	2.015	66500	/17368066//63460712/317435/2.008/2.029//2008-9-18 9:48:38
2106/580025/葛洲CWB1/2.014	9200	2.012	6200	2.011	77949	2.010	157900	2.009	67200	2.015	168400	2.016	69200	2.017	153700	2.018	67620	2.020	56700	/17368066//66648492/333290/2.014/2.029//2008-9-18 9:49:39
2106/580025/葛洲CWB1/2.007	350749	2.006	248500	2.005	84300	2.004	64047	2.003	6500	2.008	123600	2.009	78400	2.010	375700	2.011	39500	2.012	115000	/17368066//71007080/354979/2.008/2.029//2008-9-18 9:50:39
2106/580025/葛洲CWB1/2.001	233700	2.000	333200	1.998	10300	1.997	5000	1.996	23100	2.002	4100	2.003	90500	2.004	118704	2.005	123240	2.006	30700	/17368066//74379608/371801/2.001/2.029//2008-9-18 9:51:39
2106/580025/葛洲CWB1/1.988	49600	1.987	4200	1.986	15000	1.985	120300	1.984	38300	1.990	9451	1.991	8430	1.992	41350	1.993	34100	1.994	42304	/17368066//76773088/383788/1.988/2.029//2008-9-18 9:52:39
2106/580025/葛洲CWB1/1.984	108000	1.981	164200	1.980	52809	1.979	3000	1.978	23600	1.985	4300	1.987	128470	1.988	112204	1.989	4900	1.990	310900	/17368066//78426416/392115/1.981/2.029//2008-9-18 9:53:40
2106/580025/葛洲CWB1/1.986	108000	1.985	1200	1.984	48700	1.983	110200	1.982	100700	1.987	22470	1.988	76400	1.990	307600	1.991	22230	1.992	14000	/17368066//80000016/400040/1.987/2.029//2008-9-18 9:54:40
2106/580025/葛洲CWB1/1.980	137939	1.979	3000	1.978	29600	1.977	3000	1.976	5500	1.982	15000	1.983	100000	1.984	235700	1.985	30000	1.986	141000	/17368066//83554440/417938/1.98/2.029//2008-9-18 9:55:40
2106/580025/葛洲CWB1/1.956	97000	1.955	320400	1.954	2800	1.953	30000	1.952	6000	1.958	128200	1.960	1000	1.964	13654	1.965	14100	1.966	9100	/17368066//88120512/441156/1.956/2.029//2008-9-18 9:56:41
2106/580025/葛洲CWB1/1.955	93200	1.954	95100	1.953	349200	1.952	67600	1.951	273000	1.956	24361	1.958	80000	1.959	5400	1.960	21800	1.962	72400	/17368066//92979808/466023/1.956/2.029//2008-9-18 9:57:41
2106/580025/葛洲CWB1/1.948	4800	1.947	2600	1.946	24300	1.945	30000	1.944	3000	1.949	10000	1.950	122800	1.951	46240	1.952	108000	1.953	12100	/17368066//99010520/496880/1.95/2.029//2008-9-18 9:58:41
2106/580025/葛洲CWB1/1.944	143400	1.943	322100	1.942	109500	1.941	3800	1.940	156400	1.945	313400	1.946	3000	1.947	84600	1.948	32000	1.950	124100	/17368066//105036216/527845/1.944/2.029//2008-9-18 9:59:41
2106/580025/葛洲CWB1/1.938	98200	1.936	10500	1.935	55900	1.934	30300	1.933	45600	1.940	601800	1.943	27400	1.944	33100	1.945	10000	1.946	11300	/17368066//110771168/557355/1.94/2.029//2008-9-18 10:0:42
2106/580025/葛洲CWB1/1.934	368601	1.933	37351	1.932	43900	1.931	326500	1.930	108300	1.936	89900	1.937	8000	1.938	101400	1.939	2800	1.940	78400	/17368066//114325816/575725/1.934/2.029//2008-9-18 10:1:42
2106/580025/葛洲CWB1/1.926	190900	1.925	469600	1.924	25800	1.923	39400	1.922	451000	1.927	353285	1.928	563399	1.929	5000	1.930	223648	1.931	95200	/17368066//120315792/606753/1.926/1.93//2008-9-18 10:2:42
2106/580025/葛洲CWB1/1.931	209300	1.930	14194	1.929	15600	1.928	21600	1.927	32400	1.932	30000	1.933	88746	1.934	37400	1.935	65000	1.936	3600	/17368066//129250240/653131/1.931/1.93//2008-9-18 10:3:42
2106/580025/葛洲CWB1/1.923	171200	1.921	16700	1.920	155800	1.919	100000	1.918	48600	1.924	223900	1.925	80700	1.926	134100	1.927	282900	1.928	156800	/17368066//133885896/677166/1.923/1.93//2008-9-18 10:4:43
2106/580025/葛洲CWB1/1.917	21100	1.916	260149	1.915	203500	1.914	1000	1.913	13100	1.919	358430	1.920	2239691	1.921	35200	1.922	35700	1.923	460200	/17368066//144046112/730141/1.917/1.93//2008-9-18 10:5:43
2106/580025/葛洲CWB1/1.896	53800	1.891	310300	1.890	3500	1.888	363300	1.885	5500	1.900	978500	1.901	320100	1.902	186000	1.903	30000	1.904	13600	/17368066//156218928/794107/1.896/1.93//2008-9-18 10:6:43
2106/580025/葛洲CWB1/1.896	3400	1.895	394900	1.894	209200	1.893	289700	1.892	56200	1.899	281200	1.900	297999	1.901	278000	1.902	22900	1.903	4500	/17368066//172738960/1216543/1.896/1.93//2008-9-18 10:7:44
2106/580025/葛洲CWB1/1.900	357301	1.899	201354	1.898	148500	1.897	499500	1.896	249901	1.901	97100	1.902	22900	1.903	4500	1.904	2300	1.905	100600	/17368066//179979472/919419/1.9/1.93//2008-9-18 10:8:44
2106/580025/葛洲CWB1/1.896	110400	1.895	228900	1.894	3000	1.893	207700	1.892	35400	1.899	206544	1.900	639500	1.901	302300	1.902	22800	1.903	100	/17368066//192255328/984029/1.899/1.93//2008-9-18 10:9:44
2106/580025/葛洲CWB1/1.902	21000	1.901	26000	1.900	274800	1.899	294600	1.898	39200	1.903	1226800	1.904	157748	1.905	66600	1.906	66300	1.907	82500	/17368066//197503424/1011635/1.903/1.93//2008-9-18 10:10:44
2106/580025/葛洲CWB1/1.900	322300	1.899	315500	1.898	671497	1.897	71700	1.896	63800	1.901	83400	1.902	34548	1.903	760000	1.905	69600	1.906	38400	/17368066//207290784/1063163/1.901/1.93//2008-9-18 10:11:45
2106/580025/葛洲CWB1/1.903	30400	1.902	25000	1.901	279100	1.900	757200	1.899	90800	1.904	183548	1.905	72100	1.906	45500	1.907	112500	1.908	520000	/17368066//214867312/1103023/1.903/1.93//2008-9-18 10:12:45
2106/580025/葛洲CWB1/1.901	407756	1.900	572700	1.899	47000	1.898	719897	1.897	34100	1.903	12400	1.904	35400	1.905	57448	1.906	145200	1.907	114600	/17368066//220617088/1133239/1.903/1.93//2008-9-18 10:13:45
2106/580025/葛洲CWB1/1.904	479900	1.903	422600	1.902	33700	1.901	302700	1.900	512800	1.905	111400	1.906	54600	1.907	197148	1.908	500000	1.909	842695	/17368066//224435936/1153281/1.905/1.93//2008-9-18 10:14:46
2106/580025/葛洲CWB1/1.902	10200	1.901	196800	1.900	436800	1.899	51200	1.898	294797	1.903	405948	1.904	179200	1.905	61000	1.906	207400	1.907	130100	/17368066//230628256/1185826/1.902/1.93//2008-9-18 10:15:46
2106/580025/葛洲CWB1/1.906	100800	1.905	339000	1.904	7000	1.903	78000	1.902	44300	1.907	51600	1.908	133200	1.909	194548	1.910	571700	1.911	25500	/17368066//237070032/1219641/1.907/1.93//2008-9-18 10:16:46
2106/580025/葛洲CWB1/1.908	5000	1.907	3000	1.905	7700	1.904	74100	1.903	59600	1.909	397548	1.910	614900	1.911	53500	1.912	60900	1.913	69500	/17368066//243023120/1250858/1.905/1.93//2008-9-18 10:17:47
2106/580025/葛洲CWB1/1.903	66000	1.902	2000	1.901	209601	1.900	269900	1.899	111800	1.905	139300	1.906	174465	1.907	60000	1.908	100000	1.909	117800	/17368066//250149280/1288229/1.905/1.93//2008-9-18 10:18:47
2106/580025/葛洲CWB1/1.903	145500	1.902	247900	1.901	135400	1.900	130600	1.899	75501	1.904	700	1.906	1000	1.907	73000	1.908	87000	1.909	68800	/17368066//254726496/1312301/1.903/1.93//2008-9-18 10:19:47
2106/580025/葛洲CWB1/1.904	125290	1.903	231501	1.902	72200	1.901	146100	1.900	276300	1.905	99500	1.906	258200	1.907	16600	1.908	78500	1.909	112200	/17368066//259045952/1401214/1.905/1.93//2008-9-18 10:20:48
2106/580025/葛洲CWB1/1.904	124900	1.903	120591	1.902	109500	1.901	154500	1.900	312400	1.905	668803	1.906	338100	1.907	151200	1.908	225400	1.909	173200	/17368066//262737360/1354357/1.905/1.93//2008-9-18 10:21:48
2106/580025/葛洲CWB1/1.900	149600	1.899	1000	1.898	296398	1.897	26700	1.896	42300	1.901	33400	1.902	65100	1.903	196400	1.904	102809	1.905	223600	/17368066//267624624/1380066/1.9/1.93//2008-9-18 10:22:48
2106/580025/葛洲CWB1/1.900	58200	1.899	89300	1.898	254498	1.897	27700	1.896	48000	1.901	20600	1.902	171100	1.903	85000	1.904	111900	1.905	134700	/17368066//270351968/1394413/1.901/1.93//2008-9-18 10:23:48
2106/580025/葛洲CWB1/1.895	528200	1.894	42000	1.893	205800	1.892	52600	1.891	254105	1.898	339702	1.899	26200	1.900	638004	1.901	126600	1.902	31400	/17368066//272788320/1407244/1.895/1.93//2008-9-18 10:24:49
2106/580025/葛洲CWB1/1.880	61700	1.879	3900	1.878	40000	1.876	1000	1.875	61000	1.888	500503	1.889	6100	1.890	135998	1.891	7100	1.892	10000	/17368066//276196416/1432985/1.88/1.93//2008-9-18 10:25:49
2106/580025/葛洲CWB1/1.876	138700	1.875	1000	1.873	151000	1.872	131100	1.871	2755000	1.878	236800	1.879	73600	1.880	38000	1.881	17900	1.882	50500	/17368066//280770304/1449608/1.876/1.93//2008-9-18 10:26:49
2106/580025/葛洲CWB1/1.872	157000	1.871	2755000	1.870	157500	1.869	9000	1.868	32500	1.874	17300	1.875	24400	1.876	374900	1.877	10350	1.878	535300	/17368066//284757984/1470854/1.874/1.93//2008-9-18 10:27:50
2106/580025/葛洲CWB1/1.865	483700	1.864	31100	1.863	197000	1.862	9300	1.861	2031500	1.868	730454	1.869	56599	1.870	313200	1.871	234100	1.872	315414	/17368066//293208352/1516019/1.865/1.93//2008-9-18 10:28:50
2106/580025/葛洲CWB1/1.865	78100	1.864	4800	1.863	139900	1.862	441800	1.861	2071200	1.866	81400	1.867	568499	1.868	530954	1.869	53999	1.870	187400	/17368066//298605824/1544954/1.865/1.93//2008-9-18 10:29:50
2106/580025/葛洲CWB1/1.861	1630147	1.860	87100	1.859	2700	1.858	47400	1.857	64700	1.862	2300	1.864	161200	1.865	469999	1.866	96100	1.867	413399	/17368066//303522176/1571344/1.861/1.93//2008-9-18 10:30:51
2106/580025/葛洲CWB1/1.855	22400	1.853	257300	1.852	633100	1.851	705300	1.850	189000	1.858	52700	1.859	190400	1.860	463314	1.861	405400	1.862	264900	/17368066//307784160/1594269/1.857/1.93//2008-9-18 10:31:51
2106/580025/葛洲CWB1/1.841	1300	1.840	17300	1.839	1200	1.838	6900	1.836	20000	1.846	141500	1.849	69500	1.850	776800	1.851	1246903	1.852	400300	/17368066//313511584/1625202/1.846/1.93//2008-9-18 10:32:51
2106/580025/葛洲CWB1/1.826	175100	1.824	66000	1.823	1000	1.822	52200	1.821	1000100	1.828	59000	1.829	6400	1.830	514599	1.831	55300	1.832	29300	/17368066//315977856/1638647/1.828/1.93//2008-9-18 10:33:52
2106/580025/葛洲CWB1/1.815	38500	1.814	196500	1.812	968200	1.811	4500	1.810	31300	1.816	23900	1.817	45700	1.818	50100	1.819	42200	1.820	2821399	/17368066//319794592/1659598/1.816/1.93//2008-9-18 10:34:52
2106/580025/葛洲CWB1/1.815	840802	1.814	17500	1.813	9900	1.812	738700	1.811	17000	1.816	15000	1.817	30900	1.819	134993	1.820	682900	1.821	7100	/17368066//328269632/1706245/1.815/1.93//2008-9-18 10:35:52
2106/580025/葛洲CWB1/1.818	202107	1.817	125900	1.816	143400	1.815	27900	1.814	74100	1.820	658300	1.821	600	1.822	31400	1.823	30700	1.824	1300	/17368066//332486976/1729457/1.818/1.93//2008-9-18 10:36:53
2106/580025/葛洲CWB1/1.821	118900	1.820	1600	1.819	21200	1.818	889600	1.817	341707	1.822	5800	1.823	30700	1.824	5200	1.825	11400	1.826	229800	/17368066//338640000/1763270/1.821/1.93//2008-9-18 10:37:53
2106/580025/葛洲CWB1/1.820	4900	1.819	91700	1.818	848400	1.817	56100	1.816	60300	1.821	16500	1.822	184533	1.823	104900	1.824	61900	1.825	67800	/17368066//341179296/1777212/1.821/1.93//2008-9-18 10:38:53
2106/580025/葛洲CWB1/1.810	17800	1.809	151200	1.808	88800	1.807	8200	1.806	209200	1.811	1000	1.812	9600	1.814	889689	1.815	18400	1.817	62800	/17368066//345516608/1801093/1.81/1.93//2008-9-18 10:39:54
2106/580025/葛洲CWB1/1.806	80600	1.805	31600	1.804	1100	1.803	700	1.802	1049600	1.807	64289	1.808	760700	1.809	15100	1.810	325500	1.811	108900	/17368066//350088544/1826377/1.806/1.93//2008-9-18 10:40:54
2106/580025/葛洲CWB1/1.785	209800	1.784	1300	1.782	40200	1.780	3200	1.770	202000	1.790	124100	1.791	2000	1.792	96200	1.795	16800	1.796	290501	/17368066//354365856/1850142/1.79/1.93//2008-9-18 10:41:54
2106/580025/葛洲CWB1/1.776	42300	1.775	14800	1.773	20200	1.772	10000	1.771	59500	1.779	50400	1.780	1241200	1.781	195000	1.782	3700	1.783	1900	/17368066//356832096/1863982/1.776/1.93//2008-9-18 10:42:55
2106/580025/葛洲CWB1/1.740	31300	1.734	5400	1.733	5000	1.732	34000	1.730	42300	1.750	348800	1.751	14100	1.752	30000	1.753	77000	1.755	69800	/17368066//360817664/1886672/1.75/1.93//2008-9-18 10:43:55
2106/580025/葛洲CWB1/1.719	86230	1.718	2400	1.717	32400	1.716	299200	1.715	30000	1.722	354059	1.725	72700	1.726	79000	1.727	52300	1.728	72100	/17368066//363273184/1900873/1.719/1.93//2008-9-18 10:44:56
2106/580025/葛洲CWB1/1.673	6800	1.666	54300	1.665	832200	1.662	1000	1.658	20000	1.680	2699	1.684	5600	1.685	10500	1.688	72000	1.689	98633	/17368066//367069440/1923158/1.68/1.93//2008-9-18 10:45:56
2106/580025/葛洲CWB1/1.636	3000	1.633	8900	1.631	853000	1.630	28900	1.621	4900	1.642	24200	1.646	3200	1.648	240500	1.649	10400	1.650	1322099	/17368066//371563168/1950223/1.642/1.93//2008-9-18 10:46:56
2106/580025/葛洲CWB1/1.620	2016800	1.618	297200	1.617	2600	1.616	9300	1.615	78800	1.622	1100	1.624	194400	1.625	85700	1.627	66900	1.628	109100	/17368066//376551328/1980814/1.62/1.93//2008-9-18 10:47:57
2106/580025/葛洲CWB1/1.613	45900	1.612	586500	1.611	769600	1.610	1894800	0.000	0	1.615	13300	1.617	5200	1.618	14400	1.619	2900	1.620	1392134	/17368066//384979360/2032878/1.613/1.93//2008-9-18 10:48:57
2106/580025/葛洲CWB1/1.613	3000	1.612	645610	1.611	1845321	1.610	2974800	0.000	0	1.618	391700	1.619	337300	1.620	404580	1.621	98100	1.622	948000	/17368066//391592992/2073876/1.613/1.93//2008-9-18 10:49:57
2106/580025/葛洲CWB1/1.629	662400	1.628	236100	1.627	87400	1.626	39000	1.625	553100	1.630	193300	1.631	50700	1.634	132301	1.635	1000	1.638	167800	/17368066//397230720/2108625/1.63/1.93//2008-9-18 10:50:58
2106/580025/葛洲CWB1/1.645	201500	1.642	18699	1.641	337000	1.640	666400	1.639	927700	1.647	118600	1.648	84681	1.649	204200	1.650	168800	1.654	300	/17368066//404440928/2152640/1.647/1.93//2008-9-18 10:51:58
2106/580025/葛洲CWB1/1.655	400600	1.654	304000	1.653	49100	1.652	537000	1.651	106000	1.657	30700	1.658	491000	1.659	58300	1.660	23600	1.664	8900	/17368066//409806368/2185141/1.657/1.93//2008-9-18 10:52:58
2106/580025/葛洲CWB1/1.665	361900	1.664	965500	1.663	478500	1.662	35500	1.661	104401	1.668	6900	1.669	56067	1.670	178500	1.671	1900	1.673	1600	/17368066//417594400/2232020/1.665/1.93//2008-9-18 10:53:59
2106/580025/葛洲CWB1/1.681	17200	1.680	505000	1.679	35900	1.678	1659233	1.677	23800	1.682	145300	1.683	1200	1.688	15500	1.689	195000	1.690	141900	/17368066//420806720/2251184/1.682/1.93//2008-9-18 10:54:59
2106/580025/葛洲CWB1/1.687	4200	1.686	4700	1.680	364767	1.679	80100	1.678	170300	1.688	9500	1.690	39800	1.692	37200	1.693	50000	1.695	103000	/17368066//428953664/2299492/1.688/1.93//2008-9-18 10:56:0
2106/580025/葛洲CWB1/1.669	22000	1.667	128000	1.666	190200	1.665	181600	1.664	41400	1.670	31500	1.675	60784	1.676	340100	1.677	37300	1.678	316500	/17368066//436016032/2341482/1.669/1.93//2008-9-18 10:57:0
2106/580025/葛洲CWB1/1.667	438239	1.666	700	1.665	13500	1.664	995300	1.663	1002000	1.668	64030	1.669	355800	1.670	124200	1.672	43600	1.673	10000	/17368066//441703584/2375611/1.667/1.93//2008-9-18 10:58:0
2106/580025/葛洲CWB1/1.677	5200	1.676	8900	1.674	71600	1.673	174400	1.672	200000	1.678	24000	1.680	6000	1.683	12600	1.684	12400	1.685	10800	/17368066//448788128/2417937/1.677/1.93//2008-9-18 10:59:1
2106/580025/葛洲CWB1/1.700	131100	1.699	89800	1.698	5800	1.696	201900	1.695	219200	1.708	28190	1.709	3200	1.710	520000	1.731	38600	1.732	77499	/17368066//454001504/2580936/1.708/1.93//2008-9-18 11:0:1
2106/580025/葛洲CWB1/1.705	78700	1.704	2400	1.703	49900	1.702	6000	1.701	3600	1.706	19300	1.708	1006100	1.710	66100	1.712	829729	1.714	5500	/17368066//462347424/2497494/1.706/1.93//2008-9-18 11:1:2
2106/580025/葛洲CWB1/1.688	297900	1.687	30000	1.686	106200	1.685	145700	1.683	200000	1.690	77100	1.692	10000	1.693	10000	1.694	50000	1.695	103000	/17368066//465903456/2518423/1.69/1.93//2008-9-18 11:2:2
2106/580025/葛洲CWB1/1.676	707400	1.675	206800	1.674	162700	1.673	11000	1.672	2914090	1.679	361000	1.680	120600	1.681	4100	1.683	35500	1.684	19900	/17368066//470062112/2543170/1.676/1.93//2008-9-18 11:3:2
2106/580025/葛洲CWB1/1.695	18300	1.693	137400	1.690	159600	1.689	800	1.688	4800	1.696	98754	1.698	2500	1.699	17300	1.700	527600	1.702	16000	/17368066//475861920/2577554/1.696/1.93//2008-9-18 11:4:3
2106/580025/葛洲CWB1/1.695	32900	1.694	8300	1.693	67000	1.692	6000	1.690	28500	1.696	112500	1.697	30200	1.698	367800	1.699	520719	1.700	475199	/17368066//481165920/2608776/1.696/1.93//2008-9-18 11:5:3
2106/580025/葛洲CWB1/1.693	70900	1.691	140700	1.690	38900	1.689	90200	1.688	369900	1.695	99280	1.696	1000	1.697	5000	1.698	30000	1.699	61100	/17368066//484873280/2630723/1.695/1.93//2008-9-18 11:6:4
2106/580025/葛洲CWB1/1.696	86400	1.695	45213	1.694	190000	1.693	108500	1.692	122100	1.697	23900	1.698	111180	1.699	510800	1.700	1425099	1.701	4000	/17368066//487149120/2644156/1.697/1.93//2008-9-18 11:7:4
2106/580025/葛洲CWB1/1.703	150300	1.702	218000	1.701	205741	1.700	24900	1.698	600	1.705	78300	1.706	33500	1.707	2800	1.708	150600	1.709	3000	/17368066//493818112/2683434/1.703/1.93//2008-9-18 11:8:4
2106/580025/葛洲CWB1/1.698	2000	1.691	75600	1.690	117700	1.689	52100	1.688	16500	1.700	171919	1.701	69800	1.702	146500	1.703	76700	1.704	1003000	/17368066//499785248/2718517/1.7/1.93//2008-9-18 11:9:5
2106/580025/葛洲CWB1/1.712	800500	1.711	217200	1.710	120500	1.709	235600	1.707	300000	1.714	19200	1.715	62400	1.716	2000	1.717	10000	1.718	4600	/17368066//503420768/2739850/1.712/1.93//2008-9-18 11:10:5
2106/580025/葛洲CWB1/1.709	6700	1.708	256200	1.706	4600	1.705	62300	1.704	60000	1.715	127070	1.716	27500	1.717	9800	1.718	71828	1.719	197100	/17368066//510737856/2782485/1.718/1.93//2008-9-18 11:11:6
2106/580025/葛洲CWB1/1.710	209800	1.708	94300	1.707	17000	1.705	62200	1.704	16700	1.712	282700	1.713	188300	1.714	122100	1.715	203070	1.716	61600	/17368066//516088704/2813753/1.71/1.93//2008-9-18 11:12:6
2106/580025/葛洲CWB1/1.702	241700	1.701	12100	1.700	252200	1.699	40300	1.698	5000	1.703	5700	1.705	500	1.708	53300	1.709	106600	1.710	31800	/17368066//521620544/2846186/1.703/1.93//2008-9-18 11:13:7
2106/580025/葛洲CWB1/1.689	2200	1.688	76800	1.686	5400	1.685	23300	1.683	15000	1.690	39100	1.693	1400	1.695	116800	1.696	130900	1.698	15067	/17368066//524417344/2862645/1.689/1.93//2008-9-18 11:14:7
2106/580025/葛洲CWB1/1.693	21834	1.690	3600	1.689	101700	1.688	258900	1.687	20000	1.695	21400	1.696	102500	1.698	3500	1.699	31400	1.700	219800	/17368066//528058848/2884192/1.691/1.93//2008-9-18 11:15:7
2106/580025/葛洲CWB1/1.712	98634	1.708	62000	1.707	97900	1.706	105000	1.705	121900	1.713	6600	1.714	37400	1.715	155600	1.716	13600	1.717	14300	/17368066//531158464/2902396/1.712/1.93//2008-9-18 11:16:8
2106/580025/葛洲CWB1/1.704	30000	1.703	6300	1.702	139500	1.701	121800	1.700	53100	1.706	27600	1.708	267400	1.710	103800	1.712	467100	1.713	49900	/17368066//536813952/2935414/1.706/1.93//2008-9-18 11:17:8
2106/580025/葛洲CWB1/1.699	11400	1.698	26800	1.696	80000	1.695	75800	1.693	90000	1.700	1000	1.702	2300	1.704	89929	1.705	26800	1.706	10300	/17368066//539780032/2984404/1.7/1.93//2008-9-18 11:18:9
2106/580025/葛洲CWB1/1.707	103000	1.706	105600	1.705	55600	1.704	416000	1.703	2871	1.708	44600	1.709	119400	1.710	71700	1.712	4700	1.713	82400	/17368066//542057216/2966170/1.708/1.93//2008-9-18 11:19:9
2106/580025/葛洲CWB1/1.711	34600	1.710	14500	1.709	10200	1.707	16600	1.706	16200	1.712	143200	1.713	196328	1.714	80516	1.715	111700	1.716	123600	/17368066//545749184/2987778/1.711/1.93//2008-9-18 11:20:10
2106/580025/葛洲CWB1/1.704	105200	1.703	52871	1.702	34100	1.701	42300	1.700	196700	1.706	95800	1.707	173400	1.708	104200	1.709	56400	1.710	204000	/17368066//546374592/2991440/1.704/1.93//2008-9-18 11:21:10
2106/580025/葛洲CWB1/1.702	760200	1.701	24400	1.700	324700	1.699	13100	1.698	67400	1.703	234100	1.704	206229	1.705	142800	1.706	178900	1.707	145400	/17368066//548803264/3005700/1.703/1.93//2008-9-18 11:22:10
2106/580025/葛洲CWB1/1.707	531100	1.706	30000	1.705	543500	1.704	306500	1.703	76400	1.710	82359	1.711	110200	1.712	303600	1.713	185000	1.714	55299	/17368066//552747008/3028838/1.71/1.93//2008-9-18 11:23:11
2106/580025/葛洲CWB1/1.702	106600	1.701	139600	1.700	400600	1.699	8600	1.698	28400	1.703	47400	1.704	240900	1.705	27800	1.706	97700	1.707	79100	/17368066//555260672/3043582/1.702/1.93//2008-9-18 11:24:11
2106/580025/葛洲CWB1/1.703	51800	1.702	236100	1.701	216800	1.700	587000	1.699	1018600	1.704	89200	1.705	304187	1.706	116434	1.707	88300	1.708	148729	/17368066//557341120/3055790/1.704/1.93//2008-9-18 11:25:12
2106/580025/葛洲CWB1/1.702	69979	1.701	199800	1.700	583000	1.699	10100	1.698	3500	1.704	183800	1.705	108500	1.706	36100	1.707	88300	1.708	148729	/17368066//559732160/3069823/1.702/1.93//2008-9-18 11:26:12
2106/580025/葛洲CWB1/1.698	416700	1.697	295700	1.695	1415400	1.692	31300	1.690	92100	1.699	20000	1.700	482338	1.701	91900	1.702	65800	1.703	77900	/17368066//562645312/3086967/1.698/1.93//2008-9-18 11:27:13
2106/580025/葛洲CWB1/1.702	62400	1.701	190500	1.700	815462	1.699	1500	1.698	14100	1.703	266100	1.704	265800	1.705	563200	1.706	85200	1.707	102000	/17368066//566722240/3110939/1.702/1.93//2008-9-18 11:28:13
2106/580025/葛洲CWB1/1.703	210500	1.702	454800	1.701	42600	1.700	257762	1.699	51700	1.704	18800	1.705	311300	1.706	319429	1.707	38038	1.708	106500	/17368066//572050368/3142176/1.704/1.93//2008-9-18 11:29:14
2106/580025/葛洲CWB1/1.701	36300	1.700	290662	1.699	71400	1.698	93700	1.697	4500	1.703	4300	1.704	146029	1.705	184000	1.706	13300	1.707	67138	/17368066//574891264/3158857/1.703/1.93//2008-9-18 11:30:14
2106/580025/葛洲CWB1/1.701	36300	1.700	290662	1.699	71400	1.698	93700	1.697	4500	1.703	4300	1.704	146029	1.705	184000	1.706	13300	1.707	67138	/17368066//574891264/3158857/1.703/1.93//2008-9-18 11:31:15
2106/580025/葛洲CWB1/1.692	10000	1.691	35883	1.690	195700	1.689	2500	1.688	33600	1.693	52500	1.694	148700	1.695	44700	1.696	12100	1.697	39300	/17368066//577314048/3173125/1.693/1.93//2008-9-18 13:1:15
2106/580025/葛洲CWB1/1.690	169800	1.689	114500	1.686	30000	1.685	37900	1.683	5000	1.692	16817	1.695	15100	1.697	71300	1.698	61300	1.699	67900	/17368066//580340480/3190992/1.69/1.93//2008-9-18 13:2:16
2106/580025/葛洲CWB1/1.703	266600	1.701	786800	1.700	42800	1.698	3000	1.697	1600	1.704	75200	1.705	91400	1.706	123500	1.707	57048	1.708	176100	/17368066//584569344/3225958/1.704/1.93//2008-9-18 13:3:16
2106/580025/葛洲CWB1/1.703	118400	1.702	83200	1.701	769768	1.700	56100	1.698	3000	1.704	3129	1.706	104100	1.707	73038	1.708	176100	1.709	59100	/17368066//585710528/3222559/1.704/1.93//2008-9-18 13:4:17
2106/580025/葛洲CWB1/1.702	33000	1.701	49700	1.700	95000	1.698	4500	1.697	10200	1.704	33800	1.705	113729	1.706	147500	1.707	159000	1.708	176100	/17368066//587870784/3235243/1.702/1.93//2008-9-18 13:5:17
2106/580025/葛洲CWB1/1.700	197800	1.699	1900	1.698	13000	1.697	11900	1.696	246800	1.701	78500	1.702	351632	1.703	150100	1.704	66000	1.705	107200	/17368066//588540032/3239178/1.701/1.93//2008-9-18 13:6:18
2106/580025/葛洲CWB1/1.705	18500	1.704	117000	1.703	41500	1.702	102800	1.701	108200	1.707	113278	1.708	116100	1.709	6900	1.710	103200	1.712	212059	/17368066//590501952/3250697/1.705/1.93//2008-9-18 13:7:18
2106/580025/葛洲CWB1/1.704	21100	1.703	431400	1.702	69500	1.701	153200	1.700	93500	1.709	21900	1.710	258400	1.711	134800	1.712	182248	1.713	160100	/17368066//594330752/3273130/1.709/1.93//2008-9-18 13:8:19
2106/580025/葛洲CWB1/1.700	39600	1.699	53300	1.698	53200	1.696	12300	1.695	7000	1.701	32000	1.703	71000	1.704	501961	1.705	2600	1.706	37300	/17368066//597216576/3290075/1.7/1.93//2008-9-18 13:9:19
2106/580025/葛洲CWB1/1.693	136000	1.692	32300	1.691	38500	1.690	66700	1.688	7500	1.695	11500	1.696	9800	1.697	35800	1.699	88200	1.700	99200	/17368066//598437760/3351723/1.693/1.93//2008-9-18 13:10:20
2106/580025/葛洲CWB1/1.701	17700	1.699	15900	1.698	76266	1.697	179200	1.696	185800	1.703	82900	1.704	494661	1.705	133000	1.706	18600	1.707	138328	/17368066//599334272/3353041/1.701/1.93//2008-9-18 13:11:20
2106/580025/葛洲CWB1/1.699	44800	1.698	285700	1.697	72100	1.696	67700	1.695	264000	1.700	151100	1.701	14500	1.702	5100	1.703	189634	1.704	320861	/17368066//601351168/3314403/1.7/1.93//2008-9-18 13:12:21
2106/580025/葛洲CWB1/1.705	229500	1.704	148539	1.703	121700	1.702	640400	1.701	645600	1.706	169717	1.707	163028	1.708	73000	1.709	117700	1.710	66000	/17368066//603692032/3328150/1.706/1.93//2008-9-18 13:13:21
2106/580025/葛洲CWB1/1.704	66800	1.703	74500	1.702	12100	1.701	12900	1.700	16600	1.705	38300	1.706	155961	1.707	68745	1.708	103700	1.709	90900	/17368066//606135424/3342478/1.705/1.93//2008-9-18 13:14:22
2106/580025/葛洲CWB1/1.707	106400	1.706	80500	1.705	263500	1.704	257400	1.703	2600	1.709	86040	1.710	335000	1.711	66900	1.712	245648	1.713	230800	/17368066//609768000/3363769/1.709/1.93//2008-9-18 13:15:22
2106/580025/葛洲CWB1/1.704	35300	1.703	22800	1.702	88700	1.701	56600	1.700	58600	1.706	46300	1.707	67100	1.708	232700	1.709	83739	1.710	215700	/17368066//611899648/3376258/1.706/1.93//2008-9-18 13:16:23
2106/580025/葛洲CWB1/1.706	59000	1.705	126600	1.704	257800	1.703	56100	1.702	93700	1.707	48600	1.708	13200	1.709	119439	1.710	326000	1.711	78000	/17368066//612908224/3382174/1.706/1.93//2008-9-18 13:17:23
2106/580025/葛洲CWB1/1.705	124000	1.703	5000	1.702	79800	1.701	89900	1.700	169900	1.707	30400	1.708	9200	1.709	194739	1.710	330300	1.711	78000	/17368066//614724544/3392821/1.708/1.93//2008-9-18 13:18:24
2106/580025/葛洲CWB1/1.707	54600	1.706	100400	1.705	29900	1.704	22000	1.703	20300	1.708	116800	1.709	80400	1.710	300039	1.711	272700	1.712	260248	/17368066//616845120/3405237/1.707/1.93//2008-9-18 13:19:24
2106/580025/葛洲CWB1/1.711	871400	1.710	176761	1.709	250100	1.708	136400	1.707	82700	1.712	260248	1.713	225900	1.714	27199	1.715	129600	1.716	38100	/17368066//619106944/3418470/1.711/1.93//2008-9-18 13:20:25
2106/580025/葛洲CWB1/1.722	17200	1.720	396600	1.719	2000	1.718	172267	1.717	587600	1.724	21000	1.725	47300	1.727	13800	1.729	60300	1.730	296514	/17368066//622728896/3439575/1.722/1.93//2008-9-18 13:21:25
2106/580025/葛洲CWB1/1.734	121300	1.733	126500	1.732	133700	1.731	17000	1.730	406100	1.738	182700	1.739	7600	1.740	9300	1.744	40800	1.745	12600	/17368066//627091840/3464850/1.734/1.93//2008-9-18 13:22:26
2106/580025/葛洲CWB1/1.743	135852	1.742	15200	1.741	160000	1.740	590134	1.739	400600	1.744	56900	1.745	292700	1.746	177600	1.748	34099	1.749	125700	/17368066//632286464/3494686/1.744/1.93//2008-9-18 13:23:26
2106/580025/葛洲CWB1/1.750	506700	1.749	70600	1.748	105600	1.747	368801	1.746	1037900	1.753	300000	1.754	196700	1.755	80600	1.756	26000	1.757	16500	/17368066//641239872/3545978/1.75/1.93//2008-9-18 13:24:27
2106/580025/葛洲CWB1/1.756	251000	1.755	522900	1.754	525300	1.753	651000	1.752	428900	1.757	3100	1.759	45300	1.760	102000	1.762	20000	1.764	400	/17368066//645675008/3571267/1.757/1.93//2008-9-18 13:25:27
2106/580025/葛洲CWB1/1.757	58000	1.756	43400	1.755	87200	1.754	72900	1.753	173900	1.758	183900	1.760	11400	1.761	124700	1.763	93600	1.764	68800	/17368066//655081536/3624625/1.758/1.93//2008-9-18 13:26:28
2106/580025/葛洲CWB1/1.742	105700	1.741	20800	1.740	62535	1.739	14300	1.738	3200	1.750	58100	1.751	50900	1.752	270000	1.753	58800	1.754	895615	/17368066//660763584/3657047/1.75/1.93//2008-9-18 13:27:28
2106/580025/葛洲CWB1/1.752	111200	1.751	152800	1.750	287400	1.749	27000	1.748	52800	1.753	69601	1.755	188000	1.756	68000	1.757	33700	1.758	64500	/17368066//667538944/3695714/1.753/1.93//2008-9-18 13:28:29
2106/580025/葛洲CWB1/1.751	110966	1.750	293200	1.749	6000	1.748	20000	1.746	11300	1.758	15700	1.759	57800	1.760	260500	1.761	1300	1.762	2000	/17368066//674488448/3735323/1.751/1.93//2008-9-18 13:29:29
2106/580025/葛洲CWB1/1.753	37100	1.752	57400	1.751	148966	1.750	260500	1.749	6000	1.754	1600	1.757	60099	1.758	48900	1.759	92300	1.760	273700	/17368066//679349184/3763039/1.753/1.93//2008-9-18 13:30:30
2106/580025/葛洲CWB1/1.768	153300	1.767	2300	1.766	197400	1.765	236852	1.763	48800	1.769	12900	1.770	129400	1.772	5800	1.773	1100	1.775	3100	/17368066//683078848/3784230/1.769/1.93//2008-9-18 13:31:30
2106/580025/葛洲CWB1/1.792	507800	1.790	358600	1.789	123700	1.788	534966	1.786	187700	1.798	19900	1.799	53000	1.800	178984	1.801	3000	1.802	22000	/17368066//690935552/3828408/1.792/1.93//2008-9-18 13:32:31
2106/580025/葛洲CWB1/1.817	2700	1.815	67377	1.814	689900	1.813	100611	1.812	86300	1.819	318400	1.820	63000	1.821	142000	1.822	22800	1.823	2500	/17368066//702536896/3892628/1.815/1.93//2008-9-18 13:33:31
2106/580025/葛洲CWB1/1.820	107700	1.819	123560	1.818	952000	1.817	493100	1.816	1184885	1.821	225700	1.822	47400	1.823	83000	1.824	107800	1.825	27900	/17368066//711021056/3939285/1.821/1.93//2008-9-18 13:34:32
2106/580025/葛洲CWB1/1.835	16500	1.834	404100	1.833	19900	1.832	226000	1.831	70700	1.838	303300	1.840	2300	1.841	38800	1.842	63715	1.845	68500	/17368066//725072896/4016124/1.842/1.93//2008-9-18 13:35:32
2106/580025/葛洲CWB1/1.837	50000	1.836	13930	1.835	1516500	1.834	222200	1.833	20400	1.838	577499	1.840	804900	1.841	67500	1.842	354215	1.843	24100	/17368066//734390848/4066835/1.838/1.93//2008-9-18 13:36:33
2106/580025/葛洲CWB1/1.823	19860	1.822	8000	1.821	87100	1.820	57300	1.819	66700	1.824	600	1.825	55000	1.827	500	1.828	31670	1.830	153600	/17368066//743004480/4113810/1.823/1.93//2008-9-18 13:37:34
2106/580025/葛洲CWB1/1.808	37800	1.806	6000	1.805	27800	1.803	5000	1.802	100000	1.810	19000	1.814	3600	1.815	302900	1.816	16900	1.817	10400	/17368066//746703296/4134153/1.81/1.93//2008-9-18 13:38:34
2106/580025/葛洲CWB1/1.812	36599	1.810	86500	1.809	83500	1.808	408200	1.807	50100	1.814	125000	1.815	297900	1.816	16500	1.818	73500	1.819	62900	/17368066//755474176/4182685/1.812/1.93//2008-9-18 13:39:35
2106/580025/葛洲CWB1/1.817	383000	1.816	277900	1.815	148500	1.814	9900	1.813	312400	1.818	25200	1.819	34600	1.820	106000	1.821	300	1.822	216600	/17368066//761912256/4218221/1.818/1.93//2008-9-18 13:40:35
2106/580025/葛洲CWB1/1.830	43800	1.829	93300	1.828	101300	1.827	20800	1.826	108700	1.833	132101	1.834	8700	1.835	140023	1.836	15600	1.837	33100	/17368066//768595840/4254779/1.83/1.93//2008-9-18 13:41:36
2106/580025/葛洲CWB1/1.849	113900	1.844	358800	1.843	369600	1.842	206785	1.840	304926	1.850	162700	1.851	5200	1.852	3000	1.853	10000	1.854	2300	/17368066//778465792/4308630/1.85/1.93//2008-9-18 13:42:36
2106/580025/葛洲CWB1/1.867	7200	1.866	100000	1.865	8500	1.864	130100	1.863	54900	1.868	33600	1.870	115500	1.872	8000	1.873	1700	1.875	18000	/17368066//789127424/4365820/1.868/1.93//2008-9-18 13:43:37
2106/580025/葛洲CWB1/1.885	13700	1.882	46900	1.881	23200	1.880	175800	1.879	1200	1.886	14800	1.887	142000	1.888	54800	1.889	75300	1.890	276300	/17368066//799799616/4422604/1.886/1.93//2008-9-18 13:44:37
2106/580025/葛洲CWB1/1.864	62627	1.862	218900	1.861	10000	1.860	47900	1.858	20600	1.865	255600	1.867	150700	1.868	160900	1.869	124400	1.870	10000	/17368066//814087040/4498568/1.868/1.93//2008-9-18 13:45:38
2106/580025/葛洲CWB1/1.869	212340	1.865	220000	1.864	26000	1.863	294100	1.862	985800	1.873	15600	1.874	1800	1.875	5000	1.876	4000	1.878	5000	/17368066//820905408/4535195/1.873/1.93//2008-9-18 13:46:39
2106/580025/葛洲CWB1/1.877	12400	1.876	301700	1.875	612800	1.874	48300	1.873	129000	1.879	195615	1.880	103480	1.881	28200	1.882	67900	1.883	134900	/17368066//825556096/4559970/1.879/1.93//2008-9-18 13:47:39
2106/580025/葛洲CWB1/1.861	6400	1.860	473900	1.859	30000	1.858	12900	1.857	282200	1.865	86900	1.866	6500	1.867	244500	1.868	441200	1.869	102900	/17368066//831810176/4593373/1.861/1.93//2008-9-18 13:48:40
2106/580025/葛洲CWB1/1.850	92700	1.849	2000	1.848	1000	1.843	90000	1.836	205000	1.853	5400	1.855	54200	1.856	45900	1.857	42100	1.858	21000	/17368066//836177024/4616865/1.85/1.93//2008-9-18 13:49:40
2106/580025/葛洲CWB1/1.826	5600	1.825	20000	1.823	30000	1.822	31201	1.820	18000	1.828	3000	1.830	112000	1.835	15400	1.836	165101	1.837	242900	/17368066//839161984/4633093/1.83/1.93//2008-9-18 13:50:41
2106/580025/葛洲CWB1/1.819	52600	1.818	299000	1.815	394470	1.814	6600	1.812	74600	1.820	211002	1.821	104500	1.822	25600	1.823	97300	1.824	289800	/17368066//845319360/4666878/1.819/1.93//2008-9-18 13:51:41
2106/580025/葛洲CWB1/1.822	453000	1.821	114700	1.820	1791490	1.819	1005300	1.818	1000000	1.823	268310	1.824	293400	1.825	338430	1.826	144600	1.828	238800	/17368066//854908288/4719507/1.823/1.93//2008-9-18 13:52:42
2106/580025/葛洲CWB1/1.820	437180	1.819	10300	1.818	4000	1.817	458300	1.816	294148	1.821	205530	1.822	319900	1.823	167100	1.824	55800	1.825	267199	/17368066//863360256/4765895/1.82/1.93//2008-9-18 13:53:42
2106/580025/葛洲CWB1/1.806	1100	1.801	27499	1.800	176700	1.796	36200	1.795	8600	1.811	32600	1.813	5000	1.814	2000	1.815	17900	1.816	90690	/17368066//868090560/4791947/1.811/1.93//2008-9-18 13:54:43
2106/580025/葛洲CWB1/1.801	34300	1.800	232000	1.794	5400	1.793	4400	1.792	1000	1.802	17771	1.807	13800	1.808	63000	1.809	698874	1.810	312200	/17368066//872101696/4952680/1.802/1.93//2008-9-18 13:55:44
2106/580025/葛洲CWB1/1.800	29600	1.799	5800	1.796	244200	1.795	136200	1.794	57800	1.801	479000	1.802	142100	1.803	17400	1.804	12800	1.805	166100	/17368066//879127872/4853208/1.8/1.93//2008-9-18 13:56:44
2106/580025/葛洲CWB1/1.812	108000	1.810	12000	1.809	1047180	1.808	473600	1.807	1017900	1.814	2200	1.815	59900	1.816	58000	1.817	65400	1.818	7500	/17368066//887248000/4898190/1.809/1.93//2008-9-18 13:57:45
2106/580025/葛洲CWB1/1.818	432400	1.817	1038482	1.816	229700	1.815	571600	1.814	11500	1.822	50400	1.823	38400	1.824	90000	1.825	6500	1.826	18400	/17368066//895908736/4945876/1.822/1.93//2008-9-18 13:58:45
2106/580025/葛洲CWB1/1.832	195300	1.831	430000	1.830	754992	1.829	152400	1.828	1780592	1.835	27100	1.836	23390	1.837	6500	1.838	3500	1.839	50000	/17368066//899738048/4966835/1.835/1.93//2008-9-18 13:59:46
2106/580025/葛洲CWB1/1.838	196342	1.837	119100	1.836	465200	1.835	733193	1.834	108800	1.839	429180	1.840	420400	1.842	26900	1.843	59408	1.844	52268	/17368066//908057152/5012114/1.838/1.93//2008-9-18 14:0:47
2106/580025/葛洲CWB1/1.826	26534	1.825	34700	1.824	10700	1.823	14600	1.822	56100	1.828	1400	1.829	302800	1.830	415100	1.831	39200	1.832	121900	/17368066//918430336/5068621/1.829/1.93//2008-9-18 14:1:47
2106/580025/葛洲CWB1/1.825	460101	1.824	93400	1.823	71034	1.822	423500	1.821	12400	1.830	785773	1.831	1600	1.832	110000	1.833	206100	1.834	68900	/17368066//925324928/5106430/1.825/1.93//2008-9-18 14:2:48
2106/580025/葛洲CWB1/1.837	589600	1.836	220368	1.835	352400	1.834	131500	1.833	68000	1.838	21724	1.839	19500	1.840	44400	1.842	48908	1.843	7408	/17368066//934549376/5156821/1.837/1.93//2008-9-18 14:3:48
2106/580025/葛洲CWB1/1.846	5000	1.841	37000	1.840	34600	1.839	2000	1.838	50000	1.848	728264	1.849	165500	1.850	188200	1.851	1100	1.852	100000	/17368066//944738944/5211869/1.846/1.93//2008-9-18 14:4:49
2106/580025/葛洲CWB1/1.833	31200	1.831	5500	1.830	1063111	1.829	6000	1.828	109300	1.834	102000	1.835	17100	1.836	388035	1.837	184300	1.838	617400	/17368066//952279616/5252888/1.834/1.93//2008-9-18 14:5:50
2106/580025/葛洲CWB1/1.852	39400	1.850	321200	1.847	39300	1.845	47500	1.843	36200	1.854	24109	1.858	134900	1.859	56000	1.860	191680	1.861	43100	/17368066//963667840/5314631/1.851/1.93//2008-9-18 14:6:50
2106/580025/葛洲CWB1/1.848	18500	1.847	1500	1.846	10100	1.845	24600	1.843	135000	1.850	808863	1.852	1000	1.854	111100	1.856	177566	1.857	81400	/17368066//975994176/5381192/1.85/1.93//2008-9-18 14:7:51
2106/580025/葛洲CWB1/1.858	149600	1.857	49500	1.856	206800	1.855	122200	1.854	287400	1.860	664582	1.861	72900	1.862	128700	1.863	30000	1.864	12400	/17368066//984013376/5424421/1.86/1.93//2008-9-18 14:8:51
2106/580025/葛洲CWB1/1.873	15000	1.871	7400	1.870	177900	1.869	185900	1.868	82200	1.876	3100	1.877	67300	1.879	29300	1.880	331520	1.881	49100	/17368066//992532032/5470058/1.871/1.93//2008-9-18 14:9:52
2106/580025/葛洲CWB1/1.863	4900	1.862	21200	1.861	99000	1.860	114600	1.858	102600	1.868	57850	1.869	84900	1.870	524908	1.871	142100	1.872	130308	/17368066//999626240/5507938/1.868/1.93//2008-9-18 14:10:53
2106/580025/葛洲CWB1/1.871	88500	1.870	31000	1.869	136400	1.868	48250	1.865	536600	1.872	45408	1.873	25000	1.874	40100	1.875	435810	1.876	66200	/17368066//1004349888/5698497/1.872/1.93//2008-9-18 14:11:53
2106/580025/葛洲CWB1/1.877	150400	1.875	5000	1.873	207500	1.872	1740100	1.871	2000	1.880	1147620	1.881	54400	1.882	36000	1.883	84300	1.884	6100	/17368066//1011489792/5571355/1.877/1.93//2008-9-18 14:12:54
2106/580025/葛洲CWB1/1.866	31300	1.863	20300	1.861	36900	1.860	110500	1.858	14000	1.868	6500	1.871	16000	1.872	686733	1.873	176100	1.874	96967	/17368066//1020519296/5619569/1.871/1.93//2008-9-18 14:13:55
2106/580025/葛洲CWB1/1.869	38483	1.868	51200	1.867	12900	1.866	103800	1.865	119900	1.870	45400	1.871	72000	1.872	132592	1.873	53400	1.874	17400	/17368066//1025826560/5647969/1.869/1.93//2008-9-18 14:14:55
2106/580025/葛洲CWB1/1.880	143398	1.879	225700	1.878	8200	1.877	139100	1.876	54500	1.882	13400	1.883	84300	1.884	5600	1.885	132000	1.886	14300	/17368066//1040434432/5725851/1.88/1.93//2008-9-18 14:15:56
2106/580025/葛洲CWB1/1.888	36300	1.886	508000	1.885	90000	1.882	138800	1.881	74700	1.889	127100	1.890	433600	1.891	63100	1.892	43800	1.893	485000	/17368066//1049701952/5775065/1.889/1.93//2008-9-18 14:16:56
2106/580025/葛洲CWB1/1.891	55700	1.890	556200	1.889	900	1.888	533000	1.887	303800	1.893	170500	1.894	19200	1.895	166300	1.896	63000	1.897	13300	/17368066//1063084864/5845906/1.893/1.93//2008-9-18 14:17:57
2106/580025/葛洲CWB1/1.886	24900	1.885	61934	1.884	13900	1.882	10000	1.881	110000	1.890	331000	1.891	50000	1.892	23800	1.893	500	1.894	408300	/17368066//1080720000/6641199/1.89/1.93//2008-9-18 14:18:58
2106/580025/葛洲CWB1/1.898	84100	1.897	3800	1.896	367600	1.895	55300	1.894	1400	1.899	108700	1.900	316700	1.901	34500	1.902	200	1.903	20400	/17368066//1093777792/6008079/1.898/1.93//2008-9-18 14:19:58
2106/580025/葛洲CWB1/1.905	2100	1.903	61400	1.902	925100	1.901	1274447	1.900	697600	1.906	197000	1.907	14800	1.909	343800	1.910	240800	1.911	5000	/17368066//1107436416/6079918/1.906/1.93//2008-9-18 14:20:59
2106/580025/葛洲CWB1/1.915	40900	1.914	200200	1.913	420500	1.912	265600	1.911	522600	1.917	34988	1.918	179434	1.919	46500	1.920	103501	1.921	15000	/17368066//1117511808/6132718/1.917/1.93//2008-9-18 14:22:0
2106/580025/葛洲CWB1/1.925	173900	1.924	280000	1.923	375900	1.922	740700	1.921	1266500	1.926	39600	1.928	11500	1.929	53100	1.930	107600	1.932	3000	/17368066//1123482368/6163806/1.926/1.93//2008-9-18 14:23:0
2106/580025/葛洲CWB1/1.924	173900	1.923	137600	1.922	56100	1.921	199100	1.920	403800	1.925	54500	1.926	7800	1.927	7000	1.928	103600	1.929	131600	/17368066//1137051904/6234145/1.924/1.93//2008-9-18 14:24:1
2106/580025/葛洲CWB1/1.908	118500	1.907	50000	1.906	800	1.905	20000	1.904	500	1.910	363600	1.912	94200	1.915	107700	1.916	93800	1.917	681700	/17368066//1146723200/6284504/1.908/1.93//2008-9-18 14:25:2
2106/580025/葛洲CWB1/1.881	25000	1.879	4934	1.876	800	1.872	110500	1.871	1500	1.888	13000	1.890	699400	1.892	57300	1.894	1900	1.895	101700	/17368066//1150915328/6306594/1.881/1.93//2008-9-18 14:26:2
2106/580025/葛洲CWB1/1.879	294100	1.877	8200	1.876	22100	1.875	14000	1.873	400	1.881	135100	1.884	426700	1.885	100100	1.886	30000	1.888	3000	/17368066//1160887168/6359590/1.881/1.93//2008-9-18 14:27:3
2106/580025/葛洲CWB1/1.859	3300	1.857	45400	1.856	12800	1.855	12400	1.851	31000	1.860	760847	1.863	25700	1.865	319800	1.866	161500	1.870	152200	/17368066//1166985728/6392248/1.86/1.93//2008-9-18 14:28:4
2106/580025/葛洲CWB1/1.845	14200	1.843	7000	1.842	2400	1.841	60000	1.840	49200	1.850	236924	1.851	214100	1.852	71000	1.853	24000	1.854	48300	/17368066//1177003648/6446251/1.85/1.93//2008-9-18 14:29:4
2106/580025/葛洲CWB1/1.843	22100	1.840	306948	1.839	4400	1.838	2000	1.836	8000	1.844	25300	1.850	499644	1.851	35700	1.852	4400	1.854	33100	/17368066//1183963648/6484025/1.843/1.93//2008-9-18 14:30:5
2106/580025/葛洲CWB1/1.852	15600	1.851	46300	1.850	2125250	1.849	376600	1.848	388800	1.854	136000	1.855	50000	1.856	37700	1.857	9700	1.858	9000	/17368066//1189643008/6514731/1.854/1.93//2008-9-18 14:31:6
2106/580025/葛洲CWB1/1.859	190600	1.858	43800	1.857	1043100	1.856	136500	1.855	281300	1.860	467482	1.861	7000	1.862	47400	1.863	97200	1.864	411090	/17368066//1194824320/6542662/1.86/1.93//2008-9-18 14:32:6
2106/580025/葛洲CWB1/1.863	560700	1.862	925600	1.861	447300	1.860	1641550	1.859	104900	1.864	107390	1.865	125800	1.866	119100	1.867	20000	1.869	22000	/17368066//1201147264/6576632/1.864/1.93//2008-9-18 14:33:7
2106/580025/葛洲CWB1/1.878	89900	1.877	250300	1.876	653000	1.875	119900	1.874	17600	1.879	42300	1.880	19600	1.881	22800	1.883	1500	1.884	36000	/17368066//1206137728/6603304/1.878/1.93//2008-9-18 14:34:8
2106/580025/葛洲CWB1/1.891	9100	1.890	123200	1.889	180418	1.888	163600	1.887	193500	1.893	3900	1.895	700	1.896	7000	1.897	19000	1.898	3300	/17368066//1210337280/6625572/1.891/1.93//2008-9-18 14:35:8
2106/580025/葛洲CWB1/1.895	2600	1.893	82400	1.891	196200	1.890	234900	1.889	164300	1.896	1000	1.898	283214	1.899	211500	1.900	213200	1.902	10000	/17368066//1217765120/6664760/1.898/1.93//2008-9-18 14:36:9
2106/580025/葛洲CWB1/1.863	62500	1.862	365700	1.861	338800	1.860	9300	1.858	35000	1.865	21600	1.866	1400	1.868	87741	1.869	5400	1.870	24700	/17368066//1227008640/6713970/1.863/1.93//2008-9-18 14:37:10
2106/580025/葛洲CWB1/1.851	23600	1.850	511300	1.849	5100	1.848	126700	1.847	10200	1.852	9100	1.853	17100	1.854	16300	1.855	36900	1.856	30000	/17368066//1231844096/6739931/1.851/1.93//2008-9-18 14:38:10
2106/580025/葛洲CWB1/1.862	8900	1.860	64600	1.858	110300	1.855	1037000	1.853	7000	1.866	389899	1.869	2000	1.870	332800	1.871	4700	1.872	39400	/17368066//1244963456/6810565/1.866/1.93//2008-9-18 14:39:11
2106/580025/葛洲CWB1/1.876	10000	1.873	175530	1.872	28600	1.870	323901	1.866	50900	1.879	5100	1.880	407900	1.883	1000	1.884	6000	1.885	80300	/17368066//1254023040/6859104/1.873/1.93//2008-9-18 14:40:12
2106/580025/葛洲CWB1/1.860	135000	1.856	400	1.854	40000	1.851	23500	1.850	201300	1.862	34798	1.863	2500	1.864	50000	1.865	169582	1.866	4900	/17368066//1265057024/6918285/1.86/1.93//2008-9-18 14:41:12
2106/580025/葛洲CWB1/1.863	71100	1.862	355390	1.861	16800	1.860	459000	1.859	489800	1.864	183000	1.865	107900	1.866	25900	1.868	8800	1.869	183000	/17368066//1271740160/6954188/1.864/1.93//2008-9-18 14:42:13
2106/580025/葛洲CWB1/1.856	234520	1.855	7900	1.854	41000	1.852	15000	1.851	218000	1.860	75300	1.861	112200	1.862	199200	1.863	95500	1.864	29400	/17368066//1280808192/7002833/1.86/1.93//2008-9-18 14:43:14
2106/580025/葛洲CWB1/1.852	7220	1.851	170300	1.850	296500	1.849	4000	1.848	47701	1.857	211000	1.858	174200	1.860	278100	1.861	15000	1.862	128490	/17368066//1287339008/7037968/1.857/1.93//2008-9-18 14:44:14
2106/580025/葛洲CWB1/1.833	9300	1.832	11100	1.831	6000	1.830	88300	1.829	3900	1.837	261698	1.838	20600	1.840	338600	1.841	411800	1.842	102800	/17368066//1292992640/7068621/1.837/1.93//2008-9-18 14:45:15
2106/580025/葛洲CWB1/1.825	387320	1.824	48000	1.823	55600	1.822	260400	1.821	1944360	1.827	107500	1.828	125900	1.829	24000	1.830	8400	1.831	5600	/17368066//1297691264/7094337/1.827/1.93//2008-9-18 14:46:16
2106/580025/葛洲CWB1/1.812	142900	1.811	203500	1.810	229600	1.808	2900	1.807	10700	1.813	289500	1.815	103000	1.818	900	1.819	151800	1.820	251758	/17368066//1308102400/7151524/1.812/1.93//2008-9-18 14:47:16
2106/580025/葛洲CWB1/1.823	1500	1.822	80300	1.821	38700	1.820	152042	1.819	12100	1.824	105400	1.825	503700	1.828	8100	1.829	62400	1.830	122000	/17368066//1318375808/7207936/1.824/1.93//2008-9-18 14:48:17
2106/580025/葛洲CWB1/1.815	107300	1.813	20000	1.812	3100	1.811	79300	1.810	338100	1.816	93700	1.818	252458	1.819	33624	1.820	175090	1.821	113300	/17368066//1323288960/7234942/1.815/1.93//2008-9-18 14:49:18
2106/580025/葛洲CWB1/1.813	89500	1.812	176600	1.811	1350300	1.810	409800	1.809	20000	1.814	54010	1.818	278000	1.819	71823	1.820	259490	1.821	86000	/17368066//1327060608/7255733/1.813/1.93//2008-9-18 14:50:18
2106/580025/葛洲CWB1/1.833	17200	1.832	39600	1.831	352700	1.830	302500	1.829	222900	1.835	25500	1.837	72298	1.838	4600	1.839	9500	1.840	57700	/17368066//1335382016/7301399/1.835/1.93//2008-9-18 14:51:19
2106/580025/葛洲CWB1/1.839	54289	1.838	87400	1.837	59200	1.836	229400	1.835	206200	1.840	547600	1.841	166000	1.842	200200	1.843	3000	1.845	5000	/17368066//1340076544/7326979/1.839/1.93//2008-9-18 14:52:20
2106/580025/葛洲CWB1/1.856	150900	1.850	320200	1.849	29500	1.848	319800	1.847	47900	1.857	46100	1.858	93000	1.859	22018	1.860	160300	1.861	30000	/17368066//1350795904/7385015/1.856/1.93//2008-9-18 14:53:21
2106/580025/葛洲CWB1/1.859	119000	1.858	251000	1.857	218382	1.856	46800	1.855	65600	1.860	665951	1.862	175618	1.863	330250	1.864	23500	1.865	344300	/17368066//1357791488/7422662/1.859/1.93//2008-9-18 14:54:21
2106/580025/葛洲CWB1/1.853	98300	1.851	177200	1.850	309790	1.849	500	1.848	1200	1.854	329700	1.855	55100	1.856	104900	1.857	53400	1.858	117500	/17368066//1364046976/7456402/1.853/1.93//2008-9-18 14:55:22
2106/580025/葛洲CWB1/1.848	120403	1.842	308500	1.839	54000	1.838	5300	1.836	27300	1.850	2200	1.851	26200	1.853	26200	1.854	206710	1.855	59800	/17368066//1374300800/7511818/1.848/1.93//2008-9-18 14:56:23
2106/580025/葛洲CWB1/1.845	255300	1.844	29200	1.843	81300	1.842	11503	1.841	36100	1.848	129600	1.849	378651	1.850	913300	1.851	121600	1.852	99100	/17368066//1378863616/7536489/1.848/1.93//2008-9-18 14:57:23
2106/580025/葛洲CWB1/1.848	166800	1.845	314904	1.843	50000	1.842	32100	1.841	629803	1.850	849300	1.851	92200	1.852	92300	1.853	38300	1.854	218810	/17368066//1389098624/7591918/1.848/1.93//2008-9-18 14:58:24
2106/580025/葛洲CWB1/1.848	79000	1.847	6600	1.846	44100	1.845	918154	1.843	700	1.849	143900	1.850	898050	1.851	104700	1.852	70700	1.853	81300	/17368066//1395463424/7626344/1.848/1.93//2008-9-18 14:59:25
2106/580025/葛洲CWB1/1.840	312757	1.839	35000	1.838	13100	1.836	512800	1.835	10000	1.841	300	1.845	337900	1.846	2200	1.847	779200	1.848	879910	/17368066//1401014016/7656430/1.845/1.93//2008-9-18 15:0:26
2106/580025/葛洲CWB1/1.840	312757	1.839	35000	1.838	13100	1.836	512800	1.835	10000	1.841	300	1.845	337900	1.846	2200	1.847	779200	1.848	879910	/17368066//1401014016/7656430/1.845/1.93//2008-9-18 15:1:26
2106/580025/葛洲CWB1/1.840	312757	1.839	35000	1.838	13100	1.836	512800	1.835	10000	1.841	300	1.845	337900	1.846	2200	1.847	779200	1.848	879910	/17368066//1401014016/7656430/1.845/1.93//2008-9-18 15:2:27
