2104/580023/康美CWB1/2.479	9100	2.475	2600	2.471	10000	2.470	65200	2.469	17100	2.480	60000	2.485	1400	2.486	2600	2.490	32000	2.495	1500	/17368064//5220047/21196/2.479/2.531//2008-9-18 9:31:34
2104/580023/康美CWB1/2.469	17100	2.468	6000	2.466	29000	2.465	5000	2.464	24500	2.474	43709	2.476	16350	2.478	5000	2.479	12200	2.480	10700	/17368064//6667231/27044/2.474/2.531//2008-9-18 9:32:35
2104/580023/康美CWB1/2.470	23500	2.468	8400	2.466	29000	2.465	7000	2.464	24500	2.474	9400	2.475	327200	2.476	118700	2.477	4100	2.479	9000	/17368064//9261613/37528/2.474/2.531//2008-9-18 9:33:35
2104/580023/康美CWB1/2.463	7800	2.462	17200	2.461	12000	2.460	239500	2.456	1400	2.466	155200	2.468	3500	2.470	50000	2.471	4000	2.474	11485	/17368064//10714522/43413/2.466/2.531//2008-9-18 9:34:35
2104/580023/康美CWB1/2.442	1400	2.441	1000	2.440	44100	2.438	1000	2.431	15000	2.445	4500	2.450	31900	2.451	500	2.452	5000	2.453	60000	/17368064//13333539/54084/2.445/2.531//2008-9-18 9:35:35
2104/580023/康美CWB1/2.438	5700	2.433	57301	2.432	1000	2.431	33500	2.430	201300	2.440	218700	2.442	21000	2.445	800	2.446	1000	2.448	19000	/17368064//15355141/148815/2.438/2.531//2008-9-18 9:36:36
2104/580023/康美CWB1/2.433	96800	2.432	13700	2.430	6900	2.429	1000	2.426	2500	2.434	31300	2.435	7200	2.436	64500	2.437	31499	2.438	21900	/17368064//16853596/68548/2.433/2.531//2008-9-18 9:37:36
2104/580023/康美CWB1/2.431	32700	2.430	24800	2.426	2500	2.425	16500	2.424	7900	2.433	30800	2.434	30000	2.435	47210	2.438	4000	2.439	64600	/17368064//19326916/78699/2.433/2.531//2008-9-18 9:38:36
2104/580023/康美CWB1/2.434	30400	2.433	162200	2.432	131200	2.431	22951	2.430	17700	2.435	5100	2.436	2460	2.438	45600	2.439	8800	2.440	185700	/17368064//21170578/86285/2.434/2.531//2008-9-18 9:39:36
2104/580023/康美CWB1/2.455	71665	2.453	112300	2.451	1000	2.450	121800	2.449	93900	2.458	72900	2.462	200	2.465	1000	2.468	100	2.469	3000	/17368064//25182550/102667/2.455/2.531//2008-9-18 9:40:36
2104/580023/康美CWB1/2.453	83000	2.452	430400	2.450	62000	2.449	2000	2.448	3000	2.457	40000	2.458	39100	2.459	9100	2.460	582800	2.461	4700	/17368064//27950968/113947/2.457/2.531//2008-9-18 9:41:37
2104/580023/康美CWB1/2.450	88450	2.449	2000	2.448	3000	2.445	10000	2.443	3000	2.452	50159	2.453	138100	2.454	100800	2.455	144818	2.456	81985	/17368064//29885996/121831/2.452/2.531//2008-9-18 9:42:37
2104/580023/康美CWB1/2.453	55300	2.452	98300	2.451	11900	2.450	394600	2.449	22900	2.454	2800	2.455	12700	2.456	47200	2.457	16800	2.458	34100	/17368064//31917608/130122/2.453/2.531//2008-9-18 9:43:37
2104/580023/康美CWB1/2.456	30890	2.455	12400	2.454	39000	2.453	91900	2.451	52700	2.458	68200	2.459	21700	2.460	57000	2.461	12900	2.462	200	/17368064//35479136/144630/2.455/2.531//2008-9-18 9:44:37
2104/580023/康美CWB1/2.444	9500	2.442	89800	2.441	32600	2.440	323500	2.439	6300	2.448	3700	2.449	1100	2.450	41790	2.453	192400	2.454	111500	/17368064//38285364/156072/2.448/2.531//2008-9-18 9:45:37
2104/580023/康美CWB1/2.450	14900	2.449	11600	2.448	5300	2.447	1000	2.446	3800	2.451	67900	2.452	270600	2.453	256972	2.454	117300	2.455	11400	/17368064//39893608/162634/2.45/2.531//2008-9-18 9:46:38
2104/580023/康美CWB1/2.450	69300	2.449	10900	2.448	5500	2.447	70400	2.446	18900	2.451	1400	2.452	42900	2.453	231772	2.454	117300	2.455	14100	/17368064//41147680/167755/2.45/2.531//2008-9-18 9:47:38
2104/580023/康美CWB1/2.447	55900	2.446	7000	2.445	16500	2.444	21700	2.443	1400	2.448	8700	2.449	122685	2.450	102000	2.451	98400	2.452	25300	/17368064//43087432/175667/2.448/2.531//2008-9-18 9:48:38
2104/580023/康美CWB1/2.447	260200	2.446	100	2.445	203100	2.444	7000	2.443	2000	2.449	3100	2.451	1100	2.452	6000	2.453	45000	2.454	28200	/17368064//47505092/193736/2.447/2.531//2008-9-18 9:49:39
2104/580023/康美CWB1/2.437	19200	2.436	7000	2.435	15000	2.434	24800	2.431	15000	2.438	57700	2.440	205900	2.441	6200	2.442	400	2.445	15100	/17368064//49757560/202955/2.437/2.531//2008-9-18 9:50:39
2104/580023/康美CWB1/2.413	29400	2.412	47400	2.411	78700	2.410	22800	2.409	47000	2.416	7000	2.418	19400	2.420	41600	2.422	13500	2.423	62400	/17368064//51655864/213355/2.412/2.531//2008-9-18 9:51:39
2104/580023/康美CWB1/2.405	16200	2.401	22200	2.400	467500	2.398	2000	2.396	20000	2.406	1000	2.407	101900	2.408	239900	2.409	23300	2.410	359200	/17368064//55566808/227001/2.405/2.531//2008-9-18 9:52:39
2104/580023/康美CWB1/2.381	2100	2.380	8200	2.378	20000	2.373	30000	2.370	4700	2.386	70100	2.395	85000	2.396	231772	2.397	29500	2.398	37600	/17368064//58095924/237552/2.388/2.531//2008-9-18 9:53:40
2104/580023/康美CWB1/2.388	5000	2.387	25000	2.386	33400	2.384	7900	2.383	59800	2.392	10800	2.393	10300	2.394	151500	2.395	91900	2.396	187172	/17368064//61558336/252053/2.392/2.531//2008-9-18 9:54:40
2104/580023/康美CWB1/2.375	6700	2.371	25500	2.370	186800	2.366	2300	2.365	2000	2.380	64000	2.381	3500	2.382	10200	2.383	7800	2.386	87500	/17368064//64125480/262813/2.38/2.531//2008-9-18 9:55:40
2104/580023/康美CWB1/2.380	460246	2.373	514600	2.372	3000	2.371	18500	2.370	158715	2.381	20400	2.383	1014100	2.385	26500	2.386	28400	2.388	177100	/17368064//69862352/286956/2.38/2.531//2008-9-18 9:56:41
2104/580023/康美CWB1/2.383	48600	2.382	26700	2.381	50546	2.380	124000	2.379	65300	2.385	65900	2.388	157100	2.389	30000	2.390	69500	2.392	14435	/17368064//75819296/311965/2.383/2.531//2008-9-18 9:57:41
2104/580023/康美CWB1/2.375	17200	2.374	2400	2.373	24400	2.372	43200	2.371	11000	2.377	154200	2.378	64100	2.380	26600	2.383	134300	2.384	30650	/17368064//80176568/330251/2.377/2.531//2008-9-18 9:58:41
2104/580023/康美CWB1/2.380	600	2.379	132228	2.378	10200	2.376	136500	2.375	113800	2.383	200	2.384	8650	2.385	35200	2.386	34000	2.387	1000	/17368064//82700504/340878/2.38/2.531//2008-9-18 9:59:41
2104/580023/康美CWB1/2.378	52000	2.377	30000	2.376	40900	2.375	81000	2.374	4000	2.379	34300	2.380	156400	2.381	18907	2.382	20552	2.383	109300	/17368064//85554056/352861/2.379/2.531//2008-9-18 10:0:42
2104/580023/康美CWB1/2.358	104000	2.356	139800	2.355	90000	2.354	14600	2.353	500	2.360	230700	2.361	9400	2.363	900	2.364	1100	2.365	131500	/17368064//87473072/360965/2.36/2.531//2008-9-18 10:1:42
2104/580023/康美CWB1/2.363	62400	2.362	20000	2.360	95400	2.358	24800	2.357	51400	2.368	32900	2.370	44700	2.374	54100	2.378	100000	2.380	79350	/17368064//92859504/383793/2.363/2.36//2008-9-18 10:2:42
2104/580023/康美CWB1/2.363	19900	2.362	74800	2.361	62500	2.360	262700	2.359	1900	2.365	28400	2.366	38150	2.367	7900	2.368	53000	2.369	8000	/17368064//95053744/393074/2.365/2.36//2008-9-18 10:3:42
2104/580023/康美CWB1/2.368	225300	2.367	2000	2.366	35900	2.365	32405	2.364	5800	2.369	54000	2.370	179100	2.372	1800	2.373	20000	2.374	55700	/17368064//98387240/407170/2.368/2.36//2008-9-18 10:4:43
2104/580023/康美CWB1/2.370	13000	2.369	89300	2.368	85300	2.367	33700	2.366	198800	2.373	9700	2.376	9600	2.377	22000	2.378	100000	2.380	89600	/17368064//101177728/418950/2.373/2.36//2008-9-18 10:5:43
2104/580023/康美CWB1/2.361	32305	2.360	229100	2.359	7400	2.358	5300	2.357	107900	2.363	27800	2.365	19400	2.366	100	2.368	111300	2.369	3000	/17368064//103260496/427746/2.363/2.36//2008-9-18 10:6:43
2104/580023/康美CWB1/2.345	105000	2.342	52700	2.341	500	2.340	19900	2.333	30000	2.350	96627	2.351	1000	2.354	6500	2.357	15000	2.358	50100	/17368064//107083928/501404/2.35/2.36//2008-9-18 10:7:44
2104/580023/康美CWB1/2.375	50500	2.366	156000	2.365	1100	2.364	100800	2.363	6900	2.378	5600	2.379	28895	2.380	72400	2.381	6800	2.382	22900	/17368064//110739272/459449/2.375/2.36//2008-9-18 10:8:44
2104/580023/康美CWB1/2.373	16000	2.372	31800	2.371	3100	2.370	413000	2.369	700	2.374	88400	2.375	39500	2.376	119100	2.377	31800	2.379	11995	/17368064//112738664/467879/2.373/2.36//2008-9-18 10:9:44
2104/580023/康美CWB1/2.368	6000	2.367	20000	2.366	12000	2.365	32500	2.364	2400	2.370	94199	2.371	114000	2.372	43300	2.373	29600	2.374	13400	/17368064//114969272/477280/2.37/2.36//2008-9-18 10:10:44
2104/580023/康美CWB1/2.369	32100	2.368	1600	2.367	80000	2.366	35900	2.365	20500	2.370	149000	2.371	9500	2.372	2399	2.373	7200	2.374	22200	/17368064//116531368/483873/2.37/2.36//2008-9-18 10:11:45
2104/580023/康美CWB1/2.378	35025	2.375	1000	2.370	109601	2.369	3100	2.368	3700	2.380	85600	2.381	206200	2.382	22900	2.383	10000	2.384	1000	/17368064//119066040/494557/2.378/2.36//2008-9-18 10:12:45
2104/580023/康美CWB1/2.373	16800	2.372	28575	2.371	2100	2.370	89000	2.369	1900	2.374	2075	2.376	51400	2.377	500	2.378	73000	2.379	15400	/17368064//120299072/499752/2.373/2.36//2008-9-18 10:13:45
2104/580023/康美CWB1/2.368	5000	2.367	5800	2.366	5000	2.365	27200	2.364	2400	2.369	3500	2.370	89300	2.372	64900	2.373	75800	2.374	51000	/17368064//121075656/503027/2.369/2.36//2008-9-18 10:14:46
2104/580023/康美CWB1/2.374	4800	2.373	17700	2.372	43400	2.371	11000	2.370	58700	2.375	131000	2.376	102400	2.377	500	2.378	18600	2.379	42200	/17368064//122416128/508679/2.374/2.36//2008-9-18 10:15:46
2104/580023/康美CWB1/2.384	6000	2.383	357141	2.382	30900	2.381	217600	2.380	16500	2.386	145500	2.389	35800	2.390	75500	2.391	16800	2.392	1100	/17368064//125668376/522345/2.389/2.36//2008-9-18 10:16:46
2104/580023/康美CWB1/2.376	5250	2.374	27900	2.372	94400	2.371	2600	2.370	19400	2.377	300	2.378	8200	2.379	123000	2.380	54700	2.381	5172	/17368064//127608080/530490/2.377/2.36//2008-9-18 10:17:47
2104/580023/康美CWB1/2.376	74150	2.375	372100	2.374	500	2.373	1500	2.372	8100	2.377	160200	2.379	122000	2.380	161500	2.381	11400	2.382	49400	/17368064//130836984/544064/2.377/2.36//2008-9-18 10:18:47
2104/580023/康美CWB1/2.368	33900	2.367	50000	2.366	5000	2.365	6500	2.363	4700	2.369	89700	2.373	118900	2.377	5800	2.378	2100	2.381	1400	/17368064//135098816/562021/2.369/2.36//2008-9-18 10:19:47
2104/580023/康美CWB1/2.374	34224	2.373	33600	2.372	70800	2.371	18500	2.370	95000	2.375	123000	2.376	51900	2.377	73300	2.378	32100	2.379	2000	/17368064//137629344/587534/2.375/2.36//2008-9-18 10:20:48
2104/580023/康美CWB1/2.362	3900	2.361	3000	2.360	56100	2.358	30000	2.357	3000	2.364	635800	2.366	13100	2.367	9100	2.369	26200	2.370	271172	/17368064//140741568/585819/2.362/2.36//2008-9-18 10:21:48
2104/580023/康美CWB1/2.356	57300	2.355	224100	2.354	95200	2.353	8400	2.352	12800	2.358	21700	2.360	43772	2.363	9200	2.367	9100	2.370	12000	/17368064//141523040/589133/2.356/2.36//2008-9-18 10:22:48
2104/580023/康美CWB1/2.350	5000	2.349	8300	2.347	31000	2.346	1200	2.345	50600	2.351	41600	2.354	2500	2.355	85799	2.358	32000	2.359	2672	/17368064//144750208/602845/2.351/2.36//2008-9-18 10:23:48
2104/580023/康美CWB1/2.352	4200	2.351	61400	2.350	3200	2.349	5900	2.348	37100	2.354	24700	2.355	25400	2.356	30000	2.358	200	2.359	40000	/17368064//146634912/610864/2.354/2.36//2008-9-18 10:24:49
2104/580023/康美CWB1/2.348	29927	2.347	133000	2.346	21100	2.345	63950	2.344	3000	2.350	58699	2.352	51300	2.353	7100	2.354	5000	2.355	25400	/17368064//148056656/616915/2.348/2.36//2008-9-18 10:25:49
2104/580023/康美CWB1/2.320	27300	2.318	102700	2.315	41400	2.311	3000	2.310	2700	2.330	36300	2.333	19573	2.334	10000	2.337	7000	2.338	38700	/17368064//149716144/624002/2.318/2.36//2008-9-18 10:26:49
2104/580023/康美CWB1/2.327	26327	2.326	23000	2.325	45100	2.324	2000	2.323	105600	2.330	53700	2.334	7500	2.335	11400	2.336	6400	2.338	52700	/17368064//152897168/637659/2.33/2.36//2008-9-18 10:27:50
2104/580023/康美CWB1/2.326	2800	2.325	87500	2.324	71400	2.323	14000	2.322	37200	2.328	56821	2.329	31200	2.330	85324	2.331	300	2.334	7500	/17368064//154804400/645850/2.328/2.36//2008-9-18 10:28:50
2104/580023/康美CWB1/2.315	39400	2.311	13400	2.310	27100	2.307	2000	2.306	10600	2.318	48525	2.320	88800	2.322	1800	2.323	61900	2.325	7541	/17368064//156940288/655046/2.315/2.36//2008-9-18 10:29:50
2104/580023/康美CWB1/2.304	142100	2.303	106900	2.302	203800	2.301	474100	2.300	79900	2.305	60241	2.308	207100	2.309	121700	2.310	174900	2.311	25200	/17368064//158559408/662061/2.305/2.36//2008-9-18 10:30:51
2104/580023/康美CWB1/2.290	40200	2.289	3000	2.288	400	2.284	527800	2.283	51000	2.299	40600	2.300	302599	2.301	144600	2.303	89000	2.304	80841	/17368064//161688400/675653/2.299/2.36//2008-9-18 10:31:51
2104/580023/康美CWB1/2.282	10400	2.280	1000	2.278	23000	2.276	3000	2.272	4000	2.284	58200	2.285	25375	2.286	35441	2.287	34700	2.288	45370	/17368064//165062064/690418/2.282/2.36//2008-9-18 10:32:51
2104/580023/康美CWB1/2.266	25000	2.265	59100	2.264	59700	2.263	10600	2.262	50200	2.270	68700	2.271	6000	2.272	93400	2.274	30700	2.275	5100	/17368064//166168320/695279/2.27/2.36//2008-9-18 10:33:52
2104/580023/康美CWB1/2.251	20900	2.250	45500	2.246	500	2.241	8700	2.240	14500	2.260	5000	2.261	100	2.266	1100901	2.267	109700	2.269	35700	/17368064//170172320/712948/2.261/2.36//2008-9-18 10:34:52
2104/580023/康美CWB1/2.233	123100	2.232	87500	2.231	32200	2.230	28900	2.228	782000	2.238	65000	2.240	1007300	2.241	119670	2.246	43600	2.248	5600	/17368064//172119504/721635/2.233/2.36//2008-9-18 10:35:52
2104/580023/康美CWB1/2.236	42401	2.235	4500	2.233	2300	2.231	163200	2.230	24000	2.237	100	2.238	40301	2.239	61200	2.240	365900	2.241	15400	/17368064//175649216/737443/2.237/2.36//2008-9-18 10:36:53
2104/580023/康美CWB1/2.240	48400	2.238	22700	2.237	700	2.236	36900	2.235	119000	2.241	86701	2.244	36600	2.245	6000	2.246	5600	2.249	30000	/17368064//178208960/748879/2.24/2.36//2008-9-18 10:37:53
2104/580023/康美CWB1/2.240	4500	2.238	2800	2.237	100	2.236	1400	2.235	87100	2.242	300	2.244	39200	2.245	123500	2.247	95000	2.248	104000	/17368064//180838992/760622/2.242/2.36//2008-9-18 10:38:53
2104/580023/康美CWB1/2.229	467200	2.220	2000	2.212	48200	2.211	270600	2.208	27100	2.232	18400	2.233	76600	2.235	48700	2.237	4000	2.238	61000	/17368064//184672144/777827/2.229/2.36//2008-9-18 10:39:54
2104/580023/康美CWB1/2.218	48100	2.217	123600	2.216	900	2.215	23000	2.214	47800	2.220	1080	2.222	4100	2.223	55000	2.225	6400	2.226	3600	/17368064//187317120/789727/2.218/2.36//2008-9-18 10:40:54
2104/580023/康美CWB1/2.177	2000	2.167	7400	2.166	64200	2.164	10000	2.160	61000	2.184	41700	2.188	23212	2.190	12200	2.191	1800	2.194	64400	/17368064//190247376/803043/2.177/2.36//2008-9-18 10:41:54
2104/580023/康美CWB1/2.182	700	2.180	116400	2.177	6800	2.176	57400	2.175	230100	2.183	25000	2.184	4200	2.185	55600	2.188	29212	2.190	82400	/17368064//192823392/814873/2.182/2.36//2008-9-18 10:42:55
2104/580023/康美CWB1/2.175	16600	2.173	110000	2.170	558315	2.169	2000	2.168	18200	2.176	10700	2.179	108293	2.180	320180	2.181	13900	2.182	49970	/17368064//197083520/834443/2.179/2.36//2008-9-18 10:43:55
2104/580023/康美CWB1/2.150	26400	2.145	20300	2.142	600	2.140	700	2.134	63500	2.158	25100	2.159	70300	2.160	91700	2.164	7600	2.165	12200	/17368064//199583136/846662/2.15/2.36//2008-9-18 10:44:56
2104/580023/康美CWB1/2.137	5000	2.136	155600	2.133	9800	2.132	42400	2.131	5000	2.140	30800	2.141	62000	2.142	470280	2.143	3600	2.144	9400	/17368064//202045328/857463/2.136/2.36//2008-9-18 10:45:56
2104/580023/康美CWB1/2.083	44200	2.080	6300	2.075	1000	2.073	6100	2.072	4200	2.088	13400	2.090	9600	2.092	65500	2.095	5700	2.096	24950	/17368064//203738112/865463/2.088/2.36//2008-9-18 10:46:56
2104/580023/康美CWB1/2.069	162600	0.000	0	0.000	0	0.000	0	0.000	0	2.069	2563544	2.070	175700	2.071	64500	2.072	131600	2.073	13900	/17368064//206250096/877593/2.069/2.36//2008-9-18 10:47:57
2104/580023/康美CWB1/2.069	162600	0.000	0	0.000	0	0.000	0	0.000	0	2.069	3031616	2.070	129599	2.071	59100	2.072	6100	2.073	5000	/17368064//208750064/889676/2.069/2.36//2008-9-18 10:48:57
2104/580023/康美CWB1/2.069	162600	0.000	0	0.000	0	0.000	0	0.000	0	2.069	1592296	2.070	107000	2.071	2600	2.072	4600	2.073	300	/17368064//212865936/909569/2.069/2.36//2008-9-18 10:49:57
2104/580023/康美CWB1/2.069	850300	0.000	0	0.000	0	0.000	0	0.000	0	2.070	21900	2.075	5600	2.077	16996	2.078	30200	2.079	77500	/17368064//219453952/941376/2.069/2.36//2008-9-18 10:50:58
2104/580023/康美CWB1/2.090	914600	2.089	40000	2.086	6400	2.085	3600	2.083	74500	2.099	68500	2.100	121100	2.101	6700	2.110	12400	2.111	3800	/17368064//222284192/954983/2.09/2.36//2008-9-18 10:51:58
2104/580023/康美CWB1/2.098	900	2.097	21100	2.096	21200	2.095	45600	2.093	11900	2.104	4300	2.110	14300	2.111	3800	2.117	17800	2.118	3000	/17368064//226012256/972759/2.098/2.36//2008-9-18 10:52:58
2104/580023/康美CWB1/2.103	9500	2.102	68100	2.101	237500	2.100	215600	2.099	4400	2.110	85985	2.115	28000	2.120	1500	2.121	2000	2.122	10000	/17368064//229614768/989908/2.102/2.36//2008-9-18 10:53:59
2104/580023/康美CWB1/2.102	11200	2.101	56000	2.100	161300	2.099	7000	2.098	173350	2.103	674600	2.106	500	2.109	6000	2.110	38800	2.111	8000	/17368064//231401680/998378/2.103/2.36//2008-9-18 10:54:59
2104/580023/康美CWB1/2.090	19300	2.083	286600	2.081	112600	2.080	229300	2.079	3300	2.095	11000	2.097	193650	2.098	31600	2.099	10700	2.100	209500	/17368064//234012912/1011515/2.09/2.36//2008-9-18 10:56:0
2104/580023/康美CWB1/2.093	17900	2.091	9600	2.090	50700	2.088	175600	2.086	16700	2.096	160200	2.101	6685	2.102	1300	2.103	10000	2.110	62400	/17368064//235744112/1019083/2.096/2.36//2008-9-18 10:57:0
2104/580023/康美CWB1/2.093	2300	2.092	100	2.091	11700	2.090	16100	2.089	57000	2.094	49200	2.095	393201	2.097	10900	2.100	382785	2.103	10000	/17368064//238611040/1037704/2.094/2.36//2008-9-18 10:58:0
2104/580023/康美CWB1/2.105	19700	2.103	69440	2.100	14000	2.097	184100	2.096	6200	2.108	145086	2.109	38850	2.110	62400	2.112	160700	2.113	22512	/17368064//240619632/1042335/2.105/2.36//2008-9-18 10:59:1
2104/580023/康美CWB1/2.131	9200	2.129	54300	2.128	30000	2.122	9400	2.121	397700	2.141	7500	2.170	7600	2.175	26600	2.178	40300	2.180	3300	/17368064//243505600/1075143/2.141/2.36//2008-9-18 11:0:1
2104/580023/康美CWB1/2.140	300	2.138	1700	2.137	2000	2.135	300	2.134	12000	2.141	20000	2.142	110100	2.145	60600	2.146	17100	2.147	4400	/17368064//245936976/1067266/2.14/2.36//2008-9-18 11:1:2
2104/580023/康美CWB1/2.133	10100	2.132	1600	2.130	12000	2.129	6600	2.126	6500	2.136	8500	2.137	69100	2.138	20500	2.139	7700	2.140	444700	/17368064//248714960/1080260/2.134/2.36//2008-9-18 11:2:2
2104/580023/康美CWB1/2.114	6500	2.113	400	2.110	76400	2.108	1400	2.107	300	2.115	10300	2.117	24300	2.120	39699	2.122	115596	2.123	5900	/17368064//250808384/1090082/2.115/2.36//2008-9-18 11:3:2
2104/580023/康美CWB1/2.126	21605	2.125	120000	2.123	287900	2.122	66600	2.121	176500	2.127	10800	2.128	2000	2.130	10100	2.132	102700	2.134	1800	/17368064//252521360/1098169/2.126/2.36//2008-9-18 11:4:3
2104/580023/康美CWB1/2.132	412950	2.131	86800	2.130	123400	2.128	43800	2.127	8800	2.135	126200	2.136	11400	2.137	36200	2.138	30000	2.139	25800	/17368064//254523200/1107564/2.132/2.36//2008-9-18 11:5:3
2104/580023/康美CWB1/2.128	4150	2.127	8800	2.126	5600	2.125	8600	2.121	39100	2.130	21375	2.132	30200	2.133	93200	2.135	76270	2.136	8100	/17368064//257658096/1122260/2.128/2.36//2008-9-18 11:6:4
2104/580023/康美CWB1/2.133	24100	2.132	59500	2.130	800	2.116	14300	2.115	14700	2.135	12295	2.136	12600	2.138	109000	2.139	94500	2.140	109700	/17368064//260053632/1133505/2.133/2.36//2008-9-18 11:7:4
2104/580023/康美CWB1/2.132	8005	2.130	122900	2.128	500	2.125	8000	2.124	25000	2.135	100	2.136	31600	2.137	19000	2.138	94800	2.139	99900	/17368064//261508576/1140321/2.132/2.36//2008-9-18 11:8:4
2104/580023/康美CWB1/2.136	123600	2.135	29100	2.134	47800	2.133	21000	2.132	65805	2.140	132900	2.143	5900	2.144	3200	2.145	50800	2.147	31900	/17368064//263889632/1151465/2.14/2.36//2008-9-18 11:9:5
2104/580023/康美CWB1/2.138	161800	2.137	256000	2.136	64800	2.135	81200	2.134	78600	2.139	19025	2.141	51900	2.142	10000	2.143	194575	2.144	3200	/17368064//266000256/1161331/2.139/2.36//2008-9-18 11:10:5
2104/580023/康美CWB1/2.132	9005	2.131	5600	2.130	321500	2.129	5300	2.125	22700	2.134	26000	2.136	99400	2.137	841775	2.138	35400	2.139	132400	/17368064//269095264/1175808/2.132/2.36//2008-9-18 11:11:6
2104/580023/康美CWB1/2.128	21305	2.126	53600	2.125	24100	2.124	25000	2.123	42900	2.131	63100	2.133	149800	2.134	208800	2.135	79500	2.136	139500	/17368064//270920352/1184373/2.128/2.36//2008-9-18 11:12:6
2104/580023/康美CWB1/2.125	16400	2.124	25000	2.123	47900	2.120	19400	2.117	5700	2.126	61300	2.127	287693	2.128	90500	2.129	140195	2.130	312375	/17368064//272175328/1190271/2.126/2.36//2008-9-18 11:13:7
2104/580023/康美CWB1/2.117	31700	2.116	17000	2.115	12600	2.112	17700	2.110	60400	2.119	1400	2.120	97000	2.122	43400	2.123	52300	2.124	74800	/17368064//272907424/1193720/2.117/2.36//2008-9-18 11:14:7
2104/580023/康美CWB1/2.115	38900	2.112	35064	2.111	2400	2.110	43800	2.108	1400	2.116	67100	2.117	110800	2.119	60800	2.120	171743	2.121	13200	/17368064//274063584/1199185/2.115/2.36//2008-9-18 11:15:7
2104/580023/康美CWB1/2.131	294900	2.130	3425	2.129	10100	2.128	181700	2.127	4200	2.132	5000	2.133	8100	2.135	79000	2.136	115900	2.139	206100	/17368064//277172832/1213846/2.131/2.36//2008-9-18 11:16:8
2104/580023/康美CWB1/2.126	2000	2.123	30000	2.121	19800	2.120	202200	2.118	10200	2.128	29200	2.130	236954	2.131	31200	2.133	22300	2.134	28300	/17368064//280336736/1228684/2.128/2.36//2008-9-18 11:17:8
2104/580023/康美CWB1/2.123	1000	2.121	20000	2.120	179396	2.118	15100	2.116	100	2.125	27950	2.127	50000	2.128	195800	2.129	210900	2.130	13300	/17368064//282567552/1417388/2.12/2.36//2008-9-18 11:18:9
2104/580023/康美CWB1/2.122	20200	2.121	128500	2.120	159496	2.118	15100	2.116	100	2.124	8800	2.125	14800	2.127	63150	2.128	215000	2.129	210900	/17368064//283834880/1245157/2.122/2.36//2008-9-18 11:19:9
2104/580023/康美CWB1/2.128	20000	2.127	25400	2.126	48500	2.125	50600	2.124	100700	2.129	300	2.130	251700	2.131	20000	2.132	4600	2.134	25300	/17368064//284921920/1250270/2.127/2.36//2008-9-18 11:20:10
2104/580023/康美CWB1/2.129	2500	2.127	1100	2.125	260600	2.124	110700	2.123	5600	2.131	58500	2.132	30600	2.133	20000	2.134	25300	2.135	99600	/17368064//286136800/1255977/2.127/2.36//2008-9-18 11:21:10
2104/580023/康美CWB1/2.129	27000	2.128	30800	2.127	21500	2.126	245600	2.125	288700	2.130	125900	2.131	241600	2.132	37600	2.133	20000	2.134	25300	/17368064//287082912/1262796/2.13/2.36//2008-9-18 11:22:10
2104/580023/康美CWB1/2.132	206300	2.131	474500	2.130	23400	2.128	9600	2.127	39900	2.133	9500	2.135	108800	2.136	78625	2.138	55500	2.139	51500	/17368064//289774144/1273048/2.133/2.36//2008-9-18 11:23:11
2104/580023/康美CWB1/2.131	11300	2.130	11600	2.128	5400	2.127	41900	2.126	93100	2.132	36600	2.134	39400	2.135	148200	2.136	270600	2.138	5000	/17368064//293393984/1290005/2.132/2.36//2008-9-18 11:24:11
2104/580023/康美CWB1/2.132	14900	2.131	41099	2.130	143200	2.129	5700	2.128	20200	2.133	107400	2.134	7600	2.135	20600	2.136	205300	2.138	57400	/17368064//295427616/1299544/2.132/2.36//2008-9-18 11:25:12
2104/580023/康美CWB1/2.126	164795	2.125	61100	2.124	23000	2.122	7699	2.121	17300	2.127	7600	2.128	6500	2.129	2300	2.130	8500	2.131	71471	/17368064//297547360/1309493/2.127/2.36//2008-9-18 11:26:12
2104/580023/康美CWB1/2.123	14100	2.122	48900	2.121	65095	2.120	139800	2.118	67500	2.124	8100	2.126	9300	2.127	1900	2.129	30300	2.130	8500	/17368064//298493184/1313945/2.124/2.36//2008-9-18 11:27:13
2104/580023/康美CWB1/2.133	6100	2.132	159600	2.131	183305	2.130	3700	2.126	238000	2.134	26805	2.135	133000	2.136	12700	2.138	10000	2.139	33925	/17368064//299340864/1317927/2.133/2.36//2008-9-18 11:28:13
2104/580023/康美CWB1/2.136	20995	2.134	38200	2.133	15200	2.132	157200	2.131	165305	2.139	8400	2.140	20525	2.141	72900	2.142	97300	2.143	12200	/17368064//302273056/1518474/2.135/2.36//2008-9-18 11:29:14
2104/580023/康美CWB1/2.135	76300	2.134	10000	2.133	77000	2.132	149000	2.131	165305	2.137	5200	2.138	218400	2.139	48199	2.140	95425	2.141	72900	/17368064//302482816/1332643/2.135/2.36//2008-9-18 11:30:14
2104/580023/康美CWB1/2.135	76300	2.134	10000	2.133	77000	2.132	149000	2.131	165305	2.137	5200	2.138	218400	2.139	48199	2.140	95425	2.141	72900	/17368064//302482816/1332643/2.135/2.36//2008-9-18 11:31:15
2104/580023/康美CWB1/2.113	2600	2.111	29500	2.110	152000	2.107	26000	2.106	15600	2.117	7800	2.118	99705	2.120	163600	2.121	39000	2.124	9100	/17368064//304686304/1342986/2.113/2.36//2008-9-18 13:1:15
2104/580023/康美CWB1/2.113	30000	2.110	241395	2.106	249200	2.105	3400	2.104	119800	2.114	800	2.120	2500	2.124	7100	2.125	2900	2.130	47200	/17368064//307590688/1356766/2.11/2.36//2008-9-18 13:2:16
2104/580023/康美CWB1/2.131	179000	2.130	70300	2.128	145800	2.126	15000	2.123	10400	2.135	5600	2.136	33500	2.137	51300	2.140	50224	2.141	55500	/17368064//310153248/1419277/2.131/2.36//2008-9-18 13:3:16
2104/580023/康美CWB1/2.130	6600	2.124	23940	2.123	11400	2.122	63400	2.121	30000	2.133	300000	2.135	82000	2.136	60000	2.137	28000	2.139	80600	/17368064//310764224/1371652/2.135/2.36//2008-9-18 13:4:17
2104/580023/康美CWB1/2.131	10000	2.130	142900	2.129	111100	2.128	23200	2.126	77400	2.133	244700	2.134	35000	2.135	16800	2.136	80600	2.137	28000	/17368064//312013568/1377516/2.133/2.36//2008-9-18 13:5:17
2104/580023/康美CWB1/2.135	30000	2.133	116200	2.132	54900	2.131	68900	2.130	52000	2.136	45950	2.137	20000	2.139	80600	2.140	54524	2.141	63500	/17368064//313129760/1382749/2.133/2.36//2008-9-18 13:6:18
2104/580023/康美CWB1/2.135	90540	2.134	10000	2.133	1000	2.132	34500	2.131	20350	2.136	59900	2.137	29400	2.138	60000	2.139	80600	2.140	54524	/17368064//314879136/1390946/2.136/2.36//2008-9-18 13:7:18
2104/580023/康美CWB1/2.121	35600	2.120	132100	2.119	10000	2.113	9400	2.110	2000	2.122	43400	2.130	50110	2.132	30000	2.133	123900	2.134	30100	/17368064//316517696/1398624/2.122/2.36//2008-9-18 13:8:19
2104/580023/康美CWB1/2.113	58400	2.109	93900	2.105	25600	2.103	27200	2.102	52500	2.117	2000	2.120	36100	2.123	900	2.124	64900	2.125	25300	/17368064//318092736/1406060/2.113/2.36//2008-9-18 13:9:19
2104/580023/康美CWB1/2.106	9900	2.105	30000	2.104	4200	2.103	32100	2.102	63700	2.113	2900	2.114	1600	2.118	1300	2.119	30000	2.120	700	/17368064//318813984/1409473/2.113/2.36//2008-9-18 13:10:20
2104/580023/康美CWB1/2.115	38000	2.113	1300	2.112	37000	2.110	146500	2.109	400	2.117	20000	2.118	12500	2.123	100	2.126	5000	2.128	28900	/17368064//319127168/1410959/2.115/2.36//2008-9-18 13:11:20
2104/580023/康美CWB1/2.120	56240	2.116	20000	2.113	36600	2.112	1500	2.111	29000	2.125	21500	2.128	1000	2.129	64700	2.130	92900	2.131	12700	/17368064//320992672/1420652/2.12/2.36//2008-9-18 13:12:21
2104/580023/康美CWB1/2.120	51440	2.118	500	2.115	38400	2.113	64500	2.112	7100	2.125	2000	2.127	10400	2.128	44100	2.129	68900	2.130	110950	/17368064//321611744/1422676/2.12/2.36//2008-9-18 13:13:21
2104/580023/康美CWB1/2.124	8600	2.122	42500	2.120	12900	2.116	25700	2.115	15540	2.125	96700	2.126	6700	2.127	4500	2.128	38300	2.129	100200	/17368064//322345632/1426130/2.125/2.36//2008-9-18 13:14:22
2104/580023/康美CWB1/2.130	5350	2.129	100	2.121	54100	2.120	333600	2.116	25200	2.133	16400	2.135	151650	2.136	6400	2.137	59000	2.138	214900	/17368064//324241504/1435045/2.124/2.36//2008-9-18 13:15:22
2104/580023/康美CWB1/2.133	52400	2.132	103500	2.131	90350	2.130	396300	2.128	22500	2.135	100050	2.136	21400	2.137	64600	2.138	44900	2.139	103300	/17368064//325986528/1443226/2.133/2.36//2008-9-18 13:16:23
2104/580023/康美CWB1/2.132	64500	2.131	61000	2.130	25800	2.126	400	2.125	15100	2.134	36500	2.135	118250	2.136	32800	2.137	46100	2.138	175500	/17368064//326608512/1446142/2.132/2.36//2008-9-18 13:17:23
2104/580023/康美CWB1/2.126	2000	2.125	41500	2.122	11800	2.121	34400	2.120	68900	2.128	68100	2.129	76900	2.130	23100	2.132	27700	2.133	203800	/17368064//327341312/1449583/2.128/2.36//2008-9-18 13:18:24
2104/580023/康美CWB1/2.127	7800	2.126	53100	2.123	14200	2.122	10700	2.121	30100	2.130	15550	2.133	29300	2.134	242300	2.135	137700	2.136	65000	/17368064//330771104/1465665/2.13/2.36//2008-9-18 13:19:24
2104/580023/康美CWB1/2.132	90500	2.131	97000	2.130	426000	2.129	23000	2.128	91100	2.133	17200	2.134	131900	2.135	64300	2.136	17600	2.137	158100	/17368064//332117280/1471984/2.132/2.36//2008-9-18 13:20:25
2104/580023/康美CWB1/2.146	13300	2.145	119125	2.144	105500	2.142	42000	2.141	62600	2.148	10000	2.149	22900	2.150	118704	2.154	2000	2.155	5000	/17368064//336520096/1492543/2.149/2.36//2008-9-18 13:21:25
2104/580023/康美CWB1/2.156	20500	2.155	50000	2.154	115996	2.153	563900	2.152	100	2.158	10000	2.160	52050	2.163	800	2.165	7200	2.167	130000	/17368064//338927360/1503720/2.156/2.36//2008-9-18 13:22:26
2104/580023/康美CWB1/2.165	116700	2.163	68300	2.161	116800	2.160	70000	2.159	100500	2.169	15800	2.170	31400	2.172	44000	2.174	8500	2.175	36700	/17368064//342318016/1519387/2.165/2.36//2008-9-18 13:23:26
2104/580023/康美CWB1/2.151	42100	2.149	22900	2.148	50200	2.147	37900	2.146	9500	2.156	6500	2.157	20000	2.160	4500	2.161	5600	2.162	92700	/17368064//346032800/1536569/2.151/2.36//2008-9-18 13:24:27
2104/580023/康美CWB1/2.150	34800	2.149	23000	2.148	500	2.147	37900	2.145	44051	2.155	3000	2.157	2400	2.158	27100	2.159	25000	2.160	103200	/17368064//347998848/1545692/2.155/2.36//2008-9-18 13:25:27
2104/580023/康美CWB1/2.158	2700	2.157	106500	2.156	9300	2.155	158400	2.154	1300	2.159	24300	2.160	22300	2.162	346490	2.164	19300	2.165	23120	/17368064//350699552/1558201/2.159/2.36//2008-9-18 13:26:28
2104/580023/康美CWB1/2.157	11000	2.156	15500	2.155	74500	2.154	7800	2.153	89500	2.158	45150	2.159	82300	2.160	57500	2.161	147990	2.162	9600	/17368064//352273600/1565500/2.158/2.36//2008-9-18 13:27:28
2104/580023/康美CWB1/2.155	90600	2.154	4500	2.153	89500	2.151	102900	2.150	156500	2.156	20000	2.157	57200	2.158	31500	2.160	60000	2.161	4800	/17368064//355728000/1581498/2.157/2.36//2008-9-18 13:28:29
2104/580023/康美CWB1/2.159	1000	2.158	53700	2.157	613100	2.156	579800	2.155	174200	2.161	1800	2.164	11770	2.165	41420	2.166	57900	2.168	186400	/17368064//359058976/1596923/2.163/2.36//2008-9-18 13:29:29
2104/580023/康美CWB1/2.160	5000	2.159	58300	2.158	207700	2.157	594900	2.156	565200	2.161	251500	2.162	29200	2.163	42700	2.164	51441	2.165	126920	/17368064//361571936/1608555/2.16/2.36//2008-9-18 13:30:30
2104/580023/康美CWB1/2.180	37200	2.175	145700	2.174	8800	2.173	16700	2.172	62800	2.182	21200	2.184	200	2.185	10900	2.186	1000	2.187	15599	/17368064//365791104/1628016/2.18/2.36//2008-9-18 13:31:30
2104/580023/康美CWB1/2.176	3300	2.174	19000	2.173	10400	2.172	3000	2.171	355000	2.177	4476	2.180	68620	2.182	50100	2.184	5000	2.185	31400	/17368064//371319104/1653432/2.177/2.36//2008-9-18 13:32:31
2104/580023/康美CWB1/2.194	264181	2.193	46400	2.192	23000	2.191	900	2.190	133900	2.198	40200	2.199	65100	2.200	130585	2.201	1200	2.202	13000	/17368064//374465984/1667799/2.198/2.36//2008-9-18 13:33:31
2104/580023/康美CWB1/2.202	20000	2.201	234900	2.200	675000	2.199	502895	2.198	166700	2.203	4600	2.205	135396	2.206	2100	2.207	7700	2.208	26000	/17368064//376794080/1678384/2.203/2.36//2008-9-18 13:34:32
2104/580023/康美CWB1/2.210	230381	2.209	78200	2.208	277180	2.207	291900	2.206	236600	2.212	7400	2.213	39100	2.215	60605	2.216	8000	2.217	134200	/17368064//383305760/1707878/2.21/2.36//2008-9-18 13:35:32
2104/580023/康美CWB1/2.209	180977	2.208	24000	2.207	148000	2.206	34900	2.205	84694	2.210	129800	2.212	4500	2.215	102800	2.216	142200	2.217	106510	/17368064//390543712/1740590/2.209/2.36//2008-9-18 13:36:33
2104/580023/康美CWB1/2.199	14200	2.198	9400	2.197	22500	2.196	61000	2.195	5900	2.200	110700	2.201	39900	2.202	45700	2.203	56200	2.204	30000	/17368064//394540800/1758725/2.199/2.36//2008-9-18 13:37:34
2104/580023/康美CWB1/2.189	1000	2.188	38700	2.187	3600	2.186	6100	2.185	23000	2.190	58700	2.192	62500	2.194	107400	2.195	261500	2.196	54101	/17368064//396418560/1767269/2.19/2.36//2008-9-18 13:38:34
2104/580023/康美CWB1/2.186	11889	2.185	129300	2.183	124600	2.182	78600	2.181	57800	2.187	19000	2.188	25300	2.189	7100	2.190	161900	2.191	400	/17368064//398603840/1777262/2.186/2.36//2008-9-18 13:39:35
2104/580023/康美CWB1/2.194	71200	2.192	4700	2.191	38100	2.190	274500	2.189	1000	2.196	17100	2.197	33700	2.198	42400	2.199	54700	2.200	76000	/17368064//401436320/1790205/2.194/2.36//2008-9-18 13:40:35
2104/580023/康美CWB1/2.205	13000	2.204	6400	2.203	86300	2.202	272100	2.201	60100	2.206	3000	2.208	11600	2.209	21400	2.210	89793	2.211	2000	/17368064//403388352/1799070/2.206/2.36//2008-9-18 13:41:36
2104/580023/康美CWB1/2.218	44500	2.217	28100	2.216	98987	2.215	111800	2.214	97800	2.220	76370	2.223	2500	2.224	2600	2.225	10090	2.228	5300	/17368064//406703936/1814053/2.22/2.36//2008-9-18 13:42:36
2104/580023/康美CWB1/2.225	248200	2.224	68700	2.223	722200	2.222	28900	2.221	15800	2.228	82900	2.229	37600	2.230	39300	2.233	87500	2.234	11500	/17368064//410275776/1830129/2.228/2.36//2008-9-18 13:43:37
2104/580023/康美CWB1/2.241	108000	2.240	79100	2.239	405100	2.238	8900	2.237	39600	2.248	54699	2.249	46800	2.250	118100	2.254	400	2.258	20200	/17368064//412659552/1840796/2.248/2.36//2008-9-18 13:44:37
2104/580023/康美CWB1/2.264	16700	2.262	36000	2.261	8400	2.258	141499	2.257	7200	2.265	78000	2.266	20000	2.268	65200	2.270	10801	2.271	14000	/17368064//418700672/1867572/2.265/2.36//2008-9-18 13:45:38
2104/580023/康美CWB1/2.276	49300	2.272	10000	2.271	126100	2.270	777101	2.269	195800	2.278	7699	2.279	21301	2.280	156800	2.285	7400	2.287	14700	/17368064//424082304/1891314/2.276/2.36//2008-9-18 13:46:39
2104/580023/康美CWB1/2.286	27000	2.285	748200	2.283	10000	2.282	42500	2.281	134557	2.287	5000	2.288	78600	2.289	102900	2.290	59700	2.294	17700	/17368064//428936640/1912601/2.286/2.36//2008-9-18 13:47:39
2104/580023/康美CWB1/2.287	4000	2.286	169207	2.285	498790	2.283	10400	2.282	18600	2.290	9500	2.295	2800	2.296	2600	2.297	44800	2.298	82000	/17368064//435366304/1940697/2.29/2.36//2008-9-18 13:48:40
2104/580023/康美CWB1/2.271	369400	2.270	8900	2.261	66800	2.251	27900	2.250	39101	2.272	70300	2.273	1000	2.274	403200	2.275	37700	2.276	59600	/17368064//440415840/1962838/2.271/2.36//2008-9-18 13:49:40
2104/580023/康美CWB1/2.233	14900	2.231	5000	2.230	3800	2.229	42000	2.228	111315	2.238	24202	2.240	16200	2.241	77600	2.244	43100	2.245	21800	/17368064//443114944/1974794/2.233/2.36//2008-9-18 13:50:41
2104/580023/康美CWB1/2.221	10000	2.218	22888	2.217	5200	2.215	3400	2.214	1000	2.224	82000	2.225	30900	2.226	16900	2.227	198200	2.228	887385	/17368064//446345184/1989289/2.224/2.36//2008-9-18 13:51:41
2104/580023/康美CWB1/2.217	32200	2.216	30000	2.215	140500	2.214	180000	2.213	156900	2.218	5900	2.220	151197	2.222	30500	2.223	25000	2.224	82200	/17368064//450441312/2007768/2.217/2.36//2008-9-18 13:52:42
2104/580023/康美CWB1/2.226	6290	2.225	4200	2.224	16100	2.223	405200	2.222	81300	2.227	18500	2.228	29600	2.229	10385	2.230	60900	2.233	46200	/17368064//456485152/2034958/2.226/2.36//2008-9-18 13:53:42
2104/580023/康美CWB1/2.235	82415	2.234	11600	2.233	11000	2.232	33600	2.230	25600	2.238	37600	2.239	8700	2.240	9100	2.241	66600	2.243	2000	/17368064//459558400/2048745/2.235/2.36//2008-9-18 13:54:43
2104/580023/康美CWB1/2.227	27000	2.226	28200	2.225	240190	2.224	1000	2.223	205300	2.230	500	2.233	200	2.234	307084	2.235	44300	2.236	4800	/17368064//462550112/2106592/2.227/2.36//2008-9-18 13:55:44
2104/580023/康美CWB1/2.221	43400	2.220	63100	2.219	1200	2.218	57000	2.216	5000	2.223	181245	2.224	83550	2.225	565800	2.226	6200	2.227	147700	/17368064//464924352/2072812/2.221/2.36//2008-9-18 13:56:44
2104/580023/康美CWB1/2.231	100000	2.230	210600	2.229	12600	2.228	55500	2.227	45600	2.232	12300	2.234	86300	2.235	97500	2.237	26700	2.238	7800	/17368064//470434976/2097588/2.232/2.36//2008-9-18 13:57:45
2104/580023/康美CWB1/2.226	6300	2.225	18300	2.224	2100	2.223	20300	2.221	34900	2.227	8600	2.229	283000	2.230	186300	2.231	57300	2.232	29900	/17368064//475393824/2119804/2.227/2.36//2008-9-18 13:58:45
2104/580023/康美CWB1/2.239	16700	2.237	24000	2.236	85200	2.235	4200	2.234	16300	2.243	30000	2.245	108300	2.246	9000	2.247	3900	2.248	6800	/17368064//478644704/2134379/2.243/2.36//2008-9-18 13:59:46
2104/580023/康美CWB1/2.255	10200	2.254	7200	2.253	116300	2.250	7000	2.248	7200	2.256	91300	2.257	30300	2.259	2000	2.260	14700	2.261	19600	/17368064//482664736/2252570/2.255/2.36//2008-9-18 14:0:47
2104/580023/康美CWB1/2.242	3000	2.240	36800	2.239	56800	2.238	4100	2.233	6200	2.243	403300	2.244	10000	2.245	47585	2.246	2000	2.248	51600	/17368064//487642176/2174409/2.243/2.36//2008-9-18 14:1:47
2104/580023/康美CWB1/2.219	18400	2.218	38400	2.216	5000	2.215	116700	2.210	17400	2.220	2300	2.234	16500	2.235	129400	2.236	46400	2.237	13000	/17368064//490287552/2186288/2.234/2.36//2008-9-18 14:2:48
2104/580023/康美CWB1/2.228	41700	2.227	12300	2.226	47900	2.225	19200	2.221	62100	2.230	48800	2.235	61200	2.236	12800	2.238	95100	2.239	26300	/17368064//493738304/2201817/2.234/2.36//2008-9-18 14:3:48
2104/580023/康美CWB1/2.227	28400	2.226	34200	2.225	100000	2.221	5300	2.220	51800	2.231	18700	2.233	8300	2.235	64600	2.236	32500	2.237	15600	/17368064//497225248/2217412/2.231/2.36//2008-9-18 14:4:49
2104/580023/康美CWB1/2.225	201100	2.224	64900	2.223	97000	2.222	30000	2.221	26400	2.229	18400	2.230	84000	2.231	25100	2.233	1200	2.234	14200	/17368064//500440800/2231847/2.225/2.36//2008-9-18 14:5:50
2104/580023/康美CWB1/2.248	83100	2.247	300000	2.246	141900	2.245	377100	2.243	890100	2.249	25800	2.250	33450	2.251	66900	2.252	17800	2.253	88700	/17368064//504405728/2249551/2.248/2.36//2008-9-18 14:6:50
2104/580023/康美CWB1/2.269	192200	2.268	58200	2.266	116800	2.265	26000	2.263	15900	2.270	51550	2.271	25000	2.272	10300	2.273	2200	2.274	2600	/17368064//510693632/2277394/2.269/2.36//2008-9-18 14:7:51
2104/580023/康美CWB1/2.275	178200	2.274	52900	2.273	294400	2.272	158800	2.271	224800	2.276	20200	2.277	8500	2.278	50000	2.279	21500	2.280	151100	/17368064//514142656/2292567/2.276/2.36//2008-9-18 14:8:51
2104/580023/康美CWB1/2.279	32500	2.278	53400	2.277	228200	2.276	81100	2.275	214900	2.280	63800	2.281	6800	2.282	85100	2.283	40800	2.284	15900	/17368064//516620128/2303439/2.279/2.36//2008-9-18 14:9:52
2104/580023/康美CWB1/2.278	78500	2.277	99100	2.276	5900	2.275	54100	2.273	2000	2.279	2200	2.280	61100	2.282	355000	2.283	302000	2.284	63300	/17368064//521014688/2322701/2.279/2.36//2008-9-18 14:10:53
2104/580023/康美CWB1/2.266	15600	2.265	130000	2.264	3800	2.263	10000	2.262	190000	2.268	800	2.269	54000	2.270	281100	2.273	4500	2.275	12400	/17368064//523618976/2386340/2.266/2.36//2008-9-18 14:11:53
2104/580023/康美CWB1/2.272	53400	2.270	2200	2.269	23500	2.264	162200	2.263	25800	2.275	38900	2.277	31000	2.278	93300	2.279	15500	2.280	157800	/17368064//529495264/2360094/2.272/2.36//2008-9-18 14:12:54
2104/580023/康美CWB1/2.272	8400	2.270	112900	2.268	15300	2.267	5000	2.263	32600	2.275	10000	2.276	25300	2.277	175800	2.278	32500	2.279	58000	/17368064//532510080/2373340/2.276/2.36//2008-9-18 14:13:55
2104/580023/康美CWB1/2.278	43800	2.276	118700	2.275	109700	2.273	805300	2.270	4600	2.280	99700	2.281	54700	2.282	48700	2.283	25000	2.284	1000	/17368064//535815552/2409068/2.276/2.36//2008-9-18 14:14:55
2104/580023/康美CWB1/2.293	110800	2.290	53500	2.289	113600	2.288	161800	2.287	7500	2.294	4200	2.295	43210	2.296	3000	2.298	188300	2.299	70800	/17368064//540479680/2408302/2.293/2.36//2008-9-18 14:15:56
2104/580023/康美CWB1/2.296	51400	2.295	2000	2.294	9900	2.293	2600	2.292	29100	2.298	30000	2.299	67600	2.300	53860	2.303	500	2.304	1200	/17368064//544269760/2424804/2.296/2.36//2008-9-18 14:16:56
2104/580023/康美CWB1/2.309	54500	2.306	14500	2.305	90300	2.303	29300	2.302	51300	2.310	70300	2.311	3000	2.315	3000	2.316	5000	2.317	2900	/17368064//549518720/2447624/2.31/2.36//2008-9-18 14:17:57
2104/580023/康美CWB1/2.335	5900	2.334	19000	2.333	201400	2.332	45800	2.331	104700	2.337	150000	2.340	19400	2.348	94200	2.349	18750	2.350	282100	/17368064//554908544/2511386/2.348/2.36//2008-9-18 14:18:58
2104/580023/康美CWB1/2.352	55700	2.351	348800	2.350	47900	2.345	9700	2.342	6300	2.353	10000	2.355	17047	2.356	500	2.357	60000	2.358	5000	/17368064//563323456/2506666/2.352/2.36//2008-9-18 14:19:58
2104/580023/康美CWB1/2.364	88600	2.363	91600	2.360	52600	2.359	1191800	2.358	176800	2.371	8900	2.372	28100	2.373	65200	2.375	1500	2.376	27000	/17368064//569344192/2532191/2.364/2.36//2008-9-18 14:20:59
2104/580023/康美CWB1/2.380	34400	2.379	11700	2.378	102600	2.376	102100	2.375	21700	2.386	8000	2.387	5000	2.388	10700	2.389	6900	2.390	49300	/17368064//572959680/2547436/2.38/2.36//2008-9-18 14:22:0
2104/580023/康美CWB1/2.399	516352	2.396	4600	2.395	376700	2.394	4100	2.393	84400	2.400	296250	2.404	4000	2.405	3000	2.406	2200	2.407	1500	/17368064//579116928/2573197/2.399/2.36//2008-9-18 14:23:0
2104/580023/康美CWB1/2.409	88143	2.408	121800	2.407	15900	2.406	80200	2.405	503300	2.410	4000	2.413	3300	2.416	2400	2.418	1800	2.419	370000	/17368064//584541440/2595741/2.41/2.36//2008-9-18 14:24:1
2104/580023/康美CWB1/2.370	7500	2.367	24500	2.365	200	2.361	6100	2.360	32100	2.383	3100	2.399	9000	2.400	206299	2.401	37500	2.402	186000	/17368064//591113984/2623071/2.37/2.36//2008-9-18 14:25:2
2104/580023/康美CWB1/2.330	5000	2.322	91100	2.317	3300	2.316	7500	2.312	2100	2.337	4001	2.340	27900	2.345	56100	2.347	121400	2.348	75100	/17368064//595103680/2640032/2.34/2.36//2008-9-18 14:26:2
2104/580023/康美CWB1/2.320	63190	2.319	13100	2.318	54800	2.316	20000	2.315	10000	2.325	9400	2.326	71000	2.327	39500	2.328	402300	2.329	12000	/17368064//597954432/2652274/2.325/2.36//2008-9-18 14:27:3
2104/580023/康美CWB1/2.321	1000	2.320	25100	2.319	16000	2.318	9000	2.316	1300	2.324	20300	2.326	11810	2.327	2200	2.328	300	2.329	4900	/17368064//602541568/2672028/2.32/2.36//2008-9-18 14:28:4
2104/580023/康美CWB1/2.321	7100	2.320	43100	2.319	30000	2.317	53920	2.316	30300	2.323	1700	2.324	100	2.325	39100	2.326	46750	2.328	7000	/17368064//605978688/2686844/2.321/2.36//2008-9-18 14:29:4
2104/580023/康美CWB1/2.320	49749	2.318	8800	2.317	43820	2.316	30000	2.315	2000	2.321	36100	2.322	3100	2.323	5300	2.325	35700	2.326	15800	/17368064//608237056/2696564/2.321/2.36//2008-9-18 14:30:5
2104/580023/康美CWB1/2.333	41000	2.332	9900	2.330	9900	2.328	3600	2.327	208600	2.337	11100	2.338	24600	2.339	17500	2.340	26300	2.341	6200	/17368064//610148096/2704773/2.333/2.36//2008-9-18 14:31:6
2104/580023/康美CWB1/2.341	138600	2.340	121200	2.337	71100	2.336	9500	2.334	3200	2.343	16700	2.344	2300	2.345	7200	2.348	46700	2.349	7700	/17368064//611995584/2712678/2.341/2.36//2008-9-18 14:32:6
2104/580023/康美CWB1/2.351	3600	2.350	1300	2.348	22900	2.347	10200	2.345	31700	2.356	38000	2.358	17000	2.359	30000	2.360	85800	2.365	5500	/17368064//614529792/2723473/2.351/2.36//2008-9-18 14:33:7
2104/580023/康美CWB1/2.370	41400	2.368	132500	2.364	4800	2.363	3200	2.362	4600	2.372	2000	2.375	27000	2.376	19300	2.377	107200	2.379	2000	/17368064//617356608/2735461/2.37/2.36//2008-9-18 14:34:8
2104/580023/康美CWB1/2.350	10366	2.346	5000	2.345	500	2.344	3800	2.343	12400	2.351	2400	2.360	36800	2.361	56200	2.362	58100	2.364	1100	/17368064//621735680/2753993/2.351/2.36//2008-9-18 14:35:8
2104/580023/康美CWB1/2.344	500	2.343	1500	2.341	4300	2.340	900	2.339	2300	2.345	198300	2.347	2800	2.348	48500	2.349	39800	2.350	166110	/17368064//624665472/2766476/2.345/2.36//2008-9-18 14:36:9
2104/580023/康美CWB1/2.323	15000	2.322	14200	2.321	3700	2.320	25000	2.317	1000	2.325	68580	2.327	9600	2.330	341900	2.331	29100	2.332	120601	/17368064//626270784/2773344/2.325/2.36//2008-9-18 14:37:10
2104/580023/康美CWB1/2.301	75600	2.300	1000	2.298	3000	2.295	3300	2.290	64100	2.310	464681	2.313	32000	2.315	6500	2.317	16100	2.320	307600	/17368064//629331200/2786594/2.301/2.36//2008-9-18 14:38:10
2104/580023/康美CWB1/2.298	39950	2.295	61709	2.293	200	2.291	26100	2.290	77200	2.300	349300	2.301	3000	2.302	38800	2.303	52600	2.304	35300	/17368064//634083264/2807205/2.3/2.36//2008-9-18 14:39:11
2104/580023/康美CWB1/2.309	93238	2.308	4000	2.307	15300	2.305	22700	2.303	14600	2.320	30000	2.322	10000	2.325	14200	2.326	34900	2.328	27500	/17368064//641279040/2838410/2.309/2.36//2008-9-18 14:40:12
2104/580023/康美CWB1/2.316	2000	2.315	335045	2.313	30100	2.312	6200	2.311	2400	2.319	24400	2.325	18200	2.326	10800	2.328	46600	2.330	99000	/17368064//647697536/2866129/2.32/2.36//2008-9-18 14:41:12
2104/580023/康美CWB1/2.300	9600	2.298	800	2.295	10600	2.290	13500	2.286	20000	2.301	54400	2.306	33155	2.307	2100	2.308	10100	2.309	72495	/17368064//651175552/2881181/2.301/2.36//2008-9-18 14:42:13
2104/580023/康美CWB1/2.316	29500	2.310	19400	2.306	195509	2.305	47100	2.303	5000	2.318	91300	2.319	10300	2.320	59900	2.323	4200	2.324	1000	/17368064//654277952/2894644/2.318/2.36//2008-9-18 14:43:14
2104/580023/康美CWB1/2.313	4600	2.311	99000	2.310	277197	2.309	16000	2.306	4000	2.315	712900	2.317	150000	2.318	65100	2.320	13900	2.322	7500	/17368064//657702016/2909438/2.315/2.36//2008-9-18 14:44:14
2104/580023/康美CWB1/2.299	100	2.298	30100	2.296	600	2.295	43800	2.292	700	2.300	11103	2.307	24900	2.308	34500	2.309	1300	2.310	41400	/17368064//661397824/2925441/2.3/2.36//2008-9-18 14:45:15
2104/580023/康美CWB1/2.290	9100	2.289	3400	2.288	3700	2.287	4500	2.286	13500	2.293	12000	2.295	36500	2.296	12300	2.297	5000	2.298	7000	/17368064//663527104/2934701/2.293/2.36//2008-9-18 14:46:16
2104/580023/康美CWB1/2.251	126100	2.250	27100	2.245	2500	2.244	1200	2.240	5000	2.255	422100	2.256	31600	2.257	94910	2.258	5000	2.259	8700	/17368064//665241152/2942256/2.255/2.36//2008-9-18 14:47:16
2104/580023/康美CWB1/2.216	90890	2.215	4000	2.211	33600	2.210	8700	2.209	19000	2.220	164399	2.221	151300	2.222	29349	2.226	59900	2.227	9400	/17368064//667816832/2953826/2.22/2.36//2008-9-18 14:48:17
2104/580023/康美CWB1/2.231	63500	2.230	317200	2.229	16400	2.228	10300	2.227	2000	2.233	5795	2.234	15000	2.235	29900	2.237	17500	2.238	28348	/17368064//671873472/2972068/2.231/2.36//2008-9-18 14:49:18
2104/580023/康美CWB1/2.234	1500	2.233	64752	2.232	48200	2.231	47500	2.230	135505	2.235	24100	2.238	20000	2.240	113991	2.241	2000	2.242	2400	/17368064//673614144/2979856/2.235/2.36//2008-9-18 14:50:18
2104/580023/康美CWB1/2.250	57800	2.249	6949	2.243	60000	2.242	11500	2.241	6400	2.255	3100	2.257	80100	2.260	63700	2.263	21100	2.265	5700	/17368064//677370752/2996602/2.25/2.36//2008-9-18 14:51:19
2104/580023/康美CWB1/2.243	434700	2.242	74100	2.240	39700	2.239	800	2.238	5400	2.244	10200	2.245	800	2.247	100000	2.248	39751	2.249	132700	/17368064//678800832/3002970/2.243/2.36//2008-9-18 14:52:20
2104/580023/康美CWB1/2.267	10700	2.266	5000	2.265	14500	2.264	33500	2.263	64998	2.268	154850	2.270	50000	2.272	10000	2.275	3600	2.277	34600	/17368064//682128640/3017721/2.268/2.36//2008-9-18 14:53:21
2104/580023/康美CWB1/2.263	83300	2.261	36100	2.260	178700	2.259	1000	2.258	30000	2.264	49252	2.265	7600	2.266	100000	2.268	25000	2.270	22400	/17368064//686121024/3035403/2.263/2.36//2008-9-18 14:54:21
2104/580023/康美CWB1/2.276	28700	2.271	2600	2.270	18900	2.268	285200	2.267	30000	2.277	27200	2.279	8400	2.280	87700	2.281	17100	2.283	12000	/17368064//690735936/3055784/2.275/2.36//2008-9-18 14:55:22
2104/580023/康美CWB1/2.267	7100	2.266	10900	2.265	100	2.263	33600	2.262	22148	2.268	1000	2.270	88142	2.271	7700	2.272	40500	2.273	71900	/17368064//693468928/3067823/2.27/2.36//2008-9-18 14:56:23
2104/580023/康美CWB1/2.270	11900	2.268	1500	2.266	101100	2.265	15500	2.263	24200	2.271	45200	2.272	173200	2.274	39700	2.276	46400	2.277	12500	/17368064//697427392/3085259/2.271/2.36//2008-9-18 14:57:23
2104/580023/康美CWB1/2.269	47500	2.268	10000	2.267	170700	2.266	321000	2.265	15800	2.270	652868	2.271	46400	2.272	74300	2.273	53200	2.274	245900	/17368064//699874240/3096046/2.269/2.36//2008-9-18 14:58:24
2104/580023/康美CWB1/2.258	5600	2.257	2000	2.256	4700	2.254	500	2.252	48500	2.267	24352	2.268	336542	2.269	321600	2.270	544768	2.271	20800	/17368064//703396544/3111594/2.267/2.36//2008-9-18 14:59:25
2104/580023/康美CWB1/2.254	30600	2.253	10000	2.252	37200	2.251	70300	2.250	147000	2.255	13800	2.258	39800	2.259	206250	2.260	249192	2.261	20900	/17368064//705075200/3119032/2.259/2.36//2008-9-18 15:0:26
2104/580023/康美CWB1/2.254	30600	2.253	10000	2.252	37200	2.251	70300	2.250	147000	2.255	13800	2.258	39800	2.259	206250	2.260	249192	2.261	20900	/17368064//705075200/3119032/2.259/2.36//2008-9-18 15:1:26
2104/580023/康美CWB1/2.254	30600	2.253	10000	2.252	37200	2.251	70300	2.250	147000	2.255	13800	2.258	39800	2.259	206250	2.260	249192	2.261	20900	/17368064//705075200/3119032/2.259/2.36//2008-9-18 15:2:27
