2103/580022/国电CWB1/2.071	56500	2.070	25300	2.069	121600	2.068	12000	2.067	61000	2.075	3600	2.076	47100	2.078	19100	2.080	10800	2.082	200	/17368063//5518087/26712/2.075/2.115//2008-9-18 9:31:34
2103/580022/国电CWB1/2.078	11500	2.076	62200	2.075	107800	2.073	1500	2.072	11000	2.080	70100	2.084	47900	2.089	3000	2.090	50000	2.092	300	/17368063//6797362/40892/2.078/2.115//2008-9-18 9:32:35
2103/580022/国电CWB1/2.040	25500	2.036	100	2.035	500	2.033	309300	2.031	102800	2.055	54100	2.059	21300	2.060	45100	2.062	39700	2.065	5800	/17368063//11383350/55065/2.055/2.115//2008-9-18 9:33:35
2103/580022/国电CWB1/2.037	62600	2.036	11400	2.035	20000	2.034	12600	2.033	12200	2.038	3100	2.040	1300	2.046	6700	2.047	50400	2.050	10500	/17368063//13824024/67028/2.038/2.115//2008-9-18 9:34:35
2103/580022/国电CWB1/2.021	15900	2.020	19500	2.018	33000	2.015	500	2.013	1400	2.025	60100	2.027	50000	2.029	71800	2.030	41000	2.031	107700	/17368063//16973960/82513/2.025/2.115//2008-9-18 9:35:35
2103/580022/国电CWB1/2.020	37100	2.019	33000	2.018	55100	2.015	5500	2.014	500	2.023	86200	2.025	55800	2.026	62800	2.027	33700	2.028	11600	/17368063//18727772/128721/2.02/2.115//2008-9-18 9:36:36
2103/580022/国电CWB1/2.016	332700	2.015	16700	2.014	500	2.013	58700	2.012	34400	2.020	154900	2.021	36700	2.022	56600	2.023	81900	2.024	4700	/17368063//20362266/99293/2.016/2.115//2008-9-18 9:37:36
2103/580022/国电CWB1/2.014	2600	2.013	56500	2.012	31500	2.011	47400	2.010	81130	2.018	21500	2.019	5000	2.021	33000	2.022	222500	2.023	36300	/17368063//24647950/120492/2.018/2.115//2008-9-18 9:38:36
2103/580022/国电CWB1/2.018	182900	2.017	39900	2.016	80000	2.015	114200	2.014	119430	2.021	20000	2.022	179400	2.023	1800	2.025	339400	2.026	29400	/17368063//27130808/132807/2.018/2.115//2008-9-18 9:39:36
2103/580022/国电CWB1/2.036	500	2.034	142900	2.033	30300	2.031	146601	2.030	18000	2.042	24400	2.047	68600	2.053	1000	2.065	119100	2.068	50000	/17368063//31057884/152119/2.047/2.115//2008-9-18 9:40:36
2103/580022/国电CWB1/2.047	1700	2.044	19600	2.043	11100	2.042	11000	2.041	139500	2.048	20500	2.049	118400	2.050	45400	2.055	19200	2.056	3000	/17368063//33913064/166109/2.047/2.115//2008-9-18 9:41:37
2103/580022/国电CWB1/2.045	1000	2.039	2300	2.038	138500	2.037	70000	2.036	20500	2.047	17700	2.048	9000	2.049	63050	2.050	229200	2.055	19200	/17368063//37896752/185586/2.047/2.115//2008-9-18 9:42:37
2103/580022/国电CWB1/2.048	64720	2.046	175300	2.045	349800	2.044	75400	2.043	138200	2.050	231100	2.054	27030	2.055	19200	2.056	3000	2.058	43000	/17368063//39426172/193068/2.048/2.115//2008-9-18 9:43:37
2103/580022/国电CWB1/2.041	50000	2.040	5000	2.037	53431	2.036	15500	2.035	11000	2.045	89300	2.047	148000	2.048	121200	2.049	195100	2.050	22500	/17368063//43764032/214251/2.045/2.115//2008-9-18 9:44:37
2103/580022/国电CWB1/2.040	110700	2.039	71500	2.038	86500	2.037	86100	2.036	39900	2.041	5000	2.042	223700	2.043	75400	2.044	9800	2.045	22700	/17368063//44771968/219195/2.04/2.115//2008-9-18 9:45:37
2103/580022/国电CWB1/2.044	10800	2.043	32300	2.042	1000	2.041	500	2.040	40300	2.045	13500	2.046	5170	2.048	14686	2.049	21200	2.050	228007	/17368063//46443176/227367/2.044/2.115//2008-9-18 9:46:38
2103/580022/国电CWB1/2.046	284530	2.045	43300	2.044	205000	2.043	11300	2.042	134400	2.048	27186	2.049	79100	2.050	271207	2.052	29000	2.053	20000	/17368063//47284528/231485/2.046/2.115//2008-9-18 9:47:38
2103/580022/国电CWB1/2.043	31000	2.042	44400	2.041	199400	2.040	139300	2.039	4000	2.044	4500	2.046	6686	2.047	27900	2.048	35200	2.049	680	/17368063//50775044/248516/2.044/2.115//2008-9-18 9:48:38
2103/580022/国电CWB1/2.048	21600	2.047	29400	2.046	53700	2.045	19000	2.044	18000	2.050	53500	2.051	114000	2.052	99307	2.053	43200	2.054	22000	/17368063//52102364/254997/2.05/2.115//2008-9-18 9:49:39
2103/580022/国电CWB1/2.039	4000	2.038	57200	2.037	48000	2.035	3700	2.033	24900	2.040	161200	2.043	94000	2.045	44586	2.046	32100	2.047	668300	/17368063//54800640/268179/2.04/2.115//2008-9-18 9:50:39
2103/580022/国电CWB1/2.035	115397	2.034	28200	2.033	70100	2.032	31000	2.031	25200	2.038	37000	2.039	71103	2.040	218370	2.042	4000	2.044	10000	/17368063//56418548/290772/2.035/2.115//2008-9-18 9:51:39
2103/580022/国电CWB1/2.033	836644	2.027	11400	2.025	14500	2.024	9800	2.023	46900	2.037	5000	2.038	49103	2.040	1500	2.042	10700	2.045	1000	/17368063//58998964/288814/2.034/2.115//2008-9-18 9:52:39
2103/580022/国电CWB1/2.020	500	2.010	4300	2.009	1800	2.008	52400	2.007	6000	2.023	13800	2.024	79900	2.025	193807	2.027	23200	2.028	2000	/17368063//62561696/306405/2.01/2.115//2008-9-18 9:53:40
2103/580022/国电CWB1/2.000	290700	1.999	54000	1.998	1300	1.994	10000	1.993	20300	2.015	107239	2.019	42600	2.020	46400	2.023	25700	2.024	10500	/17368063//66133624/324171/2.0/2.115//2008-9-18 9:54:40
2103/580022/国电CWB1/1.990	32900	1.989	15000	1.988	300	1.986	302200	1.985	134200	1.992	31200	1.993	76300	1.994	154700	1.995	31700	1.998	25600	/17368063//68278312/334923/1.99/2.115//2008-9-18 9:55:40
2103/580022/国电CWB1/1.997	8693	1.996	14200	1.995	3200	1.994	47000	1.993	2000	1.998	7600	1.999	36100	2.000	39600	2.008	3700	2.009	3700	/17368063//70913080/348137/1.997/2.115//2008-9-18 9:56:41
2103/580022/国电CWB1/1.993	10000	1.992	47500	1.991	30800	1.990	151033	1.988	56100	1.994	186300	1.999	7800	2.000	201400	2.001	7900	2.006	25000	/17368063//74471400/365958/1.994/2.115//2008-9-18 9:57:41
2103/580022/国电CWB1/1.988	4600	1.987	1400	1.986	93500	1.985	38400	1.984	3000	1.989	61000	1.990	314374	1.993	3900	1.994	527000	1.995	6700	/17368063//76366112/375463/1.989/2.115//2008-9-18 9:58:41
2103/580022/国电CWB1/1.990	92400	1.989	16000	1.988	194000	1.987	199300	1.986	344700	1.992	38000	1.993	3900	1.994	527000	1.996	1900	1.998	2300	/17368063//78536824/386386/1.99/2.115//2008-9-18 9:59:41
2103/580022/国电CWB1/1.991	400	1.990	137300	1.989	42100	1.988	29900	1.987	72400	1.995	39700	1.996	6300	1.998	26000	1.999	700	2.000	29600	/17368063//82181952/404672/1.995/2.115//2008-9-18 10:0:42
2103/580022/国电CWB1/1.987	5300	1.986	103000	1.985	116300	1.984	37500	1.983	314700	1.989	10900	1.990	57800	1.991	37707	1.992	179674	1.995	2850	/17368063//83823992/412924/1.989/2.115//2008-9-18 10:1:42
2103/580022/国电CWB1/1.992	4700	1.991	11493	1.990	8200	1.989	53200	1.988	77300	1.994	34450	1.999	48700	2.000	30300	2.001	5000	2.005	10000	/17368063//86340736/425555/1.992/1.992//2008-9-18 10:2:42
2103/580022/国电CWB1/1.996	24376	1.995	38700	1.994	65900	1.992	35000	1.991	8493	1.998	148600	1.999	4000	2.000	85400	2.001	6500	2.004	30000	/17368063//88961816/438679/1.998/1.992//2008-9-18 10:3:42
2103/580022/国电CWB1/1.990	100000	1.983	166000	1.982	127700	1.981	46300	1.980	219000	1.994	26500	1.995	429403	1.996	90453	1.998	129500	1.999	58800	/17368063//92310472/455500/1.994/1.992//2008-9-18 10:4:43
2103/580022/国电CWB1/1.991	84500	1.990	172200	1.989	3000	1.988	37000	1.987	39900	1.992	2000	1.995	48701	1.998	14300	1.999	8300	2.000	141706	/17368063//97005008/479053/1.991/1.992//2008-9-18 10:5:43
2103/580022/国电CWB1/1.981	52500	1.980	187000	1.978	25600	1.977	10000	1.976	5200	1.982	176600	1.983	100	1.984	251400	1.985	9200	1.986	3100	/17368063//99508768/491650/1.981/1.992//2008-9-18 10:6:43
2103/580022/国电CWB1/1.965	185300	1.963	3100	1.962	60500	1.961	5400	1.960	31400	1.969	19200	1.970	181810	1.971	39200	1.973	13000	1.974	28000	/17368063//101806840/536757/1.969/1.992//2008-9-18 10:7:44
2103/580022/国电CWB1/1.982	28000	1.979	77800	1.978	137800	1.977	14000	1.975	10600	1.983	221900	1.984	47100	1.986	2100	1.987	1999	1.988	91654	/17368063//103994400/514385/1.982/1.992//2008-9-18 10:8:44
2103/580022/国电CWB1/1.981	200	1.979	20500	1.978	37100	1.977	228500	1.976	48900	1.983	94260	1.984	19100	1.985	1000	1.986	189100	1.987	48339	/17368063//107421184/531659/1.981/1.992//2008-9-18 10:9:44
2103/580022/国电CWB1/1.985	107300	1.984	36000	1.983	185200	1.982	193940	1.981	188100	1.986	117300	1.987	48339	1.988	55400	1.989	165150	1.990	34500	/17368063//108356256/536373/1.985/1.992//2008-9-18 10:10:44
2103/580022/国电CWB1/1.989	30551	1.988	78200	1.987	139100	1.986	231086	1.985	43100	1.990	2100	1.991	96000	1.992	100000	1.993	34100	1.994	21500	/17368063//110882664/549078/1.989/1.992//2008-9-18 10:11:45
2103/580022/国电CWB1/1.991	120400	1.990	80500	1.989	180451	1.988	378300	1.987	71000	1.992	46700	1.993	12900	1.994	53900	1.995	126400	1.996	72500	/17368063//112569280/557548/1.992/1.992//2008-9-18 10:12:45
2103/580022/国电CWB1/1.990	1100	1.989	87251	1.988	365200	1.987	25000	1.986	6700	1.991	31300	1.992	10800	1.993	17900	1.994	171400	1.995	25600	/17368063//113650008/562977/1.99/1.992//2008-9-18 10:13:45
2103/580022/国电CWB1/1.988	112700	1.987	48000	1.986	12800	1.985	39800	1.984	16800	1.989	21149	1.990	129207	1.991	3600	1.992	65100	1.993	9000	/17368063//115301496/571283/1.988/1.992//2008-9-18 10:14:46
2103/580022/国电CWB1/2.001	79272	1.998	29000	1.997	210600	1.996	100000	1.995	9000	2.002	10000	2.003	5200	2.004	3000	2.005	10500	2.006	2000	/17368063//119339768/591508/2.001/1.992//2008-9-18 10:15:46
2103/580022/国电CWB1/2.000	283179	1.999	38251	1.995	9000	1.994	8200	1.993	30000	2.002	61400	2.003	18700	2.004	15065	2.006	41700	2.008	259200	/17368063//121060328/600089/2.0/1.992//2008-9-18 10:16:46
2103/580022/国电CWB1/2.011	90000	2.010	670600	2.009	98100	2.008	1088035	2.007	206412	2.012	33100	2.015	40000	2.016	13900	2.017	34900	2.018	6400	/17368063//123096768/610241/2.012/1.992//2008-9-18 10:17:47
2103/580022/国电CWB1/2.015	461800	2.006	46800	2.005	94700	2.004	7600	2.003	19700	2.016	10300	2.017	3700	2.018	138200	2.019	141700	2.020	106900	/17368063//126502920/627157/2.015/1.992//2008-9-18 10:18:47
2103/580022/国电CWB1/2.015	273300	2.014	500	2.012	50000	2.011	12300	2.010	37700	2.016	59621	2.017	63200	2.018	434900	2.019	186500	2.020	41000	/17368063//131642176/652632/2.016/1.992//2008-9-18 10:19:47
2103/580022/国电CWB1/1.995	130000	1.994	87400	1.993	62200	1.992	106351	1.990	19900	1.999	82200	2.000	12600	2.003	40900	2.005	84500	2.006	21800	/17368063//134475056/667139/1.999/1.992//2008-9-18 10:20:48
2103/580022/国电CWB1/1.989	1000	1.988	34400	1.987	11800	1.986	2900	1.984	1900	1.990	149449	1.992	9600	1.993	52300	1.994	2800	1.995	2010	/17368063//136451040/676657/1.99/1.992//2008-9-18 10:21:48
2103/580022/国电CWB1/1.996	195800	1.995	66690	1.994	141000	1.993	6000	1.992	80900	1.998	69356	1.999	25000	2.000	44000	2.005	2000	2.008	12400	/17368063//137387856/681365/1.996/1.992//2008-9-18 10:22:48
2103/580022/国电CWB1/1.992	33300	1.991	28100	1.990	786200	1.989	10000	1.988	3000	1.993	46400	1.994	54000	1.995	41566	1.998	17000	2.000	40500	/17368063//138256816/687700/1.993/1.992//2008-9-18 10:23:48
2103/580022/国电CWB1/1.993	23700	1.992	23000	1.991	17000	1.990	752500	1.989	10000	1.994	22200	1.995	1000	1.996	58300	1.998	83000	1.999	2600	/17368063//139518800/692047/1.994/1.992//2008-9-18 10:24:49
2103/580022/国电CWB1/1.986	185100	1.985	55800	1.982	91700	1.981	73000	1.980	62300	1.988	30500	1.990	10600	1.992	20260	1.993	15100	1.994	242714	/17368063//142241552/705727/1.986/1.992//2008-9-18 10:25:49
2103/580022/国电CWB1/1.982	18400	1.981	73000	1.980	59100	1.979	3200	1.978	10100	1.983	67900	1.986	110200	1.987	3600	1.988	7500	1.990	20600	/17368063//143124352/710173/1.982/1.992//2008-9-18 10:26:49
2103/580022/国电CWB1/1.982	118800	1.981	15300	1.980	68200	1.979	8500	1.978	20100	1.985	6200	1.986	62800	1.990	7900	1.992	12360	1.993	98000	/17368063//144143744/715314/1.982/1.992//2008-9-18 10:27:50
2103/580022/国电CWB1/1.986	30400	1.983	65300	1.982	24400	1.981	16900	1.980	51900	1.989	39500	1.990	28400	1.991	10500	1.993	54660	1.994	3000	/17368063//145126032/720251/1.989/1.992//2008-9-18 10:28:50
2103/580022/国电CWB1/1.973	90600	1.972	32600	1.971	53500	1.970	74500	1.969	10500	1.980	49298	1.981	5200	1.982	2400	1.983	60000	1.984	15000	/17368063//146144528/725387/1.98/1.992//2008-9-18 10:29:50
2103/580022/国电CWB1/1.968	51200	1.967	9300	1.966	32500	1.965	42300	1.964	50000	1.969	4000	1.970	304998	1.971	66800	1.972	72000	1.973	11002	/17368063//147561616/732577/1.968/1.992//2008-9-18 10:30:51
2103/580022/国电CWB1/1.956	25400	1.955	78500	1.952	1200	1.951	32300	1.950	95100	1.960	12212	1.962	24600	1.963	69400	1.964	210500	1.965	59300	/17368063//149535232/742632/1.96/1.992//2008-9-18 10:31:51
2103/580022/国电CWB1/1.947	21400	1.946	900	1.945	41000	1.944	7600	1.941	3000	1.950	20700	1.951	42800	1.952	95200	1.955	3000	1.956	24600	/17368063//151869744/754562/1.95/1.992//2008-9-18 10:32:51
2103/580022/国电CWB1/1.931	9900	1.930	42300	1.929	800	1.928	8700	1.926	3500	1.937	2700	1.940	247490	1.941	34200	1.942	214	1.943	16100	/17368063//153433664/762622/1.937/1.992//2008-9-18 10:33:52
2103/580022/国电CWB1/1.922	70610	1.921	40000	1.920	55100	1.919	38900	1.918	14800	1.923	5000	1.924	316400	1.925	170600	1.926	104200	1.928	214	/17368063//155416512/772923/1.922/1.992//2008-9-18 10:34:52
2103/580022/国电CWB1/1.909	2000	1.908	18600	1.905	4000	1.904	10200	1.903	32000	1.910	276200	1.911	113700	1.913	1300	1.915	42300	1.918	7500	/17368063//158143408/787162/1.91/1.992//2008-9-18 10:35:52
2103/580022/国电CWB1/1.906	105000	1.905	77200	1.904	141000	1.903	16400	1.902	102700	1.907	17400	1.908	63200	1.909	42704	1.910	278000	1.911	29800	/17368063//160462784/799329/1.907/1.992//2008-9-18 10:36:53
2103/580022/国电CWB1/1.915	484798	1.914	62500	1.913	9600	1.912	35700	1.911	83000	1.920	2700	1.922	9500	1.923	300	1.924	63100	1.925	22200	/17368063//163589152/815685/1.915/1.992//2008-9-18 10:37:53
2103/580022/国电CWB1/1.915	11300	1.914	12700	1.913	14700	1.912	4400	1.911	21100	1.916	105700	1.917	400	1.920	25700	1.921	65500	1.922	155100	/17368063//165401696/825127/1.915/1.992//2008-9-18 10:38:53
2103/580022/国电CWB1/1.902	104600	1.901	35400	1.900	324200	1.899	9900	1.898	8000	1.908	23600	1.909	12300	1.910	9000	1.913	2000	1.914	3000	/17368063//167967680/838559/1.902/1.992//2008-9-18 10:39:54
2103/580022/国电CWB1/1.889	39600	1.888	119500	1.887	2000	1.886	8500	1.885	40500	1.898	77200	1.899	100	1.900	930700	1.901	14200	1.902	60300	/17368063//170092608/849745/1.898/1.992//2008-9-18 10:40:54
2103/580022/国电CWB1/1.885	2500	1.883	38500	1.881	20000	1.880	8093	1.879	27300	1.887	3897	1.888	233700	1.889	381600	1.890	141100	1.895	75000	/17368063//172107472/860439/1.885/1.992//2008-9-18 10:41:54
2103/580022/国电CWB1/1.882	1600	1.878	15000	1.876	400	1.875	300	1.873	43000	1.883	57314	1.885	89509	1.887	3200	1.888	80200	1.889	20800	/17368063//175115264/876416/1.883/1.992//2008-9-18 10:42:55
2103/580022/国电CWB1/1.872	3000	1.867	9100	1.866	1000	1.865	50000	1.864	36800	1.873	6000	1.874	2000	1.875	37750	1.876	60328	1.877	146700	/17368063//176628528/884480/1.873/1.992//2008-9-18 10:43:55
2103/580022/国电CWB1/1.826	55900	1.822	33000	1.821	10500	1.820	97300	1.818	1000	1.830	73900	1.840	80300	1.841	600	1.842	10000	1.845	53400	/17368063//177543760/889433/1.822/1.992//2008-9-18 10:44:56
2103/580022/国电CWB1/1.716	80000	1.703	75500	1.700	19500	1.688	26400	1.678	1300	1.788	10100	1.798	77700	1.799	22900	1.800	194894	1.801	328928	/17368063//180735088/907119/1.703/1.992//2008-9-18 10:45:56
2103/580022/国电CWB1/1.725	4600	1.720	415800	1.715	19000	1.713	100000	1.712	5500	1.728	2000	1.730	96094	1.734	4920	1.737	100000	1.740	43900	/17368063//182929248/919707/1.725/1.992//2008-9-18 10:46:56
2103/580022/国电CWB1/1.713	10500	1.712	24100	1.710	1200	1.709	20398	1.708	10500	1.716	30500	1.718	15300	1.719	261000	1.720	1059000	1.728	14621	/17368063//189418544/957511/1.716/1.992//2008-9-18 10:47:57
2103/580022/国电CWB1/1.660	20200	1.650	9000	1.648	500	1.640	7900	1.625	20000	1.680	217000	1.681	15900	1.683	479900	1.685	67700	1.686	23100	/17368063//191708736/971001/1.67/1.992//2008-9-18 10:48:57
2103/580022/国电CWB1/1.640	1405110	1.633	20000	1.632	11000	1.630	72800	1.629	5000	1.650	568200	1.653	600	1.660	450700	1.666	1200	1.674	50000	/17368063//195124336/991732/1.64/1.992//2008-9-18 10:49:57
2103/580022/国电CWB1/1.669	52700	1.668	112700	1.666	508	1.665	1024100	1.663	1900	1.672	21500	1.675	14300	1.677	80000	1.680	16100	1.683	100	/17368063//201788832/1032058/1.672/1.992//2008-9-18 10:50:58
2103/580022/国电CWB1/1.705	4300	1.704	10000	1.701	20000	1.700	75700	1.699	205486	1.708	9700	1.709	45000	1.710	20000	1.711	27199	1.712	55000	/17368063//204393904/1085592/1.708/1.992//2008-9-18 10:51:58
2103/580022/国电CWB1/1.712	85500	1.710	204601	1.709	7000	1.708	159900	1.705	2300	1.715	200	1.717	21500	1.718	28100	1.721	1299	1.722	1000	/17368063//208981744/1074321/1.715/1.992//2008-9-18 10:52:58
2103/580022/国电CWB1/1.720	8501	1.719	10000	1.718	54500	1.717	20000	1.716	60000	1.722	3100	1.724	14000	1.728	20300	1.729	99900	1.730	17400	/17368063//212062208/1092274/1.722/1.992//2008-9-18 10:53:59
2103/580022/国电CWB1/1.740	23100	1.736	36600	1.732	14000	1.730	26400	1.728	34300	1.744	19000	1.745	70500	1.748	36800	1.750	426000	1.759	28800	/17368063//213365216/1099799/1.74/1.992//2008-9-18 10:54:59
2103/580022/国电CWB1/1.719	23799	1.718	49800	1.717	2000	1.716	110200	1.712	5900	1.725	69400	1.728	3200	1.730	314800	1.731	67800	1.733	67500	/17368063//216665088/1118780/1.719/1.992//2008-9-18 10:56:0
2103/580022/国电CWB1/1.709	1600	1.708	13500	1.705	18000	1.704	4000	1.702	20000	1.710	60100	1.711	17900	1.712	3889	1.714	11200	1.715	42900	/17368063//217893360/1125941/1.71/1.992//2008-9-18 10:57:0
2103/580022/国电CWB1/1.714	30000	1.712	14900	1.711	38000	1.710	296710	1.708	9845	1.716	45228	1.719	30000	1.722	11800	1.725	690	1.728	20000	/17368063//221231696/1146827/1.716/1.992//2008-9-18 10:58:0
2103/580022/国电CWB1/1.720	15800	1.719	51600	1.718	322272	1.716	2600	1.714	111786	1.721	6400	1.722	6800	1.723	2600	1.725	18690	1.728	20000	/17368063//224408720/1163974/1.721/1.992//2008-9-18 10:59:1
2103/580022/国电CWB1/1.747	110000	1.745	49100	1.742	338800	1.740	77500	1.739	23100	1.756	8000	1.828	2767	1.830	50100	1.833	25500	1.836	20800	/17368063//228840272/1211569/1.745/1.992//2008-9-18 11:0:1
2103/580022/国电CWB1/1.781	29500	1.763	82900	1.760	76900	1.757	139000	1.756	11000	1.784	5000	1.788	1600	1.789	9100	1.790	2300	1.791	70000	/17368063//231620000/1205038/1.78/1.992//2008-9-18 11:1:2
2103/580022/国电CWB1/1.760	20000	1.758	30000	1.757	80000	1.756	45800	1.755	1000	1.763	800	1.768	690	1.770	44400	1.773	10200	1.776	69700	/17368063//233453056/1215406/1.76/1.992//2008-9-18 11:2:2
2103/580022/国电CWB1/1.739	3300	1.735	8800	1.733	12000	1.731	80000	1.730	94000	1.740	27500	1.741	500	1.748	60000	1.750	54100	1.752	44600	/17368063//235399456/1226488/1.74/1.992//2008-9-18 11:3:2
2103/580022/国电CWB1/1.775	112600	1.769	68400	1.768	18210	1.767	1700	1.764	160000	1.776	600	1.778	6000	1.779	25900	1.780	253900	1.781	5700	/17368063//237688080/1239598/1.775/1.992//2008-9-18 11:4:3
2103/580022/国电CWB1/1.744	17000	1.743	60200	1.742	10000	1.740	19700	1.736	24466	1.746	68100	1.754	65800	1.762	48800	1.764	58100	1.765	44400	/17368063//240263312/1254182/1.746/1.992//2008-9-18 11:5:3
2103/580022/国电CWB1/1.755	108800	1.750	80300	1.747	3000	1.746	122276	1.745	26400	1.758	9400	1.760	122300	1.761	3400	1.762	55800	1.763	167900	/17368063//242472800/1266847/1.755/1.992//2008-9-18 11:6:4
2103/580022/国电CWB1/1.760	2400	1.759	150000	1.758	128400	1.755	136900	1.754	14400	1.762	12200	1.763	32700	1.764	1000	1.766	5300	1.768	10000	/17368063//244901520/1280685/1.762/1.992//2008-9-18 11:7:4
2103/580022/国电CWB1/1.768	484200	1.765	124000	1.764	49300	1.763	10000	1.761	14100	1.770	263700	1.771	8500	1.773	92600	1.775	19500	1.776	6900	/17368063//248375776/1300387/1.768/1.992//2008-9-18 11:8:4
2103/580022/国电CWB1/1.771	10900	1.765	94900	1.763	9700	1.762	200	1.761	166300	1.772	4800	1.775	32100	1.776	600	1.777	10700	1.778	52200	/17368063//252256672/1322315/1.772/1.992//2008-9-18 11:9:5
2103/580022/国电CWB1/1.772	37886	1.771	34300	1.770	197100	1.769	84100	1.768	133000	1.775	84400	1.776	18100	1.777	10700	1.778	38900	1.779	95300	/17368063//254149072/1333017/1.775/1.992//2008-9-18 11:10:5
2103/580022/国电CWB1/1.775	41276	1.774	24500	1.773	58900	1.772	119800	1.771	194686	1.777	34800	1.779	78300	1.780	69500	1.781	6800	1.783	23600	/17368063//257226208/1350353/1.775/1.992//2008-9-18 11:11:6
2103/580022/国电CWB1/1.769	82500	1.768	73900	1.767	9800	1.766	124600	1.765	93400	1.770	197100	1.771	32000	1.772	151600	1.773	377838	1.774	303000	/17368063//259445552/1362876/1.77/1.992//2008-9-18 11:12:6
2103/580022/国电CWB1/1.751	57100	1.747	600	1.746	1900	1.745	16300	1.744	2700	1.752	185000	1.754	35000	1.755	235100	1.756	199600	1.757	85400	/17368063//261528112/1374714/1.751/1.992//2008-9-18 11:13:7
2103/580022/国电CWB1/1.748	11300	1.746	60600	1.745	15058	1.744	20600	1.743	32500	1.750	78200	1.751	76200	1.752	50000	1.755	26500	1.756	25500	/17368063//263175152/1384144/1.746/1.992//2008-9-18 11:14:7
2103/580022/国电CWB1/1.753	179000	1.751	200	1.750	22600	1.748	5000	1.747	90700	1.755	29500	1.756	25000	1.757	85400	1.758	23300	1.759	90000	/17368063//264755984/1393173/1.753/1.992//2008-9-18 11:15:7
2103/580022/国电CWB1/1.765	108800	1.764	13700	1.762	55400	1.761	80000	1.760	16900	1.766	42800	1.767	50000	1.769	38500	1.770	24600	1.771	6000	/17368063//266924400/1405505/1.765/1.992//2008-9-18 11:16:8
2103/580022/国电CWB1/1.767	53600	1.766	13700	1.758	81300	1.756	1200	1.755	9900	1.768	153400	1.769	5000	1.770	32900	1.771	6000	1.772	85700	/17368063//270003648/1422937/1.768/1.992//2008-9-18 11:17:8
2103/580022/国电CWB1/1.751	13500	1.750	46700	1.748	10000	1.747	21800	1.746	19100	1.753	14653	1.756	25600	1.758	49600	1.760	55600	1.762	3000	/17368063//271463840/1431234/1.753/1.992//2008-9-18 11:18:9
2103/580022/国电CWB1/1.749	15900	1.748	9300	1.747	34900	1.746	14500	1.745	171258	1.750	9200	1.753	28600	1.755	4200	1.756	49800	1.758	24200	/17368063//272036160/1434503/1.75/1.992//2008-9-18 11:19:9
2103/580022/国电CWB1/1.768	9100	1.767	16900	1.766	324900	1.765	235600	1.762	48100	1.771	26905	1.772	88700	1.773	106100	1.774	23100	1.775	83100	/17368063//273574720/1443228/1.768/1.992//2008-9-18 11:20:10
2103/580022/国电CWB1/1.760	121700	1.756	80000	1.755	17000	1.752	149600	1.751	16800	1.766	250538	1.768	37600	1.770	80100	1.771	107405	1.772	341800	/17368063//275177216/1452304/1.766/1.992//2008-9-18 11:21:10
2103/580022/国电CWB1/1.761	40200	1.760	10300	1.759	128600	1.756	86000	1.755	127700	1.765	23900	1.766	301300	1.770	97200	1.771	540705	1.772	341800	/17368063//277276928/1464195/1.765/1.992//2008-9-18 11:22:10
2103/580022/国电CWB1/1.772	13800	1.770	8400	1.767	80000	1.766	400	1.765	74686	1.774	28800	1.775	190200	1.776	16700	1.777	10400	1.778	239078	/17368063//280625952/1483128/1.772/1.992//2008-9-18 11:23:11
2103/580022/国电CWB1/1.769	11000	1.760	9000	1.758	51100	1.755	141000	1.753	45800	1.770	54014	1.772	20600	1.773	60000	1.774	49000	1.775	224900	/17368063//283148224/1497453/1.77/1.992//2008-9-18 11:24:11
2103/580022/国电CWB1/1.763	141000	1.762	85700	1.760	162047	1.759	40000	1.758	83500	1.764	20000	1.765	6800	1.767	1000	1.768	43000	1.769	38600	/17368063//284557280/1505456/1.764/1.992//2008-9-18 11:25:12
2103/580022/国电CWB1/1.748	6893	1.747	28100	1.746	27000	1.745	204558	1.743	800	1.750	54400	1.751	50000	1.753	11700	1.755	32600	1.756	255500	/17368063//286743264/1517905/1.75/1.992//2008-9-18 11:26:12
2103/580022/国电CWB1/1.752	1800	1.751	42300	1.750	1600	1.748	107700	1.747	114394	1.756	200	1.758	10000	1.760	1000	1.763	27100	1.765	12800	/17368063//288054528/1525393/1.751/1.992//2008-9-18 11:27:13
2103/580022/国电CWB1/1.759	30000	1.758	30900	1.755	3300	1.754	277900	1.753	157300	1.760	2800	1.763	10500	1.765	90000	1.766	5600	1.767	31800	/17368063//290705728/1540471/1.758/1.992//2008-9-18 11:28:13
2103/580022/国电CWB1/1.759	43500	1.758	129100	1.756	21600	1.755	300	1.754	72900	1.760	260500	1.762	12000	1.763	204100	1.765	72898	1.766	129953	/17368063//291957376/1549352/1.76/1.992//2008-9-18 11:29:14
2103/580022/国电CWB1/1.758	5600	1.754	25200	1.752	36000	1.751	56700	1.750	158400	1.759	77100	1.761	43500	1.762	55300	1.763	123300	1.765	45398	/17368063//293123872/1554204/1.759/1.992//2008-9-18 11:30:14
2103/580022/国电CWB1/1.758	5600	1.754	25200	1.752	36000	1.751	56700	1.750	158400	1.759	77100	1.761	43500	1.762	55300	1.763	123300	1.765	45398	/17368063//293123872/1554204/1.759/1.992//2008-9-18 11:31:15
2103/580022/国电CWB1/1.733	22700	1.731	200	1.730	5800	1.729	17800	1.726	20000	1.735	1500	1.739	10000	1.740	2500	1.741	5500	1.743	45700	/17368063//295409152/1567258/1.735/1.992//2008-9-18 13:1:15
2103/580022/国电CWB1/1.723	114600	1.722	110100	1.721	167800	1.717	109700	1.716	16300	1.730	78105	1.733	28500	1.735	4800	1.740	84400	1.741	500	/17368063//296788256/1575238/1.73/1.992//2008-9-18 13:2:16
2103/580022/国电CWB1/1.746	177900	1.745	129600	1.744	500	1.743	89500	1.742	154100	1.748	207100	1.749	5646	1.750	58819	1.754	74421	1.757	27300	/17368063//298969984/1587742/1.749/1.992//2008-9-18 13:3:16
2103/580022/国电CWB1/1.736	55000	1.735	14700	1.734	1000	1.732	26000	1.730	12100	1.740	13500	1.742	151100	1.743	2100	1.744	4400	1.745	59507	/17368063//301210624/1600594/1.74/1.992//2008-9-18 13:4:17
2103/580022/国电CWB1/1.744	3900	1.743	265600	1.742	36800	1.741	64600	1.740	124100	1.745	68600	1.746	48900	1.747	20000	1.748	39600	1.749	133507	/17368063//304213024/1617845/1.745/1.992//2008-9-18 13:5:17
2103/580022/国电CWB1/1.742	51510	1.740	175800	1.739	88800	1.738	7900	1.737	40000	1.744	14548	1.745	52000	1.747	25000	1.748	27400	1.749	149607	/17368063//305912832/1627603/1.742/1.992//2008-9-18 13:6:18
2103/580022/国电CWB1/1.746	120000	1.745	5352	1.744	3200	1.743	41500	1.742	9100	1.747	46900	1.748	26000	1.749	152107	1.750	146800	1.751	2100	/17368063//307067008/1634220/1.745/1.992//2008-9-18 13:7:18
2103/580022/国电CWB1/1.745	162838	1.744	37400	1.743	53200	1.742	150800	1.741	150800	1.746	60000	1.747	54400	1.749	319200	1.750	232800	1.751	15300	/17368063//310199616/1652133/1.748/1.992//2008-9-18 13:8:19
2103/580022/国电CWB1/1.729	100	1.728	16000	1.727	2300	1.725	20000	1.720	3700	1.732	75000	1.735	8200	1.736	128200	1.738	10000	1.740	24000	/17368063//313002272/1668278/1.729/1.992//2008-9-18 13:9:19
2103/580022/国电CWB1/1.718	9000	1.717	16200	1.716	123300	1.715	25100	1.714	24600	1.720	12000	1.723	22200	1.725	5000	1.727	6200	1.728	21200	/17368063//314020032/1682097/1.72/1.992//2008-9-18 13:10:20
2103/580022/国电CWB1/1.709	35800	1.708	23745	1.707	2000	1.706	12900	1.705	22700	1.714	749	1.715	1000	1.716	6428	1.717	32000	1.718	1000	/17368063//315998560/1685711/1.709/1.992//2008-9-18 13:11:20
2103/580022/国电CWB1/1.732	7486	1.731	200	1.730	44000	1.729	107100	1.728	1000	1.740	2400	1.745	92300	1.746	17702	1.747	10400	1.748	3300	/17368063//318418336/1801595/1.732/1.992//2008-9-18 13:12:21
2103/580022/国电CWB1/1.732	5000	1.731	14900	1.730	5186	1.729	1400	1.728	10000	1.733	33200	1.735	24400	1.736	73700	1.739	15000	1.740	15000	/17368063//320201824/1710021/1.733/1.992//2008-9-18 13:13:21
2103/580022/国电CWB1/1.735	3600	1.734	25900	1.733	61100	1.732	135200	1.731	8200	1.737	19507	1.739	4100	1.740	500	1.742	66898	1.743	30000	/17368063//322599392/1723829/1.737/1.992//2008-9-18 13:14:22
2103/580022/国电CWB1/1.745	4100	1.743	27600	1.742	35000	1.741	34400	1.740	86700	1.749	112507	1.750	239614	1.751	3200	1.752	80797	1.753	37100	/17368063//324994016/1737580/1.743/1.992//2008-9-18 13:15:22
2103/580022/国电CWB1/1.740	67872	1.739	34900	1.738	1000	1.737	109600	1.735	54100	1.742	35000	1.744	54700	1.745	139900	1.746	21200	1.747	64400	/17368063//326100384/1743924/1.74/1.992//2008-9-18 13:16:23
2103/580022/国电CWB1/1.743	56000	1.740	709772	1.739	1200	1.738	37900	1.737	109600	1.744	33500	1.745	46200	1.746	23500	1.747	43700	1.748	185700	/17368063//326837216/1748156/1.742/1.992//2008-9-18 13:17:23
2103/580022/国电CWB1/1.745	82000	1.744	79600	1.743	1200	1.742	31800	1.741	70900	1.746	74507	1.747	65500	1.748	128700	1.749	148307	1.750	184814	/17368063//327570272/1752357/1.746/1.992//2008-9-18 13:18:24
2103/580022/国电CWB1/1.752	89500	1.751	3972	1.750	33700	1.749	79700	1.748	24200	1.753	94700	1.754	54018	1.755	5700	1.756	52800	1.757	35400	/17368063//330516128/1769205/1.752/1.992//2008-9-18 13:19:24
2103/580022/国电CWB1/1.756	31200	1.755	28554	1.753	13300	1.752	23400	1.751	9200	1.757	9700	1.758	19800	1.759	35400	1.760	109214	1.762	3200	/17368063//332460768/1780299/1.757/1.992//2008-9-18 13:20:25
2103/580022/国电CWB1/1.765	400	1.764	5000	1.763	161554	1.762	3000	1.761	45800	1.766	48800	1.768	20200	1.769	63100	1.770	205014	1.771	10800	/17368063//335251744/1796140/1.766/1.992//2008-9-18 13:21:25
2103/580022/国电CWB1/1.775	6000	1.774	500	1.773	65800	1.772	15000	1.771	26600	1.776	61700	1.777	65900	1.778	46378	1.779	50000	1.780	772200	/17368063//338495008/1814457/1.772/1.992//2008-9-18 13:22:26
2103/580022/国电CWB1/1.777	18000	1.776	93700	1.775	56400	1.774	121800	1.773	369780	1.780	545778	1.781	4500	1.782	7000	1.783	16600	1.785	56200	/17368063//343480960/1842533/1.78/1.992//2008-9-18 13:23:26
2103/580022/国电CWB1/1.783	12700	1.782	344900	1.781	200300	1.780	1391122	1.779	200700	1.785	48700	1.786	56100	1.787	3000	1.788	25000	1.789	63300	/17368063//349573088/1876791/1.785/1.992//2008-9-18 13:24:27
2103/580022/国电CWB1/1.787	34400	1.786	23300	1.785	532207	1.784	484000	1.783	353700	1.788	88200	1.789	200200	1.790	4000	1.792	51300	1.793	28300	/17368063//353245216/1897354/1.787/1.992//2008-9-18 13:25:27
2103/580022/国电CWB1/1.789	87900	1.788	98600	1.787	28900	1.786	208000	1.785	228207	1.790	76200	1.792	94400	1.793	96400	1.794	110400	1.795	96300	/17368063//359469536/1932115/1.79/1.992//2008-9-18 13:26:28
2103/580022/国电CWB1/1.786	14700	1.785	144507	1.784	53200	1.783	151800	1.782	35200	1.788	140800	1.789	39300	1.790	318101	1.791	25500	1.792	279200	/17368063//363453536/1954383/1.786/1.992//2008-9-18 13:27:28
2103/580022/国电CWB1/1.783	109707	1.782	20200	1.781	108700	1.780	143722	1.779	26000	1.784	12300	1.785	213500	1.786	68248	1.787	43900	1.788	105600	/17368063//366862208/1973473/1.783/1.992//2008-9-18 13:28:29
2103/580022/国电CWB1/1.792	11199	1.785	89800	1.784	1000	1.783	52800	1.782	151700	1.793	99930	1.794	43700	1.795	60100	1.796	60600	1.797	83314	/17368063//371569568/1999835/1.788/1.992//2008-9-18 13:29:29
2103/580022/国电CWB1/1.792	213900	1.791	1600	1.790	59700	1.789	36600	1.788	152100	1.793	24900	1.794	27400	1.795	180700	1.796	60600	1.797	25000	/17368063//374062912/2013765/1.792/1.992//2008-9-18 13:30:30
2103/580022/国电CWB1/1.805	88100	1.804	19800	1.803	71400	1.802	128259	1.801	15900	1.807	60000	1.810	119200	1.811	2500	1.814	3000	1.815	1300	/17368063//377358464/2032107/1.807/1.992//2008-9-18 13:31:30
2103/580022/国电CWB1/1.822	32500	1.821	15100	1.820	262800	1.818	50000	1.817	36400	1.826	8900	1.827	30000	1.828	200000	1.829	13800	1.830	229167	/17368063//382361440/2059682/1.822/1.992//2008-9-18 13:32:31
2103/580022/国电CWB1/1.836	18600	1.835	36800	1.834	36637	1.833	98300	1.832	30600	1.838	109300	1.840	102412	1.842	16000	1.844	55600	1.845	25000	/17368063//388393952/2092639/1.838/1.992//2008-9-18 13:33:31
2103/580022/国电CWB1/1.840	154700	1.839	135511	1.838	84400	1.837	209100	1.836	35900	1.842	24100	1.844	20000	1.845	352700	1.847	7300	1.848	51400	/17368063//390869984/2106098/1.84/1.992//2008-9-18 13:34:32
2103/580022/国电CWB1/1.842	108600	1.841	21000	1.840	138300	1.839	88911	1.838	22000	1.843	66100	1.844	3200	1.846	86500	1.847	79200	1.848	102100	/17368063//398503296/2147490/1.843/1.992//2008-9-18 13:35:32
2103/580022/国电CWB1/1.840	1000	1.837	106711	1.836	2000	1.835	247300	1.834	1800	1.845	49912	1.846	69400	1.847	13100	1.848	64400	1.849	28000	/17368063//406633152/2191560/1.845/1.992//2008-9-18 13:36:33
2103/580022/国电CWB1/1.834	600	1.832	48500	1.830	18600	1.829	300	1.828	32300	1.837	60489	1.841	2000	1.842	3000	1.843	12700	1.844	52300	/17368063//411005600/2215358/1.837/1.992//2008-9-18 13:37:34
2103/580022/国电CWB1/1.828	9800	1.826	25500	1.824	15400	1.823	27000	1.822	182400	1.829	800	1.830	213458	1.832	5000	1.834	63649	1.835	69400	/17368063//413143904/2227041/1.829/1.992//2008-9-18 13:38:34
2103/580022/国电CWB1/1.826	38900	1.825	133062	1.824	20000	1.823	84600	1.822	184700	1.828	31700	1.829	254600	1.830	152458	1.832	38900	1.834	26600	/17368063//415500672/2239942/1.828/1.992//2008-9-18 13:39:35
2103/580022/国电CWB1/1.832	293200	1.831	213400	1.830	111300	1.829	85700	1.828	50300	1.847	60900	1.848	85700	1.849	75900	1.850	783877	1.851	9000	/17368063//419452864/2261533/1.832/1.992//2008-9-18 13:40:35
2103/580022/国电CWB1/1.848	800	1.845	9700	1.844	51500	1.843	135000	1.842	35000	1.849	13100	1.850	258477	1.851	9000	1.852	9900	1.853	29200	/17368063//423430784/2283091/1.848/1.992//2008-9-18 13:41:36
2103/580022/国电CWB1/1.845	166500	1.844	40800	1.843	6000	1.842	41300	1.841	20100	1.847	16000	1.848	45000	1.849	71600	1.850	236077	1.851	9000	/17368063//430329664/2320491/1.847/1.992//2008-9-18 13:42:36
2103/580022/国电CWB1/1.863	98800	1.862	210200	1.861	47400	1.860	287200	1.859	141000	1.865	166600	1.868	4800	1.869	25500	1.870	55800	1.872	6100	/17368063//433253344/2336278/1.863/1.992//2008-9-18 13:43:37
2103/580022/国电CWB1/1.875	19000	1.872	125500	1.870	49300	1.869	126700	1.868	35800	1.876	31100	1.877	2000	1.878	10000	1.879	2500	1.880	64806	/17368063//437400512/2358451/1.874/1.992//2008-9-18 13:44:37
2103/580022/国电CWB1/1.883	1200	1.882	105301	1.881	86500	1.880	111200	1.879	521500	1.884	264600	1.886	56500	1.887	72400	1.888	100900	1.889	10600	/17368063//442460896/2385399/1.884/1.992//2008-9-18 13:45:38
2103/580022/国电CWB1/1.899	10000	1.897	2300	1.896	43400	1.895	105290	1.892	123800	1.900	149130	1.901	16400	1.902	7900	1.903	15600	1.905	51000	/17368063//446929856/2409031/1.896/1.992//2008-9-18 13:46:39
2103/580022/国电CWB1/1.910	136100	1.909	49900	1.907	78700	1.906	42700	1.905	331900	1.912	2600	1.914	200	1.915	80900	1.916	17300	1.917	1000	/17368063//452393088/2437757/1.912/1.992//2008-9-18 13:47:39
2103/580022/国电CWB1/1.914	7700	1.912	891350	1.911	38500	1.910	86900	1.909	241900	1.918	10000	1.920	80800	1.921	52900	1.922	13000	1.924	6000	/17368063//459351200/2474137/1.912/1.992//2008-9-18 13:48:40
2103/580022/国电CWB1/1.903	57900	1.902	61100	1.901	4300	1.900	152612	1.899	148200	1.904	21700	1.905	9600	1.907	27800	1.908	101400	1.909	255896	/17368063//464803776/2502647/1.904/1.992//2008-9-18 13:49:40
2103/580022/国电CWB1/1.835	45500	1.834	500000	1.833	200	1.832	168600	1.831	369000	1.847	47100	1.850	31000	1.865	11200	1.868	14800	1.870	24600	/17368063//471040704/2535960/1.835/1.992//2008-9-18 13:50:41
2103/580022/国电CWB1/1.852	151700	1.851	64300	1.850	16400	1.847	10000	1.845	111700	1.855	41700	1.857	9800	1.858	200000	1.860	46800	1.866	80900	/17368063//475953056/2562547/1.85/1.992//2008-9-18 13:51:41
2103/580022/国电CWB1/1.845	7900	1.843	33100	1.842	106100	1.841	364600	1.840	959405	1.846	127146	1.847	126900	1.848	146100	1.850	137800	1.851	48300	/17368063//478851840/2578230/1.846/1.992//2008-9-18 13:52:42
2103/580022/国电CWB1/1.835	84105	1.834	5000	1.833	2000	1.831	5500	1.830	64600	1.838	26500	1.840	30500	1.841	97100	1.842	185546	1.843	118200	/17368063//483797504/2605083/1.835/1.992//2008-9-18 13:53:42
2103/580022/国电CWB1/1.826	16600	1.825	87000	1.821	49400	1.814	30000	1.810	85000	1.827	30000	1.828	38950	1.830	72700	1.831	48600	1.833	89800	/17368063//485884160/2616498/1.825/1.992//2008-9-18 13:54:43
2103/580022/国电CWB1/1.824	30500	1.823	17900	1.822	7200	1.821	237100	1.820	60800	1.825	13000	1.826	70700	1.827	120400	1.828	109200	1.830	335350	/17368063//489197152/2730293/1.824/1.992//2008-9-18 13:55:44
2103/580022/国电CWB1/1.829	7000	1.826	138400	1.825	162100	1.824	26200	1.823	112600	1.830	1771	1.831	4000	1.832	3400	1.833	17300	1.834	84500	/17368063//494032928/2661148/1.829/1.992//2008-9-18 13:56:44
2103/580022/国电CWB1/1.846	75600	1.845	95700	1.844	106200	1.843	47600	1.842	234000	1.848	28500	1.849	84500	1.850	44500	1.852	4000	1.855	27200	/17368063//497111200/2677870/1.848/1.992//2008-9-18 13:57:45
2103/580022/国电CWB1/1.859	42700	1.858	240700	1.857	52700	1.856	63600	1.855	479500	1.865	41700	1.867	3300	1.868	2600	1.869	21000	1.870	5000	/17368063//499581888/2691186/1.859/1.992//2008-9-18 13:58:45
2103/580022/国电CWB1/1.865	6400	1.864	47400	1.861	19200	1.860	116300	1.859	150500	1.868	69800	1.870	175000	1.872	411600	1.873	14100	1.875	277500	/17368063//504808352/2719167/1.868/1.992//2008-9-18 13:59:46
2103/580022/国电CWB1/1.860	384900	1.859	143600	1.858	207600	1.857	42700	1.856	3800	1.861	192400	1.862	7900	1.863	400	1.864	460100	1.865	62900	/17368063//507648192/2885483/1.86/1.992//2008-9-18 14:0:47
2103/580022/国电CWB1/1.852	110800	1.851	29700	1.850	176629	1.848	410000	1.846	25700	1.855	8800	1.856	116400	1.857	80000	1.858	92700	1.859	168100	/17368063//512347104/2759693/1.852/1.992//2008-9-18 14:1:47
2103/580022/国电CWB1/1.832	219000	1.828	339000	1.826	23500	1.825	21900	1.824	12000	1.848	273218	1.849	133000	1.850	840610	1.851	70000	1.852	102300	/17368063//516422656/2781835/1.848/1.992//2008-9-18 14:2:48
2103/580022/国电CWB1/1.857	159592	1.854	31000	1.853	11400	1.852	173900	1.850	190000	1.860	45600	1.861	3400	1.862	60200	1.863	22900	1.864	14500	/17368063//520370240/2803190/1.857/1.992//2008-9-18 14:3:48
2103/580022/国电CWB1/1.860	30600	1.859	55900	1.855	102600	1.853	10500	1.852	40500	1.862	67900	1.863	135800	1.864	25200	1.866	35000	1.868	83900	/17368063//525302784/2829657/1.862/1.992//2008-9-18 14:4:49
2103/580022/国电CWB1/1.855	108700	1.854	400000	1.852	210800	1.851	168700	1.850	951800	1.857	26100	1.858	6600	1.859	23500	1.860	634900	1.862	9900	/17368063//528504448/2846939/1.855/1.992//2008-9-18 14:5:50
2103/580022/国电CWB1/1.874	20000	1.873	5000	1.872	301400	1.871	81200	1.870	194700	1.875	146009	1.876	5600	1.877	5200	1.878	29800	1.879	23000	/17368063//534724992/2880280/1.875/1.992//2008-9-18 14:6:50
2103/580022/国电CWB1/1.883	102600	1.882	426500	1.881	4700	1.880	94182	1.879	61600	1.885	64800	1.888	258299	1.889	307409	1.890	105300	1.891	3800	/17368063//540523456/2911094/1.885/1.992//2008-9-18 14:7:51
2103/580022/国电CWB1/1.886	41300	1.884	31500	1.882	9400	1.881	223200	1.880	74100	1.887	131100	1.888	51700	1.889	254007	1.890	153100	1.891	39800	/17368063//548185728/2951788/1.886/1.992//2008-9-18 14:8:51
2103/580022/国电CWB1/1.893	118500	1.892	141600	1.891	2300	1.890	896800	1.889	50400	1.896	3000	1.899	486437	1.900	335700	1.901	4900	1.902	1500	/17368063//554364352/2984505/1.893/1.992//2008-9-18 14:9:52
2103/580022/国电CWB1/1.892	124200	1.891	26200	1.890	66800	1.889	32300	1.888	8200	1.896	274010	1.898	191700	1.900	189862	1.901	4900	1.902	13000	/17368063//563482176/3032569/1.895/1.992//2008-9-18 14:10:53
2103/580022/国电CWB1/1.885	89100	1.884	11500	1.883	20500	1.882	37500	1.881	34500	1.886	1500	1.888	72690	1.889	354400	1.890	502000	1.891	72000	/17368063//566406528/3055060/1.886/1.992//2008-9-18 14:11:53
2103/580022/国电CWB1/1.905	900	1.902	17100	1.901	51700	1.900	427500	1.899	2200	1.907	36400	1.908	837100	1.909	13400	1.910	259800	1.911	1000	/17368063//571725056/3076159/1.905/1.992//2008-9-18 14:12:54
2103/580022/国电CWB1/1.897	33000	1.894	97400	1.892	21900	1.890	142500	1.889	1500	1.902	12700	1.903	294410	1.904	359458	1.905	19662	1.906	360600	/17368063//575924864/3098238/1.902/1.992//2008-9-18 14:13:55
2103/580022/国电CWB1/1.892	12700	1.891	23500	1.890	143300	1.889	1500	1.888	90800	1.893	40500	1.900	622067	1.901	146600	1.902	192900	1.903	53000	/17368063//579746944/3165188/1.892/1.992//2008-9-18 14:14:55
2103/580022/国电CWB1/1.910	8200	1.909	3900	1.908	263138	1.905	4900	1.903	57800	1.912	87300	1.913	8700	1.914	21600	1.915	119300	1.916	20400	/17368063//587577664/3159489/1.91/1.992//2008-9-18 14:15:56
2103/580022/国电CWB1/1.923	1800	1.922	65200	1.921	53000	1.920	145377	1.919	9200	1.924	8700	1.925	19400	1.926	71000	1.927	800	1.928	13900	/17368063//594828096/3197396/1.923/1.992//2008-9-18 14:16:56
2103/580022/国电CWB1/1.936	48200	1.934	900	1.933	3000	1.932	14800	1.931	18000	1.940	64900	1.942	6000	1.943	5000	1.944	1000	1.945	7700	/17368063//601544192/3232289/1.936/1.992//2008-9-18 14:17:57
2103/580022/国电CWB1/1.948	211700	1.947	6900	1.946	155100	1.945	226700	1.944	289100	1.955	35600	1.956	5000	1.957	20300	1.958	135200	1.959	3500	/17368063//605905088/3478356/1.955/1.992//2008-9-18 14:18:58
2103/580022/国电CWB1/1.963	44500	1.962	14900	1.961	169900	1.960	748300	1.959	186100	1.969	36000	1.970	67507	1.971	3000	1.972	11000	1.973	2100	/17368063//614699328/3299672/1.963/1.992//2008-9-18 14:19:58
2103/580022/国电CWB1/1.975	71000	1.973	5500	1.972	1000	1.970	169293	1.969	42200	1.978	11000	1.980	144900	1.981	8900	1.982	19400	1.983	72800	/17368063//622789376/3340670/1.978/1.992//2008-9-18 14:20:59
2103/580022/国电CWB1/1.985	56500	1.984	59500	1.983	104300	1.982	140100	1.981	148700	1.986	8600	1.988	135100	1.989	28100	1.990	144500	1.991	25000	/17368063//628576192/3369864/1.986/1.992//2008-9-18 14:22:0
2103/580022/国电CWB1/1.993	285000	1.991	8500	1.990	207600	1.989	35200	1.988	180000	1.994	99100	1.995	500	1.997	99500	2.000	431820	2.002	8000	/17368063//639742464/3425964/1.993/1.992//2008-9-18 14:23:0
2103/580022/国电CWB1/1.931	61000	1.924	90600	1.920	3000	1.919	71500	1.913	2000	1.948	1000	1.980	39200	1.981	32900	1.983	15000	1.984	34500	/17368063//654495488/3500230/1.931/1.992//2008-9-18 14:24:1
2103/580022/国电CWB1/1.955	700	1.950	424100	1.949	34200	1.948	35500	1.947	48300	1.960	153512	1.966	5900	1.967	3100	1.968	40700	1.969	47900	/17368063//659268544/3524614/1.96/1.992//2008-9-18 14:25:2
2103/580022/国电CWB1/1.941	95000	1.940	258137	1.938	3000	1.937	43200	1.935	15300	1.942	107900	1.944	20000	1.945	400	1.947	1600	1.949	20000	/17368063//667153088/3565079/1.942/1.992//2008-9-18 14:26:2
2103/580022/国电CWB1/1.927	4200	1.926	36100	1.925	3800	1.924	90600	1.922	94600	1.928	4600	1.930	413500	1.931	215000	1.932	247100	1.933	841800	/17368063//671763200/3588899/1.927/1.992//2008-9-18 14:27:3
2103/580022/国电CWB1/1.914	22300	1.913	202000	1.912	3000	1.911	26600	1.910	25500	1.920	176800	1.921	43200	1.923	341310	1.924	135700	1.925	383000	/17368063//676831424/3615273/1.914/1.992//2008-9-18 14:28:4
2103/580022/国电CWB1/1.916	13200	1.915	325800	1.914	34300	1.913	53700	1.912	2000	1.920	432000	1.921	6000	1.923	115100	1.924	21900	1.925	92400	/17368063//683265920/3648859/1.916/1.992//2008-9-18 14:29:4
2103/580022/国电CWB1/1.927	20000	1.926	71600	1.925	506700	1.924	189200	1.923	215500	1.928	10900	1.929	14800	1.930	97200	1.931	11900	1.932	16500	/17368063//687563968/3671214/1.926/1.992//2008-9-18 14:30:5
2103/580022/国电CWB1/1.935	5612	1.934	1400	1.933	27500	1.932	90700	1.931	94000	1.936	2000	1.937	47000	1.938	83000	1.939	30000	1.940	101763	/17368063//691081280/3689441/1.935/1.992//2008-9-18 14:31:6
2103/580022/国电CWB1/1.941	5000	1.940	404000	1.939	5800	1.938	442100	1.937	346100	1.944	600	1.946	400	1.948	50000	1.949	22300	1.950	67000	/17368063//693039936/3699545/1.94/1.992//2008-9-18 14:32:6
2103/580022/国电CWB1/1.950	873547	1.949	53600	1.948	129300	1.947	111453	1.946	455400	1.951	83700	1.953	17000	1.954	2000	1.955	11400	1.957	8000	/17368063//694330944/3706174/1.95/1.992//2008-9-18 14:33:7
2103/580022/国电CWB1/1.959	3600	1.958	7600	1.957	11100	1.956	6300	1.955	8000	1.960	65200	1.963	1800	1.965	18800	1.966	10600	1.967	5000	/17368063//699426240/3732255/1.96/1.992//2008-9-18 14:34:8
2103/580022/国电CWB1/1.955	18300	1.952	539300	1.950	84347	1.948	31000	1.947	28653	1.956	17100	1.957	39048	1.958	107600	1.959	218400	1.960	1222953	/17368063//704914368/3760339/1.955/1.992//2008-9-18 14:35:8
2103/580022/国电CWB1/1.940	54793	1.939	1000	1.938	11600	1.937	30000	1.936	95000	1.942	17100	1.943	1300	1.944	2300	1.945	13100	1.946	165000	/17368063//710206720/3787467/1.94/1.992//2008-9-18 14:36:9
2103/580022/国电CWB1/1.945	494000	1.944	67800	1.943	126500	1.942	127500	1.941	351500	1.946	229801	1.948	125000	1.949	42500	1.952	12700	1.953	1000	/17368063//715706752/3815711/1.946/1.992//2008-9-18 14:37:10
2103/580022/国电CWB1/1.935	23458	1.933	11400	1.932	15300	1.930	90300	1.929	2000	1.937	24800	1.939	47500	1.940	155364	1.941	35600	1.942	35800	/17368063//720603904/3840909/1.937/1.992//2008-9-18 14:38:10
2103/580022/国电CWB1/1.940	153693	1.939	310200	1.938	76500	1.937	19601	1.936	1001500	1.942	17400	1.943	288900	1.944	53600	1.945	122000	1.946	8700	/17368063//727078336/3874324/1.941/1.992//2008-9-18 14:39:11
2103/580022/国电CWB1/1.976	391600	1.975	874000	1.974	1800	1.970	51000	1.967	108800	1.978	32300	1.979	13600	1.980	103900	1.981	8700	1.983	4300	/17368063//735668544/3918281/1.976/1.992//2008-9-18 14:40:12
2103/580022/国电CWB1/1.953	6300	1.952	74500	1.951	70700	1.950	500	1.946	2000	1.965	47500	1.967	34600	1.968	109300	1.969	96600	1.970	458700	/17368063//745720064/3969136/1.965/1.992//2008-9-18 14:41:12
2103/580022/国电CWB1/1.940	151400	1.938	4000	1.937	59600	1.936	30900	1.934	80000	1.941	17500	1.945	180700	1.947	400	1.948	65300	1.950	132400	/17368063//749395840/3988025/1.941/1.992//2008-9-18 14:42:13
2103/580022/国电CWB1/1.955	207300	1.952	29100	1.950	6500	1.948	3100	1.943	122000	1.958	25500	1.960	59600	1.962	60000	1.963	68900	1.964	5000	/17368063//755536000/4019611/1.958/1.992//2008-9-18 14:43:14
2103/580022/国电CWB1/1.943	52000	1.942	19000	1.941	67800	1.940	925197	1.938	11200	1.955	64400	1.956	10000	1.957	101000	1.958	10300	1.959	60000	/17368063//757925056/4031842/1.943/1.992//2008-9-18 14:44:14
2103/580022/国电CWB1/1.938	40456	1.933	98500	1.929	26900	1.928	5000	1.927	30000	1.941	14199	1.942	7200	1.943	5000	1.945	4900	1.948	2000	/17368063//764110016/4063724/1.938/1.992//2008-9-18 14:45:15
2103/580022/国电CWB1/1.908	900	1.903	2000	1.900	237417	1.899	900	1.898	5100	1.910	7100	1.914	12000	1.916	18000	1.920	13200	1.922	3000	/17368063//769145088/4089898/1.908/1.992//2008-9-18 14:46:16
2103/580022/国电CWB1/1.896	80400	1.893	338600	1.890	142500	1.888	32700	1.886	1100	1.897	15600	1.898	194200	1.899	146400	1.900	576800	1.902	127600	/17368063//772730304/4108740/1.894/1.992//2008-9-18 14:47:16
2103/580022/国电CWB1/1.905	64000	1.902	76900	1.900	1604109	1.899	104200	1.898	34600	1.916	83100	1.918	30000	1.920	167000	1.922	15000	1.928	38900	/17368063//776174080/4126870/1.905/1.992//2008-9-18 14:48:17
2103/580022/国电CWB1/1.890	132800	1.889	1000	1.888	52400	1.886	11600	1.885	3100	1.900	128999	1.902	10500	1.903	9200	1.905	15000	1.908	53400	/17368063//779497088/4144331/1.89/1.992//2008-9-18 14:49:18
2103/580022/国电CWB1/1.881	153300	1.880	1026700	1.878	100	1.876	1300	1.875	13000	1.886	11700	1.888	157300	1.890	145700	1.893	11900	1.894	1000	/17368063//781952384/4157346/1.881/1.992//2008-9-18 14:50:18
2103/580022/国电CWB1/1.912	2600	1.910	169500	1.908	54900	1.906	77700	1.905	482700	1.913	53900	1.914	44999	1.915	606100	1.916	100	1.917	3500	/17368063//785204800/4174495/1.912/1.992//2008-9-18 14:51:19
2103/580022/国电CWB1/1.900	57200	1.899	51700	1.898	1600	1.894	5000	1.893	22600	1.905	95100	1.906	3600	1.907	28900	1.909	49800	1.910	330514	/17368063//789105792/4194933/1.905/1.992//2008-9-18 14:52:20
2103/580022/国电CWB1/1.913	146788	1.912	4700	1.910	246200	1.909	21100	1.908	500	1.917	45899	1.918	16600	1.919	92600	1.920	198800	1.924	80000	/17368063//794369600/4222446/1.913/1.992//2008-9-18 14:53:21
2103/580022/国电CWB1/1.928	60615	1.926	33000	1.925	103500	1.923	142600	1.922	62000	1.930	258023	1.934	39400	1.935	40100	1.940	148300	1.942	7200	/17368063//798890048/4245988/1.93/1.992//2008-9-18 14:54:21
2103/580022/国电CWB1/1.908	1000	1.907	3000	1.906	28300	1.905	2200	1.904	5800	1.915	55100	1.917	13300	1.918	4000	1.919	53000	1.920	2100	/17368063//802776704/4266239/1.915/1.992//2008-9-18 14:55:22
2103/580022/国电CWB1/1.918	9400	1.917	10100	1.916	50000	1.915	14900	1.914	60600	1.919	30000	1.920	60000	1.923	20500	1.930	91700	1.934	10500	/17368063//805554240/4280713/1.918/1.992//2008-9-18 14:56:23
2103/580022/国电CWB1/1.923	27015	1.921	62600	1.919	72400	1.918	1600	1.917	16300	1.924	1199	1.925	73804	1.926	45800	1.927	197901	1.928	164200	/17368063//809030208/4298791/1.923/1.992//2008-9-18 14:57:23
2103/580022/国电CWB1/1.905	10200	1.904	70000	1.903	23000	1.902	104100	1.901	25000	1.907	75500	1.910	701100	1.911	6000	1.912	2600	1.913	82300	/17368063//811405120/4311181/1.907/1.992//2008-9-18 14:58:24
2103/580022/国电CWB1/1.906	97100	1.905	24200	1.904	93000	1.903	71000	1.902	110600	1.908	166200	1.909	4100	1.910	23000	1.911	6000	1.912	45079	/17368063//814833152/4329148/1.908/1.992//2008-9-18 14:59:25
2103/580022/国电CWB1/1.901	141398	1.900	1720700	1.899	800	1.898	400	1.896	1000	1.904	82800	1.905	15000	1.906	18000	1.907	60600	1.908	55100	/17368063//818403904/4347888/1.906/1.992//2008-9-18 15:0:26
2103/580022/国电CWB1/1.901	141398	1.900	1720700	1.899	800	1.898	400	1.896	1000	1.904	82800	1.905	15000	1.906	18000	1.907	60600	1.908	55100	/17368063//818403904/4347888/1.906/1.992//2008-9-18 15:1:26
2103/580022/国电CWB1/1.901	141398	1.900	1720700	1.899	800	1.898	400	1.896	1000	1.904	82800	1.905	15000	1.906	18000	1.907	60600	1.908	55100	/17368063//818403904/4347888/1.906/1.992//2008-9-18 15:2:27
