2105/580024/宝钢CWB1/1.114	114200	1.113	955202	1.112	1297100	1.111	1027100	1.110	1253000	1.115	306400	1.116	277249	1.117	52700	1.118	204760	1.119	746300	/17368065//16077928/144545/1.114/1.13//2008-9-18 9:31:34
2105/580024/宝钢CWB1/1.115	680400	1.114	723500	1.113	776100	1.112	491400	1.111	219600	1.116	435198	1.117	1335549	1.118	436860	1.119	90500	1.120	1062999	/17368065//20856634/187381/1.115/1.13//2008-9-18 9:32:35
2105/580024/宝钢CWB1/1.110	363800	1.109	15300	1.108	203200	1.107	51000	1.106	92200	1.111	1900	1.112	824400	1.113	2300	1.114	910300	1.115	1902800	/17368065//26878602/241455/1.112/1.13//2008-9-18 9:33:35
2105/580024/宝钢CWB1/1.106	6000	1.105	213900	1.104	209100	1.103	688100	1.102	623700	1.107	81300	1.108	160900	1.109	136100	1.110	359400	1.111	833900	/17368065//30334858/272607/1.107/1.13//2008-9-18 9:34:35
2105/580024/宝钢CWB1/1.105	293111	1.104	1270700	1.103	617900	1.102	699800	1.101	327600	1.106	181900	1.107	749500	1.108	97500	1.109	231300	1.110	407800	/17368065//34525736/310505/1.106/1.13//2008-9-18 9:35:35
2105/580024/宝钢CWB1/1.105	922311	1.104	1289400	1.103	737800	1.102	747500	1.101	396200	1.106	203380	1.107	82900	1.108	117400	1.109	211400	1.110	226500	/17368065//38407624/419148/1.106/1.13//2008-9-18 9:36:36
2105/580024/宝钢CWB1/1.105	700600	1.104	685100	1.103	769900	1.102	755600	1.101	451400	1.106	348489	1.107	205080	1.108	165700	1.109	221400	1.110	181800	/17368065//43187248/388851/1.105/1.13//2008-9-18 9:37:36
2105/580024/宝钢CWB1/1.108	1600	1.107	393720	1.106	1044400	1.105	747511	1.104	891100	1.109	87599	1.110	158800	1.111	36200	1.112	101600	1.113	113400	/17368065//47188828/425039/1.108/1.13//2008-9-18 9:38:36
2105/580024/宝钢CWB1/1.108	16400	1.107	1578142	1.106	1273000	1.105	568811	1.104	855400	1.109	25200	1.110	389598	1.111	761100	1.112	105600	1.113	80200	/17368065//50106280/451361/1.109/1.13//2008-9-18 9:39:36
2105/580024/宝钢CWB1/1.108	1210252	1.107	883700	1.106	475700	1.105	469400	1.104	858500	1.109	20000	1.111	1190546	1.112	89400	1.113	473500	1.114	191100	/17368065//56523164/509213/1.111/1.13//2008-9-18 9:40:36
2105/580024/宝钢CWB1/1.110	904700	1.109	1404280	1.108	838800	1.107	405400	1.106	501500	1.111	661718	1.112	706500	1.113	413000	1.114	93000	1.115	320700	/17368065//60208300/542420/1.11/1.13//2008-9-18 9:41:37
2105/580024/宝钢CWB1/1.111	1188400	1.110	1951000	1.109	1494180	1.108	842100	1.107	270200	1.112	481787	1.113	1040838	1.114	448969	1.115	296500	1.116	249300	/17368065//63965432/576219/1.112/1.13//2008-9-18 9:42:37
2105/580024/宝钢CWB1/1.111	786860	1.110	1795200	1.109	1416880	1.108	899600	1.107	248600	1.112	436515	1.113	573018	1.114	585469	1.115	1035800	1.116	254400	/17368065//67673608/609560/1.112/1.13//2008-9-18 9:43:37
2105/580024/宝钢CWB1/1.111	1722089	1.110	1799800	1.109	276200	1.108	973500	1.107	255800	1.112	823800	1.113	411133	1.114	860769	1.115	1064300	1.116	263400	/17368065//70788336/637580/1.111/1.13//2008-9-18 9:44:37
2105/580024/宝钢CWB1/1.111	2365989	1.110	1759500	1.109	360300	1.108	936300	1.107	266100	1.112	567120	1.113	508033	1.114	745700	1.115	844000	1.116	301000	/17368065//74690000/672695/1.112/1.13//2008-9-18 9:45:37
2105/580024/宝钢CWB1/1.112	829900	1.111	1110500	1.110	1487800	1.109	334400	1.108	678400	1.113	623863	1.114	731700	1.115	434000	1.116	338900	1.117	272400	/17368065//79218464/713391/1.112/1.13//2008-9-18 9:46:38
2105/580024/宝钢CWB1/1.112	2375799	1.111	1136600	1.110	1631000	1.109	352500	1.108	692200	1.113	1771400	1.114	1072589	1.115	391600	1.116	346900	1.117	493800	/17368065//81775672/736373/1.112/1.13//2008-9-18 9:47:38
2105/580024/宝钢CWB1/1.112	1726999	1.111	1178400	1.110	1569600	1.109	332000	1.108	536800	1.113	1213200	1.114	1969300	1.115	340600	1.116	368800	1.117	513800	/17368065//85955336/773934/1.112/1.13//2008-9-18 9:48:38
2105/580024/宝钢CWB1/1.112	1371959	1.111	1175500	1.110	1499800	1.109	332000	1.108	483800	1.113	1933300	1.114	1209700	1.115	568900	1.116	367900	1.117	533800	/17368065//89810312/808588/1.112/1.13//2008-9-18 9:49:39
2105/580024/宝钢CWB1/1.110	1271600	1.109	336000	1.108	504300	1.107	229400	1.106	596700	1.111	1096300	1.112	921600	1.113	1907889	1.114	497000	1.115	605600	/17368065//91603456/824719/1.111/1.13//2008-9-18 9:50:39
2105/580024/宝钢CWB1/1.108	1167500	1.107	763100	1.106	601100	1.105	406000	1.104	338300	1.109	928000	1.110	1335850	1.111	495200	1.112	173490	1.113	1564300	/17368065//93782960/844358/1.108/1.13//2008-9-18 9:51:39
2105/580024/宝钢CWB1/1.106	592360	1.105	709400	1.104	418400	1.103	80300	1.102	797400	1.107	9400	1.108	1698100	1.109	909001	1.110	524900	1.111	126100	/17368065//98743368/889123/1.108/1.13//2008-9-18 9:52:39
2105/580024/宝钢CWB1/1.104	1164600	1.103	536900	1.102	803300	1.101	339000	1.100	1796500	1.105	521200	1.106	950840	1.107	618700	1.108	1012900	1.109	128800	/17368065//100713512/906944/1.104/1.13//2008-9-18 9:53:40
2105/580024/宝钢CWB1/1.100	1045900	1.099	4400	1.098	36600	1.097	291800	1.096	343600	1.101	36471	1.102	206000	1.103	377500	1.104	756199	1.105	262120	/17368065//106767472/961866/1.101/1.13//2008-9-18 9:54:40
2105/580024/宝钢CWB1/1.093	610100	1.092	205800	1.091	650700	1.090	1171000	1.089	14700	1.094	64800	1.096	3071300	1.097	939900	1.098	279300	1.099	234100	/17368065//113889584/1026777/1.094/1.13//2008-9-18 9:55:40
2105/580024/宝钢CWB1/1.094	577687	1.093	241200	1.092	412900	1.091	765600	1.090	365200	1.095	1082799	1.096	3086900	1.097	307200	1.098	141500	1.099	102200	/17368065//122163888/1102391/1.095/1.13//2008-9-18 9:56:41
2105/580024/宝钢CWB1/1.091	715900	1.090	770800	1.089	116100	1.088	162200	1.087	84400	1.092	137012	1.093	479800	1.094	189300	1.095	1608999	1.096	3090400	/17368065//128563160/1160901/1.092/1.13//2008-9-18 9:57:41
2105/580024/宝钢CWB1/1.094	126400	1.093	795900	1.092	494400	1.091	647000	1.090	901300	1.095	296000	1.096	72100	1.097	1041011	1.098	456700	1.099	166700	/17368065//135740736/1226499/1.095/1.13//2008-9-18 9:58:41
2105/580024/宝钢CWB1/1.094	58081	1.093	542500	1.092	336100	1.091	556700	1.090	963200	1.095	727000	1.096	979499	1.097	583711	1.098	204400	1.099	426300	/17368065//139780016/1263400/1.095/1.13//2008-9-18 9:59:41
2105/580024/宝钢CWB1/1.090	1000900	1.089	162200	1.088	326800	1.087	171600	1.086	114400	1.091	181300	1.092	854468	1.093	1981700	1.094	245800	1.095	777500	/17368065//143025024/1293098/1.091/1.13//2008-9-18 10:0:42
2105/580024/宝钢CWB1/1.086	1102000	1.085	380200	1.084	273900	1.083	342300	1.082	117500	1.087	325090	1.088	1538900	1.089	1921551	1.090	2245289	1.091	367900	/17368065//148372880/1342221/1.086/1.13//2008-9-18 10:1:42
2105/580024/宝钢CWB1/1.085	1660580	1.084	558900	1.083	356600	1.082	1300300	1.081	1039900	1.086	525801	1.087	692800	1.088	917700	1.089	868271	1.090	1017901	/17368065//158827008/1438525/1.086/1.086//2008-9-18 10:2:42
2105/580024/宝钢CWB1/1.088	1351200	1.087	770200	1.086	3218500	1.085	1426700	1.084	260100	1.089	905172	1.090	1361601	1.091	178100	1.092	251600	1.093	69600	/17368065//168027520/1523119/1.089/1.086//2008-9-18 10:3:42
2105/580024/宝钢CWB1/1.090	375700	1.089	1831700	1.088	2366420	1.087	987900	1.086	2687900	1.091	230568	1.092	124100	1.093	259500	1.094	182800	1.095	194900	/17368065//178792224/1621955/1.09/1.086//2008-9-18 10:4:43
2105/580024/宝钢CWB1/1.090	254300	1.089	1776100	1.088	2170000	1.087	892000	1.086	2750600	1.091	478000	1.092	522900	1.093	550800	1.094	227900	1.095	189820	/17368065//183897600/1668753/1.091/1.086//2008-9-18 10:5:43
2105/580024/宝钢CWB1/1.088	1713900	1.087	904600	1.086	2761100	1.085	1467200	1.084	156100	1.089	484300	1.090	1480800	1.091	869751	1.092	1468800	1.093	188300	/17368065//187453360/1701400/1.088/1.086//2008-9-18 10:6:43
2105/580024/宝钢CWB1/1.088	726022	1.087	1319800	1.086	2673000	1.085	1204400	1.084	138000	1.089	841878	1.090	1636200	1.091	903151	1.092	1157400	1.093	285400	/17368065//195381024/2215286/1.088/1.086//2008-9-18 10:7:44
2105/580024/宝钢CWB1/1.089	2282500	1.088	1558151	1.087	1932700	1.086	2739100	1.085	1207500	1.090	1704770	1.091	734300	1.092	1157400	1.093	285400	1.094	125900	/17368065//198651712/1804276/1.089/1.086//2008-9-18 10:8:44
2105/580024/宝钢CWB1/1.091	1261130	1.090	993481	1.089	482800	1.088	1410400	1.087	1644000	1.092	930700	1.093	290100	1.094	93600	1.095	168120	1.096	57500	/17368065//208805936/1897378/1.091/1.086//2008-9-18 10:9:44
2105/580024/宝钢CWB1/1.090	835200	1.089	414500	1.088	1531900	1.087	1646600	1.086	2621800	1.091	1560170	1.092	3516919	1.093	401300	1.094	98700	1.095	508820	/17368065//214081312/1945710/1.091/1.086//2008-9-18 10:10:44
2105/580024/宝钢CWB1/1.089	14100	1.088	522700	1.087	228800	1.086	651400	1.085	227000	1.090	1240699	1.091	287800	1.092	286000	1.093	341300	1.094	203200	/17368065//216922176/1971780/1.09/1.086//2008-9-18 10:11:45
2105/580024/宝钢CWB1/1.088	541200	1.087	728500	1.086	654100	1.085	306100	1.084	165000	1.089	11769	1.090	672900	1.091	254900	1.092	411400	1.093	860400	/17368065//220581424/2005361/1.089/1.086//2008-9-18 10:12:45
2105/580024/宝钢CWB1/1.089	365971	1.088	680800	1.087	235000	1.086	658500	1.085	346400	1.090	521760	1.091	694700	1.092	395900	1.093	859700	1.094	215400	/17368065//221375696/2012650/1.09/1.086//2008-9-18 10:13:45
2105/580024/宝钢CWB1/1.090	240440	1.089	726771	1.088	824200	1.087	235000	1.086	659500	1.092	242200	1.093	954600	1.094	230100	1.095	1049219	1.096	86000	/17368065//226471184/2059379/1.092/1.086//2008-9-18 10:14:46
2105/580024/宝钢CWB1/1.092	678200	1.091	683100	1.090	1627340	1.089	301571	1.088	885000	1.093	974700	1.094	268400	1.095	1025619	1.096	85900	1.097	141900	/17368065//229424240/2086446/1.092/1.086//2008-9-18 10:15:46
2105/580024/宝钢CWB1/1.091	1690700	1.090	616040	1.089	213771	1.088	691000	1.087	240000	1.092	363749	1.093	2283220	1.094	949700	1.095	1032619	1.096	94700	/17368065//233425696/2123086/1.092/1.086//2008-9-18 10:16:46
2105/580024/宝钢CWB1/1.092	16400	1.091	2149751	1.090	725240	1.089	197371	1.088	530500	1.093	2177820	1.094	950800	1.095	415620	1.096	215600	1.097	138900	/17368065//239183920/2175821/1.092/1.086//2008-9-18 10:17:47
2105/580024/宝钢CWB1/1.090	428940	1.089	186271	1.088	544300	1.087	228000	1.086	650200	1.091	3488119	1.092	2077549	1.093	1582300	1.094	960700	1.095	412120	/17368065//245583152/2234450/1.091/1.086//2008-9-18 10:18:47
2105/580024/宝钢CWB1/1.089	908700	1.088	1028991	1.087	605800	1.086	656400	1.085	479100	1.090	377900	1.091	130960	1.092	813900	1.093	450300	1.094	609000	/17368065//249600656/2271343/1.089/1.086//2008-9-18 10:19:47
2105/580024/宝钢CWB1/1.090	2243200	1.089	1527400	1.088	627800	1.087	443900	1.086	668200	1.091	1200	1.092	1152520	1.093	570300	1.094	593600	1.095	226820	/17368065//255217312/2468672/1.091/1.086//2008-9-18 10:20:48
2105/580024/宝钢CWB1/1.090	2276890	1.089	1149800	1.088	746100	1.087	503500	1.086	655800	1.091	1733298	1.092	408100	1.093	692800	1.094	589700	1.095	225220	/17368065//260287408/2369315/1.091/1.086//2008-9-18 10:21:48
2105/580024/宝钢CWB1/1.089	278681	1.088	251000	1.087	508300	1.086	648400	1.085	534400	1.090	801300	1.091	959200	1.092	729198	1.093	597400	1.094	586400	/17368065//268507520/2444715/1.089/1.086//2008-9-18 10:22:48
2105/580024/宝钢CWB1/1.086	18500	1.085	535400	1.084	176500	1.083	176700	1.082	68500	1.087	182300	1.088	796300	1.089	816900	1.090	1325900	1.091	45200	/17368065//271379712/2471134/1.086/1.086//2008-9-18 10:23:48
2105/580024/宝钢CWB1/1.080	3557201	1.079	42600	1.078	151600	1.077	52000	1.076	156300	1.081	1655200	1.082	1357200	1.083	1072710	1.084	244900	1.085	1385200	/17368065//274967936/2504287/1.08/1.086//2008-9-18 10:24:49
2105/580024/宝钢CWB1/1.076	353600	1.075	163300	1.074	176800	1.073	509900	1.072	517900	1.077	415077	1.079	226700	1.080	2439800	1.081	1021100	1.082	32500	/17368065//282584352/3116663/1.077/1.086//2008-9-18 10:25:49
2105/580024/宝钢CWB1/1.079	865100	1.078	1048600	1.077	215600	1.076	179900	1.075	424900	1.081	698100	1.082	91100	1.083	73800	1.084	37600	1.085	227000	/17368065//288178912/2626756/1.079/1.086//2008-9-18 10:26:49
2105/580024/宝钢CWB1/1.078	540500	1.077	174500	1.076	253900	1.075	452800	1.074	522600	1.079	10400	1.080	1468900	1.081	1307800	1.082	852100	1.083	127300	/17368065//295774592/2697086/1.079/1.086//2008-9-18 10:27:50
2105/580024/宝钢CWB1/1.075	321100	1.074	542700	1.073	159700	1.072	195900	1.071	300100	1.076	150300	1.077	503900	1.078	924799	1.079	361400	1.080	665900	/17368065//297727808/2715213/1.076/1.086//2008-9-18 10:28:50
2105/580024/宝钢CWB1/1.074	652700	1.073	189000	1.072	232800	1.071	336100	1.070	654400	1.075	226216	1.076	1885140	1.077	778000	1.078	278220	1.079	285600	/17368065//303376608/2767733/1.075/1.086//2008-9-18 10:29:50
2105/580024/宝钢CWB1/1.073	387100	1.072	119400	1.071	521300	1.070	740600	1.069	243400	1.074	425399	1.075	591800	1.076	1542956	1.077	243700	1.078	222620	/17368065//308977664/2819857/1.074/1.086//2008-9-18 10:30:51
2105/580024/宝钢CWB1/1.067	150400	1.066	43400	1.065	52500	1.064	68100	1.063	153600	1.070	1843690	1.071	343700	1.072	492100	1.073	1560400	1.074	1143600	/17368065//312657760/2854232/1.07/1.086//2008-9-18 10:31:51
2105/580024/宝钢CWB1/1.061	422250	1.060	1485600	1.059	467300	1.058	100800	1.057	244200	1.062	705783	1.063	460700	1.064	360790	1.065	932219	1.066	101800	/17368065//318024384/2904786/1.062/1.086//2008-9-18 10:32:51
2105/580024/宝钢CWB1/1.058	379600	1.057	837300	1.056	52000	1.055	62500	1.054	10000	1.059	1114349	1.060	1398071	1.061	929750	1.062	853900	1.063	439800	/17368065//324918272/2969821/1.059/1.086//2008-9-18 10:33:52
2105/580024/宝钢CWB1/1.048	46100	1.046	200	1.045	64200	1.044	3100	1.043	12900	1.050	2326099	1.051	2923500	1.052	322400	1.053	811900	1.054	972530	/17368065//332770240/3044350/1.05/1.086//2008-9-18 10:34:52
2105/580024/宝钢CWB1/1.037	27700	1.036	10500	1.035	35600	1.033	36200	1.032	23100	1.040	1324000	1.041	23600	1.042	164600	1.043	1742451	1.044	1320400	/17368065//336362304/3078757/1.04/1.086//2008-9-18 10:35:52
2105/580024/宝钢CWB1/1.030	1029200	1.029	3800	1.028	255700	1.027	200	1.026	221200	1.031	104700	1.032	269200	1.033	140650	1.034	1592340	1.035	361000	/17368065//347174976/3183374/1.031/1.086//2008-9-18 10:36:53
2105/580024/宝钢CWB1/1.031	405900	1.030	653400	1.029	2556061	1.028	825800	1.027	389000	1.032	1277470	1.033	181800	1.034	2056880	1.035	216700	1.036	170700	/17368065//359558656/3303525/1.032/1.086//2008-9-18 10:37:53
2105/580024/宝钢CWB1/1.033	385800	1.032	780021	1.031	234600	1.030	1914600	1.029	62900	1.034	1434929	1.035	459489	1.036	174900	1.037	198100	1.038	542200	/17368065//370947168/3413822/1.034/1.086//2008-9-18 10:38:53
2105/580024/宝钢CWB1/1.030	912100	1.029	41600	1.028	345000	1.027	118400	1.026	271300	1.031	974536	1.033	430300	1.034	1384000	1.035	2520471	1.036	486100	/17368065//380731584/3508527/1.03/1.086//2008-9-18 10:39:54
2105/580024/宝钢CWB1/1.025	130700	1.024	14500	1.023	516600	1.022	13000	1.021	54900	1.026	968371	1.028	352499	1.029	767800	1.030	1062200	1.031	553736	/17368065//385928704/3559032/1.026/1.086//2008-9-18 10:40:54
2105/580024/宝钢CWB1/1.012	228500	1.011	666900	1.010	305900	1.009	65400	1.008	3108500	1.016	1341300	1.017	39100	1.018	4085279	1.019	286600	1.020	947989	/17368065//391752288/3616094/1.015/1.086//2008-9-18 10:41:54
2105/580024/宝钢CWB1/1.009	498321	1.008	2108900	1.007	38100	1.006	58700	1.005	518300	1.010	2528299	1.011	1017529	1.012	565300	1.013	266860	1.014	979600	/17368065//398610112/3683926/1.009/1.086//2008-9-18 10:42:55
2105/580024/宝钢CWB1/1.006	5134664	1.005	750090	1.004	1934800	1.003	829800	1.002	1500900	1.007	230000	1.008	495627	1.009	586160	1.010	1827059	1.011	223800	/17368065//410152576/3798604/1.006/1.086//2008-9-18 10:43:55
2105/580024/宝钢CWB1/1.006	135402	1.005	946790	1.004	579600	1.003	832500	1.002	603300	1.007	36300	1.008	667666	1.009	666600	1.010	505860	1.011	188779	/17368065//423372000/3929878/1.007/1.086//2008-9-18 10:44:56
2105/580024/宝钢CWB1/0.999	627126	0.998	1266200	0.997	25100	0.996	36900	0.995	255500	1.000	2727350	1.001	392073	1.002	2896900	1.003	43500	1.004	150100	/17368065//440002464/4095941/0.999/1.086//2008-9-18 10:45:56
2105/580024/宝钢CWB1/0.990	234801	0.989	41200	0.988	385000	0.987	385000	0.986	14300	0.991	957700	0.992	195340	0.993	489600	0.994	2072300	0.995	1283500	/17368065//448284576/4179250/0.99/1.086//2008-9-18 10:46:56
2105/580024/宝钢CWB1/0.982	37200	0.981	9500	0.980	621400	0.979	42000	0.978	7300	0.984	1059290	0.985	3775500	0.986	4357459	0.987	3158700	0.988	2334000	/17368065//454577792/4243028/0.984/1.086//2008-9-18 10:47:57
2105/580024/宝钢CWB1/0.960	2100	0.955	2468510	0.950	500	0.944	90600	0.941	10000	0.963	532500	0.965	94600	0.966	49100	0.967	71700	0.968	204400	/17368065//461815488/4317926/0.963/1.086//2008-9-18 10:48:57
2105/580024/宝钢CWB1/0.948	141140	0.946	30000	0.945	220600	0.944	2600	0.941	5800	0.950	149810	0.955	4676970	0.956	38700	0.957	46800	0.958	115000	/17368065//480876064/4518574/0.948/1.086//2008-9-18 10:49:57
2105/580024/宝钢CWB1/0.951	963000	0.950	4056551	0.949	10000	0.948	10000	0.947	1185900	0.952	405489	0.953	1699940	0.954	957500	0.955	1290570	0.956	226000	/17368065//506844160/4791914/0.95/1.086//2008-9-18 10:50:58
2105/580024/宝钢CWB1/0.958	136000	0.957	200	0.956	29000	0.955	608600	0.954	588700	0.959	39798	0.960	1167900	0.961	93700	0.962	320	0.963	44700	/17368065//525189632/4983934/0.959/1.086//2008-9-18 10:51:58
2105/580024/宝钢CWB1/0.952	57300	0.951	330500	0.950	718051	0.949	121100	0.948	30700	0.953	341299	0.954	40000	0.955	1536100	0.956	89900	0.957	597820	/17368065//535257536/5089118/0.953/1.086//2008-9-18 10:52:58
2105/580024/宝钢CWB1/0.963	708700	0.962	509600	0.961	1441900	0.960	1013945	0.959	71900	0.964	659599	0.965	1059600	0.967	3000	0.968	313100	0.969	1202900	/17368065//543652736/5176780/0.964/1.086//2008-9-18 10:53:59
2105/580024/宝钢CWB1/0.965	977481	0.964	1004151	0.963	972500	0.962	504400	0.961	1185700	0.966	61000	0.967	1431650	0.968	311000	0.969	1222900	0.970	784890	/17368065//555426240/5298867/0.965/1.086//2008-9-18 10:54:59
2105/580024/宝钢CWB1/0.964	833251	0.963	389700	0.962	455300	0.961	1086200	0.960	776600	0.965	1703789	0.966	175800	0.967	612500	0.968	602404	0.969	1207900	/17368065//568665920/5435899/0.965/1.086//2008-9-18 10:56:0
2105/580024/宝钢CWB1/0.959	14500	0.958	182500	0.957	15500	0.956	49600	0.955	61800	0.960	28400	0.961	1166150	0.962	455100	0.963	382800	0.964	1775000	/17368065//575623680/5508152/0.96/1.086//2008-9-18 10:57:0
2105/580024/宝钢CWB1/0.955	399480	0.954	78900	0.953	40300	0.952	219100	0.951	490400	0.956	186900	0.957	314600	0.959	943000	0.960	388470	0.961	66850	/17368065//581379520/5568110/0.955/1.086//2008-9-18 10:58:0
2105/580024/宝钢CWB1/0.967	461500	0.966	426900	0.965	1032600	0.964	1350300	0.963	917100	0.968	890504	0.969	1224400	0.970	642290	0.971	183640	0.972	21200	/17368065//588147136/5638518/0.967/1.086//2008-9-18 10:59:1
2105/580024/宝钢CWB1/0.975	1652200	0.974	2700	0.973	255100	0.972	2315300	0.971	1957400	0.976	7500	0.979	170000	0.980	1000000	0.984	23260	0.985	503059	/17368065//597831552/6188317/0.976/1.086//2008-9-18 11:0:1
2105/580024/宝钢CWB1/0.981	37800	0.980	1740300	0.979	33200	0.978	97900	0.977	175100	0.982	1153000	0.983	333000	0.984	1123550	0.985	110400	0.986	14100	/17368065//608750208/5849133/0.982/1.086//2008-9-18 11:1:2
2105/580024/宝钢CWB1/0.975	716100	0.974	11500	0.973	52100	0.972	94400	0.971	734400	0.976	102900	0.977	339100	0.978	1032001	0.979	1747800	0.980	1785450	/17368065//614869632/5911624/0.975/1.086//2008-9-18 11:2:2
2105/580024/宝钢CWB1/0.969	1000100	0.968	117100	0.967	977500	0.966	977443	0.965	1414200	0.970	71600	0.971	27191	0.972	690700	0.973	1049600	0.974	81700	/17368065//623601280/6001540/0.969/1.086//2008-9-18 11:3:2
2105/580024/宝钢CWB1/0.979	1700	0.978	148600	0.977	378400	0.976	413200	0.975	1245500	0.980	17800	0.981	214505	0.982	33500	0.983	1047400	0.984	115900	/17368065//633829632/6106411/0.979/1.086//2008-9-18 11:4:3
2105/580024/宝钢CWB1/0.972	90969	0.971	101000	0.970	305900	0.969	67500	0.968	21900	0.976	39200	0.977	463199	0.978	544700	0.979	151500	0.980	374960	/17368065//642187328/6192054/0.976/1.086//2008-9-18 11:5:3
2105/580024/宝钢CWB1/0.979	1116600	0.978	1025500	0.977	848801	0.976	876500	0.975	1955100	0.980	259060	0.981	122105	0.982	426200	0.983	1039200	0.984	104500	/17368065//648482688/6256533/0.979/1.086//2008-9-18 11:6:4
2105/580024/宝钢CWB1/0.976	355900	0.975	442400	0.974	520990	0.973	20700	0.972	156300	0.977	256900	0.979	78035	0.980	390650	0.981	78600	0.982	1124880	/17368065//660337600/6377559/0.977/1.086//2008-9-18 11:7:4
2105/580024/宝钢CWB1/0.977	569500	0.976	357900	0.975	411700	0.974	507990	0.973	21500	0.978	629100	0.980	12900	0.981	627501	0.982	624640	0.983	989700	/17368065//671398912/6490540/0.978/1.086//2008-9-18 11:8:4
2105/580024/宝钢CWB1/0.980	286400	0.979	1317999	0.978	519000	0.977	297200	0.976	328300	0.981	36215	0.982	805400	0.983	1003900	0.984	114900	0.985	1262300	/17368065//677527680/6553160/0.981/1.086//2008-9-18 11:9:5
2105/580024/宝钢CWB1/0.985	120000	0.983	1534485	0.982	310100	0.981	797600	0.980	1439810	0.986	209900	0.987	103200	0.988	178600	0.989	111400	0.990	111900	/17368065//685986560/6639245/0.983/1.086//2008-9-18 11:10:5
2105/580024/宝钢CWB1/0.984	138300	0.983	954985	0.982	166800	0.981	313000	0.980	2030000	0.985	218300	0.987	165100	0.988	1500	0.989	1196000	0.990	1170557	/17368065//694762752/6728194/0.985/1.086//2008-9-18 11:11:6
2105/580024/宝钢CWB1/0.983	759685	0.982	130200	0.981	285200	0.980	1206600	0.979	137800	0.984	1718400	0.985	2577500	0.986	1168500	0.987	1182700	0.988	1374300	/17368065//698145536/6762543/0.983/1.086//2008-9-18 11:12:6
2105/580024/宝钢CWB1/0.980	538485	0.979	1107100	0.978	1074700	0.977	193400	0.976	221600	0.981	620800	0.982	1843757	0.983	1182100	0.984	273650	0.985	588400	/17368065//706439104/6847129/0.981/1.086//2008-9-18 11:13:7
2105/580024/宝钢CWB1/0.970	152100	0.969	31900	0.968	182600	0.967	5000	0.966	150543	0.973	1924200	0.974	1292500	0.975	138900	0.976	6400	0.977	23800	/17368065//711183040/6895703/0.97/1.086//2008-9-18 11:14:7
2105/580024/宝钢CWB1/0.973	27899	0.972	1377380	0.971	820200	0.970	1313599	0.969	336700	0.975	166200	0.977	2000	0.978	398900	0.979	399500	0.980	1204400	/17368065//718819072/6974331/0.973/1.086//2008-9-18 11:15:7
2105/580024/宝钢CWB1/0.983	335700	0.982	1420000	0.981	480400	0.980	2452180	0.979	949000	0.984	212900	0.985	203300	0.986	104300	0.987	46800	0.988	491400	/17368065//726437440/7052316/0.984/1.086//2008-9-18 11:16:8
2105/580024/宝钢CWB1/0.974	165600	0.973	334900	0.972	147400	0.971	204700	0.970	1095100	0.977	132800	0.978	505500	0.979	1402320	0.980	1171400	0.981	117400	/17368065//733518912/7124586/0.977/1.086//2008-9-18 11:17:8
2105/580024/宝钢CWB1/0.972	197400	0.971	284100	0.970	1425900	0.969	292800	0.968	258200	0.975	1383700	0.976	112700	0.977	1032600	0.978	115400	0.979	49400	/17368065//738313984/7173755/0.975/1.086//2008-9-18 11:18:9
2105/580024/宝钢CWB1/0.971	97720	0.970	1567800	0.969	111900	0.968	172200	0.967	35800	0.972	25600	0.973	166857	0.974	189560	0.975	1226100	0.976	14100	/17368065//740961728/7200997/0.972/1.086//2008-9-18 11:19:9
2105/580024/宝钢CWB1/0.976	372282	0.975	1742200	0.974	100000	0.973	760843	0.972	849120	0.978	144200	0.979	159000	0.980	432990	0.981	124800	0.982	147600	/17368065//744478592/7237061/0.976/1.086//2008-9-18 11:20:10
2105/580024/宝钢CWB1/0.979	512300	0.977	728900	0.976	386100	0.975	1837780	0.973	810643	0.980	663700	0.981	491000	0.982	246600	0.983	400401	0.984	182000	/17368065//748711296/7280376/0.979/1.086//2008-9-18 11:21:10
2105/580024/宝钢CWB1/0.981	910000	0.980	835880	0.979	71600	0.978	1032400	0.977	569000	0.982	121400	0.983	395800	0.984	192300	0.985	335100	0.986	135800	/17368065//752999360/7324140/0.981/1.086//2008-9-18 11:22:10
2105/580024/宝钢CWB1/0.984	690800	0.983	937499	0.982	17700	0.981	50600	0.980	234900	0.985	561300	0.986	450000	0.987	224500	0.988	567800	0.989	390790	/17368065//759557440/7390947/0.984/1.086//2008-9-18 11:23:11
2105/580024/宝钢CWB1/0.982	459700	0.981	763799	0.980	440000	0.979	1030800	0.978	1053400	0.983	869800	0.984	847279	0.985	776500	0.986	513900	0.987	332600	/17368065//765706304/7453515/0.983/1.086//2008-9-18 11:24:11
2105/580024/宝钢CWB1/0.977	212500	0.976	297400	0.975	843900	0.974	2000	0.973	154200	0.978	1149500	0.979	355200	0.980	499400	0.981	789500	0.982	581168	/17368065//769694016/7494219/0.978/1.086//2008-9-18 11:25:12
2105/580024/宝钢CWB1/0.973	394500	0.972	219800	0.971	256700	0.970	1787400	0.969	111400	0.974	382900	0.975	460948	0.976	801700	0.977	493100	0.978	19000	/17368065//772945664/7527560/0.974/1.086//2008-9-18 11:26:12
2105/580024/宝钢CWB1/0.977	844600	0.976	143600	0.975	329952	0.974	688500	0.973	1189399	0.978	14000	0.979	11700	0.980	454000	0.981	389800	0.982	424800	/17368065//777942528/7578845/0.977/1.086//2008-9-18 11:27:13
2105/580024/宝钢CWB1/0.978	177600	0.977	311700	0.976	228100	0.975	337700	0.974	62300	0.979	305748	0.980	463300	0.981	387700	0.982	537300	0.983	723600	/17368065//780825472/7608297/0.978/1.086//2008-9-18 11:28:13
2105/580024/宝钢CWB1/0.977	8900	0.976	812199	0.975	329500	0.974	288800	0.973	329400	0.978	316700	0.979	73400	0.980	850447	0.981	262700	0.982	596300	/17368065//782903040/7638555/0.978/1.086//2008-9-18 11:29:14
2105/580024/宝钢CWB1/0.978	928400	0.977	236800	0.976	1159999	0.975	374600	0.974	1704900	0.979	2295480	0.980	769447	0.981	306100	0.982	639000	0.983	472200	/17368065//785048384/7651467/0.979/1.086//2008-9-18 11:30:14
2105/580024/宝钢CWB1/0.978	928400	0.977	236800	0.976	1159999	0.975	374600	0.974	1704900	0.979	2295480	0.980	769447	0.981	306100	0.982	639000	0.983	472200	/17368065//785048384/7651467/0.979/1.086//2008-9-18 11:31:15
2105/580024/宝钢CWB1/0.972	346700	0.971	941900	0.970	1474100	0.969	37300	0.968	158900	0.973	1012300	0.974	1269300	0.975	868900	0.976	94300	0.977	477000	/17368065//791826048/7720836/0.972/1.086//2008-9-18 13:1:15
2105/580024/宝钢CWB1/0.974	2641800	0.973	1885800	0.972	1235500	0.971	1651400	0.970	1490600	0.975	195700	0.976	5000	0.977	477000	0.978	1216920	0.979	100383	/17368065//795428736/7757860/0.975/1.086//2008-9-18 13:2:16
2105/580024/宝钢CWB1/0.977	21197	0.976	190700	0.975	159300	0.974	205800	0.973	618500	0.978	359303	0.979	35500	0.980	718587	0.981	315400	0.982	394509	/17368065//806119680/7867221/0.977/1.086//2008-9-18 13:3:16
2105/580024/宝钢CWB1/0.977	299197	0.976	20500	0.975	73100	0.974	46800	0.973	419300	0.978	305180	0.979	170237	0.980	674087	0.981	476600	0.982	353209	/17368065//809443328/7901215/0.978/1.086//2008-9-18 13:4:17
2105/580024/宝钢CWB1/0.977	594501	0.976	835300	0.975	362400	0.974	195200	0.973	430300	0.978	1592303	0.979	81300	0.980	147167	0.981	360300	0.982	364277	/17368065//815469184/7962807/0.978/1.086//2008-9-18 13:5:17
2105/580024/宝钢CWB1/0.977	964481	0.976	257000	0.975	619300	0.974	205500	0.973	521000	0.978	1782683	0.979	737500	0.980	259967	0.981	364300	0.982	390477	/17368065//821136704/8020801/0.978/1.086//2008-9-18 13:6:18
2105/580024/宝钢CWB1/0.977	724700	0.976	981100	0.975	484900	0.974	1283400	0.973	640300	0.978	425424	0.980	215957	0.981	476100	0.982	404677	0.983	404300	/17368065//826393536/8074588/0.978/1.086//2008-9-18 13:7:18
2105/580024/宝钢CWB1/0.977	596200	0.976	945400	0.975	1219400	0.974	788400	0.973	626300	0.978	1616119	0.979	857724	0.980	552200	0.981	437500	0.982	432177	/17368065//831507712/8126886/0.977/1.086//2008-9-18 13:8:19
2105/580024/宝钢CWB1/0.976	905000	0.975	673842	0.974	995500	0.973	607500	0.972	511300	0.977	358900	0.978	163000	0.979	831363	0.980	1050500	0.981	444900	/17368065//837871488/8192096/0.976/1.086//2008-9-18 13:9:19
2105/580024/宝钢CWB1/0.971	3122876	0.970	1329100	0.969	59600	0.968	203100	0.967	60400	0.972	393400	0.973	205900	0.974	37900	0.975	527450	0.976	548600	/17368065//846417408/8279917/0.971/1.086//2008-9-18 13:10:20
2105/580024/宝钢CWB1/0.973	273700	0.972	444900	0.971	3484476	0.970	790500	0.969	39600	0.975	618200	0.976	96800	0.977	540900	0.978	120500	0.979	401800	/17368065//851580160/8332979/0.973/1.086//2008-9-18 13:11:20
2105/580024/宝钢CWB1/0.974	1050100	0.973	411580	0.972	816500	0.971	3343476	0.970	892200	0.975	803660	0.976	481400	0.977	591300	0.978	560100	0.979	591700	/17368065//853969856/8357490/0.975/1.086//2008-9-18 13:12:21
2105/580024/宝钢CWB1/0.977	513200	0.976	93900	0.975	1863960	0.974	257300	0.973	309180	0.978	498100	0.979	1161199	0.980	1155400	0.981	427700	0.982	669867	/17368065//857372544/8392359/0.977/1.086//2008-9-18 13:13:21
2105/580024/宝钢CWB1/0.976	118000	0.975	989100	0.974	96400	0.973	305480	0.972	900200	0.977	2245299	0.978	1052750	0.979	978099	0.980	1356700	0.981	438000	/17368065//861042816/8429946/0.977/1.086//2008-9-18 13:14:22
2105/580024/宝钢CWB1/0.980	160110	0.978	396821	0.977	390141	0.976	12500	0.975	135800	0.982	458477	0.983	476100	0.984	345600	0.985	435100	0.986	834600	/17368065//870352320/8525100/0.982/1.086//2008-9-18 13:15:22
2105/580024/宝钢CWB1/0.981	1478660	0.980	345600	0.978	249200	0.977	147041	0.976	19800	0.982	655886	0.983	1828060	0.984	154500	0.985	671000	0.986	858800	/17368065//879679680/8620036/0.982/1.086//2008-9-18 13:16:23
2105/580024/宝钢CWB1/0.982	1263754	0.981	99700	0.980	339800	0.979	258800	0.978	222100	0.983	1917199	0.984	271000	0.985	700900	0.986	852400	0.987	123000	/17368065//885220352/8676508/0.982/1.086//2008-9-18 13:17:23
2105/580024/宝钢CWB1/0.981	6598400	0.980	1225200	0.978	402100	0.977	3576841	0.976	262000	0.982	1829346	0.983	732309	0.984	427400	0.985	785000	0.986	892500	/17368065//889872960/8723912/0.981/1.086//2008-9-18 13:18:24
2105/580024/宝钢CWB1/0.980	18000	0.979	274000	0.978	507700	0.977	559441	0.976	491100	0.981	1212400	0.982	1261740	0.983	41460	0.984	997300	0.985	1068000	/17368065//900019776/8827150/0.981/1.086//2008-9-18 13:19:24
2105/580024/宝钢CWB1/0.982	1322160	0.981	133200	0.980	198200	0.979	44500	0.978	310400	0.983	774760	0.984	1120800	0.985	1188890	0.986	441900	0.987	146800	/17368065//904647104/8874279/0.982/1.086//2008-9-18 13:20:25
2105/580024/宝钢CWB1/0.986	586010	0.985	932200	0.984	1073200	0.983	885800	0.982	580400	0.987	878800	0.988	621300	0.989	434400	0.990	597200	0.991	277099	/17368065//914906880/8978464/0.987/1.086//2008-9-18 13:21:25
2105/580024/宝钢CWB1/0.994	2179601	0.993	2692900	0.992	684100	0.991	1391901	0.990	2582700	0.995	201800	0.996	38200	0.997	356800	0.998	644600	0.999	1483900	/17368065//924423616/9074627/0.994/1.086//2008-9-18 13:22:26
2105/580024/宝钢CWB1/0.996	1612441	0.995	3492400	0.994	414000	0.993	806600	0.992	759500	0.997	1794890	0.998	3026945	0.999	1613300	1.000	1983764	1.001	56900	/17368065//938208256/9213014/0.997/1.086//2008-9-18 13:23:26
2105/580024/宝钢CWB1/0.993	482800	0.992	185100	0.991	398400	0.990	771800	0.989	388300	0.994	2007200	0.995	834700	0.996	1465190	0.997	1391000	0.998	1898500	/17368065//952560064/9357160/0.994/1.086//2008-9-18 13:24:27
2105/580024/宝钢CWB1/0.995	757000	0.994	1577001	0.993	2917500	0.992	1666200	0.991	730600	0.996	815000	0.997	381439	0.998	1152500	0.999	1396400	1.000	1838564	/17368065//962502208/9457246/0.996/1.086//2008-9-18 13:25:27
2105/580024/宝钢CWB1/0.996	516800	0.995	2365637	0.994	1548442	0.993	2993800	0.992	1196600	0.997	698041	0.998	1713200	0.999	1630339	1.000	1863364	1.001	94000	/17368065//973956480/9572290/0.996/1.086//2008-9-18 13:26:28
2105/580024/宝钢CWB1/0.994	1081142	0.993	2708700	0.992	277200	0.991	281500	0.990	594400	0.995	3518153	0.997	274700	0.998	1957200	0.999	1503539	1.000	2126774	/17368065//988566016/9718969/0.995/1.086//2008-9-18 13:27:28
2105/580024/宝钢CWB1/0.993	936911	0.992	1403200	0.991	319500	0.990	832200	0.989	68700	0.994	855757	0.995	3973053	0.996	227700	0.997	1976400	0.998	1503839	/17368065//997891648/9812846/0.993/1.086//2008-9-18 13:28:29
2105/580024/宝钢CWB1/0.998	187700	0.997	89161	0.996	191200	0.995	1733747	0.994	649954	0.999	137000	1.001	883653	1.002	252100	1.003	26000	1.004	15100	/17368065//1023053632/10065046/1.001/1.086//2008-9-18 13:29:29
2105/580024/宝钢CWB1/1.000	1160867	0.999	1389170	0.998	2705300	0.997	2297361	0.996	576900	1.001	1213153	1.002	330500	1.003	107100	1.004	140000	1.005	282800	/17368065//1034110400/10175727/1.0/1.086//2008-9-18 13:30:30
2105/580024/宝钢CWB1/1.003	1731000	1.002	704247	1.001	1774200	1.000	2343000	0.999	1737770	1.005	780000	1.006	300100	1.007	134400	1.008	255600	1.009	540000	/17368065//1044636864/10280731/1.003/1.086//2008-9-18 13:31:30
2105/580024/宝钢CWB1/1.008	881600	1.007	21000	1.006	1900100	1.005	16100	1.004	1209665	1.009	576800	1.010	1425420	1.011	79600	1.012	40600	1.013	99300	/17368065//1064003776/10473511/1.008/1.086//2008-9-18 13:32:31
2105/580024/宝钢CWB1/1.017	356800	1.016	2466400	1.015	846200	1.014	517900	1.013	410000	1.018	14300	1.019	96000	1.020	246720	1.021	53000	1.022	31600	/17368065//1075573760/10587655/1.018/1.086//2008-9-18 13:33:31
2105/580024/宝钢CWB1/1.022	66600	1.021	1952400	1.020	156000	1.019	1504721	1.018	6799372	1.026	13300	1.027	1012900	1.028	178300	1.029	156900	1.030	592500	/17368065//1085971712/10689667/1.022/1.086//2008-9-18 13:34:32
2105/580024/宝钢CWB1/1.032	197300	1.031	2300	1.030	2089701	1.029	2334200	1.028	936200	1.034	52800	1.035	162800	1.036	18800	1.037	375700	1.038	368700	/17368065//1102219776/10847739/1.034/1.086//2008-9-18 13:35:32
2105/580024/宝钢CWB1/1.031	33000	1.030	971500	1.029	512200	1.028	994865	1.027	123800	1.032	109600	1.033	909900	1.034	41300	1.035	205200	1.036	142800	/17368065//1122254464/11042218/1.031/1.086//2008-9-18 13:36:33
2105/580024/宝钢CWB1/1.029	985800	1.028	608565	1.027	141500	1.026	283700	1.025	453800	1.030	98300	1.031	50000	1.032	196200	1.033	1920380	1.034	1223163	/17368065//1134107136/11157053/1.03/1.086//2008-9-18 13:37:34
2105/580024/宝钢CWB1/1.024	899264	1.023	3948900	1.022	82200	1.021	14000	1.020	596400	1.025	1373200	1.026	419936	1.027	326400	1.028	4634200	1.029	1995380	/17368065//1144251648/11255704/1.024/1.086//2008-9-18 13:38:34
2105/580024/宝钢CWB1/1.019	135800	1.018	177400	1.017	149000	1.016	217200	1.015	161500	1.020	1401001	1.021	582300	1.022	1792750	1.023	3066980	1.024	1215550	/17368065//1156011392/11370735/1.019/1.086//2008-9-18 13:39:35
2105/580024/宝钢CWB1/1.024	478850	1.022	702201	1.021	893400	1.020	4551900	1.019	2676559	1.025	910300	1.026	451200	1.027	124200	1.028	268600	1.029	82500	/17368065//1174454272/11551581/1.024/1.086//2008-9-18 13:40:35
2105/580024/宝钢CWB1/1.028	75700	1.027	3777300	1.026	888300	1.025	2676600	1.024	2109800	1.029	484300	1.030	630100	1.031	100700	1.032	115400	1.033	290930	/17368065//1185260032/11656973/1.028/1.086//2008-9-18 13:41:36
2105/580024/宝钢CWB1/1.026	767400	1.025	1135300	1.024	238800	1.023	229800	1.022	150300	1.028	938099	1.029	519400	1.030	2847360	1.031	854700	1.032	1135900	/17368065//1201303168/11812890/1.028/1.086//2008-9-18 13:42:36
2105/580024/宝钢CWB1/1.035	399400	1.034	332400	1.033	1652110	1.032	1775800	1.031	1033800	1.037	62500	1.038	523100	1.039	112000	1.040	473540	1.041	15000	/17368065//1213977984/11936012/1.035/1.086//2008-9-18 13:43:37
2105/580024/宝钢CWB1/1.040	832060	1.039	222000	1.038	538900	1.037	4043600	1.036	3064400	1.041	8800	1.042	24200	1.043	74000	1.044	31000	1.045	130640	/17368065//1230828288/12098592/1.04/1.086//2008-9-18 13:44:37
2105/580024/宝钢CWB1/1.043	919300	1.042	204800	1.041	1321300	1.040	422700	1.039	51100	1.044	28000	1.045	151000	1.046	54100	1.047	644100	1.048	228600	/17368065//1252459520/12305775/1.044/1.086//2008-9-18 13:45:38
2105/580024/宝钢CWB1/1.049	999900	1.048	1067500	1.047	1250200	1.046	662851	1.045	1621800	1.050	64680	1.051	1350800	1.052	500300	1.053	25902	1.054	32400	/17368065//1272861312/12500759/1.05/1.086//2008-9-18 13:46:39
2105/580024/宝钢CWB1/1.043	354600	1.042	1180100	1.041	575800	1.040	569800	1.039	23900	1.044	648523	1.045	596900	1.046	841601	1.047	989365	1.048	157400	/17368065//1297153024/12732647/1.044/1.086//2008-9-18 13:47:39
2105/580024/宝钢CWB1/1.036	311300	1.035	395800	1.034	1223800	1.033	242400	1.032	303600	1.037	28200	1.038	1394101	1.039	168200	1.040	973200	1.041	473100	/17368065//1305275648/12810694/1.038/1.086//2008-9-18 13:48:40
2105/580024/宝钢CWB1/1.031	207000	1.030	533100	1.029	908000	1.028	39200	1.027	509300	1.032	95999	1.033	19300	1.035	660200	1.036	1012183	1.037	1921241	/17368065//1318131840/12934766/1.031/1.086//2008-9-18 13:49:40
2105/580024/宝钢CWB1/1.023	685760	1.022	1370600	1.021	59300	1.020	1627700	1.019	181400	1.024	52600	1.025	16100	1.026	1412681	1.027	524840	1.028	223600	/17368065//1328351872/13034386/1.023/1.086//2008-9-18 13:50:41
2105/580024/宝钢CWB1/1.026	2645918	1.025	1107200	1.024	3469700	1.023	1288800	1.022	1273300	1.027	1273800	1.028	108700	1.029	255200	1.030	247980	1.031	3250	/17368065//1341488000/13162597/1.026/1.086//2008-9-18 13:51:41
2105/580024/宝钢CWB1/1.024	1222000	1.023	1256700	1.022	23300	1.021	415900	1.020	552700	1.025	1551582	1.026	1518100	1.027	1565594	1.028	160906	1.029	111800	/17368065//1355832832/13302330/1.025/1.086//2008-9-18 13:52:42
2105/580024/宝钢CWB1/1.019	616000	1.018	98600	1.017	21900	1.016	135600	1.015	101900	1.020	2413576	1.021	626949	1.022	426500	1.023	1196900	1.024	1187900	/17368065//1364342144/13385556/1.02/1.086//2008-9-18 13:53:42
2105/580024/宝钢CWB1/1.016	229600	1.015	601800	1.014	6400	1.013	171600	1.012	418700	1.018	2410543	1.019	1675100	1.020	2710700	1.021	1275600	1.022	80300	/17368065//1373948416/13479884/1.018/1.086//2008-9-18 13:54:43
2105/580024/宝钢CWB1/1.017	1929600	1.016	1449000	1.015	1285200	1.014	1365100	1.013	432500	1.019	493794	1.020	1793500	1.021	90200	1.022	96300	1.023	166300	/17368065//1392029952/16522785/1.017/1.086//2008-9-18 13:55:44
2105/580024/宝钢CWB1/1.018	421057	1.017	983500	1.016	876100	1.015	1327900	1.014	102400	1.019	215500	1.020	3305300	1.021	12500	1.022	59600	1.023	135300	/17368065//1405087744/13785879/1.019/1.086//2008-9-18 13:56:44
2105/580024/宝钢CWB1/1.021	1524240	1.020	2781940	1.019	1528000	1.018	740700	1.017	811157	1.022	232300	1.023	132100	1.024	271900	1.025	63500	1.026	158200	/17368065//1415929856/13892184/1.021/1.086//2008-9-18 13:57:45
2105/580024/宝钢CWB1/1.022	3730500	1.021	3860640	1.020	2772240	1.019	904600	1.018	570300	1.023	1066600	1.024	212100	1.025	355600	1.026	325799	1.027	26900	/17368065//1424344704/13974540/1.023/1.086//2008-9-18 13:58:45
2105/580024/宝钢CWB1/1.027	246700	1.026	932121	1.025	1012900	1.024	2032000	1.023	2126700	1.028	562800	1.029	104500	1.030	933099	1.031	361050	1.032	8400	/17368065//1432443904/14053564/1.027/1.086//2008-9-18 13:59:46
2105/580024/宝钢CWB1/1.025	904500	1.024	657600	1.023	1528100	1.022	1388900	1.021	835140	1.026	144700	1.027	138500	1.028	1893700	1.029	3076960	1.030	1719999	/17368065//1443170560/14648029/1.026/1.086//2008-9-18 14:0:47
2105/580024/宝钢CWB1/1.022	248288	1.021	490440	1.020	538300	1.019	223200	1.018	366500	1.023	13000	1.024	2752029	1.025	2257101	1.026	911500	1.027	399300	/17368065//1451570688/14239988/1.023/1.086//2008-9-18 14:1:47
2105/580024/宝钢CWB1/1.021	1761501	1.020	144999	1.019	443300	1.018	840300	1.017	700157	1.023	611700	1.024	1097400	1.025	1002060	1.026	227200	1.027	283900	/17368065//1461518464/14337355/1.021/1.086//2008-9-18 14:2:48
2105/580024/宝钢CWB1/1.032	143500	1.031	200000	1.030	5460589	1.029	1041100	1.028	2020600	1.033	305500	1.034	38000	1.035	148000	1.036	48200	1.037	22200	/17368065//1471700864/14436654/1.032/1.086//2008-9-18 14:3:48
2105/580024/宝钢CWB1/1.030	207900	1.029	203400	1.028	2030000	1.027	7400	1.026	83000	1.031	91800	1.032	329900	1.033	54300	1.035	1833500	1.036	1078000	/17368065//1489593600/14609944/1.031/1.086//2008-9-18 14:4:49
2105/580024/宝钢CWB1/1.030	397900	1.029	413600	1.028	968300	1.027	948200	1.026	729000	1.031	1124400	1.032	260100	1.033	551300	1.034	939200	1.035	563300	/17368065//1499302016/14704248/1.03/1.086//2008-9-18 14:5:50
2105/580024/宝钢CWB1/1.036	346900	1.034	396700	1.033	19600	1.032	70500	1.031	2800	1.037	49400	1.038	1969699	1.039	2028300	1.040	117500	1.041	31800	/17368065//1516865920/14873788/1.036/1.086//2008-9-18 14:6:50
2105/580024/宝钢CWB1/1.038	1333200	1.037	149643	1.036	434900	1.035	439000	1.034	198600	1.039	843400	1.040	1735499	1.041	1639300	1.042	503300	1.043	173800	/17368065//1540830336/15104446/1.039/1.086//2008-9-18 14:7:51
2105/580024/宝钢CWB1/1.043	628800	1.042	20000	1.041	1419000	1.040	1211881	1.039	361100	1.044	109600	1.045	1589600	1.046	484480	1.047	251400	1.048	118100	/17368065//1568031360/15365746/1.043/1.086//2008-9-18 14:8:51
2105/580024/宝钢CWB1/1.046	405700	1.045	8840600	1.044	1835600	1.043	1068400	1.042	3414680	1.047	2993680	1.048	1143000	1.049	508200	1.050	1154500	1.051	35400	/17368065//1583897600/15517641/1.047/1.086//2008-9-18 14:9:52
2105/580024/宝钢CWB1/1.041	903700	1.040	545081	1.039	76700	1.038	51100	1.037	97343	1.042	640100	1.043	661700	1.044	1519000	1.045	3340800	1.046	561133	/17368065//1610676736/15773849/1.041/1.086//2008-9-18 14:10:53
2105/580024/宝钢CWB1/1.042	2018101	1.041	156000	1.040	2387700	1.039	851400	1.038	1147800	1.043	1006400	1.044	139100	1.045	1087300	1.046	194053	1.047	698900	/17368065//1626843264/16846782/1.042/1.086//2008-9-18 14:11:53
2105/580024/宝钢CWB1/1.046	2310100	1.045	1024400	1.044	2326357	1.043	1925200	1.042	2676401	1.047	1102200	1.048	611628	1.049	1040500	1.050	1519200	1.051	1068000	/17368065//1642044288/16074587/1.046/1.086//2008-9-18 14:12:54
2105/580024/宝钢CWB1/1.047	108000	1.046	401500	1.045	506700	1.044	889000	1.043	385900	1.048	991228	1.049	1287700	1.050	2211700	1.051	829700	1.052	777100	/17368065//1660832000/16253670/1.048/1.086//2008-9-18 14:13:55
2105/580024/宝钢CWB1/1.045	37800	1.044	927800	1.043	298900	1.042	514700	1.041	55100	1.046	267330	1.047	358900	1.048	581600	1.049	1036600	1.050	616791	/17368065//1675513088/16783544/1.044/1.086//2008-9-18 14:14:55
2105/580024/宝钢CWB1/1.054	309200	1.053	97500	1.052	2092200	1.051	2157400	1.050	785900	1.055	12500	1.057	1212849	1.058	661600	1.059	53600	1.060	872500	/17368065//1692774784/16558213/1.054/1.086//2008-9-18 14:15:56
2105/580024/宝钢CWB1/1.062	3138300	1.061	2858200	1.060	1576300	1.059	2847700	1.058	2244100	1.063	1700	1.064	247995	1.065	140799	1.066	157900	1.067	52500	/17368065//1707199104/16694563/1.062/1.086//2008-9-18 14:16:56
2105/580024/宝钢CWB1/1.073	975800	1.072	986900	1.071	210000	1.070	1205400	1.069	667100	1.074	1327607	1.080	903800	1.081	5300	1.082	229700	1.083	34302	/17368065//1725534976/16866356/1.073/1.086//2008-9-18 14:17:57
2105/580024/宝钢CWB1/1.066	629900	1.065	213800	1.064	894800	1.063	362100	1.062	97100	1.070	643527	1.071	323100	1.072	983899	1.073	1731000	1.074	893300	/17368065//1749328512/18514880/1.07/1.086//2008-9-18 14:18:58
2105/580024/宝钢CWB1/1.080	2425700	1.079	10000	1.078	36000	1.077	119700	1.076	2592340	1.082	182600	1.083	85502	1.084	47000	1.085	277400	1.086	30900	/17368065//1771183872/17291770/1.08/1.086//2008-9-18 14:19:58
2105/580024/宝钢CWB1/1.089	513100	1.088	510500	1.087	420000	1.086	419900	1.085	79800	1.090	241500	1.091	70000	1.092	50900	1.093	103000	1.094	88000	/17368065//1799536640/17552690/1.089/1.086//2008-9-18 14:20:59
2105/580024/宝钢CWB1/1.095	56900	1.093	500000	1.092	20540	1.091	210200	1.090	2278300	1.097	6301	1.098	329800	1.099	302500	1.100	3603661	1.101	30800	/17368065//1827583744/17809302/1.095/1.086//2008-9-18 14:22:0
2105/580024/宝钢CWB1/1.101	89800	1.100	803100	1.099	1717100	1.098	665200	1.097	385300	1.102	1030400	1.103	6400	1.104	18100	1.105	68220	1.106	69300	/17368065//1842642176/17946356/1.101/1.086//2008-9-18 14:23:0
2105/580024/宝钢CWB1/1.101	18600	1.100	929800	1.099	1323300	1.098	205800	1.097	183400	1.103	320600	1.104	1390500	1.105	93500	1.106	446500	1.107	1296200	/17368065//1867765504/18174048/1.101/1.086//2008-9-18 14:24:1
2105/580024/宝钢CWB1/1.082	925800	1.081	649000	1.080	31700	1.079	17800	1.078	13000	1.084	60000	1.085	98900	1.086	671502	1.087	857400	1.088	57800	/17368065//1878501376/18272148/1.082/1.086//2008-9-18 14:25:2
2105/580024/宝钢CWB1/1.081	773400	1.079	150105	1.078	10000	1.077	443400	1.076	142300	1.082	1064840	1.083	890400	1.084	789501	1.085	255800	1.086	684400	/17368065//1893168000/18407842/1.081/1.086//2008-9-18 14:26:2
2105/580024/宝钢CWB1/1.079	113160	1.078	142900	1.077	512805	1.076	184100	1.075	571600	1.080	721380	1.081	64900	1.082	1473902	1.083	834900	1.084	277901	/17368065//1912132608/18583548/1.079/1.086//2008-9-18 14:27:3
2105/580024/宝钢CWB1/1.071	347283	1.069	9000	1.068	226200	1.067	105200	1.066	48000	1.072	3528300	1.073	104500	1.074	285255	1.075	679200	1.076	1230600	/17368065//1923111936/18685580/1.071/1.086//2008-9-18 14:28:4
2105/580024/宝钢CWB1/1.062	588400	1.061	582000	1.060	349300	1.059	57100	1.058	161900	1.063	1193200	1.064	1145617	1.065	1036150	1.066	463699	1.067	212500	/17368065//1936764544/18813868/1.063/1.086//2008-9-18 14:29:4
2105/580024/宝钢CWB1/1.062	100000	1.061	1501700	1.060	4944700	1.059	357860	1.058	585100	1.063	795400	1.064	793100	1.065	648500	1.066	138800	1.067	100000	/17368065//1950779904/18946088/1.062/1.086//2008-9-18 14:30:5
2105/580024/宝钢CWB1/1.064	100000	1.063	1430600	1.062	380342	1.061	220300	1.060	638516	1.065	166700	1.066	333300	1.067	759800	1.068	112000	1.069	658600	/17368065//1969134976/19118858/1.065/1.086//2008-9-18 14:31:6
2105/580024/宝钢CWB1/1.063	233400	1.062	295800	1.061	1175896	1.060	1825200	1.059	88700	1.064	397860	1.065	92100	1.066	97900	1.067	759800	1.068	120200	/17368065//1978616448/19208100/1.063/1.086//2008-9-18 14:32:6
2105/580024/宝钢CWB1/1.062	1283100	1.061	1533196	1.060	1932200	1.059	72200	1.058	56300	1.063	751800	1.064	179000	1.065	5500	1.066	152000	1.067	127104	/17368065//1993609728/19349060/1.063/1.086//2008-9-18 14:33:7
2105/580024/宝钢CWB1/1.075	263800	1.071	1697272	1.070	2213000	1.069	2073000	1.068	721700	1.078	41600	1.079	53400	1.080	401900	1.081	212100	1.082	47500	/17368065//2002856832/19435728/1.075/1.086//2008-9-18 14:34:8
2105/580024/宝钢CWB1/1.073	1439200	1.072	280400	1.071	798800	1.070	1253200	1.069	624900	1.074	146724	1.075	300300	1.076	1424400	1.077	14000	1.078	2018600	/17368065//2019888128/19594172/1.074/1.086//2008-9-18 14:35:8
2105/580024/宝钢CWB1/1.075	1920976	1.073	1722100	1.072	5839100	1.071	372500	1.070	334720	1.076	1650101	1.077	154420	1.078	711900	1.079	51000	1.080	420200	/17368065//2047555456/19852136/1.075/1.086//2008-9-18 14:36:9
2105/580024/宝钢CWB1/1.068	424300	1.067	340000	1.066	160122	1.065	240600	1.064	195900	1.069	611428	1.070	2337500	1.071	944300	1.072	42988	1.073	479100	/17368065//2067914752/20041762/1.068/1.086//2008-9-18 14:37:10
2105/580024/宝钢CWB1/1.060	461770	1.059	65200	1.058	58100	1.057	13800	1.056	154600	1.064	100000	1.065	1539200	1.066	882870	1.067	606500	1.068	699300	/17368065//2076618112/20123392/1.06/1.086//2008-9-18 14:38:10
2105/580024/宝钢CWB1/1.066	974200	1.065	2695260	1.064	274700	1.063	78900	1.062	53400	1.070	420468	1.072	26200	1.073	40500	1.074	52100	1.075	266400	/17368065//2091871616/20266608/1.07/1.086//2008-9-18 14:39:11
2105/580024/宝钢CWB1/1.074	170912	1.073	332200	1.072	243500	1.071	1032000	1.070	2082000	1.075	5000	1.077	259820	1.078	401300	1.079	118400	1.080	498800	/17368065//2107718144/20414320/1.074/1.086//2008-9-18 14:40:12
2105/580024/宝钢CWB1/1.067	901800	1.066	31000	1.065	127400	1.064	4700	1.063	400	1.068	949600	1.069	1273600	1.070	1279100	1.071	465400	1.072	1467640	/17368065//2119378560/20523008/1.068/1.086//2008-9-18 14:41:12
2105/580024/宝钢CWB1/1.064	1700	1.063	223700	1.062	89800	1.061	177300	1.060	1090700	1.065	235000	1.066	1440071	1.067	373290	1.068	20000	1.069	1136231	/17368065//2140808704/20723728/1.065/1.086//2008-9-18 14:42:13
2105/580024/宝钢CWB1/1.058	20000	1.057	310200	1.056	666800	1.055	129600	1.054	2000	1.059	442200	1.063	470600	1.064	258152	1.065	161700	1.066	901800	/17368065//2147483647/20874792/1.059/1.086//2008-9-18 14:43:14
2105/580024/宝钢CWB1/1.057	279100	1.056	308800	1.055	130600	1.054	519361	1.053	902900	1.059	229600	1.060	77100	1.061	6500	1.062	35300	1.063	531600	/17368065//2147483647/21004772/1.059/1.086//2008-9-18 14:44:14
2105/580024/宝钢CWB1/1.056	653200	1.055	1531700	1.054	755800	1.053	384600	1.052	1317800	1.057	6891808	1.058	1593671	1.059	403700	1.060	499600	1.062	53400	/17368065//2147483647/21080978/1.056/1.086//2008-9-18 14:45:15
2105/580024/宝钢CWB1/1.035	70100	1.034	306200	1.033	434600	1.032	228200	1.031	126200	1.036	244800	1.038	12400	1.040	475600	1.043	22300	1.045	343800	/17368065//2147483647/21183416/1.036/1.086//2008-9-18 14:46:16
2105/580024/宝钢CWB1/1.038	13100	1.037	63600	1.036	171900	1.035	1702800	1.034	918200	1.039	1100560	1.040	475000	1.044	85300	1.045	311100	1.046	1005000	/17368065//2147483647/21338528/1.038/1.086//2008-9-18 14:47:16
2105/580024/宝钢CWB1/1.040	82900	1.039	887800	1.038	1473541	1.037	793200	1.036	1634229	1.041	288800	1.042	1191200	1.045	270000	1.046	840050	1.047	321300	/17368065//2147483647/21419496/1.04/1.086//2008-9-18 14:48:17
2105/580024/宝钢CWB1/1.035	456900	1.034	118100	1.033	243400	1.032	108300	1.031	947500	1.036	554467	1.038	354700	1.039	1117900	1.040	1165800	1.041	728300	/17368065//2147483647/21548116/1.036/1.086//2008-9-18 14:49:18
2105/580024/宝钢CWB1/1.030	340600	1.029	210930	1.028	44500	1.027	355300	1.026	60700	1.031	77600	1.032	22000	1.033	72200	1.034	1291600	1.035	1553700	/17368065//2147483647/21640696/1.03/1.086//2008-9-18 14:50:18
2105/580024/宝钢CWB1/1.036	192200	1.035	1392700	1.034	836700	1.033	330200	1.032	33100	1.037	1156170	1.038	346908	1.039	683000	1.040	1224500	1.041	197500	/17368065//2147483647/21787390/1.036/1.086//2008-9-18 14:51:19
2105/580024/宝钢CWB1/1.038	2188362	1.037	646600	1.036	731600	1.035	4534900	1.034	207240	1.039	1135600	1.040	1393300	1.041	201600	1.042	14900	1.044	564200	/17368065//2147483647/21896164/1.039/1.086//2008-9-18 14:52:20
2105/580024/宝钢CWB1/1.042	18000	1.041	728100	1.040	6129500	1.039	353762	1.038	197800	1.043	429400	1.044	54000	1.045	345200	1.046	844350	1.047	332000	/17368065//2147483647/22078460/1.042/1.086//2008-9-18 14:53:21
2105/580024/宝钢CWB1/1.048	2500	1.047	338600	1.046	1505400	1.045	861651	1.044	477200	1.049	160600	1.050	508200	1.051	9800	1.052	19060	1.053	80100	/17368065//2147483647/22200880/1.048/1.086//2008-9-18 14:54:21
2105/580024/宝钢CWB1/1.045	1658300	1.044	264500	1.043	3045200	1.042	558600	1.041	451100	1.046	1690500	1.047	633788	1.048	93300	1.049	1835700	1.050	875000	/17368065//2147483647/22349700/1.045/1.086//2008-9-18 14:55:22
2105/580024/宝钢CWB1/1.044	217800	1.043	2514700	1.042	1259000	1.041	547000	1.040	2551300	1.045	831000	1.046	632700	1.047	448475	1.048	561800	1.049	1800000	/17368065//2147483647/22454116/1.045/1.086//2008-9-18 14:56:23
2105/580024/宝钢CWB1/1.049	243600	1.048	1084200	1.047	3111900	1.046	1898675	1.045	1617700	1.050	2629600	1.051	16600	1.052	41860	1.053	58100	1.054	13600	/17368065//2147483647/22588056/1.049/1.086//2008-9-18 14:57:23
2105/580024/宝钢CWB1/1.043	505200	1.042	298800	1.041	457600	1.040	1876000	1.039	180100	1.047	17000	1.048	1625900	1.049	8103300	1.050	1276006	1.051	731604	/17368065//2147483647/22787252/1.047/1.086//2008-9-18 14:58:24
2105/580024/宝钢CWB1/1.046	25226	1.045	1900	1.044	57300	1.043	577600	1.042	255500	1.047	9000	1.048	298700	1.049	1451271	1.050	1318745	1.051	811004	/17368065//2147483647/22914074/1.047/1.086//2008-9-18 14:59:25
2105/580024/宝钢CWB1/1.044	110600	1.043	687400	1.042	785900	1.041	140300	1.040	893100	1.045	2170571	1.046	2461723	1.047	604690	1.048	2566299	1.049	421700	/17368065//2147483647/22970196/1.046/1.086//2008-9-18 15:0:26
2105/580024/宝钢CWB1/1.044	110600	1.043	687400	1.042	785900	1.041	140300	1.040	893100	1.045	2170571	1.046	2461723	1.047	604690	1.048	2566299	1.049	421700	/17368065//2147483647/22970196/1.046/1.086//2008-9-18 15:1:26
2105/580024/宝钢CWB1/1.044	110600	1.043	687400	1.042	785900	1.041	140300	1.040	893100	1.045	2170571	1.046	2461723	1.047	604690	1.048	2566299	1.049	421700	/17368065//2147483647/22970196/1.046/1.086//2008-9-18 15:2:27
