2102/580021/青啤CWB1/3.534	400	3.533	21500	3.531	29600	3.530	490000	3.529	100000	3.538	90960	3.545	4000	3.546	1000	3.548	5300	3.549	1000	/17368062//3201596/9266/3.534/3.555//2008-9-18 9:31:34
2102/580021/青啤CWB1/3.550	8500	3.548	7700	3.547	3800	3.545	1100	3.543	900	3.553	5060	3.554	12100	3.555	26300	3.557	2000	3.558	5600	/17368062//5641436/15954/3.55/3.555//2008-9-18 9:32:35
2102/580021/青啤CWB1/3.504	72100	3.503	43700	3.502	14200	3.501	3800	3.500	105400	3.520	20000	3.525	13900	3.530	79100	3.534	15000	3.536	25800	/17368062//8608424/24351/3.504/3.555//2008-9-18 9:33:35
2102/580021/青啤CWB1/3.509	6600	3.508	57800	3.506	50900	3.505	15400	3.504	58600	3.514	200	3.515	200	3.516	700	3.518	1000	3.520	4400	/17368062//10658968/32471/3.509/3.555//2008-9-18 9:34:35
2102/580021/青啤CWB1/3.530	144299	3.524	1700	3.521	53500	3.520	1000	3.519	34900	3.531	9900	3.533	13200	3.534	200	3.536	5400	3.537	3600	/17368062//12315565/34896/3.53/3.555//2008-9-18 9:35:35
2102/580021/青啤CWB1/3.524	200	3.522	1000	3.521	7000	3.520	26300	3.519	28900	3.525	12700	3.529	29900	3.530	84801	3.532	3600	3.533	20000	/17368062//14870258/43423/3.524/3.555//2008-9-18 9:36:36
2102/580021/青啤CWB1/3.530	13700	3.526	3600	3.525	64300	3.522	1200	3.521	40000	3.535	800	3.536	5400	3.537	14000	3.538	7300	3.539	60200	/17368062//15969413/45252/3.53/3.555//2008-9-18 9:37:36
2102/580021/青啤CWB1/3.532	28100	3.531	200811	3.530	11400	3.528	400	3.526	1700	3.536	15400	3.537	51800	3.539	54000	3.540	40900	3.541	2000	/17368062//17537392/49693/3.536/3.555//2008-9-18 9:38:36
2102/580021/青啤CWB1/3.536	26800	3.534	5500	3.533	40200	3.532	40450	3.531	178911	3.540	7800	3.541	5000	3.542	12700	3.543	4300	3.544	3300	/17368062//19996424/56645/3.536/3.555//2008-9-18 9:39:36
2102/580021/青啤CWB1/3.555	15700	3.551	55600	3.548	2800	3.547	22900	3.545	15600	3.557	20000	3.559	15300	3.560	4361	3.562	29200	3.565	400	/17368062//22119098/62627/3.555/3.555//2008-9-18 9:40:36
2102/580021/青啤CWB1/3.547	46098	3.545	700	3.544	1600	3.542	7800	3.541	27000	3.550	130600	3.551	200	3.552	100	3.553	14000	3.554	1500	/17368062//23791860/67339/3.55/3.555//2008-9-18 9:41:37
2102/580021/青啤CWB1/3.546	13400	3.545	18800	3.544	19200	3.543	11400	3.541	27000	3.547	5000	3.548	30000	3.549	20000	3.550	140200	3.553	12000	/17368062//24337472/68878/3.546/3.555//2008-9-18 9:42:37
2102/580021/青啤CWB1/3.541	4600	3.540	15200	3.538	1200	3.536	26400	3.535	5000	3.545	500	3.546	1600	3.547	500	3.548	20000	3.550	144300	/17368062//25101604/71033/3.541/3.555//2008-9-18 9:43:37
2102/580021/青啤CWB1/3.532	46600	3.530	60450	3.525	45400	3.522	51200	3.520	77800	3.535	1400	3.539	71300	3.540	25300	3.541	12500	3.542	8000	/17368062//27020780/76457/3.532/3.555//2008-9-18 9:44:37
2102/580021/青啤CWB1/3.533	13400	3.528	21500	3.525	45400	3.523	13900	3.522	51200	3.534	68349	3.535	12200	3.536	400	3.537	5200	3.538	13600	/17368062//28792516/81474/3.533/3.555//2008-9-18 9:45:37
2102/580021/青啤CWB1/3.534	300	3.532	6351	3.531	83100	3.530	203000	3.529	17800	3.535	2000	3.536	2500	3.537	10800	3.538	33600	3.539	25000	/17368062//29654404/83913/3.532/3.555//2008-9-18 9:46:38
2102/580021/青啤CWB1/3.536	6600	3.535	28800	3.534	56900	3.533	27700	3.532	60000	3.537	22000	3.538	9600	3.539	23300	3.540	31000	3.541	12500	/17368062//30638346/86696/3.536/3.555//2008-9-18 9:47:38
2102/580021/青啤CWB1/3.535	13600	3.534	25700	3.533	127100	3.531	78751	3.530	53000	3.536	58401	3.537	20000	3.538	5800	3.539	69700	3.540	131000	/17368062//32586806/109233/3.535/3.555//2008-9-18 9:48:38
2102/580021/青啤CWB1/3.527	2000	3.526	4900	3.525	45400	3.522	54200	3.520	92100	3.530	423400	3.531	300	3.532	23600	3.533	1000	3.534	16200	/17368062//34111368/96521/3.53/3.555//2008-9-18 9:49:39
2102/580021/青啤CWB1/3.520	16300	3.515	63100	3.514	120100	3.512	32800	3.510	85500	3.524	8000	3.530	338970	3.532	3600	3.533	800	3.536	24201	/17368062//35989120/101855/3.52/3.555//2008-9-18 9:50:39
2102/580021/青啤CWB1/3.518	400	3.517	500	3.516	4200	3.515	21000	3.514	57100	3.520	50000	3.521	400	3.522	11089	3.523	1700	3.524	1200	/17368062//38237124/108241/3.518/3.555//2008-9-18 9:51:39
2102/580021/青啤CWB1/3.500	146100	3.494	4400	3.490	5100	3.488	10100	3.480	1700	3.505	1500	3.508	15100	3.509	20700	3.510	77248	3.513	4100	/17368062//40264092/114016/3.505/3.555//2008-9-18 9:52:39
2102/580021/青啤CWB1/3.493	19700	3.492	2600	3.491	50000	3.490	27000	3.489	162600	3.494	12800	3.500	169259	3.508	33100	3.509	27449	3.510	17190	/17368062//43326604/122765/3.494/3.555//2008-9-18 9:53:40
2102/580021/青啤CWB1/3.481	46300	3.480	13300	3.473	1200	3.471	27000	3.470	10000	3.488	18100	3.489	16200	3.490	119800	3.491	5200	3.492	14400	/17368062//44947368/127412/3.481/3.555//2008-9-18 9:54:40
2102/580021/青啤CWB1/3.478	42800	3.477	5700	3.476	23600	3.473	4200	3.472	85800	3.480	199	3.483	6600	3.488	90100	3.489	6600	3.490	48100	/17368062//46136120/130825/3.478/3.555//2008-9-18 9:55:40
2102/580021/青啤CWB1/3.480	20300	3.477	8800	3.476	22400	3.473	6700	3.472	83000	3.483	34000	3.484	121400	3.485	61799	3.487	11301	3.488	13000	/17368062//47479696/134683/3.48/3.555//2008-9-18 9:56:41
2102/580021/青啤CWB1/3.477	1000	3.476	900	3.475	3700	3.474	900	3.473	18700	3.478	11299	3.480	29700	3.481	61200	3.482	79200	3.483	33000	/17368062//48599400/137902/3.478/3.555//2008-9-18 9:57:41
2102/580021/青啤CWB1/3.477	21000	3.476	19100	3.475	71000	3.474	2400	3.473	12200	3.479	77700	3.480	123699	3.482	58700	3.483	31900	3.485	7600	/17368062//49829356/141437/3.479/3.555//2008-9-18 9:58:41
2102/580021/青啤CWB1/3.476	3000	3.475	24200	3.474	2400	3.473	12200	3.472	85000	3.478	2298	3.479	5000	3.480	500	3.482	8000	3.483	13699	/17368062//52003164/147684/3.478/3.555//2008-9-18 9:59:41
2102/580021/青啤CWB1/3.468	20100	3.463	900	3.460	1900	3.456	7500	3.455	6000	3.469	43790	3.470	73700	3.471	31200	3.472	1600	3.474	26500	/17368062//53068088/150748/3.469/3.555//2008-9-18 10:0:42
2102/580021/青啤CWB1/3.420	39700	3.417	3700	3.413	7400	3.412	39100	3.410	17300	3.434	2900	3.445	3300	3.448	64300	3.449	17900	3.450	26500	/17368062//54382348/154569/3.439/3.555//2008-9-18 10:1:42
2102/580021/青啤CWB1/3.433	15710	3.430	2000	3.428	5900	3.427	7700	3.426	129200	3.435	700	3.436	23400	3.437	1100	3.438	5200	3.439	22200	/17368062//56158800/159747/3.432/3.431//2008-9-18 10:2:42
2102/580021/青啤CWB1/3.425	37000	3.421	79800	3.420	61100	3.418	21200	3.416	100000	3.426	10700	3.427	3900	3.430	47690	3.431	1000	3.432	48000	/17368062//58611076/166903/3.426/3.431//2008-9-18 10:3:42
2102/580021/青啤CWB1/3.426	2000	3.425	49700	3.423	2500	3.422	29600	3.421	53800	3.430	241226	3.431	5200	3.432	19400	3.433	386500	3.435	24300	/17368062//61013624/173908/3.425/3.431//2008-9-18 10:4:43
2102/580021/青啤CWB1/3.433	25600	3.431	3800	3.429	30000	3.428	12100	3.426	47100	3.438	5000	3.439	20000	3.448	9600	3.450	11100	3.452	2900	/17368062//63535492/181258/3.433/3.431//2008-9-18 10:5:43
2102/580021/青啤CWB1/3.421	52900	3.420	64700	3.418	5800	3.416	100000	3.415	12000	3.422	3315	3.429	2000	3.430	43500	3.431	2000	3.432	61200	/17368062//64662532/184545/3.422/3.431//2008-9-18 10:6:43
2102/580021/青啤CWB1/3.416	32500	3.415	12800	3.411	1800	3.410	27800	3.408	300	3.417	2800	3.418	10000	3.420	27800	3.421	9600	3.422	8500	/17368062//65803872/230255/3.416/3.431//2008-9-18 10:7:44
2102/580021/青啤CWB1/3.388	1600	3.383	33600	3.381	5000	3.380	5000	3.377	99000	3.400	54500	3.403	11400	3.405	45200	3.407	2800	3.408	2600	/17368062//67785136/193704/3.388/3.431//2008-9-18 10:8:44
2102/580021/青啤CWB1/3.401	125000	3.400	1100	3.397	300	3.396	22800	3.395	5000	3.406	8800	3.407	12200	3.409	7900	3.410	32259	3.414	4000	/17368062//71385112/204279/3.406/3.431//2008-9-18 10:9:44
2102/580021/青啤CWB1/3.404	1300	3.403	32200	3.402	64841	3.401	49500	3.400	84500	3.406	59800	3.411	300	3.412	80000	3.413	48100	3.414	12200	/17368062//73260432/209786/3.406/3.431//2008-9-18 10:10:44
2102/580021/青啤CWB1/3.406	24100	3.405	56328	3.404	2000	3.403	1700	3.402	34041	3.408	75500	3.409	5400	3.410	15000	3.411	31300	3.414	5000	/17368062//74318656/214874/3.405/3.431//2008-9-18 10:11:45
2102/580021/青啤CWB1/3.414	17728	3.413	1000	3.412	25800	3.411	2900	3.410	71100	3.416	10900	3.417	41099	3.418	7700	3.419	2000	3.420	14700	/17368062//76124320/218188/3.414/3.431//2008-9-18 10:12:45
2102/580021/青啤CWB1/3.417	52400	3.415	1000	3.414	11300	3.412	13500	3.411	61628	3.418	89851	3.419	12600	3.420	20200	3.421	5000	3.422	600	/17368062//77746512/222939/3.417/3.431//2008-9-18 10:13:45
2102/580021/青啤CWB1/3.412	3000	3.411	16128	3.410	80900	3.408	7600	3.406	5000	3.414	1300	3.415	62701	3.416	18100	3.417	63800	3.418	5500	/17368062//78756024/225896/3.415/3.431//2008-9-18 10:14:46
2102/580021/青啤CWB1/3.416	10900	3.413	47600	3.412	1700	3.411	9400	3.410	96700	3.417	12600	3.418	5500	3.419	12600	3.420	23000	3.421	5000	/17368062//79643848/228496/3.417/3.431//2008-9-18 10:15:46
2102/580021/青啤CWB1/3.421	4900	3.420	3700	3.419	7000	3.418	7400	3.417	200	3.422	19572	3.423	22500	3.424	45000	3.425	102600	3.427	1400	/17368062//81028896/272047/3.42/3.431//2008-9-18 10:16:46
2102/580021/青啤CWB1/3.408	2000	3.407	400	3.405	10200	3.404	6000	3.403	25500	3.410	3300	3.413	200	3.414	22100	3.415	22200	3.416	13272	/17368062//82108120/235706/3.41/3.431//2008-9-18 10:17:47
2102/580021/青啤CWB1/3.410	85100	3.408	5000	3.407	3500	3.406	16700	3.404	8700	3.412	3600	3.413	1800	3.414	7300	3.415	14910	3.416	10000	/17368062//83153920/238773/3.41/3.431//2008-9-18 10:18:47
2102/580021/青啤CWB1/3.390	7400	3.389	1000	3.388	12800	3.381	5000	3.380	11100	3.397	30200	3.398	2300	3.400	143572	3.402	1800	3.403	204400	/17368062//84559864/242903/3.4/3.431//2008-9-18 10:19:47
2102/580021/青啤CWB1/3.394	51900	3.391	5000	3.390	6200	3.385	21400	3.384	9300	3.395	13600	3.396	7900	3.399	17500	3.400	105500	3.406	500	/17368062//86484776/250560/3.39/3.431//2008-9-18 10:20:48
2102/580021/青啤CWB1/3.360	26100	3.358	1400	3.356	3500	3.353	15600	3.352	6000	3.366	89100	3.367	200	3.368	1172	3.369	11900	3.370	213200	/17368062//88199056/253650/3.361/3.431//2008-9-18 10:21:48
2102/580021/青啤CWB1/3.355	25400	3.353	14208	3.352	91100	3.351	18500	3.350	85800	3.356	5700	3.357	6000	3.358	86200	3.359	71700	3.360	48899	/17368062//89941424/258846/3.355/3.431//2008-9-18 10:22:48
2102/580021/青啤CWB1/3.348	4500	3.347	800	3.346	900	3.345	10000	3.344	5500	3.349	40100	3.350	31040	3.351	45300	3.353	27392	3.355	37400	/17368062//91583480/263744/3.348/3.431//2008-9-18 10:23:48
2102/580021/青啤CWB1/3.353	500	3.347	8400	3.346	1300	3.345	10200	3.344	2900	3.355	4600	3.356	53800	3.358	28200	3.360	9999	3.362	10000	/17368062//93299032/268865/3.355/3.431//2008-9-18 10:24:49
2102/580021/青啤CWB1/3.338	3426	3.335	27000	3.333	3200	3.331	4100	3.330	12800	3.340	17500	3.345	50790	3.346	2700	3.348	21900	3.350	25900	/17368062//94650256/280329/3.34/3.431//2008-9-18 10:25:49
2102/580021/青啤CWB1/3.325	25600	3.324	200	3.321	6000	3.320	6600	3.318	2200	3.328	1174	3.331	51000	3.335	8590	3.338	14000	3.339	28300	/17368062//95560544/275636/3.328/3.431//2008-9-18 10:26:49
2102/580021/青啤CWB1/3.309	900	3.305	10000	3.302	8600	3.301	40300	3.300	69600	3.310	71300	3.318	1000	3.319	4300	3.320	29700	3.322	50300	/17368062//97134608/280377/3.31/3.431//2008-9-18 10:27:50
2102/580021/青啤CWB1/3.290	180700	3.281	110710	3.280	79800	3.275	8000	3.273	7600	3.295	1000	3.296	57800	3.300	76800	3.305	1000	3.308	3500	/17368062//98855904/285597/3.29/3.431//2008-9-18 10:28:50
2102/580021/青啤CWB1/3.298	2500	3.296	13700	3.295	16000	3.294	200	3.292	3600	3.300	10000	3.304	20000	3.305	15800	3.307	13590	3.310	10900	/17368062//100399760/290279/3.298/3.431//2008-9-18 10:29:50
2102/580021/青啤CWB1/3.275	13700	3.273	10800	3.272	2000	3.271	5600	3.270	7200	3.289	62400	3.290	500	3.295	3400	3.297	2500	3.298	8597	/17368062//101361120/293203/3.275/3.431//2008-9-18 10:30:51
2102/580021/青啤CWB1/3.248	2100	3.242	1000	3.240	2100	3.231	30800	3.228	10000	3.250	6200	3.257	45300	3.258	800	3.260	8200	3.261	2000	/17368062//102061848/295348/3.25/3.431//2008-9-18 10:31:51
2102/580021/青啤CWB1/3.203	600	3.202	17000	3.201	7200	3.200	103100	3.182	2500	3.210	6400	3.214	65100	3.215	22900	3.218	10300	3.220	5000	/17368062//104053888/301537/3.21/3.431//2008-9-18 10:32:51
2102/580021/青啤CWB1/3.185	12800	3.181	5500	3.180	12000	3.175	110500	3.172	30000	3.190	100900	3.199	1500	3.200	273700	3.202	200	3.210	53900	/17368062//105524936/306135/3.185/3.431//2008-9-18 10:33:52
2102/580021/青啤CWB1/3.198	25590	3.194	9700	3.192	3500	3.191	35300	3.190	25900	3.199	47800	3.200	46200	3.201	600	3.208	5500	3.210	32100	/17368062//111481856/324818/3.198/3.431//2008-9-18 10:34:52
2102/580021/青啤CWB1/3.190	13600	3.189	67890	3.187	2800	3.186	8000	3.185	16700	3.200	28000	3.202	6000	3.203	6300	3.208	2000	3.209	8000	/17368062//113459712/331007/3.19/3.431//2008-9-18 10:35:52
2102/580021/青啤CWB1/3.187	9900	3.185	5000	3.181	5400	3.180	15000	3.177	47200	3.191	23600	3.194	6301	3.199	3000	3.200	34400	3.203	6300	/17368062//114602976/334591/3.187/3.431//2008-9-18 10:36:53
2102/580021/青啤CWB1/3.194	4403	3.192	6999	3.191	4300	3.190	48600	3.189	44500	3.200	20900	3.205	4300	3.208	2000	3.209	30500	3.210	29200	/17368062//115475232/337324/3.2/3.431//2008-9-18 10:37:53
2102/580021/青啤CWB1/3.189	7600	3.187	6000	3.186	29800	3.185	505300	3.183	15000	3.190	50688	3.194	12600	3.197	38298	3.198	14200	3.199	24900	/17368062//116775320/341394/3.19/3.431//2008-9-18 10:38:53
2102/580021/青啤CWB1/3.185	119312	3.183	15000	3.181	4400	3.180	26200	3.176	4900	3.188	23600	3.189	44100	3.190	104000	3.194	15100	3.196	18700	/17368062//119024624/348452/3.185/3.431//2008-9-18 10:39:54
2102/580021/青啤CWB1/3.117	1800	3.115	6600	3.111	4700	3.110	3200	3.109	30000	3.150	51710	3.155	25800	3.157	200	3.160	66600	3.161	600	/17368062//120282888/352424/3.15/3.431//2008-9-18 10:40:54
2102/580021/青啤CWB1/3.122	89000	3.120	21200	3.117	1200	3.116	10500	3.115	54500	3.130	3700	3.138	6203	3.139	8800	3.140	6000	3.143	18000	/17368062//121853072/357458/3.122/3.431//2008-9-18 10:41:54
2102/580021/青啤CWB1/3.090	800	3.080	4200	3.060	4000	3.050	1500	3.033	16900	3.100	49288	3.102	2600	3.110	3200	3.120	179497	3.126	7000	/17368062//124296872/365298/3.1/3.431//2008-9-18 10:42:55
2102/580021/青啤CWB1/3.021	18100	3.020	16800	3.014	80000	3.012	7800	3.011	5300	3.025	31300	3.030	15500	3.032	10000	3.036	51100	3.038	26800	/17368062//125977464/370834/3.025/3.431//2008-9-18 10:43:55
2102/580021/青啤CWB1/2.990	7400	2.980	3900	2.970	300	2.930	5500	2.915	150000	3.000	43300	3.002	52900	3.003	4000	3.005	11800	3.007	6000	/17368062//129258976/381743/3.0/3.431//2008-9-18 10:44:56
2102/580021/青啤CWB1/2.955	298000	2.951	36101	2.950	15500	2.949	50300	2.947	4700	2.960	7800	2.969	11300	2.970	9900	2.971	8800	2.974	6000	/17368062//131065992/387830/2.955/3.431//2008-9-18 10:45:56
2102/580021/青啤CWB1/2.915	3000	2.911	30000	2.910	18800	2.904	55500	2.900	16400	2.930	1900	2.940	2000	2.947	7600	2.948	37700	2.949	9300	/17368062//135556448/403037/2.93/3.431//2008-9-18 10:46:56
2102/580021/青啤CWB1/2.811	2100	2.807	700	2.801	100	2.800	8500	2.738	34300	2.846	8700	2.849	1900	2.850	164599	2.851	148545	2.855	48900	/17368062//137519568/409884/2.846/3.431//2008-9-18 10:47:57
2102/580021/青啤CWB1/2.733	10000	2.731	6300	2.730	126600	2.727	13000	2.723	13900	2.750	3700	2.751	83900	2.768	3500	2.780	47000	2.788	21700	/17368062//140809568/421848/2.751/3.431//2008-9-18 10:48:57
2102/580021/青啤CWB1/2.763	1600	2.751	600	2.750	10930	2.749	29770	2.745	2000	2.769	1400	2.770	6000	2.772	600	2.774	7900	2.780	47000	/17368062//145162288/437677/2.763/3.431//2008-9-18 10:49:57
2102/580021/青啤CWB1/2.790	9900	2.788	368300	2.786	15000	2.785	20100	2.784	20000	2.800	78900	2.808	1900	2.811	14200	2.840	21300	2.844	33600	/17368062//147490592/446064/2.8/3.431//2008-9-18 10:50:58
2102/580021/青啤CWB1/2.828	17400	2.821	4200	2.820	16300	2.816	300	2.815	27100	2.829	7700	2.830	30000	2.837	52600	2.838	20300	2.839	19300	/17368062//150375648/456337/2.829/3.431//2008-9-18 10:51:58
2102/580021/青啤CWB1/2.845	3000	2.844	53900	2.841	11300	2.840	8000	2.838	42930	2.848	1000	2.850	129600	2.851	18000	2.854	3000	2.855	31200	/17368062//152612080/464221/2.848/3.431//2008-9-18 10:52:58
2102/580021/青啤CWB1/2.878	64800	2.875	10000	2.868	3300	2.866	4000	2.865	6000	2.879	299	2.880	22110	2.885	1500	2.886	5000	2.889	25500	/17368062//155933440/475813/2.879/3.431//2008-9-18 10:53:59
2102/580021/青啤CWB1/2.913	199000	2.909	23700	2.908	300	2.903	44800	2.902	15300	2.923	5100	2.926	6200	2.928	15000	2.940	29400	2.942	3000	/17368062//157966912/482820/2.923/3.431//2008-9-18 10:54:59
2102/580021/青啤CWB1/2.894	1100	2.885	16700	2.880	21100	2.879	3000	2.878	50491	2.900	227680	2.902	79000	2.903	3400	2.905	4000	2.908	19000	/17368062//162088128/496992/2.9/3.431//2008-9-18 10:56:0
2102/580021/青啤CWB1/2.870	17600	2.866	23200	2.865	58200	2.862	11400	2.861	12000	2.880	20900	2.887	21300	2.888	88700	2.890	67100	2.894	27600	/17368062//163531344/501997/2.87/3.431//2008-9-18 10:57:0
2102/580021/青啤CWB1/2.870	30501	2.868	10000	2.866	59200	2.865	2800	2.860	127560	2.875	2400	2.879	13700	2.880	55000	2.887	20900	2.888	87900	/17368062//166463248/512239/2.87/3.431//2008-9-18 10:58:0
2102/580021/青啤CWB1/2.872	12200	2.871	14000	2.868	17500	2.863	9201	2.862	2000	2.879	10659	2.880	34700	2.887	31200	2.888	3500	2.890	25000	/17368062//169402032/522505/2.868/3.431//2008-9-18 10:59:1
2102/580021/青啤CWB1/2.935	49900	2.920	94900	2.912	33300	2.910	11700	2.901	22001	2.940	113000	2.960	1000	2.978	243400	2.980	20700	2.988	30000	/17368062//172689872/765579/2.94/3.431//2008-9-18 11:0:1
2102/580021/青啤CWB1/2.963	2241	2.962	19600	2.960	24100	2.954	1000	2.952	13400	2.970	135900	2.971	8200	2.975	60200	2.977	7800	2.978	11600	/17368062//175212096/542209/2.97/3.431//2008-9-18 11:1:2
2102/580021/青啤CWB1/2.931	16000	2.922	85500	2.920	8000	2.915	1600	2.912	22800	2.934	2000	2.935	16600	2.940	2200	2.941	26400	2.948	27200	/17368062//177833072/551090/2.935/3.431//2008-9-18 11:2:2
2102/580021/青啤CWB1/2.903	11700	2.901	22000	2.900	115400	2.899	300	2.894	47700	2.912	5499	2.930	14000	2.933	10000	2.940	77100	2.941	21100	/17368062//179650960/557321/2.912/3.431//2008-9-18 11:3:2
2102/580021/青啤CWB1/2.949	10000	2.948	46600	2.940	88400	2.939	10800	2.938	17800	2.950	29600	2.951	1700	2.958	38900	2.959	5400	2.962	45000	/17368062//181006752/561940/2.95/3.431//2008-9-18 11:4:3
2102/580021/青啤CWB1/2.920	2000	2.915	1900	2.910	1000	2.905	200	2.904	4000	2.940	5400	2.942	1400	2.947	34700	2.950	25700	2.954	13099	/17368062//183805088/571420/2.92/3.431//2008-9-18 11:5:3
2102/580021/青啤CWB1/2.921	203500	2.920	29000	2.919	21600	2.918	13800	2.915	6700	2.930	3600	2.932	4900	2.934	898	2.935	32300	2.936	130000	/17368062//185002096/575515/2.93/3.431//2008-9-18 11:6:4
2102/580021/青啤CWB1/2.929	13800	2.928	13300	2.927	53600	2.925	1000	2.924	53800	2.930	42698	2.938	138400	2.940	90800	2.945	13300	2.947	35400	/17368062//188052944/585921/2.93/3.431//2008-9-18 11:7:4
2102/580021/青啤CWB1/2.935	296102	2.934	54600	2.933	16800	2.932	4000	2.931	6000	2.937	68800	2.939	4600	2.940	103800	2.950	59700	2.958	3300	/17368062//190762080/595152/2.935/3.431//2008-9-18 11:8:4
2102/580021/青啤CWB1/2.955	30600	2.954	2000	2.943	8200	2.942	181000	2.941	5600	2.958	6300	2.959	11000	2.960	190796	2.961	2600	2.962	45000	/17368062//194633456/608277/2.958/3.431//2008-9-18 11:9:5
2102/580021/青啤CWB1/2.969	900	2.967	100000	2.965	34804	2.964	30800	2.963	21500	2.970	123200	2.975	4300	2.978	3300	2.979	20000	2.980	25400	/17368062//198565392/621571/2.97/3.431//2008-9-18 11:10:5
2102/580021/青啤CWB1/2.954	20804	2.950	42900	2.948	4000	2.947	12300	2.946	7400	2.965	34200	2.968	13200	2.969	259898	2.970	12500	2.971	11400	/17368062//201751920/632311/2.965/3.431//2008-9-18 11:11:6
2102/580021/青啤CWB1/2.950	51404	2.949	10000	2.948	41500	2.947	22700	2.946	7400	2.954	5900	2.956	20700	2.957	600	2.958	38800	2.960	8500	/17368062//202912032/636235/2.954/3.431//2008-9-18 11:12:6
2102/580021/青啤CWB1/2.930	4700	2.928	4500	2.925	1000	2.922	5400	2.921	2000	2.933	111300	2.934	1800	2.940	30989	2.942	500	2.944	76000	/17368062//205672752/645634/2.933/3.431//2008-9-18 11:13:7
2102/580021/青啤CWB1/2.930	2500	2.929	6300	2.926	7800	2.922	9100	2.921	21100	2.932	1100	2.933	26689	2.940	49700	2.941	50800	2.942	13300	/17368062//207699920/652546/2.93/3.431//2008-9-18 11:14:7
2102/580021/青啤CWB1/2.925	7900	2.924	61100	2.923	152400	2.922	70700	2.921	58000	2.933	20000	2.938	16800	2.940	13000	2.942	1000	2.948	28500	/17368062//208579840/655557/2.925/3.431//2008-9-18 11:15:7
2102/580021/青啤CWB1/2.965	32300	2.960	154600	2.957	82200	2.953	83100	2.952	15500	2.968	52200	2.970	55500	2.972	5000	2.975	2700	2.977	14000	/17368062//209743488/659508/2.965/3.431//2008-9-18 11:16:8
2102/580021/青啤CWB1/2.950	39700	2.949	6000	2.948	13400	2.945	6100	2.944	22600	2.951	3700	2.955	600	2.957	5200	2.958	2300	2.959	17000	/17368062//212140048/667611/2.95/3.431//2008-9-18 11:17:8
2102/580021/青啤CWB1/2.930	5000	2.928	15000	2.926	68400	2.925	19000	2.924	6200	2.932	11200	2.939	35500	2.940	188300	2.942	6300	2.943	3100	/17368062//213858784/673455/2.926/3.431//2008-9-18 11:18:9
2102/580021/青啤CWB1/2.928	23200	2.926	96600	2.925	25000	2.924	14200	2.923	5500	2.931	31500	2.932	149900	2.933	7100	2.935	1000	2.937	6100	/17368062//215582080/679331/2.932/3.431//2008-9-18 11:19:9
2102/580021/青啤CWB1/2.929	7500	2.928	45700	2.926	63100	2.925	10600	2.924	6200	2.930	126400	2.933	43700	2.935	1000	2.937	11700	2.938	23500	/17368062//218262720/688478/2.93/3.431//2008-9-18 11:20:10
2102/580021/青啤CWB1/2.936	400	2.935	54700	2.934	2000	2.933	8500	2.932	2000	2.940	40600	2.945	3200	2.946	12400	2.948	73198	2.949	45800	/17368062//219835792/728486/2.94/3.431//2008-9-18 11:21:10
2102/580021/青啤CWB1/2.938	41900	2.937	26200	2.936	22900	2.935	24504	2.933	14500	2.942	2900	2.944	6000	2.945	39596	2.946	20000	2.947	4300	/17368062//221037648/697926/2.942/3.431//2008-9-18 11:22:10
2102/580021/青啤CWB1/2.950	77791	2.948	1600	2.943	6100	2.942	5100	2.940	26300	2.952	2000	2.954	4000	2.955	40400	2.956	2500	2.957	4000	/17368062//223631136/706728/2.95/3.431//2008-9-18 11:23:11
2102/580021/青啤CWB1/2.944	2000	2.943	6100	2.942	22800	2.941	27700	2.940	26000	2.950	174009	2.952	19200	2.954	45398	2.955	21800	2.956	2500	/17368062//224477360/709596/2.952/3.431//2008-9-18 11:24:11
2102/580021/青啤CWB1/2.950	16900	2.949	42900	2.946	9900	2.945	8500	2.944	27500	2.952	14500	2.954	45398	2.955	35300	2.956	2500	2.957	4000	/17368062//225014480/711418/2.95/3.431//2008-9-18 11:25:12
2102/580021/青啤CWB1/2.925	7000	2.924	6000	2.921	11600	2.920	37500	2.918	56000	2.928	16200	2.931	1300	2.933	1000	2.936	9200	2.939	71509	/17368062//227292752/719162/2.928/3.431//2008-9-18 11:26:12
2102/580021/青啤CWB1/2.939	4300	2.938	181400	2.937	1900	2.936	50000	2.935	27300	2.940	12600	2.944	22600	2.945	13300	2.947	1000	2.948	20000	/17368062//228125600/722002/2.94/3.431//2008-9-18 11:27:13
2102/580021/青啤CWB1/2.936	7600	2.935	1200	2.931	2400	2.930	31700	2.925	28700	2.947	160509	2.949	22900	2.950	12800	2.951	157800	2.952	14300	/17368062//229655488/727188/2.947/3.431//2008-9-18 11:28:13
2102/580021/青啤CWB1/2.950	1400	2.947	34300	2.946	4800	2.945	46400	2.944	5600	2.951	10709	2.952	13400	2.953	3000	2.954	70398	2.955	52000	/17368062//231099248/732088/2.947/3.431//2008-9-18 11:29:14
2102/580021/青啤CWB1/2.940	31300	2.938	4600	2.936	17600	2.935	2800	2.933	443800	2.942	9600	2.945	10000	2.947	195400	2.948	13000	2.949	123200	/17368062//231850848/734639/2.94/3.431//2008-9-18 11:30:14
2102/580021/青啤CWB1/2.940	31300	2.938	4600	2.936	17600	2.935	2800	2.933	443800	2.942	9600	2.945	10000	2.947	195400	2.948	13000	2.949	123200	/17368062//231850848/734639/2.94/3.431//2008-9-18 11:31:15
2102/580021/青啤CWB1/2.888	11100	2.880	180200	2.879	2400	2.878	43100	2.877	6500	2.898	147098	2.899	200	2.900	13700	2.908	21500	2.910	248800	/17368062//238169712/756410/2.899/3.431//2008-9-18 13:1:15
2102/580021/青啤CWB1/2.887	7900	2.886	28000	2.885	5000	2.883	6000	2.882	10300	2.890	53522	2.891	4300	2.895	11100	2.896	119400	2.898	1500	/17368062//240217808/763498/2.89/3.431//2008-9-18 13:2:16
2102/580021/青啤CWB1/2.927	300	2.926	6200	2.925	59400	2.922	500	2.921	78100	2.933	26700	2.938	73800	2.939	30000	2.940	165898	2.941	700	/17368062//242434352/771110/2.935/3.431//2008-9-18 13:3:16
2102/580021/青啤CWB1/2.935	13778	2.932	500	2.931	100000	2.930	20000	2.929	7900	2.940	105798	2.941	700	2.949	64900	2.950	256000	2.951	709	/17368062//243681088/775364/2.935/3.431//2008-9-18 13:4:17
2102/580021/青啤CWB1/2.923	35500	2.921	65800	2.920	59400	2.918	114400	2.916	11100	2.925	261422	2.929	50000	2.930	5700	2.935	6200	2.937	1600	/17368062//246459808/784864/2.923/3.431//2008-9-18 13:5:17
2102/580021/青啤CWB1/2.929	295797	2.928	10900	2.927	3800	2.926	7000	2.925	91400	2.930	4800	2.934	20300	2.936	38822	2.938	3100	2.939	17500	/17368062//248334576/791266/2.93/3.431//2008-9-18 13:6:18
2102/580021/青啤CWB1/2.940	91780	2.938	4900	2.937	19100	2.936	34000	2.935	136500	2.941	2100	2.945	3200	2.948	37600	2.949	36900	2.950	254199	/17368062//250390784/798270/2.94/3.431//2008-9-18 13:7:18
2102/580021/青啤CWB1/2.931	500	2.930	12000	2.927	6200	2.925	3500	2.920	38200	2.932	37900	2.935	16800	2.936	4000	2.937	67400	2.939	16600	/17368062//254804768/813313/2.932/3.431//2008-9-18 13:8:19
2102/580021/青啤CWB1/2.890	9100	2.888	4000	2.885	100	2.880	6200	2.877	1000	2.892	89000	2.897	11100	2.900	212599	2.901	178700	2.911	3200	/17368062//257231984/821635/2.9/3.431//2008-9-18 13:9:19
2102/580021/青啤CWB1/2.861	109200	2.860	75800	2.850	133700	2.845	8100	2.844	3300	2.862	150900	2.880	6700	2.888	1500	2.890	9100	2.899	6500	/17368062//259364176/829061/2.862/3.431//2008-9-18 13:10:20
2102/580021/青啤CWB1/2.875	200	2.873	10000	2.871	183900	2.870	44954	2.869	22000	2.878	9700	2.879	500	2.890	8900	2.896	10000	2.899	37400	/17368062//260631664/833477/2.889/3.431//2008-9-18 13:11:20
2102/580021/青啤CWB1/2.906	4200	2.905	12200	2.903	5600	2.902	37000	2.901	20600	2.910	5000	2.912	3800	2.917	4200	2.920	32800	2.925	20000	/17368062//262426464/852329/2.91/3.431//2008-9-18 13:12:21
2102/580021/青啤CWB1/2.910	14800	2.908	6000	2.906	39300	2.903	23400	2.902	600	2.913	3300	2.915	2400	2.916	22920	2.920	66300	2.922	21700	/17368062//263348064/842818/2.91/3.431//2008-9-18 13:13:21
2102/580021/青啤CWB1/2.910	35800	2.908	50200	2.907	10000	2.906	37500	2.905	2900	2.916	3100	2.918	10300	2.919	24400	2.920	24800	2.921	31800	/17368062//264301792/846092/2.91/3.431//2008-9-18 13:14:22
2102/580021/青啤CWB1/2.923	6300	2.921	38800	2.920	100	2.919	38200	2.918	100700	2.924	2000	2.925	600	2.926	1100	2.932	10300	2.935	17700	/17368062//267194736/855987/2.923/3.431//2008-9-18 13:15:22
2102/580021/青啤CWB1/2.930	32600	2.929	2900	2.926	41500	2.925	94800	2.924	500	2.934	10000	2.935	40400	2.938	800	2.939	23800	2.940	22900	/17368062//268509920/860482/2.93/3.431//2008-9-18 13:16:23
2102/580021/青啤CWB1/2.933	3400	2.930	18600	2.929	2700	2.928	500	2.926	4300	2.935	21220	2.937	100000	2.938	4000	2.940	27700	2.944	11200	/17368062//269523872/863937/2.935/3.431//2008-9-18 13:17:23
2102/580021/青啤CWB1/2.933	6700	2.930	18900	2.929	5000	2.928	3300	2.926	43700	2.934	10500	2.935	10200	2.936	27900	2.938	20000	2.939	2000	/17368062//271248544/869820/2.933/3.431//2008-9-18 13:18:24
2102/580021/青啤CWB1/2.942	19300	2.941	5180	2.940	179800	2.939	8200	2.938	10700	2.947	2500	2.948	115420	2.949	48900	2.950	305800	2.952	700	/17368062//273946304/878999/2.942/3.431//2008-9-18 13:19:24
2102/580021/青啤CWB1/2.938	13003	2.937	20000	2.936	44200	2.935	16800	2.934	7100	2.940	1000	2.942	1500	2.943	23100	2.944	17502	2.945	19000	/17368062//275689984/884929/2.94/3.431//2008-9-18 13:20:25
2102/580021/青啤CWB1/2.954	3200	2.953	5600	2.952	23100	2.951	7000	2.950	492700	2.955	5200	2.956	53296	2.957	20000	2.958	6200	2.959	1900	/17368062//279295264/897162/2.955/3.431//2008-9-18 13:21:25
2102/580021/青啤CWB1/2.966	600	2.965	247900	2.963	123000	2.960	97980	2.959	22200	2.970	3301	2.973	25900	2.975	36700	2.977	2300	2.978	15000	/17368062//283048320/909856/2.97/3.431//2008-9-18 13:22:26
2102/580021/青啤CWB1/2.980	276900	2.979	127300	2.978	14700	2.977	2700	2.976	6700	2.982	9100	2.987	6600	2.988	56000	2.990	28900	2.997	20700	/17368062//286280928/920724/2.987/3.431//2008-9-18 13:23:26
2102/580021/青啤CWB1/2.988	237400	2.987	3000	2.986	126197	2.985	49600	2.983	1000	2.989	63700	2.990	104800	2.991	6000	2.992	10600	2.993	422300	/17368062//291786112/939147/2.989/3.431//2008-9-18 13:24:27
2102/580021/青啤CWB1/2.988	10500	2.986	4000	2.985	25100	2.984	17100	2.983	20400	2.989	39000	2.990	155800	2.992	36700	2.993	63403	2.995	31100	/17368062//301379648/971247/2.987/3.431//2008-9-18 13:25:27
2102/580021/青啤CWB1/2.980	84000	2.979	3800	2.978	2300	2.977	19500	2.975	4200	2.983	12903	2.985	117700	2.986	18900	2.988	111700	2.989	112300	/17368062//304938400/983178/2.98/3.431//2008-9-18 13:26:28
2102/580021/青啤CWB1/2.984	50187	2.981	3800	2.979	53900	2.978	1000	2.977	15100	2.985	17600	2.986	18900	2.987	8300	2.988	5400	2.989	23900	/17368062//307540736/991910/2.984/3.431//2008-9-18 13:27:28
2102/580021/青啤CWB1/2.987	57000	2.986	1600	2.985	95187	2.984	1600	2.983	73700	2.990	69200	2.991	5700	2.992	700	2.993	118300	2.994	20000	/17368062//310275552/1001061/2.99/3.431//2008-9-18 13:28:29
2102/580021/青啤CWB1/3.005	137100	3.004	10000	3.002	107400	3.001	38600	3.000	296990	3.010	3900	3.014	700	3.015	200	3.020	8800	3.024	10000	/17368062//314223360/1014241/3.01/3.431//2008-9-18 13:29:29
2102/580021/青啤CWB1/3.020	105300	3.015	6400	3.014	2000	3.013	289800	3.012	700	3.021	5200	3.022	21000	3.024	6000	3.025	32000	3.026	7400	/17368062//317519104/1025177/3.02/3.431//2008-9-18 13:30:30
2102/580021/青啤CWB1/3.020	56387	3.019	1900	3.017	1000	3.015	70700	3.013	1000	3.024	16800	3.028	400	3.029	82700	3.030	36500	3.032	140000	/17368062//321662176/1038886/3.02/3.431//2008-9-18 13:31:30
2102/580021/青啤CWB1/3.040	21800	3.039	6100	3.038	41900	3.036	231900	3.035	136200	3.045	23400	3.047	14500	3.048	3200	3.049	66000	3.050	87000	/17368062//323855232/1046126/3.045/3.431//2008-9-18 13:32:31
2102/580021/青啤CWB1/3.068	19200	3.065	443100	3.063	8300	3.062	66300	3.061	2700	3.069	18900	3.070	100600	3.071	1400	3.072	2500	3.073	3400	/17368062//327510208/1058094/3.069/3.431//2008-9-18 13:33:31
2102/580021/青啤CWB1/3.078	2700	3.075	200	3.074	35800	3.073	22100	3.072	16600	3.080	12270	3.082	18200	3.085	10200	3.086	2000	3.087	5400	/17368062//330425536/1067586/3.08/3.431//2008-9-18 13:34:32
2102/580021/青啤CWB1/3.097	10700	3.095	18000	3.093	8800	3.092	11300	3.091	62100	3.098	9800	3.099	4200	3.100	6400	3.102	1000	3.105	2600	/17368062//334646176/1081275/3.098/3.431//2008-9-18 13:35:32
2102/580021/青啤CWB1/3.112	200	3.110	81600	3.108	2600	3.105	1000	3.104	54400	3.119	12000	3.120	86900	3.123	9000	3.125	10000	3.129	45900	/17368062//340125728/1098924/3.11/3.431//2008-9-18 13:36:33
2102/580021/青啤CWB1/3.115	100	3.111	500	3.110	88000	3.105	14200	3.104	5000	3.117	24400	3.118	2600	3.119	999	3.120	6200	3.122	700	/17368062//344387072/1112601/3.117/3.431//2008-9-18 13:37:34
2102/580021/青啤CWB1/3.066	30400	3.065	47400	3.061	8600	3.060	2200	3.058	2900	3.067	9800	3.080	29400	3.082	1000	3.090	20100	3.094	5500	/17368062//347093024/1121322/3.065/3.431//2008-9-18 13:38:34
2102/580021/青啤CWB1/3.041	19800	3.040	59500	3.035	3800	3.030	1600	3.028	25100	3.045	47200	3.047	31520	3.048	6900	3.049	182800	3.050	105101	/17368062//349265728/1128424/3.045/3.431//2008-9-18 13:39:35
2102/580021/青啤CWB1/3.080	79700	3.070	100000	3.068	2000	3.065	1100	3.064	6800	3.081	16100	3.094	2500	3.098	4000	3.099	5100	3.100	48200	/17368062//354373024/1145147/3.081/3.431//2008-9-18 13:40:35
2102/580021/青啤CWB1/3.084	20200	3.083	6100	3.082	12000	3.081	5300	3.080	123700	3.088	95600	3.089	3600	3.090	67811	3.091	600	3.095	10000	/17368062//356544928/1152185/3.088/3.431//2008-9-18 13:41:36
2102/580021/青啤CWB1/3.110	59000	3.109	25800	3.108	17500	3.107	2600	3.106	19700	3.118	1700	3.120	39700	3.122	14500	3.125	14300	3.127	7400	/17368062//360495264/1164919/3.11/3.431//2008-9-18 13:42:36
2102/580021/青啤CWB1/3.133	92300	3.132	34300	3.130	107490	3.129	286000	3.128	300	3.135	3000	3.137	1000	3.138	3800	3.139	1000	3.149	52900	/17368062//363874016/1175733/3.133/3.431//2008-9-18 13:43:37
2102/580021/青啤CWB1/3.144	21600	3.140	197090	3.139	29300	3.138	51200	3.137	10800	3.145	500	3.149	42700	3.150	26400	3.151	44030	3.155	400	/17368062//366461248/1183978/3.144/3.431//2008-9-18 13:44:37
2102/580021/青啤CWB1/3.165	30000	3.160	550600	3.159	2000	3.158	1600	3.157	1000	3.167	25900	3.169	32700	3.170	6010	3.177	43000	3.179	32700	/17368062//370729760/1197512/3.167/3.431//2008-9-18 13:45:38
2102/580021/青啤CWB1/3.194	9450	3.192	26700	3.191	9800	3.190	404000	3.189	7000	3.195	5400	3.197	26200	3.199	1300	3.210	30100	3.211	200	/17368062//374234976/1208509/3.197/3.431//2008-9-18 13:46:39
2102/580021/青啤CWB1/3.191	5100	3.190	85100	3.188	22500	3.187	32800	3.185	5700	3.198	47800	3.199	153400	3.200	357126	3.208	500	3.209	1000	/17368062//380768928/1228951/3.198/3.431//2008-9-18 13:47:39
2102/580021/青啤CWB1/3.179	15500	3.178	43900	3.177	113600	3.175	9700	3.172	3200	3.182	15400	3.185	14000	3.187	23900	3.189	6500	3.190	4200	/17368062//385907264/1245054/3.179/3.431//2008-9-18 13:48:40
2102/580021/青啤CWB1/3.165	55401	3.160	1900	3.158	4600	3.152	2200	3.151	12000	3.167	2400	3.168	60900	3.169	30600	3.170	90200	3.171	68000	/17368062//387227328/1249214/3.165/3.431//2008-9-18 13:49:40
2102/580021/青啤CWB1/3.129	2000	3.125	800	3.122	1200	3.120	9300	3.115	2000	3.130	37300	3.135	31700	3.136	25299	3.138	122300	3.139	10500	/17368062//388702880/1253906/3.13/3.431//2008-9-18 13:50:41
2102/580021/青啤CWB1/3.123	46200	3.117	5500	3.116	7000	3.115	74100	3.113	3000	3.124	48001	3.125	64400	3.126	72100	3.127	2200	3.128	134300	/17368062//391730528/1263608/3.123/3.431//2008-9-18 13:51:41
2102/580021/青啤CWB1/3.115	127200	3.110	2000	3.103	11300	3.100	34791	3.091	3500	3.119	28000	3.120	31900	3.123	6000	3.124	10701	3.125	11500	/17368062//396291616/1278267/3.115/3.431//2008-9-18 13:52:42
2102/580021/青啤CWB1/3.100	48500	3.093	4500	3.092	300	3.091	3500	3.090	10000	3.101	1800	3.104	1900	3.110	38310	3.111	6900	3.112	2300	/17368062//400034272/1290293/3.101/3.431//2008-9-18 13:53:42
2102/580021/青啤CWB1/3.082	9400	3.081	40000	3.080	4900	3.079	200	3.078	5000	3.088	42600	3.089	3400	3.090	70598	3.091	25600	3.093	3800	/17368062//401257408/1294246/3.083/3.431//2008-9-18 13:54:43
2102/580021/青啤CWB1/3.064	78200	3.062	29900	3.061	6900	3.060	7500	3.057	10200	3.068	1200	3.069	28800	3.070	28400	3.071	27300	3.072	55800	/17368062//402413920/1328695/3.064/3.431//2008-9-18 13:55:44
2102/580021/青啤CWB1/3.083	31590	3.082	55300	3.081	209200	3.080	31200	3.079	9300	3.085	73399	3.086	6200	3.088	7000	3.089	12600	3.090	64900	/17368062//406481632/1311227/3.085/3.431//2008-9-18 13:56:44
2102/580021/青啤CWB1/3.100	800	3.099	13934	3.096	46300	3.095	89500	3.093	113900	3.106	6000	3.108	58300	3.110	5200	3.111	20000	3.112	3000	/17368062//410355584/1323742/3.099/3.431//2008-9-18 13:57:45
2102/580021/青啤CWB1/3.102	69800	3.101	54500	3.100	104300	3.099	6700	3.098	10300	3.107	27700	3.108	7700	3.110	80200	3.111	12200	3.115	28000	/17368062//413231424/1333007/3.102/3.431//2008-9-18 13:58:45
2102/580021/青啤CWB1/3.108	7500	3.107	3700	3.105	3300	3.104	2400	3.103	13900	3.110	61171	3.113	25000	3.115	18800	3.116	27500	3.117	9600	/17368062//417049696/1345300/3.107/3.431//2008-9-18 13:59:46
2102/580021/青啤CWB1/3.121	45000	3.120	94500	3.119	2600	3.118	37400	3.117	7100	3.125	108500	3.126	2400	3.127	24300	3.128	16800	3.129	10100	/17368062//419703840/1378858/3.124/3.431//2008-9-18 14:0:47
2102/580021/青啤CWB1/3.114	25500	3.113	6100	3.112	15200	3.111	25800	3.110	11000	3.120	201750	3.121	3000	3.124	50100	3.125	17900	3.128	2100	/17368062//423918752/1367330/3.12/3.431//2008-9-18 14:1:47
2102/580021/青啤CWB1/3.085	39900	3.081	10000	3.080	7200	3.072	3400	3.071	9600	3.090	1000	3.091	900	3.098	1399	3.100	51700	3.101	4100	/17368062//427247392/1378061/3.085/3.431//2008-9-18 14:2:48
2102/580021/青啤CWB1/3.090	90999	3.088	26800	3.087	39300	3.086	72700	3.084	2500	3.091	28900	3.099	5000	3.100	30300	3.105	5000	3.106	40000	/17368062//430228608/1387710/3.09/3.431//2008-9-18 14:3:48
2102/580021/青啤CWB1/3.121	4700	3.120	199700	3.118	200	3.116	3000	3.115	10800	3.128	13100	3.129	17900	3.130	4700	3.134	600	3.136	1000	/17368062//433938944/1399627/3.12/3.431//2008-9-18 14:4:49
2102/580021/青啤CWB1/3.102	7318	3.100	5400	3.096	23200	3.095	98300	3.090	104999	3.110	22100	3.112	1000	3.116	3700	3.117	11000	3.118	71400	/17368062//437360544/1410600/3.11/3.431//2008-9-18 14:5:50
2102/580021/青啤CWB1/3.135	155100	3.134	27000	3.133	150900	3.132	58900	3.130	40960	3.144	19300	3.145	16400	3.150	48100	3.152	100	3.155	1000	/17368062//441586752/1424138/3.144/3.431//2008-9-18 14:6:50
2102/580021/青啤CWB1/3.157	3000	3.154	65100	3.152	69700	3.150	13600	3.149	56000	3.158	31300	3.159	21700	3.160	34250	3.162	26300	3.164	4000	/17368062//446265504/1438980/3.158/3.431//2008-9-18 14:7:51
2102/580021/青啤CWB1/3.170	14100	3.169	16400	3.165	18300	3.164	6600	3.163	139500	3.171	20500	3.172	70000	3.182	26400	3.187	2800	3.188	1500	/17368062//448914336/1447350/3.17/3.431//2008-9-18 14:8:51
2102/580021/青啤CWB1/3.175	1700	3.173	1800	3.172	57899	3.171	91300	3.170	284400	3.177	34500	3.178	119700	3.179	5000	3.180	5600	3.182	19300	/17368062//451450208/1455343/3.175/3.431//2008-9-18 14:9:52
2102/580021/青啤CWB1/3.171	73499	3.170	241100	3.169	20000	3.168	7900	3.165	6300	3.174	16000	3.175	49990	3.176	61564	3.177	31300	3.178	89500	/17368062//455347168/1467610/3.174/3.431//2008-9-18 14:10:53
2102/580021/青啤CWB1/3.161	16900	3.160	48000	3.159	69800	3.158	176700	3.155	500	3.167	2200	3.170	119055	3.171	14000	3.172	6400	3.174	11500	/17368062//459283456/1537938/3.167/3.431//2008-9-18 14:11:53
2102/580021/青啤CWB1/3.170	113900	3.166	17900	3.165	11400	3.163	7000	3.161	53200	3.172	20000	3.173	66600	3.175	31955	3.176	40600	3.177	12300	/17368062//462813952/1491168/3.17/3.431//2008-9-18 14:12:54
2102/580021/青啤CWB1/3.173	20245	3.172	24900	3.171	1000	3.170	26901	3.169	100	3.174	76400	3.175	4000	3.176	28100	3.177	52100	3.178	55600	/17368062//466557280/1502965/3.174/3.431//2008-9-18 14:13:55
2102/580021/青啤CWB1/3.174	68600	3.173	2000	3.171	22400	3.170	131347	3.164	16000	3.176	68900	3.177	14900	3.178	27400	3.179	26600	3.180	106800	/17368062//470845952/1623896/3.174/3.431//2008-9-18 14:14:55
2102/580021/青啤CWB1/3.199	38038	3.191	102800	3.190	209000	3.188	109800	3.185	30600	3.200	31099	3.202	49900	3.206	2500	3.209	13700	3.210	25900	/17368062//474330624/1527435/3.199/3.431//2008-9-18 14:15:56
2102/580021/青啤CWB1/3.210	128138	3.209	4000	3.208	50900	3.207	2100	3.206	6000	3.215	3400	3.217	4800	3.218	58399	3.220	11600	3.221	900	/17368062//479102688/1542314/3.21/3.431//2008-9-18 14:16:56
2102/580021/青啤CWB1/3.233	14200	3.228	2300	3.227	3200	3.226	142700	3.225	29400	3.238	29100	3.239	3600	3.241	17800	3.245	1000	3.246	2000	/17368062//483547072/1556108/3.226/3.431//2008-9-18 14:17:57
2102/580021/青啤CWB1/3.255	40700	3.251	1200	3.250	319000	3.249	15500	3.248	76400	3.259	128900	3.260	14300	3.262	10000	3.263	2000	3.264	7100	/17368062//488187232/1762649/3.255/3.431//2008-9-18 14:18:58
2102/580021/青啤CWB1/3.277	12051	3.275	25000	3.274	40000	3.273	127600	3.272	36400	3.280	23000	3.283	2500	3.286	11000	3.288	20800	3.290	1000	/17368062//494537600/1589840/3.277/3.431//2008-9-18 14:19:58
2102/580021/青啤CWB1/3.316	58300	3.315	44000	3.313	1100	3.312	50000	3.310	50500	3.320	500	3.326	20600	3.327	4000	3.329	10000	3.330	6600	/17368062//498475584/1601785/3.32/3.431//2008-9-18 14:20:59
2102/580021/青啤CWB1/3.345	92200	3.337	600	3.335	445390	3.334	1000	3.333	7300	3.350	2700	3.356	4500	3.360	14600	3.366	2000	3.369	600	/17368062//501984064/1612305/3.345/3.431//2008-9-18 14:22:0
2102/580021/青啤CWB1/3.373	2600	3.370	37800	3.369	57600	3.367	21500	3.366	62500	3.385	17700	3.388	13500	3.390	2300	3.397	3900	3.398	19100	/17368062//505448192/1622608/3.373/3.431//2008-9-18 14:23:0
2102/580021/青啤CWB1/3.376	48700	3.373	2200	3.369	2400	3.365	31200	3.361	8000	3.379	8200	3.380	35000	3.384	31400	3.387	33000	3.388	11200	/17368062//512994272/1644940/3.373/3.431//2008-9-18 14:24:1
2102/580021/青啤CWB1/3.345	63513	3.340	4200	3.337	2500	3.336	4200	3.335	16000	3.349	32000	3.350	312700	3.351	10100	3.353	26400	3.355	111100	/17368062//518265120/1660575/3.349/3.431//2008-9-18 14:25:2
2102/580021/青啤CWB1/3.289	6900	3.287	47900	3.286	5200	3.281	6700	3.280	34300	3.300	274100	3.301	13100	3.302	5000	3.305	1400	3.306	15000	/17368062//520972608/1668736/3.3/3.431//2008-9-18 14:26:2
2102/580021/青啤CWB1/3.271	16290	3.265	4000	3.263	19600	3.262	10800	3.260	10015	3.272	58100	3.273	6500	3.274	20600	3.275	109099	3.276	21600	/17368062//525732864/1683257/3.271/3.431//2008-9-18 14:27:3
2102/580021/青啤CWB1/3.250	8915	3.248	2000	3.242	5000	3.237	5000	3.231	16000	3.258	13900	3.260	318100	3.261	12700	3.262	7500	3.263	103800	/17368062//529858144/1695904/3.258/3.431//2008-9-18 14:28:4
2102/580021/青啤CWB1/3.206	20900	3.200	8600	3.180	14500	3.170	17700	3.163	3000	3.231	35100	3.232	99600	3.240	151100	3.242	19000	3.244	14800	/17368062//532621376/1704451/3.231/3.431//2008-9-18 14:29:4
2102/580021/青啤CWB1/3.215	83200	3.212	35800	3.211	145200	3.210	47700	3.209	1000	3.217	23500	3.219	10000	3.220	65210	3.226	10000	3.228	6000	/17368062//536679808/1717076/3.217/3.431//2008-9-18 14:30:5
2102/580021/青啤CWB1/3.235	7700	3.233	9230	3.232	243500	3.231	47500	3.230	72800	3.240	10810	3.242	30000	3.245	1000	3.246	30200	3.247	55000	/17368062//540666752/1729429/3.233/3.431//2008-9-18 14:31:6
2102/580021/青啤CWB1/3.260	42700	3.258	9500	3.257	5000	3.256	12000	3.254	3200	3.271	23700	3.272	14300	3.274	1000	3.275	7500	3.276	2000	/17368062//542934336/1736412/3.26/3.431//2008-9-18 14:32:6
2102/580021/青啤CWB1/3.264	1900	3.262	20100	3.260	900	3.259	134670	3.255	9400	3.270	30100	3.274	11000	3.275	18500	3.276	2000	3.280	14500	/17368062//547117632/1749241/3.27/3.431//2008-9-18 14:33:7
2102/580021/青啤CWB1/3.280	324091	3.279	6600	3.278	71700	3.276	28600	3.275	86800	3.281	4100	3.285	3900	3.286	2800	3.287	4100	3.288	13200	/17368062//549699328/1757132/3.28/3.431//2008-9-18 14:34:8
2102/580021/青啤CWB1/3.307	36400	3.306	11000	3.305	21200	3.303	6000	3.302	33800	3.310	42809	3.311	6000	3.313	4000	3.314	10000	3.315	10800	/17368062//553783680/1769509/3.31/3.431//2008-9-18 14:35:8
2102/580021/青啤CWB1/3.276	7600	3.274	9800	3.270	12000	3.268	23700	3.266	1100	3.280	15000	3.283	2000	3.284	27000	3.285	1600	3.289	2900	/17368062//560437696/1789664/3.28/3.431//2008-9-18 14:36:9
2102/580021/青啤CWB1/3.216	100	3.215	20100	3.211	8130	3.210	2400	3.207	10000	3.249	9800	3.250	345600	3.252	33200	3.253	2000	3.256	3000	/17368062//562562752/1796179/3.249/3.431//2008-9-18 14:37:10
2102/580021/青啤CWB1/3.219	8200	3.218	17900	3.216	26700	3.215	45600	3.212	13400	3.225	28800	3.226	6300	3.228	7100	3.230	11400	3.231	25688	/17368062//564803904/1803127/3.225/3.431//2008-9-18 14:38:10
2102/580021/青啤CWB1/3.213	4800	3.211	812450	3.203	3100	3.201	12000	3.200	1000	3.215	500	3.216	5000	3.217	11400	3.218	13400	3.220	167200	/17368062//569487552/1817704/3.213/3.431//2008-9-18 14:39:11
2102/580021/青啤CWB1/3.235	42400	3.231	37400	3.230	232700	3.229	132700	3.225	26500	3.238	80000	3.243	800	3.245	38100	3.249	10500	3.250	9000	/17368062//574699904/1833905/3.235/3.431//2008-9-18 14:40:12
2102/580021/青啤CWB1/3.234	29260	3.233	28000	3.232	71100	3.231	300000	3.230	113200	3.239	13900	3.240	13800	3.243	800	3.244	5600	3.245	6000	/17368062//580046784/1850450/3.234/3.431//2008-9-18 14:41:12
2102/580021/青啤CWB1/3.241	51837	3.240	16900	3.238	11900	3.237	2000	3.236	15300	3.242	7900	3.244	12510	3.245	40300	3.246	17900	3.248	8900	/17368062//583663872/1861614/3.241/3.431//2008-9-18 14:42:13
2102/580021/青啤CWB1/3.224	16000	3.223	18500	3.222	1400	3.221	12000	3.220	88350	3.225	300	3.226	51000	3.227	46410	3.229	98100	3.230	142100	/17368062//585797376/1868214/3.225/3.431//2008-9-18 14:43:14
2102/580021/青啤CWB1/3.225	109700	3.224	59000	3.223	41700	3.217	14000	3.216	124300	3.229	6810	3.230	15600	3.231	700	3.234	2000	3.235	2500	/17368062//589238016/1913051/3.225/3.431//2008-9-18 14:44:14
2102/580021/青啤CWB1/3.233	12990	3.232	4300	3.231	55700	3.230	10000	3.226	26000	3.235	90150	3.236	19800	3.237	24000	3.238	41600	3.239	900	/17368062//592692544/1889585/3.233/3.431//2008-9-18 14:45:15
2102/580021/青啤CWB1/3.203	1950	3.202	30000	3.200	47600	3.198	22800	3.197	2300	3.209	81300	3.210	17355	3.211	14900	3.212	3400	3.215	9000	/17368062//594175552/1894181/3.209/3.431//2008-9-18 14:46:16
2102/580021/青啤CWB1/3.131	50000	3.120	1800	3.113	400	3.111	58500	3.110	3000	3.150	62700	3.155	62200	3.159	17400	3.160	357600	3.161	3500	/17368062//596093824/1900223/3.15/3.431//2008-9-18 14:47:16
2102/580021/青啤CWB1/3.120	8600	3.114	500	3.113	16600	3.102	14900	3.101	55000	3.123	5100	3.125	14900	3.126	3700	3.129	40000	3.130	119800	/17368062//598521152/1907973/3.12/3.431//2008-9-18 14:48:17
2102/580021/青啤CWB1/3.107	400	3.105	11000	3.103	5200	3.102	10000	3.101	51000	3.113	11500	3.114	12200	3.117	27710	3.118	33600	3.120	15800	/17368062//601547904/1917700/3.107/3.431//2008-9-18 14:49:18
2102/580021/青啤CWB1/3.126	2600	3.125	1500	3.123	116600	3.122	31900	3.120	1900	3.128	22900	3.129	66800	3.130	9500	3.131	11700	3.132	3379	/17368062//604379968/1926780/3.123/3.431//2008-9-18 14:50:18
2102/580021/青啤CWB1/3.155	16100	3.153	66621	3.150	3000	3.149	2800	3.145	12600	3.156	29200	3.158	1400	3.160	54800	3.165	4600	3.167	8500	/17368062//607315968/1936135/3.155/3.431//2008-9-18 14:51:19
2102/580021/青啤CWB1/3.175	36300	3.173	81000	3.171	15700	3.170	100	3.169	13800	3.177	5100	3.178	72800	3.179	5200	3.180	27300	3.183	6500	/17368062//609462720/1942921/3.177/3.431//2008-9-18 14:52:20
2102/580021/青啤CWB1/3.199	27800	3.198	300	3.195	12000	3.192	5200	3.191	400	3.200	14000	3.201	4000	3.202	16800	3.210	26000	3.211	4200	/17368062//612407680/1952171/3.199/3.431//2008-9-18 14:53:21
2102/580021/青啤CWB1/3.220	131600	3.219	2800	3.218	15300	3.217	600	3.216	21000	3.223	15000	3.224	1700	3.225	4600	3.227	200	3.230	14300	/17368062//614344128/1958203/3.22/3.431//2008-9-18 14:54:21
2102/580021/青啤CWB1/3.225	3200	3.224	5000	3.223	13300	3.222	44500	3.221	213800	3.230	169988	3.233	9300	3.234	38300	3.235	4100	3.236	2600	/17368062//617668032/1968503/3.23/3.431//2008-9-18 14:55:22
2102/580021/青啤CWB1/3.181	83400	3.180	90100	3.178	35710	3.177	1000	3.174	1000	3.183	42500	3.190	5500	3.191	5000	3.198	26300	3.199	7000	/17368062//623587968/1986965/3.181/3.431//2008-9-18 14:56:23
2102/580021/青啤CWB1/3.201	8300	3.200	51800	3.199	31000	3.198	92997	3.196	3500	3.205	68000	3.207	23269	3.208	5100	3.209	12000	3.210	7000	/17368062//626507520/1996095/3.207/3.431//2008-9-18 14:57:23
2102/580021/青啤CWB1/3.188	5200	3.183	13500	3.182	25000	3.181	2100	3.180	21100	3.190	1100	3.194	49900	3.198	66771	3.199	57590	3.200	165788	/17368062//629314816/2004872/3.19/3.431//2008-9-18 14:58:24
2102/580021/青啤CWB1/3.187	5300	3.180	88283	3.178	3500	3.173	200	3.170	105500	3.190	28099	3.192	900	3.193	12000	3.194	34696	3.197	9000	/17368062//631572864/2011963/3.19/3.431//2008-9-18 14:59:25
2102/580021/青啤CWB1/3.186	66188	3.181	4000	3.180	27496	3.178	600	3.173	40900	3.188	30800	3.190	94500	3.192	8400	3.193	23310	3.194	28696	/17368062//634326016/2020609/3.184/3.431//2008-9-18 15:0:26
2102/580021/青啤CWB1/3.186	66188	3.181	4000	3.180	27496	3.178	600	3.173	40900	3.188	30800	3.190	94500	3.192	8400	3.193	23310	3.194	28696	/17368062//634326016/2020609/3.184/3.431//2008-9-18 15:1:26
2102/580021/青啤CWB1/3.186	66188	3.181	4000	3.180	27496	3.178	600	3.173	40900	3.188	30800	3.190	94500	3.192	8400	3.193	23310	3.194	28696	/17368062//634326016/2020609/3.184/3.431//2008-9-18 15:2:27
