55/600091/明天科技/2.990	3400	2.980	1300	2.970	6000	2.950	4900	2.940	29700	3.000	2600	3.010	15600	3.020	74999	3.030	14400	3.040	5000	/16842809//211351/70100/3.0/3.07//2008-9-18 9:31:34
55/600091/明天科技/3.000	14000	2.990	4700	2.980	1300	2.970	6000	2.950	26000	3.010	9600	3.020	64899	3.030	14400	3.040	17800	3.050	60000	/16842809//268391/89100/3.01/3.07//2008-9-18 9:32:35
55/600091/明天科技/3.010	17200	3.000	15500	2.990	4700	2.980	2100	2.970	6000	3.020	29899	3.030	14400	3.040	17800	3.050	85000	3.060	2000	/16842809//297287/98700/3.01/3.07//2008-9-18 9:33:35
55/600091/明天科技/3.010	500	3.000	3800	2.990	4700	2.980	2100	2.970	6000	3.020	30399	3.030	14400	3.040	17800	3.050	85000	3.060	3000	/16842809//389891/129500/3.01/3.07//2008-9-18 9:34:35
55/600091/明天科技/2.980	2100	2.970	6000	2.960	9100	2.950	53700	2.940	29700	3.000	9200	3.020	30399	3.030	13400	3.040	17800	3.050	85000	/16842809//425881/141500/3.0/3.07//2008-9-18 9:35:35
55/600091/明天科技/2.980	4300	2.970	6000	2.960	17900	2.950	55400	2.940	29700	2.990	800	3.000	10600	3.010	2300	3.020	30399	3.030	13400	/16842809//441111/146600/2.99/3.07//2008-9-18 9:36:36
55/600091/明天科技/2.990	7200	2.980	6600	2.970	19000	2.960	23900	2.950	55400	3.000	16000	3.010	2300	3.020	36999	3.030	13400	3.040	42800	/16842809//443523/147400/3.0/3.07//2008-9-18 9:37:36
55/600091/明天科技/2.980	7400	2.970	19000	2.960	24000	2.950	55400	2.940	9700	2.990	10000	3.000	16000	3.020	36999	3.030	13400	3.040	42800	/16842809//465350/154700/2.99/3.07//2008-9-18 9:38:36
55/600091/明天科技/2.970	9700	2.960	24600	2.950	55400	2.940	11700	2.930	20000	2.980	25525	2.990	500	3.000	22500	3.020	36999	3.030	13400	/16842809//546618/182000/2.97/3.07//2008-9-18 9:39:36
55/600091/明天科技/2.980	11275	2.970	9250	2.960	32000	2.950	55400	2.940	11700	3.000	22800	3.020	36999	3.030	13400	3.040	5000	3.050	60000	/16842809//682039/227475/2.98/3.07//2008-9-18 9:40:36
55/600091/明天科技/2.980	4975	2.970	24750	2.960	32000	2.950	55400	2.940	11700	3.000	16600	3.020	36999	3.030	51200	3.040	5000	3.050	60000	/16842809//780576/260475/2.98/3.07//2008-9-18 9:41:37
55/600091/明天科技/2.980	27075	2.970	24750	2.960	23400	2.950	40800	2.940	15400	3.000	16300	3.010	26700	3.020	36999	3.030	51200	3.040	15000	/16842809//811276/270775/3.0/3.07//2008-9-18 9:42:37
55/600091/明天科技/2.980	11375	2.970	24750	2.960	23400	2.950	41300	2.940	15400	2.990	3000	3.000	14200	3.010	27500	3.020	36999	3.030	51200	/16842809//880136/293875/2.98/3.07//2008-9-18 9:43:37
55/600091/明天科技/2.980	15175	2.970	25750	2.960	23400	2.950	41300	2.940	15400	2.990	30000	3.000	16200	3.010	27500	3.020	36999	3.030	51200	/16842809//889106/296875/2.99/3.07//2008-9-18 9:44:37
55/600091/明天科技/2.980	21475	2.970	51450	2.960	23400	2.950	41300	2.940	15400	2.990	29000	3.000	24200	3.010	27500	3.020	36999	3.030	51200	/16842809//956171/319375/2.98/3.07//2008-9-18 9:45:37
55/600091/明天科技/2.980	30075	2.970	51450	2.960	23400	2.950	13600	2.940	15400	2.990	27500	3.000	24200	3.010	27500	3.020	36999	3.030	51200	/16842809//959762/320575/2.99/3.07//2008-9-18 9:46:38
55/600091/明天科技/2.980	15575	2.970	52750	2.960	23400	2.950	8600	2.940	15400	2.990	1700	3.000	24200	3.010	27500	3.020	36999	3.030	51200	/16842809//1103954/368875/2.99/3.07//2008-9-18 9:47:38
55/600091/明天科技/2.980	21775	2.970	52750	2.960	15400	2.950	16600	2.940	15400	3.000	21200	3.010	27500	3.020	36999	3.030	51200	3.040	15000	/16842809//1139293/380675/3.0/3.07//2008-9-18 9:48:38
55/600091/明天科技/2.990	8100	2.980	15775	2.970	72950	2.960	30500	2.950	15900	3.000	21200	3.010	27500	3.020	36999	3.030	51200	3.040	15000	/16842809//1139293/380675/3.0/3.07//2008-9-18 9:49:39
55/600091/明天科技/2.980	16775	2.970	72950	2.960	30500	2.950	15900	2.940	15400	2.990	11000	3.000	21200	3.010	27500	3.020	36999	3.030	51200	/16842809//1154512/385775/2.99/3.07//2008-9-18 9:50:39
55/600091/明天科技/2.990	4100	2.980	26775	2.970	73450	2.960	30500	2.950	15900	3.000	22200	3.010	27500	3.020	36499	3.030	51200	3.040	15000	/16842809//1206837/403275/2.99/3.07//2008-9-18 9:51:39
55/600091/明天科技/2.990	2900	2.980	32675	2.970	76550	2.960	15400	2.950	15900	3.000	15300	3.010	27500	3.020	27799	3.030	51200	3.040	15000	/16842809//1240124/414375/3.0/3.07//2008-9-18 9:52:39
55/600091/明天科技/2.980	33675	2.970	76550	2.960	15400	2.950	15900	2.940	16400	2.990	33100	3.000	25000	3.010	27500	3.020	27799	3.030	51200	/16842809//1249065/417375/2.99/3.07//2008-9-18 9:53:40
55/600091/明天科技/2.980	7975	2.970	76650	2.960	10400	2.950	15900	2.940	16400	2.990	57900	3.000	100000	3.010	27500	3.020	27799	3.030	51200	/16842809//1295851/433075/2.98/3.07//2008-9-18 9:54:40
55/600091/明天科技/2.970	55950	2.960	10400	2.950	16200	2.940	16400	2.930	21800	2.980	38325	2.990	53000	3.000	25000	3.010	27500	3.020	27799	/16842809//1390937/465050/2.98/3.07//2008-9-18 9:55:40
55/600091/明天科技/2.970	41850	2.960	10400	2.950	16200	2.940	16400	2.930	21800	2.980	18325	2.990	53000	3.000	25000	3.010	27500	3.020	65599	/16842809//1433408/479350/2.97/3.07//2008-9-18 9:56:41
55/600091/明天科技/2.960	4400	2.950	16900	2.940	16400	2.930	21800	2.920	11800	2.980	15175	2.990	53000	3.000	26800	3.010	27500	3.020	66499	/16842809//1603175/536500/2.97/3.07//2008-9-18 9:57:41
55/600091/明天科技/2.970	9500	2.960	3400	2.950	16900	2.940	31600	2.930	21800	2.980	17875	2.990	52700	3.000	26800	3.010	27999	3.020	66499	/16842809//1650635/552500/2.97/3.07//2008-9-18 9:58:41
55/600091/明天科技/2.970	10300	2.960	9400	2.950	17500	2.940	31600	2.930	21800	2.980	17875	2.990	52700	3.000	26800	3.010	27999	3.020	66499	/16842809//1655981/554300/2.97/3.07//2008-9-18 9:59:41
55/600091/明天科技/2.970	4300	2.960	9400	2.950	17500	2.940	16400	2.930	21800	2.980	14275	2.990	53700	3.000	26800	3.010	27999	3.020	66499	/16842809//1696112/567800/2.98/3.07//2008-9-18 10:0:42
55/600091/明天科技/2.960	9900	2.950	17500	2.940	16400	2.930	21800	2.920	27100	2.970	11825	2.980	25475	2.990	53700	3.000	27300	3.010	27999	/16842809//1736602/581400/2.97/3.07//2008-9-18 10:1:42
55/600091/明天科技/2.960	9400	2.950	19100	2.940	14400	2.930	21800	2.920	27100	2.970	9225	2.980	24475	2.990	53700	3.000	27300	3.010	27999	/16842809//1754417/587400/2.96/2.97//2008-9-18 10:2:42
55/600091/明天科技/2.950	19100	2.940	14400	2.930	21800	2.920	27100	2.910	12200	2.960	8861	2.970	10025	2.980	24475	2.990	53700	3.000	28000	/16842809//1806809/605100/2.96/2.97//2008-9-18 10:3:42
55/600091/明天科技/2.940	12800	2.930	21800	2.920	27100	2.910	14200	2.900	32300	2.950	4300	2.960	52261	2.970	17325	2.980	24475	2.990	53700	/16842809//1894698/634900/2.94/2.97//2008-9-18 10:4:43
55/600091/明天科技/2.950	5600	2.940	12300	2.930	23800	2.920	27100	2.910	15900	2.960	52261	2.970	17325	2.980	25975	2.990	53700	3.000	91600	/16842809//1928875/646500/2.95/2.97//2008-9-18 10:5:43
55/600091/明天科技/2.940	800	2.930	9900	2.920	11800	2.910	17900	2.900	48400	2.950	27000	2.960	51261	2.970	17325	2.980	25975	2.990	53700	/16842809//2028194/680300/2.95/2.97//2008-9-18 10:6:43
55/600091/明天科技/2.930	100	2.920	10800	2.910	17900	2.900	48400	2.890	4000	2.940	1000	2.950	24400	2.960	50061	2.970	17325	2.980	25975	/16842809//2103200/705900/2.93/2.97//2008-9-18 10:7:44
55/600091/明天科技/2.930	2600	2.920	1000	2.910	17100	2.900	48400	2.890	4000	2.940	1300	2.950	24400	2.960	44400	2.970	16525	2.980	25975	/16842809//2182215/732900/2.93/2.97//2008-9-18 10:8:44
55/600091/明天科技/2.940	500	2.930	2100	2.920	15200	2.910	17100	2.900	33900	2.950	10900	2.960	39600	2.970	13625	2.980	27975	2.990	53700	/16842809//2189849/735500/2.94/2.97//2008-9-18 10:9:44
55/600091/明天科技/2.930	6700	2.920	19100	2.910	27100	2.900	33900	2.890	19500	2.940	5400	2.950	9900	2.960	39600	2.970	14625	2.980	27975	/16842809//2241752/753200/2.94/2.97//2008-9-18 10:10:44
55/600091/明天科技/2.940	2000	2.930	28700	2.920	19100	2.910	29100	2.900	33900	2.950	9900	2.960	39600	2.970	18925	2.980	27975	2.990	91500	/16842809//2260558/759600/2.94/2.97//2008-9-18 10:11:45
55/600091/明天科技/2.950	6100	2.940	1900	2.930	28700	2.920	24900	2.910	31100	2.960	39600	2.970	19625	2.980	27975	2.990	91500	3.000	55500	/16842809//2266732/761700/2.94/2.97//2008-9-18 10:12:45
55/600091/明天科技/2.950	800	2.940	1900	2.930	29700	2.920	24900	2.910	31100	2.960	31400	2.970	19625	2.980	27975	2.990	91500	3.000	55500	/16842809//2306639/775200/2.96/2.97//2008-9-18 10:13:45
55/600091/明天科技/2.960	500	2.940	2400	2.930	30500	2.920	24900	2.910	31100	2.970	14025	2.980	27975	2.990	91500	3.000	46800	3.010	27999	/16842809//2486200/835800/2.96/2.97//2008-9-18 10:14:46
55/600091/明天科技/2.940	2400	2.930	2800	2.920	24900	2.910	31100	2.900	39000	2.950	1800	2.960	21100	2.970	15025	2.980	26475	2.990	78400	/16842809//2489160/836800/2.96/2.97//2008-9-18 10:15:46
55/600091/明天科技/2.940	1200	2.930	9800	2.920	24900	2.910	31600	2.900	39000	2.950	800	2.960	17500	2.970	15025	2.980	29475	2.990	78400	/16842809//2497686/839700/2.94/2.97//2008-9-18 10:16:46
55/600091/明天科技/2.950	10400	2.940	400	2.930	9800	2.920	24900	2.910	31600	2.960	12600	2.970	15025	2.980	29475	2.990	78400	3.000	51100	/16842809//2499754/840400/2.96/2.97//2008-9-18 10:17:47
55/600091/明天科技/2.970	99775	2.950	6100	2.940	2100	2.930	14800	2.920	40200	2.980	29475	2.990	78400	3.000	49100	3.010	26700	3.020	31499	/16842809//2587614/870025/2.97/2.97//2008-9-18 10:18:47
55/600091/明天科技/2.970	2200	2.960	1600	2.950	6100	2.940	2100	2.930	14800	2.980	12775	2.990	40600	3.000	24800	3.010	26700	3.020	32499	/16842809//2639764/887525/2.98/2.97//2008-9-18 10:19:47
55/600091/明天科技/2.970	3100	2.960	1600	2.950	6100	2.940	6800	2.930	9800	2.980	25675	2.990	40600	3.000	24800	3.010	31000	3.020	20999	/16842809//2642744/888525/2.98/2.97//2008-9-18 10:20:48
55/600091/明天科技/2.970	2400	2.960	100	2.950	6100	2.940	6800	2.930	11800	2.980	24575	2.990	40600	3.000	24800	3.010	31000	3.020	20999	/16842809//2658171/893725/2.97/2.97//2008-9-18 10:21:48
55/600091/明天科技/2.950	6100	2.940	6800	2.930	11800	2.920	31800	2.910	30900	2.960	10600	2.970	3600	2.980	23075	2.990	40600	3.000	24800	/16842809//2665595/896225/2.96/2.97//2008-9-18 10:22:48
55/600091/明天科技/2.950	6100	2.940	6800	2.930	12300	2.920	31800	2.910	30900	2.960	10600	2.970	5500	2.980	23675	2.990	41200	3.000	63200	/16842809//2665595/896225/2.96/2.97//2008-9-18 10:23:48
55/600091/明天科技/2.950	5600	2.940	10800	2.930	12300	2.920	31800	2.910	30900	2.960	7600	2.970	5400	2.980	23675	2.990	41200	3.000	63200	/16842809//2676245/899825/2.96/2.97//2008-9-18 10:24:49
55/600091/明天科技/2.950	11600	2.940	6100	2.930	15300	2.920	31800	2.910	108100	2.960	800	2.970	5400	2.980	8775	2.990	34200	3.000	63200	/16842809//2696373/906625/2.96/2.97//2008-9-18 10:25:49
55/600091/明天科技/2.950	11600	2.940	8500	2.930	12300	2.920	36000	2.910	108100	2.960	200	2.970	1000	2.980	8775	2.990	34200	3.000	93300	/16842809//2698741/907425/2.96/2.97//2008-9-18 10:26:49
55/600091/明天科技/2.950	11500	2.940	8500	2.930	12300	2.920	36500	2.910	108100	2.960	1500	2.970	1800	2.980	8775	2.990	34200	3.000	93300	/16842809//2698741/907425/2.96/2.97//2008-9-18 10:27:50
55/600091/明天科技/2.960	700	2.950	11500	2.940	8500	2.930	12300	2.920	56500	2.970	3300	2.980	8775	2.990	34200	3.000	93300	3.010	31000	/16842809//2707933/910525/2.97/2.97//2008-9-18 10:28:50
55/600091/明天科技/2.960	700	2.950	11500	2.940	13500	2.930	12300	2.920	56700	2.970	3300	2.980	10275	2.990	34200	3.000	93300	3.010	31000	/16842809//2707933/910525/2.97/2.97//2008-9-18 10:29:50
55/600091/明天科技/2.950	11500	2.940	13500	2.930	12300	2.920	56700	2.910	30900	2.960	1000	2.970	3300	2.980	8775	2.990	34200	3.000	97300	/16842809//2710005/911225/2.96/2.97//2008-9-18 10:30:51
55/600091/明天科技/2.950	10500	2.940	13500	2.930	12300	2.920	56700	2.910	30900	2.960	7200	2.970	8100	2.980	8775	2.990	34200	3.000	97300	/16842809//2721805/915225/2.95/2.97//2008-9-18 10:31:51
55/600091/明天科技/2.940	10500	2.930	12400	2.920	56700	2.910	32900	2.900	40100	2.950	8400	2.960	7200	2.970	8100	2.980	28775	2.990	34200	/16842809//2785200/936725/2.94/2.97//2008-9-18 10:32:51
55/600091/明天科技/2.930	11900	2.920	55500	2.910	32900	2.900	40600	2.890	2300	2.940	4600	2.960	7200	2.970	10400	2.980	28775	2.990	34200	/16842809//2849090/958425/2.94/2.97//2008-9-18 10:33:52
55/600091/明天科技/2.930	19900	2.920	55500	2.910	32900	2.900	40600	2.890	2300	2.940	21700	2.960	7200	2.970	10400	2.980	28775	2.990	34200	/16842809//2884076/970325/2.94/2.97//2008-9-18 10:34:52
55/600091/明天科技/2.930	19900	2.920	51500	2.910	32900	2.900	40600	2.890	300	2.940	11600	2.960	7200	2.970	10400	2.980	28775	2.990	34200	/16842809//2914064/980525/2.94/2.97//2008-9-18 10:35:52
55/600091/明天科技/2.930	18900	2.920	51500	2.910	32900	2.900	40600	2.890	16900	2.940	9200	2.960	7200	2.970	5600	2.980	66575	2.990	34200	/16842809//2926980/984925/2.93/2.97//2008-9-18 10:36:53
55/600091/明天科技/2.920	41500	2.910	32400	2.900	40600	2.890	19400	2.880	206600	2.930	14400	2.940	7200	2.960	7200	2.970	5400	2.980	66575	/16842809//3049667/1026825/2.92/2.97//2008-9-18 10:37:53
55/600091/明天科技/2.930	3300	2.920	42500	2.910	32400	2.900	40900	2.890	29400	2.940	7200	2.960	6200	2.970	10400	2.980	66575	2.990	34200	/16842809//3091859/1041225/2.93/2.97//2008-9-18 10:38:53
55/600091/明天科技/2.930	2200	2.920	42500	2.910	32900	2.900	40900	2.890	29400	2.940	4800	2.960	6200	2.970	10400	2.980	66575	2.990	34200	/16842809//3129386/1054025/2.93/2.97//2008-9-18 10:39:54
55/600091/明天科技/2.930	2800	2.920	42500	2.910	32900	2.900	40900	2.890	29400	2.940	4800	2.960	6200	2.970	10400	2.980	66575	2.990	34200	/16842809//3136418/1056425/2.93/2.97//2008-9-18 10:40:54
55/600091/明天科技/2.930	3500	2.920	42500	2.910	32900	2.900	42700	2.890	29400	2.940	400	2.960	6200	2.970	10400	2.980	66575	2.990	34200	/16842809//3159644/1064325/2.94/2.97//2008-9-18 10:41:54
55/600091/明天科技/2.930	5500	2.920	42500	2.910	32900	2.900	42700	2.890	29400	2.940	400	2.950	5455	2.960	6200	2.970	12400	2.980	66575	/16842809//3159644/1064325/2.94/2.97//2008-9-18 10:42:55
55/600091/明天科技/2.930	2000	2.920	42500	2.910	32900	2.900	42700	2.890	29400	2.950	12075	2.960	6200	2.970	12400	2.980	66575	2.990	34200	/16842809//3174269/1069325/2.93/2.97//2008-9-18 10:43:55
55/600091/明天科技/2.920	43500	2.910	32900	2.900	42700	2.890	29400	2.880	7400	2.930	300	2.950	12075	2.960	6200	2.970	36800	2.980	66575	/16842809//3180129/1071325/2.93/2.97//2008-9-18 10:44:56
55/600091/明天科技/2.920	17500	2.910	22900	2.900	42700	2.890	29400	2.880	7400	2.930	9800	2.940	20000	2.950	1720	2.960	6200	2.970	36800	/16842809//3197659/1077325/2.93/2.97//2008-9-18 10:45:56
55/600091/明天科技/2.900	11800	2.890	29400	2.880	7400	2.870	15200	2.860	57900	2.920	18500	2.930	9800	2.940	20000	2.950	1720	2.960	6200	/16842809//3388411/1142925/2.9/2.97//2008-9-18 10:46:56
55/600091/明天科技/2.900	11900	2.890	28400	2.880	13300	2.870	20500	2.860	9500	2.910	2800	2.920	18500	2.950	2720	2.960	6200	2.970	12400	/16842809//3403543/1148125/2.91/2.97//2008-9-18 10:47:57
55/600091/明天科技/2.890	20600	2.880	13600	2.870	48200	2.860	9500	2.850	6900	2.900	2200	2.910	1400	2.920	18500	2.950	8020	2.970	12400	/16842809//3459799/1167525/2.9/2.97//2008-9-18 10:48:57
55/600091/明天科技/2.890	15600	2.880	13600	2.870	48200	2.860	9500	2.850	12600	2.900	19700	2.910	400	2.920	18500	2.930	3000	2.950	8020	/16842809//3489039/1177625/2.9/2.97//2008-9-18 10:49:57
55/600091/明天科技/2.880	26600	2.870	38200	2.860	11000	2.850	13600	2.840	3900	2.890	47879	2.900	19700	2.910	400	2.920	18500	2.930	3000	/16842809//3541916/1195925/2.88/2.97//2008-9-18 10:50:58
55/600091/明天科技/2.880	23600	2.870	39200	2.860	11000	2.850	13600	2.840	10900	2.890	34479	2.900	19700	2.920	18500	2.930	3000	2.950	8020	/16842809//3579750/1209025/2.89/2.97//2008-9-18 10:51:58
55/600091/明天科技/2.880	40400	2.870	39200	2.860	11000	2.850	13600	2.840	15900	2.890	25079	2.900	25900	2.930	3000	2.950	8020	2.960	2980	/16842809//3616132/1221625/2.88/2.97//2008-9-18 10:52:58
55/600091/明天科技/2.880	20200	2.870	33900	2.860	12100	2.850	14200	2.840	15900	2.890	15779	2.900	25900	2.930	3000	2.950	8020	2.960	2980	/16842809//3713901/1255525/2.88/2.97//2008-9-18 10:53:59
55/600091/明天科技/2.890	21	2.870	33900	2.860	12100	2.850	14200	2.840	15900	2.900	25900	2.930	3000	2.950	14520	2.960	12980	2.970	12400	/16842809//3780526/1278604/2.89/2.97//2008-9-18 10:54:59
55/600091/明天科技/2.880	28100	2.870	33900	2.860	12100	2.850	15000	2.840	15900	2.890	4379	2.900	25900	2.920	24400	2.930	3000	2.950	14520	/16842809//3812049/1289525/2.89/2.97//2008-9-18 10:56:0
55/600091/明天科技/2.870	31900	2.860	12100	2.850	14400	2.840	15900	2.830	3800	2.880	18700	2.890	9379	2.900	26000	2.910	200	2.920	24400	/16842809//3924081/1328425/2.88/2.97//2008-9-18 10:57:0
55/600091/明天科技/2.850	14400	2.840	15900	2.830	5800	2.820	4800	2.810	19200	2.860	1900	2.870	13700	2.890	8379	2.900	25900	2.910	1200	/16842809//4145395/1405525/2.86/2.97//2008-9-18 10:58:0
55/600091/明天科技/2.860	1600	2.850	7000	2.840	10900	2.830	15800	2.820	4800	2.870	12200	2.890	8379	2.900	25900	2.910	1200	2.920	24400	/16842809//4187659/1420325/2.86/2.97//2008-9-18 10:59:1
55/600091/明天科技/2.830	1600	2.820	4800	2.810	24200	2.800	8900	2.790	4800	2.840	8500	2.850	15000	2.860	6800	2.870	11600	2.890	4379	/16842809//4300101/1459925/2.84/2.97//2008-9-18 11:0:1
55/600091/明天科技/2.820	5500	2.810	19700	2.800	10000	2.790	6700	2.780	25600	2.840	2800	2.850	20000	2.860	6800	2.870	11600	2.890	4379	/16842809//4326194/1469125/2.84/2.97//2008-9-18 11:1:2
55/600091/明天科技/2.830	17100	2.820	15700	2.810	19700	2.800	16000	2.790	56700	2.840	1800	2.850	10000	2.860	6300	2.870	100	2.890	4379	/16842809//4393343/1492925/2.83/2.97//2008-9-18 11:2:2
55/600091/明天科技/2.830	5100	2.820	11700	2.810	10300	2.800	16500	2.790	54800	2.850	10000	2.860	6300	2.870	100	2.880	1500	2.890	4379	/16842809//4541091/1545125/2.83/2.97//2008-9-18 11:3:2
55/600091/明天科技/2.830	12200	2.820	17200	2.810	10300	2.800	24500	2.790	54800	2.840	24700	2.850	10000	2.860	6300	2.870	100	2.880	1500	/16842809//4532334/1542025/2.83/2.97//2008-9-18 11:4:3
55/600091/明天科技/2.840	4800	2.830	14600	2.820	14200	2.810	10300	2.800	26200	2.850	16200	2.860	6300	2.870	100	2.880	1500	2.890	4379	/16842809//4636562/1578725/2.84/2.97//2008-9-18 11:5:3
55/600091/明天科技/2.850	10800	2.840	9400	2.830	12500	2.820	14200	2.810	10300	2.860	6300	2.870	100	2.880	1500	2.890	4379	2.900	19700	/16842809//4704372/1602525/2.85/2.97//2008-9-18 11:6:4
55/600091/明天科技/2.840	4500	2.830	12500	2.820	14200	2.810	10300	2.800	26200	2.850	4500	2.860	1300	2.870	100	2.880	2400	2.890	18779	/16842809//4761049/1622425/2.84/2.97//2008-9-18 11:7:4
55/600091/明天科技/2.840	6900	2.830	11500	2.820	14200	2.810	10300	2.800	26600	2.860	1300	2.870	100	2.880	5800	2.890	18779	2.900	23700	/16842809//4790380/1632725/2.84/2.97//2008-9-18 11:8:4
55/600091/明天科技/2.870	1900	2.850	10000	2.840	9000	2.830	12000	2.820	14200	2.880	1900	2.890	18779	2.900	23700	2.910	30880	2.920	24400	/16842809//4805599/1638025/2.88/2.97//2008-9-18 11:9:5
55/600091/明天科技/2.850	11000	2.840	9600	2.830	12000	2.820	14200	2.810	10300	2.860	300	2.870	4000	2.880	12567	2.890	24879	2.900	20700	/16842809//4822819/1644025/2.87/2.97//2008-9-18 11:10:5
55/600091/明天科技/2.850	16200	2.840	7500	2.830	12000	2.820	14200	2.810	10300	2.870	3800	2.880	11900	2.890	24879	2.900	20700	2.910	30880	/16842809//4825683/1645025/2.87/2.97//2008-9-18 11:11:6
55/600091/明天科技/2.850	16000	2.840	5500	2.830	12000	2.820	14900	2.810	10300	2.870	7100	2.880	39900	2.890	24879	2.900	20700	2.910	30880	/16842809//4835651/1648525/2.85/2.97//2008-9-18 11:12:6
55/600091/明天科技/2.840	12900	2.830	12000	2.820	14900	2.810	10300	2.800	26300	2.850	16000	2.870	8080	2.880	39900	2.890	18779	2.900	20700	/16842809//4881251/1664525/2.85/2.97//2008-9-18 11:13:7
55/600091/明天科技/2.850	800	2.840	13900	2.830	11500	2.820	14900	2.810	10300	2.870	4280	2.880	9900	2.890	18779	2.900	20700	2.910	30880	/16842809//4949651/1688525/2.85/2.97//2008-9-18 11:14:7
55/600091/明天科技/2.860	1000	2.850	5000	2.840	14800	2.830	51500	2.820	14900	2.870	4280	2.880	9900	2.890	18779	2.900	23700	2.910	68680	/16842809//4949651/1688525/2.85/2.97//2008-9-18 11:15:7
55/600091/明天科技/2.860	1000	2.850	5000	2.840	14800	2.830	51500	2.820	14900	2.870	12300	2.880	9500	2.890	18779	2.900	24680	2.910	68680	/16842809//4918321/1677525/2.87/2.97//2008-9-18 11:16:8
55/600091/明天科技/2.860	1000	2.850	7400	2.840	14800	2.830	51500	2.820	16000	2.870	12300	2.880	9500	2.890	18779	2.900	24680	2.910	68680	/16842809//4918321/1677525/2.87/2.97//2008-9-18 11:17:8
55/600091/明天科技/2.850	7400	2.840	14800	2.830	52500	2.820	16000	2.810	9200	2.860	6200	2.870	12800	2.880	18000	2.890	18779	2.900	24680	/16842809//4921181/1678525/2.86/2.97//2008-9-18 11:18:9
55/600091/明天科技/2.850	7400	2.840	15800	2.830	52500	2.820	16000	2.810	9200	2.860	3200	2.870	12300	2.880	18000	2.890	18779	2.900	24680	/16842809//4929761/1681525/2.86/2.97//2008-9-18 11:19:9
55/600091/明天科技/2.850	5900	2.840	15800	2.830	52500	2.820	16000	2.810	9200	2.860	6200	2.870	12300	2.880	18000	2.890	18779	2.900	23700	/16842809//4935461/1683525/2.85/2.97//2008-9-18 11:20:10
55/600091/明天科技/2.850	25600	2.840	15800	2.830	52500	2.820	7300	2.810	11200	2.860	6200	2.870	12300	2.880	18000	2.890	18779	2.900	23700	/16842809//4950566/1688825/2.85/2.97//2008-9-18 11:21:10
55/600091/明天科技/2.840	14800	2.830	52500	2.820	7300	2.810	11200	2.800	26400	2.850	19400	2.860	5700	2.870	11500	2.880	18000	2.890	18779	/16842809//5042046/1720925/2.84/2.97//2008-9-18 11:22:10
55/600091/明天科技/2.840	5200	2.830	48300	2.820	7000	2.810	11200	2.800	26400	2.850	19400	2.860	5700	2.870	11500	2.880	18000	2.890	18779	/16842809//5098278/1740725/2.84/2.97//2008-9-18 11:23:11
55/600091/明天科技/2.840	2200	2.830	48300	2.820	37000	2.810	11200	2.800	44700	2.850	19400	2.860	5700	2.870	11500	2.880	18000	2.890	18779	/16842809//5087202/1736825/2.84/2.97//2008-9-18 11:24:11
55/600091/明天科技/2.840	2500	2.830	48300	2.820	37000	2.810	8200	2.800	44700	2.850	22400	2.860	15700	2.870	11500	2.880	18000	2.890	18779	/16842809//5087202/1736825/2.84/2.97//2008-9-18 11:25:12
55/600091/明天科技/2.830	43300	2.820	27000	2.810	18200	2.800	44700	2.790	4800	2.840	500	2.850	21000	2.860	15700	2.870	11500	2.880	18000	/16842809//5103922/1742725/2.83/2.97//2008-9-18 11:26:12
55/600091/明天科技/2.830	11800	2.820	27000	2.810	18200	2.800	26400	2.790	23200	2.840	3400	2.850	21000	2.860	15700	2.870	11500	2.880	18000	/16842809//5193067/1774225/2.83/2.97//2008-9-18 11:27:13
55/600091/明天科技/2.830	16100	2.820	27000	2.810	8200	2.800	26400	2.790	23200	2.840	4000	2.850	21000	2.860	13000	2.870	11500	2.880	18000	/16842809//5193067/1774225/2.83/2.97//2008-9-18 11:28:13
55/600091/明天科技/2.820	9300	2.810	8200	2.800	26400	2.790	23200	2.780	33800	2.840	13000	2.850	21000	2.860	13000	2.870	11500	2.880	18000	/16842809//5288827/1808125/2.82/2.97//2008-9-18 11:29:14
55/600091/明天科技/2.820	37010	2.810	11200	2.800	26400	2.790	4800	2.780	33800	2.840	12500	2.850	21000	2.860	13000	2.870	11500	2.880	18000	/16842809//5301781/1812715/2.82/2.97//2008-9-18 11:30:14
55/600091/明天科技/2.820	37010	2.810	11200	2.800	26400	2.790	4800	2.780	33800	2.840	12500	2.850	21000	2.860	13000	2.870	11500	2.880	18000	/16842809//5301781/1812715/2.82/2.97//2008-9-18 11:31:15
55/600091/明天科技/2.810	13900	2.800	23600	2.790	4800	2.780	34500	2.770	225200	2.820	26780	2.840	9000	2.850	23890	2.860	10000	2.870	12480	/16842809//5440194/1861725/2.82/2.97//2008-9-18 13:1:15
55/600091/明天科技/2.810	9100	2.800	23600	2.790	4800	2.780	34500	2.770	225200	2.820	17280	2.840	10000	2.850	23890	2.860	10000	2.870	12480	/16842809//5488064/1878725/2.81/2.97//2008-9-18 13:2:16
55/600091/明天科技/2.770	11100	2.760	134882	0.000	0	0.000	0	0.000	0	2.820	41680	2.830	980	2.840	10000	2.850	23890	2.860	10000	/16842809//6859500/2373943/2.77/2.97//2008-9-18 13:3:16
55/600091/明天科技/2.770	42300	2.760	173982	0.000	0	0.000	0	0.000	0	2.810	9480	2.820	41780	2.830	14400	2.840	9000	2.850	24890	/16842809//6861720/2374743/2.77/2.97//2008-9-18 13:4:17
55/600091/明天科技/2.780	1600	2.770	42900	2.760	242082	0.000	0	0.000	0	2.800	11000	2.810	10680	2.820	43480	2.830	14400	2.840	9000	/16842809//6876870/2380143/2.81/2.97//2008-9-18 13:5:17
55/600091/明天科技/2.780	1600	2.770	56300	2.760	243082	0.000	0	0.000	0	2.790	6000	2.800	11100	2.810	11680	2.820	43380	2.830	14400	/16842809//6878830/2380843/2.8/2.97//2008-9-18 13:6:18
55/600091/明天科技/2.770	63000	2.760	247582	0.000	0	0.000	0	0.000	0	2.790	5700	2.800	11100	2.810	11680	2.820	43380	2.830	14400	/16842809//6934257/2400843/2.77/2.97//2008-9-18 13:7:18
55/600091/明天科技/2.780	14200	2.770	59500	2.760	253082	0.000	0	0.000	0	2.790	6700	2.800	11100	2.810	11680	2.820	43380	2.840	9990	/16842809//6939837/2402843/2.79/2.97//2008-9-18 13:8:19
55/600091/明天科技/2.790	600	2.780	12200	2.770	56600	2.760	277082	0.000	0	2.800	9500	2.810	11680	2.820	43380	2.840	9990	2.850	24890	/16842809//6963570/2411343/2.8/2.97//2008-9-18 13:9:19
55/600091/明天科技/2.790	6000	2.780	11700	2.770	61600	2.760	279082	0.000	0	2.800	15400	2.810	11680	2.820	43380	2.840	9990	2.850	24890	/16842809//6966358/2412343/2.79/2.97//2008-9-18 13:10:20
55/600091/明天科技/2.790	4600	2.780	12000	2.770	65600	2.760	283882	0.000	0	2.800	7700	2.810	11680	2.820	43380	2.840	27790	2.850	24890	/16842809//6990150/2420843/2.79/2.97//2008-9-18 13:11:20
55/600091/明天科技/2.780	11300	2.770	63600	2.760	284882	0.000	0	0.000	0	2.790	1100	2.800	24830	2.810	11680	2.820	43380	2.830	300	/16842809//7003263/2425543/2.79/2.97//2008-9-18 13:12:21
55/600091/明天科技/2.770	60500	2.760	286882	0.000	0	0.000	0	0.000	0	2.790	1100	2.800	24830	2.810	11680	2.820	42880	2.830	300	/16842809//7065219/2447843/2.78/2.97//2008-9-18 13:13:21
55/600091/明天科技/2.780	3100	2.770	24900	2.760	293982	0.000	0	0.000	0	2.790	1100	2.800	24830	2.810	11680	2.820	42880	2.830	300	/16842809//7156374/2480743/2.77/2.97//2008-9-18 13:14:22
55/600091/明天科技/2.780	24900	2.770	36700	2.760	387782	0.000	0	0.000	0	2.790	1700	2.800	24830	2.810	11680	2.820	18480	2.830	300	/16842809//7198074/2495743/2.78/2.97//2008-9-18 13:15:22
55/600091/明天科技/2.780	23000	2.770	36700	2.760	387782	0.000	0	0.000	0	2.790	1100	2.800	10700	2.810	11680	2.820	18480	2.830	1290	/16842809//7206136/2498643/2.78/2.97//2008-9-18 13:16:23
55/600091/明天科技/2.780	200	2.770	18500	2.760	388782	0.000	0	0.000	0	2.800	35400	2.810	11680	2.820	18480	2.830	990	2.840	26800	/16842809//7348034/2549743/2.77/2.97//2008-9-18 13:17:23
55/600091/明天科技/2.770	18500	2.760	388782	0.000	0	0.000	0	0.000	0	2.790	600	2.800	33400	2.810	10700	2.820	18480	2.830	1970	/16842809//7362490/2554943/2.78/2.97//2008-9-18 13:18:24
55/600091/明天科技/2.780	20500	2.770	22700	2.760	389482	0.000	0	0.000	0	2.790	29400	2.800	33400	2.810	10700	2.820	18480	2.830	1970	/16842809//7404149/2569943/2.78/2.97//2008-9-18 13:19:24
55/600091/明天科技/2.780	23500	2.770	27100	2.760	390882	0.000	0	0.000	0	2.790	34400	2.800	33400	2.810	10700	2.820	18480	2.830	1970	/16842809//7412489/2572943/2.78/2.97//2008-9-18 13:20:25
55/600091/明天科技/2.780	16900	2.770	32200	2.760	395782	0.000	0	0.000	0	2.790	34400	2.800	33400	2.810	7700	2.820	18480	2.830	980	/16842809//7420551/2575843/2.78/2.97//2008-9-18 13:21:25
55/600091/明天科技/2.780	18900	2.770	30200	2.760	385882	0.000	0	0.000	0	2.790	14400	2.800	33400	2.810	7700	2.820	18480	2.830	5980	/16842809//7534375/2616643/2.79/2.97//2008-9-18 13:22:26
55/600091/明天科技/2.790	34600	2.780	28900	2.770	31200	2.760	396682	0.000	0	2.800	30500	2.810	7700	2.820	18480	2.830	5980	2.840	9000	/16842809//7518751/2611043/2.79/2.97//2008-9-18 13:23:26
55/600091/明天科技/2.800	17300	2.790	29200	2.780	27900	2.770	31200	2.760	375682	2.810	4700	2.820	4980	2.830	5980	2.840	9980	2.850	24890	/16842809//7631031/2651143/2.8/2.97//2008-9-18 13:24:27
55/600091/明天科技/2.830	3200	2.820	13220	2.810	11600	2.800	17500	2.790	15200	2.840	22630	2.850	21890	2.870	2480	2.880	980	2.890	5979	/16842809//7659156/2661123/2.84/2.97//2008-9-18 13:25:27
55/600091/明天科技/2.830	200	2.820	10020	2.810	11300	2.800	15500	2.790	10000	2.840	31630	2.850	20890	2.870	2480	2.880	980	2.890	5979	/16842809//7670486/2665123/2.84/2.97//2008-9-18 13:26:28
55/600091/明天科技/2.820	10020	2.810	11300	2.800	16200	2.790	10000	2.780	28600	2.830	6600	2.840	47130	2.850	20890	2.870	2480	2.880	10580	/16842809//7693975/2673423/2.83/2.97//2008-9-18 13:27:28
55/600091/明天科技/2.820	7020	2.810	11300	2.800	16200	2.790	10000	2.780	18600	2.830	34780	2.840	31630	2.850	20890	2.870	2480	2.880	9600	/16842809//7706665/2677923/2.82/2.97//2008-9-18 13:28:29
55/600091/明天科技/2.820	7420	2.810	11300	2.800	16200	2.790	10000	2.780	19600	2.830	13080	2.840	31630	2.850	30890	2.870	2480	2.880	9600	/16842809//7825594/2719943/2.83/2.97//2008-9-18 13:29:29
55/600091/明天科技/2.820	10620	2.810	12100	2.800	16200	2.790	11000	2.780	18800	2.830	17780	2.840	31630	2.850	30890	2.870	2480	2.880	9600	/16842809//7826660/2720323/2.83/2.97//2008-9-18 13:30:30
55/600091/明天科技/2.820	1720	2.810	12100	2.800	17200	2.790	11000	2.780	18800	2.830	20980	2.840	31630	2.850	30890	2.860	1000	2.870	2480	/16842809//7868693/2735223/2.82/2.97//2008-9-18 13:31:30
55/600091/明天科技/2.820	1300	2.810	12100	2.800	17200	2.790	10000	2.780	17800	2.830	13960	2.840	23630	2.850	30890	2.860	1000	2.870	2480	/16842809//7891369/2743243/2.83/2.97//2008-9-18 13:32:31
55/600091/明天科技/2.830	11010	2.820	300	2.810	18100	2.800	17200	2.790	10000	2.850	27890	2.870	2480	2.880	9600	2.890	5979	2.900	42000	/16842809//8009327/2784833/2.83/2.97//2008-9-18 13:33:31
55/600091/明天科技/2.850	9310	2.840	3900	2.830	11010	2.820	3300	2.810	18100	2.870	1500	2.880	9600	2.890	6959	2.900	42000	2.910	30880	/16842809//8111643/2820723/2.85/2.97//2008-9-18 13:34:32
55/600091/明天科技/2.860	1000	2.850	12810	2.840	4200	2.830	7210	2.820	3300	2.870	9200	2.890	1000	2.900	40559	2.910	1000	2.920	29880	/16842809//8220684/2858523/2.87/2.97//2008-9-18 13:35:32
55/600091/明天科技/2.860	5000	2.850	16010	2.840	1000	2.830	7210	2.820	3800	2.870	6900	2.880	1800	2.890	16300	2.900	41659	2.910	1000	/16842809//8253085/2869823/2.87/2.97//2008-9-18 13:36:33
55/600091/明天科技/2.860	5000	2.850	16010	2.840	1000	2.830	8310	2.820	3800	2.870	11900	2.880	49700	2.890	11000	2.900	41659	2.910	1000	/16842809//8391112/2917823/2.87/2.97//2008-9-18 13:37:34
55/600091/明天科技/2.850	12510	2.840	1000	2.830	9310	2.820	3800	2.810	19300	2.860	16701	2.870	20400	2.880	49700	2.890	1200	2.900	41659	/16842809//8401374/2921423/2.86/2.97//2008-9-18 13:38:34
55/600091/明天科技/2.850	12510	2.840	17500	2.830	9310	2.820	3800	2.810	19300	2.860	15601	2.870	20400	2.880	39100	2.890	9200	2.900	40559	/16842809//8436552/2933723/2.86/2.97//2008-9-18 13:39:35
55/600091/明天科技/2.850	9210	2.840	17500	2.830	9310	2.820	3800	2.810	19300	2.860	11501	2.870	13100	2.880	39100	2.890	9200	2.900	40559	/16842809//8454251/2939923/2.86/2.97//2008-9-18 13:40:35
55/600091/明天科技/2.840	17500	2.830	9310	2.820	6800	2.810	19300	2.800	8800	2.850	1390	2.860	11501	2.870	10100	2.880	35100	2.890	9200	/16842809//8510139/2959533/2.85/2.97//2008-9-18 13:41:36
55/600091/明天科技/2.850	110	2.840	17500	2.830	7210	2.820	6800	2.810	19300	2.860	25701	2.870	10100	2.880	35100	2.890	1200	2.900	40559	/16842809//8521245/2963423/2.85/2.97//2008-9-18 13:42:36
55/600091/明天科技/2.850	12610	2.840	17500	2.830	7210	2.820	6800	2.810	19300	2.860	25701	2.870	10100	2.890	1200	2.900	40559	2.910	1000	/16842809//8521245/2963423/2.85/2.97//2008-9-18 13:43:37
55/600091/明天科技/2.860	40199	2.850	58210	2.840	17500	2.830	10710	2.820	6800	2.870	3500	2.890	7800	2.900	40559	2.910	1000	2.920	29880	/16842809//8621590/2998524/2.86/2.97//2008-9-18 13:44:37
55/600091/明天科技/2.880	300	2.870	5200	2.860	45199	2.850	58210	2.840	3000	2.890	18700	2.900	40559	2.910	1000	2.920	29880	2.930	2000	/16842809//8631924/3002124/2.89/2.97//2008-9-18 13:45:38
55/600091/明天科技/2.870	2200	2.860	30699	2.850	8210	2.840	1000	2.830	10710	2.880	1100	2.890	14500	2.900	40559	2.910	1000	2.920	29880	/16842809//8667072/3014324/2.89/2.97//2008-9-18 13:46:39
55/600091/明天科技/2.870	3800	2.860	12199	2.850	8210	2.840	1000	2.830	10710	2.890	13000	2.900	40559	2.910	1000	2.920	29880	2.930	2000	/16842809//8706163/3027924/2.87/2.97//2008-9-18 13:47:39
55/600091/明天科技/2.870	4800	2.860	18999	2.850	8210	2.840	1000	2.830	10810	2.880	8200	2.890	3000	2.900	40559	2.910	1000	2.920	29880	/16842809//8709932/3029224/2.88/2.97//2008-9-18 13:48:40
55/600091/明天科技/2.860	106999	2.850	8210	2.840	1000	2.830	10810	2.820	22100	2.870	2400	2.880	7900	2.890	3000	2.900	40559	2.910	1000	/16842809//8757911/3045924/2.87/2.97//2008-9-18 13:49:40
55/600091/明天科技/2.870	1300	2.860	105999	2.850	8210	2.840	1000	2.830	7310	2.890	3000	2.900	40559	2.910	1000	2.920	29880	2.930	3000	/16842809//8769685/3050024/2.88/2.97//2008-9-18 13:50:41
55/600091/明天科技/2.870	23200	2.860	96499	2.850	8210	2.840	1000	2.830	7310	2.880	400	2.890	17000	2.900	40559	2.910	1000	2.920	29880	/16842809//8801797/3061224/2.88/2.97//2008-9-18 13:51:41
55/600091/明天科技/2.860	96499	2.850	8210	2.840	1000	2.830	7210	2.820	6000	2.870	12600	2.880	8900	2.890	17000	2.900	40559	2.910	1000	/16842809//8883879/3089824/2.87/2.97//2008-9-18 13:52:42
55/600091/明天科技/2.860	87099	2.850	8210	2.840	1000	2.830	7210	2.820	6000	2.870	12100	2.880	9700	2.890	17000	2.900	40559	2.910	1000	/16842809//8905310/3097324/2.86/2.97//2008-9-18 13:53:42
55/600091/明天科技/2.850	8210	2.840	15500	2.830	7210	2.820	6000	2.810	19300	2.860	1000	2.870	17400	2.880	10700	2.890	13000	2.900	40559	/16842809//8909314/3098724/2.86/2.97//2008-9-18 13:54:43
55/600091/明天科技/2.860	5800	2.850	8210	2.840	15500	2.830	7210	2.820	6000	2.870	17400	2.880	10700	2.890	13000	2.900	18259	2.910	1000	/16842809//8912174/3099724/2.86/2.97//2008-9-18 13:55:44
55/600091/明天科技/2.850	8210	2.840	15500	2.830	9210	2.820	6000	2.810	19300	2.860	4900	2.870	17400	2.880	10700	2.890	13000	2.900	18259	/16842809//8929048/3105624/2.86/2.97//2008-9-18 13:56:44
55/600091/明天科技/2.850	11510	2.840	15700	2.830	12710	2.820	6000	2.810	19300	2.860	700	2.870	12100	2.880	2200	2.890	13000	2.900	18259	/16842809//8941060/3109824/2.86/2.97//2008-9-18 13:57:45
55/600091/明天科技/2.860	11500	2.850	8110	2.840	15700	2.830	12710	2.820	6000	2.870	12100	2.880	2200	2.890	13000	2.900	18259	2.910	1000	/16842809//8975918/3122024/2.86/2.97//2008-9-18 13:58:45
55/600091/明天科技/2.860	11500	2.850	8710	2.840	15700	2.830	12710	2.820	6000	2.870	10100	2.880	3200	2.890	13000	2.900	18259	2.910	1000	/16842809//8981658/3124024/2.87/2.97//2008-9-18 13:59:46
55/600091/明天科技/2.870	40600	2.860	11500	2.850	8710	2.840	15700	2.830	12710	2.880	2400	2.890	13000	2.900	18259	2.910	1000	2.920	30680	/16842809//9010645/3134124/2.87/2.97//2008-9-18 14:0:47
55/600091/明天科技/2.870	36500	2.860	11500	2.850	8710	2.840	15700	2.830	12710	2.890	13000	2.900	18259	2.910	3500	2.920	30680	2.930	2000	/16842809//9030188/3140924/2.88/2.97//2008-9-18 14:1:47
55/600091/明天科技/2.860	7900	2.850	8710	2.840	15700	2.830	12710	2.820	6000	2.870	2900	2.880	28400	2.890	8000	2.900	18259	2.910	2500	/16842809//9140703/3179424/2.87/2.97//2008-9-18 14:2:48
55/600091/明天科技/2.860	7900	2.850	8710	2.840	15700	2.830	12710	2.820	6000	2.870	5700	2.880	28400	2.890	8000	2.900	18259	2.910	2500	/16842809//9140703/3179424/2.87/2.97//2008-9-18 14:3:48
55/600091/明天科技/2.860	1000	2.850	8710	2.840	15700	2.830	12710	2.820	6000	2.870	5500	2.880	28400	2.890	10000	2.900	18259	2.910	2500	/16842809//9167017/3188624/2.86/2.97//2008-9-18 14:4:49
55/600091/明天科技/2.850	8710	2.840	15700	2.830	12710	2.820	6000	2.810	19300	2.860	6400	2.870	5500	2.880	18400	2.890	10000	2.900	18259	/16842809//9169877/3189624/2.86/2.97//2008-9-18 14:5:50
55/600091/明天科技/2.850	9710	2.840	15700	2.830	12710	2.820	6000	2.810	19300	2.860	4600	2.870	5500	2.880	18400	2.890	10000	2.900	18259	/16842809//9184749/3194824/2.86/2.97//2008-9-18 14:6:50
55/600091/明天科技/2.860	1600	2.850	10810	2.840	15700	2.830	12710	2.820	6000	2.870	5500	2.880	18400	2.890	10000	2.900	18259	2.910	2500	/16842809//9199902/3200124/2.86/2.97//2008-9-18 14:7:51
55/600091/明天科技/2.860	5000	2.850	12210	2.840	15700	2.830	12710	2.820	6000	2.880	18400	2.890	10000	2.900	18259	2.910	2500	2.920	30680	/16842809//9210809/3203924/2.86/2.97//2008-9-18 14:8:51
55/600091/明天科技/2.870	1000	2.860	6400	2.850	12710	2.840	3900	2.830	12710	2.880	10800	2.890	10000	2.900	18259	2.910	2500	2.920	30680	/16842809//9232697/3211524/2.88/2.97//2008-9-18 14:9:52
55/600091/明天科技/2.880	17100	2.870	1000	2.860	29300	2.850	12710	2.840	3900	2.890	959	2.910	2500	2.920	30680	2.930	2000	2.940	4300	/16842809//9331321/3245624/2.9/2.97//2008-9-18 14:10:53
55/600091/明天科技/2.890	1041	2.880	16300	2.870	1000	2.860	31200	2.850	12710	2.910	3500	2.920	800	2.930	2000	2.940	4300	2.950	3720	/16842809//9360282/3255583/2.91/2.97//2008-9-18 14:11:53
55/600091/明天科技/2.900	7000	2.890	3541	2.880	9300	2.870	1000	2.860	31200	2.920	11800	2.930	3000	2.940	4300	2.950	3720	2.960	2000	/16842809//9361442/3255983/2.9/2.97//2008-9-18 14:12:54
55/600091/明天科技/2.900	300	2.890	3541	2.880	9300	2.870	1200	2.860	31200	2.910	9800	2.920	17800	2.930	32880	2.940	4300	2.950	23720	/16842809//9383200/3263483/2.9/2.97//2008-9-18 14:13:55
55/600091/明天科技/2.920	1200	2.910	32500	2.890	1041	2.880	8700	2.870	1200	2.930	32880	2.940	4300	2.950	23720	2.960	2000	2.970	7200	/16842809//9478255/3296183/2.92/2.97//2008-9-18 14:14:55
55/600091/明天科技/2.910	33400	2.890	1041	2.880	8700	2.870	1200	2.860	16800	2.920	5800	2.930	3000	2.940	4300	2.950	23720	2.960	2000	/16842809//9485263/3298583/2.92/2.97//2008-9-18 14:15:56
55/600091/明天科技/2.910	37200	2.890	1041	2.880	8700	2.870	200	2.860	16800	2.920	3000	2.930	2000	2.940	10800	2.950	23720	2.960	2000	/16842809//9500153/3303683/2.92/2.97//2008-9-18 14:16:56
55/600091/明天科技/2.910	38400	2.890	41	2.880	8700	2.870	1200	2.860	16800	2.920	2000	2.930	200	2.940	40680	2.950	23720	2.960	4000	/16842809//9508893/3306683/2.92/2.97//2008-9-18 14:17:57
55/600091/明天科技/2.920	6500	2.910	31200	2.890	41	2.880	8700	2.870	1200	2.940	26380	2.950	23720	2.960	5000	2.970	7200	2.980	9575	/16842809//9578198/3330283/2.92/2.97//2008-9-18 14:18:58
55/600091/明天科技/2.940	3820	2.920	8300	2.910	35500	2.890	41	2.880	500	2.950	3720	2.960	5000	2.970	7200	2.980	9575	2.990	55300	/16842809//9673043/3362543/2.94/2.97//2008-9-18 14:19:58
55/600091/明天科技/2.970	6100	2.960	3300	2.950	40300	2.940	16020	2.930	800	2.980	9575	2.990	47300	3.000	85500	3.010	26700	3.020	2399	/16842809//9720681/3378563/2.97/2.97//2008-9-18 14:20:59
55/600091/明天科技/2.970	8500	2.940	7000	2.920	32000	2.910	35500	2.890	41	2.990	40875	3.000	66900	3.010	26700	3.020	2399	3.030	3000	/16842809//9892057/3436063/2.99/2.97//2008-9-18 14:22:0
55/600091/明天科技/2.980	7900	2.970	7400	2.940	7000	2.930	6300	2.920	28000	2.990	16395	3.000	66200	3.010	26700	3.020	2399	3.030	3000	/16842809//10108460/3508563/2.98/2.97//2008-9-18 14:23:0
55/600091/明天科技/2.970	7400	2.940	5000	2.930	61000	2.920	28000	2.910	35500	2.980	22600	2.990	57595	3.000	65000	3.010	26700	3.020	1399	/16842809//10140943/3519463/2.98/2.97//2008-9-18 14:24:1
55/600091/明天科技/2.950	100	2.940	7000	2.930	11000	2.920	28100	2.910	35500	2.970	2400	2.980	20400	2.990	57095	3.000	65100	3.010	26700	/16842809//10165901/3527863/2.97/2.97//2008-9-18 14:25:2
55/600091/明天科技/2.940	7000	2.930	11000	2.920	28100	2.910	35500	2.900	500	2.970	11700	2.980	20400	2.990	57095	3.000	65000	3.010	26700	/16842809//10167683/3528463/2.97/2.97//2008-9-18 14:26:2
55/600091/明天科技/2.940	14500	2.930	9100	2.920	28100	2.910	35500	2.900	19500	2.970	2700	2.980	30400	2.990	57095	3.000	65000	3.010	26700	/16842809//10200314/3539463/2.94/2.97//2008-9-18 14:27:3
55/600091/明天科技/2.940	9700	2.930	9100	2.920	39100	2.910	35500	2.900	19500	2.970	17800	2.980	30400	2.990	47795	3.000	65000	3.010	26700	/16842809//10200314/3539463/2.94/2.97//2008-9-18 14:28:4
55/600091/明天科技/2.930	8100	2.920	38100	2.910	35500	2.900	20300	2.890	41	2.940	7000	2.960	5000	2.970	15800	2.980	24900	2.990	28495	/16842809//10228244/3548963/2.94/2.97//2008-9-18 14:29:4
55/600091/明天科技/2.930	11700	2.920	28100	2.910	35500	2.900	20300	2.890	41	2.940	8700	2.950	19300	2.960	5000	2.970	15800	2.980	24900	/16842809//10228244/3548963/2.94/2.97//2008-9-18 14:30:5
55/600091/明天科技/2.940	6000	2.930	9200	2.920	28600	2.910	35500	2.900	20300	2.950	17300	2.960	5000	2.970	15800	2.980	24900	2.990	28495	/16842809//10278204/3565963/2.94/2.97//2008-9-18 14:31:6
55/600091/明天科技/2.940	3000	2.930	9200	2.920	28600	2.910	35500	2.900	24200	2.950	17300	2.960	5000	2.970	12300	2.980	26900	2.990	28495	/16842809//10289964/3569963/2.94/2.97//2008-9-18 14:32:6
55/600091/明天科技/2.940	3600	2.930	10100	2.920	28600	2.910	35500	2.900	24200	2.950	17000	2.970	10600	2.980	26900	2.990	28495	3.000	65000	/16842809//10290849/3570263/2.95/2.97//2008-9-18 14:33:7
55/600091/明天科技/2.950	57400	2.940	39200	2.930	7000	2.920	28600	2.910	35500	2.970	10600	2.980	16900	2.990	28495	3.000	66500	3.010	27763	/16842809//10345424/3588763/2.95/2.97//2008-9-18 14:34:8
55/600091/明天科技/2.970	7700	2.950	67400	2.940	39200	2.930	3900	2.920	28600	2.980	9800	2.990	37795	3.000	66500	3.010	27763	3.020	32399	/16842809//10370979/3597363/2.98/2.97//2008-9-18 14:35:8
55/600091/明天科技/2.960	7000	2.950	62400	2.940	39200	2.930	3900	2.920	31600	2.970	3300	2.980	12800	2.990	37795	3.000	65500	3.010	27763	/16842809//10402788/3608063/2.97/2.97//2008-9-18 14:36:9
55/600091/明天科技/2.960	7000	2.950	40000	2.940	38600	2.930	4500	2.920	31600	2.970	40800	2.980	15800	2.990	37795	3.000	65500	3.010	27763	/16842809//10429437/3617063/2.96/2.97//2008-9-18 14:37:10
55/600091/明天科技/2.950	1900	2.940	4000	2.930	4500	2.920	31600	2.910	5200	2.960	13800	2.970	31400	2.980	26800	2.990	37795	3.000	65500	/16842809//10589102/3671163/2.95/2.97//2008-9-18 14:38:10
55/600091/明天科技/2.940	4000	2.930	3000	2.920	31600	2.910	13500	2.900	22800	2.950	14500	2.960	13800	2.970	31400	2.980	23800	2.990	37795	/16842809//10595002/3673163/2.95/2.97//2008-9-18 14:39:11
55/600091/明天科技/2.930	3000	2.920	22600	2.910	13500	2.900	22800	2.890	1041	2.940	4400	2.950	12500	2.960	7100	2.970	31400	2.980	34600	/16842809//10611466/3678763/2.94/2.97//2008-9-18 14:40:12
55/600091/明天科技/2.930	5000	2.920	22600	2.910	13500	2.900	22800	2.890	1041	2.940	1400	2.950	12000	2.960	7100	2.970	31400	2.980	34600	/16842809//10621462/3682163/2.94/2.97//2008-9-18 14:41:12
55/600091/明天科技/2.940	4400	2.930	5000	2.920	22600	2.910	13500	2.900	22800	2.950	12000	2.960	7200	2.970	31400	2.980	34600	2.990	38295	/16842809//10629106/3684763/2.94/2.97//2008-9-18 14:42:13
55/600091/明天科技/2.950	17500	2.940	2501	2.930	5500	2.920	22600	2.910	14400	2.960	7200	2.970	31400	2.980	30600	2.990	37295	3.000	65500	/16842809//10642064/3689162/2.95/2.97//2008-9-18 14:43:14
55/600091/明天科技/2.950	16600	2.940	2501	2.930	8500	2.920	22600	2.910	14400	2.960	200	2.970	31400	2.980	20600	2.990	37295	3.000	65500	/16842809//10661590/3695762/2.96/2.97//2008-9-18 14:44:14
55/600091/明天科技/2.940	2501	2.930	15500	2.920	22100	2.910	14500	2.900	22800	2.950	17400	2.960	21900	2.970	31400	2.980	20600	2.990	27995	/16842809//0/0/2.95/2.97//2008-9-18 14:45:15
55/600091/明天科技/2.940	9601	2.930	11500	2.920	22100	2.910	14500	2.900	22800	2.950	17000	2.960	3300	2.970	31400	2.980	19800	2.990	27995	/16842809//10711740/3712762/2.95/2.97//2008-9-18 14:46:16
55/600091/明天科技/2.930	8000	2.920	22100	2.910	14500	2.900	7200	2.890	1041	2.940	17499	2.950	18000	2.960	12600	2.970	31400	2.980	19800	/16842809//10739967/3722363/2.94/2.97//2008-9-18 14:47:16
55/600091/明天科技/2.920	22100	2.910	14500	2.900	10200	2.890	1041	2.880	10500	2.930	7900	2.940	18499	2.950	18000	2.960	11800	2.970	31000	/16842809//10765458/3731063/2.93/2.97//2008-9-18 14:48:17
55/600091/明天科技/2.920	4100	2.910	9200	2.900	10200	2.890	1041	2.880	10500	2.930	10700	2.940	18499	2.950	17000	2.960	11800	2.970	31000	/16842809//10818018/3749063/2.92/2.97//2008-9-18 14:49:18
55/600091/明天科技/2.910	20400	2.900	6300	2.890	1041	2.880	10500	2.870	1000	2.920	11400	2.930	9900	2.940	18499	2.960	11800	2.970	8000	/16842809//10849236/3759763/2.91/2.97//2008-9-18 14:50:18
55/600091/明天科技/2.910	17800	2.900	10600	2.890	1641	2.880	10500	2.870	1000	2.930	9900	2.940	18499	2.960	13800	2.970	10000	2.980	24800	/16842809//10887762/3772963/2.91/2.97//2008-9-18 14:51:19
55/600091/明天科技/2.920	20000	2.910	17800	2.900	10600	2.890	2341	2.880	10500	2.930	9800	2.940	5000	2.950	2000	2.960	13800	2.970	10000	/16842809//10888055/3773063/2.93/2.97//2008-9-18 14:52:20
55/600091/明天科技/2.930	25800	2.920	18500	2.910	17800	2.900	10600	2.890	2341	2.940	5000	2.950	3500	2.960	13800	2.970	10000	2.980	24800	/16842809//10948398/3793663/2.93/2.97//2008-9-18 14:53:21
55/600091/明天科技/2.920	15700	2.910	18300	2.900	10600	2.890	2341	2.880	10500	2.930	10000	2.940	4000	2.950	3500	2.960	13800	2.970	10000	/16842809//11020749/3818363/2.93/2.97//2008-9-18 14:54:21
55/600091/明天科技/2.930	6800	2.920	15700	2.910	18300	2.900	10600	2.890	2341	2.940	4000	2.950	3500	2.960	13800	2.970	10000	2.980	24800	/16842809//11064113/3833163/2.93/2.97//2008-9-18 14:55:22
55/600091/明天科技/2.930	32600	2.920	15700	2.910	20300	2.900	10600	2.890	2341	2.940	4000	2.950	3500	2.960	13800	2.970	10000	2.980	24800	/16842809//11064113/3833163/2.93/2.97//2008-9-18 14:56:23
55/600091/明天科技/2.930	31600	2.920	15700	2.910	20300	2.900	10600	2.890	10341	2.940	6800	2.950	3500	2.960	26300	2.970	17000	2.980	19800	/16842809//11060927/3832063/2.94/2.97//2008-9-18 14:57:23
55/600091/明天科技/2.940	6301	2.930	23500	2.920	15700	2.910	19800	2.900	10600	2.950	11199	2.960	26300	2.970	17000	2.980	19800	2.990	31365	/16842809//11104694/3846961/2.94/2.97//2008-9-18 14:58:24
55/600091/明天科技/2.940	37401	2.930	23500	2.920	15700	2.910	19800	2.900	10600	2.950	11199	2.960	26300	2.970	17000	2.980	19800	2.990	31365	/16842809//11176433/3871362/2.94/2.97//2008-9-18 14:59:25
55/600091/明天科技/2.950	2501	2.940	15601	2.930	23500	2.920	15700	2.910	19800	2.960	26300	2.970	20500	2.980	19800	2.990	31365	3.000	66500	/16842809//11269152/3902861/2.94/2.97//2008-9-18 15:0:26
55/600091/明天科技/2.950	2501	2.940	15601	2.930	23500	2.920	15700	2.910	19800	2.960	26300	2.970	20500	2.980	19800	2.990	31365	3.000	66500	/16842809//11269152/3902861/2.94/2.97//2008-9-18 15:1:26
55/600091/明天科技/2.950	2501	2.940	15601	2.930	23500	2.920	15700	2.910	19800	2.960	26300	2.970	20500	2.980	19800	2.990	31365	3.000	66500	/16842809//11269152/3902861/2.94/2.97//2008-9-18 15:2:27
