58/600095/哈高科/2.780	1300	2.760	100	2.740	2300	2.710	5900	2.700	17300	2.790	6400	2.800	200	2.810	3000	2.820	9600	2.830	5300	/16842813//41653/14900/2.79/2.84//2008-9-18 9:31:34
58/600095/哈高科/2.700	17300	2.660	1300	2.650	2000	2.570	2000	2.560	600	2.710	12900	2.780	500	2.790	1000	2.800	19800	2.810	2400	/16842813//68671/24800/2.71/2.84//2008-9-18 9:32:35
58/600095/哈高科/2.760	30900	2.710	35900	2.700	17600	2.680	1000	2.670	500	2.790	1200	2.800	21340	2.810	2400	2.820	9600	2.830	5600	/16842813//140188/51000/2.76/2.84//2008-9-18 9:33:35
58/600095/哈高科/2.760	10600	2.720	1000	2.710	31100	2.700	17600	2.680	1300	2.790	2000	2.800	20740	2.810	1600	2.820	9600	2.830	5600	/16842813//198436/72100/2.76/2.84//2008-9-18 9:34:35
58/600095/哈高科/2.760	10600	2.720	1000	2.710	31500	2.700	17600	2.680	4700	2.790	3000	2.800	1740	2.810	2430	2.820	6600	2.830	4200	/16842813//198436/72100/2.76/2.84//2008-9-18 9:35:35
58/600095/哈高科/2.760	39100	2.720	4000	2.710	26900	2.700	18600	2.680	4700	2.790	4800	2.800	1740	2.810	2430	2.820	6600	2.830	4200	/16842813//219701/79800/2.76/2.84//2008-9-18 9:36:36
58/600095/哈高科/2.760	38300	2.750	300	2.720	7200	2.710	26400	2.700	18600	2.790	6700	2.800	1740	2.810	2430	2.820	6600	2.830	4200	/16842813//222188/80700/2.79/2.84//2008-9-18 9:37:36
58/600095/哈高科/2.760	38800	2.750	1300	2.720	7800	2.710	26400	2.700	19100	2.790	19100	2.800	1740	2.810	2430	2.820	6600	2.830	4200	/16842813//231938/84200/2.76/2.84//2008-9-18 9:38:36
58/600095/哈高科/2.760	38500	2.750	1300	2.740	2000	2.720	7800	2.710	26000	2.780	2300	2.790	19100	2.800	2740	2.810	2430	2.820	6600	/16842813//239150/86800/2.78/2.84//2008-9-18 9:39:36
58/600095/哈高科/2.770	1400	2.760	32900	2.750	1300	2.740	2000	2.720	7800	2.780	1400	2.790	10100	2.800	2740	2.810	2430	2.820	6600	/16842813//256822/93200/2.77/2.84//2008-9-18 9:40:36
58/600095/哈高科/2.770	4400	2.760	33100	2.750	1300	2.740	2000	2.720	13000	2.780	500	2.790	10100	2.800	19340	2.810	2430	2.820	6600	/16842813//267910/97200/2.77/2.84//2008-9-18 9:41:37
58/600095/哈高科/2.770	4400	2.760	33200	2.750	1300	2.740	2000	2.720	13000	2.780	500	2.790	9800	2.800	19840	2.810	2430	2.820	6600	/16842813//267910/97200/2.77/2.84//2008-9-18 9:42:37
58/600095/哈高科/2.770	4600	2.760	33200	2.750	1300	2.740	2000	2.720	9900	2.780	10500	2.790	9800	2.800	19840	2.810	2430	2.820	6600	/16842813//273450/99200/2.77/2.84//2008-9-18 9:43:37
58/600095/哈高科/2.770	2100	2.760	34200	2.750	1300	2.740	2000	2.720	9900	2.780	10000	2.790	9800	2.800	18300	2.810	2430	2.820	6600	/16842813//280380/101700/2.77/2.84//2008-9-18 9:44:37
58/600095/哈高科/2.770	200	2.760	27300	2.750	1300	2.740	2000	2.720	9900	2.780	16100	2.790	9800	2.800	18300	2.810	2430	2.820	6600	/16842813//317731/115200/2.78/2.84//2008-9-18 9:45:37
58/600095/哈高科/2.750	1300	2.740	2000	2.720	5000	2.710	25000	2.700	33400	2.760	10800	2.770	38700	2.780	300	2.790	8400	2.800	18300	/16842813//363162/131600/2.76/2.84//2008-9-18 9:46:38
58/600095/哈高科/2.760	9000	2.750	600	2.740	2000	2.720	6000	2.710	25100	2.770	5000	2.780	300	2.790	8400	2.800	27900	2.810	2430	/16842813//405382/146900/2.76/2.84//2008-9-18 9:47:38
58/600095/哈高科/2.740	2000	2.720	6000	2.710	27700	2.700	33500	2.690	100	2.750	400	2.760	11200	2.770	5000	2.780	1100	2.790	8600	/16842813//437665/158600/2.76/2.84//2008-9-18 9:48:38
58/600095/哈高科/2.750	900	2.740	2000	2.720	13000	2.710	27700	2.700	33800	2.760	5700	2.770	5000	2.780	1100	2.790	8600	2.800	27900	/16842813//441506/160000/2.75/2.84//2008-9-18 9:49:39
58/600095/哈高科/2.740	17000	2.720	13500	2.710	28700	2.700	35700	2.690	700	2.750	39900	2.760	4700	2.770	5000	2.780	1100	2.790	8600	/16842813//444255/161000/2.74/2.84//2008-9-18 9:50:39
58/600095/哈高科/2.740	17100	2.730	100	2.720	15500	2.710	28800	2.700	37200	2.750	900	2.760	4600	2.770	5000	2.780	1100	2.790	18600	/16842813//559198/202800/2.74/2.84//2008-9-18 9:51:39
58/600095/哈高科/2.730	100	2.720	10500	2.710	28800	2.700	37200	2.690	6700	2.740	16000	2.750	1400	2.760	4600	2.770	5000	2.780	1100	/16842813//569345/206500/2.74/2.84//2008-9-18 9:52:39
58/600095/哈高科/2.710	18800	2.700	37200	2.690	6700	2.680	5700	2.670	500	2.730	1100	2.740	6200	2.750	100	2.760	5000	2.770	5000	/16842813//598974/217400/2.72/2.84//2008-9-18 9:53:40
58/600095/哈高科/2.700	38200	2.690	6700	2.680	5700	2.670	500	2.660	332400	2.710	500	2.720	15000	2.730	1100	2.740	6200	2.750	1100	/16842813//652928/237300/2.71/2.84//2008-9-18 9:54:40
58/600095/哈高科/2.690	6700	2.680	6700	2.670	2000	2.660	333900	2.650	10800	2.700	12000	2.710	7600	2.720	15000	2.730	1100	2.740	6200	/16842813//783112/285500/2.7/2.84//2008-9-18 9:55:40
58/600095/哈高科/2.680	6700	2.670	27400	2.660	333900	2.650	10800	2.600	3500	2.690	10100	2.700	16000	2.710	1500	2.720	15000	2.730	100	/16842813//789030/287700/2.69/2.84//2008-9-18 9:56:41
58/600095/哈高科/2.690	37100	2.680	1200	2.670	36300	2.660	333900	2.650	10800	2.700	2000	2.710	1500	2.720	14500	2.730	100	2.740	6200	/16842813//967644/354200/2.69/2.84//2008-9-18 9:57:41
58/600095/哈高科/2.700	4100	2.690	50200	2.680	3900	2.670	36300	2.660	335900	2.710	2500	2.720	14500	2.730	7400	2.740	6200	2.750	100	/16842813//950998/348000/2.7/2.84//2008-9-18 9:58:41
58/600095/哈高科/2.700	3000	2.690	35300	2.680	7800	2.670	36300	2.660	336400	2.710	1800	2.720	14500	2.730	7400	2.740	6200	2.760	500	/16842813//972642/356000/2.7/2.84//2008-9-18 9:59:41
58/600095/哈高科/2.700	11101	2.690	100	2.680	5400	2.670	38300	2.660	336400	2.710	2700	2.720	15500	2.730	7400	2.740	1000	2.760	1000	/16842813//978579/358199/2.7/2.84//2008-9-18 10:0:42
58/600095/哈高科/2.700	1601	2.690	100	2.680	4400	2.670	39900	2.660	336400	2.710	2300	2.720	15500	2.730	7400	2.740	1000	2.760	1000	/16842813//1037173/379899/2.7/2.84//2008-9-18 10:1:42
58/600095/哈高科/2.680	8400	2.670	39900	2.660	336400	2.650	11800	2.640	800	2.690	200	2.700	1164	2.710	4500	2.720	1000	2.730	7400	/16842813//1057137/387300/2.7/2.68//2008-9-18 10:2:42
58/600095/哈高科/2.680	4600	2.670	37400	2.660	336400	2.650	11800	2.640	800	2.690	300	2.700	1164	2.710	4500	2.720	1000	2.730	7400	/16842813//1062461/389300/2.68/2.68//2008-9-18 10:3:42
58/600095/哈高科/2.670	37400	2.660	336400	2.650	11800	2.640	800	2.620	75600	2.680	2000	2.690	300	2.700	764	2.710	4500	2.720	1000	/16842813//1099445/403100/2.68/2.68//2008-9-18 10:4:43
58/600095/哈高科/2.690	1500	2.680	26400	2.670	40200	2.660	336400	2.650	11800	2.700	764	2.710	3800	2.720	1000	2.730	7400	2.740	1000	/16842813//1094088/401100/2.69/2.68//2008-9-18 10:5:43
58/600095/哈高科/2.670	40200	2.660	334900	2.650	11800	2.640	800	2.630	500	2.680	7700	2.690	7100	2.700	764	2.710	3800	2.720	1000	/16842813//1216377/446700/2.68/2.68//2008-9-18 10:6:43
58/600095/哈高科/2.670	34200	2.660	334900	2.650	12000	2.640	800	2.630	500	2.680	6800	2.690	4500	2.700	1464	2.710	3800	2.730	7400	/16842813//1267773/465900/2.67/2.68//2008-9-18 10:7:44
58/600095/哈高科/2.670	16500	2.660	334900	2.650	11800	2.640	800	2.630	500	2.680	7800	2.690	4000	2.700	1464	2.710	3800	2.730	7400	/16842813//1317173/484400/2.67/2.68//2008-9-18 10:8:44
58/600095/哈高科/2.660	334700	2.650	12800	2.640	800	2.630	500	2.620	75600	2.670	35400	2.700	1964	2.710	3800	2.730	7400	2.740	4100	/16842813//1416605/521600/2.67/2.68//2008-9-18 10:9:44
58/600095/哈高科/2.670	5900	2.660	348000	2.650	12800	2.640	800	2.630	500	2.700	1964	2.710	3800	2.730	7400	2.740	4100	2.750	2800	/16842813//1515650/558700/2.68/2.68//2008-9-18 10:10:44
58/600095/哈高科/2.680	1500	2.670	10400	2.660	5100	2.650	13800	2.640	800	2.700	3564	2.710	3800	2.730	7400	2.740	4100	2.750	4300	/16842813//1521050/560700/2.7/2.68//2008-9-18 10:11:45
58/600095/哈高科/2.680	11500	2.670	12300	2.660	7100	2.650	30800	2.640	800	2.700	2264	2.710	3800	2.730	7400	2.740	4100	2.750	4300	/16842813//1528578/563500/2.68/2.68//2008-9-18 10:12:45
58/600095/哈高科/2.700	36	2.680	11700	2.670	9300	2.660	8100	2.650	13900	2.710	3800	2.720	7300	2.730	7400	2.740	4100	2.750	4300	/16842813//1539830/567664/2.7/2.68//2008-9-18 10:13:45
58/600095/哈高科/2.680	32583	2.670	8900	2.660	8100	2.650	13900	2.640	800	2.700	6464	2.710	3800	2.720	7300	2.730	100	2.740	4100	/16842813//1541591/568317/2.7/2.68//2008-9-18 10:14:46
58/600095/哈高科/2.670	7901	2.660	4600	2.650	13900	2.640	800	2.630	500	2.680	24217	2.700	8164	2.710	10500	2.720	7300	2.730	1000	/16842813//1650378/608898/2.67/2.68//2008-9-18 10:15:46
58/600095/哈高科/2.670	7901	2.660	4800	2.650	14000	2.640	800	2.630	17600	2.680	39417	2.700	8164	2.710	10500	2.720	7400	2.730	1000	/16842813//1674510/617899/2.68/2.68//2008-9-18 10:16:46
58/600095/哈高科/2.670	20301	2.660	4800	2.650	13900	2.640	800	2.630	500	2.680	15517	2.700	7164	2.710	10500	2.720	7400	2.730	1000	/16842813//1732104/639399/2.68/2.68//2008-9-18 10:17:47
58/600095/哈高科/2.670	22301	2.660	5500	2.650	13900	2.640	800	2.630	500	2.680	7617	2.700	7164	2.710	10500	2.720	7400	2.730	1000	/16842813//1764253/651399/2.68/2.68//2008-9-18 10:18:47
58/600095/哈高科/2.680	28583	2.670	23201	2.660	10400	2.650	13900	2.640	800	2.700	7164	2.710	10500	2.720	7400	2.730	1000	2.740	6600	/16842813//1780961/657633/2.68/2.68//2008-9-18 10:19:47
58/600095/哈高科/2.680	12383	2.670	7201	2.660	10400	2.650	13900	2.640	800	2.700	22164	2.710	10500	2.720	7300	2.730	900	2.740	6600	/16842813//1826508/674616/2.7/2.68//2008-9-18 10:20:48
58/600095/哈高科/2.690	7300	2.680	15100	2.670	9201	2.660	10700	2.650	13900	2.700	24264	2.710	9600	2.720	7300	2.730	900	2.740	6600	/16842813//1826776/674716/2.68/2.68//2008-9-18 10:21:48
58/600095/哈高科/2.690	6500	2.680	14100	2.670	9201	2.660	10700	2.650	14400	2.700	22264	2.710	9600	2.720	7300	2.730	900	2.740	6600	/16842813//1833247/677116/2.7/2.68//2008-9-18 10:22:48
58/600095/哈高科/2.700	5636	2.690	5300	2.680	8100	2.670	9201	2.660	10700	2.710	9600	2.720	7300	2.730	900	2.740	6600	2.750	4300	/16842813//1909008/705180/2.7/2.68//2008-9-18 10:23:48
58/600095/哈高科/2.700	836	2.690	5200	2.680	8100	2.670	9201	2.660	10700	2.710	9500	2.720	22300	2.740	6600	2.750	4300	2.760	17900	/16842813//1916029/707780/2.7/2.68//2008-9-18 10:24:49
58/600095/哈高科/2.700	4136	2.680	9100	2.670	9801	2.660	10700	2.650	14500	2.710	11820	2.720	22300	2.740	6600	2.750	4300	2.760	17900	/16842813//1942967/717780/2.7/2.68//2008-9-18 10:25:49
58/600095/哈高科/2.700	2336	2.690	3000	2.680	9100	2.670	9801	2.660	16100	2.710	11720	2.720	22300	2.740	6600	2.750	7300	2.760	17900	/16842813//1961598/724680/2.7/2.68//2008-9-18 10:26:49
58/600095/哈高科/2.700	136	2.690	3000	2.680	9100	2.670	9801	2.660	16100	2.710	12720	2.720	22300	2.740	6600	2.750	8000	2.760	17900	/16842813//1969968/727780/2.7/2.68//2008-9-18 10:27:50
58/600095/哈高科/2.700	1236	2.690	3000	2.680	9100	2.670	11801	2.660	15800	2.710	12720	2.720	23300	2.740	6600	2.750	8000	2.760	17900	/16842813//1971858/728480/2.7/2.68//2008-9-18 10:28:50
58/600095/哈高科/2.700	2636	2.690	3000	2.680	9100	2.670	11801	2.660	15800	2.710	12720	2.720	23300	2.740	6600	2.750	8000	2.760	17900	/16842813//1981578/732080/2.7/2.68//2008-9-18 10:29:50
58/600095/哈高科/2.700	1736	2.690	3000	2.680	7100	2.670	11801	2.660	14800	2.710	12220	2.720	23300	2.740	6600	2.750	8000	2.760	17900	/16842813//1985363/733480/2.7/2.68//2008-9-18 10:30:51
58/600095/哈高科/2.690	3000	2.680	7100	2.670	11801	2.660	14800	2.650	14600	2.700	864	2.710	12220	2.720	24000	2.740	6600	2.750	8000	/16842813//1990050/735216/2.7/2.68//2008-9-18 10:31:51
58/600095/哈高科/2.680	9236	2.670	11401	2.660	15500	2.650	14600	2.640	800	2.700	1100	2.710	11120	2.720	24000	2.740	6600	2.750	8000	/16842813//2026078/748580/2.68/2.68//2008-9-18 10:32:51
58/600095/哈高科/2.680	9436	2.670	9401	2.660	10100	2.650	14600	2.640	800	2.700	1100	2.710	11120	2.720	24000	2.740	6600	2.750	8000	/16842813//2030902/750380/2.68/2.68//2008-9-18 10:33:52
58/600095/哈高科/2.680	8736	2.670	9401	2.660	10100	2.650	14600	2.640	800	2.700	44300	2.710	16120	2.720	24000	2.740	6600	2.750	8000	/16842813//2038406/753180/2.68/2.68//2008-9-18 10:34:52
58/600095/哈高科/2.670	9401	2.660	10100	2.650	14600	2.640	800	2.630	500	2.680	17964	2.700	51242	2.710	16120	2.720	24000	2.740	6600	/16842813//2081651/769316/2.68/2.68//2008-9-18 10:35:52
58/600095/哈高科/2.680	12436	2.670	9401	2.660	10600	2.650	14600	2.640	800	2.700	51042	2.710	16120	2.720	24000	2.740	6600	2.750	8700	/16842813//2109695/779780/2.68/2.68//2008-9-18 10:36:53
58/600095/哈高科/2.680	8136	2.670	9401	2.660	10900	2.650	14600	2.640	1100	2.700	51542	2.710	17620	2.720	24000	2.740	6600	2.750	8700	/16842813//2121219/784080/2.68/2.68//2008-9-18 10:37:53
58/600095/哈高科/2.680	136	2.670	9401	2.660	10900	2.650	15300	2.640	1100	2.690	3300	2.700	56542	2.710	17620	2.720	24000	2.740	6600	/16842813//2142659/792080/2.68/2.68//2008-9-18 10:38:53
58/600095/哈高科/2.670	9901	2.660	10900	2.650	15300	2.640	1100	2.630	500	2.680	8064	2.690	3300	2.700	56042	2.710	17620	2.720	24000	/16842813//2146767/793616/2.68/2.68//2008-9-18 10:39:54
58/600095/哈高科/2.670	7901	2.660	10900	2.650	15300	2.640	1100	2.630	500	2.680	4564	2.690	3300	2.700	56042	2.710	17620	2.720	24000	/16842813//2172177/803116/2.68/2.68//2008-9-18 10:40:54
58/600095/哈高科/2.670	7901	2.660	10900	2.650	15300	2.640	1100	2.630	500	2.680	3964	2.690	8300	2.700	58042	2.710	17620	2.720	24000	/16842813//2173517/803616/2.68/2.68//2008-9-18 10:41:54
58/600095/哈高科/2.670	8401	2.660	11900	2.650	15300	2.640	1100	2.630	500	2.680	964	2.690	8300	2.700	58042	2.710	17620	2.720	24000	/16842813//2181557/806616/2.68/2.68//2008-9-18 10:42:55
58/600095/哈高科/2.670	8401	2.660	11900	2.650	15300	2.640	1100	2.630	500	2.680	6764	2.690	9000	2.700	58042	2.710	17620	2.720	24000	/16842813//2187453/808816/2.68/2.68//2008-9-18 10:43:55
58/600095/哈高科/2.680	6000	2.670	8237	2.660	11900	2.650	15300	2.640	1100	2.690	9000	2.700	58042	2.710	17620	2.720	24000	2.740	6600	/16842813//2218978/820580/2.67/2.68//2008-9-18 10:44:56
58/600095/哈高科/2.670	8237	2.660	11900	2.650	15300	2.640	1100	2.630	500	2.680	4000	2.690	9000	2.700	15642	2.710	17620	2.720	24000	/16842813//2235058/826580/2.68/2.68//2008-9-18 10:45:56
58/600095/哈高科/2.660	7600	2.650	15300	2.640	1100	2.630	500	2.620	75700	2.670	38663	2.680	9000	2.690	9000	2.700	15642	2.710	17620	/16842813//2268489/839117/2.66/2.68//2008-9-18 10:46:56
58/600095/哈高科/2.650	11300	2.640	1100	2.630	500	2.620	75700	2.610	1600	2.660	9500	2.670	42663	2.680	9000	2.690	9000	2.700	15642	/16842813//2287109/846117/2.66/2.68//2008-9-18 10:47:57
58/600095/哈高科/2.620	60200	2.610	2600	2.600	54300	2.590	12100	2.580	24700	2.640	4000	2.650	11100	2.660	1700	2.670	40663	2.680	9000	/16842813//2407236/891817/2.62/2.68//2008-9-18 10:48:57
58/600095/哈高科/2.630	2500	2.620	52200	2.610	46600	2.600	54000	2.590	12000	2.640	4500	2.650	11000	2.660	1700	2.670	40663	2.680	9000	/16842813//2390994/885617/2.62/2.68//2008-9-18 10:49:57
58/600095/哈高科/2.630	1900	2.620	52200	2.610	46600	2.600	56300	2.590	12000	2.640	4000	2.650	11000	2.660	1700	2.670	40663	2.680	9000	/16842813//2396785/887817/2.63/2.68//2008-9-18 10:50:58
58/600095/哈高科/2.630	10600	2.620	53800	2.610	46600	2.600	56300	2.590	13800	2.640	3000	2.650	11000	2.660	200	2.670	43663	2.680	9000	/16842813//2399415/888817/2.63/2.68//2008-9-18 10:51:58
58/600095/哈高科/2.630	10700	2.620	53800	2.610	46600	2.600	63800	2.590	13800	2.640	4900	2.650	11000	2.660	200	2.670	43663	2.680	5000	/16842813//2410228/892917/2.63/2.68//2008-9-18 10:52:58
58/600095/哈高科/2.610	2300	2.600	52846	2.590	12000	2.580	25700	2.570	12200	2.630	600	2.640	5200	2.650	11000	2.660	200	2.670	43663	/16842813//2731270/1015671/2.63/2.68//2008-9-18 10:53:59
58/600095/哈高科/2.630	1200	2.610	3300	2.600	53046	2.590	13600	2.580	25700	2.640	4700	2.650	10000	2.660	200	2.670	7000	2.680	5000	/16842813//2739954/1018971/2.63/2.68//2008-9-18 10:54:59
58/600095/哈高科/2.620	100	2.610	5300	2.600	53046	2.590	13600	2.580	26000	2.630	29800	2.640	17400	2.650	46663	2.660	200	2.670	7000	/16842813//2743899/1020471/2.63/2.68//2008-9-18 10:56:0
58/600095/哈高科/2.580	26000	2.570	12800	2.560	49400	0.000	0	0.000	0	2.590	6300	2.600	150200	2.620	5300	2.630	11900	2.640	7700	/16842813//2914447/1086071/2.59/2.68//2008-9-18 10:57:0
58/600095/哈高科/2.570	15800	2.560	62600	0.000	0	0.000	0	0.000	0	2.580	18300	2.590	27100	2.600	186863	2.620	4900	2.630	7100	/16842813//2982563/1112471/2.58/2.68//2008-9-18 10:58:0
58/600095/哈高科/2.560	66000	0.000	0	0.000	0	0.000	0	0.000	0	2.570	32100	2.580	3100	2.590	21000	2.600	36663	2.620	4900	/16842813//3085710/1152671/2.57/2.68//2008-9-18 10:59:1
58/600095/哈高科/2.560	58580	0.000	0	0.000	0	0.000	0	0.000	0	2.570	12300	2.580	3100	2.590	21000	2.600	36663	2.620	4900	/16842813//3259557/1220491/2.57/2.68//2008-9-18 11:0:1
58/600095/哈高科/2.560	27581	0.000	0	0.000	0	0.000	0	0.000	0	2.570	10600	2.580	3100	2.590	20000	2.600	36663	2.620	4900	/16842813//3316387/1242690/2.56/2.68//2008-9-18 11:1:2
58/600095/哈高科/2.560	33781	0.000	0	0.000	0	0.000	0	0.000	0	2.570	1800	2.580	3100	2.590	20000	2.600	36663	2.620	5900	/16842813//3354363/1257490/2.57/2.68//2008-9-18 11:2:2
58/600095/哈高科/2.570	3300	2.560	36481	0.000	0	0.000	0	0.000	0	2.580	2100	2.590	20000	2.600	36663	2.620	4900	2.630	7100	/16842813//3411917/1279890/2.57/2.68//2008-9-18 11:3:2
58/600095/哈高科/2.570	5200	2.560	38881	0.000	0	0.000	0	0.000	0	2.580	1100	2.590	20000	2.600	36663	2.620	4900	2.630	7100	/16842813//3414497/1280890/2.58/2.68//2008-9-18 11:4:3
58/600095/哈高科/2.560	53281	0.000	0	0.000	0	0.000	0	0.000	0	2.580	1600	2.590	20000	2.600	36663	2.620	4900	2.630	7100	/16842813//3438936/1290390/2.58/2.68//2008-9-18 11:5:3
58/600095/哈高科/2.560	50281	0.000	0	0.000	0	0.000	0	0.000	0	2.570	500	2.580	900	2.590	20000	2.600	36663	2.620	4900	/16842813//3463872/1300090/2.57/2.68//2008-9-18 11:6:4
58/600095/哈高科/2.580	1600	2.570	1800	2.560	65981	0.000	0	0.000	0	2.590	20000	2.600	36663	2.620	4900	2.630	7100	2.640	4700	/16842813//3468237/1301790/2.58/2.68//2008-9-18 11:7:4
58/600095/哈高科/2.580	3800	2.570	10600	2.560	58481	0.000	0	0.000	0	2.590	12000	2.600	36663	2.620	4900	2.630	7100	2.640	2700	/16842813//3489216/1309890/2.59/2.68//2008-9-18 11:8:4
58/600095/哈高科/2.600	2537	2.580	3900	2.570	10700	2.560	58481	0.000	0	2.620	1600	2.640	2700	2.660	200	2.670	7000	2.700	25242	/16842813//3626606/1362753/2.62/2.68//2008-9-18 11:9:5
58/600095/哈高科/2.610	1037	2.600	500	2.590	1300	2.580	12400	2.570	10700	2.620	200	2.640	2700	2.660	200	2.670	7000	2.690	4500	/16842813//3648401/1371116/2.62/2.68//2008-9-18 11:10:5
58/600095/哈高科/2.600	900	2.590	1400	2.580	18400	2.570	11400	2.560	82481	2.610	563	2.620	1200	2.640	2700	2.660	2200	2.670	7000	/16842813//3646500/1370390/2.61/2.68//2008-9-18 11:11:6
58/600095/哈高科/2.600	1000	2.590	1400	2.580	18400	2.570	10400	2.560	82481	2.610	5463	2.620	1200	2.640	2700	2.650	1500	2.660	12200	/16842813//3646761/1370490/2.61/2.68//2008-9-18 11:12:6
58/600095/哈高科/2.600	1800	2.590	3400	2.580	18400	2.570	9700	2.560	97781	2.610	4863	2.620	1200	2.640	2700	2.650	1500	2.660	12200	/16842813//3649887/1371690/2.6/2.68//2008-9-18 11:13:7
58/600095/哈高科/2.590	2400	2.580	18400	2.570	11200	2.560	100981	0.000	0	2.600	5385	2.610	4863	2.620	1200	2.640	2700	2.650	1500	/16842813//3658457/1374990/2.59/2.68//2008-9-18 11:14:7
58/600095/哈高科/2.580	18400	2.570	11200	2.560	100981	0.000	0	0.000	0	2.610	4863	2.620	1200	2.640	2700	2.650	1500	2.660	12200	/16842813//3667272/1378390/2.6/2.68//2008-9-18 11:15:7
58/600095/哈高科/2.580	18400	2.570	11200	2.560	96181	0.000	0	0.000	0	2.600	7489	2.610	4863	2.620	1200	2.640	2700	2.650	1500	/16842813//3667272/1378390/2.6/2.68//2008-9-18 11:16:8
58/600095/哈高科/2.560	63081	0.000	0	0.000	0	0.000	0	0.000	0	2.600	11389	2.610	4863	2.620	1200	2.640	2700	2.650	8600	/16842813//3984548/1501990/2.56/2.68//2008-9-18 11:17:8
58/600095/哈高科/2.570	17000	2.560	67481	0.000	0	0.000	0	0.000	0	2.590	1300	2.600	30389	2.610	4863	2.620	1200	2.640	2700	/16842813//3828769/1441290/2.59/2.68//2008-9-18 11:18:9
58/600095/哈高科/2.570	10000	2.560	62581	0.000	0	0.000	0	0.000	0	2.590	1200	2.600	30389	2.610	4863	2.620	1200	2.640	2700	/16842813//3838310/1444990/2.59/2.68//2008-9-18 11:19:9
58/600095/哈高科/2.570	16400	2.560	63581	0.000	0	0.000	0	0.000	0	2.590	1900	2.600	23089	2.610	4863	2.620	1200	2.640	2700	/16842813//3873657/1458590/2.59/2.68//2008-9-18 11:20:10
58/600095/哈高科/2.570	16100	2.560	73381	0.000	0	0.000	0	0.000	0	2.590	3900	2.600	23089	2.610	4863	2.620	1200	2.640	2700	/16842813//3879311/1460790/2.57/2.68//2008-9-18 11:21:10
58/600095/哈高科/2.570	16100	2.560	82681	0.000	0	0.000	0	0.000	0	2.590	7900	2.600	26689	2.610	4863	2.620	1200	2.640	2700	/16842813//3880601/1461290/2.58/2.68//2008-9-18 11:22:10
58/600095/哈高科/2.560	83681	0.000	0	0.000	0	0.000	0	0.000	0	2.570	9800	2.590	6800	2.600	26689	2.610	4863	2.620	1200	/16842813//3941018/1484790/2.57/2.68//2008-9-18 11:23:11
58/600095/哈高科/2.570	7200	2.560	82781	0.000	0	0.000	0	0.000	0	2.590	6800	2.600	26689	2.610	4863	2.620	2200	2.640	2700	/16842813//3972876/1497190/2.57/2.68//2008-9-18 11:24:11
58/600095/哈高科/2.570	9300	2.560	87881	0.000	0	0.000	0	0.000	0	2.590	6600	2.600	26689	2.610	4863	2.620	2200	2.630	10000	/16842813//3954637/1490090/2.59/2.68//2008-9-18 11:25:12
58/600095/哈高科/2.570	11200	2.560	91181	0.000	0	0.000	0	0.000	0	2.590	6800	2.600	34552	2.620	2200	2.630	10000	2.640	2700	/16842813//3954637/1490090/2.59/2.68//2008-9-18 11:26:12
58/600095/哈高科/2.580	1800	2.570	11200	2.560	86181	0.000	0	0.000	0	2.590	7000	2.600	34552	2.620	2200	2.630	10000	2.640	2700	/16842813//3961371/1492690/2.59/2.68//2008-9-18 11:27:13
58/600095/哈高科/2.580	1300	2.570	11900	2.560	86181	0.000	0	0.000	0	2.590	15542	2.600	26689	2.620	2200	2.630	10000	2.640	2700	/16842813//3967841/1495190/2.59/2.68//2008-9-18 11:28:13
58/600095/哈高科/2.570	11900	2.560	86581	0.000	0	0.000	0	0.000	0	2.580	1200	2.590	15142	2.600	26689	2.620	2200	2.630	10000	/16842813//3967577/1495090/2.58/2.68//2008-9-18 11:29:14
58/600095/哈高科/2.570	2200	2.560	83981	0.000	0	0.000	0	0.000	0	2.580	1500	2.590	14942	2.600	26689	2.620	2200	2.630	10000	/16842813//3998693/1507190/2.57/2.68//2008-9-18 11:30:14
58/600095/哈高科/2.570	2200	2.560	83981	0.000	0	0.000	0	0.000	0	2.580	1500	2.590	14942	2.600	26689	2.620	2200	2.630	10000	/16842813//3998693/1507190/2.57/2.68//2008-9-18 11:31:15
58/600095/哈高科/2.560	70381	0.000	0	0.000	0	0.000	0	0.000	0	2.570	9703	2.590	14142	2.600	27689	2.620	7500	2.630	10000	/16842813//4107421/1549490/2.56/2.68//2008-9-18 13:1:15
58/600095/哈高科/2.560	61381	0.000	0	0.000	0	0.000	0	0.000	0	2.570	9703	2.590	9642	2.600	27689	2.620	7500	2.630	10000	/16842813//4127901/1557490/2.56/2.68//2008-9-18 13:2:16
58/600095/哈高科/2.560	63481	0.000	0	0.000	0	0.000	0	0.000	0	2.570	5803	2.590	9642	2.600	27689	2.620	7500	2.630	10000	/16842813//4139466/1561990/2.57/2.68//2008-9-18 13:3:16
58/600095/哈高科/2.570	1597	2.560	62781	0.000	0	0.000	0	0.000	0	2.590	9642	2.600	27689	2.620	15200	2.630	10000	2.640	2700	/16842813//4161567/1570593/2.57/2.68//2008-9-18 13:4:17
58/600095/哈高科/2.570	4197	2.560	61781	0.000	0	0.000	0	0.000	0	2.590	9642	2.600	27689	2.620	15200	2.630	10000	2.640	2700	/16842813//4161824/1570693/2.57/2.68//2008-9-18 13:5:17
58/600095/哈高科/2.570	6797	2.560	61781	0.000	0	0.000	0	0.000	0	2.590	9642	2.600	27689	2.620	15200	2.630	10000	2.640	2700	/16842813//4161824/1570693/2.57/2.68//2008-9-18 13:6:18
58/600095/哈高科/2.580	500	2.570	6897	2.560	62281	0.000	0	0.000	0	2.590	9742	2.600	27689	2.620	15200	2.630	10000	2.640	2700	/16842813//4161824/1570693/2.57/2.68//2008-9-18 13:7:18
58/600095/哈高科/2.580	2700	2.570	7997	2.560	62781	0.000	0	0.000	0	2.590	28191	2.600	9600	2.620	15200	2.630	10000	2.640	2700	/16842813//4161824/1570693/2.57/2.68//2008-9-18 13:8:19
58/600095/哈高科/2.580	1800	2.570	8497	2.560	65781	0.000	0	0.000	0	2.590	28191	2.600	9600	2.620	15200	2.630	10000	2.640	2700	/16842813//4164146/1571593/2.58/2.68//2008-9-18 13:9:19
58/600095/哈高科/2.580	3700	2.570	16997	2.560	66781	0.000	0	0.000	0	2.590	28191	2.600	12700	2.620	15200	2.630	10000	2.640	2700	/16842813//4164146/1571593/2.58/2.68//2008-9-18 13:10:20
58/600095/哈高科/2.570	17997	2.560	67881	0.000	0	0.000	0	0.000	0	2.580	900	2.590	28191	2.600	12700	2.620	15200	2.630	10000	/16842813//4173950/1575393/2.58/2.68//2008-9-18 13:11:20
58/600095/哈高科/2.580	2580	2.570	19397	2.560	68081	0.000	0	0.000	0	2.590	28191	2.600	12700	2.620	15200	2.630	10000	2.640	2700	/16842813//4176581/1576413/2.58/2.68//2008-9-18 13:12:21
58/600095/哈高科/2.570	18397	2.560	68081	0.000	0	0.000	0	0.000	0	2.580	13820	2.590	28191	2.600	12700	2.620	15200	2.630	10000	/16842813//4186592/1580293/2.58/2.68//2008-9-18 13:13:21
58/600095/哈高科/2.580	1000	2.570	18397	2.560	67581	0.000	0	0.000	0	2.590	29191	2.600	12700	2.620	15200	2.630	10000	2.640	2700	/16842813//4231535/1597713/2.58/2.68//2008-9-18 13:14:22
58/600095/哈高科/2.570	16197	2.560	67781	0.000	0	0.000	0	0.000	0	2.580	11380	2.590	29491	2.600	13100	2.620	15200	2.630	10000	/16842813//4237209/1599913/2.57/2.68//2008-9-18 13:15:22
58/600095/哈高科/2.570	16997	2.560	67781	0.000	0	0.000	0	0.000	0	2.580	14380	2.590	29191	2.600	13100	2.620	15200	2.630	10000	/16842813//4237723/1600113/2.57/2.68//2008-9-18 13:16:23
58/600095/哈高科/2.570	16997	2.560	63981	0.000	0	0.000	0	0.000	0	2.580	14380	2.590	29191	2.600	13100	2.620	15200	2.630	10000	/16842813//4237723/1600113/2.57/2.68//2008-9-18 13:17:23
58/600095/哈高科/2.570	16897	2.560	61981	0.000	0	0.000	0	0.000	0	2.580	5200	2.590	29191	2.600	13700	2.620	15200	2.630	10000	/16842813//4261458/1609313/2.58/2.68//2008-9-18 13:18:24
58/600095/哈高科/2.570	16897	2.560	61981	0.000	0	0.000	0	0.000	0	2.580	5200	2.590	29191	2.600	13700	2.620	15200	2.630	10000	/16842813//4261458/1609313/2.58/2.68//2008-9-18 13:19:24
58/600095/哈高科/2.570	5197	2.560	61981	0.000	0	0.000	0	0.000	0	2.580	5200	2.590	29191	2.600	13700	2.620	15200	2.630	10000	/16842813//4291784/1621113/2.57/2.68//2008-9-18 13:20:25
58/600095/哈高科/2.580	2500	2.570	16297	2.560	61981	0.000	0	0.000	0	2.590	29191	2.600	13700	2.620	15200	2.630	10000	2.640	2700	/16842813//4308808/1627713/2.58/2.68//2008-9-18 13:21:25
58/600095/哈高科/2.580	1500	2.570	18297	2.560	61981	0.000	0	0.000	0	2.590	28691	2.600	13700	2.620	15200	2.630	10000	2.640	2700	/16842813//4312165/1629013/2.59/2.68//2008-9-18 13:22:26
58/600095/哈高科/2.580	1500	2.570	5500	2.560	61981	0.000	0	0.000	0	2.590	28391	2.600	21600	2.620	15200	2.630	10000	2.640	2700	/16842813//4313719/1629613/2.59/2.68//2008-9-18 13:23:26
58/600095/哈高科/2.580	1500	2.570	5500	2.560	61981	0.000	0	0.000	0	2.590	7691	2.600	21100	2.620	15200	2.630	10000	2.640	2700	/16842813//4367332/1650313/2.59/2.68//2008-9-18 13:24:27
58/600095/哈高科/2.590	5719	2.580	16100	2.570	5500	2.560	265581	0.000	0	2.600	20700	2.620	14200	2.630	10000	2.640	2700	2.650	20768	/16842813//4392151/1659894/2.6/2.68//2008-9-18 13:25:27
58/600095/哈高科/2.610	1800	2.600	18600	2.590	5719	2.580	17100	2.570	5500	2.620	3500	2.630	10000	2.640	2700	2.650	22468	2.660	12000	/16842813//4446491/1680794/2.6/2.68//2008-9-18 13:26:28
58/600095/哈高科/2.610	1200	2.600	21200	2.590	5719	2.580	17100	2.570	5500	2.620	2200	2.630	10000	2.640	9700	2.650	28968	2.660	12000	/16842813//4450938/1682494/2.62/2.68//2008-9-18 13:27:28
58/600095/哈高科/2.600	22700	2.590	5719	2.580	17100	2.570	5500	2.560	268581	2.610	200	2.620	700	2.630	10000	2.640	9700	2.650	29468	/16842813//4460871/1686294/2.61/2.68//2008-9-18 13:28:29
58/600095/哈高科/2.600	16100	2.590	8619	2.580	4500	2.570	18100	2.560	269081	2.610	3900	2.620	3200	2.630	10000	2.640	9700	2.650	29468	/16842813//4488702/1696994/2.6/2.68//2008-9-18 13:29:29
58/600095/哈高科/2.590	2900	2.580	4700	2.570	18100	2.560	269081	0.000	0	2.600	4400	2.610	3900	2.620	3200	2.630	10000	2.640	9700	/16842813//4526662/1711594/2.6/2.68//2008-9-18 13:30:30
58/600095/哈高科/2.580	2700	2.570	18100	2.560	269081	0.000	0	0.000	0	2.600	3000	2.610	5200	2.620	3200	2.630	10000	2.640	9700	/16842813//4530302/1712994/2.6/2.68//2008-9-18 13:31:30
58/600095/哈高科/2.590	1800	2.580	2700	2.570	18400	2.560	269081	0.000	0	2.600	3000	2.610	3900	2.620	3200	2.630	10000	2.640	9700	/16842813//4530820/1713194/2.59/2.68//2008-9-18 13:32:31
58/600095/哈高科/2.580	6800	2.570	18600	2.560	274081	0.000	0	0.000	0	2.590	5700	2.610	3900	2.620	3200	2.630	10000	2.640	5700	/16842813//4588912/1735594/2.59/2.68//2008-9-18 13:33:31
58/600095/哈高科/2.610	4300	2.600	1200	2.590	3100	2.580	14700	2.570	18600	2.630	10000	2.640	10700	2.650	22968	2.660	13000	2.670	7000	/16842813//4639231/1754894/2.61/2.68//2008-9-18 13:34:32
58/600095/哈高科/2.630	6800	2.620	10800	2.610	5300	2.600	1500	2.590	4600	2.650	6568	2.660	13000	2.670	7000	2.680	7000	2.690	4500	/16842813//4737239/1791994/2.65/2.68//2008-9-18 13:35:32
58/600095/哈高科/2.640	100	2.630	6800	2.620	5100	2.610	5300	2.600	1600	2.650	5168	2.660	13000	2.670	7000	2.680	7000	2.690	4500	/16842813//4748634/1796294/2.65/2.68//2008-9-18 13:36:33
58/600095/哈高科/2.630	6800	2.620	5100	2.610	5300	2.600	1600	2.590	4600	2.640	100	2.650	27168	2.660	13000	2.670	9700	2.680	7000	/16842813//4760514/1800794/2.64/2.68//2008-9-18 13:37:34
58/600095/哈高科/2.640	3900	2.630	6800	2.620	5100	2.610	3400	2.600	1600	2.650	27368	2.660	13000	2.670	9700	2.680	7000	2.690	4500	/16842813//4781448/1808694/2.65/2.68//2008-9-18 13:38:34
58/600095/哈高科/2.620	5100	2.610	3400	2.600	3100	2.590	4600	2.580	13700	2.630	13200	2.640	5900	2.650	27368	2.660	13000	2.670	10200	/16842813//4809628/1819394/2.63/2.68//2008-9-18 13:39:35
58/600095/哈高科/2.620	5100	2.610	3400	2.600	3100	2.590	4600	2.580	13500	2.630	13200	2.640	6900	2.650	28668	2.660	14520	2.670	10700	/16842813//4827512/1826194/2.63/2.68//2008-9-18 13:40:35
58/600095/哈高科/2.610	3400	2.600	4900	2.590	4600	2.580	13500	2.570	5700	2.620	1900	2.630	12700	2.640	6900	2.650	28668	2.660	14520	/16842813//4824305/1824994/2.62/2.68//2008-9-18 13:41:36
58/600095/哈高科/2.620	1100	2.610	3700	2.600	4400	2.590	4600	2.580	13500	2.630	12100	2.640	6900	2.650	28668	2.660	14520	2.670	10700	/16842813//4830861/1827494/2.63/2.68//2008-9-18 13:42:36
58/600095/哈高科/2.620	4100	2.610	3700	2.600	5000	2.590	4600	2.580	6500	2.630	10800	2.640	5900	2.650	28668	2.660	14520	2.670	10700	/16842813//4836647/1829694/2.63/2.68//2008-9-18 13:43:37
58/600095/哈高科/2.630	6500	2.620	4300	2.610	3700	2.600	5000	2.590	4600	2.640	600	2.650	29168	2.660	14520	2.670	10700	2.680	7000	/16842813//4879306/1845894/2.64/2.68//2008-9-18 13:44:37
58/600095/哈高科/2.640	26600	2.630	1500	2.620	1000	2.610	3700	2.600	4000	2.650	3500	2.660	4520	2.670	8000	2.680	7000	2.690	4500	/16842813//4898115/1852994/2.65/2.68//2008-9-18 13:45:38
58/600095/哈高科/2.660	3180	2.650	3900	2.640	27100	2.630	1800	2.620	1000	2.670	7500	2.680	7000	2.690	4500	2.700	39390	2.710	13920	/16842813//4930587/1865214/2.66/2.68//2008-9-18 13:46:39
58/600095/哈高科/2.670	10600	2.660	2280	2.650	4500	2.640	22400	2.630	1800	2.680	10000	2.690	6500	2.700	39390	2.710	13920	2.720	26000	/16842813//4967952/1879214/2.67/2.68//2008-9-18 13:47:39
58/600095/哈高科/2.660	1680	2.650	4400	2.640	6000	2.630	1800	2.620	1000	2.670	45700	2.680	9000	2.690	9400	2.700	37890	2.710	12920	/16842813//5006944/1893814/2.67/2.68//2008-9-18 13:48:40
58/600095/哈高科/2.650	3600	2.640	6000	2.630	1800	2.620	1000	2.610	4400	2.660	11800	2.670	34620	2.680	9000	2.690	10400	2.700	36890	/16842813//5052478/1910894/2.66/2.68//2008-9-18 13:49:40
58/600095/哈高科/2.640	4000	2.630	1800	2.610	5400	2.600	5400	2.590	300	2.650	3068	2.660	13500	2.670	3500	2.680	10540	2.690	10400	/16842813//5080844/1921594/2.64/2.68//2008-9-18 13:50:41
58/600095/哈高科/2.630	800	2.610	5400	2.600	4900	2.590	300	2.580	7900	2.640	9500	2.650	3068	2.660	6850	2.670	3410	2.680	10540	/16842813//5088764/1924594/2.64/2.68//2008-9-18 13:51:41
58/600095/哈高科/2.630	3300	2.610	5400	2.600	5400	2.590	300	2.580	7900	2.640	8300	2.650	3068	2.660	16350	2.670	3000	2.680	10540	/16842813//5101436/1929394/2.64/2.68//2008-9-18 13:52:42
58/600095/哈高科/2.630	3100	2.610	5400	2.600	6500	2.590	300	2.580	7900	2.640	7600	2.650	3068	2.660	17841	2.680	12540	2.690	10400	/16842813//5103810/1930294/2.64/2.68//2008-9-18 13:53:42
58/600095/哈高科/2.610	5400	2.600	6500	2.590	300	2.580	7900	2.570	6100	2.620	26000	2.640	7600	2.650	3068	2.660	17841	2.680	12540	/16842813//5111963/1933394/2.63/2.68//2008-9-18 13:54:43
58/600095/哈高科/2.610	2900	2.600	6600	2.590	10300	2.580	8300	2.570	6100	2.620	20900	2.640	7100	2.650	3068	2.660	17841	2.680	12540	/16842813//5126630/1938994/2.62/2.68//2008-9-18 13:55:44
58/600095/哈高科/2.610	2900	2.600	8200	2.590	10300	2.580	8300	2.570	6100	2.620	20700	2.640	7100	2.650	3068	2.660	17841	2.680	12540	/16842813//5127154/1939194/2.62/2.68//2008-9-18 13:56:44
58/600095/哈高科/2.620	3200	2.610	6400	2.600	8200	2.590	10300	2.580	9200	2.640	4600	2.650	3068	2.660	17841	2.670	2500	2.680	10540	/16842813//5181388/1959894/2.62/2.68//2008-9-18 13:57:45
58/600095/哈高科/2.620	1700	2.610	5400	2.600	8200	2.590	10300	2.580	10000	2.640	4600	2.650	3068	2.660	17241	2.670	2500	2.680	10540	/16842813//5185318/1961394/2.62/2.68//2008-9-18 13:58:45
58/600095/哈高科/2.620	25200	2.610	4900	2.600	6700	2.590	10300	2.580	9600	2.640	1600	2.650	3068	2.660	17241	2.670	2500	2.680	10540	/16842813//5198518/1966394/2.64/2.68//2008-9-18 13:59:46
58/600095/哈高科/2.640	1000	2.620	24200	2.610	4900	2.600	6700	2.590	10300	2.660	17241	2.670	2500	2.680	10540	2.690	13100	2.700	38390	/16842813//5202986/1968094/2.64/2.68//2008-9-18 14:0:47
58/600095/哈高科/2.640	800	2.630	1000	2.620	24200	2.610	5400	2.600	5700	2.660	16741	2.670	3500	2.680	10540	2.690	13100	2.700	38390	/16842813//5206976/1969594/2.66/2.68//2008-9-18 14:1:47
58/600095/哈高科/2.640	800	2.630	1300	2.620	22500	2.610	4900	2.600	6200	2.650	14068	2.660	18941	2.670	3500	2.680	10540	2.690	13100	/16842813//5206976/1969594/2.66/2.68//2008-9-18 14:2:48
58/600095/哈高科/2.640	100	2.630	1800	2.620	6400	2.610	4900	2.600	6200	2.650	15068	2.660	20441	2.670	3500	2.680	10540	2.690	13100	/16842813//5214104/1972294/2.64/2.68//2008-9-18 14:3:48
58/600095/哈高科/2.630	1100	2.620	8400	2.610	4900	2.600	7500	2.590	10300	2.640	4600	2.650	15768	2.660	20441	2.670	3500	2.680	10540	/16842813//5217537/1973594/2.65/2.68//2008-9-18 14:4:49
58/600095/哈高科/2.630	1000	2.620	8400	2.610	4900	2.600	7500	2.590	11500	2.640	4400	2.650	15768	2.660	20841	2.670	3500	2.680	10540	/16842813//5218328/1973894/2.63/2.68//2008-9-18 14:5:50
58/600095/哈高科/2.620	8400	2.610	2000	2.600	8500	2.590	11500	2.580	10100	2.630	1100	2.640	4400	2.650	15768	2.660	20841	2.670	3500	/16842813//5220958/1974894/2.63/2.68//2008-9-18 14:6:50
58/600095/哈高科/2.630	2000	2.620	8400	2.610	2000	2.600	8700	2.590	11500	2.650	15368	2.660	20841	2.670	3500	2.680	10540	2.690	13100	/16842813//5224911/1976394/2.65/2.68//2008-9-18 14:7:51
58/600095/哈高科/2.630	9300	2.620	8400	2.610	2000	2.600	8700	2.590	11500	2.650	15368	2.660	20441	2.670	3500	2.680	10540	2.690	13100	/16842813//5234935/1980194/2.64/2.68//2008-9-18 14:8:51
58/600095/哈高科/2.650	15432	2.640	10200	2.630	7300	2.620	8400	2.610	3000	2.660	20441	2.670	3500	2.680	10540	2.690	13100	2.700	38490	/16842813//5274600/1995162/2.65/2.68//2008-9-18 14:9:52
58/600095/哈高科/2.650	14432	2.630	7300	2.620	7900	2.610	3000	2.600	8800	2.660	291	2.670	3500	2.680	10540	2.690	13100	2.700	38490	/16842813//5326726/2014762/2.66/2.68//2008-9-18 14:10:53
58/600095/哈高科/2.670	500	2.660	17200	2.650	12441	2.630	7300	2.620	7900	2.680	10540	2.690	13100	2.700	38490	2.710	12920	2.720	26000	/16842813//5348768/2023053/2.66/2.68//2008-9-18 14:11:53
58/600095/哈高科/2.680	7960	2.670	12800	2.660	17200	2.650	12441	2.630	6200	2.690	13100	2.700	38490	2.710	12920	2.720	24000	2.740	1000	/16842813//5382376/2035593/2.68/2.68//2008-9-18 14:12:54
58/600095/哈高科/2.680	5960	2.670	12800	2.660	8100	2.650	12441	2.630	6200	2.690	10800	2.700	39490	2.710	12920	2.720	24000	2.740	1000	/16842813//5413469/2047193/2.68/2.68//2008-9-18 14:13:55
58/600095/哈高科/2.680	860	2.670	2100	2.660	8100	2.650	12441	2.630	6200	2.690	9600	2.700	39090	2.710	12920	2.720	24000	2.740	1000	/16842813//5441105/2057493/2.69/2.68//2008-9-18 14:14:55
58/600095/哈高科/2.690	9400	2.680	15860	2.670	24100	2.660	30100	2.650	12441	2.700	38890	2.710	12920	2.720	24000	2.740	1000	2.750	16400	/16842813//5475290/2070193/2.69/2.68//2008-9-18 14:15:56
58/600095/哈高科/2.700	45210	2.690	9400	2.680	16860	2.670	24100	2.660	30100	2.710	11700	2.720	24000	2.740	5400	2.750	16400	2.760	5000	/16842813//5587853/2111883/2.7/2.68//2008-9-18 14:16:56
58/600095/哈高科/2.700	45610	2.690	400	2.680	16860	2.670	24100	2.660	30100	2.710	28900	2.720	9000	2.740	6880	2.750	16400	2.760	5000	/16842813//5590021/2112683/2.71/2.68//2008-9-18 14:17:57
58/600095/哈高科/2.720	300	2.710	9600	2.700	45310	2.690	400	2.680	16860	2.730	2000	2.740	6880	2.750	16400	2.760	5000	2.780	1700	/16842813//5720010/2160583/2.72/2.68//2008-9-18 14:18:58
58/600095/哈高科/2.750	29800	2.740	13820	2.730	19410	2.720	61200	2.710	9600	2.760	3000	2.780	1700	2.790	5800	2.800	29100	2.810	1330	/16842813//5764360/2176653/2.75/2.68//2008-9-18 14:19:58
58/600095/哈高科/2.760	1400	2.750	31400	2.740	6220	2.730	19110	2.720	1200	2.780	2800	2.790	6800	2.800	27400	2.810	1330	2.820	6600	/16842813//5825905/2198953/2.76/2.68//2008-9-18 14:20:59
58/600095/哈高科/2.780	400	2.760	1500	2.750	2500	2.740	5220	2.730	11110	2.790	5800	2.800	28400	2.810	1330	2.820	6600	2.830	1800	/16842813//5878777/2218053/2.78/2.68//2008-9-18 14:22:0
58/600095/哈高科/2.780	4400	2.770	6000	2.760	2500	2.750	2000	2.740	5220	2.790	2400	2.800	28400	2.810	1330	2.830	1300	2.850	4800	/16842813//5927492/2235553/2.79/2.68//2008-9-18 14:23:0
58/600095/哈高科/2.790	1600	2.780	1800	2.770	7000	2.760	2000	2.740	5220	2.800	29800	2.810	1330	2.830	1300	2.850	5800	2.860	5000	/16842813//5969336/2250553/2.79/2.68//2008-9-18 14:24:1
58/600095/哈高科/2.770	700	2.760	1000	2.740	4820	2.720	1400	2.710	10900	2.780	7800	2.790	10900	2.800	28500	2.810	1330	2.830	1300	/16842813//6026110/2270953/2.77/2.68//2008-9-18 14:25:2
58/600095/哈高科/2.740	4820	2.720	1400	2.710	10900	2.700	45710	2.690	400	2.760	500	2.770	5100	2.780	7800	2.790	11900	2.800	25300	/16842813//6036349/2274653/2.76/2.68//2008-9-18 14:26:2
58/600095/哈高科/2.740	820	2.720	1800	2.710	10900	2.700	47710	2.690	400	2.750	1000	2.760	8100	2.770	3300	2.780	10800	2.790	2000	/16842813//6055288/2281553/2.74/2.68//2008-9-18 14:27:3
58/600095/哈高科/2.720	29800	2.710	12900	2.700	47710	2.690	1400	2.680	17860	2.740	8569	2.750	800	2.760	7100	2.770	2300	2.780	10800	/16842813//6063064/2284373/2.74/2.68//2008-9-18 14:28:4
58/600095/哈高科/2.730	17900	2.720	29400	2.710	11600	2.700	47410	2.690	1400	2.740	7369	2.750	800	2.760	4800	2.770	2300	2.780	10800	/16842813//6077848/2289773/2.74/2.68//2008-9-18 14:29:4
58/600095/哈高科/2.740	4331	2.730	42400	2.720	28900	2.710	11600	2.700	82410	2.750	800	2.760	4800	2.770	2700	2.780	7800	2.790	5000	/16842813//6118041/2304442/2.74/2.68//2008-9-18 14:30:5
58/600095/哈高科/2.760	2800	2.750	2000	2.740	6631	2.730	42400	2.720	36900	2.770	1300	2.780	7800	2.790	5000	2.800	27300	2.810	2630	/16842813//6136249/2311042/2.76/2.68//2008-9-18 14:31:6
58/600095/哈高科/2.770	5700	2.760	2800	2.750	1200	2.740	6631	2.730	42400	2.780	7100	2.790	7000	2.800	27300	2.810	2630	2.830	1300	/16842813//6149282/2315742/2.78/2.68//2008-9-18 14:32:6
58/600095/哈高科/2.770	2300	2.760	3800	2.750	2200	2.740	6631	2.730	41400	2.780	13100	2.790	4000	2.800	26300	2.810	2630	2.830	1300	/16842813//6156754/2318442/2.77/2.68//2008-9-18 14:33:7
58/600095/哈高科/2.770	1200	2.760	3800	2.750	2200	2.740	6631	2.730	41400	2.780	11100	2.790	6000	2.800	27600	2.810	2630	2.830	1300	/16842813//6163956/2321042/2.77/2.68//2008-9-18 14:34:8
58/600095/哈高科/2.780	700	2.770	3100	2.760	3800	2.750	2200	2.740	6631	2.790	5200	2.800	27600	2.810	2630	2.830	1300	2.840	14500	/16842813//6201238/2334442/2.78/2.68//2008-9-18 14:35:8
58/600095/哈高科/2.790	1200	2.780	500	2.770	1000	2.760	2800	2.750	2200	2.800	1000	2.810	530	2.830	1300	2.840	14500	2.850	11600	/16842813//6316442/2375642/2.79/2.68//2008-9-18 14:36:9
58/600095/哈高科/2.770	3299	2.760	2800	2.750	3200	2.740	6631	2.730	41400	2.780	13400	2.800	12000	2.810	530	2.830	2300	2.840	14500	/16842813//6332852/2381543/2.77/2.68//2008-9-18 14:37:10
58/600095/哈高科/2.770	1699	2.760	2800	2.750	2100	2.740	6631	2.730	41400	2.780	13400	2.800	12500	2.810	530	2.820	1510	2.830	2300	/16842813//6346168/2386343/2.77/2.68//2008-9-18 14:38:10
58/600095/哈高科/2.760	13800	2.750	2100	2.740	10631	2.730	43400	2.720	3700	2.770	4601	2.780	15400	2.790	1500	2.800	17600	2.810	530	/16842813//6356394/2390042/2.76/2.68//2008-9-18 14:39:11
58/600095/哈高科/2.760	9500	2.750	3100	2.740	10631	2.730	43400	2.720	3700	2.770	6401	2.780	12700	2.790	6500	2.800	14600	2.810	530	/16842813//6385426/2400542/2.76/2.68//2008-9-18 14:40:12
58/600095/哈高科/2.750	3600	2.740	10631	2.730	43400	2.720	4200	2.710	600	2.760	6700	2.770	17527	2.780	12700	2.790	7800	2.800	14600	/16842813//6422696/2414042/2.76/2.68//2008-9-18 14:41:12
58/600095/哈高科/2.740	1631	2.730	43400	2.720	4200	2.710	1100	2.700	80410	2.750	3600	2.760	7700	2.770	17527	2.780	12700	2.790	10800	/16842813//6443576/2421642/2.74/2.68//2008-9-18 14:42:13
58/600095/哈高科/2.750	7231	2.740	17000	2.730	43400	2.720	24200	2.710	3100	2.760	3200	2.770	16427	2.780	14700	2.790	10800	2.800	15600	/16842813//6466668/2430042/2.75/2.68//2008-9-18 14:43:14
58/600095/哈高科/2.750	8531	2.740	17000	2.730	43400	2.720	24200	2.710	3500	2.760	3100	2.770	16427	2.780	15500	2.790	10800	2.800	15600	/16842813//6464744/2429342/2.76/2.68//2008-9-18 14:44:14
58/600095/哈高科/2.760	3300	2.750	4531	2.740	17000	2.730	43400	2.720	24200	2.770	15427	2.780	15500	2.790	10800	2.800	15600	2.810	3530	/16842813//6492580/2439442/2.76/2.68//2008-9-18 14:45:15
58/600095/哈高科/2.760	2973	2.750	23631	2.740	19100	2.730	43400	2.720	24200	2.770	1000	2.780	15500	2.790	10500	2.800	15600	2.810	3530	/16842813//6590340/2474796/2.76/2.68//2008-9-18 14:46:16
58/600095/哈高科/2.770	100	2.760	4273	2.750	63631	2.740	19100	2.730	33500	2.780	3100	2.790	10500	2.800	15600	2.810	3530	2.820	1510	/16842813//6725638/2523569/2.78/2.68//2008-9-18 14:47:16
58/600095/哈高科/2.760	2073	2.750	63631	2.740	17000	2.730	33500	2.720	24200	2.770	13100	2.780	9500	2.790	13500	2.800	17100	2.810	3530	/16842813//6714484/2519569/2.76/2.68//2008-9-18 14:48:17
58/600095/哈高科/2.750	63631	2.740	17000	2.730	33500	2.720	24200	2.710	1500	2.760	5027	2.770	2890	2.780	13500	2.790	16400	2.800	17500	/16842813//6745323/2530742/2.76/2.68//2008-9-18 14:49:18
58/600095/哈高科/2.750	28803	2.740	17000	2.730	33500	2.720	22200	2.710	1500	2.760	7827	2.770	2890	2.780	13500	2.790	16600	2.800	17500	/16842813//6897299/2585970/2.75/2.68//2008-9-18 14:50:18
58/600095/哈高科/2.760	2400	2.750	24176	2.740	17000	2.730	33500	2.720	21700	2.770	2890	2.780	15400	2.790	16600	2.800	19400	2.810	3530	/16842813//6956388/2607397/2.76/2.68//2008-9-18 14:51:19
58/600095/哈高科/2.770	4110	2.750	12276	2.740	17000	2.730	33500	2.720	21700	2.780	19400	2.790	17000	2.800	19100	2.810	3530	2.820	1510	/16842813//7018067/2629787/2.77/2.68//2008-9-18 14:52:20
58/600095/哈高科/2.810	3670	2.780	19500	2.770	4110	2.760	5800	2.750	12276	2.820	2410	2.830	2300	2.840	14500	2.850	8000	2.860	1000	/16842813//7325168/2739917/2.81/2.68//2008-9-18 14:53:21
58/600095/哈高科/2.810	50982	2.800	5600	2.790	2600	2.780	24900	2.770	4110	2.820	6510	2.830	3300	2.840	24900	2.850	10800	2.860	1300	/16842813//7435893/2779305/2.81/2.68//2008-9-18 14:54:21
58/600095/哈高科/2.850	46800	2.830	3800	2.820	18390	2.810	41382	2.780	24900	2.860	1300	2.870	1500	2.880	62558	2.890	6000	2.900	4400	/16842813//7590318/2833715/2.85/2.68//2008-9-18 14:55:22
58/600095/哈高科/2.850	10200	2.840	15000	2.830	26000	2.820	18300	2.810	100	2.860	12700	2.870	15100	2.880	58500	2.890	6000	2.900	6400	/16842813//7796003/2906415/2.86/2.68//2008-9-18 14:56:23
58/600095/哈高科/2.920	28800	2.890	30500	2.880	71600	2.870	63000	2.860	18100	2.930	300	2.940	3500	2.950	7100	2.960	1200	2.970	5300	/16842813//8375773/3107715/2.92/2.68//2008-9-18 14:57:23
58/600095/哈高科/2.910	26000	2.900	9000	2.890	84200	2.870	3000	2.860	16100	2.920	46892	2.930	1800	2.940	2500	2.950	8400	2.960	2200	/16842813//8727977/3228615/2.91/2.68//2008-9-18 14:58:24
58/600095/哈高科/2.920	46208	2.910	6700	2.900	7300	2.890	17000	2.880	120000	2.930	1800	2.940	11900	2.950	11250	2.960	2200	2.970	5000	/16842813//9202753/3391237/2.93/2.68//2008-9-18 14:59:25
58/600095/哈高科/2.930	10500	2.920	19908	2.910	6700	2.900	7300	2.890	17000	2.960	23422	2.970	1000	2.980	700	2.990	1800	3.000	15000	/16842813//9596715/3524687/2.95/2.68//2008-9-18 15:0:26
58/600095/哈高科/2.930	10500	2.920	19908	2.910	6700	2.900	7300	2.890	17000	2.960	23422	2.970	1000	2.980	700	2.990	1800	3.000	15000	/16842813//9596715/3524687/2.95/2.68//2008-9-18 15:1:26
58/600095/哈高科/2.930	10500	2.920	19908	2.910	6700	2.900	7300	2.890	17000	2.960	23422	2.970	1000	2.980	700	2.990	1800	3.000	15000	/16842813//9596715/3524687/2.95/2.68//2008-9-18 15:2:27
