34/600070/浙江富润/4.150	6400	4.120	2700	4.110	10000	4.010	2000	3.950	400	4.200	200	4.210	500	4.230	2000	4.240	23000	4.270	600	/16842788//25009/6000/4.15/4.34//2008-9-18 10:30:51
34/600070/浙江富润/4.150	9600	4.130	3000	4.120	10500	4.110	10000	4.090	2000	4.190	400	4.200	6690	4.210	200	4.220	2500	4.230	600	/16842788//441968/104900/4.2/4.34//2008-9-18 10:31:51
34/600070/浙江富润/4.150	9600	4.130	3000	4.120	10500	4.110	10000	4.090	2000	4.190	400	4.200	6690	4.210	200	4.220	2500	4.230	600	/16842788//441968/104900/4.2/4.34//2008-9-18 10:31:51
34/600070/浙江富润/4.150	9600	4.130	3000	4.120	10500	4.110	10000	4.090	2000	4.190	400	4.200	6690	4.210	200	4.220	2500	4.230	600	/16842788//441968/104900/4.2/4.34//2008-9-18 10:31:51
34/600070/浙江富润/4.150	9600	4.130	3000	4.120	10500	4.110	10000	4.090	2000	4.190	400	4.200	6690	4.210	200	4.220	2500	4.230	600	/16842788//441968/104900/4.2/4.34//2008-9-18 10:31:51
34/600070/浙江富润/4.150	9600	4.130	3000	4.120	10500	4.110	10000	4.090	2000	4.190	400	4.200	6690	4.210	200	4.220	2500	4.230	600	/16842788//441968/104900/4.2/4.34//2008-9-18 10:31:51
34/600070/浙江富润/4.150	9600	4.130	3000	4.120	10500	4.110	10000	4.090	2000	4.190	400	4.200	6690	4.210	200	4.220	2500	4.230	600	/16842788//441968/104900/4.2/4.34//2008-9-18 10:31:51
34/600070/浙江富润/4.150	9600	4.130	3000	4.120	10500	4.110	10000	4.090	2000	4.190	400	4.200	6690	4.210	200	4.220	2500	4.230	600	/16842788//441968/104900/4.2/4.34//2008-9-18 10:31:51
34/600070/浙江富润/4.150	9600	4.130	3000	4.120	10500	4.110	10000	4.090	2000	4.190	400	4.200	6690	4.210	200	4.220	2500	4.230	600	/16842788//441968/104900/4.2/4.34//2008-9-18 10:31:51
34/600070/浙江富润/4.150	9600	4.130	3000	4.120	10500	4.110	10000	4.090	2000	4.190	400	4.200	6690	4.210	200	4.220	2500	4.230	600	/16842788//441968/104900/4.2/4.34//2008-9-18 10:31:51
34/600070/浙江富润/4.150	9600	4.130	3000	4.120	10500	4.110	10000	4.090	2000	4.190	400	4.200	6690	4.210	200	4.220	2500	4.230	600	/16842788//441968/104900/4.2/4.34//2008-9-18 10:31:51
34/600070/浙江富润/4.150	9600	4.130	3000	4.120	10500	4.110	10000	4.090	2000	4.190	400	4.200	6690	4.210	200	4.220	2500	4.230	600	/16842788//441968/104900/4.2/4.34//2008-9-18 10:31:51
34/600070/浙江富润/4.150	9600	4.130	3000	4.120	10500	4.110	10000	4.090	2000	4.190	400	4.200	6690	4.210	200	4.220	2500	4.230	600	/16842788//441968/104900/4.2/4.34//2008-9-18 10:31:51
34/600070/浙江富润/4.150	9600	4.130	3000	4.120	10500	4.110	10000	4.090	2000	4.190	400	4.200	6690	4.210	200	4.220	2500	4.230	600	/16842788//441968/104900/4.2/4.34//2008-9-18 10:31:51
34/600070/浙江富润/4.150	9600	4.130	3000	4.120	10500	4.110	10000	4.090	2000	4.190	400	4.200	6690	4.210	200	4.220	2500	4.230	600	/16842788//441968/104900/4.2/4.34//2008-9-18 10:31:51
34/600070/浙江富润/4.150	9600	4.130	3000	4.120	10500	4.110	10000	4.090	2000	4.190	400	4.200	6690	4.210	200	4.220	2500	4.230	600	/16842788//441968/104900/4.2/4.34//2008-9-18 10:31:51
34/600070/浙江富润/4.150	9600	4.130	3000	4.120	10500	4.110	10000	4.090	2000	4.190	400	4.200	6690	4.210	200	4.220	2500	4.230	600	/16842788//441968/104900/4.2/4.34//2008-9-18 10:31:51
34/600070/浙江富润/4.150	9600	4.130	3000	4.120	10500	4.110	10000	4.090	2000	4.190	400	4.200	6690	4.210	200	4.220	2500	4.230	600	/16842788//441968/104900/4.2/4.34//2008-9-18 10:31:51
34/600070/浙江富润/4.150	9600	4.130	3000	4.120	10500	4.110	10000	4.090	2000	4.190	400	4.200	6690	4.210	200	4.220	2500	4.230	600	/16842788//441968/104900/4.2/4.34//2008-9-18 10:31:51
34/600070/浙江富润/4.150	9600	4.130	3000	4.120	10500	4.110	10000	4.090	2000	4.190	400	4.200	6690	4.210	200	4.220	2500	4.230	600	/16842788//441968/104900/4.2/4.34//2008-9-18 10:31:51
34/600070/浙江富润/4.150	9600	4.130	3000	4.120	10500	4.110	10000	4.090	2000	4.190	400	4.200	6690	4.210	200	4.220	2500	4.230	600	/16842788//441968/104900/4.2/4.34//2008-9-18 10:31:51
34/600070/浙江富润/4.150	9600	4.130	3000	4.120	10500	4.110	10000	4.090	2000	4.190	400	4.200	6690	4.210	200	4.220	2500	4.230	600	/16842788//441968/104900/4.2/4.34//2008-9-18 10:31:51
34/600070/浙江富润/4.150	9600	4.130	3000	4.120	10500	4.110	10000	4.090	2000	4.190	400	4.200	6690	4.210	200	4.220	2500	4.230	600	/16842788//441968/104900/4.2/4.34//2008-9-18 10:31:51
34/600070/浙江富润/4.150	9600	4.130	3000	4.120	10500	4.110	10000	4.090	2000	4.190	400	4.200	6690	4.210	200	4.220	2500	4.230	600	/16842788//441968/104900/4.2/4.34//2008-9-18 10:31:51
34/600070/浙江富润/4.150	9600	4.130	3000	4.120	10500	4.110	10000	4.090	2000	4.190	400	4.200	6690	4.210	200	4.220	2500	4.230	600	/16842788//441968/104900/4.2/4.34//2008-9-18 10:31:51
34/600070/浙江富润/4.150	9600	4.130	3000	4.120	10500	4.110	10000	4.090	2000	4.190	400	4.200	6690	4.210	200	4.220	2500	4.230	600	/16842788//441968/104900/4.2/4.34//2008-9-18 10:31:51
34/600070/浙江富润/4.150	9600	4.130	3000	4.120	10500	4.110	10000	4.090	2000	4.190	400	4.200	6690	4.210	200	4.220	2500	4.230	600	/16842788//441968/104900/4.2/4.34//2008-9-18 10:31:51
34/600070/浙江富润/4.150	9600	4.130	3000	4.120	10500	4.110	10000	4.090	2000	4.190	400	4.200	6690	4.210	200	4.220	2500	4.230	600	/16842788//441968/104900/4.2/4.34//2008-9-18 10:31:51
34/600070/浙江富润/4.150	9600	4.130	3000	4.120	10500	4.110	10000	4.090	2000	4.190	400	4.200	6690	4.210	200	4.220	2500	4.230	600	/16842788//441968/104900/4.2/4.34//2008-9-18 10:31:51
34/600070/浙江富润/4.150	9600	4.130	3000	4.120	10500	4.110	10000	4.090	2000	4.190	400	4.200	6690	4.210	200	4.220	2500	4.230	600	/16842788//441968/104900/4.2/4.34//2008-9-18 10:31:51
34/600070/浙江富润/4.150	9600	4.130	3000	4.120	10500	4.110	10000	4.090	2000	4.190	400	4.200	6690	4.210	200	4.220	2500	4.230	600	/16842788//441968/104900/4.2/4.34//2008-9-18 10:31:51
34/600070/浙江富润/4.150	9600	4.130	3000	4.120	10500	4.110	10000	4.090	2000	4.190	400	4.200	6690	4.210	200	4.220	2500	4.230	600	/16842788//441968/104900/4.2/4.34//2008-9-18 10:31:51
34/600070/浙江富润/4.150	9600	4.130	3000	4.120	10500	4.110	10000	4.090	2000	4.190	400	4.200	6690	4.210	200	4.220	2500	4.230	600	/16842788//441968/104900/4.2/4.34//2008-9-18 10:31:51
34/600070/浙江富润/4.150	9600	4.130	3000	4.120	10500	4.110	10000	4.090	2000	4.190	400	4.200	6690	4.210	200	4.220	2500	4.230	600	/16842788//441968/104900/4.2/4.34//2008-9-18 10:31:51
34/600070/浙江富润/4.150	9600	4.130	3000	4.120	10500	4.110	10000	4.090	2000	4.190	400	4.200	6690	4.210	200	4.220	2500	4.230	600	/16842788//441968/104900/4.2/4.34//2008-9-18 10:31:51
34/600070/浙江富润/4.150	9600	4.130	3000	4.120	10500	4.110	10000	4.090	2000	4.190	400	4.200	6690	4.210	200	4.220	2500	4.230	600	/16842788//441968/104900/4.2/4.34//2008-9-18 10:31:51
34/600070/浙江富润/4.150	9600	4.130	3000	4.120	10500	4.110	10000	4.090	2000	4.190	400	4.200	6690	4.210	200	4.220	2500	4.230	600	/16842788//441968/104900/4.2/4.34//2008-9-18 10:31:51
34/600070/浙江富润/4.150	9600	4.130	3000	4.120	10500	4.110	10000	4.090	2000	4.190	400	4.200	6690	4.210	200	4.220	2500	4.230	600	/16842788//441968/104900/4.2/4.34//2008-9-18 10:31:51
34/600070/浙江富润/4.150	9600	4.130	3000	4.120	10500	4.110	10000	4.090	2000	4.190	400	4.200	6690	4.210	200	4.220	2500	4.230	600	/16842788//441968/104900/4.2/4.34//2008-9-18 10:31:51
34/600070/浙江富润/4.150	9600	4.130	3000	4.120	10500	4.110	10000	4.090	2000	4.190	400	4.200	6690	4.210	200	4.220	2500	4.230	600	/16842788//441968/104900/4.2/4.34//2008-9-18 10:31:51
34/600070/浙江富润/4.150	9600	4.130	3000	4.120	10500	4.110	10000	4.090	2000	4.190	400	4.200	6690	4.210	200	4.220	2500	4.230	600	/16842788//441968/104900/4.2/4.34//2008-9-18 10:31:51
34/600070/浙江富润/4.150	9600	4.130	3000	4.120	10500	4.110	10000	4.090	2000	4.190	400	4.200	6690	4.210	200	4.220	2500	4.230	600	/16842788//441968/104900/4.2/4.34//2008-9-18 10:31:51
34/600070/浙江富润/4.150	9600	4.130	3000	4.120	10500	4.110	10000	4.090	2000	4.190	400	4.200	6690	4.210	200	4.220	2500	4.230	600	/16842788//441968/104900/4.2/4.34//2008-9-18 10:31:51
34/600070/浙江富润/4.150	9600	4.130	3000	4.120	10500	4.110	10000	4.090	2000	4.190	400	4.200	6690	4.210	200	4.220	2500	4.230	600	/16842788//441968/104900/4.2/4.34//2008-9-18 10:31:51
34/600070/浙江富润/4.150	9600	4.130	3000	4.120	10500	4.110	10000	4.090	2000	4.190	400	4.200	6690	4.210	200	4.220	2500	4.230	600	/16842788//441968/104900/4.2/4.34//2008-9-18 10:31:51
34/600070/浙江富润/4.150	9600	4.130	3000	4.120	10500	4.110	10000	4.090	2000	4.190	400	4.200	6690	4.210	200	4.220	2500	4.230	600	/16842788//441968/104900/4.2/4.34//2008-9-18 10:31:51
34/600070/浙江富润/4.150	9600	4.130	3000	4.120	10500	4.110	10000	4.090	2000	4.190	400	4.200	6690	4.210	200	4.220	2500	4.230	600	/16842788//441968/104900/4.2/4.34//2008-9-18 10:31:51
34/600070/浙江富润/4.150	9600	4.130	3000	4.120	10500	4.110	10000	4.090	2000	4.190	400	4.200	6690	4.210	200	4.220	2500	4.230	600	/16842788//441968/104900/4.2/4.34//2008-9-18 10:31:51
34/600070/浙江富润/4.150	9600	4.130	3000	4.120	10500	4.110	10000	4.090	2000	4.190	400	4.200	6690	4.210	200	4.220	2500	4.230	600	/16842788//441968/104900/4.2/4.34//2008-9-18 10:31:51
34/600070/浙江富润/4.150	9600	4.130	3000	4.120	10500	4.110	10000	4.090	2000	4.190	400	4.200	6690	4.210	200	4.220	2500	4.230	600	/16842788//441968/104900/4.2/4.34//2008-9-18 10:31:51
34/600070/浙江富润/4.150	9600	4.130	3000	4.120	10500	4.110	10000	4.090	2000	4.190	400	4.200	6690	4.210	200	4.220	2500	4.230	600	/16842788//441968/104900/4.2/4.34//2008-9-18 10:31:51
34/600070/浙江富润/4.150	9600	4.130	3000	4.120	10500	4.110	10000	4.090	2000	4.190	400	4.200	6690	4.210	200	4.220	2500	4.230	600	/16842788//441968/104900/4.2/4.34//2008-9-18 10:31:51
34/600070/浙江富润/4.150	9600	4.130	3000	4.120	10500	4.110	10000	4.090	2000	4.190	400	4.200	6690	4.210	200	4.220	2500	4.230	600	/16842788//441968/104900/4.2/4.34//2008-9-18 10:31:51
34/600070/浙江富润/4.150	9600	4.130	3000	4.120	10500	4.110	10000	4.090	2000	4.190	400	4.200	6690	4.210	200	4.220	2500	4.230	600	/16842788//441968/104900/4.2/4.34//2008-9-18 10:31:51
34/600070/浙江富润/4.150	9600	4.130	3000	4.120	10500	4.110	10000	4.090	2000	4.190	400	4.200	6690	4.210	200	4.220	2500	4.230	600	/16842788//441968/104900/4.2/4.34//2008-9-18 10:31:51
34/600070/浙江富润/4.150	9600	4.130	3000	4.120	10500	4.110	10000	4.090	2000	4.190	400	4.200	6690	4.210	200	4.220	2500	4.230	600	/16842788//441968/104900/4.2/4.34//2008-9-18 10:31:51
34/600070/浙江富润/4.150	9600	4.130	3000	4.120	10500	4.110	10000	4.090	2000	4.190	400	4.200	6690	4.210	200	4.220	2500	4.230	600	/16842788//441968/104900/4.2/4.34//2008-9-18 10:31:51
34/600070/浙江富润/4.150	9600	4.130	3000	4.120	10500	4.110	10000	4.090	2000	4.190	400	4.200	6690	4.210	200	4.220	2500	4.230	600	/16842788//441968/104900/4.2/4.34//2008-9-18 10:31:51
34/600070/浙江富润/4.150	9600	4.130	3000	4.120	10500	4.110	10000	4.090	2000	4.190	400	4.200	6690	4.210	200	4.220	2500	4.230	600	/16842788//441968/104900/4.2/4.34//2008-9-18 10:31:51
34/600070/浙江富润/4.150	9600	4.130	3000	4.120	10500	4.110	10000	4.090	2000	4.190	400	4.200	6690	4.210	200	4.220	2500	4.230	600	/16842788//441968/104900/4.2/4.34//2008-9-18 10:31:51
34/600070/浙江富润/4.160	6800	4.150	17680	4.140	21000	4.130	10400	4.120	30100	4.180	3800	4.190	1000	4.200	14290	4.220	2500	4.230	3100	/16842788//603986/143720/4.18/4.34//2008-9-18 10:32:51
34/600070/浙江富润/4.150	30480	4.140	21000	4.130	7500	4.120	38200	4.110	14500	4.160	10700	4.170	4400	4.180	1400	4.200	22390	4.210	400	/16842788//762547/181820/4.16/4.34//2008-9-18 10:33:52
34/600070/浙江富润/4.160	30410	4.150	33180	4.140	21000	4.130	5700	4.120	41300	4.170	1800	4.180	1500	4.200	20900	4.210	700	4.220	2000	/16842788//925361/220910/4.16/4.34//2008-9-18 10:34:52
34/600070/浙江富润/4.190	15301	4.180	19500	4.170	5000	4.160	25110	4.150	45080	4.200	24300	4.210	700	4.220	3900	4.230	20800	4.240	7700	/16842788//1075351/256708/4.2/4.34//2008-9-18 10:35:52
34/600070/浙江富润/4.210	900	4.200	17400	4.190	1700	4.180	5701	4.170	8500	4.230	11300	4.240	7700	4.250	4700	4.280	1000	4.290	1000	/16842788//1375209/328109/4.21/4.34//2008-9-18 10:36:53
34/600070/浙江富润/4.200	3700	4.190	1400	4.180	8801	4.170	12000	4.160	20110	4.210	3600	4.220	2000	4.230	10000	4.240	7700	4.250	4700	/16842788//1531208/365209/4.2/4.34//2008-9-18 10:37:53
34/600070/浙江富润/4.170	11300	4.160	20210	4.150	41980	4.140	25400	4.130	7900	4.180	17399	4.190	1500	4.200	25800	4.210	5200	4.220	3100	/16842788//1643117/391910/4.17/4.34//2008-9-18 10:38:53
34/600070/浙江富润/4.170	2367	4.160	17210	4.150	41980	4.140	25400	4.130	8300	4.180	600	4.190	2900	4.200	16800	4.210	7700	4.220	5100	/16842788//0/0/4.17/4.34//2008-9-18 10:39:54
34/600070/浙江富润/4.180	3200	4.170	2268	4.160	20010	4.150	41180	4.140	25400	4.190	4900	4.200	14800	4.210	7200	4.220	3100	4.230	11000	/16842788//1886452/450242/4.18/4.34//2008-9-18 10:40:54
34/600070/浙江富润/4.180	5600	4.170	6668	4.160	20010	4.150	47180	4.140	25400	4.190	1600	4.200	15000	4.210	6600	4.220	3100	4.230	11000	/16842788//1927007/459942/4.18/4.34//2008-9-18 10:41:54
34/600070/浙江富润/4.170	4769	4.160	19010	4.150	44180	4.140	25400	4.130	7200	4.180	2100	4.200	14000	4.210	6600	4.220	3600	4.230	11000	/16842788//2019375/482041/4.19/4.34//2008-9-18 10:42:55
34/600070/浙江富润/4.180	400	4.170	14100	4.160	19779	4.150	44180	4.140	25400	4.190	13800	4.200	15000	4.220	4000	4.230	11000	4.240	7200	/16842788//2094905/500141/4.18/4.34//2008-9-18 10:43:55
34/600070/浙江富润/4.170	13200	4.160	20079	4.150	49080	4.140	25400	4.130	7200	4.180	30500	4.190	13800	4.200	15100	4.220	5200	4.230	11000	/16842788//2127867/508041/4.18/4.34//2008-9-18 10:44:56
34/600070/浙江富润/4.140	5500	4.130	4600	4.120	42200	4.110	10200	4.100	4700	4.150	26200	4.170	12341	4.180	31300	4.190	12300	4.200	15800	/16842788//2573691/615400/4.14/4.34//2008-9-18 10:45:56
34/600070/浙江富润/4.010	1900	4.000	3500	3.960	2700	3.950	2200	3.940	700	4.100	40600	4.110	11600	4.120	79900	4.130	8300	4.140	21200	/16842788//2931552/702700/4.01/4.34//2008-9-18 10:46:56
34/600070/浙江富润/3.910	13600	0.000	0	0.000	0	0.000	0	0.000	0	3.920	3600	3.940	1400	3.950	10000	3.960	700	3.970	1400	/16842788//3212607/773700/3.91/4.34//2008-9-18 10:47:57
34/600070/浙江富润/3.920	15900	3.910	204311	0.000	0	0.000	0	0.000	0	3.940	1000	3.950	10200	3.960	300	3.970	1000	3.990	1600	/16842788//3660343/887889/3.92/4.34//2008-9-18 10:48:57
34/600070/浙江富润/3.950	1200	3.940	2400	3.930	6000	3.920	50700	3.910	264211	3.970	1000	3.990	2500	4.000	19190	4.010	2600	4.090	12600	/16842788//3771968/916189/3.95/4.34//2008-9-18 10:49:57
34/600070/浙江富润/3.990	500	3.950	10100	3.940	7400	3.930	9900	3.920	65000	4.000	1190	4.010	2600	4.090	12600	4.100	11900	4.110	4100	/16842788//3926176/954889/4.0/4.34//2008-9-18 10:50:58
34/600070/浙江富润/3.960	3000	3.950	9400	3.940	5400	3.930	22200	3.920	53800	3.970	4900	3.990	2600	4.000	2290	4.010	2600	4.080	1100	/16842788//4014895/977189/3.98/4.34//2008-9-18 10:51:58
34/600070/浙江富润/3.950	5900	3.940	4600	3.930	22900	3.920	54800	3.910	278011	3.960	7500	3.970	4900	3.980	620	3.990	700	4.000	2290	/16842788//4080199/993689/3.95/4.34//2008-9-18 10:52:58
34/600070/浙江富润/3.920	54400	3.910	287111	0.000	0	0.000	0	0.000	0	3.930	6200	3.940	500	3.950	6400	3.960	2300	3.970	4900	/16842788//4315836/1053489/3.93/4.34//2008-9-18 10:53:59
34/600070/浙江富润/3.930	15200	3.920	47710	3.910	312311	0.000	0	0.000	0	3.950	2600	3.960	1400	3.970	4900	3.980	620	3.990	700	/16842788//4398676/1074579/3.95/4.34//2008-9-18 10:54:59
34/600070/浙江富润/3.950	7200	3.940	1900	3.930	17700	3.920	35910	3.910	306111	3.970	2900	3.980	20	3.990	700	4.000	9190	4.010	2600	/16842788//4448139/1087079/3.95/4.34//2008-9-18 10:56:0
34/600070/浙江富润/3.960	500	3.950	1400	3.940	2700	3.930	19000	3.920	52510	3.980	20	3.990	700	4.000	7400	4.010	2600	4.070	3800	/16842788//4477491/1094479/3.96/4.34//2008-9-18 10:57:0
34/600070/浙江富润/3.940	8000	3.930	19800	3.920	55210	3.910	255111	0.000	0	3.950	4300	3.960	2600	3.970	500	3.980	520	3.990	700	/16842788//4504784/1101379/3.95/4.34//2008-9-18 10:58:0
34/600070/浙江富润/3.920	56569	3.910	255411	0.000	0	0.000	0	0.000	0	3.930	1546	3.940	10000	3.950	2500	3.970	500	3.980	120	/16842788//4633255/1134020/3.92/4.34//2008-9-18 10:59:1
34/600070/浙江富润/3.920	22869	3.910	261100	0.000	0	0.000	0	0.000	0	3.930	9546	3.970	500	3.980	120	3.990	700	4.000	4500	/16842788//4809694/1179020/3.92/4.34//2008-9-18 11:0:1
34/600070/浙江富润/3.930	7654	3.920	16969	3.910	258900	0.000	0	0.000	0	3.970	1000	3.980	3120	3.990	1700	4.000	5700	4.010	2600	/16842788//4914434/1205666/3.93/4.34//2008-9-18 11:1:2
34/600070/浙江富润/3.930	7654	3.920	16969	3.910	258900	0.000	0	0.000	0	3.970	1000	3.980	3120	3.990	1700	4.000	5700	4.010	2600	/16842788//4914434/1205666/3.93/4.34//2008-9-18 11:1:2
34/600070/浙江富润/3.930	8854	3.920	15969	3.910	259000	0.000	0	0.000	0	3.980	420	3.990	1700	4.000	5700	4.010	2600	4.020	1100	/16842788//4940194/1212166/3.98/4.34//2008-9-18 11:2:2
34/600070/浙江富润/3.940	500	3.930	16154	3.920	18669	3.910	257300	0.000	0	4.000	4020	4.010	2600	4.020	1100	4.070	3800	4.080	5400	/16842788//5001899/1227666/4.0/4.34//2008-9-18 11:3:2
34/600070/浙江富润/3.990	1000	3.960	1400	3.940	4200	3.930	21554	3.920	20769	4.000	12620	4.010	2600	4.020	1100	4.070	3800	4.080	5400	/16842788//4999862/1227166/3.99/4.34//2008-9-18 11:4:3
34/600070/浙江富润/4.000	12080	3.960	8190	3.940	4400	3.930	22754	3.920	21169	4.010	2600	4.020	1100	4.070	3800	4.080	5400	4.090	2900	/16842788//5067589/1244116/4.0/4.34//2008-9-18 11:5:3
34/600070/浙江富润/4.010	900	4.000	39600	3.980	2100	3.960	9190	3.940	5500	4.070	10600	4.080	5400	4.090	2900	4.100	11900	4.110	3100	/16842788//5091205/1249996/4.01/4.34//2008-9-18 11:6:4
34/600070/浙江富润/4.030	3700	4.020	1800	4.010	10300	4.000	39600	3.980	12100	4.060	1400	4.070	5400	4.080	3400	4.090	3900	4.100	16900	/16842788//5096500/1251296/4.03/4.34//2008-9-18 11:7:4
34/600070/浙江富润/4.030	7700	4.020	3800	4.010	9400	4.000	39500	3.980	2100	4.040	3000	4.060	3800	4.070	5100	4.080	10900	4.090	8900	/16842788//5188643/1273996/4.06/4.34//2008-9-18 11:8:4
34/600070/浙江富润/4.010	9800	4.000	39500	3.980	2100	3.970	100	3.960	1690	4.020	1200	4.030	5600	4.040	1700	4.050	500	4.060	10500	/16842788//5257523/1291096/4.02/4.34//2008-9-18 11:9:5
34/600070/浙江富润/4.010	3000	4.000	34800	3.980	12100	3.970	100	3.960	1690	4.020	4600	4.030	6600	4.040	1700	4.050	500	4.060	13500	/16842788//5305169/1302996/4.02/4.34//2008-9-18 11:10:5
34/600070/浙江富润/4.000	15200	3.980	12100	3.970	100	3.960	4190	3.940	6400	4.010	15600	4.020	1100	4.030	12600	4.040	2200	4.050	5000	/16842788//5431657/1334596/4.0/4.34//2008-9-18 11:11:6
34/600070/浙江富润/4.000	7300	3.990	1000	3.980	13100	3.970	100	3.960	4190	4.010	15200	4.020	1100	4.030	12600	4.040	2200	4.050	5000	/16842788//5517257/1355996/4.0/4.34//2008-9-18 11:12:6
34/600070/浙江富润/3.980	13100	3.970	100	3.960	4190	3.950	2300	3.940	6400	3.990	2300	4.000	15200	4.020	1100	4.030	7000	4.040	2200	/16842788//5550447/1364296/3.99/4.34//2008-9-18 11:13:7
34/600070/浙江富润/3.960	1690	3.950	3300	3.940	7800	3.930	26754	3.920	12800	3.970	7200	3.980	3600	3.990	1900	4.000	15200	4.020	1100	/16842788//5610942/1379496/3.97/4.34//2008-9-18 11:14:7
34/600070/浙江富润/3.960	3190	3.950	4700	3.940	10800	3.930	26754	3.920	13800	3.970	6000	3.980	3600	3.990	1900	4.000	13200	4.020	1100	/16842788//5620470/1381896/3.97/4.34//2008-9-18 11:15:7
34/600070/浙江富润/3.970	600	3.960	1990	3.950	12400	3.940	10800	3.930	24054	3.980	1300	3.990	1900	4.000	13200	4.020	1100	4.030	6000	/16842788//5666907/1393596/3.97/4.34//2008-9-18 11:16:8
34/600070/浙江富润/3.960	1190	3.950	12000	3.940	9700	3.930	24054	3.920	18100	3.970	7000	3.980	1300	3.990	5000	4.000	26200	4.020	1100	/16842788//5694689/1400596/3.97/4.34//2008-9-18 11:17:8
34/600070/浙江富润/3.950	12000	3.940	10200	3.930	24054	3.920	18600	3.910	229800	3.960	100	3.970	1510	3.980	1300	3.990	3400	4.000	13000	/16842788//5717256/1406286/3.97/4.34//2008-9-18 11:18:9
34/600070/浙江富润/3.930	15054	3.920	18100	3.910	229800	0.000	0	0.000	0	3.950	10000	3.970	1510	3.980	1300	3.990	3400	4.000	13000	/16842788//0/0/3.93/4.34//2008-9-18 11:19:9
34/600070/浙江富润/3.930	12000	3.920	24400	3.910	230200	0.000	0	0.000	0	3.950	8400	3.960	1000	3.970	1510	3.980	1300	3.990	400	/16842788//5853243/1440786/3.95/4.34//2008-9-18 11:20:10
34/600070/浙江富润/3.950	1500	3.930	13569	3.920	37400	3.910	231700	0.000	0	3.960	1000	3.970	1510	3.980	1300	3.990	1400	4.000	13000	/16842788//5925995/1459217/3.94/4.34//2008-9-18 11:21:10
34/600070/浙江富润/3.950	3300	3.940	3100	3.930	14569	3.920	37000	3.910	233700	3.960	5600	3.970	2010	3.980	1300	3.990	2400	4.000	13000	/16842788//5971448/1470717/3.95/4.34//2008-9-18 11:22:10
34/600070/浙江富润/3.930	300	3.920	36469	3.910	228300	0.000	0	0.000	0	3.950	1400	3.960	5600	3.970	1510	3.980	1300	3.990	3000	/16842788//6068224/1495317/3.93/4.34//2008-9-18 11:23:11
34/600070/浙江富润/3.930	8800	3.920	22869	3.910	225300	0.000	0	0.000	0	3.950	3900	3.960	5600	3.970	1510	3.980	1300	3.990	3000	/16842788//6169010/1521017/3.93/4.34//2008-9-18 11:24:11
34/600070/浙江富润/3.920	20969	3.910	228800	0.000	0	0.000	0	0.000	0	3.930	8600	3.950	3900	3.970	1510	3.980	1300	3.990	3000	/16842788//6210649/1531617/3.92/4.34//2008-9-18 11:25:12
34/600070/浙江富润/3.920	5769	3.910	231400	0.000	0	0.000	0	0.000	0	3.930	5200	3.950	3900	3.970	1510	3.980	1300	3.990	3000	/16842788//6297707/1553817/3.93/4.34//2008-9-18 11:26:12
34/600070/浙江富润/3.910	197800	0.000	0	0.000	0	0.000	0	0.000	0	3.920	2431	3.930	5200	3.950	3900	3.970	1510	3.980	1300	/16842788//6475609/1599286/3.91/4.34//2008-9-18 11:27:13
34/600070/浙江富润/3.920	1000	3.910	177269	0.000	0	0.000	0	0.000	0	3.930	4200	3.950	3900	3.970	1510	3.990	2000	4.000	13000	/16842788//6594668/1629717/3.91/4.34//2008-9-18 11:28:13
34/600070/浙江富润/3.910	181169	0.000	0	0.000	0	0.000	0	0.000	0	3.930	4000	3.950	1000	3.970	1510	3.990	2000	4.000	13000	/16842788//6622861/1636917/3.93/4.34//2008-9-18 11:29:14
34/600070/浙江富润/3.910	172669	0.000	0	0.000	0	0.000	0	0.000	0	3.920	2700	3.950	1000	3.970	1510	3.990	2000	4.000	13000	/16842788//6757154/1671217/3.92/4.34//2008-9-18 11:30:14
34/600070/浙江富润/3.910	172669	0.000	0	0.000	0	0.000	0	0.000	0	3.920	2700	3.950	1000	3.970	1510	3.990	2000	4.000	13000	/16842788//6757154/1671217/3.92/4.34//2008-9-18 11:31:15
34/600070/浙江富润/3.910	80270	0.000	0	0.000	0	0.000	0	0.000	0	3.960	2000	3.970	1510	3.990	1400	4.020	1100	4.030	6500	/16842788//7395021/1834316/3.91/4.34//2008-9-18 13:1:15
34/600070/浙江富润/3.920	7900	3.910	64570	0.000	0	0.000	0	0.000	0	3.940	300	3.950	400	3.960	2000	3.970	1510	3.990	1400	/16842788//7461493/1851316/3.92/4.34//2008-9-18 13:2:16
34/600070/浙江富润/3.920	7500	3.910	72770	0.000	0	0.000	0	0.000	0	3.950	400	3.960	2000	3.970	1510	3.990	1400	4.000	100	/16842788//7502261/1861716/3.92/4.34//2008-9-18 13:3:16
34/600070/浙江富润/3.920	2700	3.910	74770	0.000	0	0.000	0	0.000	0	3.940	1500	3.960	2000	3.970	1510	3.990	1400	4.000	100	/16842788//7531283/1869116/3.92/4.34//2008-9-18 13:4:17
34/600070/浙江富润/3.910	42870	0.000	0	0.000	0	0.000	0	0.000	0	3.960	2000	3.970	1510	3.990	1400	4.000	100	4.010	4000	/16842788//7588496/1883716/3.91/4.34//2008-9-18 13:5:17
34/600070/浙江富润/3.910	43870	0.000	0	0.000	0	0.000	0	0.000	0	3.920	100	3.940	1300	3.950	1900	3.960	2000	3.970	1510	/16842788//7605322/1888016/3.92/4.34//2008-9-18 13:6:18
34/600070/浙江富润/3.910	47470	0.000	0	0.000	0	0.000	0	0.000	0	3.920	7000	3.940	1300	3.950	1900	3.960	2000	3.970	1510	/16842788//7628450/1893916/3.92/4.34//2008-9-18 13:7:18
34/600070/浙江富润/3.910	45470	0.000	0	0.000	0	0.000	0	0.000	0	3.910	3630	3.920	7000	3.940	1300	3.950	500	3.960	2000	/16842788//7808947/1940086/3.91/4.34//2008-9-18 13:8:19
34/600070/浙江富润/3.910	45470	0.000	0	0.000	0	0.000	0	0.000	0	3.910	600	3.920	7000	3.940	1300	3.950	500	3.960	2400	/16842788//7842573/1948686/3.91/4.34//2008-9-18 13:9:19
34/600070/浙江富润/3.910	4700	0.000	0	0.000	0	0.000	0	0.000	0	3.920	7000	3.940	1300	3.950	500	3.960	2400	3.970	1510	/16842788//7843355/1948886/3.91/4.34//2008-9-18 13:10:20
34/600070/浙江富润/3.910	5870	0.000	0	0.000	0	0.000	0	0.000	0	3.910	3520	3.920	6500	3.940	1300	3.950	500	3.960	2400	/16842788//7919991/1968486/3.91/4.34//2008-9-18 13:11:20
34/600070/浙江富润/3.910	5680	0.000	0	0.000	0	0.000	0	0.000	0	3.920	6600	3.940	1300	3.950	500	3.960	2400	3.970	510	/16842788//7979501/1983706/3.91/4.34//2008-9-18 13:12:21
34/600070/浙江富润/3.910	2580	0.000	0	0.000	0	0.000	0	0.000	0	3.920	8500	3.940	1300	3.950	500	3.960	2400	3.970	510	/16842788//8049494/2001606/3.91/4.34//2008-9-18 13:13:21
34/600070/浙江富润/3.910	1380	0.000	0	0.000	0	0.000	0	0.000	0	3.910	15120	3.920	5400	3.940	1300	3.950	500	3.960	2400	/16842788//8086171/2010986/3.91/4.34//2008-9-18 13:14:22
34/600070/浙江富润/3.910	1380	0.000	0	0.000	0	0.000	0	0.000	0	3.910	7220	3.920	5400	3.940	1300	3.950	500	3.960	2400	/16842788//8135046/2023486/3.91/4.34//2008-9-18 13:15:22
34/600070/浙江富润/3.910	1380	0.000	0	0.000	0	0.000	0	0.000	0	3.910	12720	3.920	2400	3.940	1300	3.950	500	3.960	2400	/16842788//8145994/2026286/3.91/4.34//2008-9-18 13:16:23
34/600070/浙江富润/3.910	1380	0.000	0	0.000	0	0.000	0	0.000	0	3.910	19120	3.920	2700	3.950	500	3.960	2400	3.970	510	/16842788//8146385/2026386/3.91/4.34//2008-9-18 13:17:23
34/600070/浙江富润/3.910	1380	0.000	0	0.000	0	0.000	0	0.000	0	3.910	23520	3.920	3000	3.950	500	3.960	2400	3.970	510	/16842788//8147949/2026786/3.91/4.34//2008-9-18 13:18:24
34/600070/浙江富润/3.910	1380	0.000	0	0.000	0	0.000	0	0.000	0	3.910	25520	3.920	3000	3.930	100	3.950	500	3.960	2400	/16842788//8149904/2027286/3.91/4.34//2008-9-18 13:19:24
34/600070/浙江富润/3.910	14180	0.000	0	0.000	0	0.000	0	0.000	0	3.920	3000	3.950	500	3.960	2400	3.970	510	3.980	100	/16842788//8267673/2057406/3.91/4.34//2008-9-18 13:20:25
34/600070/浙江富润/3.910	37480	0.000	0	0.000	0	0.000	0	0.000	0	3.920	1000	3.950	500	3.960	2400	3.970	510	3.980	100	/16842788//8279423/2060406/3.92/4.34//2008-9-18 13:21:25
34/600070/浙江富润/3.930	2000	3.920	3300	3.910	36980	0.000	0	0.000	0	3.950	1500	3.960	2400	3.970	510	3.980	100	3.990	1900	/16842788//8296269/2064706/3.92/4.34//2008-9-18 13:22:26
34/600070/浙江富润/3.920	600	3.910	36980	0.000	0	0.000	0	0.000	0	3.950	300	3.960	2400	3.970	510	3.980	100	3.990	2400	/16842788//8314737/2069406/3.95/4.34//2008-9-18 13:23:26
34/600070/浙江富润/3.930	28900	3.910	36180	0.000	0	0.000	0	0.000	0	3.960	2100	3.970	510	3.980	100	3.990	1900	4.000	3000	/16842788//8388423/2088206/3.91/4.34//2008-9-18 13:24:27
34/600070/浙江富润/3.950	18700	3.930	6200	3.920	2000	3.910	36680	0.000	0	3.960	5800	3.970	3710	3.980	1100	3.990	1900	4.000	6200	/16842788//8408562/2093306/3.95/4.34//2008-9-18 13:25:27
34/600070/浙江富润/3.940	9100	3.930	6700	3.920	1000	3.910	37680	0.000	0	3.960	700	3.970	3710	3.980	1100	3.990	1900	4.000	6000	/16842788//8418442/2095806/3.96/4.34//2008-9-18 13:26:28
34/600070/浙江富润/3.960	100	3.940	9100	3.930	6700	3.920	1300	3.910	36180	3.970	3710	3.980	1100	3.990	1900	4.000	6000	4.010	4000	/16842788//8431906/2099206/3.96/4.34//2008-9-18 13:27:28
34/600070/浙江富润/3.970	6090	3.960	6400	3.950	200	3.940	9100	3.930	6900	3.980	2500	3.990	1900	4.000	3000	4.010	4000	4.020	2100	/16842788//8468878/2108516/3.98/4.34//2008-9-18 13:28:29
34/600070/浙江富润/3.940	8100	3.930	6700	3.920	3200	3.910	43080	0.000	0	3.950	1300	3.960	8610	3.970	200	3.980	2500	3.990	3600	/16842788//8522733/2122106/3.95/4.34//2008-9-18 13:29:29
34/600070/浙江富润/3.950	200	3.940	6500	3.930	6200	3.920	5200	3.910	46280	3.960	8910	3.970	200	3.980	2500	3.990	3600	4.000	4500	/16842788//8535756/2125406/3.96/4.34//2008-9-18 13:30:30
34/600070/浙江富润/3.940	6100	3.930	6200	3.920	5400	3.910	46280	0.000	0	3.950	200	3.960	5610	3.980	500	3.990	4600	4.000	4500	/16842788//8551190/2129306/3.94/4.34//2008-9-18 13:31:30
34/600070/浙江富润/3.960	2490	3.940	4000	3.930	6200	3.920	9400	3.910	46180	3.980	500	3.990	4600	4.000	4500	4.010	4000	4.020	1100	/16842788//8583260/2137416/3.96/4.34//2008-9-18 13:32:31
34/600070/浙江富润/3.980	6200	3.970	1000	3.960	1990	3.950	1900	3.940	6000	4.000	1400	4.010	4000	4.020	1100	4.030	6500	4.040	3200	/16842788//8641356/2152016/3.98/4.34//2008-9-18 13:33:31
34/600070/浙江富润/4.000	1600	3.980	8600	3.970	1000	3.960	1990	3.950	1900	4.010	2100	4.020	1100	4.030	6500	4.040	2200	4.050	6600	/16842788//8650575/2154316/4.01/4.34//2008-9-18 13:34:32
34/600070/浙江富润/4.030	800	4.020	6800	4.010	3100	4.000	2600	3.980	4000	4.040	1200	4.050	6300	4.060	4000	4.070	3400	4.080	6900	/16842788//8677101/2160916/4.03/4.34//2008-9-18 13:35:32
34/600070/浙江富润/4.020	4600	4.010	1600	4.000	2900	3.980	4000	3.970	1000	4.030	200	4.040	18100	4.050	7800	4.060	1000	4.070	3400	/16842788//8721066/2171816/4.03/4.34//2008-9-18 13:36:33
34/600070/浙江富润/4.010	1000	4.000	2900	3.980	4000	3.970	1000	3.960	1990	4.020	2500	4.030	11600	4.040	2000	4.050	6300	4.060	1000	/16842788//8766184/2183016/4.01/4.34//2008-9-18 13:37:34
34/600070/浙江富润/3.980	1100	3.960	1990	3.950	2000	3.940	2000	3.930	6200	4.000	900	4.010	7400	4.020	2800	4.030	7100	4.040	16300	/16842788//8792141/2189516/3.98/4.34//2008-9-18 13:38:34
34/600070/浙江富润/3.950	2000	3.940	2000	3.930	6200	3.920	6200	3.910	53180	3.970	200	3.990	2700	4.000	9300	4.010	7300	4.020	300	/16842788//8804479/2192616/3.97/4.34//2008-9-18 13:39:35
34/600070/浙江富润/3.970	14000	3.950	1000	3.940	5000	3.930	6200	3.920	7200	3.990	2200	4.000	8000	4.010	5700	4.020	300	4.030	3900	/16842788//8823088/2197316/3.97/4.34//2008-9-18 13:40:35
34/600070/浙江富润/3.970	14000	3.950	1200	3.940	6000	3.930	6200	3.920	11500	3.990	800	4.000	8000	4.010	5700	4.020	300	4.030	4900	/16842788//8850988/2204316/3.99/4.34//2008-9-18 13:41:36
34/600070/浙江富润/4.000	3000	3.990	3900	3.980	1000	3.970	14000	3.950	2200	4.010	5700	4.020	300	4.030	4900	4.040	17300	4.050	6300	/16842788//8887377/2213416/4.0/4.34//2008-9-18 13:42:36
34/600070/浙江富润/4.000	12000	3.990	3900	3.980	1000	3.970	5000	3.950	14200	4.010	1100	4.020	300	4.030	4900	4.040	17300	4.050	7300	/16842788//8905823/2218016/4.01/4.34//2008-9-18 13:43:37
34/600070/浙江富润/4.010	6900	4.000	16100	3.990	3900	3.980	1000	3.970	5000	4.040	7400	4.050	7300	4.060	1000	4.070	5400	4.080	16900	/16842788//8977198/2235716/4.04/4.34//2008-9-18 13:44:37
34/600070/浙江富润/4.050	11300	4.040	8800	4.020	400	4.010	1900	4.000	16600	4.060	1000	4.070	5400	4.080	21900	4.090	9800	4.100	17400	/16842788//9095402/2265016/4.04/4.34//2008-9-18 13:45:38
34/600070/浙江富润/4.060	38800	4.050	11400	4.040	9000	4.020	900	4.010	2400	4.070	2000	4.080	8200	4.090	8400	4.100	15500	4.120	2300	/16842788//9176838/2285016/4.08/4.34//2008-9-18 13:46:39
34/600070/浙江富润/4.080	16300	4.070	13000	4.060	5500	4.050	6400	4.040	9000	4.090	6000	4.100	15000	4.120	2300	4.130	2500	4.150	9200	/16842788//9252308/2303516/4.09/4.34//2008-9-18 13:47:39
34/600070/浙江富润/4.090	13700	4.080	14400	4.070	6800	4.060	6600	4.050	400	4.100	5400	4.120	2300	4.130	2800	4.150	10200	4.160	2400	/16842788//9476576/2358316/4.1/4.34//2008-9-18 13:48:40
34/600070/浙江富润/4.100	8400	4.090	2300	4.080	2000	4.070	6800	4.060	6600	4.120	12300	4.130	2800	4.140	5200	4.150	10700	4.170	4000	/16842788//9590153/2386016/4.1/4.34//2008-9-18 13:49:40
34/600070/浙江富润/4.000	5500	3.970	5000	3.960	300	3.950	3200	3.940	3000	4.060	3800	4.070	42800	4.080	16300	4.090	15000	4.100	20900	/16842788//9790301/2435316/4.0/4.34//2008-9-18 13:50:41
34/600070/浙江富润/4.010	2600	4.000	500	3.980	10100	3.970	5000	3.960	3300	4.040	2000	4.050	600	4.060	500	4.070	22400	4.080	13500	/16842788//9823501/2443616/4.0/4.34//2008-9-18 13:51:41
34/600070/浙江富润/4.000	2800	3.990	2000	3.980	11700	3.970	5600	3.960	3300	4.010	800	4.050	600	4.060	1300	4.070	19400	4.080	13500	/16842788//9829927/2445216/4.01/4.34//2008-9-18 13:52:42
34/600070/浙江富润/4.010	700	4.000	2800	3.990	2000	3.980	11700	3.970	5600	4.020	1100	4.050	3600	4.060	3300	4.080	13000	4.090	4800	/16842788//9837959/2447216/4.02/4.34//2008-9-18 13:53:42
34/600070/浙江富润/4.000	10400	3.990	2200	3.980	10100	3.970	5600	3.960	3300	4.010	200	4.020	900	4.050	4100	4.060	3300	4.070	500	/16842788//9844788/2448916/4.01/4.34//2008-9-18 13:54:43
34/600070/浙江富润/4.010	11800	4.000	10600	3.990	2200	3.970	5600	3.960	3300	4.020	700	4.050	4100	4.060	1300	4.070	500	4.080	12000	/16842788//9869246/2455016/4.01/4.34//2008-9-18 13:55:44
34/600070/浙江富润/4.010	6900	4.000	11600	3.990	2000	3.970	5600	3.960	3300	4.020	500	4.050	3600	4.060	1300	4.070	500	4.080	12000	/16842788//9889699/2460116/4.02/4.34//2008-9-18 13:56:44
34/600070/浙江富润/4.020	700	4.010	6900	4.000	11600	3.990	2000	3.970	5600	4.050	1600	4.060	1300	4.070	1000	4.080	4200	4.090	5200	/16842788//9901819/2463116/4.05/4.34//2008-9-18 13:57:45
34/600070/浙江富润/4.030	1300	4.020	10700	4.010	8000	4.000	6600	3.990	2000	4.050	6200	4.060	600	4.070	1000	4.080	4200	4.090	5200	/16842788//9940864/2472816/4.02/4.34//2008-9-18 13:58:45
34/600070/浙江富润/4.030	4300	4.020	10700	4.010	8000	4.000	6600	3.990	2000	4.050	3900	4.070	1000	4.080	4200	4.090	6600	4.100	42900	/16842788//9957447/2476916/4.05/4.34//2008-9-18 13:59:46
34/600070/浙江富润/4.030	4400	4.020	13300	4.010	8000	4.000	6600	3.990	2000	4.050	3900	4.060	1500	4.070	1000	4.080	4000	4.090	6600	/16842788//9959059/2477316/4.03/4.34//2008-9-18 14:0:47
34/600070/浙江富润/4.010	7500	4.000	6600	3.990	2000	3.970	5000	3.960	3800	4.020	2700	4.030	2100	4.050	4400	4.060	1500	4.070	1000	/16842788//10051606/2500316/4.01/4.34//2008-9-18 14:1:47
34/600070/浙江富润/3.990	2000	3.970	5000	3.960	3800	3.950	3200	3.940	3000	4.000	400	4.010	200	4.020	7900	4.030	3100	4.050	4400	/16842788//10118918/2517116/4.0/4.34//2008-9-18 14:2:48
34/600070/浙江富润/3.970	4900	3.960	3800	3.950	2200	3.940	3000	3.930	10800	3.990	2200	4.000	700	4.010	600	4.020	5700	4.030	2100	/16842788//10132881/2520616/3.99/4.34//2008-9-18 14:3:48
34/600070/浙江富润/3.970	3650	3.960	3300	3.950	2200	3.940	3000	3.930	15800	3.990	2700	4.000	700	4.010	600	4.020	4200	4.030	2100	/16842788//10148175/2524466/3.97/4.34//2008-9-18 14:4:49
34/600070/浙江富润/3.990	7900	3.970	3450	3.960	3500	3.950	3200	3.930	15800	4.000	600	4.010	1800	4.020	4200	4.030	2100	4.050	11300	/16842788//10161727/2527866/3.99/4.34//2008-9-18 14:5:50
34/600070/浙江富润/4.000	2700	3.990	7400	3.970	24350	3.960	3500	3.950	3200	4.010	1200	4.020	2700	4.030	1100	4.050	11300	4.060	1500	/16842788//10166533/2529066/4.01/4.34//2008-9-18 14:6:50
34/600070/浙江富润/4.010	500	4.000	2700	3.990	7400	3.980	1600	3.970	23350	4.020	2700	4.030	1600	4.050	3700	4.060	1500	4.070	1000	/16842788//10171345/2530266/4.01/4.34//2008-9-18 14:7:51
34/600070/浙江富润/4.020	2500	4.010	4000	4.000	200	3.990	7400	3.980	31600	4.030	1100	4.050	3700	4.060	1500	4.070	500	4.080	4000	/16842788//10182199/2532966/4.02/4.34//2008-9-18 14:8:51
34/600070/浙江富润/4.030	3800	4.020	10700	4.010	1000	4.000	200	3.990	7400	4.050	900	4.060	1000	4.070	1000	4.080	300	4.090	6100	/16842788//10198374/2536966/4.05/4.34//2008-9-18 14:9:52
34/600070/浙江富润/4.090	600	4.060	2000	4.050	17200	4.030	1000	4.020	2900	4.100	28900	4.110	1000	4.120	5100	4.130	2800	4.140	2500	/16842788//10380854/2581666/4.09/4.34//2008-9-18 14:10:53
34/600070/浙江富润/4.060	1000	4.050	17600	4.030	1000	4.020	2900	4.010	2000	4.070	6900	4.090	2800	4.100	28900	4.110	1000	4.120	5100	/16842788//10416257/2590366/4.07/4.34//2008-9-18 14:11:53
34/600070/浙江富润/4.070	16500	4.060	1000	4.050	17600	4.030	1000	4.020	2900	4.090	19000	4.100	9800	4.110	1000	4.120	5100	4.130	1300	/16842788//10576752/2629666/4.1/4.34//2008-9-18 14:12:54
34/600070/浙江富润/4.090	22100	4.070	1000	4.060	1000	4.050	8500	4.030	41000	4.100	4800	4.110	1000	4.120	5100	4.130	1300	4.140	2500	/16842788//10672922/2653166/4.1/4.34//2008-9-18 14:13:55
34/600070/浙江富润/4.120	13300	4.110	6800	4.100	12900	4.090	11500	4.060	1000	4.130	1300	4.140	2000	4.150	9600	4.160	23200	4.170	4000	/16842788//10726780/2666266/4.12/4.34//2008-9-18 14:14:55
34/600070/浙江富润/4.110	6800	4.100	12800	4.090	1500	4.050	8500	4.030	41000	4.120	6900	4.130	4800	4.140	24693	4.150	13200	4.160	28200	/16842788//10808361/2686066/4.12/4.34//2008-9-18 14:15:56
34/600070/浙江富润/4.090	1500	4.050	8500	4.030	41000	4.020	2900	4.010	1500	4.100	14200	4.110	12700	4.120	9300	4.130	17800	4.140	3900	/16842788//10913451/2711666/4.1/4.34//2008-9-18 14:16:56
34/600070/浙江富润/4.120	2600	4.100	200	4.090	2000	4.050	8500	4.030	41000	4.130	17800	4.140	3900	4.150	13800	4.160	28200	4.170	4000	/16842788//11068284/2749366/4.12/4.34//2008-9-18 14:17:57
34/600070/浙江富润/4.160	30800	4.130	5500	4.120	3100	4.110	24900	4.100	12900	4.170	4000	4.180	53000	4.190	6000	4.200	24300	4.210	1500	/16842788//11509718/2855766/4.16/4.34//2008-9-18 14:18:58
34/600070/浙江富润/4.180	14000	4.170	5200	4.160	30800	4.120	2500	4.110	25400	4.190	5800	4.200	22000	4.210	20000	4.220	3000	4.230	13500	/16842788//11566317/2868966/4.19/4.34//2008-9-18 14:19:58
34/600070/浙江富润/4.220	2100	4.210	23100	4.200	13500	4.190	3400	4.180	35200	4.230	12900	4.240	2300	4.250	5000	4.260	2900	4.280	2500	/16842788//11697379/2900166/4.23/4.34//2008-9-18 14:20:59
34/600070/浙江富润/4.260	600	4.250	4300	4.240	100	4.230	22900	4.220	2400	4.280	2500	4.290	5800	4.300	18300	4.320	9977	4.330	12500	/16842788//11793991/2922966/4.26/4.34//2008-9-18 14:22:0
34/600070/浙江富润/4.290	40807	4.280	2900	4.270	1800	4.260	2800	4.250	700	4.300	18300	4.320	9977	4.330	12000	4.340	13700	4.350	24700	/16842788//11904091/2948659/4.29/4.34//2008-9-18 14:23:0
34/600070/浙江富润/4.280	14200	4.270	1800	4.260	2300	4.250	700	4.240	100	4.290	4943	4.300	2500	4.310	400	4.320	10777	4.330	12000	/16842788//12261650/3031966/4.29/4.34//2008-9-18 14:24:1
34/600070/浙江富润/4.260	200	4.250	700	4.240	100	4.230	8700	4.220	400	4.270	100	4.280	37800	4.290	20900	4.300	3043	4.320	10777	/16842788//12395694/3063266/4.27/4.34//2008-9-18 14:25:2
34/600070/浙江富润/4.220	5400	4.210	7100	4.200	5100	4.190	2000	4.180	11500	4.230	2700	4.250	27100	4.260	16900	4.270	5400	4.280	24400	/16842788//12449510/3075966/4.23/4.34//2008-9-18 14:26:2
34/600070/浙江富润/4.230	6200	4.220	3100	4.210	7100	4.200	11100	4.190	1500	4.240	2200	4.250	3400	4.260	14000	4.270	400	4.280	10000	/16842788//12623368/3117066/4.23/4.34//2008-9-18 14:27:3
34/600070/浙江富润/4.210	1100	4.200	6100	4.190	1500	4.180	1500	4.160	3800	4.230	5800	4.240	3243	4.250	6200	4.260	13000	4.270	400	/16842788//12711009/3137866/4.2/4.34//2008-9-18 14:28:4
34/600070/浙江富润/4.180	100	4.160	3000	4.120	1000	4.110	3800	4.100	10300	4.190	1100	4.210	300	4.220	500	4.230	7000	4.240	3243	/16842788//12765895/3150966/4.18/4.34//2008-9-18 14:29:4
34/600070/浙江富润/4.200	5800	4.180	18500	4.160	6800	4.120	3000	4.110	10500	4.210	200	4.220	500	4.230	10200	4.240	3243	4.250	3000	/16842788//12799640/3159066/4.2/4.34//2008-9-18 14:30:5
34/600070/浙江富润/4.220	4200	4.200	5700	4.180	500	4.160	25200	4.120	3000	4.230	7000	4.240	3243	4.250	3000	4.260	13000	4.270	400	/16842788//12811863/3161966/4.22/4.34//2008-9-18 14:31:6
34/600070/浙江富润/4.220	2200	4.210	1000	4.200	5700	4.180	500	4.160	25200	4.230	2800	4.240	3243	4.250	3000	4.260	13000	4.270	1400	/16842788//12854093/3171966/4.22/4.34//2008-9-18 14:32:6
34/600070/浙江富润/4.230	12895	4.220	1000	4.210	600	4.200	5700	4.180	2500	4.240	2243	4.250	8000	4.260	13100	4.270	400	4.280	10500	/16842788//12884157/3179071/4.23/4.34//2008-9-18 14:33:7
34/600070/浙江富润/4.240	3257	4.230	12895	4.220	1000	4.210	600	4.200	5700	4.250	7500	4.260	14000	4.270	2500	4.280	9500	4.290	9500	/16842788//12915291/3186414/4.24/4.34//2008-9-18 14:34:8
34/600070/浙江富润/4.240	57	4.230	12895	4.220	1000	4.210	600	4.200	7300	4.250	1500	4.260	14000	4.270	2500	4.280	9500	4.290	9500	/16842788//12954359/3195614/4.25/4.34//2008-9-18 14:35:8
34/600070/浙江富润/4.230	4352	4.220	800	4.210	1100	4.200	7300	4.180	14000	4.240	1200	4.250	4200	4.260	13100	4.270	2500	4.280	10500	/16842788//13079524/3225114/4.23/4.34//2008-9-18 14:36:9
34/600070/浙江富润/4.210	2100	4.200	10300	4.180	13500	4.160	26200	4.150	3000	4.230	30448	4.240	900	4.250	4300	4.260	13100	4.270	2500	/16842788//13257337/3267166/4.23/4.34//2008-9-18 14:37:10
34/600070/浙江富润/4.180	11000	4.160	26200	4.150	3000	4.120	1000	4.110	4500	4.200	5200	4.210	1200	4.220	1900	4.230	26948	4.240	900	/16842788//13308598/3279366/4.2/4.34//2008-9-18 14:38:10
34/600070/浙江富润/4.160	8500	4.120	1000	4.110	7300	4.100	7100	4.090	2700	4.180	2900	4.200	6000	4.210	100	4.220	2200	4.230	34048	/16842788//13431136/3308766/4.18/4.34//2008-9-18 14:39:11
34/600070/浙江富润/4.120	24400	4.110	6800	4.100	7300	4.090	4700	4.080	1000	4.160	1600	4.180	2600	4.200	7000	4.210	100	4.220	1500	/16842788//13475612/3319466/4.16/4.34//2008-9-18 14:40:12
34/600070/浙江富润/4.180	2900	4.130	5500	4.120	23300	4.110	6800	4.100	8300	4.200	7000	4.210	100	4.220	300	4.230	26048	4.240	900	/16842788//13539344/3334866/4.18/4.34//2008-9-18 14:41:12
34/600070/浙江富润/4.130	11400	4.120	24300	4.110	6800	4.100	7800	4.090	4700	4.180	100	4.200	5000	4.210	100	4.220	1300	4.230	26048	/16842788//13591489/3347366/4.13/4.34//2008-9-18 14:42:13
34/600070/浙江富润/4.140	10900	4.130	27000	4.120	22300	4.110	6800	4.100	7800	4.180	5500	4.190	600	4.200	5500	4.210	100	4.220	3000	/16842788//13598977/3349166/4.14/4.34//2008-9-18 14:43:14
34/600070/浙江富润/4.160	5700	4.150	6200	4.140	17100	4.130	35000	4.120	22300	4.180	6500	4.190	600	4.200	5900	4.210	100	4.220	3300	/16842788//13611873/3352266/4.16/4.34//2008-9-18 14:44:14
34/600070/浙江富润/4.180	10000	4.160	10700	4.150	10900	4.140	6100	4.130	33000	4.190	400	4.200	6900	4.210	100	4.220	3300	4.230	18448	/16842788//13652819/3362066/4.19/4.34//2008-9-18 14:45:15
34/600070/浙江富润/4.180	10000	4.160	7700	4.150	10900	4.140	1100	4.130	32900	4.190	8400	4.200	3200	4.210	100	4.220	6300	4.230	18448	/16842788//13684716/3369666/4.2/4.34//2008-9-18 14:46:16
34/600070/浙江富润/4.180	6400	4.160	5700	4.150	12900	4.140	1100	4.130	32900	4.190	3000	4.200	4100	4.210	100	4.220	9400	4.230	22348	/16842788//13724904/3379266/4.18/4.34//2008-9-18 14:47:16
34/600070/浙江富润/4.150	9300	4.140	1100	4.130	27900	4.120	22800	4.110	6800	4.160	1400	4.170	1100	4.180	43800	4.190	5400	4.200	3500	/16842788//13787032/3394166/4.16/4.34//2008-9-18 14:48:17
34/600070/浙江富润/4.090	4700	4.080	1000	4.060	3200	4.050	2400	4.020	400	4.100	1500	4.130	10700	4.140	1600	4.150	22200	4.160	2100	/16842788//14019161/3450466/4.1/4.34//2008-9-18 14:49:18
34/600070/浙江富润/4.100	13400	4.090	6000	4.060	3200	4.050	2400	4.030	1000	4.130	9300	4.140	700	4.150	9200	4.160	2100	4.170	5900	/16842788//14094159/3468766/4.1/4.34//2008-9-18 14:50:18
34/600070/浙江富润/4.090	8000	4.060	200	4.050	2400	4.030	1000	4.020	3200	4.100	3000	4.120	3000	4.130	16300	4.140	700	4.150	9200	/16842788//14155229/3483666/4.09/4.34//2008-9-18 14:51:19
34/600070/浙江富润/4.100	11800	4.090	10100	4.060	3200	4.050	7400	4.030	1000	4.130	6700	4.140	700	4.150	3200	4.160	1600	4.170	5900	/16842788//14258862/3508866/4.13/4.34//2008-9-18 14:52:20
34/600070/浙江富润/4.120	5600	4.110	2800	4.100	11800	4.090	2000	4.070	100	4.130	2200	4.140	700	4.150	2600	4.160	1600	4.170	5900	/16842788//14283215/3514766/4.13/4.34//2008-9-18 14:53:21
34/600070/浙江富润/4.110	3200	4.100	11000	4.090	2000	4.080	400	4.070	100	4.120	2900	4.130	4500	4.140	700	4.150	2600	4.160	900	/16842788//14337682/3527966/4.12/4.34//2008-9-18 14:54:21
34/600070/浙江富润/4.110	2600	4.100	11100	4.090	2000	4.080	400	4.070	100	4.120	11700	4.130	4500	4.140	700	4.150	2600	4.160	900	/16842788//14375153/3537066/4.12/4.34//2008-9-18 14:55:22
34/600070/浙江富润/4.110	12500	4.100	11000	4.090	2000	4.080	400	4.070	100	4.120	11300	4.130	5500	4.140	700	4.150	3600	4.160	3900	/16842788//14445170/3554066/4.12/4.34//2008-9-18 14:56:23
34/600070/浙江富润/4.110	2000	4.090	500	4.080	400	4.060	3200	4.050	5400	4.120	6000	4.130	5500	4.140	700	4.150	3600	4.160	5500	/16842788//14555126/3580866/4.1/4.34//2008-9-18 14:57:23
34/600070/浙江富润/4.110	500	4.100	1700	4.090	500	4.080	8000	4.070	2000	4.120	3900	4.130	5500	4.140	700	4.150	3600	4.160	5500	/16842788//14662137/3606866/4.12/4.34//2008-9-18 14:58:24
34/600070/浙江富润/4.100	3800	4.090	500	4.080	6600	4.070	2500	4.060	2600	4.110	13200	4.120	5000	4.130	5500	4.140	700	4.150	4600	/16842788//14694618/3614766/4.11/4.34//2008-9-18 14:59:25
34/600070/浙江富润/4.090	2700	4.080	6100	4.070	2500	4.060	2600	4.050	5400	4.100	17700	4.120	5000	4.130	5500	4.140	700	4.150	4600	/16842788//14825626/3646666/4.11/4.34//2008-9-18 15:0:26
34/600070/浙江富润/4.090	2700	4.080	6100	4.070	2500	4.060	2600	4.050	5400	4.100	17700	4.120	5000	4.130	5500	4.140	700	4.150	4600	/16842788//14825626/3646666/4.11/4.34//2008-9-18 15:1:26
34/600070/浙江富润/4.090	2700	4.080	6100	4.070	2500	4.060	2600	4.050	5400	4.100	17700	4.120	5000	4.130	5500	4.140	700	4.150	4600	/16842788//14825626/3646666/4.11/4.34//2008-9-18 15:2:27
