39/600075/新疆天业/5.750	2300	5.720	13000	5.710	11600	5.700	11400	5.680	8000	5.760	19400	5.780	18201	5.790	20700	5.800	16100	5.820	1600	/16842793//431905/75300/5.75/5.87//2008-9-18 9:31:34
39/600075/新疆天业/5.600	2400	5.580	9100	5.560	1000	5.510	500	5.500	7800	5.700	4199	5.710	5600	5.720	20000	5.750	7700	5.760	9400	/16842793//872888/153000/5.6/5.87//2008-9-18 9:32:35
39/600075/新疆天业/5.620	2400	5.610	2400	5.600	39900	5.590	1500	5.580	14800	5.690	1600	5.700	19799	5.710	7100	5.720	20000	5.760	6300	/16842793//884215/155000/5.69/5.87//2008-9-18 9:33:35
39/600075/新疆天业/5.650	18100	5.640	300	5.630	10800	5.620	1700	5.610	10600	5.660	4000	5.680	1000	5.690	17000	5.700	19799	5.710	6100	/16842793//1079282/189700/5.65/5.87//2008-9-18 9:34:35
39/600075/新疆天业/5.660	6000	5.650	21800	5.640	500	5.630	10800	5.620	700	5.680	6500	5.690	17000	5.700	16700	5.710	6100	5.760	4000	/16842793//1148276/201900/5.65/5.87//2008-9-18 9:35:35
39/600075/新疆天业/5.650	6601	5.640	500	5.630	11500	5.620	2100	5.610	15700	5.660	4100	5.670	100	5.680	500	5.690	17000	5.700	16700	/16842793//1347410/237099/5.65/5.87//2008-9-18 9:36:36
39/600075/新疆天业/5.630	11000	5.620	2300	5.610	12300	5.600	41700	5.590	500	5.640	700	5.650	30799	5.660	2600	5.670	100	5.690	17000	/16842793//1400508/246500/5.64/5.87//2008-9-18 9:37:36
39/600075/新疆天业/5.610	11300	5.600	51500	5.590	500	5.580	14300	5.560	1500	5.620	10100	5.630	200	5.640	2800	5.650	30799	5.660	2600	/16842793//1487735/262000/5.62/5.87//2008-9-18 9:38:36
39/600075/新疆天业/5.610	1600	5.600	55200	5.590	500	5.580	14300	5.560	1500	5.620	4200	5.630	200	5.640	1100	5.650	30799	5.660	2600	/16842793//1593277/280800/5.62/5.87//2008-9-18 9:39:36
39/600075/新疆天业/5.630	12100	5.620	12500	5.610	13100	5.600	55200	5.590	500	5.640	1100	5.650	30799	5.660	2600	5.690	5500	5.700	15300	/16842793//1729206/305000/5.62/5.87//2008-9-18 9:40:36
39/600075/新疆天业/5.640	8000	5.630	13600	5.620	19800	5.610	16100	5.600	56300	5.650	8299	5.660	2600	5.690	5500	5.700	14200	5.710	5500	/16842793//1876640/331100/5.65/5.87//2008-9-18 9:41:37
39/600075/新疆天业/5.650	7601	5.640	11500	5.630	13000	5.620	10800	5.610	13000	5.660	2600	5.690	5500	5.700	2100	5.710	5500	5.760	4000	/16842793//1991329/351399/5.65/5.87//2008-9-18 9:42:37
39/600075/新疆天业/5.690	500	5.670	100	5.660	3500	5.650	9601	5.640	7300	5.700	2100	5.710	5000	5.760	4000	5.780	7400	5.790	7700	/16842793//2045264/360899/5.69/5.87//2008-9-18 9:43:37
39/600075/新疆天业/5.670	3000	5.660	6200	5.650	12201	5.640	7000	5.630	13000	5.680	18500	5.700	2100	5.710	8400	5.760	4000	5.780	4400	/16842793//2063462/364099/5.68/5.87//2008-9-18 9:44:37
39/600075/新疆天业/5.670	4000	5.660	9900	5.650	12201	5.640	8100	5.630	13000	5.680	8900	5.700	2100	5.710	8400	5.760	4000	5.780	3900	/16842793//2129330/375699/5.68/5.87//2008-9-18 9:45:37
39/600075/新疆天业/5.660	11100	5.650	11701	5.640	8100	5.630	3500	5.620	10700	5.680	300	5.690	1000	5.700	2100	5.710	8400	5.760	4000	/16842793//2201425/388399/5.68/5.87//2008-9-18 9:46:38
39/600075/新疆天业/5.660	8700	5.650	9901	5.640	8100	5.630	3500	5.620	10700	5.680	18700	5.690	1000	5.700	2100	5.710	8400	5.760	4000	/16842793//2234309/394199/5.68/5.87//2008-9-18 9:47:38
39/600075/新疆天业/5.660	6100	5.650	9901	5.640	8100	5.630	4500	5.620	10700	5.680	17800	5.690	1000	5.700	2100	5.710	5000	5.760	4000	/16842793//2256967/398199/5.66/5.87//2008-9-18 9:48:38
39/600075/新疆天业/5.670	600	5.660	4600	5.650	9901	5.640	8100	5.630	4500	5.680	8500	5.690	1000	5.700	2100	5.710	7000	5.750	1500	/16842793//2326751/410499/5.68/5.87//2008-9-18 9:49:39
39/600075/新疆天业/5.690	200	5.680	8100	5.670	1100	5.660	4800	5.650	9901	5.700	2100	5.710	7000	5.750	1500	5.760	1000	5.780	3900	/16842793//2387537/421199/5.69/5.87//2008-9-18 9:50:39
39/600075/新疆天业/5.670	500	5.660	5200	5.650	9901	5.640	8100	5.630	4500	5.680	41300	5.690	300	5.700	1100	5.710	5000	5.750	1500	/16842793//2455734/433199/5.68/5.87//2008-9-18 9:51:39
39/600075/新疆天业/5.650	9901	5.640	8100	5.630	7700	5.620	8700	5.610	9900	5.660	300	5.670	1000	5.680	41800	5.690	300	5.700	1100	/16842793//2492521/439699/5.66/5.87//2008-9-18 9:52:39
39/600075/新疆天业/5.650	6801	5.640	8100	5.630	7700	5.620	8700	5.610	9900	5.660	3300	5.670	100	5.680	41800	5.690	300	5.700	1100	/16842793//2508899/442599/5.65/5.87//2008-9-18 9:53:40
39/600075/新疆天业/5.640	7800	5.630	7700	5.620	8700	5.610	9900	5.600	61200	5.650	1499	5.660	1300	5.670	100	5.680	41800	5.690	300	/16842793//2552975/450400/5.65/5.87//2008-9-18 9:54:40
39/600075/新疆天业/5.630	7600	5.620	2800	5.610	10400	5.600	61200	5.590	500	5.640	5900	5.650	1499	5.660	1300	5.670	500	5.680	41300	/16842793//2602036/459100/5.63/5.87//2008-9-18 9:55:40
39/600075/新疆天业/5.590	400	5.580	14600	5.560	1700	5.550	21100	5.530	1400	5.600	21099	5.630	11800	5.660	1300	5.670	500	5.680	41300	/16842793//3152778/557300/5.6/5.87//2008-9-18 9:56:41
39/600075/新疆天业/5.600	4001	5.580	11800	5.560	4700	5.550	22100	5.530	1400	5.630	11800	5.660	1300	5.670	500	5.680	41300	5.690	300	/16842793//3373193/596698/5.6/5.87//2008-9-18 9:57:41
39/600075/新疆天业/5.610	1500	5.600	24801	5.590	1300	5.580	13100	5.560	8900	5.630	11100	5.660	1300	5.670	2400	5.680	42300	5.690	300	/16842793//3373802/596799/5.63/5.87//2008-9-18 9:58:41
39/600075/新疆天业/5.620	1000	5.610	21700	5.600	26901	5.590	300	5.580	13100	5.630	7100	5.660	300	5.670	2400	5.680	42300	5.690	300	/16842793//3394054/600399/5.63/5.87//2008-9-18 9:59:41
39/600075/新疆天业/5.610	20500	5.600	22100	5.590	300	5.580	15100	5.560	4700	5.620	1468	5.630	5100	5.660	300	5.670	3400	5.680	42300	/16842793//3410934/603399/5.63/5.87//2008-9-18 10:0:42
39/600075/新疆天业/5.580	7600	5.560	4700	5.550	24400	5.530	11500	5.520	1000	5.590	1700	5.600	32000	5.610	1600	5.620	4169	5.630	5600	/16842793//3738634/661899/5.59/5.87//2008-9-18 10:1:42
39/600075/新疆天业/5.560	3000	5.550	2100	5.530	11500	5.520	1000	5.510	7400	5.570	1000	5.580	4201	5.590	4900	5.600	32000	5.610	1600	/16842793//4030933/714499/5.55/5.58//2008-9-18 10:2:42
39/600075/新疆天业/5.550	500	5.530	1700	5.520	1000	5.510	7400	5.500	36300	5.560	3600	5.570	1000	5.580	4701	5.590	3500	5.600	32000	/16842793//4076303/722699/5.56/5.58//2008-9-18 10:3:42
39/600075/新疆天业/5.520	300	5.510	5050	5.500	37200	5.480	2500	5.470	3000	5.530	13400	5.550	10200	5.560	5100	5.580	4701	5.590	3500	/16842793//4203081/745649/5.51/5.58//2008-9-18 10:4:43
39/600075/新疆天业/5.510	950	5.500	38300	5.480	2500	5.470	3000	5.460	12000	5.520	2000	5.530	8100	5.550	8000	5.560	5100	5.580	4701	/16842793//4376331/777049/5.51/5.58//2008-9-18 10:5:43
39/600075/新疆天业/5.520	2800	5.510	3150	5.500	38500	5.480	700	5.470	3000	5.530	9700	5.550	7700	5.560	5100	5.580	4201	5.590	3500	/16842793//4502603/799949/5.52/5.58//2008-9-18 10:6:43
39/600075/新疆天业/5.520	6000	5.510	24050	5.500	35500	5.480	700	5.470	3000	5.530	400	5.550	8500	5.560	5100	5.580	500	5.590	3500	/16842793//4622002/821549/5.52/5.58//2008-9-18 10:7:44
39/600075/新疆天业/5.530	1900	5.520	3190	5.510	23550	5.500	35500	5.480	800	5.550	3500	5.560	5100	5.580	500	5.590	3500	5.600	34000	/16842793//4763133/847059/5.53/5.58//2008-9-18 10:8:44
39/600075/新疆天业/5.550	6500	5.540	900	5.530	8600	5.520	3590	5.510	23750	5.560	2100	5.580	500	5.590	1000	5.600	34000	5.620	468	/16842793//4794379/852659/5.56/5.58//2008-9-18 10:9:44
39/600075/新疆天业/5.560	7000	5.550	8500	5.540	2900	5.530	6800	5.520	3590	5.580	1200	5.590	1000	5.600	34000	5.620	468	5.630	4800	/16842793//4801051/853859/5.56/5.58//2008-9-18 10:10:44
39/600075/新疆天业/5.550	1100	5.540	2900	5.530	6800	5.520	3690	5.510	23750	5.560	900	5.580	1200	5.590	2100	5.600	34000	5.620	468	/16842793//4896066/870959/5.56/5.58//2008-9-18 10:11:45
39/600075/新疆天业/5.560	5100	5.550	2600	5.540	3600	5.530	6800	5.520	3690	5.580	1200	5.590	4600	5.600	2000	5.620	468	5.630	4800	/16842793//4891062/870059/5.56/5.58//2008-9-18 10:12:45
39/600075/新疆天业/5.550	2600	5.540	3600	5.530	3800	5.520	3690	5.510	23850	5.560	5300	5.580	3579	5.590	3100	5.600	2000	5.620	468	/16842793//4926090/876359/5.56/5.58//2008-9-18 10:13:45
39/600075/新疆天业/5.530	2600	5.520	3990	5.510	24050	5.500	49500	5.480	100	5.540	2000	5.560	15450	5.580	1879	5.590	3100	5.600	2000	/16842793//4990424/887959/5.54/5.58//2008-9-18 10:14:46
39/600075/新疆天业/5.520	3990	5.510	20050	5.500	49500	5.480	100	5.470	3000	5.530	499	5.550	19100	5.560	11550	5.580	1879	5.590	3100	/16842793//5071222/902559/5.53/5.58//2008-9-18 10:15:46
39/600075/新疆天业/5.550	1200	5.530	10301	5.520	8490	5.510	20050	5.500	49800	5.560	9550	5.580	1879	5.590	4200	5.600	2000	5.620	468	/16842793//5239711/932958/5.55/5.58//2008-9-18 10:16:46
39/600075/新疆天业/5.580	1271	5.560	15200	5.550	44500	5.540	2000	5.520	7390	5.590	2000	5.600	2000	5.630	4800	5.650	500	5.660	700	/16842793//5347785/952387/5.59/5.58//2008-9-18 10:17:47
39/600075/新疆天业/5.580	3171	5.570	12000	5.560	7200	5.550	6300	5.540	1800	5.590	2700	5.600	200	5.630	4800	5.650	500	5.660	700	/16842793//5384679/958987/5.59/5.58//2008-9-18 10:18:47
39/600075/新疆天业/5.590	4100	5.580	2871	5.570	12000	5.560	8900	5.550	6300	5.600	200	5.630	4800	5.650	500	5.660	700	5.670	300	/16842793//5399772/961687/5.59/5.58//2008-9-18 10:19:47
39/600075/新疆天业/5.590	3800	5.580	3871	5.570	12000	5.560	8300	5.540	1800	5.630	4800	5.650	500	5.660	900	5.670	4300	5.680	43300	/16842793//5448428/970387/5.59/5.58//2008-9-18 10:20:48
39/600075/新疆天业/5.590	2300	5.580	2871	5.560	8300	5.540	1800	5.530	500	5.600	9800	5.620	17000	5.630	4800	5.650	500	5.660	900	/16842793//5497701/979187/5.6/5.58//2008-9-18 10:21:48
39/600075/新疆天业/5.590	2300	5.580	1771	5.560	4700	5.540	1800	5.530	500	5.600	8500	5.610	4401	5.620	17000	5.630	4800	5.650	500	/16842793//5577221/993387/5.6/5.58//2008-9-18 10:22:48
39/600075/新疆天业/5.590	1671	5.560	3700	5.540	1800	5.530	500	5.520	7590	5.600	15100	5.610	4701	5.620	12000	5.630	4800	5.650	500	/16842793//5662775/1008687/5.58/5.58//2008-9-18 10:23:48
39/600075/新疆天业/5.560	1900	5.540	3600	5.530	5000	5.520	7590	5.510	17000	5.590	20729	5.600	15100	5.610	4701	5.620	12000	5.630	4800	/16842793//5693809/1014258/5.56/5.58//2008-9-18 10:24:49
39/600075/新疆天业/5.560	1900	5.540	3600	5.530	5100	5.520	8090	5.510	17000	5.580	12100	5.590	17629	5.600	15200	5.610	1000	5.620	12000	/16842793//5706710/1016558/5.58/5.58//2008-9-18 10:25:49
39/600075/新疆天业/5.560	4900	5.540	3600	5.530	4900	5.520	8090	5.510	17000	5.580	1600	5.590	78029	5.600	10200	5.610	1000	5.620	12000	/16842793//5765300/1027058/5.58/5.58//2008-9-18 10:26:49
39/600075/新疆天业/5.560	1800	5.540	3600	5.530	6400	5.520	8690	5.510	17000	5.580	1500	5.590	77129	5.600	59500	5.610	1000	5.620	12000	/16842793//5822138/1037258/5.56/5.58//2008-9-18 10:27:50
39/600075/新疆天业/5.540	12000	5.530	5800	5.520	10690	5.510	17000	5.500	50600	5.560	1000	5.580	3500	5.590	72129	5.600	59400	5.620	12000	/16842793//5852646/1042758/5.54/5.58//2008-9-18 10:28:50
39/600075/新疆天业/5.550	5500	5.540	17433	5.530	6300	5.520	20790	5.510	17000	5.580	6801	5.590	9200	5.600	59400	5.620	12000	5.630	4800	/16842793//5951659/1060625/5.55/5.58//2008-9-18 10:29:50
39/600075/新疆天业/5.550	2400	5.540	17433	5.530	7300	5.520	20790	5.510	17000	5.580	6101	5.590	9200	5.600	59400	5.620	12000	5.630	4800	/16842793//6048250/1078025/5.55/5.58//2008-9-18 10:30:51
39/600075/新疆天业/5.550	5400	5.540	15733	5.530	7300	5.520	20790	5.510	18000	5.570	5000	5.580	6101	5.590	9200	5.600	59400	5.620	12000	/16842793//6079868/1083725/5.55/5.58//2008-9-18 10:31:51
39/600075/新疆天业/5.560	4800	5.550	5700	5.540	16133	5.530	6300	5.520	20790	5.590	301	5.600	59400	5.620	12000	5.630	4800	5.650	500	/16842793//6207069/1106525/5.56/5.58//2008-9-18 10:32:51
39/600075/新疆天业/5.560	7800	5.550	6600	5.540	16133	5.530	6300	5.520	20790	5.590	34701	5.600	59400	5.620	12000	5.630	4800	5.650	500	/16842793//6240459/1112525/5.59/5.58//2008-9-18 10:33:52
39/600075/新疆天业/5.550	1400	5.540	16633	5.530	7500	5.520	20790	5.510	18500	5.560	7800	5.580	2100	5.590	33701	5.600	59400	5.620	15000	/16842793//6376628/1137025/5.55/5.58//2008-9-18 10:34:52
39/600075/新疆天业/5.490	1000	5.480	100	5.470	3000	5.460	2600	5.450	3500	5.500	36777	5.550	100	5.560	7900	5.580	2100	5.590	15500	/16842793//7137645/1275048/5.5/5.58//2008-9-18 10:35:52
39/600075/新疆天业/5.510	11700	5.500	58422	5.490	1000	5.480	100	5.470	3000	5.550	100	5.560	1100	5.580	2100	5.590	15500	5.600	59400	/16842793//7471394/1335726/5.51/5.58//2008-9-18 10:36:53
39/600075/新疆天业/5.510	200	5.500	6122	5.490	1000	5.480	2600	5.470	3000	5.560	1100	5.580	2600	5.590	15500	5.600	59400	5.620	15000	/16842793//7912108/1415826/5.5/5.58//2008-9-18 10:37:53
39/600075/新疆天业/5.460	1000	5.450	1900	5.430	600	5.420	1800	5.410	4300	5.470	3200	5.490	400	5.500	25378	5.560	1100	5.580	4900	/16842793//8105624/1451048/5.47/5.58//2008-9-18 10:38:53
39/600075/新疆天业/5.470	12400	5.460	1100	5.450	2100	5.430	2600	5.420	16900	5.500	24378	5.550	14300	5.560	1100	5.580	4900	5.590	900	/16842793//0/0/5.47/5.58//2008-9-18 10:39:54
39/600075/新疆天业/5.480	8300	5.470	13400	5.460	7000	5.450	3100	5.430	4900	5.500	22878	5.550	14300	5.560	1100	5.570	20000	5.580	4900	/16842793//8169717/1462748/5.5/5.58//2008-9-18 10:40:54
39/600075/新疆天业/5.500	11222	5.490	1200	5.480	4800	5.470	13400	5.460	4000	5.560	2100	5.570	20000	5.580	4900	5.590	11100	5.600	51000	/16842793//8301046/1486626/5.5/5.58//2008-9-18 10:41:54
39/600075/新疆天业/5.500	1822	5.490	1200	5.480	5300	5.470	13400	5.460	6800	5.550	35000	5.560	4100	5.570	20000	5.580	2900	5.590	11100	/16842793//8378612/1500726/5.5/5.58//2008-9-18 10:42:55
39/600075/新疆天业/5.520	800	5.510	1000	5.500	7422	5.490	11200	5.480	8600	5.530	1300	5.540	5000	5.550	35000	5.560	5100	5.580	2900	/16842793//8380820/1501126/5.52/5.58//2008-9-18 10:43:55
39/600075/新疆天业/5.490	6022	5.480	8600	5.470	13400	5.460	6800	5.450	7700	5.510	8499	5.520	6400	5.530	1300	5.540	500	5.550	35000	/16842793//8501796/1523126/5.49/5.58//2008-9-18 10:44:56
39/600075/新疆天业/5.460	6800	5.450	7700	5.430	5200	5.420	16900	5.410	5400	5.470	1000	5.480	3000	5.490	978	5.500	26000	5.510	8499	/16842793//8715503/1562148/5.47/5.58//2008-9-18 10:45:56
39/600075/新疆天业/5.450	400	5.430	4300	5.420	16900	5.410	5400	5.400	7100	5.460	11000	5.470	200	5.490	978	5.500	46000	5.510	8499	/16842793//8763367/1570948/5.43/5.58//2008-9-18 10:46:56
39/600075/新疆天业/5.420	17800	5.410	7500	5.400	10200	5.390	600	5.380	28800	5.430	2500	5.440	4700	5.450	3100	5.460	11000	5.470	200	/16842793//8787279/1575348/5.43/5.58//2008-9-18 10:47:57
39/600075/新疆天业/5.430	3700	5.420	100	5.410	27500	5.400	11200	5.390	20600	5.460	100	5.490	978	5.500	60300	5.510	8499	5.520	3000	/16842793//9019975/1618148/5.43/5.58//2008-9-18 10:48:57
39/600075/新疆天业/5.410	11100	5.400	11000	5.390	20600	5.380	28800	5.370	500	5.460	100	5.480	1700	5.490	2278	5.500	46000	5.510	8499	/16842793//9157512/1643548/5.41/5.58//2008-9-18 10:49:57
39/600075/新疆天业/5.420	20600	5.410	1500	5.400	10300	5.390	20600	5.380	28800	5.430	100	5.460	1400	5.470	200	5.480	3700	5.490	2278	/16842793//9272326/1664748/5.42/5.58//2008-9-18 10:50:58
39/600075/新疆天业/5.430	16100	5.420	20600	5.410	10500	5.400	27100	5.390	20600	5.470	200	5.480	3700	5.490	2278	5.500	46000	5.510	8499	/16842793//9305035/1670748/5.43/5.58//2008-9-18 10:51:58
39/600075/新疆天业/5.430	15200	5.420	20500	5.410	10500	5.400	27100	5.390	20600	5.460	1000	5.470	470	5.480	3700	5.490	2278	5.500	46000	/16842793//9305035/1670748/5.43/5.58//2008-9-18 10:52:58
39/600075/新疆天业/5.430	15300	5.420	20500	5.410	10500	5.400	25200	5.390	20600	5.440	800	5.450	10800	5.460	500	5.470	470	5.480	1700	/16842793//9309935/1671648/5.45/5.58//2008-9-18 10:53:59
39/600075/新疆天业/5.440	3100	5.430	8300	5.420	20500	5.410	10500	5.400	25400	5.450	5800	5.470	470	5.480	1700	5.490	17278	5.500	46000	/16842793//9396920/1687648/5.45/5.58//2008-9-18 10:54:59
39/600075/新疆天业/5.430	7000	5.420	20600	5.410	10500	5.400	25400	5.390	20600	5.450	2500	5.470	470	5.480	1700	5.490	17278	5.500	46000	/16842793//9445894/1696648/5.43/5.58//2008-9-18 10:56:0
39/600075/新疆天业/5.430	13300	5.420	20600	5.410	10500	5.400	25800	5.390	20600	5.440	8600	5.450	11100	5.470	470	5.480	1700	5.490	17278	/16842793//9471470/1701348/5.44/5.58//2008-9-18 10:57:0
39/600075/新疆天业/5.420	20600	5.410	10500	5.400	25800	5.390	20600	5.380	28800	5.430	3000	5.440	2600	5.450	11100	5.470	470	5.480	12700	/16842793//9617060/1728148/5.43/5.58//2008-9-18 10:58:0
39/600075/新疆天业/5.420	3900	5.410	11500	5.400	25900	5.390	20600	5.380	28800	5.430	22280	5.450	11100	5.470	470	5.480	12700	5.490	1978	/16842793//9682596/1740248/5.43/5.58//2008-9-18 10:59:1
39/600075/新疆天业/5.420	1000	5.400	19300	5.390	20600	5.380	28800	5.370	500	5.430	22280	5.450	11100	5.470	470	5.480	12700	5.490	1978	/16842793//9877263/1776248/5.4/5.58//2008-9-18 11:0:1
39/600075/新疆天业/5.400	15900	5.390	20600	5.380	28800	5.370	500	5.360	1100	5.420	21930	5.430	20780	5.440	4600	5.450	11100	5.470	470	/16842793//9845420/1770348/5.4/5.58//2008-9-18 11:1:2
39/600075/新疆天业/5.410	7100	5.400	4900	5.390	20600	5.380	28800	5.370	500	5.420	17730	5.430	20780	5.440	4600	5.450	11650	5.470	470	/16842793//9905553/1781448/5.41/5.58//2008-9-18 11:2:2
39/600075/新疆天业/5.400	3100	5.390	21400	5.380	28800	5.370	500	5.360	1100	5.410	17300	5.420	14730	5.430	19580	5.440	4600	5.450	11100	/16842793//10043410/1806948/5.4/5.58//2008-9-18 11:3:2
39/600075/新疆天业/5.400	3000	5.390	12092	5.380	28800	5.370	500	5.360	1100	5.410	1000	5.420	14730	5.430	19580	5.440	4600	5.450	1700	/16842793//10203740/1836656/5.39/5.58//2008-9-18 11:4:3
39/600075/新疆天业/5.410	300	5.400	16800	5.390	14092	5.380	28800	5.370	500	5.420	730	5.430	19580	5.440	4600	5.450	2200	5.470	470	/16842793//10378998/1869056/5.41/5.58//2008-9-18 11:5:3
39/600075/新疆天业/5.410	300	5.400	19700	5.390	14092	5.380	28800	5.370	500	5.420	12130	5.430	19580	5.440	4600	5.450	2200	5.470	470	/16842793//10416371/1875956/5.42/5.58//2008-9-18 11:6:4
39/600075/新疆天业/5.420	9370	5.410	7700	5.400	24200	5.390	14092	5.380	28800	5.430	19580	5.450	2200	5.470	470	5.480	12700	5.490	1978	/16842793//10493498/1890186/5.42/5.58//2008-9-18 11:7:4
39/600075/新疆天业/5.450	6500	5.440	6500	5.430	19920	5.420	11870	5.410	11600	5.480	2900	5.490	1978	5.500	47800	5.520	3000	5.530	1300	/16842793//10666595/1921966/5.48/5.58//2008-9-18 11:8:4
39/600075/新疆天业/5.460	2000	5.450	2800	5.440	7200	5.430	19920	5.420	3870	5.480	2900	5.490	3978	5.500	46800	5.520	3000	5.540	1500	/16842793//10703248/1928666/5.48/5.58//2008-9-18 11:9:5
39/600075/新疆天业/5.460	1500	5.450	4300	5.440	17200	5.430	19920	5.420	2870	5.480	4200	5.490	7778	5.500	46800	5.520	3000	5.540	2500	/16842793//10738330/1935066/5.48/5.58//2008-9-18 11:10:5
39/600075/新疆天业/5.450	3900	5.440	17200	5.430	20420	5.420	2870	5.410	11600	5.460	4900	5.480	3900	5.490	7778	5.500	46800	5.520	3000	/16842793//10790745/1944666/5.46/5.58//2008-9-18 11:11:6
39/600075/新疆天业/5.460	3800	5.450	4400	5.440	17200	5.430	20420	5.420	2070	5.480	3900	5.490	7778	5.500	46800	5.520	3000	5.540	2500	/16842793//10834425/1952666/5.46/5.58//2008-9-18 11:12:6
39/600075/新疆天业/5.450	2701	5.440	17200	5.430	20420	5.420	2070	5.410	11600	5.460	5900	5.480	4170	5.490	7778	5.500	46800	5.520	3000	/16842793//10872077/1959565/5.45/5.58//2008-9-18 11:13:7
39/600075/新疆天业/5.440	17200	5.430	20420	5.420	2070	5.410	10500	5.400	15200	5.450	4200	5.460	4399	5.480	4170	5.490	8078	5.500	46800	/16842793//10908627/1966266/5.46/5.58//2008-9-18 11:14:7
39/600075/新疆天业/5.450	3882	5.440	16800	5.430	20420	5.420	2870	5.410	10500	5.460	5399	5.480	4170	5.490	8078	5.500	47800	5.520	3000	/16842793//10937046/1971484/5.45/5.58//2008-9-18 11:15:7
39/600075/新疆天业/5.460	101	5.450	3982	5.440	16800	5.430	20420	5.420	2870	5.480	4170	5.490	8078	5.500	47800	5.520	3000	5.540	2500	/16842793//10961065/1975883/5.46/5.58//2008-9-18 11:16:8
39/600075/新疆天业/5.460	7700	5.450	3483	5.440	16800	5.430	20420	5.420	2870	5.480	4970	5.490	7278	5.500	47800	5.520	3000	5.540	2500	/16842793//10965432/1976683/5.48/5.58//2008-9-18 11:17:8
39/600075/新疆天业/5.460	6400	5.450	11483	5.440	16800	5.430	20420	5.420	2870	5.480	5870	5.490	8278	5.500	47800	5.520	3000	5.540	2500	/16842793//10972530/1977983/5.46/5.58//2008-9-18 11:18:9
39/600075/新疆天业/5.480	4890	5.470	2500	5.460	4700	5.450	11483	5.440	16800	5.490	8278	5.500	47800	5.520	3000	5.540	2500	5.560	2100	/16842793//11036099/1989593/5.48/5.58//2008-9-18 11:19:9
39/600075/新疆天业/5.460	3900	5.450	12483	5.440	16800	5.430	20420	5.420	2870	5.470	2300	5.490	4578	5.500	47800	5.520	3000	5.540	2500	/16842793//11084264/1998383/5.46/5.58//2008-9-18 11:20:10
39/600075/新疆天业/5.440	16800	5.430	20420	5.420	2870	5.410	10900	5.400	15700	5.450	38617	5.460	100	5.470	800	5.490	6078	5.500	48300	/16842793//11168141/2013766/5.45/5.58//2008-9-18 11:21:10
39/600075/新疆天业/5.440	11500	5.430	20420	5.420	2870	5.410	10900	5.400	15700	5.450	38617	5.460	100	5.470	800	5.490	6078	5.500	48300	/16842793//11196973/2019066/5.44/5.58//2008-9-18 11:22:10
39/600075/新疆天业/5.440	8900	5.430	20420	5.420	3470	5.410	10900	5.400	15700	5.450	36817	5.460	100	5.490	16878	5.500	48300	5.520	3000	/16842793//11229097/2024966/5.45/5.58//2008-9-18 11:23:11
39/600075/新疆天业/5.440	2900	5.430	20420	5.420	3470	5.410	10900	5.400	15700	5.450	39817	5.460	600	5.490	16878	5.500	48500	5.520	20400	/16842793//11256287/2029966/5.44/5.58//2008-9-18 11:24:11
39/600075/新疆天业/5.430	20420	5.420	3470	5.410	10900	5.400	15700	5.390	14392	5.440	800	5.450	30817	5.460	600	5.480	4600	5.490	16878	/16842793//11387566/2054066/5.45/5.58//2008-9-18 11:25:12
39/600075/新疆天业/5.430	13000	5.400	3490	5.390	14392	5.380	30500	5.370	500	5.440	3700	5.450	29117	5.460	600	5.480	4600	5.490	16878	/16842793//11631164/2099066/5.43/5.58//2008-9-18 11:26:12
39/600075/新疆天业/5.420	1600	5.400	3890	5.390	14392	5.380	30500	5.370	500	5.430	17500	5.440	59600	5.450	29117	5.460	500	5.480	25200	/16842793//11704469/2112566/5.43/5.58//2008-9-18 11:27:13
39/600075/新疆天业/5.400	12990	5.390	14392	5.380	30500	5.370	500	5.360	1200	5.420	1800	5.430	16500	5.440	59400	5.450	29117	5.460	1000	/16842793//11719645/2115366/5.42/5.58//2008-9-18 11:28:13
39/600075/新疆天业/5.390	14392	5.380	30500	5.370	500	5.360	1200	5.350	4300	5.400	3009	5.420	800	5.430	16500	5.440	55900	5.450	29117	/16842793//11792501/2128856/5.4/5.58//2008-9-18 11:29:14
39/600075/新疆天业/5.380	793	5.370	500	5.360	1200	5.350	4300	5.330	43100	5.400	609	5.420	1000	5.430	18000	5.450	29117	5.460	3400	/16842793//12042858/2175355/5.4/5.58//2008-9-18 11:30:14
39/600075/新疆天业/5.380	793	5.370	500	5.360	1200	5.350	4300	5.330	43100	5.400	609	5.420	1000	5.430	18000	5.450	29117	5.460	3400	/16842793//12042858/2175355/5.4/5.58//2008-9-18 11:31:15
39/600075/新疆天业/5.350	200	5.340	1200	5.330	1200	5.320	1400	5.310	7600	5.380	12400	5.400	7209	5.420	3500	5.430	16500	5.450	29717	/16842793//12186453/2202148/5.35/5.58//2008-9-18 13:1:15
39/600075/新疆天业/5.350	600	5.340	200	5.330	1200	5.320	1800	5.310	8100	5.380	6500	5.400	8209	5.420	3500	5.430	16500	5.450	29717	/16842793//12240653/2212248/5.35/5.58//2008-9-18 13:2:16
39/600075/新疆天业/5.350	5500	5.340	200	5.330	1200	5.320	1800	5.310	8100	5.360	2000	5.380	12500	5.400	8209	5.420	3500	5.430	16500	/16842793//12267960/2217348/5.36/5.58//2008-9-18 13:3:16
39/600075/新疆天业/5.360	2100	5.350	6900	5.340	14900	5.330	1200	5.320	2300	5.380	20300	5.400	8209	5.420	3500	5.430	16500	5.450	29717	/16842793//12284576/2220448/5.36/5.58//2008-9-18 13:4:17
39/600075/新疆天业/5.360	3600	5.350	7200	5.340	14900	5.330	1200	5.320	2300	5.380	21000	5.400	8209	5.420	3500	5.430	16500	5.450	28717	/16842793//12292108/2221848/5.38/5.58//2008-9-18 13:5:17
39/600075/新疆天业/5.360	3000	5.350	8800	5.340	14900	5.330	1200	5.320	1900	5.400	8209	5.420	3500	5.430	16500	5.450	28717	5.460	3400	/16842793//12402924/2242448/5.36/5.58//2008-9-18 13:6:18
39/600075/新疆天业/5.350	9500	5.340	14900	5.330	1200	5.320	1900	5.310	11100	5.360	10100	5.400	8209	5.420	3500	5.430	16500	5.450	28717	/16842793//12429188/2247348/5.36/5.58//2008-9-18 13:7:18
39/600075/新疆天业/5.360	12800	5.350	22400	5.340	14900	5.330	21400	5.320	21900	5.390	3500	5.400	7609	5.420	2700	5.430	16500	5.450	28717	/16842793//12520437/2264348/5.36/5.58//2008-9-18 13:8:19
39/600075/新疆天业/5.360	11400	5.350	12900	5.340	1400	5.330	21400	5.320	21900	5.380	200	5.390	4200	5.400	7609	5.420	3700	5.430	16500	/16842793//12533316/2266748/5.36/5.58//2008-9-18 13:9:19
39/600075/新疆天业/5.370	20000	5.360	22200	5.350	29700	5.340	2400	5.330	21400	5.390	1500	5.400	7609	5.420	3700	5.430	16500	5.450	28717	/16842793//12551608/2270148/5.37/5.58//2008-9-18 13:10:20
39/600075/新疆天业/5.360	31000	5.350	13400	5.340	2400	5.330	21400	5.320	21900	5.370	29200	5.390	300	5.400	7609	5.420	3700	5.450	2600	/16842793//12669777/2292148/5.37/5.58//2008-9-18 13:11:20
39/600075/新疆天业/5.360	23700	5.350	14200	5.340	9700	5.330	21400	5.320	21900	5.370	28200	5.390	400	5.400	6809	5.420	2700	5.450	2600	/16842793//12676219/2293348/5.37/5.58//2008-9-18 13:12:21
39/600075/新疆天业/5.360	23700	5.350	14000	5.340	9700	5.330	20200	5.320	21900	5.370	6100	5.380	1000	5.390	800	5.400	6609	5.420	2700	/16842793//12794896/2315448/5.37/5.58//2008-9-18 13:13:21
39/600075/新疆天业/5.380	7000	5.370	3600	5.360	34400	5.350	15900	5.340	9900	5.390	800	5.400	6609	5.420	2700	5.450	2600	5.460	3400	/16842793//12848081/2325348/5.38/5.58//2008-9-18 13:14:22
39/600075/新疆天业/5.390	3200	5.350	15700	5.340	9900	5.330	21400	5.320	21900	5.400	6609	5.420	2700	5.450	2600	5.460	2900	5.480	5400	/16842793//13156247/2382748/5.39/5.58//2008-9-18 13:15:22
39/600075/新疆天业/5.350	18300	5.340	9900	5.330	20400	5.320	21900	5.310	9600	5.390	15700	5.400	7109	5.420	3200	5.450	2600	5.460	2900	/16842793//13161098/2383648/5.39/5.58//2008-9-18 13:16:23
39/600075/新疆天业/5.360	14900	5.350	17900	5.340	3100	5.330	20400	5.320	26900	5.380	1800	5.390	15700	5.400	7109	5.420	3200	5.450	2600	/16842793//13162170/2383848/5.36/5.58//2008-9-18 13:17:23
39/600075/新疆天业/5.350	18400	5.340	4100	5.330	21400	5.320	26900	5.310	9600	5.360	21400	5.370	500	5.380	17900	5.390	21000	5.400	7109	/16842793//13216306/2393948/5.36/5.58//2008-9-18 13:18:24
39/600075/新疆天业/5.350	18700	5.340	11500	5.330	21400	5.320	26900	5.310	9600	5.360	9300	5.380	17900	5.390	21000	5.400	7109	5.420	3200	/16842793//13286512/2407048/5.36/5.58//2008-9-18 13:19:24
39/600075/新疆天业/5.370	5000	5.360	22000	5.350	37500	5.340	11500	5.330	22400	5.380	7900	5.390	21000	5.400	7109	5.420	3200	5.450	3100	/16842793//13390160/2426348/5.38/5.58//2008-9-18 13:20:25
39/600075/新疆天业/5.380	21400	5.370	12000	5.360	24500	5.350	37500	5.340	10500	5.390	3300	5.400	7109	5.420	3200	5.450	3100	5.460	2900	/16842793//13463385/2439948/5.39/5.58//2008-9-18 13:21:25
39/600075/新疆天业/5.400	12591	5.390	15800	5.380	18500	5.370	12000	5.360	6500	5.420	3200	5.450	6400	5.460	2900	5.480	5400	5.490	5678	/16842793//13521721/2450757/5.4/5.58//2008-9-18 13:22:26
39/600075/新疆天业/5.430	4100	5.420	7300	5.410	5700	5.400	19691	5.390	15800	5.450	6400	5.460	2400	5.480	800	5.490	5678	5.500	54200	/16842793//13542323/2454557/5.43/5.58//2008-9-18 13:23:26
39/600075/新疆天业/5.450	34200	5.440	200	5.430	4100	5.420	1300	5.410	5700	5.460	2400	5.480	1300	5.490	18478	5.500	54200	5.520	3000	/16842793//13579923/2461457/5.45/5.58//2008-9-18 13:24:27
39/600075/新疆天业/5.460	1100	5.450	32800	5.440	200	5.430	1000	5.420	300	5.470	300	5.480	9100	5.490	17378	5.500	54200	5.520	3000	/16842793//13637726/2472057/5.47/5.58//2008-9-18 13:25:27
39/600075/新疆天业/5.480	12700	5.470	1500	5.460	1500	5.450	6800	5.440	200	5.490	17378	5.500	54600	5.520	3000	5.540	2000	5.550	3500	/16842793//13714964/2486157/5.48/5.58//2008-9-18 13:26:28
39/600075/新疆天业/5.480	2300	5.470	11500	5.460	1500	5.450	4800	5.440	200	5.500	43178	5.520	3000	5.540	2000	5.550	3500	5.560	1100	/16842793//13944433/2527957/5.48/5.58//2008-9-18 13:27:28
39/600075/新疆天业/5.470	7922	5.460	1500	5.450	4800	5.430	1000	5.420	1000	5.490	1950	5.520	1000	5.540	2000	5.550	4100	5.560	1100	/16842793//14344382/2600735/5.47/5.58//2008-9-18 13:28:29
39/600075/新疆天业/5.470	3822	5.460	400	5.450	4800	5.440	10000	5.430	1000	5.480	1400	5.490	2555	5.500	1500	5.510	3000	5.520	1000	/16842793//14369549/2605335/5.48/5.58//2008-9-18 13:29:29
39/600075/新疆天业/5.460	400	5.450	4800	5.440	10000	5.430	1000	5.420	1000	5.470	2378	5.480	1400	5.500	3200	5.510	3000	5.520	1000	/16842793//14419993/2614557/5.47/5.58//2008-9-18 13:30:30
39/600075/新疆天业/5.470	2000	5.460	400	5.450	4800	5.440	10000	5.430	1000	5.500	5778	5.510	1000	5.520	1000	5.540	2000	5.550	4100	/16842793//14503494/2629757/5.5/5.58//2008-9-18 13:31:30
39/600075/新疆天业/5.490	2000	5.480	1000	5.470	3300	5.460	400	5.450	4800	5.500	6678	5.520	1000	5.540	2000	5.550	4100	5.560	1100	/16842793//14569944/2641857/5.5/5.58//2008-9-18 13:32:31
39/600075/新疆天业/5.500	6322	5.490	4100	5.480	1200	5.470	2200	5.460	400	5.520	1000	5.540	1000	5.550	4100	5.560	1100	5.580	3100	/16842793//14653423/2657035/5.5/5.58//2008-9-18 13:33:31
39/600075/新疆天业/5.550	23900	5.520	4400	5.500	8722	5.490	2000	5.480	1300	5.560	100	5.580	3100	5.590	12400	5.600	60600	5.620	15000	/16842793//14782278/2680335/5.55/5.58//2008-9-18 13:34:32
39/600075/新疆天业/5.520	200	5.500	6922	5.490	2000	5.480	300	5.470	200	5.550	5170	5.560	11700	5.580	11500	5.590	23400	5.600	60100	/16842793//15051425/2728835/5.56/5.58//2008-9-18 13:35:32
39/600075/新疆天业/5.510	1300	5.500	7800	5.480	300	5.470	1200	5.460	400	5.520	3400	5.550	21570	5.560	11700	5.580	11200	5.590	22400	/16842793//15120173/2741235/5.52/5.58//2008-9-18 13:36:33
39/600075/新疆天业/5.500	16600	5.480	4100	5.470	1200	5.460	400	5.450	2800	5.520	2900	5.540	6500	5.550	22070	5.560	11700	5.570	1000	/16842793//15158151/2748135/5.5/5.58//2008-9-18 13:37:34
39/600075/新疆天业/5.480	4100	5.470	200	5.460	5100	5.450	2800	5.440	10000	5.500	900	5.550	16370	5.560	11700	5.570	1000	5.580	6200	/16842793//15407554/2793335/5.5/5.58//2008-9-18 13:38:34
39/600075/新疆天业/5.510	400	5.500	27000	5.490	300	5.480	4200	5.470	200	5.550	15870	5.560	11700	5.570	1000	5.580	4200	5.590	22400	/16842793//15449381/2800935/5.51/5.58//2008-9-18 13:39:35
39/600075/新疆天业/5.520	1000	5.510	3700	5.500	21400	5.490	300	5.480	4900	5.550	15370	5.560	11700	5.570	1000	5.580	4200	5.590	22400	/16842793//15449381/2800935/5.51/5.58//2008-9-18 13:40:35
39/600075/新疆天业/5.520	3730	5.500	11300	5.490	800	5.480	4100	5.470	200	5.560	11000	5.570	17000	5.580	4500	5.590	22400	5.600	79100	/16842793//15733633/2852305/5.52/5.58//2008-9-18 13:41:36
39/600075/新疆天业/5.530	12100	5.520	6730	5.500	11700	5.490	2800	5.480	4100	5.560	1800	5.600	79100	5.620	3000	5.630	4800	5.640	1600	/16842793//15985004/2897405/5.56/5.58//2008-9-18 13:42:36
39/600075/新疆天业/5.560	3800	5.540	1400	5.530	13100	5.520	5230	5.500	11700	5.590	7700	5.600	79600	5.620	3000	5.630	4800	5.640	1600	/16842793//15997792/2899705/5.56/5.58//2008-9-18 13:43:37
39/600075/新疆天业/5.580	1000	5.570	10500	5.560	3800	5.550	100	5.540	3400	5.590	600	5.600	79100	5.620	3000	5.630	4800	5.640	1600	/16842793//16060405/2910905/5.58/5.58//2008-9-18 13:44:37
39/600075/新疆天业/5.590	2900	5.580	2000	5.570	1500	5.560	3300	5.550	100	5.600	74500	5.620	3000	5.630	4800	5.640	1000	5.650	500	/16842793//16174277/2931305/5.59/5.58//2008-9-18 13:45:38
39/600075/新疆天业/5.580	2000	5.570	600	5.560	3800	5.550	100	5.540	5000	5.600	59400	5.620	3000	5.630	4800	5.640	1000	5.650	500	/16842793//16391320/2970105/5.6/5.58//2008-9-18 13:46:39
39/600075/新疆天业/5.600	5050	5.590	200	5.580	4000	5.570	600	5.560	3800	5.620	3000	5.630	4800	5.640	1000	5.650	500	5.660	1000	/16842793//16744762/3033255/5.6/5.58//2008-9-18 13:47:39
39/600075/新疆天业/5.590	3500	5.580	4300	5.570	600	5.560	2400	5.550	200	5.600	9400	5.610	2400	5.620	4300	5.630	4800	5.640	4500	/16842793//16925754/3065555/5.6/5.58//2008-9-18 13:48:40
39/600075/新疆天业/5.580	1800	5.570	800	5.560	2400	5.550	500	5.540	3600	5.590	4500	5.600	23300	5.620	4500	5.630	4800	5.640	4500	/16842793//16988888/3076855/5.58/5.58//2008-9-18 13:49:40
39/600075/新疆天业/5.560	2400	5.550	500	5.540	3600	5.530	7100	5.520	5230	5.570	1000	5.580	8600	5.590	4500	5.600	36300	5.620	5000	/16842793//16996694/3078255/5.57/5.58//2008-9-18 13:50:41
39/600075/新疆天业/5.540	3600	5.530	7100	5.520	5230	5.510	5700	5.500	26300	5.550	19500	5.560	12700	5.570	3000	5.580	2800	5.590	4700	/16842793//17012812/3081155/5.55/5.58//2008-9-18 13:51:41
39/600075/新疆天业/5.530	7900	5.520	5230	5.510	10700	5.500	25800	5.490	300	5.540	52700	5.550	1500	5.560	12500	5.570	3000	5.580	2600	/16842793//17143756/3104755/5.54/5.58//2008-9-18 13:52:42
39/600075/新疆天业/5.530	2100	5.520	8430	5.510	10700	5.500	24000	5.490	300	5.540	14300	5.560	9500	5.570	3000	5.580	2600	5.590	4700	/16842793//17455420/3161055/5.53/5.58//2008-9-18 13:53:42
39/600075/新疆天业/5.520	15330	5.510	10700	5.500	24000	5.490	300	5.480	300	5.530	100	5.540	32800	5.560	9500	5.570	2500	5.580	2600	/16842793//17475344/3164655/5.53/5.58//2008-9-18 13:54:43
39/600075/新疆天业/5.510	9330	5.500	24000	5.480	2200	5.470	200	5.460	400	5.520	1400	5.530	100	5.540	32800	5.560	9400	5.570	2500	/16842793//17574132/3182555/5.52/5.58//2008-9-18 13:55:44
39/600075/新疆天业/5.530	12000	5.520	3100	5.510	9330	5.500	28100	5.480	4200	5.540	2800	5.560	9400	5.570	2500	5.580	2600	5.590	2700	/16842793//17748614/3214055/5.54/5.58//2008-9-18 13:56:44
39/600075/新疆天业/5.540	25300	5.530	22200	5.520	2200	5.510	9730	5.500	28100	5.550	22300	5.560	1500	5.570	2500	5.580	2600	5.590	2700	/16842793//17927088/3246255/5.55/5.58//2008-9-18 13:57:45
39/600075/新疆天业/5.550	5400	5.540	10000	5.530	9000	5.520	1600	5.510	9730	5.560	20000	5.570	500	5.580	2600	5.590	2900	5.600	41400	/16842793//18197090/3294955/5.55/5.58//2008-9-18 13:58:45
39/600075/新疆天业/5.570	3700	5.560	12300	5.550	15700	5.540	10000	5.530	9000	5.590	1200	5.600	47900	5.620	4500	5.630	4800	5.640	3000	/16842793//18496414/3348555/5.6/5.58//2008-9-18 13:59:46
39/600075/新疆天业/5.570	7600	5.560	13300	5.550	5700	5.540	10000	5.530	9000	5.590	12800	5.600	47900	5.620	4500	5.630	4800	5.640	3000	/16842793//18516342/3352155/5.57/5.58//2008-9-18 14:0:47
39/600075/新疆天业/5.560	2900	5.550	5700	5.540	10000	5.530	9000	5.510	9730	5.570	5200	5.580	2900	5.590	13300	5.600	47900	5.620	4500	/16842793//18602120/3367555/5.57/5.58//2008-9-18 14:1:47
39/600075/新疆天业/5.540	10000	5.530	9000	5.510	10730	5.500	32600	5.480	4200	5.550	13400	5.560	2100	5.570	5700	5.580	2400	5.590	12800	/16842793//18657094/3377455/5.55/5.58//2008-9-18 14:2:48
39/600075/新疆天业/5.520	7000	5.510	15130	5.500	27600	5.480	4200	5.470	200	5.540	41950	5.550	13400	5.560	600	5.570	500	5.580	2400	/16842793//18776596/3399055/5.52/5.58//2008-9-18 14:3:48
39/600075/新疆天业/5.500	800	5.480	4200	5.470	200	5.460	400	5.450	7800	5.520	7500	5.530	100	5.540	41950	5.550	5600	5.560	600	/16842793//19018838/3443055/5.5/5.58//2008-9-18 14:4:49
39/600075/新疆天业/5.460	5200	5.450	13600	5.440	10000	5.430	1000	5.420	1000	5.520	7500	5.530	100	5.540	41450	5.550	5600	5.560	600	/16842793//19063170/3451155/5.46/5.58//2008-9-18 14:5:50
39/600075/新疆天业/5.480	12300	5.470	8500	5.460	15300	5.450	13600	5.440	10000	5.520	5500	5.530	100	5.540	41450	5.550	5600	5.560	600	/16842793//19309444/3496155/5.48/5.58//2008-9-18 14:6:50
39/600075/新疆天业/5.500	12200	5.490	25000	5.480	31100	5.470	9500	5.460	7200	5.530	1400	5.540	41450	5.550	5600	5.560	600	5.570	1100	/16842793//19410928/3514555/5.53/5.58//2008-9-18 14:7:51
39/600075/新疆天业/5.490	12600	5.480	17700	5.470	9500	5.460	7700	5.450	14800	5.500	3600	5.540	5350	5.550	5600	5.560	600	5.570	600	/16842793//19867416/3597255/5.5/5.58//2008-9-18 14:8:51
39/600075/新疆天业/5.520	1000	5.500	33750	5.490	19900	5.480	12700	5.470	9500	5.550	5600	5.560	600	5.570	600	5.580	2300	5.590	10600	/16842793//20435278/3700305/5.5/5.58//2008-9-18 14:9:52
39/600075/新疆天业/5.530	600	5.520	4600	5.510	6100	5.500	39550	5.490	22200	5.550	17500	5.560	600	5.580	2300	5.590	11200	5.600	49900	/16842793//20824320/3770405/5.55/5.58//2008-9-18 14:10:53
39/600075/新疆天业/5.550	54400	5.540	2100	5.530	800	5.520	6600	5.510	13400	5.580	2000	5.590	12900	5.600	67600	5.620	200	5.630	4800	/16842793//20907034/3785305/5.55/5.58//2008-9-18 14:11:53
39/600075/新疆天业/5.570	3200	5.560	6600	5.550	28800	5.540	800	5.530	800	5.580	1200	5.590	17050	5.600	67900	5.610	1000	5.620	200	/16842793//21089730/3818205/5.58/5.58//2008-9-18 14:12:54
39/600075/新疆天业/5.590	900	5.580	200	5.570	1000	5.560	1300	5.550	22800	5.600	39350	5.610	1000	5.620	200	5.630	4800	5.640	3000	/16842793//21600988/3909605/5.6/5.58//2008-9-18 14:13:55
39/600075/新疆天业/5.590	700	5.580	200	5.570	10000	5.560	11300	5.550	22800	5.600	29650	5.610	1000	5.620	200	5.630	4800	5.640	3000	/16842793//21452678/3883105/5.6/5.58//2008-9-18 14:14:55
39/600075/新疆天业/5.600	7140	5.590	6400	5.570	6900	5.560	11300	5.550	16400	5.610	500	5.620	200	5.630	4800	5.640	3000	5.650	3000	/16842793//21773230/3940365/5.6/5.58//2008-9-18 14:15:56
39/600075/新疆天业/5.570	6900	5.560	11300	5.550	16400	5.530	300	5.520	6000	5.590	2460	5.600	138872	5.610	1000	5.620	200	5.630	4800	/16842793//21849550/3954005/5.59/5.58//2008-9-18 14:16:56
39/600075/新疆天业/5.550	32500	5.540	600	5.530	11300	5.520	6700	5.510	14800	5.590	6460	5.600	64122	5.610	1000	5.620	1200	5.630	4800	/16842793//22185588/4014505/5.55/5.58//2008-9-18 14:17:57
39/600075/新疆天业/5.600	79378	5.590	3800	5.570	900	5.560	7400	5.550	19900	5.610	1000	5.620	1200	5.630	4800	5.640	3000	5.650	3500	/16842793//22637576/4095227/5.6/5.58//2008-9-18 14:18:58
39/600075/新疆天业/5.680	4500	5.670	400	5.660	800	5.650	5400	5.640	23700	5.700	3000	5.720	1000	5.730	600	5.740	6200	5.750	500	/16842793//22906048/4142727/5.68/5.58//2008-9-18 14:19:58
39/600075/新疆天业/5.710	15900	5.700	92200	5.690	1000	5.680	23400	5.670	5900	5.730	800	5.740	6200	5.750	500	5.760	4000	5.770	200	/16842793//23162376/4187727/5.71/5.58//2008-9-18 14:20:59
39/600075/新疆天业/5.780	8500	5.760	11700	5.750	2000	5.740	3100	5.730	10700	5.790	5300	5.800	32200	5.830	22500	5.840	3100	5.850	10500	/16842793//23433454/4234827/5.78/5.58//2008-9-18 14:22:0
39/600075/新疆天业/5.780	3900	5.750	1900	5.740	900	5.730	9000	5.720	11000	5.790	12800	5.800	32200	5.810	4000	5.820	700	5.830	3500	/16842793//23708392/4282427/5.78/5.58//2008-9-18 14:23:0
39/600075/新疆天业/5.770	2900	5.750	1000	5.740	2300	5.730	9000	5.710	1100	5.780	32100	5.790	13900	5.800	35400	5.820	700	5.840	3300	/16842793//23777658/4294427/5.77/5.58//2008-9-18 14:24:1
39/600075/新疆天业/5.740	2600	5.730	9000	5.710	1700	5.700	48200	5.690	1000	5.750	11100	5.770	2400	5.780	28900	5.790	10900	5.800	35400	/16842793//23852554/4307427/5.75/5.58//2008-9-18 14:25:2
39/600075/新疆天业/5.730	5100	5.710	3900	5.700	42200	5.690	1000	5.680	1100	5.740	3800	5.750	4600	5.760	11200	5.770	6500	5.780	28900	/16842793//24000094/4333127/5.74/5.58//2008-9-18 14:26:2
39/600075/新疆天业/5.690	1000	5.680	1700	5.670	5900	5.650	1000	5.630	29000	5.720	800	5.740	17000	5.750	2900	5.760	11200	5.770	6500	/16842793//24394832/4402227/5.72/5.58//2008-9-18 14:27:3
39/600075/新疆天业/5.670	5400	5.650	6300	5.640	5300	5.630	26000	5.620	600	5.680	4600	5.690	1000	5.700	27000	5.720	27600	5.740	16300	/16842793//24410126/4404927/5.68/5.58//2008-9-18 14:28:4
39/600075/新疆天业/5.650	1500	5.640	100	5.630	26000	5.620	600	5.610	1500	5.670	5200	5.690	1301	5.700	26500	5.720	43200	5.740	17700	/16842793//24512866/4423027/5.67/5.58//2008-9-18 14:29:4
39/600075/新疆天业/5.630	900	5.620	600	5.610	1500	5.600	2500	5.590	500	5.650	600	5.660	1000	5.670	5200	5.690	3101	5.700	26500	/16842793//24667730/4450527/5.63/5.58//2008-9-18 14:30:5
39/600075/新疆天业/5.660	1700	5.650	6200	5.630	1400	5.620	600	5.610	6300	5.670	5200	5.690	2101	5.700	27000	5.720	42400	5.740	7500	/16842793//24686380/4453827/5.65/5.58//2008-9-18 14:31:6
39/600075/新疆天业/5.690	8699	5.670	2000	5.660	3500	5.650	3800	5.630	900	5.700	28000	5.720	43200	5.740	7500	5.750	3500	5.760	11000	/16842793//24724966/4460628/5.69/5.58//2008-9-18 14:32:6
39/600075/新疆天业/5.680	1100	5.670	2100	5.660	9000	5.650	3800	5.630	900	5.690	5201	5.700	28000	5.720	42400	5.740	6500	5.750	3500	/16842793//24785260/4471227/5.67/5.58//2008-9-18 14:33:7
39/600075/新疆天业/5.700	2199	5.670	2100	5.660	8500	5.650	15400	5.630	900	5.720	38300	5.740	7300	5.750	4000	5.760	11000	5.770	2900	/16842793//25063156/4520028/5.7/5.58//2008-9-18 14:34:8
39/600075/新疆天业/5.690	5100	5.680	200	5.670	2100	5.660	9000	5.650	7700	5.700	3000	5.710	1000	5.720	38300	5.740	7300	5.750	4000	/16842793//25101854/4526827/5.68/5.58//2008-9-18 14:35:8
39/600075/新疆天业/5.700	800	5.680	1300	5.670	3200	5.660	9000	5.650	7700	5.710	300	5.720	45300	5.740	6800	5.750	4000	5.760	1000	/16842793//25225950/4548627/5.7/5.58//2008-9-18 14:36:9
39/600075/新疆天业/5.680	600	5.670	900	5.660	2500	5.650	7700	5.630	1900	5.710	1300	5.720	2400	5.740	6000	5.750	7200	5.760	1000	/16842793//25617476/4617127/5.72/5.58//2008-9-18 14:37:10
39/600075/新疆天业/5.670	800	5.660	13900	5.650	8700	5.630	1900	5.610	7800	5.680	15400	5.700	18500	5.710	21000	5.720	91558	5.740	6000	/16842793//25750016/4640327/5.68/5.58//2008-9-18 14:38:10
39/600075/新疆天业/5.680	21300	5.660	13900	5.650	8700	5.630	1900	5.610	7200	5.700	56300	5.710	12500	5.720	86058	5.740	6500	5.750	6900	/16842793//26115772/4704527/5.68/5.58//2008-9-18 14:39:11
39/600075/新疆天业/5.650	8700	5.630	1900	5.610	7200	5.600	3100	5.590	700	5.660	600	5.670	8800	5.680	32400	5.690	3000	5.700	43100	/16842793//26649514/4798627/5.66/5.58//2008-9-18 14:40:12
39/600075/新疆天业/5.650	7400	5.630	1900	5.610	16100	5.600	3100	5.590	700	5.660	1000	5.670	10800	5.680	2400	5.690	1000	5.700	43100	/16842793//26532740/4778027/5.65/5.58//2008-9-18 14:41:12
39/600075/新疆天业/5.630	800	5.620	4500	5.610	3400	5.600	3600	5.590	500	5.650	1400	5.660	1000	5.670	8520	5.690	1000	5.700	43100	/16842793//26671734/4802727/5.65/5.58//2008-9-18 14:42:13
39/600075/新疆天业/5.660	300	5.650	600	5.640	500	5.630	800	5.620	4500	5.670	4520	5.690	1500	5.700	43100	5.710	19400	5.720	85558	/16842793//26714124/4810227/5.66/5.58//2008-9-18 14:43:14
39/600075/新疆天业/5.650	1200	5.620	4500	5.610	8400	5.600	4100	5.590	500	5.660	1100	5.670	3520	5.680	500	5.690	1500	5.700	43100	/16842793//26790772/4823827/5.65/5.58//2008-9-18 14:44:14
39/600075/新疆天业/5.660	300	5.630	2600	5.620	5500	5.610	8400	5.600	4100	5.670	1000	5.690	1320	5.700	43100	5.710	19400	5.720	85758	/16842793//26845178/4833427/5.69/5.58//2008-9-18 14:45:15
39/600075/新疆天业/5.630	5600	5.620	4800	5.610	11400	5.600	4100	5.590	500	5.650	2000	5.660	7368	5.680	10000	5.690	6620	5.700	44600	/16842793//26846876/4833727/5.66/5.58//2008-9-18 14:46:16
39/600075/新疆天业/5.610	1200	5.600	4100	5.590	500	5.560	1500	5.550	6100	5.620	4800	5.630	1000	5.650	2000	5.660	3268	5.670	10000	/16842793//27046800/4869327/5.61/5.58//2008-9-18 14:47:16
39/600075/新疆天业/5.590	500	5.560	1000	5.550	6100	5.540	800	5.530	300	5.600	3700	5.610	5300	5.650	3200	5.660	4700	5.670	10000	/16842793//26986696/4858627/5.6/5.58//2008-9-18 14:48:17
39/600075/新疆天业/5.570	2000	5.550	15600	5.540	800	5.530	300	5.510	7100	5.600	6700	5.610	200	5.650	20200	5.660	5200	5.670	10000	/16842793//27003376/4861627/5.55/5.58//2008-9-18 14:49:18
39/600075/新疆天业/5.560	19400	5.550	15100	5.530	300	5.510	8100	5.500	22000	5.570	800	5.600	13000	5.610	200	5.650	20200	5.660	5200	/16842793//27045108/4869127/5.56/5.58//2008-9-18 14:50:18
39/600075/新疆天业/5.570	11300	5.560	19600	5.550	15100	5.540	100	5.530	300	5.600	13000	5.610	200	5.650	20200	5.660	5200	5.670	10000	/16842793//27062376/4872227/5.57/5.58//2008-9-18 14:51:19
39/600075/新疆天业/5.580	2000	5.570	15000	5.560	19700	5.550	15300	5.540	100	5.600	16000	5.610	200	5.640	8000	5.650	20200	5.660	6700	/16842793//27113332/4881327/5.6/5.58//2008-9-18 14:52:20
39/600075/新疆天业/5.590	18800	5.580	1300	5.570	18300	5.560	19700	5.550	28400	5.600	14400	5.610	200	5.640	8000	5.650	22200	5.660	6200	/16842793//27155258/4888827/5.59/5.58//2008-9-18 14:53:21
39/600075/新疆天业/5.590	10570	5.580	5300	5.570	19200	5.560	19700	5.550	28200	5.610	200	5.640	8000	5.650	23000	5.660	5700	5.670	10000	/16842793//27293668/4913557/5.59/5.58//2008-9-18 14:54:21
39/600075/新疆天业/5.600	3700	5.580	9100	5.570	19200	5.560	20300	5.550	29200	5.620	1000	5.640	8000	5.650	24000	5.660	5700	5.670	10000	/16842793//27435448/4938857/5.6/5.58//2008-9-18 14:55:22
39/600075/新疆天业/5.600	1991	5.580	9100	5.570	14400	5.560	20300	5.550	30200	5.610	11500	5.620	17500	5.640	10000	5.650	24000	5.660	5700	/16842793//27500518/4950475/5.6/5.58//2008-9-18 14:56:23
39/600075/新疆天业/5.580	12900	5.570	14400	5.560	20300	5.550	17100	5.540	38200	5.600	80767	5.610	2500	5.620	27500	5.640	10000	5.650	24000	/16842793//27583294/4965257/5.6/5.58//2008-9-18 14:57:23
39/600075/新疆天业/5.570	26400	5.560	20300	5.550	17100	5.540	1200	5.530	10300	5.580	7900	5.590	6200	5.600	80267	5.610	2500	5.620	27000	/16842793//27717204/4989257/5.57/5.58//2008-9-18 14:58:24
39/600075/新疆天业/5.550	7100	5.540	2200	5.530	10300	5.510	17100	5.500	8800	5.560	53367	5.590	7200	5.600	300	5.610	2000	5.620	27000	/16842793//28083682/5055057/5.56/5.58//2008-9-18 14:59:25
39/600075/新疆天业/5.550	6300	5.540	2900	5.530	20300	5.510	17100	5.500	8300	5.560	15567	5.590	7200	5.600	300	5.610	2000	5.620	27000	/16842793//28313274/5096357/5.56/5.58//2008-9-18 15:0:26
39/600075/新疆天业/5.550	6300	5.540	2900	5.530	20300	5.510	17100	5.500	8300	5.560	15567	5.590	7200	5.600	300	5.610	2000	5.620	27000	/16842793//28313274/5096357/5.56/5.58//2008-9-18 15:1:26
39/600075/新疆天业/5.550	6300	5.540	2900	5.530	20300	5.510	17100	5.500	8300	5.560	15567	5.590	7200	5.600	300	5.610	2000	5.620	27000	/16842793//28313274/5096357/5.56/5.58//2008-9-18 15:2:27
