8/600009/上海机场/15.630	700	15.600	7300	15.500	9600	15.350	2200	15.300	3100	15.680	1100	15.700	4300	15.710	500	15.740	100	15.750	1600	/16842761//1309381/84897/15.68/15.75//2008-9-18 9:31:34
8/600009/上海机场/15.710	500	15.700	1600	15.400	1200	15.350	600	15.300	3000	15.800	1900	15.840	7500	15.860	100	15.870	1600	15.890	900	/16842761//1684571/108632/15.81/15.75//2008-9-18 9:32:35
8/600009/上海机场/15.420	2000	15.410	3300	15.400	1800	15.350	600	15.300	3000	15.780	5400	15.790	50000	15.800	5900	15.810	11100	15.820	300	/16842761//1749195/112732/15.71/15.75//2008-9-18 9:33:35
8/600009/上海机场/15.430	3800	15.420	13400	15.400	1900	15.350	1600	15.310	1100	15.700	7551	15.730	5100	15.760	200	15.770	6000	15.780	4500	/16842761//1768035/113932/15.7/15.75//2008-9-18 9:34:35
8/600009/上海机场/15.450	7000	15.440	700	15.420	11700	15.400	2900	15.390	200	15.670	5000	15.680	6400	15.690	27100	15.700	44051	15.730	3100	/16842761//2186340/141032/15.44/15.75//2008-9-18 9:35:35
8/600009/上海机场/15.460	400	15.450	300	15.430	2500	15.420	12000	15.400	2400	15.600	100	15.650	4200	15.660	12700	15.670	12100	15.680	2200	/16842761//2240613/144532/15.45/15.75//2008-9-18 9:36:36
8/600009/上海机场/15.460	100	15.450	1700	15.440	700	15.430	2500	15.420	19300	15.590	4100	15.600	22200	15.660	12400	15.670	8000	15.680	5200	/16842761//2277703/146932/15.45/15.75//2008-9-18 9:37:36
8/600009/上海机场/15.450	1100	15.440	500	15.430	2500	15.420	18300	15.410	1100	15.460	500	15.500	14000	15.580	10500	15.590	3700	15.600	22500	/16842761//2345679/151332/15.45/15.75//2008-9-18 9:38:36
8/600009/上海机场/15.460	12400	15.450	500	15.440	1500	15.430	3400	15.420	18300	15.500	11300	15.580	12500	15.590	3600	15.600	22100	15.660	2400	/16842761//2492623/160832/15.46/15.75//2008-9-18 9:39:36
8/600009/上海机场/15.500	10500	15.480	6500	15.470	2100	15.460	12400	15.450	1000	15.580	4600	15.590	3600	15.600	22100	15.660	2300	15.680	5200	/16842761//2784671/179632/15.58/15.75//2008-9-18 9:40:36
8/600009/上海机场/15.510	8500	15.500	12200	15.480	6500	15.470	1100	15.460	12300	15.570	1700	15.590	1700	15.600	22200	15.660	2300	15.680	3200	/16842761//2935688/189332/15.57/15.75//2008-9-18 9:41:37
8/600009/上海机场/15.520	100	15.510	9500	15.500	12200	15.480	6700	15.470	1100	15.570	1700	15.580	300	15.590	10691	15.600	24300	15.660	2300	/16842761//2966712/191332/15.52/15.75//2008-9-18 9:42:37
8/600009/上海机场/15.510	6500	15.500	12200	15.480	6700	15.470	1100	15.460	12400	15.560	5000	15.570	1700	15.580	300	15.590	10691	15.600	26300	/16842761//3056684/197132/15.51/15.75//2008-9-18 9:43:37
8/600009/上海机场/15.530	500	15.510	1400	15.500	11200	15.480	6700	15.470	1100	15.550	400	15.560	5500	15.570	1700	15.580	300	15.590	10691	/16842761//3124926/201532/15.51/15.75//2008-9-18 9:44:37
8/600009/上海机场/15.550	5100	15.530	700	15.510	2400	15.500	11200	15.480	6700	15.560	2900	15.570	1700	15.580	300	15.590	10691	15.600	25800	/16842761//3176267/204832/15.56/15.75//2008-9-18 9:45:37
8/600009/上海机场/15.500	7700	15.480	6700	15.470	1100	15.460	12400	15.450	2500	15.510	3400	15.530	100	15.550	30000	15.560	700	15.570	1700	/16842761//3325403/214432/15.51/15.75//2008-9-18 9:46:38
8/600009/上海机场/15.510	4200	15.500	15700	15.480	6700	15.470	1600	15.460	12400	15.540	100	15.550	28800	15.560	700	15.590	10891	15.600	26347	/16842761//3420066/220532/15.51/15.75//2008-9-18 9:47:38
8/600009/上海机场/15.510	3800	15.500	16600	15.480	6700	15.470	1600	15.460	12400	15.530	100	15.550	28000	15.560	700	15.590	11091	15.600	26347	/16842761//3476029/224132/15.51/15.75//2008-9-18 9:48:38
8/600009/上海机场/15.510	100	15.500	1000	15.490	1500	15.480	6600	15.470	1600	15.550	22799	15.560	700	15.580	1000	15.590	11091	15.600	26347	/16842761//3916542/252532/15.51/15.75//2008-9-18 9:49:39
8/600009/上海机场/15.510	99	15.500	1100	15.490	1500	15.480	6600	15.470	1600	15.550	22199	15.560	200	15.580	1000	15.590	11091	15.600	26347	/16842761//3927435/253233/15.51/15.75//2008-9-18 9:50:39
8/600009/上海机场/15.460	9500	15.450	7200	15.440	100	15.430	1900	15.420	300	15.510	1	15.550	22199	15.560	200	15.580	1000	15.590	1100	/16842761//4373375/282032/15.51/15.75//2008-9-18 9:51:39
8/600009/上海机场/15.480	100	15.470	1000	15.460	10000	15.450	7400	15.440	100	15.490	1000	15.500	29999	15.510	1	15.550	22299	15.560	200	/16842761//4436840/286132/15.47/15.75//2008-9-18 9:52:39
8/600009/上海机场/15.470	600	15.460	3900	15.450	7400	15.440	100	15.430	700	15.500	29799	15.510	1	15.550	22299	15.560	200	15.580	1000	/16842761//4574475/295032/15.5/15.75//2008-9-18 9:53:40
8/600009/上海机场/15.460	4200	15.450	7200	15.440	100	15.430	700	15.420	300	15.490	5400	15.500	31799	15.510	1	15.550	22299	15.560	200	/16842761//4594585/296332/15.46/15.75//2008-9-18 9:54:40
8/600009/上海机场/15.450	7200	15.440	100	15.430	700	15.420	300	15.410	1000	15.460	2900	15.470	1000	15.480	100	15.490	5400	15.500	31799	/16842761//4688891/302432/15.46/15.75//2008-9-18 9:55:40
8/600009/上海机场/15.450	7200	15.440	100	15.430	700	15.420	300	15.410	1000	15.460	9900	15.480	700	15.490	5400	15.500	37799	15.510	1	/16842761//4664155/300832/15.46/15.75//2008-9-18 9:56:41
8/600009/上海机场/15.430	700	15.420	300	15.410	1000	15.400	1600	15.390	300	15.440	800	15.450	27679	15.460	15300	15.480	700	15.490	1400	/16842761//4776939/308132/15.44/15.75//2008-9-18 9:57:41
8/600009/上海机场/15.420	100	15.410	1000	15.400	4600	15.390	500	15.370	1000	15.440	3194	15.450	26679	15.460	15300	15.480	700	15.490	1400	/16842761//4849490/312832/15.44/15.75//2008-9-18 9:58:41
8/600009/上海机场/15.410	400	15.400	4600	15.390	500	15.370	1000	15.360	300	15.420	5300	15.430	500	15.440	4994	15.450	26099	15.460	2200	/16842761//4844829/312532/15.42/15.75//2008-9-18 9:59:41
8/600009/上海机场/15.400	200	15.390	500	15.370	1000	15.360	300	15.350	4300	15.410	1800	15.420	10800	15.430	500	15.440	4994	15.450	21099	/16842761//4946484/319132/15.4/15.75//2008-9-18 10:0:42
8/600009/上海机场/15.360	1400	15.350	2700	15.320	100	15.310	1900	15.300	3200	15.400	5100	15.410	3800	15.420	5600	15.430	500	15.440	4994	/16842761//5098658/329032/15.36/15.75//2008-9-18 10:1:42
8/600009/上海机场/15.290	200	15.250	300	15.240	500	15.200	1000	15.180	1700	15.300	2400	15.360	500	15.390	1000	15.400	6100	15.410	3800	/16842761//5273369/340432/15.3/15.36//2008-9-18 10:2:42
8/600009/上海机场/15.160	6000	15.110	1000	15.100	1100	15.090	200	15.080	700	15.180	11400	15.250	16000	15.300	2100	15.360	500	15.390	1200	/16842761//5364725/346432/15.18/15.36//2008-9-18 10:3:42
8/600009/上海机场/15.100	5200	15.090	200	15.080	1100	15.050	300	15.030	1700	15.110	3800	15.150	5600	15.160	12900	15.180	10300	15.250	16000	/16842761//5563058/359532/15.11/15.36//2008-9-18 10:4:43
8/600009/上海机场/15.000	61600	14.980	200	14.900	7300	14.880	1900	14.860	1000	15.010	2185	15.100	3408	15.110	2700	15.150	5600	15.160	12600	/16842761//6116681/396332/15.01/15.36//2008-9-18 10:5:43
8/600009/上海机场/14.900	7000	14.880	1600	14.860	1300	14.850	400	14.840	1300	14.970	1000	14.980	12400	15.000	101300	15.100	1785	15.110	2700	/16842761//7142738/464732/14.97/15.36//2008-9-18 10:6:43
8/600009/上海机场/14.800	600	14.790	1000	14.770	300	14.750	700	14.720	1000	14.900	2800	14.910	500	14.980	700	15.000	67900	15.100	1785	/16842761//7609008/496132/14.8/15.36//2008-9-18 10:7:44
8/600009/上海机场/14.800	2400	14.760	2000	14.750	300	14.730	700	14.720	1100	14.980	300	14.990	2200	15.000	7400	15.100	1785	15.110	1300	/16842761//8139080/531832/14.8/15.36//2008-9-18 10:8:44
8/600009/上海机场/14.840	500	14.820	10100	14.810	3600	14.800	28600	14.790	200	15.000	8300	15.100	1785	15.110	1300	15.150	3000	15.160	300	/16842761//8563392/560432/14.82/15.36//2008-9-18 10:9:44
8/600009/上海机场/15.000	5600	14.860	4700	14.850	2700	14.830	1300	14.820	5100	15.100	1785	15.110	1300	15.150	3300	15.160	300	15.180	10200	/16842761//8926621/584832/15.0/15.36//2008-9-18 10:10:44
8/600009/上海机场/15.010	100	15.000	300	14.910	12400	14.900	157600	14.880	1000	15.100	885	15.110	1300	15.150	3300	15.160	300	15.180	10200	/16842761//9144139/599332/15.1/15.36//2008-9-18 10:11:45
8/600009/上海机场/14.990	100	14.920	1300	14.910	17600	14.900	158600	14.880	1100	15.000	200	15.010	4300	15.060	400	15.080	1400	15.090	24200	/16842761//9184664/602032/15.0/15.36//2008-9-18 10:12:45
8/600009/上海机场/15.000	2600	14.990	100	14.980	100	14.920	11500	14.910	16400	15.010	4300	15.060	400	15.080	1500	15.090	24200	15.100	2085	/16842761//9205664/603432/15.0/15.36//2008-9-18 10:13:45
8/600009/上海机场/15.000	10100	14.980	100	14.920	11500	14.910	14900	14.900	163300	15.010	2600	15.060	400	15.080	300	15.090	24200	15.100	2585	/16842761//9262681/607232/15.01/15.36//2008-9-18 10:14:46
8/600009/上海机场/15.000	700	14.980	100	14.930	100	14.920	12000	14.910	16100	15.090	16200	15.100	2785	15.110	1300	15.150	3300	15.160	200	/16842761//9731483/638432/15.09/15.36//2008-9-18 10:15:46
8/600009/上海机场/15.090	9520	15.080	2000	15.000	2000	14.980	100	14.930	300	15.100	1185	15.110	1300	15.150	3300	15.160	200	15.180	3800	/16842761//0/0/15.1/15.36//2008-9-18 10:16:46
8/600009/上海机场/15.080	1800	15.060	10000	15.050	169000	15.000	500	14.930	700	15.100	8365	15.110	1300	15.150	3300	15.180	3800	15.190	500	/16842761//10220445/670832/15.08/15.36//2008-9-18 10:17:47
8/600009/上海机场/15.060	9900	15.050	169000	15.000	3300	14.930	700	14.920	500	15.080	15800	15.100	8365	15.110	1300	15.150	3300	15.180	3800	/16842761//10285291/675132/15.08/15.36//2008-9-18 10:18:47
8/600009/上海机场/15.060	10700	15.050	169200	15.000	3300	14.930	200	14.920	500	15.080	9700	15.100	8365	15.110	1300	15.150	3300	15.180	3800	/16842761//10378785/681332/15.08/15.36//2008-9-18 10:19:47
8/600009/上海机场/15.080	6900	15.060	9800	15.050	169700	15.000	3300	14.930	200	15.100	8365	15.110	1000	15.150	3300	15.180	3800	15.190	1500	/16842761//10588397/695232/15.08/15.36//2008-9-18 10:20:48
8/600009/上海机场/15.050	165100	15.000	3400	14.930	200	14.920	500	14.910	1700	15.100	8865	15.110	1000	15.150	3300	15.180	3500	15.190	1500	/16842761//10927361/717732/15.1/15.36//2008-9-18 10:21:48
8/600009/上海机场/15.050	156400	15.000	1300	14.930	200	14.920	500	14.910	1700	15.100	7765	15.110	1000	15.150	3300	15.180	3500	15.190	1500	/16842761//11252616/739332/15.05/15.36//2008-9-18 10:22:48
8/600009/上海机场/15.090	100	15.060	2000	15.050	145432	15.000	1700	14.940	800	15.100	7965	15.110	1000	15.150	3300	15.180	3500	15.190	1500	/16842761//11523102/757300/15.09/15.36//2008-9-18 10:23:48
8/600009/上海机场/15.050	131739	15.000	1900	14.940	800	14.930	200	14.920	500	15.060	1208	15.090	1000	15.100	7965	15.110	1000	15.150	3300	/16842761//11771348/773793/15.05/15.36//2008-9-18 10:24:49
8/600009/上海机场/15.050	79121	15.000	2400	14.940	800	14.930	200	14.920	500	15.060	1208	15.100	7965	15.110	1000	15.150	3300	15.180	3500	/16842761//12563249/826411/15.05/15.36//2008-9-18 10:25:49
8/600009/上海机场/15.050	67429	15.000	2400	14.940	800	14.930	200	14.920	600	15.060	1008	15.090	200	15.100	7965	15.110	1000	15.150	3300	/16842761//12745235/838503/15.05/15.36//2008-9-18 10:26:49
8/600009/上海机场/15.050	28736	15.000	2600	14.940	800	14.930	200	14.920	600	15.060	1108	15.090	200	15.100	7965	15.110	1000	15.150	3300	/16842761//13335095/877696/15.05/15.36//2008-9-18 10:27:50
8/600009/上海机场/15.000	198218	14.940	800	14.930	200	14.920	600	14.910	1200	15.060	308	15.090	200	15.100	7965	15.110	1000	15.150	3300	/16842761//13791314/908014/15.06/15.36//2008-9-18 10:28:50
8/600009/上海机场/15.060	1124	15.010	6300	15.000	204493	14.930	200	14.920	600	15.090	200	15.100	7965	15.110	1000	15.150	3300	15.180	3500	/16842761//13842379/911415/15.06/15.36//2008-9-18 10:29:50
8/600009/上海机场/15.010	6280	15.000	204493	14.930	200	14.920	600	14.910	1200	15.050	1676	15.060	3000	15.090	2000	15.100	7965	15.110	1000	/16842761//13861498/912685/15.01/15.36//2008-9-18 10:30:51
8/600009/上海机场/15.010	1860	15.000	204493	14.930	200	14.920	600	14.910	1200	15.040	1000	15.050	1376	15.060	3000	15.090	200	15.100	7765	/16842761//14001408/922005/15.01/15.36//2008-9-18 10:31:51
8/600009/上海机场/15.050	90504	15.040	100	15.010	2060	15.000	204493	14.930	200	15.060	1500	15.090	200	15.100	7765	15.110	1000	15.150	3300	/16842761//14195213/934875/15.05/15.36//2008-9-18 10:32:51
8/600009/上海机场/15.050	64384	15.040	100	15.010	2060	15.000	196693	14.930	200	15.060	600	15.080	100	15.090	200	15.100	7765	15.110	1000	/16842761//14625964/963495/15.05/15.36//2008-9-18 10:33:52
8/600009/上海机场/15.050	63563	15.040	100	15.010	2060	15.000	196693	14.930	200	15.060	1500	15.080	600	15.090	200	15.100	7765	15.110	1000	/16842761//14647350/964916/15.05/15.36//2008-9-18 10:34:52
8/600009/上海机场/15.050	63269	15.040	100	15.010	2360	15.000	196693	14.930	200	15.080	600	15.090	200	15.100	7965	15.110	1000	15.150	3300	/16842761//14683791/967336/15.06/15.36//2008-9-18 10:35:52
8/600009/上海机场/15.050	54949	15.040	100	15.010	2360	15.000	196693	14.930	200	15.060	3900	15.080	1100	15.090	200	15.100	8165	15.110	1000	/16842761//14804494/975356/15.05/15.36//2008-9-18 10:36:53
8/600009/上海机场/15.050	55729	15.010	2660	15.000	196693	14.930	200	14.920	600	15.060	1500	15.080	1000	15.090	200	15.100	8165	15.110	1000	/16842761//14842444/977876/15.06/15.36//2008-9-18 10:37:53
8/600009/上海机场/15.050	54009	15.010	2660	15.000	196693	14.930	200	14.920	600	15.060	100	15.080	1000	15.090	200	15.100	8165	15.110	1000	/16842761//14889414/980996/15.06/15.36//2008-9-18 10:38:53
8/600009/上海机场/15.050	53989	15.010	2860	15.000	196693	14.930	200	14.920	600	15.080	1000	15.090	200	15.100	8765	15.110	1000	15.150	3400	/16842761//14904775/982016/15.05/15.36//2008-9-18 10:39:54
8/600009/上海机场/15.050	53569	15.010	2860	15.000	196693	14.930	200	14.920	600	15.060	900	15.080	2500	15.090	200	15.100	8965	15.110	1000	/16842761//14918624/982936/15.05/15.36//2008-9-18 10:40:54
8/600009/上海机场/15.050	50449	15.010	3260	15.000	196693	14.930	200	14.920	600	15.060	900	15.080	2500	15.090	200	15.100	8965	15.110	1000	/16842761//14965580/986056/15.05/15.36//2008-9-18 10:41:54
8/600009/上海机场/15.050	46749	15.010	3260	15.000	196693	14.930	200	14.920	600	15.060	2020	15.080	2500	15.090	200	15.100	8965	15.110	1000	/16842761//15087531/994156/15.05/15.36//2008-9-18 10:42:55
8/600009/上海机场/15.050	42629	15.010	3060	15.000	199693	14.930	200	14.920	600	15.060	520	15.080	2800	15.090	200	15.100	8965	15.110	1000	/16842761//15111927/995776/15.06/15.36//2008-9-18 10:43:55
8/600009/上海机场/15.050	42089	15.010	2660	15.000	199693	14.930	200	14.920	600	15.060	200	15.080	2800	15.090	200	15.100	9965	15.110	1000	/16842761//15175780/1000016/15.05/15.36//2008-9-18 10:44:56
8/600009/上海机场/15.050	36869	15.010	1960	15.000	199693	14.950	11700	14.930	200	15.080	2800	15.100	9965	15.110	1000	15.150	3400	15.160	100	/16842761//15272413/1006436/15.05/15.36//2008-9-18 10:45:56
8/600009/上海机场/15.010	1234	15.000	4000	14.950	11700	14.930	200	14.920	600	15.050	2300	15.080	3100	15.100	9965	15.110	1000	15.150	3400	/16842761//15331380/1010356/15.01/15.36//2008-9-18 10:46:56
8/600009/上海机场/14.930	200	14.920	600	14.910	200	14.900	7600	14.880	1900	14.950	1592	15.000	3500	15.010	12000	15.050	2100	15.080	3100	/16842761//15586317/1027390/14.95/15.36//2008-9-18 10:47:57
8/600009/上海机场/14.860	1474	14.850	7500	14.840	500	14.830	300	14.820	1300	14.880	4594	14.930	500	14.940	1994	14.950	2492	14.990	400	/16842761//15738652/1037616/14.86/15.36//2008-9-18 10:48:57
8/600009/上海机场/14.810	454	14.800	17100	14.790	200	14.780	800	14.770	1500	14.860	500	14.880	4594	14.920	200	14.930	500	14.940	1994	/16842761//16019265/1056536/14.81/15.36//2008-9-18 10:49:57
8/600009/上海机场/14.810	12049	14.800	16935	14.790	200	14.780	300	14.770	1500	14.820	900	14.840	200	14.860	500	14.880	4594	14.920	200	/16842761//16147668/1065206/14.81/15.36//2008-9-18 10:50:58
8/600009/上海机场/14.800	21814	14.790	200	14.780	300	14.770	1500	14.760	2000	14.820	200	14.830	6400	14.860	500	14.880	4594	14.920	200	/16842761//16468962/1086897/14.8/15.36//2008-9-18 10:51:58
8/600009/上海机场/14.810	9074	14.800	10620	14.790	200	14.780	300	14.770	1500	14.880	4294	14.920	200	14.940	1994	14.950	1100	14.980	500	/16842761//16857022/1113096/14.88/15.36//2008-9-18 10:52:58
8/600009/上海机场/14.810	16229	14.800	12120	14.790	200	14.780	300	14.770	1500	14.880	4294	14.920	200	14.940	1994	14.950	1100	14.980	500	/16842761//17056142/1126541/14.81/15.36//2008-9-18 10:53:59
8/600009/上海机场/14.820	106	14.810	18303	14.800	13220	14.790	200	14.780	300	14.850	500	14.870	400	14.880	4594	14.920	200	14.940	1994	/16842761//17179366/1134861/14.82/15.36//2008-9-18 10:54:59
8/600009/上海机场/14.820	2886	14.810	18603	14.800	7220	14.790	200	14.780	300	14.850	6800	14.870	400	14.880	4694	14.920	200	14.940	1994	/16842761//17209344/1136881/14.85/15.36//2008-9-18 10:56:0
8/600009/上海机场/14.810	16677	14.800	7720	14.790	200	14.780	300	14.770	1500	14.820	11908	14.850	12700	14.870	900	14.880	4694	14.920	200	/16842761//17293980/1142593/14.81/15.36//2008-9-18 10:57:0
8/600009/上海机场/14.810	11137	14.800	7720	14.790	200	14.780	300	14.770	1500	14.820	14508	14.850	12700	14.870	1400	14.880	4694	14.920	200	/16842761//17389362/1149033/14.81/15.36//2008-9-18 10:58:0
8/600009/上海机场/14.800	5820	14.790	200	14.780	300	14.770	1500	14.760	2000	14.810	715	14.820	14008	14.850	7700	14.870	400	14.880	4694	/16842761//17598718/1163170/14.81/15.36//2008-9-18 10:59:1
8/600009/上海机场/14.800	1653	14.790	200	14.780	300	14.770	1800	14.760	2000	14.810	700	14.820	14208	14.850	7700	14.870	400	14.880	4594	/16842761//17759616/1174037/14.81/15.36//2008-9-18 11:0:1
8/600009/上海机场/14.710	5500	14.700	61471	14.680	1100	14.660	1000	14.650	500	14.750	1026	14.790	300	14.800	900	14.810	400	14.820	14208	/16842761//18332168/1212819/14.75/15.36//2008-9-18 11:1:2
8/600009/上海机场/14.680	1100	14.660	1000	14.650	5500	14.620	200	14.610	300	14.700	16081	14.710	3100	14.750	1726	14.760	900	14.790	300	/16842761//19350526/1282090/14.7/15.36//2008-9-18 11:2:2
8/600009/上海机场/14.700	23399	14.680	100	14.650	374	14.620	200	14.610	5400	14.710	200	14.750	726	14.760	600	14.790	300	14.800	900	/16842761//20016462/1327417/14.7/15.36//2008-9-18 11:3:2
8/600009/上海机场/14.710	13000	14.700	73300	14.680	200	14.650	6874	14.630	5800	14.750	726	14.760	600	14.790	300	14.800	2900	14.810	400	/16842761//20278120/1345216/14.71/15.36//2008-9-18 11:4:3
8/600009/上海机场/14.770	1000	14.730	74	14.710	15474	14.700	76800	14.680	200	14.800	1326	14.810	400	14.820	16308	14.850	7700	14.890	100	/16842761//20413420/1354394/14.73/15.36//2008-9-18 11:5:3
8/600009/上海机场/14.730	500	14.710	14996	14.700	76800	14.680	700	14.660	2000	14.800	1226	14.820	16308	14.850	7700	14.890	100	14.920	200	/16842761//20484688/1359220/14.8/15.36//2008-9-18 11:6:4
8/600009/上海机场/14.760	848	14.730	1600	14.710	14696	14.700	85000	14.680	2000	14.820	14734	14.850	7700	14.890	100	14.920	200	14.940	1994	/16842761//20574160/1365272/14.76/15.36//2008-9-18 11:7:4
8/600009/上海机场/14.820	440	14.760	1722	14.730	2600	14.710	14596	14.700	85000	14.850	7700	14.890	100	14.920	200	14.940	2794	14.950	600	/16842761//20801052/1380584/14.82/15.36//2008-9-18 11:8:4
8/600009/上海机场/14.820	13914	14.770	100	14.760	1896	14.730	2600	14.720	700	14.850	7700	14.890	100	14.920	200	14.940	2794	14.950	600	/16842761//20844414/1383510/14.82/15.36//2008-9-18 11:9:5
8/600009/上海机场/14.820	11562	14.800	200	14.770	100	14.760	1896	14.730	2600	14.850	6900	14.890	100	14.920	200	14.940	2794	14.950	600	/16842761//20910448/1387962/14.82/15.36//2008-9-18 11:10:5
8/600009/上海机场/14.830	374	14.820	2136	14.800	300	14.770	1100	14.760	1796	14.840	100	14.850	6500	14.890	100	14.920	200	14.940	2794	/16842761//21063876/1398314/14.85/15.36//2008-9-18 11:11:6
8/600009/上海机场/14.770	858	14.760	1400	14.730	2600	14.720	200	14.710	14396	14.850	6300	14.890	100	14.900	2000	14.920	200	14.940	2794	/16842761//21116506/1401866/14.77/15.36//2008-9-18 11:12:6
8/600009/上海机场/14.770	7732	14.760	1000	14.740	5000	14.730	2100	14.720	400	14.800	226	14.850	5300	14.890	100	14.900	2000	14.920	200	/16842761//21210144/1408192/14.8/15.36//2008-9-18 11:13:7
8/600009/上海机场/14.740	2480	14.730	2100	14.720	6400	14.710	15996	14.700	20100	14.770	21800	14.800	926	14.830	500	14.850	5300	14.890	100	/16842761//21376634/1419470/14.74/15.36//2008-9-18 11:14:7
8/600009/上海机场/14.750	4614	14.740	2454	14.730	2100	14.720	6900	14.710	15996	14.760	600	14.770	1800	14.800	926	14.830	500	14.850	5800	/16842761//21530028/1429856/14.75/15.36//2008-9-18 11:15:7
8/600009/上海机场/14.770	2900	14.760	4500	14.750	10714	14.740	2454	14.730	2100	14.850	3500	14.890	100	14.900	2000	14.920	200	14.940	2794	/16842761//21676456/1439756/14.85/15.36//2008-9-18 11:16:8
8/600009/上海机场/14.770	8900	14.760	4500	14.750	10614	14.740	2454	14.730	2100	14.850	400	14.890	100	14.900	2000	14.920	200	14.940	2794	/16842761//21723976/1442956/14.85/15.36//2008-9-18 11:17:8
8/600009/上海机场/14.800	200	14.770	8900	14.760	4500	14.750	10714	14.740	2454	14.850	900	14.890	100	14.900	2000	14.920	200	14.940	2794	/16842761//21723976/1442956/14.85/15.36//2008-9-18 11:18:9
8/600009/上海机场/14.800	100	14.770	8900	14.760	4500	14.750	11014	14.740	2454	14.850	1900	14.890	100	14.900	2000	14.920	200	14.940	2794	/16842761//21734366/1443656/14.8/15.36//2008-9-18 11:19:9
8/600009/上海机场/14.780	4800	14.770	7400	14.760	4500	14.750	11014	14.740	2454	14.840	500	14.850	400	14.890	100	14.900	2000	14.920	200	/16842761//21834856/1450456/14.78/15.36//2008-9-18 11:20:10
8/600009/上海机场/14.780	9500	14.770	10400	14.760	4500	14.750	11014	14.740	2454	14.800	1100	14.840	3400	14.850	400	14.890	100	14.900	2000	/16842761//21852610/1451656/14.78/15.36//2008-9-18 11:21:10
8/600009/上海机场/14.780	5300	14.770	10400	14.760	4500	14.750	11014	14.740	2454	14.800	3800	14.840	3400	14.850	400	14.890	200	14.900	2000	/16842761//22038886/1464256/14.8/15.36//2008-9-18 11:22:10
8/600009/上海机场/14.780	1400	14.770	10400	14.760	4500	14.750	11314	14.740	2454	14.800	1000	14.840	3200	14.850	1200	14.890	300	14.900	2000	/16842761//22309450/1482556/14.78/15.36//2008-9-18 11:23:11
8/600009/上海机场/14.780	400	14.770	10400	14.760	4500	14.750	11314	14.740	2454	14.800	400	14.840	3500	14.850	400	14.890	300	14.900	2000	/16842761//22322784/1483456/14.78/15.36//2008-9-18 11:24:11
8/600009/上海机场/14.770	4300	14.760	4500	14.750	11314	14.740	2454	14.730	2100	14.780	30500	14.800	4100	14.840	3500	14.850	400	14.890	300	/16842761//22483826/1494356/14.77/15.36//2008-9-18 11:25:12
8/600009/上海机场/14.730	2100	14.720	6400	14.710	16296	14.700	88900	14.680	7200	14.740	46	14.750	186	14.770	11600	14.780	30500	14.800	1400	/16842761//22819760/1517124/14.74/15.36//2008-9-18 11:26:12
8/600009/上海机场/14.710	7000	14.700	58096	14.680	7200	14.660	200	14.650	7374	14.730	200	14.740	200	14.750	32	14.760	1400	14.770	11600	/16842761//23725696/1578724/14.73/15.36//2008-9-18 11:27:13
8/600009/上海机场/14.710	1800	14.700	60696	14.680	7700	14.660	200	14.650	7074	14.720	500	14.730	1400	14.740	200	14.750	32	14.760	1400	/16842761//23815438/1584824/14.73/15.36//2008-9-18 11:28:13
8/600009/上海机场/14.710	3100	14.700	47496	14.680	9100	14.660	700	14.650	7074	14.730	1400	14.740	200	14.750	32	14.760	1400	14.780	30000	/16842761//24072738/1602324/14.71/15.36//2008-9-18 11:29:14
8/600009/上海机场/14.680	9100	14.660	700	14.650	7274	14.630	5800	14.620	4700	14.700	2504	14.710	800	14.720	5900	14.730	1400	14.740	200	/16842761//24837130/1654320/14.7/15.36//2008-9-18 11:30:14
8/600009/上海机场/14.680	9100	14.660	700	14.650	7274	14.630	5800	14.620	4700	14.700	2504	14.710	800	14.720	5900	14.730	1400	14.740	200	/16842761//24837130/1654320/14.7/15.36//2008-9-18 11:31:15
8/600009/上海机场/14.620	100	14.610	5200	14.600	15300	14.590	200	14.580	5300	14.630	2200	14.650	14830	14.680	2990	14.690	100	14.700	500	/16842761//25712456/1713994/14.63/15.36//2008-9-18 13:1:15
8/600009/上海机场/14.580	4800	14.570	200	14.560	2700	14.550	1000	14.520	4000	14.590	5100	14.600	10400	14.620	2400	14.630	2200	14.650	14830	/16842761//26033696/1735994/14.59/15.36//2008-9-18 13:2:16
8/600009/上海机场/14.560	500	14.550	1000	14.520	4000	14.510	4800	14.500	41400	14.590	4900	14.600	9900	14.620	1000	14.630	2200	14.650	14830	/16842761//26180870/1746094/14.56/15.36//2008-9-18 13:3:16
8/600009/上海机场/14.560	1701	14.550	2000	14.540	100	14.530	100	14.520	4000	14.580	5800	14.590	4800	14.600	11300	14.620	1000	14.630	2200	/16842761//26185260/1746393/14.58/15.36//2008-9-18 13:4:17
8/600009/上海机场/14.550	2000	14.540	100	14.530	100	14.520	4400	14.510	19800	14.560	199	14.580	3200	14.590	8600	14.600	11300	14.620	1000	/16842761//26242090/1750294/14.56/15.36//2008-9-18 13:5:17
8/600009/上海机场/14.550	2100	14.540	100	14.530	100	14.520	4400	14.510	19800	14.560	3200	14.580	600	14.590	6600	14.600	11300	14.620	1000	/16842761//26271226/1752294/14.56/15.36//2008-9-18 13:6:18
8/600009/上海机场/14.530	200	14.520	400	14.510	19800	14.500	47400	14.490	400	14.550	800	14.560	3300	14.580	1100	14.590	6600	14.600	11300	/16842761//26391862/1760594/14.52/15.36//2008-9-18 13:7:18
8/600009/上海机场/14.440	500	14.430	200	14.420	1000	14.400	4600	14.390	400	14.450	1300	14.460	300	14.480	100	14.490	4850	14.500	17300	/16842761//27436052/1832594/14.45/15.36//2008-9-18 13:8:19
8/600009/上海机场/14.410	500	14.400	4800	14.390	500	14.380	800	14.340	1000	14.420	4000	14.430	4800	14.440	8200	14.480	100	14.490	4850	/16842761//27492352/1836494/14.42/15.36//2008-9-18 13:9:19
8/600009/上海机场/14.290	200	14.280	3900	14.270	200	14.250	4100	14.230	1600	14.300	800	14.380	650	14.400	600	14.410	5000	14.420	3700	/16842761//27832642/1860194/14.3/15.36//2008-9-18 13:10:20
8/600009/上海机场/14.210	9120	14.200	38000	14.190	41200	14.180	107500	0.000	0	14.280	1600	14.300	1900	14.310	1000	14.320	500	14.360	2000	/16842761//27993288/1871474/14.28/15.36//2008-9-18 13:11:20
8/600009/上海机场/14.250	500	14.210	5220	14.200	43200	14.190	40200	14.180	113900	14.180	89630	14.200	1400	14.210	700	14.270	300	14.280	5899	/16842761//31227192/2099394/14.18/15.36//2008-9-18 13:12:21
8/600009/上海机场/14.180	134879	0.000	0	0.000	0	0.000	0	0.000	0	14.200	26400	14.210	1100	14.280	3500	14.290	900	14.300	11900	/16842761//33107764/2232015/14.18/15.36//2008-9-18 13:13:21
8/600009/上海机场/14.180	101429	0.000	0	0.000	0	0.000	0	0.000	0	14.200	13800	14.210	700	14.280	3600	14.290	900	14.300	12400	/16842761//34176480/2307365/14.18/15.36//2008-9-18 13:14:22
8/600009/上海机场/14.200	44142	14.190	800	14.180	107929	0.000	0	0.000	0	14.210	700	14.280	3600	14.290	900	14.300	12400	14.320	500	/16842761//34550752/2333723/14.2/15.36//2008-9-18 13:15:22
8/600009/上海机场/14.210	3642	14.200	1700	14.190	1600	14.180	120129	0.000	0	14.260	600	14.280	2100	14.290	900	14.300	11900	14.320	500	/16842761//35366100/2391123/14.28/15.36//2008-9-18 13:16:23
8/600009/上海机场/14.210	442	14.200	50300	14.190	5800	14.180	113129	0.000	0	14.260	2000	14.270	1400	14.280	4199	14.290	900	14.300	1900	/16842761//35471340/2398523/14.21/15.36//2008-9-18 13:17:23
8/600009/上海机场/14.220	43	14.200	51200	14.190	5800	14.180	271429	0.000	0	14.300	10299	14.320	500	14.370	1200	14.380	3400	14.400	1500	/16842761//36550296/2474422/14.3/15.36//2008-9-18 13:18:24
8/600009/上海机场/14.230	200	14.220	143	14.210	5000	14.200	52900	14.190	7700	14.290	10000	14.300	5899	14.320	500	14.350	500	14.370	1200	/16842761//36641796/2480822/14.29/15.36//2008-9-18 13:19:24
8/600009/上海机场/14.250	100	14.220	2743	14.210	5700	14.200	52800	14.190	5200	14.290	7100	14.300	6599	14.320	500	14.350	1700	14.370	1200	/16842761//36704624/2485222/14.29/15.36//2008-9-18 13:20:25
8/600009/上海机场/14.220	700	14.210	7900	14.200	13343	14.190	3200	14.180	117129	14.280	500	14.290	7800	14.300	8699	14.320	500	14.350	2200	/16842761//37426160/2536022/14.28/15.36//2008-9-18 13:21:25
8/600009/上海机场/14.210	9500	14.200	15243	14.190	3300	14.180	130629	0.000	0	14.260	1000	14.270	19900	14.280	1100	14.290	7100	14.300	8699	/16842761//37539952/2544022/14.21/15.36//2008-9-18 13:22:26
8/600009/上海机场/14.220	17100	14.210	10500	14.200	16743	14.190	2800	14.180	132429	14.270	13800	14.280	1100	14.290	7100	14.300	8699	14.320	500	/16842761//37716648/2556422/14.22/15.36//2008-9-18 13:23:26
8/600009/上海机场/14.260	200	14.230	6843	14.220	400	14.200	8900	14.190	20600	14.270	1600	14.280	1100	14.290	7100	14.300	8499	14.320	500	/16842761//38829100/2634622/14.27/15.36//2008-9-18 13:24:27
8/600009/上海机场/14.350	3500	14.310	500	14.300	42901	14.270	600	14.260	200	14.400	600	14.500	9950	14.550	1000	14.560	500	14.590	4900	/16842761//39661332/2692521/14.4/15.36//2008-9-18 13:25:27
8/600009/上海机场/14.510	7900	14.500	9900	14.420	500	14.410	400	14.400	11500	14.560	500	14.580	3000	14.590	3500	14.600	10600	14.620	300	/16842761//39849112/2705471/14.55/15.36//2008-9-18 13:26:28
8/600009/上海机场/14.580	4600	14.520	16400	14.500	29900	14.410	400	14.400	10000	14.590	500	14.620	300	14.650	700	14.660	1000	14.680	2990	/16842761//40336924/2738971/14.59/15.36//2008-9-18 13:27:28
8/600009/上海机场/14.590	2900	14.580	3600	14.550	300	14.510	600	14.500	29900	14.660	1400	14.680	3190	14.700	900	14.720	2300	14.730	900	/16842761//40480036/2748771/14.66/15.36//2008-9-18 13:28:29
8/600009/上海机场/14.600	500	14.590	2600	14.580	200	14.510	600	14.500	29900	14.650	2000	14.660	870	14.700	500	14.740	200	14.750	5100	/16842761//40716936/2764901/14.73/15.36//2008-9-18 13:29:29
8/600009/上海机场/14.590	2500	14.580	200	14.510	2100	14.500	29900	14.410	400	14.750	5370	14.770	2800	14.780	30800	14.800	3500	14.840	200	/16842761//40825192/2772271/14.75/15.36//2008-9-18 13:30:30
8/600009/上海机场/14.590	4900	14.510	1500	14.500	29900	14.410	400	14.320	20000	14.640	2300	14.740	5700	14.750	9770	14.770	4300	14.780	30800	/16842761//41079068/2789671/14.64/15.36//2008-9-18 13:31:30
8/600009/上海机场/14.500	12900	14.410	600	14.400	100	14.320	20000	14.310	100	14.580	2300	14.590	500	14.640	2300	14.730	100	14.750	9570	/16842761//41804272/2839671/14.5/15.36//2008-9-18 13:32:31
8/600009/上海机场/14.590	1000	14.580	1900	14.510	5200	14.500	20200	14.410	2200	14.750	7570	14.770	4300	14.780	30800	14.790	1000	14.800	1800	/16842761//42033764/2855371/14.75/15.36//2008-9-18 13:33:31
8/600009/上海机场/14.770	1800	14.750	400	14.600	3000	14.590	200	14.580	2500	14.780	18570	14.800	1800	14.840	200	14.850	1300	14.880	500	/16842761//42402924/2880371/14.78/15.36//2008-9-18 13:34:32
8/600009/上海机场/14.770	1630	14.760	1000	14.750	400	14.610	2000	14.600	11000	14.840	7100	14.850	1300	14.880	500	14.890	1300	14.900	3301	/16842761//42778012/2905741/14.77/15.36//2008-9-18 13:35:32
8/600009/上海机场/14.610	4000	14.600	10000	14.580	1500	14.560	1000	14.520	5000	14.760	1600	14.770	500	14.830	2800	14.840	5100	14.850	1300	/16842761//42849448/2910564/14.83/15.36//2008-9-18 13:36:33
8/600009/上海机场/14.600	7500	14.580	1500	14.560	1000	14.520	5000	14.510	200	14.750	700	14.810	1400	14.830	21200	14.840	5100	14.850	1300	/16842761//43062180/2925064/14.75/15.36//2008-9-18 13:37:34
8/600009/上海机场/14.620	200	14.610	77	14.600	10400	14.560	1000	14.520	5000	14.740	500	14.750	16100	14.800	100	14.810	100	14.820	3500	/16842761//43065376/2925287/14.61/15.36//2008-9-18 13:38:34
8/600009/上海机场/14.620	1900	14.610	800	14.600	9077	14.560	1000	14.520	6000	14.730	400	14.740	400	14.750	16000	14.800	4700	14.810	100	/16842761//43119488/2928987/14.73/15.36//2008-9-18 13:39:35
8/600009/上海机场/14.560	1000	14.520	6000	14.510	200	14.500	6700	14.490	200	14.600	6446	14.730	500	14.740	700	14.750	8000	14.800	4700	/16842761//43593728/2961364/14.6/15.36//2008-9-18 13:40:35
8/600009/上海机场/14.600	4700	14.520	7154	14.510	200	14.500	6700	14.490	200	14.740	700	14.750	8100	14.800	4700	14.810	100	14.840	500	/16842761//43730052/2970710/14.6/15.36//2008-9-18 13:41:36
8/600009/上海机场/14.600	500	14.560	2077	14.520	1843	14.510	200	14.500	17200	14.740	900	14.750	8100	14.800	5000	14.810	100	14.840	5500	/16842761//44279140/3008344/14.74/15.36//2008-9-18 13:42:36
8/600009/上海机场/14.600	10700	14.560	2977	14.520	2543	14.510	200	14.500	17700	14.800	3400	14.810	100	14.840	5500	14.850	1300	14.870	100	/16842761//44518896/3024644/14.8/15.36//2008-9-18 13:43:37
8/600009/上海机场/14.800	500	14.750	3354	14.620	3000	14.610	5600	14.600	20700	14.840	4000	14.850	1300	14.870	100	14.880	500	14.890	900	/16842761//44919340/3051967/14.84/15.36//2008-9-18 13:44:37
8/600009/上海机场/14.800	2300	14.750	2654	14.630	1000	14.620	3000	14.610	6600	14.900	200	14.920	200	14.940	800	14.950	700	14.970	1300	/16842761//45152568/3067667/14.87/15.36//2008-9-18 13:45:38
8/600009/上海机场/15.020	103962	15.000	100000	14.970	500	14.940	300	14.900	2300	15.050	100	15.080	1300	15.100	10365	15.110	1000	15.150	3300	/16842761//46663812/3168428/15.02/15.36//2008-9-18 13:46:39
8/600009/上海机场/15.020	58297	15.000	100700	14.950	300	14.940	300	14.900	2300	15.100	500	15.150	4000	15.160	100	15.180	11100	15.190	500	/16842761//47737652/3239793/15.1/15.36//2008-9-18 13:47:39
8/600009/上海机场/15.030	5000	15.020	58497	15.000	101700	14.950	300	14.900	2300	15.100	87300	15.110	500	15.150	1600	15.160	500	15.170	1400	/16842761//48023032/3258693/15.1/15.36//2008-9-18 13:48:40
8/600009/上海机场/15.050	5670	15.000	3300	14.950	300	14.900	2300	14.850	300	15.080	500	15.090	4100	15.100	85100	15.110	500	15.150	1100	/16842761//48265748/3274823/15.05/15.36//2008-9-18 13:49:40
8/600009/上海机场/14.900	2300	14.850	300	14.760	3300	14.750	2031	14.620	3000	14.950	1700	15.000	19800	15.020	2000	15.050	23875	15.070	200	/16842761//48465120/3288093/14.95/15.36//2008-9-18 13:50:41
8/600009/上海机场/14.850	300	14.760	3300	14.750	2031	14.700	100	14.620	3000	14.900	2500	14.920	200	14.930	600	14.950	200	14.990	100	/16842761//48527704/3292293/14.9/15.36//2008-9-18 13:51:41
8/600009/上海机场/14.900	11200	14.850	300	14.760	3300	14.750	1831	14.700	100	14.990	300	15.000	3300	15.020	2000	15.050	11930	15.080	1200	/16842761//48982576/3322693/14.9/15.36//2008-9-18 13:52:42
8/600009/上海机场/14.900	10100	14.880	1000	14.850	800	14.800	2500	14.760	3300	14.990	3100	15.000	3599	15.020	2000	15.050	11930	15.080	1200	/16842761//48998968/3323793/14.9/15.36//2008-9-18 13:53:42
8/600009/上海机场/14.880	200	14.850	800	14.810	3000	14.800	2500	14.760	300	14.890	100	14.900	100	14.980	2700	14.990	3000	15.000	3599	/16842761//49189792/3336593/14.88/15.36//2008-9-18 13:54:43
8/600009/上海机场/14.850	500	14.810	3000	14.800	2600	14.760	300	14.750	1831	14.860	500	14.880	99	14.980	1100	14.990	3000	15.000	4599	/16842761//49260180/3341293/14.98/15.36//2008-9-18 13:55:44
8/600009/上海机场/14.810	3000	14.800	2600	14.760	300	14.750	1831	14.700	100	14.850	7540	14.880	99	14.890	400	14.980	1900	14.990	3200	/16842761//49282252/3342793/14.85/15.36//2008-9-18 13:56:44
8/600009/上海机场/14.800	2600	14.760	300	14.750	1831	14.710	200	14.700	100	14.810	2300	14.850	540	14.880	99	14.890	400	14.980	2000	/16842761//49436556/3353193/14.81/15.36//2008-9-18 13:57:45
8/600009/上海机场/14.810	2160	14.800	14000	14.760	300	14.750	1831	14.710	200	14.850	540	14.890	400	14.980	2000	14.990	2300	15.000	10399	/16842761//49496372/3357233/14.81/15.36//2008-9-18 13:58:45
8/600009/上海机场/14.800	14000	14.760	300	14.750	1831	14.710	200	14.700	100	14.810	2240	14.850	340	14.890	500	14.980	2000	14.990	2300	/16842761//49692760/3370493/14.81/15.36//2008-9-18 13:59:46
8/600009/上海机场/14.760	300	14.750	1831	14.710	200	14.700	100	14.650	500	14.800	5240	14.850	280	14.890	500	14.980	1900	14.990	2300	/16842761//49942908/3387393/14.8/15.36//2008-9-18 14:0:47
8/600009/上海机场/14.650	33000	14.630	300	14.610	2531	14.600	123900	14.560	1000	14.800	3440	14.850	280	14.890	500	14.980	1900	14.990	2300	/16842761//50092988/3397593/14.61/15.36//2008-9-18 14:1:47
8/600009/上海机场/14.700	500	14.660	1700	14.650	28760	14.630	300	14.620	200	14.800	840	14.850	580	14.890	500	14.980	1900	14.990	3500	/16842761//50252200/3408433/14.8/15.36//2008-9-18 14:2:48
8/600009/上海机场/14.630	300	14.620	200	14.610	4231	14.600	122500	14.560	1000	14.650	35540	14.700	500	14.800	840	14.850	380	14.890	500	/16842761//50730724/3441093/14.65/15.36//2008-9-18 14:3:48
8/600009/上海机场/14.770	6600	14.650	4020	14.620	9300	14.610	8031	14.600	122200	14.800	840	14.850	380	14.890	500	14.950	1000	14.960	1200	/16842761//51364004/3484273/14.77/15.36//2008-9-18 14:4:49
8/600009/上海机场/14.990	3520	14.960	2200	14.770	5000	14.750	1000	14.660	2700	15.000	10599	15.010	500	15.020	4000	15.050	8300	15.080	1400	/16842761//51646836/3503173/15.0/15.36//2008-9-18 14:5:50
8/600009/上海机场/14.800	1000	14.780	2000	14.770	5000	14.750	1000	14.670	300	14.990	5540	15.000	5199	15.010	500	15.020	4000	15.050	8300	/16842761//51972112/3524873/14.99/15.36//2008-9-18 14:6:50
8/600009/上海机场/14.950	1100	14.800	1000	14.770	5000	14.750	1000	14.680	200	14.990	3140	15.000	6199	15.010	500	15.020	4000	15.050	8300	/16842761//52220772/3541473/14.99/15.36//2008-9-18 14:7:51
8/600009/上海机场/14.980	2100	14.950	160	14.810	2000	14.800	1000	14.770	5000	14.990	2340	15.000	6399	15.010	500	15.020	4000	15.050	8300	/16842761//52282784/3545613/14.99/15.36//2008-9-18 14:8:51
8/600009/上海机场/14.950	360	14.810	2200	14.800	1300	14.770	5000	14.750	1000	14.990	2040	15.000	6299	15.010	500	15.020	4000	15.050	8300	/16842761//52294760/3546413/14.99/15.36//2008-9-18 14:9:52
8/600009/上海机场/14.950	220	14.810	9000	14.800	4000	14.770	5000	14.750	1000	14.990	940	15.000	6299	15.010	500	15.020	4000	15.050	8300	/16842761//52301348/3546853/14.99/15.36//2008-9-18 14:10:53
8/600009/上海机场/14.950	220	14.820	200	14.810	9000	14.800	3000	14.770	5000	14.990	200	15.000	5939	15.010	500	15.020	2000	15.050	8300	/16842761//52416784/3554553/14.99/15.36//2008-9-18 14:11:53
8/600009/上海机场/15.010	1300	15.000	100000	14.850	200	14.820	6700	14.810	7080	15.020	2000	15.050	8300	15.080	1400	15.090	3500	15.100	4400	/16842761//52548984/3563393/15.01/15.36//2008-9-18 14:12:54
8/600009/上海机场/15.000	99868	14.860	200	14.850	200	14.820	6200	14.810	7380	15.020	600	15.050	8100	15.080	1900	15.090	3500	15.100	4500	/16842761//52584000/3565725/15.02/15.36//2008-9-18 14:13:55
8/600009/上海机场/15.020	7900	15.010	100	15.000	107428	14.860	200	14.850	200	15.050	900	15.080	1900	15.090	3500	15.100	5500	15.120	700	/16842761//52635696/3569165/15.05/15.36//2008-9-18 14:14:55
8/600009/上海机场/15.020	16426	15.010	100	15.000	100628	14.860	200	14.850	200	15.050	300	15.080	1900	15.090	3500	15.100	5500	15.120	700	/16842761//52669872/3571439/15.02/15.36//2008-9-18 14:15:56
8/600009/上海机场/15.050	860	15.030	100	15.020	16726	15.010	200	15.000	100628	15.080	1900	15.090	3500	15.100	5500	15.120	700	15.140	400	/16842761//52676496/3571879/15.05/15.36//2008-9-18 14:16:56
8/600009/上海机场/15.150	9400	15.100	6400	15.090	1700	15.060	500	15.050	860	15.160	5700	15.170	600	15.180	5300	15.190	1500	15.200	14300	/16842761//52898500/3586579/15.15/15.36//2008-9-18 14:17:57
8/600009/上海机场/15.200	2500	15.170	100	15.160	300	15.090	200	15.060	500	15.250	1300	15.260	400	15.280	3500	15.300	8300	15.360	1000	/16842761//53290948/3612419/15.25/15.36//2008-9-18 14:18:58
8/600009/上海机场/15.350	2580	15.300	3600	15.200	5500	15.170	100	15.160	300	15.380	1000	15.390	1000	15.400	7608	15.430	500	15.440	1800	/16842761//53608012/3633139/15.37/15.36//2008-9-18 14:19:58
8/600009/上海机场/15.390	200	15.360	4260	15.350	8680	15.200	5000	15.160	300	15.400	2300	15.430	500	15.440	2800	15.450	14199	15.460	1800	/16842761//53659416/3636479/15.4/15.36//2008-9-18 14:20:59
8/600009/上海机场/15.380	3200	15.360	3860	15.200	5000	15.160	300	15.150	200	15.400	2200	15.440	500	15.450	4599	15.460	1800	15.480	1000	/16842761//54089684/3664379/15.4/15.36//2008-9-18 14:22:0
8/600009/上海机场/15.380	5561	15.360	3860	15.200	5000	15.160	100	15.150	200	15.450	10000	15.460	1400	15.480	1000	15.490	3000	15.500	68498	/16842761//54520456/3692318/15.38/15.36//2008-9-18 14:23:0
8/600009/上海机场/15.050	360	15.030	1000	15.020	6426	15.010	1000	15.000	1800	15.150	800	15.200	979	15.360	200	15.440	1500	15.450	10400	/16842761//54896012/3716839/15.05/15.36//2008-9-18 14:24:1
8/600009/上海机场/15.400	7210	15.360	100	15.210	500	15.200	2600	15.110	2000	15.440	2550	15.450	8400	15.460	1600	15.480	1000	15.490	5500	/16842761//55112908/3731008/15.44/15.36//2008-9-18 14:25:2
8/600009/上海机场/15.400	6610	15.360	50100	15.230	800	15.220	3000	15.210	500	15.430	1500	15.440	2400	15.450	2250	15.460	1600	15.470	400	/16842761//55347620/3746208/15.4/15.36//2008-9-18 14:26:2
8/600009/上海机场/15.360	4771	15.230	800	15.220	3000	15.210	500	15.200	2600	15.380	500	15.400	4800	15.430	3000	15.440	1200	15.450	2750	/16842761//56153360/3798647/15.36/15.36//2008-9-18 14:27:3
8/600009/上海机场/15.240	200	15.230	800	15.220	3000	15.210	500	15.200	2900	15.300	1000	15.350	1500	15.360	11729	15.380	1500	15.390	600	/16842761//56225108/3803318/15.36/15.36//2008-9-18 14:28:4
8/600009/上海机场/15.220	3000	15.200	300	15.100	400	15.080	400	15.070	600	15.240	6848	15.280	1000	15.300	1000	15.340	100	15.350	1600	/16842761//56243388/3804518/15.24/15.36//2008-9-18 14:29:4
8/600009/上海机场/15.230	400	15.220	2500	15.200	200	15.100	400	15.080	400	15.240	1548	15.280	1000	15.300	1100	15.340	100	15.350	1600	/16842761//56336336/3810618/15.23/15.36//2008-9-18 14:30:5
8/600009/上海机场/15.180	200	15.080	400	15.070	600	15.060	5000	15.050	7200	15.200	100	15.220	1240	15.230	100	15.240	200	15.280	348	/16842761//56420100/3816118/15.2/15.36//2008-9-18 14:31:6
8/600009/上海机场/15.100	800	15.090	600	15.080	1500	15.070	1400	15.050	7300	15.280	288	15.300	1100	15.350	1600	15.360	5300	15.380	500	/16842761//56471784/3819518/15.28/15.36//2008-9-18 14:32:6
8/600009/上海机场/15.090	1600	15.080	2500	15.070	400	15.060	2000	15.050	7600	15.200	40	15.220	600	15.230	200	15.280	988	15.300	1100	/16842761//56545812/3824418/15.2/15.36//2008-9-18 14:33:7
8/600009/上海机场/15.200	960	15.110	5700	15.100	4200	15.090	3400	15.080	500	15.220	4600	15.280	988	15.300	51099	15.350	2100	15.360	5300	/16842761//56560008/3825358/15.2/15.36//2008-9-18 14:34:8
8/600009/上海机场/15.220	8900	15.200	5020	15.120	600	15.110	6100	15.100	5500	15.270	500	15.280	1488	15.290	1000	15.300	51099	15.350	2100	/16842761//56674796/3832898/15.22/15.36//2008-9-18 14:35:8
8/600009/上海机场/15.280	4312	15.270	300	15.220	7300	15.200	5020	15.110	5000	15.290	500	15.300	51099	15.350	2100	15.360	2300	15.380	1100	/16842761//56946504/3850686/15.28/15.36//2008-9-18 14:36:9
8/600009/上海机场/15.220	3900	15.200	5020	15.110	5600	15.100	3700	15.080	400	15.260	8700	15.280	1528	15.300	50999	15.350	2100	15.360	2300	/16842761//57085556/3859798/15.22/15.36//2008-9-18 14:37:10
8/600009/上海机场/15.110	600	15.100	3700	15.060	2000	15.050	7300	15.030	3900	15.200	1980	15.220	2000	15.260	9000	15.280	1928	15.300	51499	/16842761//57236424/3869718/15.2/15.36//2008-9-18 14:38:10
8/600009/上海机场/15.100	1860	15.060	1600	15.050	7300	15.030	3900	15.010	2200	15.110	1200	15.150	1000	15.190	1000	15.200	3980	15.220	1400	/16842761//57300460/3873958/15.1/15.36//2008-9-18 14:39:11
8/600009/上海机场/15.060	1060	15.050	7300	15.030	3900	15.010	2200	15.000	5800	15.150	1000	15.200	5980	15.220	700	15.250	2000	15.260	9000	/16842761//57342720/3876758/15.06/15.36//2008-9-18 14:40:12
8/600009/上海机场/15.080	2000	15.070	1400	15.060	1060	15.050	7300	15.030	3900	15.100	1040	15.130	500	15.150	2000	15.200	4100	15.220	700	/16842761//57440868/3883258/15.1/15.36//2008-9-18 14:41:12
8/600009/上海机场/15.060	1060	15.050	7300	15.030	3900	15.010	2200	15.000	6200	15.070	200	15.090	2900	15.100	3140	15.130	500	15.150	2000	/16842761//57564516/3891458/15.09/15.36//2008-9-18 14:42:13
8/600009/上海机场/15.090	2400	15.070	10900	15.060	320	15.050	7400	15.030	3900	15.100	2840	15.130	500	15.150	2000	15.200	4100	15.220	700	/16842761//57622456/3895298/15.09/15.36//2008-9-18 14:43:14
8/600009/上海机场/15.100	60	15.080	663	15.070	11100	15.060	920	15.050	7400	15.150	1900	15.200	4100	15.220	700	15.250	2000	15.280	400	/16842761//57708152/3900975/15.15/15.36//2008-9-18 14:44:14
8/600009/上海机场/15.050	6820	15.030	3900	15.010	2200	15.000	6200	14.950	100	15.070	217	15.150	1900	15.200	6099	15.220	700	15.250	2000	/16842761//57994872/3919998/15.07/15.36//2008-9-18 14:45:15
8/600009/上海机场/15.000	5560	14.950	100	14.910	1000	14.880	700	14.860	400	15.050	3480	15.070	6597	15.080	4800	15.150	1900	15.200	6099	/16842761//58304140/3940558/15.05/15.36//2008-9-18 14:46:16
8/600009/上海机场/14.710	300	14.680	200	14.670	300	14.660	2700	14.650	2800	15.000	8540	15.050	700	15.070	6597	15.080	4800	15.150	1000	/16842761//58651700/3963918/14.78/15.36//2008-9-18 14:47:16
8/600009/上海机场/14.730	60	14.720	300	14.710	6300	14.700	1400	14.680	800	14.770	300	14.800	1780	14.990	300	15.000	8540	15.070	6597	/16842761//58686204/3966258/14.73/15.36//2008-9-18 14:48:17
8/600009/上海机场/14.720	5600	14.710	100	14.700	1800	14.680	3100	14.670	1000	14.800	1920	14.990	4700	15.000	10539	15.070	8897	15.080	24800	/16842761//58890304/3980118/14.72/15.36//2008-9-18 14:49:18
8/600009/上海机场/14.800	4560	14.740	200	14.730	6580	14.720	6200	14.710	1200	14.890	300	14.990	4700	15.000	8540	15.070	8897	15.080	26800	/16842761//58938496/3983378/14.8/15.36//2008-9-18 14:50:18
8/600009/上海机场/14.760	800	14.750	3000	14.740	1410	14.730	6880	14.720	6200	14.800	800	14.890	300	14.990	10900	15.000	8140	15.070	8897	/16842761//59092200/3993767/14.8/15.36//2008-9-18 14:51:19
8/600009/上海机场/14.800	300	14.760	800	14.750	3000	14.740	1410	14.730	6680	14.960	1000	14.980	1547	14.990	400	15.000	5140	15.070	8897	/16842761//59286768/4006767/14.99/15.36//2008-9-18 14:52:20
8/600009/上海机场/14.890	700	14.820	1000	14.810	60	14.800	5700	14.770	2000	14.940	1500	14.970	1100	14.980	3347	14.990	400	15.000	6640	/16842761//59327636/4009507/14.94/15.36//2008-9-18 14:53:21
8/600009/上海机场/14.910	3098	14.890	300	14.820	1100	14.810	60	14.800	7600	14.940	800	14.970	11654	14.980	5048	14.990	400	15.000	6940	/16842761//59399152/4014309/14.94/15.36//2008-9-18 14:54:21
8/600009/上海机场/14.940	1000	14.910	2198	14.890	300	14.820	1100	14.810	1060	14.960	1039	14.970	11654	14.980	5048	14.990	400	15.000	6730	/16842761//59442492/4017209/14.96/15.36//2008-9-18 14:55:22
8/600009/上海机场/14.940	1100	14.920	500	14.910	1500	14.900	700	14.890	300	14.950	4900	14.960	1039	14.970	11654	14.980	5048	14.990	400	/16842761//59476832/4019509/14.95/15.36//2008-9-18 14:56:23
8/600009/上海机场/14.980	500	14.970	8061	14.950	1000	14.910	1000	14.900	700	15.000	878	15.050	2300	15.060	2900	15.070	5800	15.080	22300	/16842761//59854720/4044748/15.0/15.36//2008-9-18 14:57:23
8/600009/上海机场/15.000	1000	14.980	3822	14.970	3461	14.950	11000	14.910	1000	15.070	500	15.080	22500	15.100	2100	15.150	2000	15.180	2300	/16842761//60225280/4069426/15.0/15.36//2008-9-18 14:58:24
8/600009/上海机场/14.950	10500	14.910	1000	14.900	1700	14.890	300	14.820	100	14.970	2939	15.070	17226	15.080	678	15.100	2100	15.150	3300	/16842761//60888616/4113509/14.97/15.36//2008-9-18 14:59:25
8/600009/上海机场/15.070	7000	14.970	1100	14.950	7100	14.910	1000	14.900	1700	15.200	700	15.290	1200	15.300	22942	15.350	95600	15.380	1100	/16842761//62621692/4227709/15.15/15.36//2008-9-18 15:0:26
8/600009/上海机场/15.070	7000	14.970	1100	14.950	7100	14.910	1000	14.900	1700	15.200	700	15.290	1200	15.300	22942	15.350	95600	15.380	1100	/16842761//62621692/4227709/15.15/15.36//2008-9-18 15:1:26
8/600009/上海机场/15.070	7000	14.970	1100	14.950	7100	14.910	1000	14.900	1700	15.200	700	15.290	1200	15.300	22942	15.350	95600	15.380	1100	/16842761//62621692/4227709/15.15/15.36//2008-9-18 15:2:27
