41/600077/国能集团/3.550	400	3.520	3400	3.510	1100	3.500	1800	3.480	1500	3.650	12699	3.680	1400	3.690	21400	3.700	13200	3.720	8100	/16842795//44082/12000/3.59/3.7//2008-9-18 9:31:34
41/600077/国能集团/3.550	300	3.520	3400	3.510	1100	3.500	1800	3.480	1500	3.640	500	3.650	8500	3.680	1400	3.690	21400	3.700	18400	/16842795//42638/11600/3.55/3.7//2008-9-18 9:32:35
41/600077/国能集团/3.530	1100	3.520	3400	3.510	2100	3.500	1800	3.490	2000	3.550	7100	3.600	2000	3.640	4699	3.650	8500	3.680	1400	/16842795//43348/11800/3.55/3.7//2008-9-18 9:33:35
41/600077/国能集团/3.550	9022	3.530	1900	3.520	3400	3.510	2100	3.500	4700	3.600	2000	3.640	4699	3.650	8500	3.680	1400	3.690	21400	/16842795//83026/22978/3.55/3.7//2008-9-18 9:34:35
41/600077/国能集团/3.550	11522	3.530	1900	3.520	3400	3.510	1000	3.500	24700	3.600	2200	3.640	4699	3.650	8500	3.680	1400	3.690	21400	/16842795//93676/25978/3.55/3.7//2008-9-18 9:35:35
41/600077/国能集团/3.560	2000	3.550	11922	3.530	1900	3.520	3400	3.510	1000	3.600	2200	3.630	1000	3.640	4699	3.650	8500	3.680	1400	/16842795//93676/25978/3.55/3.7//2008-9-18 9:36:36
41/600077/国能集团/3.550	8922	3.530	1900	3.520	3400	3.510	1000	3.500	24900	3.600	2200	3.630	1000	3.640	4699	3.650	8500	3.680	1400	/16842795//111446/30978/3.55/3.7//2008-9-18 9:37:36
41/600077/国能集团/3.560	6000	3.550	7122	3.530	2000	3.520	3400	3.510	1000	3.600	2200	3.630	1000	3.640	4699	3.650	8500	3.680	1400	/16842795//124226/34578/3.55/3.7//2008-9-18 9:38:36
41/600077/国能集团/3.550	6622	3.530	2000	3.520	3400	3.510	1000	3.500	24900	3.560	100	3.600	2400	3.630	1000	3.640	4699	3.650	8500	/16842795//146316/40778/3.56/3.7//2008-9-18 9:39:36
41/600077/国能集团/3.550	4922	3.530	2000	3.520	3400	3.510	1000	3.500	23900	3.570	5800	3.600	2400	3.630	1000	3.640	6199	3.650	8500	/16842795//152351/42478/3.55/3.7//2008-9-18 9:40:36
41/600077/国能集团/3.560	500	3.550	4129	3.530	1100	3.520	3400	3.510	1000	3.570	5800	3.600	2200	3.630	1000	3.640	6199	3.650	8500	/16842795//160141/44671/3.56/3.7//2008-9-18 9:41:37
41/600077/国能集团/3.570	6000	3.560	500	3.550	4129	3.530	1100	3.520	3400	3.600	2200	3.630	1000	3.640	6199	3.650	8500	3.680	1400	/16842795//180847/50471/3.57/3.7//2008-9-18 9:42:37
41/600077/国能集团/3.570	6000	3.560	500	3.550	4329	3.530	1000	3.520	3400	3.600	1800	3.630	1000	3.640	6199	3.650	8500	3.680	1400	/16842795//182287/50871/3.6/3.7//2008-9-18 9:43:37
41/600077/国能集团/3.570	6000	3.560	500	3.550	4329	3.530	1000	3.520	3400	3.590	800	3.600	22800	3.630	1000	3.640	6199	3.650	8500	/16842795//182287/50871/3.6/3.7//2008-9-18 9:44:37
41/600077/国能集团/3.570	6000	3.560	500	3.550	4329	3.530	1000	3.520	3400	3.590	3300	3.600	23000	3.630	1000	3.640	6199	3.650	8500	/16842795//182287/50871/3.6/3.7//2008-9-18 9:45:37
41/600077/国能集团/3.570	7000	3.560	500	3.550	4329	3.530	1000	3.520	3400	3.590	800	3.600	23000	3.630	1000	3.640	6199	3.650	8500	/16842795//182287/50871/3.6/3.7//2008-9-18 9:46:38
41/600077/国能集团/3.570	7100	3.560	500	3.550	4329	3.530	1000	3.520	3400	3.590	800	3.600	23000	3.620	5000	3.630	1000	3.640	6199	/16842795//182287/50871/3.6/3.7//2008-9-18 9:47:38
41/600077/国能集团/3.560	500	3.550	4329	3.530	1000	3.520	3400	3.510	2000	3.600	22500	3.620	5000	3.640	6199	3.650	8500	3.680	1400	/16842795//221945/61971/3.6/3.7//2008-9-18 9:48:38
41/600077/国能集团/3.570	1700	3.560	500	3.550	4029	3.530	1000	3.520	3400	3.600	5000	3.620	5000	3.640	6199	3.650	8500	3.680	1400	/16842795//297515/82971/3.57/3.7//2008-9-18 9:49:39
41/600077/国能集团/3.570	1700	3.550	4029	3.530	1000	3.520	3400	3.510	2000	3.600	300	3.620	5000	3.640	6199	3.650	8500	3.680	1400	/16842795//314435/87671/3.6/3.7//2008-9-18 9:50:39
41/600077/国能集团/3.570	1600	3.550	4029	3.530	1000	3.520	3400	3.510	2000	3.600	1300	3.620	5000	3.640	6199	3.650	8500	3.680	1400	/16842795//314792/87771/3.57/3.7//2008-9-18 9:51:39
41/600077/国能集团/3.570	6000	3.560	500	3.550	3929	3.530	1000	3.520	3400	3.600	1300	3.620	5000	3.640	6199	3.650	8500	3.680	1400	/16842795//314792/87771/3.57/3.7//2008-9-18 9:52:39
41/600077/国能集团/3.560	500	3.550	3929	3.530	1000	3.520	3400	3.510	2000	3.590	5000	3.600	1300	3.620	5000	3.640	2000	3.650	8500	/16842795//336212/93771/3.57/3.7//2008-9-18 9:53:40
41/600077/国能集团/3.560	1200	3.550	3929	3.530	1000	3.520	3400	3.510	2000	3.570	2700	3.590	4600	3.600	5499	3.620	5000	3.640	500	/16842795//339437/94671/3.56/3.7//2008-9-18 9:54:40
41/600077/国能集团/3.560	1200	3.550	1100	3.530	1000	3.520	3400	3.510	2000	3.570	700	3.590	4600	3.600	1300	3.620	5000	3.640	500	/16842795//339437/94671/3.56/3.7//2008-9-18 9:55:40
41/600077/国能集团/3.550	1100	3.530	1000	3.520	3400	3.510	2000	3.500	25600	3.560	800	3.570	700	3.590	4600	3.600	1300	3.620	5000	/16842795//347269/96871/3.56/3.7//2008-9-18 9:56:41
41/600077/国能集团/3.550	600	3.530	1000	3.520	3400	3.510	2000	3.500	25600	3.560	800	3.570	700	3.590	4600	3.600	1300	3.620	5000	/16842795//349044/97371/3.55/3.7//2008-9-18 9:57:41
41/600077/国能集团/3.530	1000	3.520	3400	3.510	2000	3.500	27700	3.490	2000	3.560	800	3.570	700	3.590	4600	3.600	1300	3.620	5000	/16842795//353304/98571/3.55/3.7//2008-9-18 9:58:41
41/600077/国能集团/3.530	600	3.520	3400	3.510	2000	3.500	7700	3.490	2000	3.560	800	3.570	700	3.590	4600	3.600	1300	3.620	5000	/16842795//357548/99771/3.53/3.7//2008-9-18 9:59:41
41/600077/国能集团/3.530	700	3.520	3400	3.510	2000	3.500	7700	3.490	2000	3.600	500	3.620	5000	3.640	500	3.650	8500	3.680	1400	/16842795//392163/109471/3.6/3.7//2008-9-18 10:0:42
41/600077/国能集团/3.530	1600	3.520	3400	3.510	2000	3.500	7700	3.490	2000	3.580	5000	3.590	400	3.600	11099	3.620	5000	3.640	500	/16842795//392163/109471/3.6/3.7//2008-9-18 10:1:42
41/600077/国能集团/3.530	5400	3.520	3400	3.510	2000	3.500	7700	3.490	2000	3.580	5000	3.600	12699	3.620	5000	3.640	500	3.650	8900	/16842795//393575/109871/3.53/3.6//2008-9-18 10:2:42
41/600077/国能集团/3.520	3400	3.510	2000	3.500	7700	3.490	2000	3.480	1500	3.530	1600	3.570	1199	3.580	5000	3.600	12699	3.620	5000	/16842795//412637/115271/3.53/3.6//2008-9-18 10:3:42
41/600077/国能集团/3.520	3400	3.510	2000	3.500	7700	3.490	2000	3.480	1500	3.530	1600	3.570	1199	3.580	5000	3.600	13099	3.620	5000	/16842795//412637/115271/3.53/3.6//2008-9-18 10:4:43
41/600077/国能集团/3.510	2000	3.500	7700	3.490	2000	3.480	1800	3.470	2000	3.520	12000	3.530	1200	3.570	1899	3.580	5000	3.600	13099	/16842795//431649/120671/3.53/3.6//2008-9-18 10:5:43
41/600077/国能集团/3.500	3900	3.490	2000	3.480	1800	3.470	2000	3.450	200	3.520	12000	3.530	2200	3.570	1899	3.580	5000	3.600	13899	/16842795//451969/126471/3.5/3.6//2008-9-18 10:6:43
41/600077/国能集团/3.490	2000	3.480	1800	3.470	2000	3.450	200	3.440	900	3.500	98200	3.520	12000	3.530	1000	3.570	1899	3.580	5000	/16842795//458269/128271/3.5/3.6//2008-9-18 10:7:44
41/600077/国能集团/3.470	2000	3.450	200	3.440	900	3.410	300	3.400	16100	3.480	600	3.490	900	3.500	97700	3.520	12000	3.530	1000	/16842795//482013/135071/3.48/3.6//2008-9-18 10:8:44
41/600077/国能集团/3.450	200	3.440	900	3.430	3000	3.410	1300	3.400	27100	3.470	100	3.480	100	3.490	1647	3.500	95600	3.520	12000	/16842795//490693/137571/3.47/3.6//2008-9-18 10:9:44
41/600077/国能集团/3.470	100	3.450	200	3.440	7900	3.430	3000	3.420	500	3.480	6647	3.500	95600	3.520	12000	3.560	1000	3.570	1899	/16842795//575289/161871/3.48/3.6//2008-9-18 10:10:44
41/600077/国能集团/3.450	500	3.440	7900	3.430	3000	3.420	500	3.410	1300	3.480	8847	3.490	2000	3.500	95600	3.520	12000	3.560	1000	/16842795//578068/162671/3.48/3.6//2008-9-18 10:11:45
41/600077/国能集团/3.440	7900	3.430	3000	3.420	500	3.410	1300	3.400	27100	3.450	2700	3.480	7847	3.490	2000	3.500	95600	3.520	12000	/16842795//585349/164771/3.45/3.6//2008-9-18 10:12:45
41/600077/国能集团/3.440	7900	3.430	3000	3.420	500	3.410	2300	3.400	28900	3.450	2300	3.480	5347	3.490	2000	3.500	95600	3.520	12000	/16842795//588454/165671/3.45/3.6//2008-9-18 10:13:45
41/600077/国能集团/3.430	3000	3.420	500	3.410	2300	3.400	28900	3.350	2300	3.440	3300	3.450	5000	3.480	5347	3.490	2000	3.500	95600	/16842795//622854/175671/3.44/3.6//2008-9-18 10:14:46
41/600077/国能集团/3.410	2300	3.400	28900	3.350	3200	3.340	9100	3.330	8300	3.420	1200	3.430	26400	3.440	8300	3.450	4500	3.480	5347	/16842795//642720/181471/3.42/3.6//2008-9-18 10:15:46
41/600077/国能集团/3.400	29400	3.350	3200	3.340	9100	3.330	8300	0.000	0	3.410	700	3.430	26400	3.440	3300	3.450	2000	3.480	5347	/16842795//659785/186471/3.41/3.6//2008-9-18 10:16:46
41/600077/国能集团/3.440	3700	3.430	4800	3.420	15500	3.410	2900	3.400	29400	3.500	96600	3.520	12000	3.560	1000	3.570	700	3.580	5000	/16842795//770976/218871/3.45/3.6//2008-9-18 10:17:47
41/600077/国能集团/3.440	3200	3.430	10300	3.420	15000	3.410	3000	3.400	29400	3.450	1600	3.490	1000	3.500	96200	3.520	12000	3.560	1000	/16842795//774771/219971/3.45/3.6//2008-9-18 10:18:47
41/600077/国能集团/3.450	2500	3.440	1700	3.430	10300	3.420	15000	3.410	3000	3.490	1000	3.500	95200	3.520	12000	3.560	1000	3.570	700	/16842795//780291/221571/3.45/3.6//2008-9-18 10:19:47
41/600077/国能集团/3.450	4100	3.440	1700	3.430	4800	3.420	17000	3.410	3000	3.490	1000	3.500	96400	3.520	12000	3.560	1000	3.570	700	/16842795//780291/221571/3.45/3.6//2008-9-18 10:20:48
41/600077/国能集团/3.450	4100	3.440	4100	3.430	24800	3.420	15000	3.410	3000	3.470	1200	3.490	1000	3.500	96400	3.520	12000	3.560	1000	/16842795//780291/221571/3.45/3.6//2008-9-18 10:21:48
41/600077/国能集团/3.470	400	3.440	4100	3.430	4800	3.420	15000	3.410	3000	3.490	1000	3.500	96400	3.520	12000	3.560	1000	3.570	700	/16842795//803428/228271/3.47/3.6//2008-9-18 10:22:48
41/600077/国能集团/3.470	14800	3.440	4100	3.430	4800	3.410	3000	3.400	29400	3.480	1000	3.490	1000	3.500	96400	3.520	12000	3.560	1000	/16842795//803428/228271/3.47/3.6//2008-9-18 10:23:48
41/600077/国能集团/3.440	4100	3.430	4800	3.410	3000	3.400	29400	3.380	36600	3.470	1700	3.480	1000	3.490	1000	3.500	96400	3.520	12000	/16842795//854784/243071/3.47/3.6//2008-9-18 10:24:49
41/600077/国能集团/3.450	800	3.440	2200	3.430	4800	3.410	3400	3.400	29400	3.470	1700	3.490	1000	3.500	95900	3.520	12000	3.560	1000	/16842795//857560/243871/3.47/3.6//2008-9-18 10:25:49
41/600077/国能集团/3.450	800	3.440	2200	3.430	4800	3.410	3400	3.400	29400	3.470	2200	3.490	1000	3.500	95900	3.520	12000	3.560	1000	/16842795//857560/243871/3.47/3.6//2008-9-18 10:26:49
41/600077/国能集团/3.450	400	3.440	2200	3.430	4800	3.410	3400	3.400	29400	3.470	2200	3.490	1000	3.500	95900	3.520	12000	3.560	1000	/16842795//856164/243471/3.45/3.6//2008-9-18 10:27:50
41/600077/国能集团/3.440	2200	3.430	4800	3.410	3400	3.400	29400	3.380	36900	3.470	2200	3.490	1000	3.500	95900	3.520	12000	3.560	1000	/16842795//856164/243471/3.45/3.6//2008-9-18 10:28:50
41/600077/国能集团/3.450	100	3.440	2200	3.430	4800	3.410	3500	3.400	29400	3.470	2200	3.490	1000	3.500	95900	3.520	12000	3.560	1000	/16842795//856164/243471/3.45/3.6//2008-9-18 10:29:50
41/600077/国能集团/3.440	2200	3.430	4800	3.410	3500	3.400	29400	3.380	36900	3.450	2600	3.470	2200	3.490	1000	3.500	95900	3.520	12000	/16842795//856509/243571/3.45/3.6//2008-9-18 10:30:51
41/600077/国能集团/3.440	2200	3.430	4800	3.420	1000	3.410	3500	3.400	29400	3.450	2600	3.470	2200	3.490	1000	3.500	95900	3.520	12000	/16842795//856509/243571/3.45/3.6//2008-9-18 10:31:51
41/600077/国能集团/3.430	4800	3.420	1000	3.410	3500	3.400	29400	3.380	36900	3.440	800	3.450	2600	3.470	2200	3.490	1000	3.500	95900	/16842795//864077/245771/3.44/3.6//2008-9-18 10:32:51
41/600077/国能集团/3.430	4300	3.410	3500	3.400	29400	3.380	36900	3.350	5200	3.450	2600	3.470	1700	3.490	1000	3.500	95900	3.520	12000	/16842795//886088/252171/3.43/3.6//2008-9-18 10:33:52
41/600077/国能集团/3.430	3900	3.410	3400	3.400	29400	3.380	36900	3.350	5200	3.450	2600	3.470	1700	3.490	1000	3.500	95900	3.520	12000	/16842795//888832/252971/3.43/3.6//2008-9-18 10:34:52
41/600077/国能集团/3.430	3900	3.410	3600	3.400	29400	3.380	36900	3.350	5200	3.490	1000	3.500	95900	3.520	12000	3.560	1000	3.570	700	/16842795//888832/252971/3.43/3.6//2008-9-18 10:35:52
41/600077/国能集团/3.430	1300	3.410	8000	3.400	29400	3.380	36900	3.350	5200	3.490	1000	3.500	95900	3.520	12000	3.560	1000	3.570	700	/16842795//896378/255171/3.43/3.6//2008-9-18 10:36:53
41/600077/国能集团/3.430	1300	3.410	8000	3.400	29400	3.380	36900	3.350	5200	3.480	1000	3.490	1000	3.500	95900	3.520	12000	3.560	1000	/16842795//896378/255171/3.43/3.6//2008-9-18 10:37:53
41/600077/国能集团/3.440	5000	3.430	1300	3.410	8000	3.400	29400	3.380	36900	3.480	1000	3.490	1000	3.500	95900	3.520	12000	3.560	1000	/16842795//896378/255171/3.43/3.6//2008-9-18 10:38:53
41/600077/国能集团/3.430	1300	3.410	8000	3.400	29400	3.380	36900	3.350	5200	3.440	51600	3.480	1000	3.490	1000	3.500	100100	3.520	12000	/16842795//916330/260971/3.44/3.6//2008-9-18 10:39:54
41/600077/国能集团/3.430	100	3.380	27151	3.350	5200	3.340	9400	3.330	15100	3.440	50600	3.480	1000	3.490	1000	3.500	100100	3.520	12000	/16842795//1083045/310020/3.44/3.6//2008-9-18 10:40:54
41/600077/国能集团/3.380	27151	3.350	4300	3.340	9400	3.330	15100	0.000	0	3.400	45000	3.440	50600	3.480	1000	3.490	1000	3.500	100100	/16842795//1100095/315020/3.41/3.6//2008-9-18 10:41:54
41/600077/国能集团/3.350	2300	3.340	9400	3.330	15300	0.000	0	0.000	0	3.380	42749	3.400	44700	3.440	50600	3.480	1000	3.490	1000	/16842795//1193223/342571/3.38/3.6//2008-9-18 10:42:55
41/600077/国能集团/3.350	1400	3.340	9700	3.330	29300	0.000	0	0.000	0	3.380	33249	3.400	44700	3.440	50600	3.480	1000	3.490	1000	/16842795//1239418/356271/3.38/3.6//2008-9-18 10:43:55
41/600077/国能集团/3.380	44051	3.350	23900	3.340	22300	3.330	36600	0.000	0	3.400	29900	3.440	50600	3.480	1000	3.490	1000	3.500	101100	/16842795//1332830/383820/3.4/3.6//2008-9-18 10:44:56
41/600077/国能集团/3.390	900	3.380	6800	3.350	23500	3.340	42300	3.330	38900	3.400	13700	3.440	50600	3.480	1000	3.490	1000	3.500	101100	/16842795//1462290/422020/3.4/3.6//2008-9-18 10:45:56
41/600077/国能集团/3.380	6800	3.360	1000	3.350	21500	3.340	41300	3.330	34100	3.390	2100	3.400	63700	3.440	50600	3.480	1000	3.490	1000	/16842795//1468392/423820/3.39/3.6//2008-9-18 10:46:56
41/600077/国能集团/3.360	1000	3.350	21400	3.340	22000	3.330	34100	0.000	0	3.380	47700	3.390	2100	3.400	63700	3.430	100	3.440	50600	/16842795//1488325/429720/3.38/3.6//2008-9-18 10:47:57
41/600077/国能集团/3.350	21400	3.340	22000	3.330	34100	0.000	0	0.000	0	3.360	1800	3.380	47200	3.390	2100	3.400	63700	3.430	100	/16842795//1505807/434920/3.36/3.6//2008-9-18 10:48:57
41/600077/国能集团/3.350	16600	3.340	19400	3.330	36600	0.000	0	0.000	0	3.360	13600	3.380	47200	3.390	2100	3.400	63700	3.430	100	/16842795//1535999/443920/3.36/3.6//2008-9-18 10:49:57
41/600077/国能集团/3.350	16800	3.340	19400	3.330	49000	0.000	0	0.000	0	3.360	13400	3.380	47200	3.390	2100	3.400	63700	3.430	100	/16842795//1537343/444320/3.36/3.6//2008-9-18 10:50:58
41/600077/国能集团/3.360	6800	3.350	16500	3.340	19400	3.330	58500	0.000	0	3.380	47200	3.390	2100	3.400	63700	3.430	100	3.440	50600	/16842795//1582700/457820/3.36/3.6//2008-9-18 10:51:58
41/600077/国能集团/3.360	6800	3.350	16500	3.340	21200	3.330	58500	0.000	0	3.370	3300	3.380	47200	3.390	2100	3.400	63700	3.430	100	/16842795//1593116/460920/3.36/3.6//2008-9-18 10:52:58
41/600077/国能集团/3.360	6500	3.350	16500	3.340	21200	3.330	57000	0.000	0	3.370	3300	3.380	47200	3.390	2100	3.400	63700	3.430	100	/16842795//1583708/458120/3.36/3.6//2008-9-18 10:53:59
41/600077/国能集团/3.350	13400	3.340	21200	3.330	57400	0.000	0	0.000	0	3.360	50500	3.370	3300	3.380	47200	3.390	2100	3.400	63700	/16842795//1615933/467720/3.35/3.6//2008-9-18 10:54:59
41/600077/国能集团/3.350	13400	3.340	21200	3.330	57400	0.000	0	0.000	0	3.360	50500	3.370	3300	3.380	47200	3.390	2100	3.400	63700	/16842795//1622633/469720/3.35/3.6//2008-9-18 10:56:0
41/600077/国能集团/3.350	16400	3.340	21200	3.330	57500	0.000	0	0.000	0	3.360	30500	3.370	3300	3.380	47200	3.390	2100	3.400	63700	/16842795//1689833/489720/3.36/3.6//2008-9-18 10:57:0
41/600077/国能集团/3.350	16400	3.340	22700	3.330	61200	0.000	0	0.000	0	3.360	29500	3.370	3300	3.380	47200	3.390	2100	3.400	63700	/16842795//1696553/491720/3.36/3.6//2008-9-18 10:58:0
41/600077/国能集团/3.350	15400	3.340	22700	3.330	71200	0.000	0	0.000	0	3.360	28000	3.370	3300	3.380	47200	3.390	2100	3.400	63700	/16842795//1704933/494220/3.35/3.6//2008-9-18 10:59:1
41/600077/国能集团/3.350	11300	3.340	21200	3.330	71600	0.000	0	0.000	0	3.360	26600	3.370	3300	3.380	47200	3.390	2100	3.400	63700	/16842795//1710319/495820/3.36/3.6//2008-9-18 11:0:1
41/600077/国能集团/3.350	10300	3.340	21200	3.330	71600	0.000	0	0.000	0	3.360	26600	3.370	3300	3.380	47200	3.390	2100	3.400	63700	/16842795//1709637/495620/3.35/3.6//2008-9-18 11:1:2
41/600077/国能集团/3.350	7949	3.340	21200	3.330	71600	0.000	0	0.000	0	3.360	26500	3.370	3300	3.380	47200	3.390	2100	3.400	63700	/16842795//1717849/498071/3.36/3.6//2008-9-18 11:2:2
41/600077/国能集团/3.350	6949	3.340	21300	3.330	73500	0.000	0	0.000	0	3.360	29300	3.370	3300	3.380	47200	3.390	2100	3.400	63700	/16842795//1735983/503471/3.36/3.6//2008-9-18 11:3:2
41/600077/国能集团/3.350	6100	3.340	21300	3.330	77600	0.000	0	0.000	0	3.360	29300	3.370	3300	3.380	47200	3.390	2100	3.400	63700	/16842795//1735983/503471/3.36/3.6//2008-9-18 11:4:3
41/600077/国能集团/3.350	6900	3.340	21300	3.330	77600	0.000	0	0.000	0	3.360	24200	3.370	3300	3.380	47200	3.390	2100	3.400	63700	/16842795//1729263/501471/3.36/3.6//2008-9-18 11:5:3
41/600077/国能集团/3.350	6900	3.340	21300	3.330	76500	0.000	0	0.000	0	3.360	24200	3.370	3300	3.380	47200	3.390	2100	3.400	63700	/16842795//1729263/501471/3.36/3.6//2008-9-18 11:6:4
41/600077/国能集团/3.350	7300	3.340	21300	3.330	76500	0.000	0	0.000	0	3.360	24000	3.370	3300	3.380	47200	3.390	2100	3.400	63700	/16842795//1731609/502171/3.35/3.6//2008-9-18 11:7:4
41/600077/国能集团/3.350	7300	3.340	19900	3.330	77500	0.000	0	0.000	0	3.360	22300	3.370	3300	3.380	47200	3.390	2100	3.400	63700	/16842795//1737321/503871/3.36/3.6//2008-9-18 11:8:4
41/600077/国能集团/3.350	7900	3.340	19900	3.330	73900	0.000	0	0.000	0	3.360	13300	3.370	3300	3.380	47200	3.390	2100	3.400	63700	/16842795//1770921/513871/3.36/3.6//2008-9-18 11:9:5
41/600077/国能集团/3.350	7100	3.340	21400	3.330	73900	0.000	0	0.000	0	3.360	3300	3.370	3300	3.380	47200	3.390	2100	3.400	63700	/16842795//1817961/527871/3.36/3.6//2008-9-18 11:10:5
41/600077/国能集团/3.360	1500	3.350	7100	3.340	19900	3.330	73900	0.000	0	3.370	2600	3.380	47200	3.390	2100	3.400	63700	3.450	300	/16842795//1814608/526871/3.37/3.6//2008-9-18 11:11:6
41/600077/国能集团/3.360	1100	3.350	7000	3.340	19900	3.330	73900	0.000	0	3.370	2600	3.380	47200	3.390	2100	3.400	63700	3.450	300	/16842795//1819648/528371/3.36/3.6//2008-9-18 11:12:6
41/600077/国能集团/3.360	4600	3.350	7000	3.340	19900	3.330	74500	0.000	0	3.370	2600	3.380	47200	3.390	2100	3.400	63700	3.450	300	/16842795//1819648/528371/3.36/3.6//2008-9-18 11:13:7
41/600077/国能集团/3.360	4600	3.350	9000	3.340	19900	3.330	74500	0.000	0	3.370	2600	3.380	47200	3.390	2100	3.400	63700	3.450	300	/16842795//1819648/528371/3.36/3.6//2008-9-18 11:14:7
41/600077/国能集团/3.360	4600	3.350	9000	3.340	19900	3.330	71200	0.000	0	3.370	2500	3.380	47200	3.390	2100	3.400	63700	3.450	300	/16842795//1819985/528471/3.37/3.6//2008-9-18 11:15:7
41/600077/国能集团/3.360	4600	3.350	9000	3.340	19900	3.330	71200	0.000	0	3.370	2300	3.380	47200	3.390	2100	3.400	64000	3.450	300	/16842795//1820659/528671/3.37/3.6//2008-9-18 11:16:8
41/600077/国能集团/3.370	1700	3.360	4600	3.350	8000	3.340	19900	3.330	71700	3.380	47200	3.390	2100	3.400	64000	3.450	300	3.480	1000	/16842795//1828410/530971/3.37/3.6//2008-9-18 11:17:8
41/600077/国能集团/3.370	1700	3.360	4600	3.350	8000	3.340	19900	3.330	71700	3.380	47200	3.390	2100	3.400	64000	3.450	300	3.480	1000	/16842795//1828410/530971/3.37/3.6//2008-9-18 11:18:9
41/600077/国能集团/3.360	4600	3.350	8000	3.340	19900	3.330	71700	0.000	0	3.370	8800	3.380	47200	3.390	2100	3.400	64000	3.450	300	/16842795//1834139/532671/3.37/3.6//2008-9-18 11:19:9
41/600077/国能集团/3.360	4100	3.350	8000	3.340	19900	3.330	71700	0.000	0	3.370	8300	3.380	47200	3.390	2100	3.400	64000	3.450	300	/16842795//1834139/532671/3.37/3.6//2008-9-18 11:20:10
41/600077/国能集团/3.360	4100	3.350	7000	3.340	19900	3.330	71700	0.000	0	3.370	8300	3.380	47200	3.390	2100	3.400	64000	3.450	300	/16842795//1834139/532671/3.37/3.6//2008-9-18 11:21:10
41/600077/国能集团/3.360	4100	3.350	7000	3.340	19900	3.330	71700	0.000	0	3.370	7300	3.380	47200	3.390	2100	3.400	64000	3.450	300	/16842795//1837509/533671/3.37/3.6//2008-9-18 11:22:10
41/600077/国能集团/3.360	3300	3.350	7000	3.340	19900	3.330	71700	0.000	0	3.370	7300	3.380	47200	3.390	2100	3.400	64000	3.450	300	/16842795//1840197/534471/3.36/3.6//2008-9-18 11:23:11
41/600077/国能集团/3.360	3300	3.350	7000	3.340	19900	3.330	72700	0.000	0	3.370	7300	3.380	47200	3.390	2100	3.400	64000	3.450	300	/16842795//1842885/535271/3.36/3.6//2008-9-18 11:24:11
41/600077/国能集团/3.360	3300	3.350	7000	3.340	19900	3.330	71700	0.000	0	3.370	7300	3.380	47200	3.390	2100	3.400	64000	3.450	300	/16842795//1842885/535271/3.36/3.6//2008-9-18 11:25:12
41/600077/国能集团/3.360	3300	3.350	7000	3.340	19900	3.330	71700	0.000	0	3.370	12300	3.380	47200	3.390	2100	3.400	64000	3.450	300	/16842795//1842885/535271/3.36/3.6//2008-9-18 11:26:12
41/600077/国能集团/3.360	300	3.350	7000	3.340	19900	3.330	61700	0.000	0	3.370	7600	3.380	47200	3.390	2100	3.400	64000	3.450	300	/16842795//1866116/542171/3.37/3.6//2008-9-18 11:27:13
41/600077/国能集团/3.350	2300	3.340	19900	3.330	61700	0.000	0	0.000	0	3.360	100	3.370	7600	3.380	47200	3.390	2100	3.400	64000	/16842795//1882869/547171/3.35/3.6//2008-9-18 11:28:13
41/600077/国能集团/3.340	19500	3.330	61700	0.000	0	0.000	0	0.000	0	3.350	1200	3.370	7600	3.380	47200	3.390	2100	3.400	64000	/16842795//1886885/548371/3.34/3.6//2008-9-18 11:29:14
41/600077/国能集团/3.340	20900	3.330	67200	0.000	0	0.000	0	0.000	0	3.350	4000	3.370	7600	3.380	47200	3.390	2100	3.400	64000	/16842795//1887554/548571/3.35/3.6//2008-9-18 11:30:14
41/600077/国能集团/3.340	20900	3.330	67200	0.000	0	0.000	0	0.000	0	3.350	4000	3.370	7600	3.380	47200	3.390	2100	3.400	64000	/16842795//1887554/548571/3.35/3.6//2008-9-18 11:31:15
41/600077/国能集团/3.340	17800	3.330	57600	0.000	0	0.000	0	0.000	0	3.370	7500	3.380	47200	3.390	2100	3.400	65500	3.450	4300	/16842795//1908959/554971/3.35/3.6//2008-9-18 13:1:15
41/600077/国能集团/3.340	18800	3.330	57700	0.000	0	0.000	0	0.000	0	3.370	7500	3.380	47200	3.390	3100	3.400	65500	3.450	4300	/16842795//1920344/558371/3.35/3.6//2008-9-18 13:2:16
41/600077/国能集团/3.350	54000	3.340	18800	3.330	57700	0.000	0	0.000	0	3.370	7500	3.380	47200	3.390	3100	3.400	65500	3.450	4300	/16842795//1920344/558371/3.35/3.6//2008-9-18 13:3:16
41/600077/国能集团/3.350	54000	3.340	18800	3.330	58200	0.000	0	0.000	0	3.370	7500	3.380	47200	3.390	3100	3.400	65500	3.450	4300	/16842795//1920344/558371/3.35/3.6//2008-9-18 13:4:17
41/600077/国能集团/3.350	54000	3.340	17300	3.330	58200	0.000	0	0.000	0	3.370	7500	3.380	47200	3.390	3100	3.400	65500	3.450	4300	/16842795//1920344/558371/3.35/3.6//2008-9-18 13:5:17
41/600077/国能集团/3.350	52500	3.340	17300	3.330	58200	0.000	0	0.000	0	3.370	7500	3.380	47200	3.390	3100	3.400	65500	3.450	4300	/16842795//1913984/556471/3.35/3.6//2008-9-18 13:6:18
41/600077/国能集团/3.350	52500	3.340	17300	3.330	58200	0.000	0	0.000	0	3.370	3500	3.380	47200	3.390	3100	3.400	65500	3.450	4300	/16842795//1927464/560471/3.37/3.6//2008-9-18 13:7:18
41/600077/国能集团/3.370	1500	3.360	6000	3.350	52500	3.340	17300	3.330	58200	3.380	47200	3.390	3100	3.400	65500	3.450	4300	3.480	1000	/16842795//1939259/563971/3.37/3.6//2008-9-18 13:8:19
41/600077/国能集团/3.370	1419	3.360	8000	3.350	52500	3.340	16300	3.330	48400	3.380	47000	3.390	3100	3.400	65500	3.410	27300	3.450	4300	/16842795//1940208/564252/3.37/3.6//2008-9-18 13:9:19
41/600077/国能集团/3.360	8000	3.350	52500	3.340	16300	3.330	48400	0.000	0	3.370	2981	3.380	47000	3.390	3100	3.400	65500	3.410	27300	/16842795//1944990/565671/3.37/3.6//2008-9-18 13:10:20
41/600077/国能集团/3.360	8000	3.350	52500	3.340	16300	3.330	48400	0.000	0	3.370	3481	3.380	47000	3.390	3100	3.400	65500	3.410	27300	/16842795//1944990/565671/3.37/3.6//2008-9-18 13:11:20
41/600077/国能集团/3.360	7300	3.350	52500	3.340	16300	3.330	49400	0.000	0	3.370	3481	3.380	47000	3.390	3100	3.400	65500	3.410	27300	/16842795//1947342/566371/3.36/3.6//2008-9-18 13:12:21
41/600077/国能集团/3.360	7300	3.350	52500	3.340	16300	3.330	50800	0.000	0	3.370	3481	3.380	47000	3.390	3100	3.400	65500	3.410	27300	/16842795//1947342/566371/3.36/3.6//2008-9-18 13:13:21
41/600077/国能集团/3.360	7300	3.350	52500	3.340	16300	3.330	50800	0.000	0	3.370	3481	3.380	47000	3.390	3100	3.400	65500	3.410	27300	/16842795//1947342/566371/3.36/3.6//2008-9-18 13:14:22
41/600077/国能集团/3.360	7300	3.350	52500	3.340	16300	3.330	50800	0.000	0	3.370	3481	3.380	47000	3.390	3100	3.400	65500	3.410	27300	/16842795//1947342/566371/3.36/3.6//2008-9-18 13:15:22
41/600077/国能集团/3.360	7300	3.350	52500	3.340	16300	3.330	53900	0.000	0	3.370	3481	3.380	47000	3.390	3100	3.400	65500	3.410	27300	/16842795//1947342/566371/3.36/3.6//2008-9-18 13:16:23
41/600077/国能集团/3.360	7300	3.350	52500	3.340	16300	3.330	53900	0.000	0	3.370	500	3.380	47000	3.390	3100	3.400	65500	3.410	27300	/16842795//1947342/566371/3.36/3.6//2008-9-18 13:17:23
41/600077/国能集团/3.360	7300	3.350	52500	3.340	16300	3.330	53900	0.000	0	3.370	500	3.380	47000	3.390	3100	3.400	65500	3.410	27300	/16842795//1947342/566371/3.36/3.6//2008-9-18 13:18:24
41/600077/国能集团/3.350	52500	3.340	16300	3.330	53900	0.000	0	0.000	0	3.360	200	3.380	47000	3.390	2100	3.400	65500	3.410	27300	/16842795//1975240/574671/3.36/3.6//2008-9-18 13:19:24
41/600077/国能集团/3.360	54500	3.350	52500	3.340	16300	3.330	53900	0.000	0	3.380	47000	3.390	2100	3.400	65500	3.410	27300	3.450	4300	/16842795//1975912/574871/3.36/3.6//2008-9-18 13:20:25
41/600077/国能集团/3.360	55500	3.350	52500	3.340	16300	3.330	53900	0.000	0	3.380	47000	3.390	2100	3.400	65500	3.410	27300	3.450	4300	/16842795//1975912/574871/3.36/3.6//2008-9-18 13:21:25
41/600077/国能集团/3.360	52500	3.350	4000	3.340	16300	3.330	53900	0.000	0	3.380	12000	3.390	2100	3.400	68000	3.410	27300	3.450	4300	/16842795//2104292/612871/3.38/3.6//2008-9-18 13:22:26
41/600077/国能集团/3.380	5500	3.360	53500	3.340	16300	3.330	53900	0.000	0	3.390	2100	3.400	68000	3.410	27300	3.450	4300	3.480	1000	/16842795//2144852/624871/3.38/3.6//2008-9-18 13:23:26
41/600077/国能集团/3.380	5500	3.360	52500	3.340	16300	3.330	57200	0.000	0	3.390	3000	3.400	68000	3.410	27300	3.450	4300	3.480	1000	/16842795//2151632/626871/3.39/3.6//2008-9-18 13:24:27
41/600077/国能集团/3.390	6400	3.380	5500	3.360	52500	3.340	16400	3.330	57300	3.400	49300	3.410	27300	3.450	4300	3.480	1000	3.490	8000	/16842795//2225382/648571/3.4/3.6//2008-9-18 13:25:27
41/600077/国能集团/3.390	5000	3.380	5500	3.360	52500	3.340	16400	3.330	57300	3.400	3300	3.410	27300	3.450	4300	3.480	1000	3.490	8000	/16842795//2383482/695071/3.4/3.6//2008-9-18 13:26:28
41/600077/国能集团/3.400	2700	3.390	5000	3.380	5500	3.370	300	3.360	52500	3.410	27300	3.450	300	3.480	1000	3.490	8000	3.500	136140	/16842795//2394702/698371/3.4/3.6//2008-9-18 13:27:28
41/600077/国能集团/3.400	6700	3.390	5000	3.380	5500	3.370	300	3.360	52500	3.410	25100	3.450	300	3.480	1000	3.490	8000	3.500	136140	/16842795//2402204/700571/3.41/3.6//2008-9-18 13:28:29
41/600077/国能集团/3.390	5000	3.370	20300	3.360	52500	3.350	1000	3.340	16400	3.410	22500	3.450	300	3.480	1000	3.490	8700	3.500	136140	/16842795//2434870/710171/3.4/3.6//2008-9-18 13:29:29
41/600077/国能集团/3.390	3000	3.370	20300	3.360	52500	3.350	1500	3.340	16400	3.410	20500	3.450	300	3.480	1000	3.490	11700	3.500	136140	/16842795//2448470/714171/3.41/3.6//2008-9-18 13:30:30
41/600077/国能集团/3.370	20300	3.360	52500	3.350	21500	3.340	16400	3.330	57200	3.410	19500	3.450	300	3.480	1000	3.490	11700	3.500	136140	/16842795//2451880/715171/3.41/3.6//2008-9-18 13:31:30
41/600077/国能集团/3.380	12500	3.370	20300	3.360	52500	3.350	21700	3.340	16400	3.410	19300	3.450	300	3.480	1000	3.490	12000	3.500	136140	/16842795//2452562/715371/3.41/3.6//2008-9-18 13:32:31
41/600077/国能集团/3.450	22700	3.410	11000	3.380	12500	3.370	26400	3.360	24700	3.480	1000	3.490	12000	3.500	136140	3.520	12000	3.550	300	/16842795//2453597/715671/3.45/3.6//2008-9-18 13:33:31
41/600077/国能集团/3.450	42700	3.410	1000	3.400	400	3.380	12500	3.370	26400	3.480	2000	3.490	2700	3.500	136140	3.520	12000	3.550	300	/16842795//2453597/715671/3.45/3.6//2008-9-18 13:34:32
41/600077/国能集团/3.450	24900	3.400	400	3.380	12500	3.370	26400	3.360	1000	3.470	3000	3.480	9000	3.490	3700	3.500	135140	3.520	12000	/16842795//2453597/715671/3.45/3.6//2008-9-18 13:35:32
41/600077/国能集团/3.480	3000	3.450	25000	3.400	1400	3.380	12500	3.370	26400	3.490	5700	3.500	154440	3.520	12000	3.550	800	3.560	1500	/16842795//2495327/727671/3.48/3.6//2008-9-18 13:36:33
41/600077/国能集团/3.480	3000	3.450	25000	3.400	1400	3.380	12500	3.370	20300	3.490	5600	3.500	154440	3.520	12000	3.550	800	3.560	1500	/16842795//2501609/729471/3.49/3.6//2008-9-18 13:37:34
41/600077/国能集团/3.450	24900	3.400	1400	3.380	12500	3.370	20300	3.360	1000	3.480	7400	3.490	12202	3.500	154440	3.520	12000	3.550	800	/16842795//2508908/731571/3.48/3.6//2008-9-18 13:38:34
41/600077/国能集团/3.450	14900	3.400	1400	3.380	12500	3.370	20300	3.360	1000	3.470	1000	3.480	11700	3.490	12202	3.500	154440	3.520	12000	/16842795//2543408/741571/3.45/3.6//2008-9-18 13:39:35
41/600077/国能集团/3.450	14700	3.400	1400	3.380	12500	3.370	20300	3.360	1000	3.470	3100	3.480	9700	3.490	12202	3.500	154440	3.520	12000	/16842795//2546168/742371/3.45/3.6//2008-9-18 13:40:35
41/600077/国能集团/3.450	14700	3.400	1400	3.380	12500	3.370	20300	3.360	1000	3.470	3100	3.480	9700	3.490	9402	3.500	154440	3.520	12000	/16842795//2546168/742371/3.45/3.6//2008-9-18 13:41:36
41/600077/国能集团/3.450	14700	3.400	1400	3.380	12500	3.370	20300	3.360	11000	3.470	3100	3.480	13600	3.490	9402	3.500	135140	3.520	12000	/16842795//2546168/742371/3.45/3.6//2008-9-18 13:42:36
41/600077/国能集团/3.450	14700	3.400	1400	3.380	12500	3.370	20300	3.360	11000	3.470	3100	3.480	13600	3.490	9402	3.500	135140	3.520	12000	/16842795//2546168/742371/3.45/3.6//2008-9-18 13:43:37
41/600077/国能集团/3.470	2700	3.450	14100	3.400	11400	3.380	12500	3.370	20300	3.480	13600	3.490	9402	3.500	135140	3.520	12000	3.550	800	/16842795//2562445/747071/3.47/3.6//2008-9-18 13:44:37
41/600077/国能集团/3.470	7800	3.450	14100	3.400	11400	3.380	12500	3.370	20300	3.480	8400	3.490	7702	3.500	135140	3.520	12000	3.550	800	/16842795//2577061/751271/3.48/3.6//2008-9-18 13:45:38
41/600077/国能集团/3.480	29900	3.470	21800	3.450	14100	3.400	11400	3.380	12500	3.490	3900	3.500	135140	3.520	12000	3.550	800	3.560	1500	/16842795//2629589/766371/3.48/3.6//2008-9-18 13:46:39
41/600077/国能集团/3.480	18900	3.470	21800	3.450	14100	3.400	11400	3.380	12500	3.490	8700	3.500	135140	3.520	12000	3.550	800	3.560	1500	/16842795//2624081/764771/3.49/3.6//2008-9-18 13:47:39
41/600077/国能集团/3.480	19300	3.470	21800	3.450	14100	3.400	11400	3.380	12500	3.490	3700	3.500	135140	3.520	12000	3.550	800	3.560	1500	/16842795//2711131/789771/3.48/3.6//2008-9-18 13:48:40
41/600077/国能集团/3.470	21800	3.450	114100	3.400	11400	3.380	12500	3.370	20300	3.480	755	3.500	135140	3.520	12000	3.550	800	3.560	1500	/16842795//2913484/847871/3.48/3.6//2008-9-18 13:49:40
41/600077/国能集团/3.470	17800	3.450	114100	3.400	111400	3.380	12500	3.370	20300	3.480	2255	3.490	3000	3.500	135140	3.520	12000	3.550	800	/16842795//2832993/824771/3.47/3.6//2008-9-18 13:50:41
41/600077/国能集团/3.470	3500	3.450	14100	3.400	112400	3.380	12500	3.370	21800	3.480	6255	3.490	3700	3.500	135140	3.520	12000	3.550	800	/16842795//2886778/840271/3.47/3.6//2008-9-18 13:51:41
41/600077/国能集团/3.450	14100	3.400	112400	3.380	12500	3.370	21800	3.360	11000	3.470	4500	3.480	6255	3.490	3700	3.500	135140	3.510	66600	/16842795//2907598/846271/3.47/3.6//2008-9-18 13:52:42
41/600077/国能集团/3.450	14100	3.410	30000	3.400	112400	3.380	12500	3.370	21800	3.470	3000	3.480	4000	3.490	4700	3.500	135140	3.510	66600	/16842795//2907598/846271/3.47/3.6//2008-9-18 13:53:42
41/600077/国能集团/3.450	14100	3.410	30000	3.400	112400	3.380	12500	3.370	21800	3.470	3400	3.480	4000	3.490	4700	3.500	188840	3.510	66600	/16842795//2897535/843371/3.47/3.6//2008-9-18 13:54:43
41/600077/国能集团/3.450	14100	3.410	30000	3.400	112400	3.380	12500	3.370	21800	3.470	2500	3.480	4000	3.490	8502	3.500	135140	3.510	66600	/16842795//2897535/843371/3.47/3.6//2008-9-18 13:55:44
41/600077/国能集团/3.450	14100	3.410	30000	3.400	112700	3.380	12500	3.370	21500	3.470	2500	3.480	4000	3.490	8502	3.500	135140	3.520	12000	/16842795//2897535/843371/3.47/3.6//2008-9-18 13:56:44
41/600077/国能集团/3.470	2500	3.450	14100	3.410	30300	3.400	112700	3.380	12500	3.480	4000	3.490	5502	3.500	135140	3.520	12000	3.550	800	/16842795//2906210/845871/3.47/3.6//2008-9-18 13:57:45
41/600077/国能集团/3.470	2500	3.450	14100	3.410	30300	3.400	112700	3.380	12500	3.480	4000	3.490	5502	3.500	135140	3.520	12000	3.550	800	/16842795//2906210/845871/3.47/3.6//2008-9-18 13:58:45
41/600077/国能集团/3.470	2500	3.450	14100	3.410	30300	3.400	112700	3.380	12500	3.480	4000	3.490	5502	3.500	135140	3.520	12000	3.550	800	/16842795//2906210/845871/3.47/3.6//2008-9-18 13:59:46
41/600077/国能集团/3.400	59600	3.380	12500	3.370	21500	3.360	11000	3.350	23700	3.480	3000	3.490	5502	3.500	135140	3.520	12000	3.550	800	/16842795//3250873/946871/3.48/3.6//2008-9-18 14:0:47
41/600077/国能集团/3.410	1000	3.400	59600	3.380	12500	3.370	21500	3.360	11000	3.480	53000	3.490	5502	3.500	135140	3.520	12000	3.550	800	/16842795//3254353/947871/3.48/3.6//2008-9-18 14:1:47
41/600077/国能集团/3.400	1000	3.380	12500	3.370	21500	3.360	11000	3.350	25700	3.450	50000	3.470	5800	3.480	56500	3.490	5802	3.500	135140	/16842795//3254353/947871/3.48/3.6//2008-9-18 14:2:48
41/600077/国能集团/3.400	1000	3.390	2000	3.380	13300	3.370	21500	3.360	11000	3.440	2000	3.450	50000	3.470	4400	3.480	56600	3.490	5802	/16842795//3254353/947871/3.48/3.6//2008-9-18 14:3:48
41/600077/国能集团/3.390	2000	3.380	13300	3.370	21500	3.360	11000	3.350	28700	3.440	2000	3.450	50000	3.470	4400	3.480	56900	3.490	5802	/16842795//3257673/948871/3.4/3.6//2008-9-18 14:4:49
41/600077/国能集团/3.390	4800	3.380	10500	3.370	21500	3.360	11000	3.350	28700	3.440	2000	3.450	50000	3.470	4400	3.480	56900	3.490	5802	/16842795//3257673/948871/3.4/3.6//2008-9-18 14:5:50
41/600077/国能集团/3.410	1000	3.400	6000	3.390	4800	3.380	44000	3.370	21500	3.440	2000	3.450	50000	3.470	4400	3.480	56900	3.490	5802	/16842795//3257673/948871/3.4/3.6//2008-9-18 14:6:50
41/600077/国能集团/3.420	8700	3.410	1000	3.400	10400	3.390	4800	3.380	71700	3.440	2000	3.450	50000	3.470	4400	3.480	53400	3.490	5802	/16842795//3257673/948871/3.4/3.6//2008-9-18 14:7:51
41/600077/国能集团/3.410	4000	3.400	10400	3.390	6800	3.380	71700	3.370	24500	3.420	4500	3.450	50000	3.470	4400	3.480	53400	3.490	5802	/16842795//3315007/965571/3.42/3.6//2008-9-18 14:8:51
41/600077/国能集团/3.420	12000	3.410	4000	3.400	12400	3.390	6800	3.380	20500	3.470	4400	3.480	53400	3.490	5802	3.500	139540	3.520	12000	/16842795//3330397/970071/3.42/3.6//2008-9-18 14:9:52
41/600077/国能集团/3.430	8500	3.420	17300	3.410	1000	3.400	32400	3.390	6800	3.470	4400	3.480	53400	3.490	5802	3.500	136540	3.520	12000	/16842795//3330397/970071/3.42/3.6//2008-9-18 14:10:53
41/600077/国能集团/3.420	9800	3.410	54700	3.400	27400	3.390	6800	3.380	20500	3.480	52900	3.490	5802	3.500	136540	3.520	12000	3.550	800	/16842795//3450090/1004971/3.48/3.6//2008-9-18 14:11:53
41/600077/国能集团/3.440	500	3.430	1300	3.420	24300	3.410	4000	3.400	27400	3.480	52900	3.490	4802	3.500	136540	3.520	12000	3.550	800	/16842795//3450090/1004971/3.48/3.6//2008-9-18 14:12:54
41/600077/国能集团/3.440	2700	3.430	1300	3.420	24300	3.410	26300	3.400	27400	3.480	52900	3.490	4802	3.500	136540	3.520	12000	3.550	20100	/16842795//3450090/1004971/3.48/3.6//2008-9-18 14:13:55
41/600077/国能集团/3.430	1300	3.420	24300	3.410	53700	3.400	27400	3.390	6800	3.440	17300	3.480	52100	3.490	4802	3.500	136540	3.520	12000	/16842795//3462162/1008471/3.44/3.6//2008-9-18 14:14:55
41/600077/国能集团/3.430	1300	3.420	24300	3.410	30400	3.400	27400	3.390	4800	3.440	17300	3.480	52100	3.490	4802	3.500	136540	3.520	12000	/16842795//3462162/1008471/3.44/3.6//2008-9-18 14:15:56
41/600077/国能集团/3.410	4000	3.400	7400	3.390	4800	3.380	20500	3.370	21500	3.440	25000	3.480	52100	3.490	4802	3.500	136540	3.520	12000	/16842795//3628491/1056971/3.44/3.6//2008-9-18 14:16:56
41/600077/国能集团/3.410	6200	3.400	7400	3.390	43600	3.380	20500	3.370	21500	3.440	25000	3.480	52100	3.490	4802	3.500	136540	3.520	12000	/16842795//3628491/1056971/3.44/3.6//2008-9-18 14:17:57
41/600077/国能集团/3.440	18600	3.420	2800	3.410	6200	3.400	8400	3.390	19800	3.480	48300	3.490	4802	3.500	136540	3.520	12000	3.550	20100	/16842795//3731155/1086771/3.48/3.6//2008-9-18 14:18:58
41/600077/国能集团/3.450	5600	3.440	16000	3.410	6200	3.400	28600	3.390	19800	3.480	38620	3.490	1000	3.500	136540	3.520	12000	3.550	20100	/16842795//3792055/1104271/3.48/3.6//2008-9-18 14:19:58
41/600077/国能集团/3.490	1600	3.480	55980	3.460	1000	3.450	33100	3.440	2800	3.500	126540	3.520	12000	3.550	20100	3.560	1500	3.580	5300	/16842795//3971564/1155791/3.5/3.6//2008-9-18 14:20:59
41/600077/国能集团/3.500	100860	3.480	52000	3.460	1000	3.450	30200	3.440	2800	3.520	12000	3.550	20100	3.560	1000	3.580	5300	3.590	3700	/16842795//4413044/1281931/3.5/3.6//2008-9-18 14:22:0
41/600077/国能集团/3.560	900	3.550	39300	3.520	9500	3.510	5100	3.500	57060	3.580	5300	3.590	3700	3.600	7700	3.620	5000	3.650	300	/16842795//4461684/1295731/3.56/3.6//2008-9-18 14:23:0
41/600077/国能集团/3.560	4800	3.550	34200	3.520	9000	3.510	6100	3.500	52660	3.580	300	3.590	3700	3.600	7200	3.620	5000	3.650	300	/16842795//4481334/1301231/3.58/3.6//2008-9-18 14:24:1
41/600077/国能集团/3.520	1000	3.510	6100	3.500	31660	3.490	10000	3.480	52000	3.550	30800	3.580	400	3.590	3700	3.600	11700	3.620	5000	/16842795//4549542/1320431/3.55/3.6//2008-9-18 14:25:2
41/600077/国能集团/3.520	1000	3.510	6100	3.500	22260	3.490	10000	3.480	50000	3.550	15200	3.580	3000	3.590	3700	3.600	11700	3.620	5000	/16842795//4604922/1336031/3.55/3.6//2008-9-18 14:26:2
41/600077/国能集团/3.490	10000	3.480	50000	3.460	1000	3.450	27200	3.410	3000	3.500	19140	3.550	15200	3.580	3000	3.590	3700	3.600	11700	/16842795//4713018/1366891/3.5/3.6//2008-9-18 14:27:3
41/600077/国能集团/3.490	480	3.470	2700	3.460	1000	3.450	27300	3.410	3000	3.500	6340	3.550	15200	3.580	7500	3.590	8800	3.600	12700	/16842795//4791043/1389211/3.5/3.6//2008-9-18 14:28:4
41/600077/国能集团/3.460	4200	3.450	27300	3.410	14100	3.400	23400	3.390	14800	3.500	5860	3.550	15200	3.580	7400	3.590	8800	3.600	12700	/16842795//4796559/1390791/3.46/3.6//2008-9-18 14:29:4
41/600077/国能集团/3.470	1300	3.460	4400	3.450	27300	3.420	700	3.410	14100	3.500	9860	3.550	15200	3.580	6800	3.590	8800	3.600	12700	/16842795//4799327/1391591/3.46/3.6//2008-9-18 14:30:5
41/600077/国能集团/3.480	1000	3.470	1300	3.460	4400	3.450	27300	3.420	700	3.500	11660	3.550	15200	3.580	6800	3.590	12602	3.600	12700	/16842795//4799327/1391591/3.46/3.6//2008-9-18 14:31:6
41/600077/国能集团/3.480	9300	3.470	800	3.460	4400	3.450	27300	3.420	700	3.500	1160	3.550	15200	3.580	6800	3.590	13602	3.600	12700	/16842795//4843728/1404291/3.5/3.6//2008-9-18 14:32:6
41/600077/国能集团/3.470	800	3.460	4400	3.450	27300	3.420	700	3.410	14100	3.500	4960	3.550	15200	3.580	6800	3.590	13602	3.600	12700	/16842795//4876092/1413591/3.48/3.6//2008-9-18 14:33:7
41/600077/国能集团/3.500	8640	3.470	800	3.460	4100	3.450	24300	3.420	700	3.550	15200	3.580	6800	3.590	11602	3.600	12700	3.610	1000	/16842795//4893452/1418551/3.5/3.6//2008-9-18 14:34:8
41/600077/国能集团/3.510	4700	3.500	8640	3.470	800	3.460	14100	3.450	24200	3.550	16600	3.580	6800	3.590	11602	3.600	12700	3.610	1000	/16842795//4893452/1418551/3.5/3.6//2008-9-18 14:35:8
41/600077/国能集团/3.510	1100	3.500	28640	3.460	14100	3.450	24200	3.420	700	3.550	16700	3.580	21800	3.590	11602	3.600	18200	3.610	1000	/16842795//4906790/1422351/3.51/3.6//2008-9-18 14:36:9
41/600077/国能集团/3.510	4900	3.500	28640	3.470	2700	3.460	17100	3.450	24200	3.540	500	3.550	16700	3.570	28000	3.580	21800	3.590	11602	/16842795//4910300/1423351/3.51/3.6//2008-9-18 14:37:10
41/600077/国能集团/3.510	600	3.500	8640	3.470	2700	3.460	17100	3.450	24200	3.540	6000	3.550	18200	3.580	6800	3.590	11602	3.600	18200	/16842795//4912085/1423851/3.54/3.6//2008-9-18 14:38:10
41/600077/国能集团/3.480	2300	3.460	17100	3.450	24200	3.420	9700	3.410	14100	3.500	6760	3.530	500	3.540	6500	3.550	18200	3.580	6800	/16842795//4946201/1433591/3.5/3.6//2008-9-18 14:39:11
41/600077/国能集团/3.460	17100	3.450	29200	3.420	9700	3.410	14100	3.400	23400	3.480	2700	3.500	6760	3.530	2500	3.540	7000	3.550	18200	/16842795//4962209/1438191/3.48/3.6//2008-9-18 14:40:12
41/600077/国能集团/3.460	9700	3.450	24200	3.420	9000	3.410	14100	3.400	23400	3.480	2700	3.500	56760	3.530	2500	3.540	10802	3.550	18200	/16842795//4962209/1438191/3.48/3.6//2008-9-18 14:41:12
41/600077/国能集团/3.410	18400	3.400	24400	3.390	14800	3.380	20500	3.370	21500	3.480	2700	3.500	56760	3.530	2500	3.540	10802	3.550	18200	/16842795//5021922/1455491/3.45/3.6//2008-9-18 14:42:13
41/600077/国能集团/3.430	2800	3.420	900	3.410	18400	3.400	24400	3.390	14800	3.480	2700	3.500	50000	3.530	2500	3.540	10802	3.550	18200	/16842795//5021922/1455491/3.45/3.6//2008-9-18 14:43:14
41/600077/国能集团/3.430	2800	3.420	15700	3.410	18400	3.400	24800	3.390	14800	3.480	2700	3.500	50000	3.530	2500	3.540	10802	3.550	18200	/16842795//5021922/1455491/3.45/3.6//2008-9-18 14:44:14
41/600077/国能集团/3.420	8200	3.410	18400	3.400	24800	3.390	17800	3.380	20500	3.450	300	3.480	2700	3.490	5000	3.500	50000	3.530	2500	/16842795//5062664/1467391/3.42/3.6//2008-9-18 14:45:15
41/600077/国能集团/3.420	15000	3.410	18400	3.400	24800	3.390	17800	3.380	20500	3.480	2700	3.490	5000	3.500	50000	3.530	2500	3.540	5802	/16842795//5087309/1474591/3.42/3.6//2008-9-18 14:46:16
41/600077/国能集团/3.420	2300	3.410	14100	3.400	25000	3.390	17800	3.380	20500	3.480	1700	3.490	10802	3.500	51000	3.530	2500	3.540	2000	/16842795//5138387/1489491/3.48/3.6//2008-9-18 14:47:16
41/600077/国能集团/3.440	100	3.420	3200	3.410	14100	3.400	25000	3.390	17800	3.470	2000	3.480	2300	3.490	10802	3.500	51000	3.530	2500	/16842795//5138387/1489491/3.48/3.6//2008-9-18 14:48:17
41/600077/国能集团/3.440	100	3.420	3200	3.410	14100	3.400	28000	3.390	17800	3.470	2000	3.480	2400	3.490	10802	3.500	51000	3.530	2500	/16842795//5138387/1489491/3.48/3.6//2008-9-18 14:49:18
41/600077/国能集团/3.440	100	3.420	4400	3.410	14100	3.400	28000	3.390	17800	3.470	2000	3.480	3400	3.490	10802	3.500	51000	3.530	2500	/16842795//5138387/1489491/3.48/3.6//2008-9-18 14:50:18
41/600077/国能集团/3.440	7300	3.420	4200	3.410	14100	3.400	28000	3.390	17800	3.470	2000	3.480	3400	3.490	10802	3.500	51000	3.530	2500	/16842795//5141787/1490491/3.44/3.6//2008-9-18 14:51:19
41/600077/国能集团/3.440	6300	3.430	300	3.420	4200	3.410	14100	3.400	27000	3.470	400	3.480	3400	3.490	5802	3.500	51000	3.530	2500	/16842795//5145227/1491491/3.44/3.6//2008-9-18 14:52:20
41/600077/国能集团/3.440	6300	3.430	300	3.420	3200	3.410	14100	3.400	27000	3.470	2100	3.480	4300	3.490	6302	3.500	51000	3.530	2500	/16842795//5145227/1491491/3.44/3.6//2008-9-18 14:53:21
41/600077/国能集团/3.440	6300	3.430	300	3.420	3700	3.410	14100	3.400	27000	3.470	2100	3.480	4300	3.490	6302	3.500	51000	3.530	2500	/16842795//5145227/1491491/3.44/3.6//2008-9-18 14:54:21
41/600077/国能集团/3.450	800	3.440	500	3.430	300	3.420	4700	3.410	14100	3.470	2100	3.480	4300	3.490	6302	3.500	51000	3.530	2500	/16842795//5145227/1491491/3.44/3.6//2008-9-18 14:55:22
41/600077/国能集团/3.470	1200	3.460	8400	3.440	500	3.430	300	3.420	4700	3.480	3300	3.490	4302	3.500	50000	3.530	2500	3.540	1000	/16842795//5162585/1496491/3.48/3.6//2008-9-18 14:56:23
41/600077/国能集团/3.460	6600	3.440	500	3.430	300	3.420	4700	3.410	14100	3.470	600	3.480	16300	3.490	4302	3.500	50000	3.530	2500	/16842795//5195618/1505991/3.48/3.6//2008-9-18 14:57:23
41/600077/国能集团/3.470	14700	3.440	300	3.430	300	3.420	3600	3.410	14100	3.480	16300	3.490	4302	3.500	50000	3.530	2500	3.540	1000	/16842795//5215397/1511691/3.47/3.6//2008-9-18 14:58:24
41/600077/国能集团/3.470	19700	3.430	300	3.420	1500	3.410	12100	3.400	24000	3.480	16000	3.490	4302	3.500	50000	3.530	2500	3.540	1000	/16842795//5216441/1511991/3.48/3.6//2008-9-18 14:59:25
41/600077/国能集团/3.470	16700	3.430	4600	3.420	1500	3.410	12100	3.400	24000	3.480	10300	3.490	4602	3.500	50000	3.530	2500	3.540	1000	/16842795//5246687/1520691/3.48/3.6//2008-9-18 15:0:26
41/600077/国能集团/3.470	16700	3.430	4600	3.420	1500	3.410	12100	3.400	24000	3.480	10300	3.490	4602	3.500	50000	3.530	2500	3.540	1000	/16842795//5246687/1520691/3.48/3.6//2008-9-18 15:1:26
41/600077/国能集团/3.470	16700	3.430	4600	3.420	1500	3.410	12100	3.400	24000	3.480	10300	3.490	4602	3.500	50000	3.530	2500	3.540	1000	/16842795//5246687/1520691/3.48/3.6//2008-9-18 15:2:27
