42/600078/澄星股份/6.180	1000	6.170	7300	6.160	33200	6.150	1800	6.110	3600	6.190	600	6.200	10200	6.210	6500	6.220	16700	6.230	30500	/16842796//976642/158100/6.18/6.36//2008-9-18 9:31:34
42/600078/澄星股份/6.210	12200	6.200	26100	6.190	2000	6.180	3700	6.170	11900	6.220	15300	6.230	30500	6.250	8000	6.280	2900	6.300	14600	/16842796//1116274/180600/6.21/6.36//2008-9-18 9:32:35
42/600078/澄星股份/6.230	13100	6.220	2400	6.210	13300	6.200	27000	6.190	1800	6.250	8000	6.280	2900	6.300	13900	6.330	300	6.350	2600	/16842796//1365903/220700/6.23/6.36//2008-9-18 9:33:35
42/600078/澄星股份/6.200	1200	6.190	1300	6.180	4200	6.170	11800	6.160	23900	6.210	100	6.220	9050	6.250	9500	6.280	2900	6.290	3300	/16842796//1599235/258200/6.21/6.36//2008-9-18 9:34:35
42/600078/澄星股份/6.200	1400	6.190	1300	6.180	6000	6.170	12500	6.160	23900	6.210	13500	6.220	2100	6.250	23000	6.280	2900	6.290	3300	/16842796//1879990/303400/6.21/6.36//2008-9-18 9:35:35
42/600078/澄星股份/6.180	500	6.170	11500	6.160	23900	6.150	3500	6.120	400	6.190	800	6.200	5400	6.210	5800	6.220	2100	6.230	1400	/16842796//1900300/306700/6.19/6.36//2008-9-18 9:36:36
42/600078/澄星股份/6.180	2200	6.170	11600	6.160	23800	6.150	8500	6.120	3300	6.190	11100	6.200	3500	6.210	7100	6.220	700	6.230	1400	/16842796//2128568/343600/6.18/6.36//2008-9-18 9:37:36
42/600078/澄星股份/6.180	27500	6.170	11300	6.160	24100	6.150	8500	6.120	3300	6.190	9300	6.200	3800	6.210	8300	6.220	700	6.250	27800	/16842796//2197166/354700/6.18/6.36//2008-9-18 9:38:36
42/600078/澄星股份/6.190	600	6.180	3000	6.170	11800	6.160	24100	6.150	8500	6.200	5300	6.210	7100	6.220	1200	6.250	29300	6.280	2900	/16842796//2500712/403800/6.19/6.36//2008-9-18 9:39:36
42/600078/澄星股份/6.200	1700	6.190	20900	6.180	30300	6.170	11800	6.160	23800	6.210	7300	6.220	1200	6.240	1000	6.250	29300	6.280	2900	/16842796//2612205/421800/6.2/6.36//2008-9-18 9:40:36
42/600078/澄星股份/6.220	13300	6.210	8300	6.200	11700	6.190	18500	6.180	18400	6.240	1200	6.250	29300	6.280	2900	6.290	4300	6.300	11400	/16842796//2721380/439400/6.22/6.36//2008-9-18 9:41:37
42/600078/澄星股份/6.240	9900	6.220	11900	6.210	10300	6.200	22200	6.190	16000	6.250	30200	6.280	2900	6.290	4300	6.300	31400	6.330	300	/16842796//2881048/465000/6.24/6.36//2008-9-18 9:42:37
42/600078/澄星股份/6.260	100	6.250	30450	6.240	6200	6.220	15700	6.210	7300	6.280	3400	6.290	4300	6.300	11400	6.330	300	6.350	2600	/16842796//3036725/489900/6.25/6.36//2008-9-18 9:43:37
42/600078/澄星股份/6.270	4300	6.260	200	6.250	25950	6.240	5800	6.220	15400	6.280	5400	6.290	4600	6.300	11400	6.330	700	6.350	2600	/16842796//3079097/496650/6.27/6.36//2008-9-18 9:44:37
42/600078/澄星股份/6.300	2200	6.270	3154	6.260	100	6.250	25950	6.240	5800	6.320	1000	6.330	1900	6.340	500	6.350	2600	6.360	19200	/16842796//3427841/551996/6.33/6.36//2008-9-18 9:45:37
42/600078/澄星股份/6.260	2500	6.250	26250	6.240	5800	6.220	15400	6.210	7300	6.270	146	6.300	2100	6.310	2100	6.320	2000	6.330	3000	/16842796//3486615/561350/6.27/6.36//2008-9-18 9:46:38
42/600078/澄星股份/6.260	1600	6.250	28850	6.240	5800	6.220	17700	6.210	7300	6.280	30000	6.290	20000	6.300	14100	6.310	2100	6.320	2000	/16842796//3515512/565950/6.26/6.36//2008-9-18 9:47:38
42/600078/澄星股份/6.270	2754	6.260	1600	6.250	29150	6.240	5800	6.230	200	6.280	26400	6.290	20000	6.300	15600	6.320	2000	6.330	5700	/16842796//3552203/571796/6.27/6.36//2008-9-18 9:48:38
42/600078/澄星股份/6.260	2600	6.250	29250	6.240	5800	6.230	200	6.220	12900	6.270	11546	6.280	41000	6.290	20000	6.300	16100	6.320	2000	/16842796//3582014/576550/6.27/6.36//2008-9-18 9:49:39
42/600078/澄星股份/6.260	16800	6.250	26850	6.240	5400	6.230	200	6.220	12900	6.270	24446	6.280	41000	6.290	20000	6.300	11100	6.320	2000	/16842796//3712388/597350/6.26/6.36//2008-9-18 9:50:39
42/600078/澄星股份/6.250	24850	6.240	5400	6.230	200	6.220	13400	6.210	200	6.260	20400	6.270	12846	6.280	41000	6.290	20500	6.300	13000	/16842796//3949748/635250/6.26/6.36//2008-9-18 9:51:39
42/600078/澄星股份/6.220	13100	6.210	200	6.200	3500	6.190	15900	6.180	17300	6.240	2800	6.250	1600	6.260	21350	6.270	13046	6.280	41000	/16842796//4271894/686800/6.22/6.36//2008-9-18 9:52:39
42/600078/澄星股份/6.210	200	6.200	5500	6.190	15900	6.180	16500	6.170	6800	6.220	1210	6.230	3500	6.240	5700	6.250	7500	6.260	21850	/16842796//4338454/697500/6.22/6.36//2008-9-18 9:53:40
42/600078/澄星股份/6.200	1000	6.190	7900	6.180	16500	6.170	6800	6.160	34400	6.210	8800	6.220	910	6.230	2500	6.240	3700	6.250	5800	/16842796//4440105/713900/6.19/6.36//2008-9-18 9:54:40
42/600078/澄星股份/6.210	26100	6.200	940	6.190	7800	6.180	22500	6.170	5800	6.220	1310	6.230	2500	6.240	3700	6.250	6500	6.260	19950	/16842796//4594811/738860/6.22/6.36//2008-9-18 9:55:40
42/600078/澄星股份/6.220	1690	6.210	21200	6.200	6540	6.190	11400	6.180	22100	6.230	2500	6.240	900	6.250	6500	6.260	19950	6.270	11346	/16842796//4642719/746570/6.22/6.36//2008-9-18 9:56:41
42/600078/澄星股份/6.210	18500	6.200	5800	6.190	14600	6.180	24200	6.170	5800	6.220	9910	6.230	2500	6.240	1000	6.250	6500	6.260	19950	/16842796//4709805/757360/6.21/6.36//2008-9-18 9:57:41
42/600078/澄星股份/6.190	15600	6.180	24300	6.170	5800	6.160	35400	6.150	19400	6.200	23600	6.210	9650	6.220	11710	6.230	2500	6.240	1000	/16842796//4938917/794260/6.2/6.36//2008-9-18 9:58:41
42/600078/澄星股份/6.190	2800	6.180	24800	6.170	4800	6.160	35400	6.150	19400	6.200	16500	6.220	11010	6.230	2500	6.240	1000	6.250	10500	/16842796//5062171/814160/6.19/6.36//2008-9-18 9:59:41
42/600078/澄星股份/6.190	2000	6.180	19800	6.170	8200	6.160	35400	6.150	19400	6.200	18700	6.220	11310	6.230	2500	6.240	1000	6.250	23100	/16842796//5138257/826460/6.19/6.36//2008-9-18 10:0:42
42/600078/澄星股份/6.180	6300	6.170	8200	6.160	35400	6.150	19400	6.140	10800	6.190	2150	6.200	18700	6.220	9310	6.230	2500	6.240	1000	/16842796//5321919/856160/6.19/6.36//2008-9-18 10:1:42
42/600078/澄星股份/6.180	12000	6.170	10700	6.160	35400	6.150	19400	6.140	10800	6.190	5350	6.200	18700	6.220	9310	6.230	2500	6.240	2700	/16842796//5353483/861260/6.19/6.19//2008-9-18 10:2:42
42/600078/澄星股份/6.160	7700	6.150	19400	6.140	10800	6.130	10000	6.120	16500	6.170	1125	6.180	9900	6.190	16196	6.200	17400	6.210	2000	/16842796//5668039/912260/6.17/6.19//2008-9-18 10:3:42
42/600078/澄星股份/6.150	10800	6.140	10800	6.130	10000	6.120	16900	6.110	18200	6.160	6300	6.170	2725	6.180	9900	6.190	12950	6.200	17400	/16842796//5776441/929860/6.16/6.19//2008-9-18 10:4:43
42/600078/澄星股份/6.120	16500	6.110	18700	6.100	42800	6.090	1000	6.080	5700	6.130	100	6.140	7471	6.150	3750	6.160	6900	6.170	3000	/16842796//5999882/966260/6.13/6.19//2008-9-18 10:5:43
42/600078/澄星股份/6.120	2900	6.110	22200	6.100	48600	6.090	1000	6.080	5700	6.130	28627	6.140	4000	6.150	900	6.160	31100	6.170	3000	/16842796//6194743/998060/6.12/6.19//2008-9-18 10:6:43
42/600078/澄星股份/6.130	42073	6.120	2500	6.110	18650	6.100	47900	6.080	5700	6.140	3400	6.150	5600	6.160	31200	6.170	3000	6.180	9900	/16842796//6596351/1063637/6.13/6.19//2008-9-18 10:7:44
42/600078/澄星股份/6.150	300	6.140	12494	6.130	33473	6.120	9500	6.110	15150	6.160	8800	6.170	3000	6.180	9900	6.190	17750	6.200	36100	/16842796//6708808/1081943/6.15/6.19//2008-9-18 10:8:44
42/600078/澄星股份/6.140	14700	6.130	37373	6.120	9300	6.110	15150	6.100	46900	6.160	3900	6.170	3000	6.180	9900	6.190	15900	6.200	38300	/16842796//6804795/1097543/6.16/6.19//2008-9-18 10:9:44
42/600078/澄星股份/6.130	34373	6.120	10400	6.110	15450	6.100	47200	6.080	6700	6.140	1800	6.150	9500	6.160	3600	6.170	3000	6.180	9900	/16842796//6953998/1121843/6.14/6.19//2008-9-18 10:10:44
42/600078/澄星股份/6.140	5100	6.130	40173	6.120	10400	6.110	14950	6.100	48700	6.150	6900	6.160	3600	6.170	3000	6.180	9900	6.190	15900	/16842796//7005620/1130243/6.15/6.19//2008-9-18 10:11:45
42/600078/澄星股份/6.150	7734	6.140	2200	6.130	41973	6.120	13700	6.110	15250	6.160	3600	6.170	3000	6.180	9900	6.190	15900	6.200	38600	/16842796//7171109/1157175/6.15/6.19//2008-9-18 10:12:45
42/600078/澄星股份/6.130	12273	6.120	14700	6.110	15250	6.100	53300	6.080	6700	6.150	40066	6.170	3000	6.180	9900	6.190	15900	6.200	38600	/16842796//7432308/1199743/6.13/6.19//2008-9-18 10:13:45
42/600078/澄星股份/6.130	7973	6.120	14800	6.110	18250	6.100	53300	6.080	18000	6.140	100	6.150	43766	6.170	3000	6.180	13900	6.190	12600	/16842796//7488147/1208843/6.15/6.19//2008-9-18 10:14:46
42/600078/澄星股份/6.110	18250	6.100	58600	6.080	18000	6.070	3300	6.060	7200	6.120	2800	6.130	43181	6.150	18700	6.160	100	6.170	3000	/16842796//7623955/1231016/6.12/6.19//2008-9-18 10:15:46
42/600078/澄星股份/6.100	52600	6.080	18000	6.070	3300	6.060	7200	6.050	10000	6.110	1000	6.120	2316	6.130	16915	6.140	500	6.150	33240	/16842796//7928123/1280766/6.12/6.19//2008-9-18 10:16:46
42/600078/澄星股份/6.130	16285	6.120	7100	6.110	28684	6.100	54700	6.080	18500	6.140	500	6.150	22340	6.160	400	6.170	3000	6.180	15700	/16842796//8100362/1308897/6.13/6.19//2008-9-18 10:17:47
42/600078/澄星股份/6.150	10000	6.140	3860	6.130	17185	6.120	4600	6.110	27884	6.160	300	6.170	3000	6.180	15700	6.190	4600	6.200	41000	/16842796//8237686/1331237/6.14/6.19//2008-9-18 10:18:47
42/600078/澄星股份/6.170	4601	6.160	4700	6.150	10900	6.140	23060	6.130	12785	6.180	11400	6.190	4600	6.200	41000	6.210	500	6.220	2900	/16842796//8311118/1343136/6.18/6.19//2008-9-18 10:19:47
42/600078/澄星股份/6.170	701	6.160	1100	6.150	11300	6.140	23560	6.130	7585	6.180	2100	6.200	16600	6.210	500	6.220	800	6.240	1500	/16842796//8713399/1408136/6.18/6.19//2008-9-18 10:20:48
42/600078/澄星股份/6.160	11100	6.150	10800	6.140	23560	6.130	6585	6.120	3400	6.190	449	6.200	16100	6.210	500	6.220	2300	6.240	1500	/16842796//8767178/1416837/6.19/6.19//2008-9-18 10:21:48
42/600078/澄星股份/6.160	11300	6.150	20800	6.140	22160	6.130	6585	6.120	3400	6.190	3149	6.200	17400	6.210	500	6.220	2300	6.240	3500	/16842796//8781351/1419137/6.16/6.19//2008-9-18 10:22:48
42/600078/澄星股份/6.150	20800	6.140	22160	6.130	6585	6.120	3400	6.110	33684	6.160	7200	6.170	599	6.180	7800	6.190	2749	6.200	17400	/16842796//8876836/1434637/6.16/6.19//2008-9-18 10:23:48
42/600078/澄星股份/6.150	16600	6.140	23160	6.130	6585	6.120	2600	6.110	34184	6.160	4200	6.170	599	6.180	7800	6.190	2949	6.200	17400	/16842796//8924226/1442337/6.15/6.19//2008-9-18 10:24:49
42/600078/澄星股份/6.130	7585	6.120	4200	6.110	34184	6.100	51600	6.080	20300	6.140	340	6.150	18700	6.160	3500	6.170	99	6.180	7800	/16842796//9187560/1485197/6.14/6.19//2008-9-18 10:25:49
42/600078/澄星股份/6.120	5100	6.110	34184	6.100	51700	6.080	20300	6.070	4700	6.130	2815	6.140	140	6.150	10400	6.160	3500	6.170	99	/16842796//9243252/1494282/6.13/6.19//2008-9-18 10:26:49
42/600078/澄星股份/6.130	3085	6.120	18600	6.110	33584	6.100	51500	6.090	2200	6.140	140	6.150	10400	6.160	3500	6.170	99	6.180	7800	/16842796//9297287/1503097/6.13/6.19//2008-9-18 10:27:50
42/600078/澄星股份/6.140	4000	6.130	12945	6.120	16600	6.110	33584	6.100	51500	6.150	10400	6.160	3500	6.170	99	6.180	7800	6.190	2449	/16842796//9333750/1509037/6.13/6.19//2008-9-18 10:28:50
42/600078/澄星股份/6.150	1600	6.140	2300	6.130	12500	6.120	17200	6.110	34484	6.180	7099	6.190	2449	6.200	21300	6.210	5500	6.220	2300	/16842796//9388527/1517937/6.18/6.19//2008-9-18 10:29:50
42/600078/澄星股份/6.150	309	6.140	400	6.130	26900	6.120	17500	6.110	33984	6.180	7099	6.190	2449	6.200	21300	6.210	5500	6.220	2300	/16842796//9426507/1524119/6.15/6.19//2008-9-18 10:30:51
42/600078/澄星股份/6.150	5609	6.140	29600	6.130	27400	6.120	16500	6.110	33984	6.180	8299	6.190	4249	6.200	21300	6.210	5500	6.220	2300	/16842796//9432101/1525028/6.15/6.19//2008-9-18 10:31:51
42/600078/澄星股份/6.140	29600	6.130	27000	6.120	16500	6.110	33984	6.100	56700	6.150	5091	6.170	10800	6.180	9499	6.190	5449	6.200	21300	/16842796//9469672/1531137/6.15/6.19//2008-9-18 10:32:51
42/600078/澄星股份/6.140	20800	6.130	27000	6.120	16500	6.110	33984	6.100	57300	6.150	16558	6.180	19699	6.190	4449	6.200	21300	6.210	5500	/16842796//9529239/1540837/6.14/6.19//2008-9-18 10:33:52
42/600078/澄星股份/6.130	25800	6.120	16500	6.110	33984	6.100	52800	6.090	1200	6.140	300	6.150	16558	6.160	5000	6.180	19699	6.190	4449	/16842796//9671073/1563937/6.14/6.19//2008-9-18 10:34:52
42/600078/澄星股份/6.130	17000	6.120	16000	6.110	33984	6.100	52800	6.090	1200	6.140	4300	6.150	16558	6.160	5000	6.170	10	6.180	20299	/16842796//9728701/1573337/6.13/6.19//2008-9-18 10:35:52
42/600078/澄星股份/6.120	7000	6.110	34084	6.100	52600	6.090	1200	6.080	19900	6.130	12800	6.140	24300	6.150	17858	6.160	5000	6.180	20299	/16842796//9910079/1602937/6.12/6.19//2008-9-18 10:36:53
42/600078/澄星股份/6.120	5900	6.110	13200	6.100	54600	6.090	1200	6.080	21000	6.130	13410	6.140	24300	6.150	11558	6.160	5000	6.180	10299	/16842796//10083320/1631237/6.12/6.19//2008-9-18 10:37:53
42/600078/澄星股份/6.120	10900	6.110	13200	6.100	52600	6.090	900	6.080	21000	6.130	11710	6.140	3800	6.150	11558	6.160	5000	6.170	10	/16842796//10226540/1654637/6.13/6.19//2008-9-18 10:38:53
42/600078/澄星股份/6.120	3600	6.110	13200	6.100	53300	6.090	1400	6.080	21000	6.130	6910	6.140	5700	6.150	11558	6.160	5000	6.170	10	/16842796//10304924/1667437/6.12/6.19//2008-9-18 10:39:54
42/600078/澄星股份/6.130	400	6.120	45200	6.110	12600	6.100	53300	6.090	1400	6.140	2610	6.150	11258	6.160	5000	6.170	5000	6.180	3200	/16842796//10382792/1680137/6.12/6.19//2008-9-18 10:40:54
42/600078/澄星股份/6.120	42300	6.110	12600	6.100	53600	6.090	1400	6.080	21000	6.130	1600	6.140	3610	6.150	11258	6.160	5000	6.180	8200	/16842796//10421362/1686437/6.12/6.19//2008-9-18 10:41:54
42/600078/澄星股份/6.130	8500	6.120	37000	6.110	12800	6.100	53600	6.090	1400	6.140	1910	6.150	11258	6.160	5000	6.180	8200	6.190	4149	/16842796//10494256/1698337/6.13/6.19//2008-9-18 10:42:55
42/600078/澄星股份/6.130	700	6.120	36900	6.110	13900	6.100	53600	6.090	1400	6.140	1210	6.150	11258	6.160	5000	6.180	12200	6.190	4149	/16842796//10542110/1706137/6.14/6.19//2008-9-18 10:43:55
42/600078/澄星股份/6.130	600	6.120	35600	6.110	14000	6.100	53600	6.090	1700	6.140	13010	6.150	11258	6.160	6000	6.180	12200	6.190	14149	/16842796//10561708/1709337/6.12/6.19//2008-9-18 10:44:56
42/600078/澄星股份/6.120	8587	6.110	13800	6.100	53600	6.090	1700	6.080	20000	6.130	17800	6.140	2210	6.150	7558	6.160	6000	6.180	12200	/16842796//10744790/1739250/6.12/6.19//2008-9-18 10:45:56
42/600078/澄星股份/6.100	25500	6.090	1700	6.080	19900	6.070	4700	6.060	7700	6.110	32391	6.120	15712	6.130	10400	6.140	1210	6.150	3867	/16842796//11050636/1789337/6.1/6.19//2008-9-18 10:46:56
42/600078/澄星股份/6.050	23500	6.040	500	6.030	34100	6.020	8700	6.010	18400	6.080	36691	6.090	8100	6.100	43200	6.110	8900	6.120	10700	/16842796//11480027/1859937/6.05/6.19//2008-9-18 10:47:57
42/600078/澄星股份/6.010	17900	6.000	81400	5.980	2900	5.940	100	5.930	1000	6.020	791	6.030	12500	6.040	35200	6.050	77900	6.070	2100	/16842796//11907429/1930737/6.02/6.19//2008-9-18 10:48:57
42/600078/澄星股份/6.000	2900	5.980	2900	5.940	1100	5.930	1000	5.910	6600	6.010	63198	6.020	15891	6.030	6600	6.040	23000	6.050	68300	/16842796//12592982/2044937/6.0/6.19//2008-9-18 10:49:57
42/600078/澄星股份/5.940	5000	5.930	1000	5.910	6400	5.900	14400	5.890	500	5.950	3800	5.980	29500	5.990	8800	6.000	112799	6.010	46899	/16842796//12696464/2062237/5.94/6.19//2008-9-18 10:50:58
42/600078/澄星股份/5.890	500	5.880	32300	5.870	2100	5.860	1000	5.850	1700	5.900	12200	5.930	6100	5.940	16500	5.950	3000	5.960	2000	/16842796//13116878/2133237/5.9/6.19//2008-9-18 10:51:58
42/600078/澄星股份/5.870	10800	5.860	1500	5.850	3200	5.820	1100	5.810	20500	5.880	1100	5.890	9800	5.900	26500	5.930	3600	5.940	4300	/16842796//13696088/2231637/5.88/6.19//2008-9-18 10:52:58
42/600078/澄星股份/5.890	2800	5.880	15900	5.870	6000	5.860	4000	5.850	2200	5.900	8500	5.930	1700	5.940	3200	5.950	3000	5.960	2000	/16842796//14083475/2297437/5.89/6.19//2008-9-18 10:53:59
42/600078/澄星股份/5.930	5100	5.910	9300	5.900	51700	5.890	500	5.880	12000	5.940	3000	5.950	3000	5.960	2000	5.980	2400	5.990	1300	/16842796//14203833/2317837/5.93/6.19//2008-9-18 10:54:59
42/600078/澄星股份/5.880	3300	5.870	10100	5.860	1800	5.850	1600	5.820	41500	5.890	78100	5.900	9300	5.990	3300	6.000	23700	6.010	42699	/16842796//15127828/2473837/5.89/6.19//2008-9-18 10:56:0
42/600078/澄星股份/5.880	1300	5.870	5800	5.860	2800	5.850	1100	5.830	5000	5.890	55600	5.980	11300	5.990	11300	6.000	23700	6.010	42699	/16842796//15492078/2535737/5.88/6.19//2008-9-18 10:57:0
42/600078/澄星股份/5.860	13200	5.850	32900	5.830	8500	5.820	41500	5.810	23000	5.880	6400	5.890	52100	5.970	3900	5.980	11300	5.990	16700	/16842796//15652365/2563037/5.86/6.19//2008-9-18 10:58:0
42/600078/澄星股份/5.870	4350	5.860	1000	5.850	16000	5.840	20000	5.830	29100	5.880	3900	5.890	7600	5.950	300	5.970	3900	5.980	11300	/16842796//15911530/2607287/5.87/6.19//2008-9-18 10:59:1
42/600078/澄星股份/5.850	2300	5.840	26100	5.830	34550	5.820	61500	5.810	23000	5.880	21600	5.890	2500	5.950	300	5.970	3900	5.980	11300	/16842796//16207443/2657887/5.85/6.19//2008-9-18 11:0:1
42/600078/澄星股份/5.880	20200	5.850	18400	5.840	34200	5.830	28550	5.820	61500	5.890	2500	5.950	300	5.960	3000	5.970	3900	5.980	11300	/16842796//16403747/2691287/5.88/6.19//2008-9-18 11:1:2
42/600078/澄星股份/5.900	2000	5.890	15200	5.880	300	5.850	3300	5.830	2300	5.950	2700	5.960	3100	5.970	3900	5.980	11300	5.990	11700	/16842796//17421126/2865287/5.89/6.19//2008-9-18 11:2:2
42/600078/澄星股份/5.850	3300	5.830	14700	5.820	33650	5.810	23000	5.800	52400	5.880	14800	5.890	4800	5.930	3000	5.940	12800	5.950	5500	/16842796//17538334/2885187/5.88/6.19//2008-9-18 11:3:2
42/600078/澄星股份/5.850	3000	5.820	500	5.800	58950	5.780	3900	5.770	200	5.880	12200	5.890	4900	5.900	400	5.930	3600	5.940	12800	/16842796//18275530/3011787/5.85/6.19//2008-9-18 11:4:3
42/600078/澄星股份/5.870	33500	5.860	3800	5.850	52700	5.840	1000	5.820	2500	5.880	4800	5.890	4900	5.900	3300	5.930	600	5.940	12800	/16842796//18759684/3094487/5.87/6.19//2008-9-18 11:5:3
42/600078/澄星股份/5.900	4500	5.890	28001	5.880	3000	5.860	2000	5.850	500	5.930	600	5.940	12800	5.950	3500	5.960	3100	5.970	3500	/16842796//19458246/3213686/5.9/6.19//2008-9-18 11:6:4
42/600078/澄星股份/5.930	15700	5.920	1700	5.900	7600	5.890	6801	5.880	6000	5.940	9900	5.950	3500	5.960	3100	5.970	3000	5.980	19300	/16842796//19535200/3226686/5.93/6.19//2008-9-18 11:7:4
42/600078/澄星股份/5.940	2000	5.930	26300	5.900	7700	5.890	6801	5.880	3000	5.950	2700	5.960	3100	5.970	3000	5.980	19300	5.990	17500	/16842796//19644506/3245086/5.94/6.19//2008-9-18 11:8:4
42/600078/澄星股份/5.930	15300	5.920	200	5.900	8200	5.890	6801	5.880	5400	5.950	2200	5.960	3000	5.970	14099	5.980	5800	5.990	17500	/16842796//19707502/3255686/5.95/6.19//2008-9-18 11:9:5
42/600078/澄星股份/5.920	200	5.900	9300	5.890	6801	5.880	5400	5.860	2000	5.930	6300	5.940	200	5.950	4200	5.960	4500	5.970	14099	/16842796//19817230/3274186/5.93/6.19//2008-9-18 11:10:5
42/600078/澄星股份/5.890	801	5.880	5400	5.860	2000	5.850	1800	5.840	2000	5.900	8200	5.910	300	5.920	3300	5.930	8300	5.940	3200	/16842796//19851434/3279986/5.9/6.19//2008-9-18 11:11:6
42/600078/澄星股份/5.880	4200	5.860	2000	5.850	1600	5.840	2000	5.820	5700	5.890	699	5.900	9600	5.920	1200	5.930	8300	5.940	3200	/16842796//19872042/3283487/5.88/6.19//2008-9-18 11:12:6
42/600078/澄星股份/5.850	1600	5.840	2000	5.830	800	5.820	8300	5.810	5200	5.860	2600	5.870	1600	5.880	1700	5.890	3399	5.900	4000	/16842796//19908458/3289687/5.86/6.19//2008-9-18 11:13:7
42/600078/澄星股份/5.860	6100	5.850	3300	5.840	2000	5.830	800	5.820	9900	5.880	700	5.890	300	5.900	7000	5.920	800	5.930	15300	/16842796//19963550/3299087/5.88/6.19//2008-9-18 11:14:7
42/600078/澄星股份/5.840	2000	5.830	2800	5.820	10400	5.810	6600	5.800	72850	5.860	51600	5.880	1000	5.890	100	5.900	6400	5.920	800	/16842796//20077194/3318487/5.86/6.19//2008-9-18 11:15:7
42/600078/澄星股份/5.860	30000	5.850	9399	5.840	2000	5.830	2900	5.820	10400	5.880	900	5.890	100	5.900	6400	5.920	800	5.930	15300	/16842796//20406500/3374689/5.85/6.19//2008-9-18 11:16:8
42/600078/澄星股份/5.880	5400	5.860	20000	5.850	18699	5.840	2000	5.830	28900	5.900	6400	5.920	800	5.930	15300	5.940	1200	5.950	8100	/16842796//20497114/3390088/5.89/6.19//2008-9-18 11:17:8
42/600078/澄星股份/5.880	600	5.870	2600	5.860	15400	5.850	11300	5.840	2000	5.900	6400	5.920	1800	5.930	5300	5.940	1200	5.950	9100	/16842796//20616794/3410488/5.88/6.19//2008-9-18 11:18:9
42/600078/澄星股份/5.900	9100	5.870	2200	5.860	500	5.850	13300	5.840	2000	5.920	1800	5.930	5300	5.940	1200	5.950	9100	5.960	4200	/16842796//20720416/3428088/5.88/6.19//2008-9-18 11:19:9
42/600078/澄星股份/5.900	21000	5.890	2000	5.880	900	5.870	2200	5.860	11500	5.920	7012	5.930	5300	5.940	1200	5.950	9100	5.960	4200	/16842796//20752876/3433588/5.92/6.19//2008-9-18 11:20:10
42/600078/澄星股份/5.890	1400	5.880	900	5.870	2200	5.860	11000	5.850	11600	5.900	15399	5.910	1210	5.920	6012	5.930	5300	5.940	1200	/16842796//20902770/3458988/5.89/6.19//2008-9-18 11:21:10
42/600078/澄星股份/5.880	2100	5.870	2200	5.860	11000	5.850	12400	5.840	2000	5.890	8500	5.900	11399	5.910	1210	5.920	3300	5.930	5300	/16842796//20925146/3462788/5.89/6.19//2008-9-18 11:22:10
42/600078/澄星股份/5.850	12400	5.840	2000	5.830	22100	5.820	8500	5.810	5600	5.860	6999	5.870	500	5.880	62400	5.890	3000	5.900	11399	/16842796//21047702/3483688/5.86/6.19//2008-9-18 11:23:11
42/600078/澄星股份/5.800	65450	5.780	4500	5.770	100	5.760	11900	5.750	21200	5.850	2000	5.860	19198	5.870	500	5.880	60700	5.890	3000	/16842796//21682508/3592688/5.8/6.19//2008-9-18 11:24:11
42/600078/澄星股份/5.810	2000	5.800	41750	5.780	4500	5.770	100	5.760	11700	5.830	500	5.880	16198	5.890	3000	5.900	8700	5.910	1210	/16842796//22106088/3664888/5.8/6.19//2008-9-18 11:25:12
42/600078/澄星股份/5.880	64192	5.810	2000	5.800	45750	5.780	4800	5.770	100	5.890	3000	5.900	8700	5.910	5290	5.920	2900	5.930	4300	/16842796//22316640/3700696/5.88/6.19//2008-9-18 11:26:12
42/600078/澄星股份/5.880	27486	5.820	200	5.810	4200	5.800	44950	5.780	4800	5.890	3300	5.900	18700	5.910	5290	5.920	2900	5.930	3600	/16842796//22533060/3737502/5.88/6.19//2008-9-18 11:27:13
42/600078/澄星股份/5.820	99900	5.800	41350	5.780	4800	5.770	100	5.760	11700	5.880	57214	5.890	7400	5.900	18700	5.910	5290	5.920	2900	/16842796//22730196/3771088/5.82/6.19//2008-9-18 11:28:13
42/600078/澄星股份/5.830	23100	5.820	90100	5.810	100	5.800	142850	5.780	8800	5.870	8000	5.880	53914	5.890	6700	5.900	18700	5.910	5290	/16842796//22815786/3785788/5.83/6.19//2008-9-18 11:29:14
42/600078/澄星股份/5.830	23200	5.820	89000	5.810	100	5.800	142850	5.780	8800	5.870	7700	5.880	49814	5.890	6700	5.900	18700	5.910	5290	/16842796//22819894/3786488/5.87/6.19//2008-9-18 11:30:14
42/600078/澄星股份/5.830	23200	5.820	89000	5.810	100	5.800	142850	5.780	8800	5.870	7700	5.880	49814	5.890	6700	5.900	18700	5.910	5290	/16842796//22819894/3786488/5.87/6.19//2008-9-18 11:31:15
42/600078/澄星股份/5.820	62900	5.810	900	5.800	145250	5.780	7200	5.770	1600	5.830	13000	5.850	6500	5.860	2500	5.870	12700	5.880	20814	/16842796//23172400/3846988/5.83/6.19//2008-9-18 13:1:15
42/600078/澄星股份/5.820	57400	5.810	2200	5.800	145250	5.780	7200	5.770	1600	5.830	10200	5.850	6500	5.860	2500	5.870	9700	5.880	20814	/16842796//23233538/3857488/5.82/6.19//2008-9-18 13:2:16
42/600078/澄星股份/5.820	54500	5.810	2200	5.800	147050	5.780	7200	5.770	1600	5.830	5200	5.840	6000	5.850	6500	5.860	2500	5.870	9700	/16842796//23294706/3867988/5.83/6.19//2008-9-18 13:3:16
42/600078/澄星股份/5.840	8510	5.830	26200	5.820	54500	5.810	2200	5.800	147350	5.850	6500	5.860	2500	5.870	9700	5.880	20314	5.890	4000	/16842796//23377500/3882178/5.84/6.19//2008-9-18 13:4:17
42/600078/澄星股份/5.830	26500	5.820	54500	5.810	2200	5.800	147250	5.780	7500	5.840	13890	5.850	6300	5.860	4500	5.870	9700	5.880	20314	/16842796//23431288/3891388/5.84/6.19//2008-9-18 13:5:17
42/600078/澄星股份/5.830	19800	5.820	54700	5.810	5500	5.800	147750	5.780	7500	5.840	12690	5.850	6300	5.860	4500	5.870	9700	5.880	20314	/16842796//23451716/3894888/5.83/6.19//2008-9-18 13:6:18
42/600078/澄星股份/5.830	14800	5.820	54700	5.810	5500	5.800	147850	5.780	7500	5.840	5058	5.850	6300	5.860	4500	5.870	9700	5.880	20314	/16842796//23584194/3917588/5.84/6.19//2008-9-18 13:7:18
42/600078/澄星股份/5.850	43700	5.840	2642	5.830	16600	5.820	54700	5.810	5600	5.860	1100	5.870	8600	5.880	20314	5.890	4000	5.900	19300	/16842796//23664632/3931346/5.86/6.19//2008-9-18 13:8:19
42/600078/澄星股份/5.850	41300	5.840	1000	5.830	16600	5.820	51700	5.810	5600	5.860	3400	5.870	8600	5.880	15500	5.890	4000	5.900	19300	/16842796//23750720/3946046/5.85/6.19//2008-9-18 13:9:19
42/600078/澄星股份/5.850	39300	5.840	1000	5.830	16100	5.820	51700	5.810	5600	5.860	7700	5.870	9200	5.880	15500	5.890	7100	5.900	19400	/16842796//23774128/3950046/5.85/6.19//2008-9-18 13:10:20
42/600078/澄星股份/5.850	700	5.840	1000	5.830	16100	5.820	51700	5.810	5600	5.860	10100	5.870	9200	5.880	15500	5.890	6000	5.900	20000	/16842796//23998776/3988446/5.85/6.19//2008-9-18 13:11:20
42/600078/澄星股份/5.830	13200	5.820	50700	5.810	5600	5.800	152550	5.780	7500	5.850	7000	5.860	11000	5.870	9200	5.880	15500	5.890	6000	/16842796//24046084/3996546/5.83/6.19//2008-9-18 13:12:21
42/600078/澄星股份/5.830	300	5.820	50700	5.810	5600	5.800	152550	5.780	7500	5.840	100	5.850	12300	5.860	8800	5.870	9200	5.880	15500	/16842796//24132972/4011446/5.83/6.19//2008-9-18 13:13:21
42/600078/澄星股份/5.820	50700	5.810	5600	5.800	152650	5.780	157400	5.770	1600	5.840	7800	5.850	11800	5.860	8800	5.870	14200	5.880	15500	/16842796//24196002/4022246/5.84/6.19//2008-9-18 13:14:22
42/600078/澄星股份/5.830	4600	5.820	50700	5.810	5600	5.800	152650	5.780	7500	5.840	13700	5.850	15500	5.860	12100	5.870	14200	5.880	15500	/16842796//24217582/4025946/5.83/6.19//2008-9-18 13:15:22
42/600078/澄星股份/5.820	46700	5.810	6600	5.800	152850	5.780	8000	5.770	1600	5.830	10500	5.840	17100	5.850	19500	5.860	12100	5.870	14200	/16842796//24294480/4039146/5.82/6.19//2008-9-18 13:16:23
42/600078/澄星股份/5.820	32000	5.810	10900	5.800	153050	5.780	8000	5.770	1600	5.830	15200	5.840	17100	5.850	20600	5.860	12100	5.870	14200	/16842796//24423176/4061246/5.83/6.19//2008-9-18 13:17:23
42/600078/澄星股份/5.810	3900	5.800	155850	5.780	8000	5.770	1600	5.760	15000	5.820	8600	5.830	9729	5.840	17100	5.850	20600	5.860	12100	/16842796//24700780/4108946/5.81/6.19//2008-9-18 13:18:24
42/600078/澄星股份/5.800	149950	5.780	8000	5.770	1600	5.760	15000	5.750	22300	5.810	800	5.820	3129	5.840	18300	5.850	16600	5.860	12100	/16842796//24922568/4147046/5.8/6.19//2008-9-18 13:19:24
42/600078/澄星股份/5.820	21571	5.810	10000	5.800	137850	5.780	8000	5.770	2100	5.840	20800	5.850	14300	5.860	12100	5.870	9200	5.880	14500	/16842796//25049346/4168875/5.82/6.19//2008-9-18 13:20:25
42/600078/澄星股份/5.820	1100	5.810	300	5.800	46621	5.780	10000	5.770	2100	5.830	10400	5.840	20800	5.850	14300	5.860	11200	5.870	9200	/16842796//25947538/4323575/5.82/6.19//2008-9-18 13:21:25
42/600078/澄星股份/5.820	46600	5.810	6200	5.800	46621	5.780	10000	5.770	2100	5.830	8100	5.840	19200	5.850	14300	5.860	11200	5.870	9200	/16842796//26101720/4350075/5.82/6.19//2008-9-18 13:22:26
42/600078/澄星股份/5.850	10400	5.840	15000	5.830	18700	5.820	56200	5.810	5200	5.860	3700	5.870	9200	5.880	14500	5.890	4100	5.900	20600	/16842796//26380976/4397875/5.86/6.19//2008-9-18 13:23:26
42/600078/澄星股份/5.870	26300	5.860	23500	5.850	3900	5.840	15000	5.830	16600	5.880	3700	5.890	4100	5.900	21700	5.920	1000	5.930	2600	/16842796//26531312/4423475/5.87/6.19//2008-9-18 13:24:27
42/600078/澄星股份/5.880	4800	5.870	16400	5.860	11800	5.850	4600	5.840	11000	5.890	400	5.900	13100	5.920	900	5.930	2600	5.940	1200	/16842796//26595442/4434375/5.89/6.19//2008-9-18 13:25:27
42/600078/澄星股份/5.890	41149	5.880	1600	5.870	16100	5.860	3800	5.850	1100	5.900	6200	5.920	900	5.930	2600	5.940	1200	5.950	13000	/16842796//26677094/4448226/5.9/6.19//2008-9-18 13:26:28
42/600078/澄星股份/5.920	1300	5.900	1000	5.890	34349	5.880	1700	5.870	16100	5.930	5600	5.940	3100	5.950	14900	5.960	4000	5.970	3000	/16842796//26814724/4471526/5.92/6.19//2008-9-18 13:27:28
42/600078/澄星股份/5.900	6900	5.890	1500	5.880	1600	5.870	16100	5.860	1800	5.920	19030	5.930	6610	5.940	3600	5.950	13200	5.960	4200	/16842796//26870372/4480926/5.91/6.19//2008-9-18 13:28:29
42/600078/澄星股份/5.870	900	5.860	1800	5.850	1500	5.840	11000	5.830	15700	5.900	4100	5.910	1300	5.920	4330	5.930	6610	5.940	4100	/16842796//27197242/4536326/5.87/6.19//2008-9-18 13:29:29
42/600078/澄星股份/5.880	2100	5.870	600	5.860	800	5.850	1500	5.840	11000	5.890	100	5.900	84600	5.910	1000	5.920	17330	5.930	6110	/16842796//27140070/4526626/5.87/6.19//2008-9-18 13:30:30
42/600078/澄星股份/5.910	1900	5.900	18700	5.890	3000	5.880	12100	5.870	100	5.920	13630	5.930	6610	5.940	3000	5.950	13200	5.960	9190	/16842796//27655740/4614026/5.91/6.19//2008-9-18 13:31:30
42/600078/澄星股份/5.920	28600	5.910	6500	5.900	13700	5.880	10600	5.870	100	5.930	240	5.940	3300	5.950	12500	5.960	6190	5.970	3000	/16842796//27703144/4622026/5.93/6.19//2008-9-18 13:32:31
42/600078/澄星股份/5.960	3810	5.950	5800	5.930	9960	5.920	1700	5.910	2200	5.970	3000	5.980	12500	5.990	9400	6.000	69100	6.010	2000	/16842796//27894236/4654146/5.96/6.19//2008-9-18 13:33:31
42/600078/澄星股份/5.980	27800	5.970	300	5.960	14810	5.950	1700	5.930	9560	5.990	8200	6.000	69600	6.010	2000	6.020	2591	6.030	4000	/16842796//27955974/4664456/5.98/6.19//2008-9-18 13:34:32
42/600078/澄星股份/6.030	1609	6.020	13700	6.010	1600	6.000	152800	5.990	9300	6.040	4000	6.050	4700	6.070	2100	6.080	4000	6.090	4650	/16842796//28712316/4790547/6.03/6.19//2008-9-18 13:35:32
42/600078/澄星股份/6.040	8149	6.020	9309	6.010	9100	6.000	157700	5.990	8200	6.050	600	6.070	2100	6.080	4200	6.090	10450	6.100	21200	/16842796//28972284/4833598/6.04/6.19//2008-9-18 13:36:33
42/600078/澄星股份/6.010	3800	6.000	117800	5.990	3000	5.980	2900	5.970	300	6.020	17591	6.040	22451	6.050	27100	6.060	6100	6.070	6800	/16842796//29435292/4910356/6.01/6.19//2008-9-18 13:37:34
42/600078/澄星股份/5.990	2600	5.980	2900	5.970	300	5.960	8810	5.930	9200	6.000	15200	6.010	17140	6.020	9091	6.040	7400	6.050	26700	/16842796//30246602/5045556/6.0/6.19//2008-9-18 13:38:34
42/600078/澄星股份/5.970	800	5.960	8810	5.930	9200	5.920	1000	5.910	1200	5.980	1590	5.990	4000	6.000	29330	6.010	4100	6.020	6791	/16842796//30285516/5052056/5.98/6.19//2008-9-18 13:39:35
42/600078/澄星股份/6.000	5230	5.930	3900	5.920	1000	5.910	500	5.900	15500	6.010	3700	6.020	3491	6.040	10100	6.050	3900	6.060	3000	/16842796//30521210/5091436/6.0/6.19//2008-9-18 13:40:35
42/600078/澄星股份/5.970	5000	5.960	20700	5.930	3900	5.920	2000	5.910	2700	6.010	700	6.020	3491	6.040	10000	6.050	3400	6.060	3000	/16842796//30592040/5103236/6.0/6.19//2008-9-18 13:41:36
42/600078/澄星股份/6.020	5909	6.010	4700	6.000	1000	5.970	5000	5.960	21200	6.040	10000	6.050	4900	6.060	3000	6.070	3100	6.080	5100	/16842796//30641928/5111527/6.02/6.19//2008-9-18 13:42:36
42/600078/澄星股份/6.050	3000	6.040	8600	6.020	9	6.010	3600	6.000	500	6.070	3100	6.080	5100	6.090	6650	6.100	26600	6.110	600	/16842796//30811060/5139527/6.04/6.19//2008-9-18 13:43:37
42/600078/澄星股份/6.040	8600	6.020	9	6.010	3600	6.000	500	5.970	6000	6.050	7300	6.060	900	6.070	4900	6.080	4800	6.090	8150	/16842796//30953538/5163027/6.05/6.19//2008-9-18 13:44:37
42/600078/澄星股份/6.050	13500	6.040	1800	6.020	9	6.010	1100	6.000	500	6.070	4800	6.080	4400	6.090	10650	6.100	22500	6.110	1100	/16842796//31267654/5214827/6.07/6.19//2008-9-18 13:45:38
42/600078/澄星股份/6.090	4000	6.080	3200	6.070	3400	6.050	14500	6.040	200	6.100	2050	6.110	7000	6.120	2700	6.130	4400	6.140	5000	/16842796//31727218/5290227/6.1/6.19//2008-9-18 13:46:39
42/600078/澄星股份/6.070	3400	6.050	16500	6.040	200	6.020	9	6.010	1100	6.100	21300	6.110	17601	6.120	5950	6.130	7400	6.140	5000	/16842796//32073008/5346927/6.1/6.19//2008-9-18 13:47:39
42/600078/澄星股份/6.050	15500	6.030	1000	6.020	9	6.010	1100	6.000	4000	6.070	900	6.080	9100	6.090	14250	6.100	27400	6.110	20001	/16842796//32226938/5372227/6.07/6.19//2008-9-18 13:48:40
42/600078/澄星股份/6.080	200	6.060	5400	6.050	5700	6.030	9300	6.020	1009	6.090	1400	6.100	48490	6.110	20001	6.120	2200	6.130	7400	/16842796//32663718/5443937/6.1/6.19//2008-9-18 13:49:40
42/600078/澄星股份/6.030	12800	6.020	1009	6.010	3600	6.000	44400	5.980	2000	6.050	900	6.060	10700	6.070	800	6.080	900	6.090	13400	/16842796//32744210/5457227/6.05/6.19//2008-9-18 13:50:41
42/600078/澄星股份/6.050	3900	6.020	5109	6.010	4500	6.000	45200	5.980	2000	6.060	9000	6.070	500	6.080	900	6.090	14400	6.100	10190	/16842796//32934444/5488727/6.05/6.19//2008-9-18 13:51:41
42/600078/澄星股份/6.010	2300	6.000	52000	5.980	2000	5.970	5000	5.960	1400	6.020	3600	6.040	1000	6.050	12200	6.060	9000	6.070	500	/16842796//33072416/5511627/6.02/6.19//2008-9-18 13:52:42
42/600078/澄星股份/6.000	56400	5.980	2000	5.970	5000	5.960	1400	5.950	100	6.010	500	6.020	5100	6.040	1800	6.050	14600	6.060	9000	/16842796//33143840/5523527/6.01/6.19//2008-9-18 13:53:42
42/600078/澄星股份/6.000	47600	5.980	2000	5.970	5000	5.960	1400	5.950	100	6.010	1000	6.020	3300	6.040	1800	6.050	15900	6.060	9000	/16842796//33221380/5536427/6.01/6.19//2008-9-18 13:54:43
42/600078/澄星股份/6.010	3600	6.000	8600	5.980	2000	5.960	1400	5.950	100	6.020	4300	6.040	1800	6.050	15200	6.060	9000	6.070	1000	/16842796//33319788/5552827/6.01/6.19//2008-9-18 13:55:44
42/600078/澄星股份/6.020	29900	6.010	16500	6.000	8600	5.980	2000	5.960	1400	6.030	200	6.040	1800	6.050	15200	6.060	9000	6.070	1000	/16842796//33382936/5563327/6.02/6.19//2008-9-18 13:56:44
42/600078/澄星股份/6.050	1100	6.040	14600	6.030	1100	6.020	24800	6.000	9100	6.060	9000	6.070	1000	6.080	2400	6.090	13000	6.100	21390	/16842796//33517660/5585627/6.05/6.19//2008-9-18 13:57:45
42/600078/澄星股份/6.060	700	6.050	10053	6.040	16300	6.030	1300	6.020	25900	6.070	1000	6.080	1700	6.090	13000	6.100	20390	6.110	21301	/16842796//33611812/5601174/6.06/6.19//2008-9-18 13:58:45
42/600078/澄星股份/6.030	200	6.020	25900	6.000	9200	5.980	2000	5.960	1400	6.040	2609	6.050	15747	6.070	1000	6.080	300	6.090	1000	/16842796//33765704/5626627/6.04/6.19//2008-9-18 13:59:46
42/600078/澄星股份/6.030	200	6.020	25900	6.000	8700	5.980	2000	5.960	1400	6.040	5021	6.050	14747	6.070	1000	6.080	500	6.090	4500	/16842796//33775344/5628227/6.04/6.19//2008-9-18 14:0:47
42/600078/澄星股份/6.020	20100	6.000	9700	5.980	2000	5.960	1400	5.930	3800	6.030	18900	6.040	6809	6.050	14747	6.070	1000	6.080	3500	/16842796//33921208/5652427/6.02/6.19//2008-9-18 14:1:47
42/600078/澄星股份/6.000	8200	5.960	1400	5.930	3800	5.920	2000	5.910	4100	6.020	12000	6.050	2470	6.060	1900	6.070	1000	6.080	3500	/16842796//34280604/5712027/6.05/6.19//2008-9-18 14:2:48
42/600078/澄星股份/5.960	1400	5.930	3800	5.920	2000	5.910	4100	5.900	19600	6.000	33800	6.020	13000	6.040	100	6.050	7870	6.070	3000	/16842796//34355004/5724427/6.0/6.19//2008-9-18 14:3:48
42/600078/澄星股份/5.930	3800	5.920	2000	5.910	4100	5.900	20100	5.880	10500	5.960	1200	5.990	2400	6.000	48600	6.020	13500	6.040	100	/16842796//34357308/5724827/5.96/6.19//2008-9-18 14:4:49
42/600078/澄星股份/5.930	99700	5.920	400	5.910	27202	5.900	19900	5.880	10600	5.960	6900	5.990	22800	6.000	46500	6.020	11500	6.040	500	/16842796//34450960/5740625/5.93/6.19//2008-9-18 14:5:50
42/600078/澄星股份/5.960	12200	5.950	1700	5.940	36600	5.930	98800	5.910	26102	6.000	43600	6.020	11500	6.040	500	6.050	9370	6.070	3000	/16842796//34644788/5773025/6.0/6.19//2008-9-18 14:6:50
42/600078/澄星股份/6.000	18300	5.990	4100	5.980	1000	5.970	1000	5.960	11800	6.020	11500	6.040	1200	6.050	9370	6.070	3000	6.080	3500	/16842796//34905788/5816525/6.0/6.19//2008-9-18 14:7:51
42/600078/澄星股份/6.040	9900	6.030	400	6.020	16100	6.010	1000	6.000	13900	6.120	4761	6.130	7400	6.140	4000	6.150	9167	6.160	2000	/16842796//35348032/5889225/6.12/6.19//2008-9-18 14:8:51
42/600078/澄星股份/6.100	2100	6.080	100	6.070	100	6.060	4600	6.050	12200	6.120	5561	6.130	7400	6.140	4000	6.150	9167	6.160	2000	/16842796//35353520/5890126/6.1/6.19//2008-9-18 14:9:52
42/600078/澄星股份/6.110	900	6.100	12251	6.090	100	6.060	10800	6.050	12500	6.120	161	6.130	7400	6.140	4000	6.150	8867	6.160	1200	/16842796//35416820/5900475/6.11/6.19//2008-9-18 14:10:53
42/600078/澄星股份/6.160	1100	6.150	2700	6.140	1000	6.130	3200	6.120	9200	6.190	3200	6.200	15300	6.210	2700	6.220	10900	6.230	100	/16842796//35657996/5939675/6.16/6.19//2008-9-18 14:11:53
42/600078/澄星股份/6.140	1000	6.130	500	6.120	8000	6.110	2400	6.100	4451	6.150	4200	6.160	1700	6.170	3590	6.180	15500	6.190	17400	/16842796//35751528/5954875/6.15/6.19//2008-9-18 14:12:54
42/600078/澄星股份/6.150	1760	6.130	5300	6.120	7000	6.110	500	6.100	4451	6.160	7300	6.170	9000	6.180	15500	6.190	8900	6.200	13600	/16842796//35867984/5973815/6.15/6.19//2008-9-18 14:13:55
42/600078/澄星股份/6.130	2700	6.120	7000	6.110	500	6.100	4451	6.080	300	6.140	13000	6.150	18890	6.160	7100	6.170	9300	6.180	500	/16842796//35897824/5978675/6.13/6.19//2008-9-18 14:14:55
42/600078/澄星股份/6.120	9200	6.110	1000	6.100	4851	6.080	300	6.060	8800	6.130	7299	6.140	13200	6.150	12900	6.160	7000	6.170	10900	/16842796//35955444/5988075/6.12/6.19//2008-9-18 14:15:56
42/600078/澄星股份/6.120	200	6.100	6851	6.080	700	6.060	8800	6.050	15300	6.130	7799	6.140	10200	6.150	12200	6.160	7000	6.170	8000	/16842796//36206400/6029075/6.13/6.19//2008-9-18 14:16:56
42/600078/澄星股份/6.120	5751	6.110	20200	6.100	3700	6.090	2000	6.080	2900	6.130	8299	6.140	600	6.150	15500	6.160	7000	6.170	8000	/16842796//36343188/6051475/6.12/6.19//2008-9-18 14:17:57
42/600078/澄星股份/6.160	10900	6.150	13400	6.140	6900	6.130	34001	6.120	6351	6.170	4200	6.180	700	6.190	5900	6.200	16300	6.210	2700	/16842796//36547872/6084774/6.15/6.19//2008-9-18 14:18:58
42/600078/澄星股份/6.230	4400	6.210	300	6.200	36700	6.190	31200	6.180	75900	6.240	7128	6.250	10000	6.260	9600	6.270	500	6.280	3900	/16842796//36912864/6143674/6.23/6.19//2008-9-18 14:19:58
42/600078/澄星股份/6.260	14200	6.250	11862	6.240	8700	6.230	5500	6.220	1900	6.280	29200	6.290	17800	6.300	15200	6.310	1300	6.320	2100	/16842796//37213844/6191712/6.28/6.19//2008-9-18 14:20:59
42/600078/澄星股份/6.350	48400	6.310	78400	6.300	38000	6.290	48100	6.280	6500	6.360	13200	6.380	2099	6.390	3900	6.400	9098	6.420	600	/16842796//37976328/6312612/6.35/6.19//2008-9-18 14:22:0
42/600078/澄星股份/6.390	7300	6.380	500	6.360	41000	6.350	45400	6.320	10000	6.400	15797	6.420	1600	6.430	1000	6.440	6600	6.450	17300	/16842796//38223552/6351412/6.39/6.19//2008-9-18 14:23:0
42/600078/澄星股份/6.360	37100	6.350	45400	6.320	10000	6.310	78900	6.300	2900	6.380	19800	6.390	7800	6.400	27097	6.420	1600	6.430	1500	/16842796//38727460/6430312/6.36/6.19//2008-9-18 14:24:1
42/600078/澄星股份/6.300	1000	6.290	19600	6.280	200	6.270	3100	6.260	5800	6.320	1000	6.350	31800	6.360	37800	6.370	4200	6.380	25100	/16842796//40205652/6663412/6.35/6.19//2008-9-18 14:25:2
42/600078/澄星股份/6.310	5100	6.300	12400	6.290	1500	6.280	50	6.270	3100	6.350	17596	6.360	31800	6.370	7000	6.380	24200	6.390	7600	/16842796//41028804/6794062/6.31/6.19//2008-9-18 14:26:2
42/600078/澄星股份/6.300	9400	6.290	2800	6.280	50	6.270	3100	6.260	5800	6.310	13100	6.350	17696	6.360	31300	6.370	7000	6.380	23200	/16842796//41140440/6811762/6.31/6.19//2008-9-18 14:27:3
42/600078/澄星股份/6.280	50	6.270	3100	6.260	5800	6.250	6962	6.240	8300	6.290	100	6.300	63200	6.310	3600	6.320	600	6.350	12596	/16842796//41395088/6852162/6.29/6.19//2008-9-18 14:28:4
42/600078/澄星股份/6.260	1700	6.250	7462	6.240	9300	6.230	1500	6.220	500	6.270	5250	6.280	8845	6.290	4100	6.300	66800	6.310	4100	/16842796//41566108/6879412/6.26/6.19//2008-9-18 14:29:4
42/600078/澄星股份/6.260	4300	6.250	9262	6.240	9300	6.230	1500	6.220	500	6.270	12300	6.280	8745	6.290	11200	6.300	57700	6.310	1100	/16842796//41781116/6913712/6.27/6.19//2008-9-18 14:30:5
42/600078/澄星股份/6.260	5000	6.250	7962	6.240	9300	6.230	1500	6.220	500	6.270	21600	6.280	9345	6.290	12200	6.300	56600	6.310	1100	/16842796//41900728/6932812/6.26/6.19//2008-9-18 14:31:6
42/600078/澄星股份/6.260	18500	6.250	9162	6.240	9300	6.230	1300	6.220	500	6.280	9345	6.290	7200	6.300	53100	6.310	900	6.320	900	/16842796//42287244/6994512/6.27/6.19//2008-9-18 14:32:6
42/600078/澄星股份/6.280	5355	6.270	3700	6.260	21200	6.250	7862	6.240	6300	6.290	6800	6.300	68200	6.310	10900	6.320	900	6.350	11796	/16842796//42386084/7010257/6.29/6.19//2008-9-18 14:33:7
42/600078/澄星股份/6.290	200	6.270	3555	6.260	3900	6.250	7862	6.240	6300	6.300	61300	6.310	10900	6.320	900	6.350	11796	6.360	29500	/16842796//42592840/7043157/6.3/6.19//2008-9-18 14:34:8
42/600078/澄星股份/6.280	3900	6.270	5155	6.260	8400	6.250	7662	6.240	6300	6.290	2060	6.300	56600	6.310	10800	6.320	900	6.350	11296	/16842796//42771456/7071557/6.28/6.19//2008-9-18 14:35:8
42/600078/澄星股份/6.270	3000	6.260	8400	6.250	7662	6.240	1300	6.230	1300	6.290	7500	6.300	45460	6.310	10800	6.320	900	6.350	11296	/16842796//43473216/7183212/6.29/6.19//2008-9-18 14:36:9
42/600078/澄星股份/6.250	362	6.240	1300	6.230	1300	6.220	700	6.200	7800	6.260	25800	6.270	1200	6.280	500	6.290	7400	6.300	30860	/16842796//43695248/7218712/6.25/6.19//2008-9-18 14:37:10
42/600078/澄星股份/6.200	7800	6.190	7800	6.180	7600	6.170	5200	6.160	3200	6.220	1100	6.230	3700	6.240	4100	6.250	17538	6.260	21500	/16842796//43729316/7224174/6.22/6.19//2008-9-18 14:38:10
42/600078/澄星股份/6.170	5200	6.160	3200	6.150	2000	6.140	1700	6.130	600	6.180	6200	6.190	10800	6.200	8700	6.210	500	6.220	1400	/16842796//43887212/7249674/6.18/6.19//2008-9-18 14:39:11
42/600078/澄星股份/6.140	1200	6.130	600	6.120	3200	6.110	2400	6.100	3400	6.200	13600	6.210	500	6.220	1100	6.240	2500	6.250	16638	/16842796//44246304/7307874/6.2/6.19//2008-9-18 14:40:12
42/600078/澄星股份/6.200	1000	6.160	1000	6.150	10300	6.140	5500	6.130	2400	6.250	1938	6.260	9900	6.270	8200	6.280	3200	6.290	1600	/16842796//44661520/7374774/6.25/6.19//2008-9-18 14:41:12
42/600078/澄星股份/6.170	1000	6.160	25200	6.150	10300	6.140	5500	6.130	2000	6.180	4600	6.190	1500	6.200	3600	6.240	200	6.250	4038	/16842796//44824396/7401074/6.18/6.19//2008-9-18 14:42:13
42/600078/澄星股份/6.180	300	6.160	2900	6.150	14300	6.140	5500	6.130	2000	6.200	23100	6.220	200	6.240	500	6.250	16938	6.260	9600	/16842796//45061816/7439574/6.16/6.19//2008-9-18 14:43:14
42/600078/澄星股份/6.190	6700	6.180	4500	6.170	20500	6.160	16000	6.150	16400	6.200	16800	6.220	200	6.230	100	6.240	1300	6.250	17238	/16842796//45161572/7455674/6.19/6.19//2008-9-18 14:44:14
42/600078/澄星股份/6.140	1200	6.130	3000	6.120	4300	6.110	3000	6.100	20600	6.150	2100	6.180	5700	6.190	1200	6.200	30400	6.220	200	/16842796//45625396/7530874/6.15/6.19//2008-9-18 14:45:15
42/600078/澄星股份/6.160	2000	6.150	200	6.140	1200	6.130	2600	6.120	4300	6.170	5100	6.190	3400	6.200	40900	6.220	200	6.230	400	/16842796//45676548/7539174/6.15/6.19//2008-9-18 14:46:16
42/600078/澄星股份/6.150	1300	6.140	1200	6.130	2600	6.120	2300	6.110	3000	6.160	39599	6.170	5900	6.180	1500	6.190	7300	6.200	44500	/16842796//45743076/7549974/6.15/6.19//2008-9-18 14:47:16
42/600078/澄星股份/6.130	2600	6.120	400	6.110	3500	6.100	22100	6.080	1100	6.140	18700	6.150	22400	6.160	10000	6.170	6300	6.180	1500	/16842796//45779928/7555974/6.14/6.19//2008-9-18 14:48:17
42/600078/澄星股份/6.100	23100	6.080	800	6.070	100	6.060	18300	6.050	8700	6.120	500	6.130	44299	6.140	34200	6.150	25100	6.160	10000	/16842796//45831348/7564374/6.1/6.19//2008-9-18 14:49:18
42/600078/澄星股份/6.110	14400	6.100	15200	6.080	800	6.070	2500	6.060	20800	6.120	5500	6.130	41299	6.140	26500	6.150	24100	6.160	10000	/16842796//46079964/7605074/6.12/6.19//2008-9-18 14:50:18
42/600078/澄星股份/6.120	11900	6.110	5700	6.100	16300	6.080	1800	6.070	8500	6.130	41299	6.140	13500	6.150	24100	6.160	10000	6.170	3700	/16842796//46271996/7636474/6.12/6.19//2008-9-18 14:51:19
42/600078/澄星股份/6.120	29300	6.110	8700	6.100	18300	6.080	6400	6.070	18500	6.130	39399	6.140	12500	6.150	24100	6.160	9900	6.170	800	/16842796//46328316/7645674/6.13/6.19//2008-9-18 14:52:20
42/600078/澄星股份/6.130	10001	6.120	15200	6.110	3600	6.100	30200	6.080	7400	6.140	7000	6.150	26100	6.160	9900	6.170	800	6.180	2000	/16842796//46667756/7701073/6.13/6.19//2008-9-18 14:53:21
42/600078/澄星股份/6.130	28601	6.120	13900	6.110	3400	6.100	31700	6.080	7400	6.140	5100	6.150	26200	6.160	9900	6.170	800	6.180	2000	/16842796//46781896/7719673/6.14/6.19//2008-9-18 14:54:21
42/600078/澄星股份/6.150	5800	6.140	46700	6.130	26001	6.120	5900	6.110	3100	6.160	13500	6.170	800	6.180	2000	6.190	4400	6.200	36900	/16842796//46974352/7750973/6.15/6.19//2008-9-18 14:55:22
42/600078/澄星股份/6.160	6000	6.150	5800	6.140	40100	6.130	21900	6.120	4900	6.180	14700	6.190	4500	6.200	39000	6.220	200	6.230	300	/16842796//47094496/7770473/6.18/6.19//2008-9-18 14:56:23
42/600078/澄星股份/6.160	5200	6.150	6600	6.140	40500	6.130	20900	6.120	4900	6.170	4500	6.180	11100	6.190	11200	6.200	39000	6.220	1000	/16842796//47221492/7791073/6.16/6.19//2008-9-18 14:57:23
42/600078/澄星股份/6.150	1100	6.140	31400	6.130	20700	6.120	3400	6.110	3000	6.170	16499	6.180	2700	6.190	11200	6.200	44500	6.220	1000	/16842796//47517100/7839073/6.17/6.19//2008-9-18 14:58:24
42/600078/澄星股份/6.150	19000	6.140	31400	6.130	21700	6.120	3200	6.110	3000	6.160	2500	6.170	8489	6.180	5200	6.190	19300	6.200	44500	/16842796//47696476/7868173/6.16/6.19//2008-9-18 14:59:25
42/600078/澄星股份/6.150	5200	6.140	31500	6.130	21700	6.120	2200	6.110	5200	6.170	8389	6.180	5200	6.190	17300	6.200	44600	6.220	1000	/16842796//47865092/7895573/6.16/6.19//2008-9-18 15:0:26
42/600078/澄星股份/6.150	5200	6.140	31500	6.130	21700	6.120	2200	6.110	5200	6.170	8389	6.180	5200	6.190	17300	6.200	44600	6.220	1000	/16842796//47865092/7895573/6.16/6.19//2008-9-18 15:1:26
42/600078/澄星股份/6.150	5200	6.140	31500	6.130	21700	6.120	2200	6.110	5200	6.170	8389	6.180	5200	6.190	17300	6.200	44600	6.220	1000	/16842796//47865092/7895573/6.16/6.19//2008-9-18 15:2:27
