16/600051/宁波联合/4.340	20700	4.330	900	4.320	4200	4.310	8000	4.300	100	4.410	13400	4.450	1300	4.460	13000	4.480	9900	4.530	300	/16842769//35733/8100/4.34/4.47//2008-9-18 9:31:34
16/600051/宁波联合/4.350	1500	4.340	11800	4.330	900	4.320	4200	4.310	8000	4.410	12900	4.450	1300	4.460	13000	4.480	9900	4.530	300	/16842769//87439/20000/4.41/4.47//2008-9-18 9:32:35
16/600051/宁波联合/4.340	11800	4.330	900	4.320	4200	4.310	8000	4.300	100	4.350	4400	4.410	10700	4.450	1300	4.460	13000	4.480	9900	/16842769//149714/34300/4.35/4.47//2008-9-18 9:33:35
16/600051/宁波联合/4.350	4700	4.340	11800	4.330	900	4.320	9200	4.310	8000	4.410	10700	4.450	1300	4.460	13000	4.480	9900	4.500	5100	/16842769//141429/32400/4.35/4.47//2008-9-18 9:34:35
16/600051/宁波联合/4.350	1700	4.340	11800	4.330	900	4.320	9200	4.310	9000	4.410	9500	4.450	1300	4.460	13000	4.480	9900	4.500	5100	/16842769//154479/35400/4.35/4.47//2008-9-18 9:35:35
16/600051/宁波联合/4.340	1800	4.330	900	4.320	9200	4.310	9000	4.300	10600	4.350	4300	4.400	9200	4.410	9200	4.450	1300	4.460	13000	/16842769//205274/47100/4.34/4.47//2008-9-18 9:36:36
16/600051/宁波联合/4.340	2500	4.330	900	4.320	9200	4.310	9000	4.300	12900	4.350	4700	4.400	9200	4.410	9200	4.450	1300	4.460	13000	/16842769//215262/49400/4.34/4.47//2008-9-18 9:37:36
16/600051/宁波联合/4.350	14500	4.340	2500	4.330	900	4.320	9200	4.310	9000	4.400	9200	4.410	9200	4.450	2200	4.460	13000	4.480	9900	/16842769//322707/74100/4.35/4.47//2008-9-18 9:38:36
16/600051/宁波联合/4.350	4800	4.340	5200	4.330	900	4.320	9200	4.310	9000	4.400	4200	4.410	9200	4.450	2200	4.460	13000	4.480	9900	/16842769//329673/75700/4.35/4.47//2008-9-18 9:39:36
16/600051/宁波联合/4.340	5300	4.330	900	4.320	9200	4.310	9000	4.300	14100	4.350	400	4.400	9200	4.410	9200	4.450	2200	4.460	13000	/16842769//389703/89500/4.35/4.47//2008-9-18 9:40:36
16/600051/宁波联合/4.360	1400	4.350	1000	4.340	5300	4.330	900	4.320	9800	4.400	9200	4.410	9200	4.450	3200	4.460	13000	4.480	9900	/16842769//374913/86100/4.35/4.47//2008-9-18 9:41:37
16/600051/宁波联合/4.370	7500	4.360	1400	4.350	4400	4.340	5300	4.330	900	4.400	9200	4.410	9200	4.450	3200	4.460	13000	4.480	9900	/16842769//374913/86100/4.35/4.47//2008-9-18 9:42:37
16/600051/宁波联合/4.380	500	4.370	7000	4.360	7000	4.350	2400	4.340	5300	4.400	9700	4.410	7200	4.450	3200	4.460	13000	4.480	9900	/16842769//378008/86800/4.4/4.47//2008-9-18 9:43:37
16/600051/宁波联合/4.380	500	4.370	7000	4.360	7000	4.350	4000	4.340	5300	4.400	14000	4.410	7200	4.450	3200	4.460	13000	4.480	9900	/16842769//378008/86800/4.4/4.47//2008-9-18 9:44:37
16/600051/宁波联合/4.370	3400	4.360	7000	4.350	2000	4.340	5300	4.330	900	4.380	3500	4.400	14000	4.410	7200	4.450	3700	4.460	8000	/16842769//434922/99800/4.38/4.47//2008-9-18 9:45:37
16/600051/宁波联合/4.370	3400	4.360	7000	4.350	2000	4.340	5300	4.330	900	4.380	1500	4.400	14300	4.410	5400	4.440	400	4.450	3700	/16842769//430542/98800/4.38/4.47//2008-9-18 9:46:38
16/600051/宁波联合/4.360	7100	4.350	2000	4.340	5300	4.330	900	4.320	9800	4.370	1600	4.380	1500	4.400	11200	4.410	5400	4.440	400	/16842769//445400/102200/4.37/4.47//2008-9-18 9:47:38
16/600051/宁波联合/4.360	7100	4.350	2000	4.340	2900	4.330	1200	4.320	9800	4.370	7700	4.380	1500	4.400	11200	4.410	5400	4.440	400	/16842769//445400/102200/4.37/4.47//2008-9-18 9:48:38
16/600051/宁波联合/4.360	4900	4.350	2000	4.340	2900	4.330	1200	4.320	9800	4.370	7400	4.380	1500	4.400	11200	4.410	5400	4.440	400	/16842769//456303/104700/4.36/4.47//2008-9-18 9:49:39
16/600051/宁波联合/4.360	7000	4.350	5000	4.340	2900	4.330	1200	4.320	9800	4.370	5200	4.380	1500	4.400	11200	4.410	5400	4.440	400	/16842769//472893/108500/4.36/4.47//2008-9-18 9:50:39
16/600051/宁波联合/4.350	4300	4.340	2900	4.330	1800	4.320	9800	4.310	9000	4.360	7500	4.370	4900	4.380	1500	4.400	11200	4.410	5400	/16842769//519548/119200/4.36/4.47//2008-9-18 9:51:39
16/600051/宁波联合/4.340	2900	4.330	1800	4.320	9800	4.310	9000	4.300	15700	4.350	20200	4.360	11800	4.370	4900	4.380	1500	4.400	10200	/16842769//537376/123300/4.35/4.47//2008-9-18 9:52:39
16/600051/宁波联合/4.330	1200	4.320	4800	4.310	9000	4.300	15700	4.280	12500	4.350	19400	4.360	7800	4.370	4900	4.380	1500	4.400	11800	/16842769//553442/127000/4.34/4.47//2008-9-18 9:53:40
16/600051/宁波联合/4.320	4800	4.310	9000	4.300	16200	4.290	5000	4.280	12500	4.330	22600	4.360	7500	4.370	4900	4.380	1500	4.400	11800	/16842769//559504/128400/4.33/4.47//2008-9-18 9:54:40
16/600051/宁波联合/4.300	16200	4.290	5000	4.280	12500	4.270	40600	4.250	500	4.310	14200	4.330	4300	4.370	4900	4.380	1500	4.400	10200	/16842769//641029/147300/4.31/4.47//2008-9-18 9:55:40
16/600051/宁波联合/4.300	14600	4.290	5000	4.280	12500	4.270	40600	4.250	500	4.310	12700	4.330	3300	4.340	300	4.380	1500	4.400	10200	/16842769//634992/145900/4.3/4.47//2008-9-18 9:56:41
16/600051/宁波联合/4.290	10800	4.280	12500	4.270	40600	4.260	300	4.250	500	4.300	13000	4.330	700	4.340	300	4.380	1500	4.400	10200	/16842769//707236/162700/4.3/4.47//2008-9-18 9:57:41
16/600051/宁波联合/4.290	7200	4.280	12500	4.270	40600	4.260	300	4.250	500	4.330	700	4.340	300	4.380	1500	4.400	10200	4.410	2900	/16842769//767794/176800/4.29/4.47//2008-9-18 9:58:41
16/600051/宁波联合/4.300	1400	4.290	7200	4.280	2500	4.270	40600	4.260	300	4.330	700	4.340	300	4.380	1500	4.400	10200	4.410	2900	/16842769//819324/188800/4.29/4.47//2008-9-18 9:59:41
16/600051/宁波联合/4.290	5300	4.280	9000	4.270	40600	4.260	300	4.250	500	4.330	700	4.340	300	4.370	3900	4.380	1500	4.400	10200	/16842769//796122/183400/4.29/4.47//2008-9-18 10:0:42
16/600051/宁波联合/4.300	500	4.290	1000	4.280	11800	4.260	300	4.250	500	4.370	2200	4.380	1500	4.400	10200	4.410	2900	4.440	8400	/16842769//840492/193700/4.37/4.47//2008-9-18 10:1:42
16/600051/宁波联合/4.310	800	4.300	6500	4.290	1100	4.280	11800	4.260	300	4.340	1800	4.350	600	4.370	5700	4.380	2900	4.400	10200	/16842769//841360/193900/4.34/4.34//2008-9-18 10:2:42
16/600051/宁波联合/4.300	4400	4.290	3100	4.280	11800	4.260	300	4.250	6500	4.310	9300	4.330	500	4.340	300	4.350	600	4.370	5700	/16842769//851688/196300/4.3/4.34//2008-9-18 10:3:42
16/600051/宁波联合/4.290	3100	4.280	11800	4.260	300	4.250	10500	4.200	12000	4.300	2100	4.310	9900	4.340	300	4.350	1100	4.370	5700	/16842769//883508/203700/4.3/4.34//2008-9-18 10:4:43
16/600051/宁波联合/4.280	10300	4.260	300	4.250	10500	4.210	2000	4.200	12100	4.290	1800	4.300	2100	4.310	7100	4.340	4300	4.350	3100	/16842769//896807/206800/4.29/4.34//2008-9-18 10:5:43
16/600051/宁波联合/4.280	9900	4.260	1300	4.250	4500	4.210	43200	4.200	12100	4.290	3800	4.300	2100	4.310	7100	4.340	4300	4.350	2500	/16842769//920823/212400/4.28/4.34//2008-9-18 10:6:43
16/600051/宁波联合/4.260	800	4.250	5600	4.220	2600	4.210	43200	4.200	12800	4.280	1900	4.290	800	4.300	3100	4.310	6500	4.340	4300	/16842769//966181/223000/4.28/4.34//2008-9-18 10:7:44
16/600051/宁波联合/4.260	900	4.250	5600	4.220	4000	4.210	43200	4.200	12800	4.280	1900	4.290	800	4.300	1100	4.310	6500	4.320	500	/16842769//969163/223700/4.26/4.34//2008-9-18 10:8:44
16/600051/宁波联合/4.250	5100	4.220	4000	4.210	43200	4.200	12800	4.180	10800	4.290	800	4.300	1300	4.310	6500	4.320	500	4.340	4300	/16842769//982372/226800/4.25/4.34//2008-9-18 10:9:44
16/600051/宁波联合/4.250	9600	4.220	12000	4.210	43200	4.200	12800	4.180	10800	4.260	6200	4.290	5800	4.300	5600	4.310	6500	4.320	500	/16842769//987910/228100/4.26/4.34//2008-9-18 10:10:44
16/600051/宁波联合/4.250	9900	4.230	2400	4.220	11000	4.210	43200	4.200	12800	4.260	5200	4.290	800	4.300	5600	4.310	6500	4.320	500	/16842769//992170/229100/4.26/4.34//2008-9-18 10:11:45
16/600051/宁波联合/4.260	5700	4.250	9600	4.230	20100	4.220	9000	4.210	43200	4.290	500	4.300	2300	4.310	6500	4.320	500	4.340	4800	/16842769//1016461/234800/4.29/4.34//2008-9-18 10:12:45
16/600051/宁波联合/4.290	18800	4.280	40500	4.260	5700	4.250	9600	4.230	20100	4.300	1300	4.310	6500	4.340	4800	4.350	4500	4.360	7000	/16842769//1021609/236000/4.29/4.34//2008-9-18 10:13:45
16/600051/宁波联合/4.300	2300	4.290	7100	4.260	7300	4.250	8600	4.230	20100	4.310	6500	4.340	4800	4.350	4500	4.360	7000	4.370	6000	/16842769//1078682/249300/4.3/4.34//2008-9-18 10:14:46
16/600051/宁波联合/4.300	1700	4.290	7100	4.260	7300	4.250	8600	4.230	20100	4.310	6500	4.340	4800	4.350	4500	4.360	7000	4.370	6000	/16842769//1081262/249900/4.3/4.34//2008-9-18 10:15:46
16/600051/宁波联合/4.260	6000	4.250	8600	4.230	20100	4.220	9000	4.210	2000	4.300	20700	4.310	6900	4.340	4800	4.350	4500	4.360	7000	/16842769//1095452/253200/4.3/4.34//2008-9-18 10:16:46
16/600051/宁波联合/4.260	7000	4.250	8600	4.230	20100	4.220	9000	4.210	2000	4.300	20700	4.310	6900	4.340	4800	4.350	4500	4.360	7000	/16842769//1096292/253400/4.28/4.34//2008-9-18 10:17:47
16/600051/宁波联合/4.290	7800	4.260	7000	4.250	8600	4.230	20100	4.220	9000	4.300	32700	4.310	6900	4.340	4800	4.350	4500	4.360	7000	/16842769//1096292/253400/4.28/4.34//2008-9-18 10:18:47
16/600051/宁波联合/4.290	300	4.280	500	4.260	7000	4.250	8600	4.230	20100	4.300	21000	4.310	6900	4.340	4800	4.350	4500	4.360	7000	/16842769//1150892/266100/4.3/4.34//2008-9-18 10:19:47
16/600051/宁波联合/4.280	500	4.260	12000	4.250	8600	4.230	20100	4.220	9000	4.300	19200	4.310	6900	4.340	4800	4.350	4500	4.360	7000	/16842769//1162922/268900/4.3/4.34//2008-9-18 10:20:48
16/600051/宁波联合/4.280	500	4.270	1000	4.260	7000	4.250	8600	4.230	20100	4.300	3100	4.310	6900	4.340	4800	4.350	4500	4.360	7000	/16842769//1232152/285000/4.3/4.34//2008-9-18 10:21:48
16/600051/宁波联合/4.280	500	4.270	1000	4.260	7000	4.250	8600	4.230	20100	4.300	3200	4.310	6900	4.340	4800	4.350	4500	4.360	7000	/16842769//1242472/287400/4.3/4.34//2008-9-18 10:22:48
16/600051/宁波联合/4.280	500	4.270	1000	4.260	7000	4.250	8600	4.230	20100	4.300	3200	4.310	6900	4.340	4800	4.350	4500	4.360	7000	/16842769//1242472/287400/4.3/4.34//2008-9-18 10:23:48
16/600051/宁波联合/4.270	1100	4.260	7000	4.250	8000	4.230	20100	4.220	9000	4.280	2500	4.300	3200	4.310	6900	4.340	4800	4.350	4500	/16842769//1242462/287400/4.28/4.34//2008-9-18 10:24:49
16/600051/宁波联合/4.270	900	4.260	7000	4.250	5000	4.230	20100	4.220	9000	4.280	2500	4.300	3200	4.310	6900	4.340	4800	4.350	4500	/16842769//1244170/287800/4.27/4.34//2008-9-18 10:25:49
16/600051/宁波联合/4.270	600	4.260	7000	4.250	5000	4.230	20400	4.220	50100	4.280	2500	4.300	3200	4.310	6900	4.340	4800	4.350	5500	/16842769//1244597/287900/4.27/4.34//2008-9-18 10:26:49
16/600051/宁波联合/4.270	2500	4.260	7000	4.250	6000	4.230	20400	4.220	51100	4.280	2500	4.300	7100	4.310	6900	4.340	4800	4.350	5500	/16842769//1245024/288000/4.27/4.34//2008-9-18 10:27:50
16/600051/宁波联合/4.270	2600	4.260	7000	4.250	6000	4.230	20400	4.220	51100	4.280	19300	4.300	7100	4.310	6900	4.340	4800	4.350	5500	/16842769//1258720/291200/4.28/4.34//2008-9-18 10:28:50
16/600051/宁波联合/4.270	4900	4.260	7000	4.250	6000	4.230	20400	4.220	51100	4.280	19300	4.300	7100	4.310	6900	4.340	4800	4.350	5500	/16842769//1258720/291200/4.28/4.34//2008-9-18 10:29:50
16/600051/宁波联合/4.280	5800	4.270	12500	4.260	7000	4.250	6000	4.230	20400	4.300	2000	4.310	6900	4.340	4800	4.350	5500	4.360	4000	/16842769//1374356/318200/4.3/4.34//2008-9-18 10:30:51
16/600051/宁波联合/4.300	6000	4.290	100	4.280	5800	4.270	11800	4.260	7000	4.310	6900	4.340	4800	4.350	5500	4.360	4000	4.370	5700	/16842769//1391556/322200/4.3/4.34//2008-9-18 10:31:51
16/600051/宁波联合/4.300	6100	4.290	100	4.280	5800	4.270	5800	4.260	7000	4.310	2800	4.340	4300	4.350	5500	4.360	4000	4.370	5700	/16842769//1432958/331800/4.31/4.34//2008-9-18 10:32:51
16/600051/宁波联合/4.300	7100	4.290	100	4.280	5800	4.270	5800	4.260	7000	4.310	2800	4.340	4300	4.350	5500	4.360	4000	4.370	5700	/16842769//1437258/332800/4.3/4.34//2008-9-18 10:33:52
16/600051/宁波联合/4.300	6100	4.290	100	4.280	5800	4.270	5800	4.260	7000	4.310	2800	4.340	4300	4.350	5500	4.360	4000	4.370	5700	/16842769//1445858/334800/4.3/4.34//2008-9-18 10:34:52
16/600051/宁波联合/4.300	6100	4.290	100	4.280	5800	4.270	5800	4.260	7000	4.310	2800	4.340	4300	4.350	5500	4.360	4000	4.370	5700	/16842769//1445858/334800/4.3/4.34//2008-9-18 10:35:52
16/600051/宁波联合/4.300	5500	4.290	100	4.280	5800	4.270	5800	4.260	7000	4.310	2800	4.340	4300	4.350	5500	4.360	4000	4.370	5700	/16842769//1444138/334400/4.3/4.34//2008-9-18 10:36:53
16/600051/宁波联合/4.300	4800	4.290	100	4.280	5800	4.270	5800	4.260	7000	4.310	2800	4.340	4300	4.350	5500	4.360	4000	4.370	5700	/16842769//1447148/335100/4.3/4.34//2008-9-18 10:37:53
16/600051/宁波联合/4.280	5800	4.270	5800	4.260	7000	4.250	9000	4.240	1100	4.290	7900	4.300	4500	4.310	12800	4.340	4300	4.350	5500	/16842769//1468217/340000/4.29/4.34//2008-9-18 10:38:53
16/600051/宁波联合/4.280	3900	4.270	5800	4.260	7000	4.250	9000	4.240	1100	4.290	7900	4.300	4500	4.310	12800	4.340	4300	4.350	5500	/16842769//1476349/341900/4.28/4.34//2008-9-18 10:39:54
16/600051/宁波联合/4.270	5800	4.260	7000	4.250	9000	4.230	20400	4.220	50100	4.290	7900	4.300	4500	4.310	12800	4.340	4300	4.350	5500	/16842769//1476349/341900/4.28/4.34//2008-9-18 10:40:54
16/600051/宁波联合/4.280	4000	4.270	5800	4.260	7000	4.250	6500	4.240	100	4.290	7900	4.300	4500	4.310	12800	4.340	4300	4.350	5500	/16842769//1476349/341900/4.28/4.34//2008-9-18 10:41:54
16/600051/宁波联合/4.300	1400	4.280	4000	4.270	800	4.260	7000	4.250	6500	4.310	12800	4.340	4300	4.350	5500	4.360	4000	4.370	2200	/16842769//1534750/355500/4.3/4.34//2008-9-18 10:42:55
16/600051/宁波联合/4.280	4000	4.270	800	4.260	7000	4.250	6500	4.240	100	4.300	5000	4.340	4300	4.350	5500	4.360	4000	4.370	2200	/16842769//1589918/368300/4.31/4.34//2008-9-18 10:43:55
16/600051/宁波联合/4.310	1100	4.280	4000	4.270	800	4.260	7000	4.250	6500	4.320	9900	4.340	4300	4.350	5500	4.360	4000	4.370	2200	/16842769//1614005/373900/4.32/4.34//2008-9-18 10:44:56
16/600051/宁波联合/4.280	4000	4.270	800	4.260	7000	4.250	6500	4.240	100	4.310	3100	4.340	5400	4.350	5500	4.360	4000	4.370	2200	/16842769//1683501/390000/4.34/4.34//2008-9-18 10:45:56
16/600051/宁波联合/4.280	3900	4.270	2400	4.260	7000	4.250	6100	4.240	100	4.300	4600	4.330	1000	4.340	500	4.350	5500	4.360	4000	/16842769//1722416/399000/4.3/4.34//2008-9-18 10:46:56
16/600051/宁波联合/4.290	400	4.280	2600	4.270	11400	4.260	6000	4.250	6100	4.300	4600	4.340	4500	4.350	6000	4.360	4000	4.370	2200	/16842769//1732260/401300/4.28/4.34//2008-9-18 10:47:57
16/600051/宁波联合/4.270	1400	4.260	6000	4.250	6100	4.240	100	4.230	20800	4.280	3400	4.290	1500	4.300	600	4.340	8500	4.350	6000	/16842769//1828788/423900/4.27/4.34//2008-9-18 10:48:57
16/600051/宁波联合/4.250	5100	4.240	100	4.230	20800	4.220	9000	4.210	2500	4.260	6200	4.270	2500	4.280	3400	4.290	1500	4.300	600	/16842769//1829554/424100/4.26/4.34//2008-9-18 10:49:57
16/600051/宁波联合/4.240	1100	4.230	20800	4.220	9000	4.210	2500	4.200	13300	4.250	15250	4.260	5300	4.270	2500	4.280	3400	4.290	1500	/16842769//1847385/428300/4.25/4.34//2008-9-18 10:50:58
16/600051/宁波联合/4.230	12650	4.220	8000	4.210	2500	4.200	13300	4.180	11500	4.250	10800	4.260	5300	4.270	2500	4.280	3400	4.290	1500	/16842769//1919189/445250/4.23/4.34//2008-9-18 10:51:58
16/600051/宁波联合/4.240	3900	4.230	1700	4.220	12000	4.210	3500	4.200	13300	4.250	10000	4.260	5300	4.270	2500	4.280	3400	4.290	1500	/16842769//1929368/447650/4.24/4.34//2008-9-18 10:52:58
16/600051/宁波联合/4.230	6200	4.220	12000	4.210	9500	4.200	11300	4.180	11500	4.240	3100	4.250	10000	4.260	5300	4.270	2500	4.280	3400	/16842769//1945904/451550/4.24/4.34//2008-9-18 10:53:59
16/600051/宁波联合/4.230	1200	4.220	12000	4.210	9500	4.200	11300	4.190	100	4.240	900	4.250	9000	4.260	5300	4.270	2500	4.280	3400	/16842769//1991172/462250/4.23/4.34//2008-9-18 10:54:59
16/600051/宁波联合/4.240	1000	4.230	42300	4.220	12000	4.210	9500	4.200	11300	4.250	7200	4.260	5300	4.270	2500	4.280	3400	4.290	1500	/16842769//1978095/459150/4.25/4.34//2008-9-18 10:56:0
16/600051/宁波联合/4.240	2000	4.230	42300	4.220	11600	4.210	9500	4.200	11300	4.250	8100	4.260	5300	4.270	2500	4.280	3400	4.290	1500	/16842769//1978095/459150/4.25/4.34//2008-9-18 10:57:0
16/600051/宁波联合/4.230	1300	4.220	11600	4.210	9500	4.200	11300	4.180	11500	4.240	1400	4.250	6800	4.260	5300	4.270	2500	4.280	3400	/16842769//1989971/461950/4.24/4.34//2008-9-18 10:58:0
16/600051/宁波联合/4.210	3100	4.200	11300	4.180	11500	4.150	5000	4.120	300	4.250	7300	4.260	5300	4.270	2500	4.280	3400	4.300	900	/16842769//2168435/504250/4.21/4.34//2008-9-18 10:59:1
16/600051/宁波联合/4.210	3200	4.200	11200	4.180	11500	4.150	5000	4.120	300	4.240	1200	4.250	7300	4.260	5300	4.270	2500	4.280	3400	/16842769//2168435/504250/4.21/4.34//2008-9-18 11:0:1
16/600051/宁波联合/4.200	12800	4.180	11500	4.160	100	4.150	5000	4.120	1400	4.240	4700	4.250	7300	4.260	5300	4.270	2500	4.280	3700	/16842769//2132446/495750/4.2/4.34//2008-9-18 11:1:2
16/600051/宁波联合/4.200	6800	4.180	12500	4.160	100	4.150	5000	4.120	300	4.230	6300	4.240	4700	4.250	7300	4.260	5300	4.270	2500	/16842769//2182876/507750/4.2/4.34//2008-9-18 11:2:2
16/600051/宁波联合/4.200	5100	4.190	400	4.180	12900	4.160	100	4.150	5000	4.220	800	4.240	4700	4.250	7300	4.260	5300	4.270	2500	/16842769//2173206/505450/4.2/4.34//2008-9-18 11:3:2
16/600051/宁波联合/4.200	2100	4.190	400	4.180	12900	4.160	100	4.150	5000	4.220	800	4.240	4900	4.250	7300	4.260	5300	4.270	2500	/16842769//2185806/508450/4.2/4.34//2008-9-18 11:4:3
16/600051/宁波联合/4.180	600	4.160	100	4.150	5000	4.120	300	4.110	2800	4.220	800	4.240	4900	4.250	7300	4.260	5300	4.270	2500	/16842769//2247716/523250/4.18/4.34//2008-9-18 11:5:3
16/600051/宁波联合/4.160	100	4.150	5000	4.120	300	4.110	2800	4.100	16900	4.180	1300	4.240	4900	4.250	7300	4.260	5300	4.270	2500	/16842769//2325292/541650/4.22/4.34//2008-9-18 11:6:4
16/600051/宁波联合/4.180	1100	4.160	400	4.150	5000	4.120	300	4.110	2800	4.240	4900	4.250	7800	4.260	5300	4.270	2500	4.280	3700	/16842769//2299890/535650/4.18/4.34//2008-9-18 11:7:4
16/600051/宁波联合/4.180	10200	4.160	400	4.150	5000	4.120	300	4.110	2800	4.240	5900	4.250	7800	4.260	5300	4.270	2500	4.280	3700	/16842769//2304070/536650/4.18/4.34//2008-9-18 11:8:4
16/600051/宁波联合/4.200	2200	4.150	8900	4.120	300	4.110	2800	4.100	16900	4.240	6800	4.250	7800	4.260	5300	4.270	2500	4.280	3700	/16842769//2555067/596950/4.15/4.34//2008-9-18 11:9:5
16/600051/宁波联合/4.200	1400	4.160	3200	4.150	10100	4.120	300	4.110	2800	4.240	5700	4.250	7800	4.260	5300	4.270	2500	4.280	4200	/16842769//2555915/597150/4.24/4.34//2008-9-18 11:10:5
16/600051/宁波联合/4.210	500	4.200	1400	4.160	3200	4.150	8500	4.120	1800	4.230	2500	4.240	7000	4.250	7800	4.260	5300	4.270	2500	/16842769//2555915/597150/4.24/4.34//2008-9-18 11:11:6
16/600051/宁波联合/4.200	1200	4.170	1900	4.160	3200	4.150	8500	4.120	1800	4.210	200	4.230	2000	4.240	12800	4.250	7800	4.260	5300	/16842769//2560135/598150/4.21/4.34//2008-9-18 11:12:6
16/600051/宁波联合/4.170	1900	4.160	3200	4.150	5500	4.120	1800	4.110	3800	4.200	62495	4.210	700	4.230	2500	4.240	13700	4.250	7800	/16842769//2565175/599350/4.2/4.34//2008-9-18 11:13:7
16/600051/宁波联合/4.170	1900	4.160	3200	4.150	5500	4.120	1800	4.110	3800	4.200	62495	4.210	1200	4.230	2500	4.240	13700	4.250	7800	/16842769//2565175/599350/4.2/4.34//2008-9-18 11:14:7
16/600051/宁波联合/4.170	900	4.160	3200	4.150	5500	4.120	1800	4.110	3800	4.200	62095	4.210	1200	4.230	2500	4.240	13700	4.250	7800	/16842769//2571025/600750/4.17/4.34//2008-9-18 11:15:7
16/600051/宁波联合/4.170	900	4.160	3200	4.150	5500	4.120	500	4.110	3800	4.190	500	4.200	65795	4.210	1200	4.230	2500	4.240	13700	/16842769//2571025/600750/4.17/4.34//2008-9-18 11:16:8
16/600051/宁波联合/4.170	1200	4.160	3200	4.150	5500	4.120	500	4.110	3800	4.200	65795	4.210	1200	4.230	2000	4.240	13700	4.250	7800	/16842769//2577306/602250/4.17/4.34//2008-9-18 11:17:8
16/600051/宁波联合/4.170	1100	4.160	3200	4.150	5500	4.120	500	4.110	3800	4.190	600	4.200	64595	4.210	1200	4.230	2500	4.240	7000	/16842769//2578140/602450/4.17/4.34//2008-9-18 11:18:9
16/600051/宁波联合/4.160	1100	4.150	5500	4.120	500	4.110	3800	4.100	16900	4.170	1000	4.190	600	4.200	10500	4.210	1200	4.230	2500	/16842769//2595216/606550/4.16/4.34//2008-9-18 11:19:9
16/600051/宁波联合/4.160	3900	4.150	5500	4.120	500	4.110	3800	4.100	16900	4.170	1000	4.190	1100	4.200	3800	4.210	1200	4.230	2500	/16842769//2595216/606550/4.16/4.34//2008-9-18 11:20:10
16/600051/宁波联合/4.160	3600	4.150	5500	4.120	500	4.110	3800	4.100	16900	4.170	1000	4.190	500	4.200	3800	4.210	1200	4.230	2500	/16842769//2596464/606850/4.16/4.34//2008-9-18 11:21:10
16/600051/宁波联合/4.160	3800	4.150	5500	4.120	500	4.110	3800	4.100	16900	4.170	1000	4.190	500	4.200	3800	4.210	1200	4.230	2500	/16842769//2598544/607350/4.16/4.34//2008-9-18 11:22:10
16/600051/宁波联合/4.160	3900	4.150	5500	4.120	500	4.110	3800	4.100	16900	4.170	600	4.190	500	4.200	3800	4.210	1200	4.230	2500	/16842769//2600212/607750/4.17/4.34//2008-9-18 11:23:11
16/600051/宁波联合/4.160	2505	4.150	5500	4.120	500	4.110	3100	4.100	16900	4.170	600	4.200	3800	4.210	1200	4.230	2500	4.240	7000	/16842769//2609738/610040/4.16/4.34//2008-9-18 11:24:11
16/600051/宁波联合/4.160	100	4.150	6500	4.120	500	4.110	6000	4.100	16900	4.170	600	4.200	3800	4.210	1200	4.230	2500	4.240	7000	/16842769//2622239/613045/4.16/4.34//2008-9-18 11:25:12
16/600051/宁波联合/4.160	100	4.150	6500	4.120	500	4.110	6000	4.100	16900	4.170	600	4.200	3800	4.210	1200	4.230	2500	4.240	7000	/16842769//2622239/613045/4.16/4.34//2008-9-18 11:26:12
16/600051/宁波联合/4.160	4300	4.150	6500	4.120	500	4.110	6000	4.100	16900	4.170	600	4.200	3800	4.210	1200	4.230	2500	4.240	7000	/16842769//2623487/613345/4.16/4.34//2008-9-18 11:27:13
16/600051/宁波联合/4.160	4300	4.150	6500	4.120	500	4.110	6000	4.100	16900	4.170	1200	4.190	500	4.200	4300	4.210	1200	4.230	2000	/16842769//2623487/613345/4.16/4.34//2008-9-18 11:28:13
16/600051/宁波联合/4.150	6500	4.120	500	4.110	6000	4.100	16900	4.090	2100	4.160	200	4.170	1200	4.190	500	4.200	3800	4.210	1200	/16842769//2643871/618245/4.16/4.34//2008-9-18 11:29:14
16/600051/宁波联合/4.150	5900	4.120	500	4.110	6000	4.100	15700	4.090	2100	4.160	5900	4.170	1200	4.190	500	4.200	3800	4.210	1200	/16842769//2650099/619745/4.15/4.34//2008-9-18 11:30:14
16/600051/宁波联合/4.150	5900	4.120	500	4.110	6000	4.100	15700	4.090	2100	4.160	5900	4.170	1200	4.190	500	4.200	3800	4.210	1200	/16842769//2650099/619745/4.15/4.34//2008-9-18 11:31:15
16/600051/宁波联合/4.120	1500	4.110	6000	4.100	21200	4.090	2100	4.080	9500	4.130	34900	4.150	300	4.210	1200	4.230	2000	4.240	6800	/16842769//2860160/670250/4.13/4.34//2008-9-18 13:1:15
16/600051/宁波联合/4.120	400	4.110	6000	4.100	11200	4.090	2100	4.080	8800	4.130	19100	4.150	300	4.200	200	4.210	1200	4.230	2000	/16842769//2970420/696950/4.13/4.34//2008-9-18 13:2:16
16/600051/宁波联合/4.110	6000	4.100	11200	4.090	2100	4.080	9800	4.060	2600	4.130	3600	4.150	300	4.200	200	4.210	1200	4.230	2000	/16842769//2998081/703650/4.13/4.34//2008-9-18 13:3:16
16/600051/宁波联合/4.100	1900	4.090	2100	4.080	9800	4.060	2600	4.050	7700	4.130	3600	4.150	300	4.200	200	4.210	1700	4.230	2000	/16842769//3082607/724250/4.1/4.34//2008-9-18 13:4:17
16/600051/宁波联合/4.110	1000	4.100	1900	4.090	2700	4.080	10800	4.060	2600	4.120	500	4.130	3600	4.150	1300	4.200	200	4.210	1700	/16842769//3084667/724750/4.12/4.34//2008-9-18 13:5:17
16/600051/宁波联合/4.110	1700	4.100	1900	4.090	2700	4.080	10800	4.060	2600	4.120	400	4.130	3600	4.150	1300	4.200	200	4.210	1700	/16842769//3086312/725150/4.11/4.34//2008-9-18 13:6:18
16/600051/宁波联合/4.110	1500	4.100	2500	4.090	2300	4.080	9800	4.060	2600	4.130	3600	4.150	1800	4.200	200	4.210	1700	4.230	2000	/16842769//3091254/726350/4.11/4.34//2008-9-18 13:7:18
16/600051/宁波联合/4.110	600	4.100	2500	4.090	2300	4.080	9800	4.060	2600	4.130	4000	4.150	1800	4.200	200	4.210	1700	4.230	2000	/16842769//3097429/727850/4.13/4.34//2008-9-18 13:8:19
16/600051/宁波联合/4.110	1100	4.100	2500	4.090	2300	4.080	9800	4.060	2600	4.130	10100	4.150	800	4.200	200	4.210	1700	4.230	2000	/16842769//3097429/727850/4.13/4.34//2008-9-18 13:9:19
16/600051/宁波联合/4.090	2300	4.080	9800	4.060	2600	4.050	7700	4.030	19400	4.100	3100	4.120	4000	4.130	10100	4.150	800	4.200	200	/16842769//3122450/733950/4.1/4.34//2008-9-18 13:10:20
16/600051/宁波联合/4.090	2300	4.080	8800	4.060	2600	4.050	7700	4.030	20400	4.100	2100	4.120	4000	4.130	10100	4.150	800	4.200	1200	/16842769//3126550/734950/4.1/4.34//2008-9-18 13:11:20
16/600051/宁波联合/4.080	8800	4.070	500	4.060	2600	4.050	7700	4.030	17300	4.100	5000	4.130	10100	4.150	800	4.200	1200	4.210	1700	/16842769//3135957/737250/4.09/4.34//2008-9-18 13:12:21
16/600051/宁波联合/4.080	615	4.070	500	4.060	2600	4.050	8700	4.030	17300	4.090	1000	4.100	6000	4.130	10100	4.150	800	4.160	9600	/16842769//3173432/746435/4.08/4.34//2008-9-18 13:13:21
16/600051/宁波联合/4.080	615	4.070	500	4.060	2600	4.050	7700	4.030	18900	4.090	1300	4.100	13100	4.130	10100	4.150	800	4.160	9600	/16842769//3173432/746435/4.08/4.34//2008-9-18 13:14:22
16/600051/宁波联合/4.080	2615	4.070	500	4.060	2600	4.050	7700	4.030	21900	4.090	2500	4.100	12100	4.130	10100	4.150	800	4.160	9600	/16842769//3173432/746435/4.08/4.34//2008-9-18 13:15:22
16/600051/宁波联合/4.090	1100	4.080	2615	4.070	500	4.060	2600	4.050	7700	4.100	12100	4.130	10100	4.150	800	4.160	9600	4.200	1200	/16842769//3185702/749435/4.09/4.34//2008-9-18 13:16:23
16/600051/宁波联合/4.090	600	4.080	2615	4.070	500	4.060	2600	4.050	7700	4.100	13000	4.130	10100	4.150	800	4.160	9600	4.200	1200	/16842769//3189792/750435/4.09/4.34//2008-9-18 13:17:23
16/600051/宁波联合/4.090	600	4.080	4615	4.070	500	4.060	2600	4.050	8200	4.100	13000	4.130	10100	4.150	800	4.160	9600	4.200	1200	/16842769//3189792/750435/4.09/4.34//2008-9-18 13:18:24
16/600051/宁波联合/4.080	4615	4.070	500	4.060	2600	4.050	8200	4.030	43900	4.090	9400	4.100	13000	4.130	10100	4.150	800	4.160	9600	/16842769//3192246/751035/4.09/4.34//2008-9-18 13:19:24
16/600051/宁波联合/4.070	1500	4.060	2600	4.050	7200	4.030	43900	4.020	36600	4.080	5285	4.090	11000	4.100	8000	4.130	10100	4.150	800	/16842769//3213117/756150/4.08/4.34//2008-9-18 13:20:25
16/600051/宁波联合/4.070	1500	4.060	2600	4.050	7200	4.030	43900	4.020	38100	4.080	3385	4.090	11000	4.100	8000	4.130	10100	4.150	800	/16842769//3220869/758050/4.08/4.34//2008-9-18 13:21:25
16/600051/宁波联合/4.080	1415	4.070	1500	4.060	4600	4.050	8500	4.030	43900	4.090	11000	4.100	8000	4.130	10100	4.150	800	4.160	9600	/16842769//3245227/764020/4.08/4.34//2008-9-18 13:22:26
16/600051/宁波联合/4.080	4115	4.070	1500	4.060	2600	4.050	8500	4.030	43900	4.090	3800	4.100	8000	4.130	10100	4.150	800	4.160	9600	/16842769//3269006/769835/4.09/4.34//2008-9-18 13:23:26
16/600051/宁波联合/4.080	2215	4.070	800	4.060	2600	4.050	8500	4.030	44500	4.090	2500	4.100	9600	4.130	3100	4.150	800	4.160	9600	/16842769//3278403/772135/4.09/4.34//2008-9-18 13:24:27
16/600051/宁波联合/4.100	1100	4.090	2600	4.080	2815	4.070	800	4.060	2600	4.130	3100	4.150	800	4.160	9600	4.200	1200	4.210	1700	/16842769//3335368/786035/4.1/4.34//2008-9-18 13:25:27
16/600051/宁波联合/4.130	1400	4.110	600	4.100	6600	4.090	2900	4.080	2815	4.150	800	4.200	1200	4.210	1200	4.230	2000	4.240	5800	/16842769//3356829/791235/4.13/4.34//2008-9-18 13:26:28
16/600051/宁波联合/4.130	1400	4.110	600	4.100	5600	4.090	2900	4.080	2815	4.180	1100	4.190	3900	4.200	1200	4.210	1000	4.230	2000	/16842769//3377747/796235/4.19/4.34//2008-9-18 13:27:28
16/600051/宁波联合/4.130	1000	4.110	600	4.100	5100	4.090	2900	4.080	2815	4.180	3300	4.190	1500	4.200	6200	4.210	1000	4.230	3000	/16842769//3378165/796335/4.18/4.34//2008-9-18 13:28:29
16/600051/宁波联合/4.110	7200	4.100	2100	4.090	2900	4.080	2815	4.070	500	4.180	8300	4.190	2100	4.200	4200	4.230	3000	4.240	5800	/16842769//3386425/798335/4.13/4.34//2008-9-18 13:29:29
16/600051/宁波联合/4.110	600	4.100	2900	4.090	2900	4.080	2815	4.070	500	4.170	1800	4.180	8300	4.190	2100	4.200	4200	4.230	3000	/16842769//3386425/798335/4.13/4.34//2008-9-18 13:30:30
16/600051/宁波联合/4.110	600	4.100	5000	4.090	2900	4.080	2815	4.070	500	4.130	900	4.160	1000	4.170	3800	4.180	8300	4.190	1500	/16842769//3386425/798335/4.13/4.34//2008-9-18 13:31:30
16/600051/宁波联合/4.110	1600	4.100	5000	4.090	2900	4.080	2815	4.070	500	4.120	12500	4.160	1000	4.170	3800	4.180	7400	4.190	2000	/16842769//3400467/801735/4.13/4.34//2008-9-18 13:32:31
16/600051/宁波联合/4.150	500	4.120	25600	4.110	1000	4.100	5800	4.090	2900	4.170	3800	4.180	3000	4.190	2000	4.200	4200	4.230	3000	/16842769//3498935/825635/4.12/4.34//2008-9-18 13:33:31
16/600051/宁波联合/4.150	1000	4.130	1700	4.120	15600	4.110	600	4.100	9800	4.170	3800	4.180	3000	4.190	2000	4.200	1200	4.230	3000	/16842769//3498935/825635/4.12/4.34//2008-9-18 13:34:32
16/600051/宁波联合/4.150	356	4.130	3700	4.120	4000	4.110	600	4.100	13300	4.170	600	4.180	3000	4.190	2000	4.200	1200	4.230	3000	/16842769//3478794/820679/4.15/4.34//2008-9-18 13:35:32
16/600051/宁波联合/4.180	3000	4.170	4400	4.150	856	4.140	11600	4.130	2700	4.190	2000	4.200	1000	4.230	3000	4.240	5800	4.250	800	/16842769//3498006/825279/4.18/4.34//2008-9-18 13:36:33
16/600051/宁波联合/4.190	3000	4.170	4400	4.150	1356	4.140	11600	4.130	3200	4.200	100	4.230	3000	4.240	5800	4.250	800	4.260	8100	/16842769//3522706/831179/4.2/4.34//2008-9-18 13:37:34
16/600051/宁波联合/4.200	500	4.190	2000	4.170	4400	4.150	856	4.140	11600	4.210	1100	4.250	2000	4.260	8100	4.270	3500	4.280	4900	/16842769//3573514/843179/4.23/4.34//2008-9-18 13:38:34
16/600051/宁波联合/4.170	1400	4.150	856	4.140	11600	4.130	3200	4.120	1800	4.200	500	4.230	1000	4.240	3000	4.250	7600	4.260	2800	/16842769//3580245/844779/4.2/4.34//2008-9-18 13:39:35
16/600051/宁波联合/4.170	1400	4.150	1356	4.140	11600	4.130	2100	4.120	1800	4.200	11200	4.230	1900	4.240	3000	4.250	2600	4.260	2800	/16842769//3580245/844779/4.2/4.34//2008-9-18 13:40:35
16/600051/宁波联合/4.200	19300	4.180	11100	4.170	1400	4.150	1356	4.140	11600	4.230	1900	4.240	3000	4.250	2600	4.260	2800	4.270	3500	/16842769//3648185/860979/4.2/4.34//2008-9-18 13:41:36
16/600051/宁波联合/4.200	19100	4.180	11100	4.170	1400	4.150	1356	4.140	11600	4.230	1900	4.240	3000	4.250	2600	4.260	2800	4.270	3500	/16842769//3649025/861179/4.2/4.34//2008-9-18 13:42:36
16/600051/宁波联合/4.180	11100	4.170	1400	4.160	1000	4.150	1356	4.140	11600	4.200	700	4.230	1900	4.240	3000	4.250	2000	4.260	2800	/16842769//3811145/899779/4.2/4.34//2008-9-18 13:43:37
16/600051/宁波联合/4.190	700	4.180	11100	4.170	1400	4.160	1000	4.150	3056	4.200	700	4.220	1500	4.230	1900	4.240	4000	4.250	2000	/16842769//3811145/899779/4.2/4.34//2008-9-18 13:44:37
16/600051/宁波联合/4.220	2000	4.200	1300	4.190	700	4.180	11100	4.170	1400	4.230	900	4.240	4000	4.250	2000	4.260	2800	4.270	3500	/16842769//3733025/881179/4.2/4.34//2008-9-18 13:45:38
16/600051/宁波联合/4.250	3100	4.240	5700	4.230	2600	4.220	1500	4.200	7700	4.260	2800	4.270	3500	4.280	4900	4.300	4400	4.310	500	/16842769//3766512/889079/4.25/4.34//2008-9-18 13:46:39
16/600051/宁波联合/4.290	300	4.260	2400	4.250	3500	4.240	1600	4.230	2300	4.300	2400	4.310	500	4.330	700	4.340	3000	4.350	14000	/16842769//3819061/901379/4.29/4.34//2008-9-18 13:47:39
16/600051/宁波联合/4.280	1500	4.260	400	4.250	3500	4.240	600	4.230	2300	4.290	500	4.300	1900	4.310	500	4.330	700	4.340	3000	/16842769//3825932/902979/4.3/4.34//2008-9-18 13:48:40
16/600051/宁波联合/4.300	500	4.230	2300	4.220	1500	4.200	2700	4.190	100	4.310	500	4.330	6400	4.340	3000	4.350	14000	4.360	4000	/16842769//3891872/918379/4.3/4.34//2008-9-18 13:49:40
16/600051/宁波联合/4.230	2300	4.220	1000	4.200	2700	4.190	100	4.180	11100	4.250	300	4.290	184	4.300	7885	4.310	500	4.320	1000	/16842769//3880282/915679/4.25/4.34//2008-9-18 13:50:41
16/600051/宁波联合/4.200	2000	4.190	700	4.180	11100	4.170	1400	4.160	1000	4.220	1700	4.230	39950	4.290	184	4.300	5885	4.310	500	/16842769//3917511/924479/4.22/4.34//2008-9-18 13:51:41
16/600051/宁波联合/4.200	1000	4.190	100	4.180	11800	4.170	1400	4.160	1000	4.220	2400	4.230	39950	4.290	184	4.300	4385	4.310	500	/16842769//3926755/926679/4.2/4.34//2008-9-18 13:52:42
16/600051/宁波联合/4.200	1400	4.190	100	4.180	11800	4.170	1400	4.160	1000	4.210	1200	4.220	2300	4.230	37050	4.290	184	4.300	4385	/16842769//3938935/929579/4.2/4.34//2008-9-18 13:53:42
16/600051/宁波联合/4.200	1100	4.190	700	4.180	700	4.170	1400	4.160	1000	4.210	600	4.220	2300	4.230	37050	4.290	184	4.300	4585	/16842769//3942721/930479/4.2/4.34//2008-9-18 13:54:43
16/600051/宁波联合/4.190	100	4.180	700	4.170	400	4.160	1000	4.150	4056	4.200	1500	4.210	3000	4.220	2300	4.230	37050	4.290	184	/16842769//3947341/931579/4.2/4.34//2008-9-18 13:55:44
16/600051/宁波联合/4.190	1400	4.180	1700	4.170	400	4.160	1900	4.150	8856	4.200	1500	4.210	3000	4.220	3300	4.230	37050	4.290	184	/16842769//3949441/932079/4.2/4.34//2008-9-18 13:56:44
16/600051/宁波联合/4.190	1400	4.180	1700	4.170	400	4.160	1900	4.150	8856	4.200	900	4.210	3000	4.220	3300	4.230	37050	4.290	184	/16842769//3956161/933679/4.2/4.34//2008-9-18 13:57:45
16/600051/宁波联合/4.190	100	4.180	1000	4.170	400	4.160	1900	4.150	8856	4.220	500	4.230	37050	4.290	184	4.300	5785	4.310	500	/16842769//3967527/936379/4.22/4.34//2008-9-18 13:58:45
16/600051/宁波联合/4.220	3000	4.200	1800	4.190	4100	4.180	1000	4.170	400	4.230	36750	4.290	3184	4.300	5285	4.310	500	4.320	1500	/16842769//3972175/937479/4.23/4.34//2008-9-18 13:59:46
16/600051/宁波联合/4.220	3000	4.200	1300	4.190	4100	4.180	1000	4.170	400	4.230	36750	4.290	3184	4.300	5285	4.310	500	4.320	1500	/16842769//3972175/937479/4.23/4.34//2008-9-18 14:0:47
16/600051/宁波联合/4.200	1300	4.190	4100	4.180	1000	4.170	7700	4.160	3900	4.220	4000	4.230	34550	4.290	3184	4.300	5085	4.310	500	/16842769//3992872/942379/4.22/4.34//2008-9-18 14:1:47
16/600051/宁波联合/4.200	300	4.190	4100	4.180	1000	4.170	7700	4.160	3900	4.220	4200	4.230	34550	4.290	3184	4.300	5085	4.310	500	/16842769//3999172/943879/4.2/4.34//2008-9-18 14:2:48
16/600051/宁波联合/4.170	7700	4.160	1900	4.150	8856	4.140	11600	4.130	600	4.180	1800	4.190	100	4.200	1000	4.220	200	4.230	34550	/16842769//4028927/950979/4.18/4.34//2008-9-18 14:3:48
16/600051/宁波联合/4.170	6100	4.160	1900	4.150	8356	4.140	11600	4.130	600	4.180	600	4.190	100	4.200	1000	4.220	700	4.230	34550	/16842769//4044785/954779/4.17/4.34//2008-9-18 14:4:49
16/600051/宁波联合/4.170	5500	4.160	1900	4.150	8356	4.140	11600	4.130	600	4.180	600	4.190	100	4.200	1000	4.220	700	4.230	34550	/16842769//4047287/955379/4.17/4.34//2008-9-18 14:5:50
16/600051/宁波联合/4.180	1000	4.170	5500	4.160	1900	4.150	8356	4.140	11600	4.190	100	4.200	1000	4.220	1200	4.230	34550	4.290	3184	/16842769//4049795/955979/4.18/4.34//2008-9-18 14:6:50
16/600051/宁波联合/4.190	700	4.180	4200	4.170	4500	4.160	1900	4.150	11756	4.200	1000	4.220	1000	4.230	34550	4.290	3184	4.300	5085	/16842769//4050633/956179/4.19/4.34//2008-9-18 14:7:51
16/600051/宁波联合/4.190	3700	4.180	3600	4.170	4500	4.160	2400	4.150	11756	4.230	34550	4.290	3184	4.300	5285	4.310	500	4.320	1500	/16842769//4054414/957079/4.2/4.34//2008-9-18 14:8:51
16/600051/宁波联合/4.200	11900	4.190	8900	4.180	4200	4.170	4500	4.160	2800	4.230	32950	4.290	3184	4.300	5285	4.310	500	4.320	1500	/16842769//4061182/958679/4.23/4.34//2008-9-18 14:9:52
16/600051/宁波联合/4.200	11900	4.190	5900	4.180	4200	4.170	4500	4.160	2300	4.230	30350	4.290	3184	4.300	5285	4.310	500	4.320	1500	/16842769//4074712/961879/4.23/4.34//2008-9-18 14:10:53
16/600051/宁波联合/4.230	6650	4.220	400	4.210	4700	4.200	13900	4.190	5900	4.290	6484	4.300	5285	4.310	500	4.320	1000	4.330	1700	/16842769//4206492/993029/4.29/4.34//2008-9-18 14:11:53
16/600051/宁波联合/4.230	5000	4.220	9200	4.210	9700	4.200	13900	4.190	20500	4.290	6484	4.300	5085	4.310	500	4.320	1000	4.330	1700	/16842769//4206492/993029/4.29/4.34//2008-9-18 14:12:54
16/600051/宁波联合/4.230	3000	4.220	9200	4.210	28700	4.200	3900	4.190	15300	4.280	300	4.290	7784	4.300	5085	4.310	500	4.320	1000	/16842769//4207346/993229/4.28/4.34//2008-9-18 14:13:55
16/600051/宁波联合/4.240	5000	4.230	2000	4.220	400	4.210	1200	4.200	3900	4.260	1600	4.280	1100	4.290	7784	4.300	5085	4.310	2500	/16842769//4215906/995229/4.28/4.34//2008-9-18 14:14:55
16/600051/宁波联合/4.240	5000	4.230	3100	4.220	400	4.210	1200	4.200	3900	4.260	1300	4.270	3000	4.280	1100	4.290	7784	4.300	4885	/16842769//4217184/995529/4.26/4.34//2008-9-18 14:15:56
16/600051/宁波联合/4.230	100	4.220	400	4.210	1200	4.200	3900	4.190	500	4.260	1200	4.270	3000	4.280	1100	4.290	7784	4.300	4885	/16842769//4251500/1003629/4.23/4.34//2008-9-18 14:16:56
16/600051/宁波联合/4.230	2600	4.220	500	4.210	1200	4.200	2000	4.190	500	4.260	200	4.270	3000	4.280	4100	4.290	7784	4.300	4885	/16842769//4255760/1004629/4.26/4.34//2008-9-18 14:17:57
16/600051/宁波联合/4.260	2200	4.230	1700	4.210	1200	4.200	4000	4.190	500	4.280	4100	4.290	7784	4.300	6885	4.310	2500	4.320	1400	/16842769//4269422/1007829/4.27/4.34//2008-9-18 14:18:58
16/600051/宁波联合/4.290	4116	4.280	20500	4.270	5900	4.260	2300	4.230	1100	4.300	6885	4.310	2500	4.320	1400	4.330	1700	4.340	4900	/16842769//4309141/1017097/4.29/4.34//2008-9-18 14:19:58
16/600051/宁波联合/4.300	12315	4.290	5016	4.280	12200	4.270	2900	4.260	2300	4.310	2500	4.320	1400	4.330	1700	4.340	4900	4.350	3900	/16842769//4361981/1029398/4.3/4.34//2008-9-18 14:20:59
16/600051/宁波联合/4.360	500	4.350	15800	4.320	8600	4.310	36000	4.300	16815	4.390	6400	4.400	10900	4.410	2900	4.420	2450	4.440	4400	/16842769//4466346/1053398/4.39/4.34//2008-9-18 14:22:0
16/600051/宁波联合/4.360	1000	4.350	2000	4.340	500	4.320	10600	4.310	2300	4.370	1600	4.390	5400	4.400	5900	4.410	2900	4.420	2450	/16842769//4488291/1058398/4.39/4.34//2008-9-18 14:23:0
16/600051/宁波联合/4.390	33300	4.370	5000	4.350	2000	4.340	500	4.320	7200	4.400	5900	4.410	2900	4.420	2450	4.430	6100	4.440	4400	/16842769//4589229/1081398/4.39/4.34//2008-9-18 14:24:1
16/600051/宁波联合/4.390	24200	4.380	5500	4.370	5000	4.350	2000	4.340	500	4.400	2700	4.410	2900	4.420	2000	4.430	6100	4.440	4400	/16842769//4608138/1085698/4.39/4.34//2008-9-18 14:25:2
16/600051/宁波联合/4.370	1000	4.350	2000	4.340	500	4.320	7200	4.310	300	4.380	1421	4.390	17500	4.400	2700	4.410	2900	4.420	3000	/16842769//4652416/1095798/4.38/4.34//2008-9-18 14:26:2
16/600051/宁波联合/4.350	1000	4.340	500	4.320	7200	4.310	200	4.300	3300	4.360	1000	4.370	9500	4.380	3321	4.390	17700	4.400	2700	/16842769//4664202/1098498/4.35/4.34//2008-9-18 14:27:3
16/600051/宁波联合/4.330	1500	4.320	2200	4.310	200	4.300	2900	4.290	1700	4.340	7400	4.350	400	4.360	400	4.370	5500	4.380	2321	/16842769//4690306/1104498/4.34/4.34//2008-9-18 14:28:4
16/600051/宁波联合/4.310	200	4.300	2900	4.290	1500	4.280	7700	4.260	1400	4.320	13800	4.330	1400	4.350	300	4.360	100	4.370	3500	/16842769//4707169/1108398/4.32/4.34//2008-9-18 14:29:4
16/600051/宁波联合/4.280	2900	4.260	1400	4.250	400	4.230	1000	4.210	1200	4.300	8800	4.310	1500	4.320	14300	4.330	1400	4.350	300	/16842769//4742321/1116598/4.28/4.34//2008-9-18 14:30:5
16/600051/宁波联合/4.280	2800	4.270	500	4.260	800	4.250	900	4.230	1000	4.300	9000	4.320	2300	4.330	1400	4.350	300	4.360	100	/16842769//4750900/1118598/4.28/4.34//2008-9-18 14:31:6
16/600051/宁波联合/4.280	300	4.270	500	4.260	800	4.250	2300	4.230	1000	4.300	8800	4.320	2300	4.330	1400	4.350	300	4.360	100	/16842769//4772300/1123598/4.28/4.34//2008-9-18 14:32:6
16/600051/宁波联合/4.290	100	4.260	2200	4.250	2000	4.240	900	4.230	1000	4.320	2300	4.330	1400	4.350	2100	4.360	100	4.370	3500	/16842769//4826396/1136198/4.26/4.34//2008-9-18 14:33:7
16/600051/宁波联合/4.290	100	4.280	500	4.270	10000	4.260	5200	4.250	2000	4.320	200	4.330	1400	4.350	2100	4.360	100	4.370	3500	/16842769//4835468/1138298/4.32/4.34//2008-9-18 14:34:8
16/600051/宁波联合/4.290	2100	4.280	12000	4.270	10000	4.260	6300	4.250	2000	4.320	200	4.330	1400	4.350	2100	4.360	100	4.370	3500	/16842769//4845335/1140598/4.29/4.34//2008-9-18 14:35:8
16/600051/宁波联合/4.290	10700	4.280	12000	4.270	10000	4.260	6300	4.250	600	4.320	100	4.330	1400	4.350	2100	4.360	100	4.370	3500	/16842769//4845767/1140698/4.32/4.34//2008-9-18 14:36:9
16/600051/宁波联合/4.300	1400	4.290	10300	4.280	12000	4.260	6700	4.250	600	4.320	3300	4.330	1400	4.350	2100	4.360	900	4.370	3500	/16842769//4845767/1140698/4.32/4.34//2008-9-18 14:37:10
16/600051/宁波联合/4.290	8900	4.280	11000	4.260	6700	4.250	1600	4.230	2000	4.300	2600	4.320	2000	4.330	1400	4.350	5100	4.360	900	/16842769//4859563/1143898/4.3/4.34//2008-9-18 14:38:10
16/600051/宁波联合/4.290	4300	4.280	11000	4.260	5800	4.250	1600	4.230	1000	4.300	3500	4.320	2000	4.330	1400	4.350	5100	4.360	900	/16842769//4885733/1149998/4.29/4.34//2008-9-18 14:39:11
16/600051/宁波联合/4.280	9000	4.260	5800	4.250	3600	4.230	1000	4.190	500	4.290	5400	4.300	2500	4.320	500	4.330	1400	4.340	800	/16842769//4918317/1157598/4.28/4.34//2008-9-18 14:40:12
16/600051/宁波联合/4.280	6000	4.260	4700	4.250	2600	4.230	2000	4.190	500	4.290	5400	4.300	2800	4.320	1000	4.330	1400	4.340	3300	/16842769//4931157/1160598/4.28/4.34//2008-9-18 14:41:12
16/600051/宁波联合/4.270	500	4.260	4700	4.250	2600	4.230	2000	4.190	2000	4.280	600	4.290	4400	4.300	2800	4.320	1000	4.330	1400	/16842769//4967119/1168998/4.28/4.34//2008-9-18 14:42:13
16/600051/宁波联合/4.280	6600	4.260	4200	4.250	2600	4.230	2000	4.200	600	4.290	3400	4.300	2800	4.320	1000	4.330	1400	4.340	3300	/16842769//5026153/1182798/4.28/4.34//2008-9-18 14:43:14
16/600051/宁波联合/4.290	100	4.280	15400	4.270	2800	4.260	4200	4.250	6200	4.300	2800	4.320	1000	4.330	1400	4.340	3300	4.350	5100	/16842769//5049299/1188198/4.29/4.34//2008-9-18 14:44:14
16/600051/宁波联合/4.300	200	4.290	400	4.280	4900	4.270	11300	4.260	4200	4.320	1000	4.330	1400	4.340	3300	4.350	5100	4.360	4300	/16842769//5107995/1201898/4.3/4.34//2008-9-18 14:45:15
16/600051/宁波联合/4.280	5300	4.270	11300	4.260	4200	4.250	6200	4.230	2000	4.300	1800	4.320	1000	4.330	1400	4.340	3300	4.350	5100	/16842769//5108855/1202098/4.3/4.34//2008-9-18 14:46:16
16/600051/宁波联合/4.270	5000	4.260	4200	4.250	2200	4.230	2000	4.200	600	4.280	5000	4.300	900	4.320	2500	4.330	1400	4.340	3300	/16842769//5213050/1226398/4.27/4.34//2008-9-18 14:47:16
16/600051/宁波联合/4.270	4000	4.260	4700	4.250	2200	4.230	2000	4.200	600	4.280	4900	4.300	1100	4.320	3000	4.330	1400	4.340	2500	/16842769//5221600/1228398/4.27/4.34//2008-9-18 14:48:17
16/600051/宁波联合/4.260	4700	4.250	2200	4.230	2000	4.200	600	4.190	900	4.270	600	4.280	12300	4.300	3100	4.320	3000	4.330	1400	/16842769//5258368/1236998/4.27/4.34//2008-9-18 14:49:18
16/600051/宁波联合/4.250	2200	4.230	2000	4.210	800	4.200	2600	4.190	900	4.260	1300	4.270	17900	4.280	300	4.300	3200	4.320	3000	/16842769//5278390/1241698/4.26/4.34//2008-9-18 14:50:18
16/600051/宁波联合/4.230	2000	4.210	800	4.200	2600	4.190	900	4.180	1700	4.250	1000	4.270	5800	4.280	300	4.300	3200	4.320	3000	/16842769//5331187/1254098/4.25/4.34//2008-9-18 14:51:19
16/600051/宁波联合/4.210	900	4.200	2000	4.190	900	4.180	1700	4.170	4500	4.230	2000	4.250	1000	4.270	5800	4.280	300	4.300	4000	/16842769//5339647/1256098/4.23/4.34//2008-9-18 14:52:20
16/600051/宁波联合/4.210	2030	4.200	19100	4.190	500	4.180	2300	4.170	4900	4.250	100	4.270	5800	4.280	300	4.290	1000	4.300	4000	/16842769//5356445/1260068/4.21/4.34//2008-9-18 14:53:21
16/600051/宁波联合/4.270	700	4.250	1400	4.220	1200	4.210	2030	4.200	24100	4.280	300	4.290	1000	4.300	4000	4.320	3000	4.330	1400	/16842769//5379501/1265468/4.27/4.34//2008-9-18 14:54:21
16/600051/宁波联合/4.270	1400	4.250	3900	4.220	1000	4.210	2230	4.200	24100	4.280	2300	4.290	1000	4.300	3400	4.320	3000	4.330	1400	/16842769//5379501/1265468/4.27/4.34//2008-9-18 14:55:22
16/600051/宁波联合/4.250	3900	4.220	2000	4.210	2030	4.200	22100	4.190	600	4.270	590	4.280	1700	4.290	1000	4.300	6400	4.310	200	/16842769//5386766/1267168/4.27/4.34//2008-9-18 14:56:23
16/600051/宁波联合/4.250	3900	4.230	1000	4.220	2000	4.210	2430	4.200	22100	4.270	390	4.280	1700	4.290	2000	4.300	6400	4.310	200	/16842769//5389755/1267868/4.27/4.34//2008-9-18 14:57:23
16/600051/宁波联合/4.280	1600	4.270	7310	4.250	1400	4.230	1000	4.220	2000	4.290	2000	4.300	6400	4.310	2200	4.320	2500	4.330	1400	/16842769//5398696/1269958/4.28/4.34//2008-9-18 14:58:24
16/600051/宁波联合/4.270	7310	4.250	1400	4.230	1000	4.220	2000	4.210	430	4.280	3200	4.300	6400	4.310	2200	4.320	2500	4.330	1400	/16842769//5417555/1274358/4.28/4.34//2008-9-18 14:59:25
16/600051/宁波联合/4.270	7310	4.250	1400	4.230	1000	4.220	2000	4.210	430	4.280	4500	4.300	6400	4.310	2200	4.320	2500	4.330	1400	/16842769//5422263/1275458/4.28/4.34//2008-9-18 15:0:26
16/600051/宁波联合/4.270	7310	4.250	1400	4.230	1000	4.220	2000	4.210	430	4.280	4500	4.300	6400	4.310	2200	4.320	2500	4.330	1400	/16842769//5422263/1275458/4.28/4.34//2008-9-18 15:1:26
16/600051/宁波联合/4.270	7310	4.250	1400	4.230	1000	4.220	2000	4.210	430	4.280	4500	4.300	6400	4.310	2200	4.320	2500	4.330	1400	/16842769//5422263/1275458/4.28/4.34//2008-9-18 15:2:27
