803/600027/华电国际/3.560	23400	3.550	39700	3.540	1500	3.520	1900	3.510	2000	3.570	1800	3.580	2900	3.590	36700	3.600	61700	3.610	28100	/16843588//231981/64600/3.56/3.61//2008-9-18 9:31:34
803/600027/华电国际/3.570	10300	3.560	1500	3.550	39700	3.540	1200	3.520	1900	3.580	2200	3.590	32700	3.600	73700	3.620	12000	3.650	10600	/16843588//336001/93800/3.58/3.61//2008-9-18 9:32:35
803/600027/华电国际/3.570	13000	3.560	4800	3.550	39700	3.540	6400	3.520	1900	3.580	19200	3.590	33300	3.600	90200	3.620	12000	3.640	500	/16843588//392442/109600/3.57/3.61//2008-9-18 9:33:35
803/600027/华电国际/3.580	3000	3.570	12400	3.560	26800	3.550	39800	3.540	6600	3.590	33300	3.600	91700	3.620	12000	3.640	1500	3.650	12000	/16843588//469066/131000/3.58/3.61//2008-9-18 9:34:35
803/600027/华电国际/3.580	500	3.570	23400	3.560	26800	3.550	39800	3.540	1600	3.590	33200	3.600	92200	3.620	12000	3.640	2100	3.650	12000	/16843588//484103/135200/3.58/3.61//2008-9-18 9:35:35
803/600027/华电国际/3.570	15600	3.560	187800	3.550	43800	3.540	4600	3.530	2000	3.580	1000	3.590	33200	3.600	92200	3.620	12000	3.640	2600	/16843588//534138/149200/3.58/3.61//2008-9-18 9:36:36
803/600027/华电国际/3.560	187800	3.550	44200	3.540	11600	3.530	2000	3.520	2100	3.570	1100	3.580	13100	3.590	28200	3.600	90300	3.620	14000	/16843588//626611/175100/3.57/3.61//2008-9-18 9:37:36
803/600027/华电国际/3.560	130600	3.550	44800	3.540	17100	3.530	2000	3.520	2100	3.570	10800	3.580	18200	3.590	29100	3.600	91300	3.620	14000	/16843588//840229/235100/3.57/3.61//2008-9-18 9:38:36
803/600027/华电国际/3.560	114521	3.550	45000	3.540	20500	3.530	2000	3.520	2100	3.570	48500	3.580	18200	3.590	29100	3.600	63200	3.620	14000	/16843588//900683/252079/3.56/3.61//2008-9-18 9:39:36
803/600027/华电国际/3.560	103521	3.550	46000	3.540	21500	3.530	2000	3.520	2100	3.570	49800	3.580	18700	3.590	57200	3.600	60400	3.610	9800	/16843588//966545/270579/3.56/3.61//2008-9-18 9:40:36
803/600027/华电国际/3.560	86670	3.550	52400	3.540	21500	3.530	2000	3.520	2100	3.570	44900	3.580	16700	3.590	30100	3.600	60400	3.610	9800	/16843588//1039058/290930/3.56/3.61//2008-9-18 9:41:37
803/600027/华电国际/3.570	50800	3.560	87470	3.550	52400	3.540	31500	3.530	7100	3.580	16300	3.590	28600	3.600	60300	3.610	9800	3.620	14000	/16843588//1245017/348630/3.57/3.61//2008-9-18 9:42:37
803/600027/华电国际/3.570	50900	3.560	90070	3.550	46000	3.540	31500	3.530	7100	3.580	15900	3.590	28600	3.600	61300	3.610	9800	3.620	13000	/16843588//1249671/349930/3.58/3.61//2008-9-18 9:43:37
803/600027/华电国际/3.580	5200	3.570	31300	3.560	90070	3.550	56000	3.540	31500	3.590	25600	3.600	62300	3.610	4800	3.620	13000	3.630	900	/16843588//1385872/388030/3.58/3.61//2008-9-18 9:44:37
803/600027/华电国际/3.570	19200	3.560	90070	3.550	56500	3.540	31500	3.530	7200	3.580	27100	3.590	25600	3.600	61300	3.610	4800	3.620	13000	/16843588//1492070/417730/3.58/3.61//2008-9-18 9:45:37
803/600027/华电国际/3.570	14900	3.560	92570	3.550	55600	3.540	31500	3.530	7200	3.580	3800	3.590	25700	3.600	93700	3.610	4800	3.620	13000	/16843588//1508839/422430/3.57/3.61//2008-9-18 9:46:38
803/600027/华电国际/3.570	9300	3.560	92670	3.550	56700	3.540	31500	3.530	7200	3.580	4400	3.590	24700	3.600	93700	3.610	5300	3.620	13000	/16843588//1532401/429030/3.57/3.61//2008-9-18 9:47:38
803/600027/华电国际/3.570	2500	3.560	95470	3.550	57200	3.540	32000	3.530	7200	3.580	7400	3.590	21700	3.600	94000	3.610	5300	3.620	13000	/16843588//1566327/438530/3.57/3.61//2008-9-18 9:48:38
803/600027/华电国际/3.560	93170	3.550	57200	3.540	32000	3.530	7200	3.520	2600	3.570	3900	3.580	9000	3.590	21500	3.600	104100	3.610	5300	/16843588//1581297/442730/3.56/3.61//2008-9-18 9:49:39
803/600027/华电国际/3.560	1070	3.540	32000	3.530	7200	3.520	2600	3.510	9600	3.580	8900	3.590	21500	3.600	104100	3.610	5300	3.620	13000	/16843588//2164432/606630/3.55/3.61//2008-9-18 9:50:39
803/600027/华电国际/3.540	32000	3.530	7200	3.520	8200	3.510	9100	3.500	58500	3.550	59230	3.570	6800	3.580	10100	3.590	26500	3.600	105700	/16843588//2196701/615700/3.55/3.61//2008-9-18 9:51:39
803/600027/华电国际/3.500	6800	3.490	1000	3.480	13100	3.460	400	3.450	13200	3.530	2200	3.540	22300	3.550	58930	3.560	6500	3.570	5800	/16843588//2624220/737300/3.5/3.61//2008-9-18 9:52:39
803/600027/华电国际/3.460	400	3.450	13500	3.430	1100	3.410	5500	3.400	5700	3.480	1100	3.510	19400	3.520	6600	3.530	13700	3.540	21600	/16843588//2685436/754800/3.48/3.61//2008-9-18 9:53:40
803/600027/华电国际/3.460	2200	3.450	15000	3.430	1700	3.410	17500	3.400	7900	3.480	1600	3.500	13200	3.510	11200	3.520	8800	3.530	13700	/16843588//2709422/761700/3.46/3.61//2008-9-18 9:54:40
803/600027/华电国际/3.460	2300	3.450	15300	3.430	1700	3.420	100	3.410	17900	3.480	61900	3.500	19570	3.510	9900	3.520	5000	3.530	13700	/16843588//2770656/779300/3.48/3.61//2008-9-18 9:55:40
803/600027/华电国际/3.450	21000	3.430	2700	3.420	2700	3.410	17900	3.400	20500	3.460	6300	3.470	13800	3.480	73600	3.500	23370	3.510	6900	/16843588//2812518/791400/3.46/3.61//2008-9-18 9:56:41
803/600027/华电国际/3.480	4800	3.460	19900	3.450	121100	3.430	2700	3.420	2700	3.500	24170	3.510	6900	3.520	3300	3.530	13700	3.540	19600	/16843588//3160932/891600/3.48/3.61//2008-9-18 9:57:41
803/600027/华电国际/3.460	1500	3.450	112800	3.430	2800	3.420	2700	3.410	22900	3.480	2600	3.500	31870	3.510	6900	3.520	3300	3.530	15700	/16843588//3299082/931500/3.48/3.61//2008-9-18 9:58:41
803/600027/华电国际/3.450	116600	3.430	2800	3.420	3900	3.410	22900	3.400	29400	3.460	5800	3.480	12300	3.500	33870	3.510	6900	3.520	3300	/16843588//3321582/938000/3.46/3.61//2008-9-18 9:59:41
803/600027/华电国际/3.430	5200	3.420	3900	3.410	22900	3.400	31400	3.390	30000	3.450	7400	3.460	400	3.480	14900	3.500	34270	3.510	6900	/16843588//3759472/1064900/3.45/3.61//2008-9-18 10:0:42
803/600027/华电国际/3.410	19300	3.400	31500	3.390	30000	3.380	600	3.370	5700	3.420	5100	3.430	21700	3.450	11300	3.460	600	3.480	7300	/16843588//3807751/1079000/3.41/3.61//2008-9-18 10:1:42
803/600027/华电国际/3.400	23300	3.390	31000	3.380	600	3.370	5700	3.360	5000	3.410	6600	3.420	7600	3.430	18700	3.450	8800	3.460	400	/16843588//3909694/1108900/3.4/3.41//2008-9-18 10:2:42
803/600027/华电国际/3.390	31500	3.380	2900	3.370	700	3.360	5700	3.350	13500	3.400	700	3.410	2900	3.420	8900	3.430	18700	3.450	9800	/16843588//4087659/1161200/3.4/3.41//2008-9-18 10:3:42
803/600027/华电国际/3.400	5400	3.390	21500	3.380	2800	3.370	700	3.360	6100	3.410	2900	3.420	8900	3.430	18700	3.450	9900	3.460	400	/16843588//4182387/1189100/3.4/3.41//2008-9-18 10:4:43
803/600027/华电国际/3.390	7900	3.380	3600	3.370	700	3.360	7200	3.350	13900	3.400	21400	3.410	4400	3.420	6900	3.430	18700	3.450	10200	/16843588//4257723/1211300/3.39/3.41//2008-9-18 10:5:43
803/600027/华电国际/3.400	2510	3.390	10200	3.380	3700	3.370	1200	3.360	17200	3.410	4400	3.420	7500	3.430	18700	3.450	10100	3.460	400	/16843588//4385098/1248790/3.4/3.41//2008-9-18 10:6:43
803/600027/华电国际/3.390	12700	3.380	3700	3.370	1200	3.360	17600	3.350	4700	3.400	8890	3.410	4300	3.420	7500	3.430	18700	3.450	10800	/16843588//4397407/1252410/3.4/3.41//2008-9-18 10:7:44
803/600027/华电国际/3.390	3710	3.380	3700	3.370	1200	3.360	12900	3.350	18300	3.410	4300	3.420	4500	3.430	18700	3.450	12300	3.460	400	/16843588//4487937/1279080/3.39/3.41//2008-9-18 10:8:44
803/600027/华电国际/3.400	9800	3.390	12010	3.380	4200	3.370	1200	3.360	14000	3.420	4500	3.430	18700	3.450	12300	3.460	400	3.480	16200	/16843588//4503658/1283690/3.41/3.41//2008-9-18 10:9:44
803/600027/华电国际/3.410	4500	3.400	24400	3.390	12710	3.380	4200	3.370	1200	3.420	4500	3.430	18700	3.450	12000	3.460	400	3.480	16200	/16843588//4505363/1284190/3.41/3.41//2008-9-18 10:10:44
803/600027/华电国际/3.410	7300	3.400	25800	3.390	12710	3.380	4100	3.370	1200	3.420	1800	3.430	18700	3.450	12000	3.460	400	3.480	16200	/16843588//4523804/1289590/3.42/3.41//2008-9-18 10:11:45
803/600027/华电国际/3.420	5800	3.410	13600	3.400	26300	3.390	12210	3.380	4100	3.430	6400	3.450	11500	3.460	400	3.480	16400	3.490	2000	/16843588//4604654/1313190/3.43/3.41//2008-9-18 10:12:45
803/600027/华电国际/3.410	12600	3.400	28300	3.390	12210	3.380	4100	3.370	1200	3.420	720	3.430	1500	3.450	11500	3.460	400	3.480	17400	/16843588//4656005/1328190/3.42/3.41//2008-9-18 10:13:45
803/600027/华电国际/3.420	9680	3.410	12700	3.400	39400	3.390	12310	3.380	4100	3.430	2900	3.450	11500	3.460	3000	3.480	17400	3.490	2000	/16843588//4665990/1331110/3.42/3.41//2008-9-18 10:14:46
803/600027/华电国际/3.410	12200	3.400	38900	3.390	12310	3.380	4100	3.370	1200	3.420	7120	3.430	4900	3.450	11700	3.460	3000	3.480	16400	/16843588//4731878/1350390/3.42/3.41//2008-9-18 10:15:46
803/600027/华电国际/3.420	9180	3.410	14200	3.400	29700	3.390	12310	3.380	4000	3.430	3700	3.450	11700	3.460	3000	3.480	16400	3.490	2000	/16843588//4756912/1357710/3.42/3.41//2008-9-18 10:16:46
803/600027/华电国际/3.410	14200	3.400	29700	3.390	22310	3.380	4000	3.370	1200	3.420	3020	3.430	4200	3.450	11700	3.460	3000	3.480	16400	/16843588//4814642/1374590/3.42/3.41//2008-9-18 10:17:47
803/600027/华电国际/3.420	5180	3.410	15500	3.400	29700	3.390	22310	3.380	4000	3.430	4000	3.450	11700	3.460	3000	3.480	17800	3.490	2500	/16843588//4826334/1378010/3.42/3.41//2008-9-18 10:18:47
803/600027/华电国际/3.420	7930	3.410	18400	3.400	34300	3.390	22310	3.380	4000	3.430	2400	3.450	9800	3.460	3000	3.480	17800	3.490	2500	/16843588//4856325/1386760/3.42/3.41//2008-9-18 10:19:47
803/600027/华电国际/3.430	8100	3.420	10530	3.410	18700	3.400	34200	3.390	22310	3.450	6700	3.460	3000	3.480	22800	3.490	2500	3.500	34470	/16843588//4866274/1389660/3.45/3.41//2008-9-18 10:20:48
803/600027/华电国际/3.430	9100	3.420	10830	3.410	13900	3.400	40200	3.390	23310	3.440	300	3.450	5200	3.460	200	3.480	22800	3.490	2500	/16843588//4870062/1390760/3.44/3.41//2008-9-18 10:21:48
803/600027/华电国际/3.430	300	3.420	7630	3.410	14300	3.400	43800	3.390	23310	3.440	200	3.450	2000	3.460	200	3.470	100	3.480	22800	/16843588//4952826/1414860/3.45/3.41//2008-9-18 10:22:48
803/600027/华电国际/3.430	600	3.420	13630	3.410	15800	3.400	43400	3.390	23310	3.450	10200	3.460	200	3.470	100	3.480	21400	3.490	5300	/16843588//4956274/1415860/3.45/3.41//2008-9-18 10:23:48
803/600027/华电国际/3.440	300	3.430	800	3.420	15030	3.410	15700	3.400	43400	3.450	9800	3.460	200	3.470	300	3.480	21400	3.490	10300	/16843588//4962129/1417560/3.44/3.41//2008-9-18 10:24:49
803/600027/华电国际/3.430	800	3.420	15030	3.410	26700	3.400	44400	3.390	23710	3.440	300	3.450	9800	3.460	200	3.470	300	3.480	21400	/16843588//4970041/1419860/3.44/3.41//2008-9-18 10:25:49
803/600027/华电国际/3.420	14930	3.410	25700	3.400	45400	3.390	23710	3.380	4200	3.430	200	3.440	3600	3.450	9800	3.460	200	3.470	300	/16843588//4977933/1422160/3.42/3.41//2008-9-18 10:26:49
803/600027/华电国际/3.420	11830	3.410	31000	3.400	40400	3.390	23710	3.380	5200	3.440	3600	3.450	9800	3.460	200	3.470	1300	3.480	21400	/16843588//4990250/1425760/3.42/3.41//2008-9-18 10:27:50
803/600027/华电国际/3.420	11030	3.410	31000	3.400	42700	3.390	25810	3.380	5200	3.440	3600	3.450	9800	3.460	200	3.470	1300	3.480	21400	/16843588//5006364/1430460/3.42/3.41//2008-9-18 10:28:50
803/600027/华电国际/3.420	3830	3.410	31000	3.400	42800	3.390	25810	3.380	5200	3.430	4900	3.440	5100	3.450	9500	3.460	200	3.470	1300	/16843588//5046039/1442060/3.42/3.41//2008-9-18 10:29:50
803/600027/华电国际/3.420	8830	3.410	31500	3.400	42800	3.390	25810	3.380	5200	3.430	3100	3.440	700	3.450	9500	3.460	200	3.470	1800	/16843588//5057688/1445460/3.42/3.41//2008-9-18 10:30:51
803/600027/华电国际/3.430	800	3.420	11330	3.410	31100	3.400	43100	3.390	25810	3.440	700	3.450	9500	3.460	200	3.470	1800	3.480	19900	/16843588//5078954/1451660/3.43/3.41//2008-9-18 10:31:51
803/600027/华电国际/3.420	11330	3.410	31100	3.400	43200	3.390	25810	3.380	12700	3.430	1900	3.440	700	3.450	9500	3.460	200	3.470	1800	/16843588//5081355/1452360/3.43/3.41//2008-9-18 10:32:51
803/600027/华电国际/3.420	3130	3.410	31100	3.400	43200	3.390	25810	3.380	14500	3.430	2400	3.440	700	3.450	10000	3.460	200	3.470	1800	/16843588//5120689/1463860/3.42/3.41//2008-9-18 10:33:52
803/600027/华电国际/3.420	2130	3.410	31100	3.400	42200	3.390	25810	3.380	14600	3.430	1400	3.440	700	3.450	10000	3.460	200	3.470	1800	/16843588//5130969/1466860/3.42/3.41//2008-9-18 10:34:52
803/600027/华电国际/3.410	31100	3.400	42200	3.390	27310	3.380	13600	3.370	1200	3.420	7870	3.430	3200	3.440	800	3.450	12000	3.460	200	/16843588//5138254/1468990/3.42/3.41//2008-9-18 10:35:52
803/600027/华电国际/3.410	16100	3.400	43200	3.390	27310	3.380	13600	3.370	1200	3.420	7870	3.430	1800	3.440	1800	3.450	12000	3.460	200	/16843588//5155304/1473990/3.41/3.41//2008-9-18 10:36:53
803/600027/华电国际/3.400	46800	3.390	27310	3.380	13600	3.370	1200	3.360	14700	3.410	2500	3.420	7870	3.430	1800	3.440	1800	3.450	16800	/16843588//5231337/1496290/3.4/3.41//2008-9-18 10:37:53
803/600027/华电国际/3.400	38230	3.390	27310	3.380	13600	3.370	1200	3.360	14800	3.430	1800	3.440	1800	3.450	17500	3.460	200	3.470	2400	/16843588//5273762/1508760/3.4/3.41//2008-9-18 10:38:53
803/600027/华电国际/3.410	1000	3.400	28830	3.390	27310	3.380	13600	3.370	1200	3.420	1100	3.430	1800	3.440	1800	3.450	18300	3.460	200	/16843588//5273762/1508760/3.4/3.41//2008-9-18 10:39:54
803/600027/华电国际/3.410	500	3.400	34130	3.390	28510	3.380	14100	3.370	1200	3.420	2600	3.430	1800	3.440	1800	3.450	25300	3.460	200	/16843588//5277172/1509760/3.41/3.41//2008-9-18 10:40:54
803/600027/华电国际/3.410	300	3.400	34130	3.390	28510	3.380	14100	3.370	1200	3.420	2400	3.430	1800	3.440	1800	3.450	25400	3.460	200	/16843588//5282971/1511460/3.41/3.41//2008-9-18 10:41:54
803/600027/华电国际/3.410	23800	3.400	35130	3.390	28510	3.380	15600	3.370	1200	3.420	2400	3.430	2800	3.440	1800	3.450	25400	3.460	200	/16843588//5313320/1520360/3.41/3.41//2008-9-18 10:42:55
803/600027/华电国际/3.420	3100	3.410	28700	3.400	34230	3.390	29210	3.380	15600	3.430	2800	3.440	1800	3.450	25400	3.460	200	3.470	1800	/16843588//5342339/1528860/3.42/3.41//2008-9-18 10:43:55
803/600027/华电国际/3.420	3300	3.410	26300	3.400	35130	3.390	29210	3.380	15600	3.430	22400	3.440	7000	3.450	25800	3.460	200	3.470	1800	/16843588//5354997/1532560/3.42/3.41//2008-9-18 10:44:56
803/600027/华电国际/3.410	16300	3.400	37130	3.390	33210	3.380	15600	3.370	1700	3.420	3100	3.430	22400	3.440	1800	3.450	25900	3.460	200	/16843588//5410984/1548960/3.41/3.41//2008-9-18 10:45:56
803/600027/华电国际/3.400	2630	3.390	32510	3.380	15600	3.370	1700	3.360	4600	3.410	4200	3.420	8300	3.430	22400	3.440	1800	3.450	25900	/16843588//5581487/1599060/3.4/3.41//2008-9-18 10:46:56
803/600027/华电国际/3.390	32010	3.380	15600	3.370	1700	3.360	4600	3.350	34000	3.400	17600	3.410	15870	3.420	8300	3.430	21000	3.440	1800	/16843588//5666091/1623890/3.4/3.41//2008-9-18 10:47:57
803/600027/华电国际/3.390	25010	3.380	14500	3.370	1700	3.360	4600	3.350	36400	3.400	20400	3.410	18170	3.420	3100	3.430	21000	3.440	1800	/16843588//5709202/1636590/3.39/3.41//2008-9-18 10:48:57
803/600027/华电国际/3.390	15410	3.380	14500	3.370	1700	3.360	4600	3.350	36400	3.400	5300	3.410	18170	3.420	3300	3.430	21000	3.440	1800	/16843588//5794122/1661590/3.39/3.41//2008-9-18 10:49:57
803/600027/华电国际/3.360	5600	3.350	36400	3.330	1300	3.320	1200	3.310	7100	3.370	4500	3.390	19800	3.400	5700	3.410	18170	3.420	3300	/16843588//5899354/1692690/3.37/3.41//2008-9-18 10:50:58
803/600027/华电国际/3.350	22300	3.330	1300	3.320	1200	3.310	7000	3.300	59200	3.360	2000	3.370	10084	3.380	2000	3.390	5100	3.400	6800	/16843588//5936281/1703690/3.36/3.41//2008-9-18 10:51:58
803/600027/华电国际/3.340	7500	3.330	1300	3.320	700	3.310	7000	3.300	60800	3.350	1800	3.360	4500	3.370	10084	3.390	5100	3.400	6800	/16843588//6072641/1744390/3.35/3.41//2008-9-18 10:52:58
803/600027/华电国际/3.340	7200	3.330	1300	3.320	700	3.310	12700	3.300	60800	3.350	9599	3.360	3000	3.370	10084	3.390	5100	3.400	6800	/16843588//6137342/1763690/3.35/3.41//2008-9-18 10:53:59
803/600027/华电国际/3.350	3701	3.340	3800	3.330	1400	3.320	17700	3.310	14000	3.360	1000	3.370	10084	3.390	5100	3.400	6800	3.410	18170	/16843588//6236771/1793388/3.35/3.41//2008-9-18 10:54:59
803/600027/华电国际/3.360	3300	3.350	10701	3.340	3800	3.330	7400	3.320	18100	3.370	10084	3.390	8100	3.400	6500	3.410	18170	3.420	3300	/16843588//6229756/1791289/3.36/3.41//2008-9-18 10:56:0
803/600027/华电国际/3.360	11000	3.350	22801	3.340	3900	3.330	7400	3.320	18100	3.370	1300	3.390	9100	3.400	6500	3.410	18170	3.420	3300	/16843588//6259690/1800189/3.37/3.41//2008-9-18 10:57:0
803/600027/华电国际/3.360	9400	3.350	23501	3.340	3900	3.330	7400	3.320	18400	3.370	3700	3.390	9100	3.400	8700	3.410	18170	3.420	3300	/16843588//6267088/1802389/3.36/3.41//2008-9-18 10:58:0
803/600027/华电国际/3.350	28201	3.340	3900	3.330	7400	3.320	18400	3.310	12700	3.360	1100	3.370	4000	3.390	9100	3.400	8700	3.410	18170	/16843588//6311766/1815689/3.35/3.41//2008-9-18 10:59:1
803/600027/华电国际/3.350	7501	3.340	5000	3.330	7400	3.320	18400	3.310	12700	3.360	3301	3.370	4000	3.390	9100	3.400	9000	3.410	18170	/16843588//6384463/1837389/3.35/3.41//2008-9-18 11:0:1
803/600027/华电国际/3.350	17001	3.340	15100	3.330	10800	3.320	18700	3.310	13400	3.360	401	3.370	4000	3.390	9100	3.400	9400	3.410	18170	/16843588//6433138/1851889/3.36/3.41//2008-9-18 11:1:2
803/600027/华电国际/3.360	2050	3.350	17700	3.340	14500	3.330	10800	3.320	18700	3.370	4000	3.390	9100	3.400	9400	3.410	2300	3.420	3300	/16843588//6477658/1865140/3.36/3.41//2008-9-18 11:2:2
803/600027/华电国际/3.360	1550	3.350	17700	3.340	15000	3.330	10800	3.320	18700	3.370	4000	3.390	9100	3.400	9400	3.410	400	3.420	3300	/16843588//6498490/1871340/3.36/3.41//2008-9-18 11:3:2
803/600027/华电国际/3.350	17700	3.340	15000	3.330	10800	3.320	18800	3.310	13400	3.360	6650	3.370	12200	3.390	9100	3.400	9400	3.410	400	/16843588//6582994/1896490/3.36/3.41//2008-9-18 11:4:3
803/600027/华电国际/3.350	28100	3.340	15000	3.330	10800	3.320	19800	3.310	13400	3.360	8150	3.370	2600	3.390	9100	3.400	9400	3.410	400	/16843588//6631392/1910890/3.36/3.41//2008-9-18 11:5:3
803/600027/华电国际/3.350	28150	3.340	21000	3.330	10800	3.320	19800	3.310	13400	3.360	1800	3.370	2300	3.390	9100	3.400	8800	3.410	400	/16843588//6700104/1931340/3.36/3.41//2008-9-18 11:6:4
803/600027/华电国际/3.360	16700	3.350	28250	3.340	21000	3.330	10800	3.320	19800	3.370	2000	3.390	9100	3.400	6800	3.410	400	3.420	3300	/16843588//6715551/1935940/3.36/3.41//2008-9-18 11:7:4
803/600027/华电国际/3.400	73500	3.370	21600	3.360	26700	3.350	31050	3.340	20900	3.410	2300	3.420	3300	3.430	12000	3.440	1000	3.450	24100	/16843588//6807609/1963140/3.4/3.41//2008-9-18 11:8:4
803/600027/华电国际/3.400	63297	3.370	21600	3.360	30700	3.350	37150	3.340	20900	3.410	500	3.420	3300	3.430	12000	3.440	1000	3.450	24100	/16843588//6840599/1972843/3.4/3.41//2008-9-18 11:9:5
803/600027/华电国际/3.410	500	3.400	57597	3.390	1400	3.370	20000	3.360	30700	3.420	3300	3.430	12000	3.440	1000	3.450	24100	3.460	200	/16843588//6868494/1981043/3.4/3.41//2008-9-18 11:10:5
803/600027/华电国际/3.410	1499	3.400	58197	3.390	1400	3.370	20000	3.360	30100	3.420	10400	3.430	12000	3.440	1000	3.450	23600	3.460	200	/16843588//6870207/1981544/3.42/3.41//2008-9-18 11:11:6
803/600027/华电国际/3.400	58197	3.390	1400	3.370	20000	3.360	30100	3.350	30050	3.410	9501	3.420	20400	3.430	12000	3.440	1000	3.450	23800	/16843588//6875319/1983043/3.41/3.41//2008-9-18 11:12:6
803/600027/华电国际/3.390	1400	3.370	20000	3.360	17200	3.350	30550	3.340	29900	3.400	10203	3.410	13501	3.420	5800	3.430	12000	3.440	1000	/16843588//7073189/2041240/3.4/3.41//2008-9-18 11:13:7
803/600027/华电国际/3.400	3797	3.390	1400	3.370	20000	3.360	17200	3.350	30550	3.410	12101	3.420	5800	3.430	12000	3.440	1000	3.450	28000	/16843588//7130319/2058043/3.4/3.41//2008-9-18 11:14:7
803/600027/华电国际/3.360	17200	3.350	21050	3.340	10800	3.330	11400	3.320	3800	3.390	5500	3.400	6503	3.410	12101	3.420	5800	3.430	12000	/16843588//7148995/2063540/3.39/3.41//2008-9-18 11:15:7
803/600027/华电国际/3.380	5000	3.370	20000	3.360	28100	3.350	21050	3.340	10800	3.390	4600	3.400	9403	3.410	12101	3.420	6300	3.430	12000	/16843588//7152724/2064640/3.39/3.41//2008-9-18 11:16:8
803/600027/华电国际/3.380	2100	3.370	20000	3.360	28100	3.350	22550	3.340	11000	3.390	5100	3.400	14403	3.410	12101	3.420	5800	3.430	12000	/16843588//7173004/2070640/3.38/3.41//2008-9-18 11:17:8
803/600027/华电国际/3.370	12600	3.360	28100	3.350	22750	3.340	12800	3.330	21600	3.390	4900	3.400	16003	3.410	8600	3.420	5800	3.430	12000	/16843588//7195914/2077440/3.38/3.41//2008-9-18 11:18:9
803/600027/华电国际/3.360	29900	3.350	22750	3.340	12800	3.330	21600	3.320	4300	3.370	2601	3.380	600	3.390	4800	3.400	16003	3.410	8600	/16843588//7242422/2091240/3.37/3.41//2008-9-18 11:19:9
803/600027/华电国际/3.360	20999	3.350	22550	3.340	12800	3.330	21600	3.320	4500	3.390	4700	3.400	16003	3.410	8100	3.420	5800	3.430	12000	/16843588//7308067/2110741/3.39/3.41//2008-9-18 11:20:10
803/600027/华电国际/3.370	29700	3.360	22199	3.350	22550	3.340	14400	3.330	21600	3.400	703	3.410	8100	3.420	6300	3.430	12000	3.440	1000	/16843588//7380401/2132041/3.37/3.41//2008-9-18 11:21:10
803/600027/华电国际/3.380	700	3.370	18200	3.360	22199	3.350	22550	3.340	14400	3.400	403	3.410	8100	3.420	7300	3.430	13400	3.440	1000	/16843588//7422875/2144641/3.38/3.41//2008-9-18 11:22:10
803/600027/华电国际/3.370	16800	3.360	24199	3.350	22550	3.340	12800	3.330	21600	3.380	5103	3.400	5103	3.410	8100	3.420	5300	3.430	13900	/16843588//7449161/2152441/3.37/3.41//2008-9-18 11:23:11
803/600027/华电国际/3.370	10200	3.360	25999	3.350	22650	3.340	12800	3.330	21600	3.380	5503	3.400	5503	3.410	8100	3.420	5300	3.430	13900	/16843588//7458260/2155141/3.37/3.41//2008-9-18 11:24:11
803/600027/华电国际/3.380	3003	3.370	10200	3.360	25999	3.350	22650	3.340	12800	3.400	9503	3.410	7100	3.420	4300	3.430	13900	3.440	1000	/16843588//7482248/2162238/3.38/3.41//2008-9-18 11:25:12
803/600027/华电国际/3.410	2900	3.400	4900	3.370	30000	3.360	15999	3.350	22650	3.420	4300	3.430	13900	3.440	1000	3.450	28800	3.460	1400	/16843588//7558137/2184541/3.41/3.41//2008-9-18 11:26:12
803/600027/华电国际/3.400	13700	3.370	30000	3.360	15999	3.350	22650	3.340	12600	3.410	1000	3.420	2200	3.430	600	3.440	1000	3.450	28800	/16843588//7640615/2208641/3.4/3.41//2008-9-18 11:27:13
803/600027/华电国际/3.370	24100	3.360	15999	3.350	21450	3.340	12600	3.330	21400	3.410	8700	3.420	5100	3.430	600	3.440	2000	3.450	28800	/16843588//7694498/2224541/3.37/3.41//2008-9-18 11:28:13
803/600027/华电国际/3.380	71100	3.370	4200	3.360	14000	3.350	22350	3.340	13600	3.420	3900	3.430	600	3.440	2000	3.450	28800	3.460	1400	/16843588//8168607/2364241/3.38/3.41//2008-9-18 11:29:14
803/600027/华电国际/3.380	72000	3.370	5000	3.360	14000	3.350	22850	3.340	13600	3.420	1900	3.430	600	3.440	2000	3.450	28800	3.460	1400	/16843588//7972191/2306341/3.42/3.41//2008-9-18 11:30:14
803/600027/华电国际/3.380	72000	3.370	5000	3.360	14000	3.350	22850	3.340	13600	3.420	1900	3.430	600	3.440	2000	3.450	28800	3.460	1400	/16843588//7972191/2306341/3.42/3.41//2008-9-18 11:31:15
803/600027/华电国际/3.380	26300	3.370	3100	3.360	14600	3.350	28750	3.340	16300	3.400	300	3.410	9200	3.420	45900	3.430	15500	3.440	5200	/16843588//8185558/2369441/3.38/3.41//2008-9-18 13:1:15
803/600027/华电国际/3.380	22900	3.370	3100	3.360	12800	3.350	28750	3.340	16300	3.400	300	3.410	9200	3.420	35900	3.430	15500	3.440	5200	/16843588//8197050/2372841/3.38/3.41//2008-9-18 13:2:16
803/600027/华电国际/3.390	1000	3.380	7100	3.370	3100	3.360	12800	3.350	28750	3.400	4000	3.410	8800	3.420	33900	3.430	15500	3.440	5200	/16843588//8265362/2393041/3.38/3.41//2008-9-18 13:3:16
803/600027/华电国际/3.370	3100	3.360	12800	3.350	28750	3.340	16800	3.330	24000	3.380	10500	3.390	1500	3.400	13100	3.410	8800	3.420	33900	/16843588//8293433/2401341/3.38/3.41//2008-9-18 13:4:17
803/600027/华电国际/3.360	12800	3.350	28750	3.340	16800	3.330	24000	3.320	3300	3.370	10500	3.380	15200	3.390	3500	3.400	16500	3.410	8800	/16843588//8303542/2404341/3.37/3.41//2008-9-18 13:5:17
803/600027/华电国际/3.360	4300	3.350	28750	3.340	16800	3.330	24000	3.320	3300	3.370	22400	3.380	8800	3.390	2900	3.400	24500	3.410	8500	/16843588//8333787/2413341/3.36/3.41//2008-9-18 13:6:18
803/600027/华电国际/3.360	200	3.350	29750	3.340	16800	3.330	24000	3.320	3300	3.370	24500	3.380	7700	3.390	2900	3.400	22500	3.410	8500	/16843588//8351595/2418641/3.36/3.41//2008-9-18 13:7:18
803/600027/华电国际/3.350	20950	3.340	16800	3.330	24000	3.320	3500	3.310	10700	3.360	3600	3.370	24500	3.380	8700	3.390	2900	3.400	20500	/16843588//8384767/2428541/3.35/3.41//2008-9-18 13:8:19
803/600027/华电国际/3.350	30050	3.340	16800	3.330	24000	3.320	3900	3.310	10700	3.360	4100	3.370	24100	3.380	8700	3.390	2900	3.400	23700	/16843588//8397162/2432241/3.35/3.41//2008-9-18 13:9:19
803/600027/华电国际/3.350	15750	3.340	16800	3.330	24000	3.320	3900	3.310	10700	3.360	3500	3.370	24100	3.380	7700	3.390	2900	3.400	24600	/16843588//8452121/2448641/3.36/3.41//2008-9-18 13:10:20
803/600027/华电国际/3.350	11950	3.340	16800	3.330	24500	3.320	3900	3.310	10700	3.360	900	3.370	24100	3.380	7700	3.390	3000	3.400	25600	/16843588//8506135/2464741/3.36/3.41//2008-9-18 13:11:20
803/600027/华电国际/3.350	5350	3.340	16800	3.330	24500	3.320	4400	3.310	10700	3.360	1300	3.370	17100	3.380	7700	3.390	3000	3.400	25600	/16843588//8532265/2472541/3.35/3.41//2008-9-18 13:12:21
803/600027/华电国际/3.350	9450	3.340	14100	3.330	24500	3.320	4400	3.310	10700	3.360	5600	3.370	17100	3.380	7700	3.390	3000	3.400	25600	/16843588//8539993/2474841/3.36/3.41//2008-9-18 13:13:21
803/600027/华电国际/3.350	10500	3.340	14100	3.330	25000	3.320	4400	3.310	9700	3.360	33800	3.370	17100	3.380	7700	3.390	3000	3.400	25600	/16843588//8542171/2475491/3.35/3.41//2008-9-18 13:14:22
803/600027/华电国际/3.340	14100	3.330	25000	3.320	4400	3.310	9700	3.300	42300	3.350	7100	3.360	22800	3.370	20100	3.380	7700	3.390	2900	/16843588//8618672/2498291/3.35/3.41//2008-9-18 13:15:22
803/600027/华电国际/3.340	5700	3.330	25900	3.320	4400	3.310	9700	3.300	42300	3.350	31400	3.360	22800	3.370	20100	3.380	8700	3.390	2300	/16843588//8657111/2509791/3.35/3.41//2008-9-18 13:16:23
803/600027/华电国际/3.330	26300	3.320	4400	3.310	10700	3.300	43600	3.290	3400	3.340	10350	3.350	10200	3.360	22800	3.370	20100	3.380	8700	/16843588//8676815/2515691/3.33/3.41//2008-9-18 13:17:23
803/600027/华电国际/3.320	3500	3.310	11100	3.300	43600	3.290	3400	3.280	34900	3.330	1800	3.340	2350	3.350	12000	3.360	22800	3.370	20100	/16843588//8793087/2550591/3.33/3.41//2008-9-18 13:18:24
803/600027/华电国际/3.310	6100	3.300	43500	3.290	3400	3.280	35500	3.270	4800	3.320	4900	3.330	5300	3.340	2350	3.350	12000	3.360	22800	/16843588//8822921/2559591/3.32/3.41//2008-9-18 13:19:24
803/600027/华电国际/3.300	43400	3.290	3400	3.280	35600	3.270	4800	3.260	8300	3.310	12350	3.320	6100	3.330	5200	3.340	2350	3.350	17000	/16843588//8893104/2580791/3.31/3.41//2008-9-18 13:20:25
803/600027/华电国际/3.300	44000	3.290	3400	3.280	35600	3.270	5000	3.260	10000	3.310	11650	3.320	3800	3.330	5200	3.340	2350	3.350	19000	/16843588//8936700/2593991/3.3/3.41//2008-9-18 13:21:25
803/600027/华电国际/3.310	3850	3.300	40200	3.290	4000	3.280	37600	3.270	5000	3.320	3800	3.330	4500	3.340	2350	3.350	19500	3.360	22300	/16843588//9007939/2615541/3.31/3.41//2008-9-18 13:22:26
803/600027/华电国际/3.330	1100	3.320	2600	3.310	97650	3.300	54800	3.290	4000	3.340	2350	3.350	15500	3.360	20500	3.370	17100	3.380	5600	/16843588//9035861/2623941/3.33/3.41//2008-9-18 13:23:26
803/600027/华电国际/3.320	5800	3.310	94850	3.300	42000	3.290	4000	3.280	38100	3.330	4000	3.340	3350	3.350	15000	3.360	20500	3.370	15100	/16843588//9081492/2637641/3.33/3.41//2008-9-18 13:24:27
803/600027/华电国际/3.330	4600	3.320	7000	3.310	97050	3.300	50700	3.290	4000	3.340	3150	3.350	15000	3.360	20500	3.370	15100	3.380	5600	/16843588//9109799/2646141/3.33/3.41//2008-9-18 13:25:27
803/600027/华电国际/3.340	1800	3.330	2400	3.320	9000	3.310	98150	3.300	50700	3.350	14200	3.360	20500	3.370	15100	3.380	5600	3.390	300	/16843588//9139339/2654991/3.33/3.41//2008-9-18 13:26:28
803/600027/华电国际/3.340	4100	3.330	5900	3.320	8500	3.310	97950	3.300	56200	3.350	13200	3.360	2500	3.370	15100	3.380	5600	3.390	300	/16843588//9159386/2660991/3.35/3.41//2008-9-18 13:27:28
803/600027/华电国际/3.340	13600	3.330	8500	3.320	10200	3.310	98050	3.300	56900	3.350	3500	3.360	900	3.370	15100	3.380	5600	3.390	300	/16843588//9181494/2667591/3.35/3.41//2008-9-18 13:28:29
803/600027/华电国际/3.350	20000	3.340	15200	3.330	8500	3.320	10000	3.310	97550	3.360	4200	3.370	15100	3.380	5600	3.390	300	3.400	9700	/16843588//9215694/2677791/3.36/3.41//2008-9-18 13:29:29
803/600027/华电国际/3.350	24600	3.340	15300	3.330	8500	3.320	16000	3.310	97550	3.360	5900	3.370	15100	3.380	5600	3.390	1400	3.400	9700	/16843588//9223715/2680191/3.36/3.41//2008-9-18 13:30:30
803/600027/华电国际/3.350	22000	3.340	15300	3.330	8500	3.320	15300	3.310	97550	3.360	4300	3.370	15100	3.380	5600	3.390	2400	3.400	9700	/16843588//9238136/2684491/3.36/3.41//2008-9-18 13:31:30
803/600027/华电国际/3.350	10500	3.340	15300	3.330	4000	3.320	7900	3.310	97550	3.360	5900	3.370	6100	3.380	5600	3.390	2400	3.400	9700	/16843588//9317608/2708191/3.36/3.41//2008-9-18 13:32:31
803/600027/华电国际/3.360	5100	3.350	6700	3.340	13000	3.330	4800	3.320	6300	3.370	2000	3.380	5600	3.390	2400	3.400	9600	3.410	2300	/16843588//9365735/2722491/3.37/3.41//2008-9-18 13:33:31
803/600027/华电国际/3.370	1000	3.360	3100	3.350	6700	3.340	6100	3.330	4800	3.380	2600	3.390	1300	3.400	10400	3.410	2300	3.420	20400	/16843588//9394693/2731091/3.38/3.41//2008-9-18 13:34:32
803/600027/华电国际/3.390	5300	3.380	2000	3.370	10100	3.360	3900	3.350	6700	3.400	10400	3.410	3300	3.420	19000	3.430	14500	3.440	3700	/16843588//9418356/2738091/3.39/3.41//2008-9-18 13:35:32
803/600027/华电国际/3.390	14800	3.380	5000	3.370	6100	3.360	5100	3.350	8100	3.410	2200	3.420	18900	3.430	14500	3.440	3200	3.450	25580	/16843588//9465916/2752091/3.4/3.41//2008-9-18 13:36:33
803/600027/华电国际/3.400	3800	3.390	15000	3.380	5300	3.370	4100	3.360	5100	3.410	4600	3.420	18900	3.430	14500	3.440	3200	3.450	25180	/16843588//9473053/2754191/3.4/3.41//2008-9-18 13:37:34
803/600027/华电国际/3.390	2001	3.380	5000	3.370	4100	3.360	8700	3.350	8300	3.400	5800	3.410	2500	3.420	18900	3.430	14500	3.440	4300	/16843588//9491408/2759590/3.4/3.41//2008-9-18 13:38:34
803/600027/华电国际/3.380	5000	3.370	2100	3.360	8700	3.350	12100	3.340	7500	3.390	2699	3.400	6100	3.410	4600	3.420	17900	3.430	14500	/16843588//9498872/2761791/3.39/3.41//2008-9-18 13:39:35
803/600027/华电国际/3.380	1600	3.370	801	3.360	8700	3.350	12100	3.340	7500	3.400	7800	3.410	4100	3.420	40300	3.430	14500	3.440	2200	/16843588//9584762/2787189/3.37/3.41//2008-9-18 13:40:35
803/600027/华电国际/3.390	54760	3.380	1600	3.370	1301	3.360	8700	3.350	12100	3.410	4400	3.420	42800	3.430	14500	3.440	2200	3.450	25180	/16843588//9612913/2795430/3.41/3.41//2008-9-18 13:41:36
803/600027/华电国际/3.400	1760	3.380	1600	3.370	1301	3.360	8700	3.350	12100	3.410	4300	3.420	42800	3.430	14500	3.440	2200	3.450	25180	/16843588//9827947/2858830/3.41/3.41//2008-9-18 13:42:36
803/600027/华电国际/3.400	10200	3.380	1500	3.370	1301	3.360	8700	3.350	12100	3.420	42800	3.430	14400	3.440	2200	3.450	23380	3.460	2400	/16843588//9871858/2871730/3.41/3.41//2008-9-18 13:43:37
803/600027/华电国际/3.400	13800	3.380	2300	3.370	12301	3.360	11900	3.350	18300	3.420	38000	3.430	14400	3.440	1200	3.450	23380	3.460	2400	/16843588//9887937/2876430/3.4/3.41//2008-9-18 13:44:37
803/600027/华电国际/3.400	7600	3.380	2900	3.370	12301	3.360	11900	3.350	18300	3.420	10000	3.430	14400	3.440	4200	3.450	22880	3.460	5400	/16843588//9928169/2888230/3.4/3.41//2008-9-18 13:45:38
803/600027/华电国际/3.420	8800	3.400	9900	3.380	3500	3.370	12301	3.360	11900	3.430	14400	3.440	4200	3.450	22680	3.460	5400	3.470	13200	/16843588//9974629/2901830/3.42/3.41//2008-9-18 13:46:39
803/600027/华电国际/3.420	10600	3.410	1900	3.400	37900	3.380	15600	3.370	12301	3.430	9000	3.440	4700	3.450	22580	3.460	5400	3.470	13200	/16843588//10003784/2910330/3.43/3.41//2008-9-18 13:47:39
803/600027/华电国际/3.430	11100	3.420	20300	3.410	2000	3.400	38700	3.390	5000	3.440	10800	3.450	22280	3.460	5400	3.470	13200	3.480	4100	/16843588//10029501/2917830/3.43/3.41//2008-9-18 13:48:40
803/600027/华电国际/3.420	14700	3.410	2000	3.400	38500	3.390	5000	3.380	9700	3.430	11500	3.440	15100	3.450	20280	3.460	5400	3.470	13200	/16843588//10114490/2942630/3.42/3.41//2008-9-18 13:49:40
803/600027/华电国际/3.430	5400	3.420	11900	3.410	2000	3.400	40900	3.390	5000	3.440	15900	3.450	19280	3.460	5400	3.470	13200	3.480	4100	/16843588//10162882/2956730/3.43/3.41//2008-9-18 13:50:41
803/600027/华电国际/3.420	7900	3.410	2000	3.400	38600	3.390	5000	3.380	10700	3.430	7900	3.440	18800	3.450	19280	3.460	5400	3.470	13200	/16843588//10196477/2966530/3.42/3.41//2008-9-18 13:51:41
803/600027/华电国际/3.420	13100	3.410	4000	3.400	33700	3.390	5000	3.380	9700	3.430	10600	3.440	13800	3.450	19380	3.460	5400	3.470	13200	/16843588//10244053/2980430/3.42/3.41//2008-9-18 13:52:42
803/600027/华电国际/3.400	33600	3.390	5000	3.380	6700	3.370	16900	3.360	6900	3.410	2910	3.420	1000	3.430	12200	3.440	13800	3.450	19780	/16843588//10314843/3001130/3.41/3.41//2008-9-18 13:53:42
803/600027/华电国际/3.400	33199	3.390	5000	3.380	6700	3.370	16900	3.360	6900	3.410	3810	3.420	3500	3.430	12200	3.440	13300	3.450	19780	/16843588//10322332/3003331/3.4/3.41//2008-9-18 13:54:43
803/600027/华电国际/3.400	24399	3.390	5000	3.380	6600	3.370	16900	3.360	6900	3.410	2500	3.420	4900	3.430	13200	3.440	13300	3.450	19780	/16843588//10356672/3013431/3.4/3.41//2008-9-18 13:55:44
803/600027/华电国际/3.400	19999	3.390	5000	3.380	6600	3.370	16900	3.360	6900	3.410	5000	3.420	5100	3.430	13200	3.440	13300	3.450	18780	/16843588//10371632/3017831/3.4/3.41//2008-9-18 13:56:44
803/600027/华电国际/3.390	5000	3.380	6600	3.370	16900	3.360	6900	3.350	7700	3.400	3800	3.410	3500	3.420	3900	3.430	8000	3.440	13300	/16843588//10443370/3038930/3.4/3.41//2008-9-18 13:57:45
803/600027/华电国际/3.390	5000	3.380	6800	3.370	16900	3.360	6900	3.350	9600	3.400	2400	3.410	3500	3.420	7900	3.430	6700	3.440	13300	/16843588//10459350/3043630/3.4/3.41//2008-9-18 13:58:45
803/600027/华电国际/3.400	14750	3.390	5000	3.380	7800	3.370	6900	3.360	6900	3.410	3500	3.420	7900	3.430	6700	3.440	13300	3.450	20980	/16843588//10469040/3046480/3.4/3.41//2008-9-18 13:59:46
803/600027/华电国际/3.400	16230	3.390	5000	3.380	7800	3.370	6900	3.360	6900	3.410	8500	3.420	7900	3.430	6700	3.440	13300	3.450	20980	/16843588//10469788/3046700/3.4/3.41//2008-9-18 14:0:47
803/600027/华电国际/3.390	5000	3.380	7800	3.370	7300	3.360	7600	3.350	9600	3.400	3270	3.410	8500	3.420	7900	3.430	6700	3.440	13300	/16843588//10491990/3053230/3.4/3.41//2008-9-18 14:1:47
803/600027/华电国际/3.380	7800	3.370	7300	3.360	7600	3.350	9600	3.340	7500	3.390	7788	3.400	9174	3.410	8500	3.420	7900	3.430	6700	/16843588//10508940/3058230/3.39/3.41//2008-9-18 14:2:48
803/600027/华电国际/3.380	3500	3.370	7300	3.360	7600	3.350	9200	3.340	7500	3.390	24388	3.400	4670	3.410	8500	3.420	7900	3.430	6700	/16843588//10524493/3062830/3.38/3.41//2008-9-18 14:3:48
803/600027/华电国际/3.370	6700	3.360	7600	3.350	11500	3.340	7500	3.330	4400	3.380	14204	3.390	10988	3.400	4670	3.410	8500	3.420	7900	/16843588//10533611/3065530/3.37/3.41//2008-9-18 14:4:49
803/600027/华电国际/3.380	1000	3.370	6200	3.360	7800	3.350	13900	3.340	7500	3.390	10988	3.400	4670	3.410	8500	3.420	9900	3.430	6700	/16843588//10552872/3071230/3.37/3.41//2008-9-18 14:5:50
803/600027/华电国际/3.360	2900	3.350	13900	3.340	7500	3.330	5400	3.320	6100	3.380	100	3.390	10988	3.400	7770	3.410	8500	3.420	5900	/16843588//10595630/3083930/3.36/3.41//2008-9-18 14:6:50
803/600027/华电国际/3.380	3400	3.360	900	3.350	13500	3.340	7500	3.330	5400	3.390	6988	3.400	7770	3.410	8500	3.420	5900	3.430	5800	/16843588//10620536/3091330/3.38/3.41//2008-9-18 14:7:51
803/600027/华电国际/3.390	1212	3.360	3100	3.350	12000	3.340	7500	3.330	5900	3.400	3670	3.410	8500	3.420	3900	3.430	5800	3.440	15300	/16843588//10644276/3098318/3.4/3.41//2008-9-18 14:8:51
803/600027/华电国际/3.430	10000	3.420	1000	3.400	35000	3.390	2212	3.380	3000	3.450	7850	3.460	5400	3.470	13200	3.480	4700	3.490	8900	/16843588//10820652/3149718/3.42/3.41//2008-9-18 14:9:52
803/600027/华电国际/3.450	8900	3.430	9500	3.420	4800	3.410	20000	3.400	35000	3.470	13150	3.480	11600	3.490	8900	3.500	50770	3.510	700	/16843588//10878657/3166518/3.45/3.41//2008-9-18 14:10:53
803/600027/华电国际/3.460	3000	3.450	58900	3.430	9500	3.420	5000	3.410	20000	3.470	8250	3.480	11600	3.490	8900	3.500	50470	3.510	700	/16843588//10906397/3174518/3.47/3.41//2008-9-18 14:11:53
803/600027/华电国际/3.470	13350	3.460	5300	3.450	58900	3.430	15100	3.420	5100	3.480	10700	3.490	10900	3.500	48500	3.510	700	3.520	8200	/16843588//10948203/3186568/3.47/3.41//2008-9-18 14:12:54
803/600027/华电国际/3.470	10850	3.460	4500	3.450	58900	3.430	15100	3.420	5100	3.480	10400	3.490	10900	3.500	50500	3.510	700	3.520	8200	/16843588//10960351/3190068/3.48/3.41//2008-9-18 14:13:55
803/600027/华电国际/3.470	21650	3.460	4500	3.450	58900	3.430	15100	3.420	1500	3.480	6300	3.490	10900	3.500	50500	3.510	1700	3.520	8200	/16843588//10989211/3198368/3.47/3.41//2008-9-18 14:14:55
803/600027/华电国际/3.470	16250	3.460	4500	3.450	57900	3.430	15100	3.420	1500	3.480	8000	3.490	10900	3.500	49500	3.510	1700	3.520	8200	/16843588//11010072/3204368/3.47/3.41//2008-9-18 14:15:56
803/600027/华电国际/3.470	14250	3.460	4900	3.450	57900	3.440	100	3.430	15100	3.480	8200	3.490	10900	3.500	50100	3.510	1700	3.520	10200	/16843588//11019446/3207068/3.48/3.41//2008-9-18 14:16:56
803/600027/华电国际/3.470	7850	3.460	4900	3.450	52000	3.440	100	3.430	15100	3.480	3100	3.490	12200	3.500	50700	3.510	1700	3.520	10700	/16843588//11068450/3221168/3.48/3.41//2008-9-18 14:17:57
803/600027/华电国际/3.470	15850	3.460	5400	3.450	52000	3.440	100	3.430	15100	3.480	2600	3.490	12200	3.500	51200	3.510	1700	3.520	10700	/16843588//11091060/3227668/3.48/3.41//2008-9-18 14:18:58
803/600027/华电国际/3.480	14400	3.470	16550	3.460	4400	3.450	52000	3.440	100	3.490	8800	3.500	51100	3.510	1700	3.520	10700	3.530	14500	/16843588//11115104/3234568/3.49/3.41//2008-9-18 14:19:58
803/600027/华电国际/3.490	4500	3.480	21100	3.470	8450	3.460	3900	3.450	52000	3.500	24400	3.510	1700	3.520	10700	3.530	14500	3.540	13200	/16843588//11235415/3268968/3.5/3.41//2008-9-18 14:20:59
803/600027/华电国际/3.490	19200	3.480	21100	3.470	8450	3.460	3900	3.450	52000	3.500	600	3.510	1700	3.520	10700	3.530	14500	3.540	10900	/16843588//11318715/3292768/3.5/3.41//2008-9-18 14:22:0
803/600027/华电国际/3.500	21600	3.490	14800	3.480	19100	3.470	8450	3.460	3900	3.510	700	3.520	10700	3.530	13900	3.540	900	3.550	83030	/16843588//11329925/3295968/3.51/3.41//2008-9-18 14:23:0
803/600027/华电国际/3.510	3400	3.500	34600	3.490	14800	3.480	18100	3.470	8450	3.520	6100	3.530	13900	3.540	900	3.550	74530	3.560	2700	/16843588//11368581/3306968/3.52/3.41//2008-9-18 14:24:1
803/600027/华电国际/3.520	8800	3.510	2900	3.500	26300	3.490	14300	3.480	18100	3.530	7700	3.540	900	3.550	74530	3.560	2700	3.570	11948	/16843588//11425656/3323168/3.53/3.41//2008-9-18 14:25:2
803/600027/华电国际/3.510	7900	3.500	23600	3.490	14200	3.480	18600	3.470	8450	3.520	13800	3.530	6800	3.540	900	3.550	75630	3.560	11500	/16843588//11479184/3338368/3.52/3.41//2008-9-18 14:26:2
803/600027/华电国际/3.500	8100	3.490	13600	3.480	18600	3.470	8450	3.460	4100	3.510	16000	3.520	18000	3.530	10600	3.540	5900	3.550	75730	/16843588//11536668/3354768/3.5/3.41//2008-9-18 14:27:3
803/600027/华电国际/3.490	8000	3.480	15600	3.470	8450	3.460	4100	3.450	50200	3.500	12500	3.510	17200	3.520	19800	3.530	8700	3.540	5900	/16843588//11567072/3363468/3.49/3.41//2008-9-18 14:28:4
803/600027/华电国际/3.480	13100	3.470	7450	3.460	6300	3.450	50200	3.440	100	3.490	5600	3.500	15000	3.510	17500	3.520	18800	3.530	7200	/16843588//11579664/3367068/3.49/3.41//2008-9-18 14:29:4
803/600027/华电国际/3.480	900	3.470	7450	3.460	6300	3.450	50200	3.440	100	3.490	7000	3.500	10000	3.510	16500	3.520	21700	3.530	8400	/16843588//11622120/3379268/3.48/3.41//2008-9-18 14:30:5
803/600027/华电国际/3.480	5300	3.470	7450	3.460	6300	3.450	50200	3.440	100	3.490	7600	3.500	11300	3.510	16500	3.520	21700	3.530	8000	/16843588//11627343/3380768/3.48/3.41//2008-9-18 14:31:6
803/600027/华电国际/3.480	3400	3.470	8450	3.460	4300	3.450	51200	3.440	100	3.490	7400	3.500	13600	3.510	16500	3.520	21700	3.530	8000	/16843588//11634651/3382868/3.48/3.41//2008-9-18 14:32:6
803/600027/华电国际/3.480	100	3.470	7450	3.460	4300	3.450	51200	3.440	100	3.490	2200	3.500	13600	3.510	1200	3.520	21700	3.530	9900	/16843588//11671934/3393568/3.49/3.41//2008-9-18 14:33:7
803/600027/华电国际/3.490	10100	3.470	8450	3.460	4300	3.450	51200	3.440	100	3.500	13000	3.510	1200	3.520	22200	3.530	9900	3.540	6900	/16843588//11691104/3399068/3.49/3.41//2008-9-18 14:34:8
803/600027/华电国际/3.490	200	3.470	7350	3.460	10900	3.450	51200	3.440	100	3.500	17900	3.510	1200	3.520	21700	3.530	9900	3.540	5400	/16843588//11766446/3420668/3.5/3.41//2008-9-18 14:35:8
803/600027/华电国际/3.480	300	3.470	6850	3.460	19900	3.450	51200	3.440	100	3.490	5900	3.500	17900	3.510	1200	3.520	21700	3.530	9300	/16843588//11768540/3421268/3.49/3.41//2008-9-18 14:36:9
803/600027/华电国际/3.470	6850	3.460	19900	3.450	51200	3.440	100	3.430	14700	3.490	1000	3.500	16500	3.510	1200	3.520	21700	3.530	7700	/16843588//11822225/3436668/3.49/3.41//2008-9-18 14:37:10
803/600027/华电国际/3.470	7350	3.460	16400	3.450	53200	3.440	100	3.430	14700	3.480	1900	3.490	1000	3.500	17500	3.510	1200	3.520	21700	/16843588//11822225/3436668/3.49/3.41//2008-9-18 14:38:10
803/600027/华电国际/3.470	7250	3.460	16400	3.450	51200	3.440	100	3.430	15700	3.480	2200	3.490	200	3.500	17500	3.510	1200	3.520	21700	/16843588//11797472/3429568/3.47/3.41//2008-9-18 14:39:11
803/600027/华电国际/3.460	3650	3.450	51200	3.440	100	3.430	15700	3.420	1400	3.480	2100	3.490	200	3.500	16300	3.510	1200	3.520	21700	/16843588//11867441/3449768/3.48/3.41//2008-9-18 14:40:12
803/600027/华电国际/3.460	2650	3.450	51200	3.440	100	3.430	15700	3.420	700	3.470	2600	3.480	3100	3.490	200	3.500	17200	3.510	2200	/16843588//11872635/3451268/3.46/3.41//2008-9-18 14:41:12
803/600027/华电国际/3.460	1350	3.450	54100	3.440	100	3.430	15700	3.420	700	3.470	5500	3.480	2700	3.490	200	3.500	18700	3.510	2200	/16843588//11881978/3453968/3.46/3.41//2008-9-18 14:42:13
803/600027/华电国际/3.450	54100	3.440	100	3.430	15700	3.420	700	3.410	20000	3.460	9305	3.470	2500	3.480	2700	3.490	200	3.500	19300	/16843588//11896337/3458118/3.46/3.41//2008-9-18 14:43:14
803/600027/华电国际/3.450	54500	3.440	700	3.430	15700	3.420	100	3.410	20300	3.460	10905	3.470	800	3.480	2700	3.490	200	3.500	18100	/16843588//11907027/3461218/3.45/3.41//2008-9-18 14:44:14
803/600027/华电国际/3.450	91500	3.440	700	3.430	15700	3.420	700	3.410	20300	3.460	10905	3.470	3800	3.480	1200	3.490	700	3.500	18100	/16843588//11947052/3472818/3.45/3.41//2008-9-18 14:45:15
803/600027/华电国际/3.450	78510	3.440	700	3.430	15700	3.420	700	3.410	300	3.460	8005	3.470	3800	3.480	1200	3.490	700	3.500	18600	/16843588//12003626/3489208/3.46/3.41//2008-9-18 14:46:16
803/600027/华电国际/3.450	76410	3.440	1700	3.430	15700	3.420	700	3.410	300	3.460	8305	3.470	3800	3.480	800	3.490	700	3.500	20200	/16843588//12012596/3491808/3.45/3.41//2008-9-18 14:47:16
803/600027/华电国际/3.450	68610	3.440	1700	3.430	15700	3.420	700	3.410	300	3.460	11305	3.470	4800	3.480	800	3.490	700	3.500	19200	/16843588//12037781/3499108/3.45/3.41//2008-9-18 14:48:17
803/600027/华电国际/3.450	45410	3.440	900	3.430	65700	3.420	700	3.410	300	3.460	11405	3.470	5400	3.480	500	3.490	700	3.500	18600	/16843588//12117821/3522308/3.45/3.41//2008-9-18 14:49:18
803/600027/华电国际/3.440	800	3.430	65700	3.420	700	3.410	300	3.400	104300	3.450	10290	3.460	11705	3.470	5400	3.480	500	3.490	700	/16843588//12278280/3568818/3.45/3.41//2008-9-18 14:50:18
803/600027/华电国际/3.430	65700	3.420	700	3.410	300	3.400	104800	3.390	100	3.440	13500	3.450	22490	3.460	10105	3.470	5400	3.480	500	/16843588//12295824/3573918/3.44/3.41//2008-9-18 14:51:19
803/600027/华电国际/3.430	64900	3.420	700	3.410	2300	3.400	104800	3.390	100	3.450	790	3.460	5200	3.470	5400	3.480	500	3.490	1700	/16843588//12470801/3624718/3.45/3.41//2008-9-18 14:52:20
803/600027/华电国际/3.440	4305	3.430	67600	3.420	900	3.410	3700	3.400	105200	3.460	5800	3.470	5400	3.480	500	3.490	700	3.500	16900	/16843588//12523460/3640013/3.44/3.41//2008-9-18 14:53:21
803/600027/华电国际/3.450	106600	3.440	7605	3.430	11100	3.420	900	3.410	1700	3.460	10800	3.470	1500	3.480	500	3.490	1100	3.500	16300	/16843588//12562009/3651213/3.45/3.41//2008-9-18 14:54:21
803/600027/华电国际/3.450	387245	3.440	8405	3.430	11100	3.420	900	3.410	1700	3.460	8500	3.470	1500	3.480	500	3.490	1100	3.500	16800	/16843588//12648852/3676368/3.45/3.41//2008-9-18 14:55:22
803/600027/华电国际/3.450	390345	3.440	8605	3.430	8400	3.420	900	3.410	1700	3.460	8500	3.470	2500	3.480	500	3.490	1100	3.500	16800	/16843588//12680947/3685668/3.45/3.41//2008-9-18 14:56:23
803/600027/华电国际/3.450	378090	3.440	8605	3.430	9400	3.420	900	3.410	1700	3.460	6800	3.470	1300	3.480	500	3.490	1100	3.500	16900	/16843588//12749499/3705523/3.46/3.41//2008-9-18 14:57:23
803/600027/华电国际/3.450	366190	3.440	8505	3.430	8400	3.420	900	3.410	5100	3.460	11400	3.470	1600	3.480	500	3.490	1100	3.500	16900	/16843588//12775778/3713123/3.45/3.41//2008-9-18 14:58:24
803/600027/华电国际/3.450	346090	3.440	8505	3.430	8900	3.420	900	3.410	4900	3.460	7800	3.470	1600	3.480	500	3.490	3300	3.500	16900	/16843588//12876595/3742323/3.46/3.41//2008-9-18 14:59:25
803/600027/华电国际/3.450	345390	3.440	8505	3.430	8900	3.420	900	3.410	4900	3.460	645300	3.470	1600	3.480	500	3.490	3800	3.500	16900	/16843588//12894553/3747523/3.45/3.41//2008-9-18 15:0:26
803/600027/华电国际/3.450	345390	3.440	8505	3.430	8900	3.420	900	3.410	4900	3.460	645300	3.470	1600	3.480	500	3.490	3800	3.500	16900	/16843588//12894553/3747523/3.45/3.41//2008-9-18 15:1:26
803/600027/华电国际/3.450	345390	3.440	8505	3.430	8900	3.420	900	3.410	4900	3.460	645300	3.470	1600	3.480	500	3.490	3800	3.500	16900	/16843588//12894553/3747523/3.45/3.41//2008-9-18 15:2:27
