14/600037/歌华有线/9.020	780	9.010	5700	9.000	42300	8.990	100	8.950	2700	9.030	26800	9.040	300	9.050	500	9.060	100	9.080	4398	/16842767//762624/84220/9.02/9.33//2008-9-18 9:31:34
14/600037/歌华有线/9.040	2200	9.030	72900	9.020	4000	9.010	11780	9.000	48400	9.080	2498	9.100	7959	9.120	800	9.140	500	9.180	1000	/16842767//1131916/125120/9.03/9.33//2008-9-18 9:32:35
14/600037/歌华有线/9.120	10000	9.110	2000	9.100	30041	9.080	14500	9.070	800	9.180	2000	9.190	900	9.200	15500	9.250	1459	9.260	18800	/16842767//1267997/140079/9.11/9.33//2008-9-18 9:33:35
14/600037/歌华有线/9.180	1500	9.130	2000	9.120	10600	9.110	2600	9.100	29641	9.200	1400	9.240	800	9.250	1459	9.260	15300	9.270	2000	/16842767//1420716/156679/9.2/9.33//2008-9-18 9:34:35
14/600037/歌华有线/9.150	500	9.130	3300	9.120	10300	9.110	3300	9.100	32141	9.160	2000	9.180	400	9.190	200	9.200	4700	9.230	500	/16842767//1547424/170479/9.18/9.33//2008-9-18 9:35:35
14/600037/歌华有线/9.110	2280	9.100	33641	9.080	13700	9.070	800	9.060	2300	9.140	200	9.150	6400	9.170	100	9.180	1300	9.200	3850	/16842767//1990779/218899/9.14/9.33//2008-9-18 9:36:36
14/600037/歌华有线/9.110	6780	9.100	46341	9.080	14200	9.070	1000	9.060	2300	9.140	500	9.180	800	9.190	100	9.200	10650	9.230	1000	/16842767//2114216/232399/9.14/9.33//2008-9-18 9:37:36
14/600037/歌华有线/9.120	500	9.110	12580	9.100	47041	9.080	14700	9.070	1000	9.150	12545	9.180	700	9.190	100	9.200	11650	9.230	1000	/16842767//2423313/266199/9.15/9.33//2008-9-18 9:38:36
14/600037/歌华有线/9.130	10090	9.120	14400	9.110	24480	9.100	39541	9.080	15500	9.140	1400	9.150	13045	9.180	700	9.190	6700	9.200	10250	/16842767//2647916/290809/9.13/9.33//2008-9-18 9:39:36
14/600037/歌华有线/9.140	4600	9.130	16940	9.120	9400	9.110	32380	9.100	38441	9.200	4750	9.230	1000	9.240	3500	9.250	4659	9.260	16000	/16842767//3128682/343359/9.14/9.33//2008-9-18 9:40:36
14/600037/歌华有线/9.160	1500	9.150	12700	9.140	5600	9.130	3340	9.120	11500	9.170	2800	9.180	5000	9.190	5000	9.200	5050	9.230	500	/16842767//3491447/382959/9.17/9.33//2008-9-18 9:41:37
14/600037/歌华有线/9.190	400	9.180	5000	9.170	500	9.160	8000	9.150	36400	9.200	8550	9.230	1000	9.240	3500	9.250	4659	9.260	15700	/16842767//3673983/402859/9.19/9.33//2008-9-18 9:42:37
14/600037/歌华有线/9.200	9550	9.190	500	9.180	15600	9.170	17000	9.160	5500	9.230	5000	9.240	3400	9.250	4759	9.260	15700	9.270	3600	/16842767//3921141/429709/9.2/9.33//2008-9-18 9:43:37
14/600037/歌华有线/9.200	3550	9.190	500	9.180	15000	9.170	17000	9.160	5500	9.220	1200	9.230	500	9.240	3400	9.250	6759	9.260	900	/16842767//4135728/453009/9.22/9.33//2008-9-18 9:44:37
14/600037/歌华有线/9.220	12250	9.200	11900	9.190	700	9.180	15000	9.170	500	9.230	2500	9.240	3900	9.250	6259	9.260	900	9.270	3600	/16842767//4251787/465609/9.22/9.33//2008-9-18 9:45:37
14/600037/歌华有线/9.220	3100	9.210	1000	9.200	17250	9.190	9500	9.180	15100	9.230	2400	9.240	4800	9.250	6259	9.260	2800	9.270	3600	/16842767//4497901/492309/9.22/9.33//2008-9-18 9:46:38
14/600037/歌华有线/9.220	12400	9.210	3000	9.200	17250	9.190	6700	9.180	15100	9.250	1759	9.260	2800	9.270	3600	9.280	4515	9.290	6129	/16842767//4830242/528309/9.22/9.33//2008-9-18 9:47:38
14/600037/歌华有线/9.250	6641	9.240	600	9.230	6000	9.220	11400	9.210	3000	9.260	2500	9.270	2500	9.280	4515	9.290	6129	9.300	19300	/16842767//4888161/534568/9.26/9.33//2008-9-18 9:48:38
14/600037/歌华有线/9.270	4000	9.260	18000	9.250	14541	9.240	600	9.230	6000	9.280	2215	9.290	6229	9.300	21600	9.320	13600	9.330	9183	/16842767//5054967/552568/9.28/9.33//2008-9-18 9:49:39
14/600037/歌华有线/9.270	15600	9.260	21000	9.250	9300	9.240	600	9.230	6000	9.280	4744	9.300	20900	9.320	6500	9.330	6833	9.340	37100	/16842767//5223986/570768/9.28/9.33//2008-9-18 9:50:39
14/600037/歌华有线/9.280	11756	9.270	11800	9.260	21000	9.250	9300	9.240	800	9.290	2000	9.300	20500	9.320	6200	9.330	6833	9.340	3500	/16842767//5345931/583912/9.28/9.33//2008-9-18 9:51:39
14/600037/歌华有线/9.230	400	9.220	11600	9.210	3000	9.200	14850	9.190	900	9.260	33908	9.270	30900	9.280	13743	9.290	9800	9.300	21200	/16842767//6157344/671568/9.23/9.33//2008-9-18 9:52:39
14/600037/歌华有线/9.200	14850	9.190	900	9.180	15100	9.170	500	9.160	6500	9.210	100	9.220	26501	9.230	4115	9.250	1500	9.260	27518	/16842767//6357025/693168/9.22/9.33//2008-9-18 9:53:40
14/600037/歌华有线/9.180	15000	9.170	500	9.160	6500	9.150	18000	9.140	1000	9.200	2500	9.220	12151	9.230	4115	9.240	500	9.250	7500	/16842767//7241766/789268/9.19/9.33//2008-9-18 9:54:40
14/600037/歌华有线/9.200	32900	9.190	200	9.180	15000	9.170	500	9.160	6800	9.220	351	9.230	4115	9.240	500	9.250	6900	9.260	22308	/16842767//7140949/778318/9.2/9.33//2008-9-18 9:55:40
14/600037/歌华有线/9.220	3949	9.210	15400	9.200	31500	9.190	10200	9.180	15300	9.230	4115	9.240	500	9.250	6900	9.260	18008	9.270	5900	/16842767//7235428/788569/9.22/9.33//2008-9-18 9:56:41
14/600037/歌华有线/9.250	12600	9.240	2000	9.230	14286	9.220	700	9.210	6649	9.260	18400	9.270	5900	9.280	2700	9.290	55600	9.300	26500	/16842767//7550365/822683/9.25/9.33//2008-9-18 9:57:41
14/600037/歌华有线/9.250	2700	9.240	2000	9.230	14286	9.220	10700	9.210	11149	9.260	17100	9.270	5800	9.280	2800	9.290	55600	9.300	28800	/16842767//7649388/833383/9.25/9.33//2008-9-18 9:58:41
14/600037/歌华有线/9.240	2000	9.230	14186	9.220	11100	9.210	11149	9.200	86100	9.250	1343	9.260	19180	9.270	5800	9.280	4200	9.290	55600	/16842767//7666963/835283/9.25/9.33//2008-9-18 9:59:41
14/600037/歌华有线/9.240	14800	9.230	2286	9.220	11100	9.210	11649	9.200	86200	9.250	3500	9.260	16623	9.270	5600	9.280	4300	9.290	55600	/16842767//7854491/855583/9.24/9.33//2008-9-18 10:0:42
14/600037/歌华有线/9.250	2800	9.230	2086	9.220	10700	9.210	11649	9.200	86200	9.260	923	9.270	5600	9.280	6900	9.290	55600	9.300	35500	/16842767//8355746/909783/9.25/9.33//2008-9-18 10:1:42
14/600037/歌华有线/9.260	4077	9.250	14200	9.240	7400	9.230	11886	9.220	10000	9.270	5600	9.280	9000	9.290	55600	9.300	35100	9.320	6200	/16842767//8854707/963706/9.26/9.25//2008-9-18 10:2:42
14/600037/歌华有线/9.260	9600	9.250	4607	9.230	2086	9.220	15000	9.210	35849	9.270	400	9.280	9200	9.290	55600	9.300	35200	9.320	6200	/16842767//9166470/997376/9.26/9.25//2008-9-18 10:3:42
14/600037/歌华有线/9.250	19707	9.240	1000	9.230	2186	9.220	15000	9.210	35849	9.260	21800	9.270	500	9.290	48899	9.300	35400	9.320	6700	/16842767//9819032/1067776/9.26/9.25//2008-9-18 10:4:43
14/600037/歌华有线/9.240	6000	9.230	2186	9.220	15000	9.210	35349	9.200	62200	9.250	6193	9.260	16400	9.270	3499	9.280	12600	9.290	22399	/16842767//10305973/1120383/9.25/9.25//2008-9-18 10:5:43
14/600037/歌华有线/9.240	11443	9.230	21400	9.220	15000	9.210	35849	9.200	62700	9.250	14300	9.260	13500	9.270	3800	9.280	13100	9.290	25599	/16842767//10826754/1176726/9.24/9.25//2008-9-18 10:6:43
14/600037/歌华有线/9.230	9490	9.220	15000	9.210	36049	9.200	62700	9.190	200	9.240	2399	9.250	18057	9.260	13500	9.270	5500	9.280	1500	/16842767//11354717/1233879/9.23/9.25//2008-9-18 10:7:44
14/600037/歌华有线/9.210	39649	9.200	62200	9.190	200	9.180	16300	9.170	1000	9.220	4300	9.230	63908	9.240	1500	9.250	30457	9.260	15100	/16842767//11785498/1280569/9.21/9.25//2008-9-18 10:8:44
14/600037/歌华有线/9.200	8900	9.190	700	9.180	16500	9.170	1400	9.160	6000	9.210	7151	9.220	2700	9.230	47008	9.240	1900	9.250	34757	/16842767//12568869/1365567/9.21/9.25//2008-9-18 10:9:44
14/600037/歌华有线/9.220	3449	9.210	200	9.200	100	9.190	500	9.180	16500	9.230	47008	9.240	2000	9.250	34457	9.260	14200	9.270	4500	/16842767//12776088/1388069/9.22/9.25//2008-9-18 10:10:44
14/600037/歌华有线/9.200	4049	9.190	1300	9.180	18100	9.170	900	9.160	6500	9.220	6500	9.230	46008	9.240	1200	9.250	31300	9.260	14200	/16842767//13035599/1416269/9.2/9.25//2008-9-18 10:11:45
14/600037/歌华有线/9.190	500	9.180	13200	9.170	900	9.160	6500	9.150	10700	9.200	6251	9.220	6200	9.230	46008	9.240	1500	9.250	29500	/16842767//13183162/1432318/9.19/9.25//2008-9-18 10:12:45
14/600037/歌华有线/9.160	13100	9.150	10200	9.140	1000	9.130	2600	9.120	3800	9.180	22845	9.190	2300	9.200	5651	9.210	200	9.220	6700	/16842767//13376004/1453318/9.18/9.25//2008-9-18 10:13:45
14/600037/歌华有线/9.140	11400	9.130	18600	9.120	3800	9.110	6300	9.100	59941	9.150	9099	9.180	13845	9.190	2300	9.200	18651	9.210	200	/16842767//13843358/1504318/9.15/9.25//2008-9-18 10:14:46
14/600037/歌华有线/9.130	16843	9.120	7000	9.110	8300	9.100	83141	9.080	19700	9.150	6500	9.180	5696	9.200	900	9.210	7200	9.220	25700	/16842767//14711742/1599075/9.15/9.25//2008-9-18 10:15:46
14/600037/歌华有线/9.160	3300	9.150	82604	9.140	1900	9.130	16143	9.120	6900	9.200	2800	9.210	7200	9.220	25700	9.230	68398	9.240	1400	/16842767//0/0/9.15/9.25//2008-9-18 10:16:46
14/600037/歌华有线/9.180	2000	9.170	11700	9.160	18100	9.150	73804	9.140	1600	9.200	200	9.210	2000	9.220	25700	9.230	68398	9.240	1800	/16842767//15145871/1646371/9.2/9.25//2008-9-18 10:17:47
14/600037/歌华有线/9.200	22300	9.180	1000	9.170	2000	9.160	18100	9.150	74304	9.220	25400	9.230	68198	9.240	1800	9.250	32398	9.260	13500	/16842767//15236066/1656171/9.2/9.25//2008-9-18 10:18:47
14/600037/歌华有线/9.200	12100	9.180	1000	9.170	1100	9.160	18100	9.150	74604	9.220	15900	9.230	65198	9.240	2300	9.250	31898	9.260	11900	/16842767//15376145/1671371/9.22/9.25//2008-9-18 10:19:47
14/600037/歌华有线/9.200	11000	9.180	1000	9.170	4100	9.160	18100	9.150	74404	9.210	400	9.220	15500	9.230	65198	9.240	1900	9.250	26898	/16842767//15395481/1673471/9.2/9.25//2008-9-18 10:20:48
14/600037/歌华有线/9.190	100	9.180	2300	9.170	4600	9.160	17900	9.150	74604	9.200	12100	9.210	600	9.220	16500	9.230	65198	9.240	1900	/16842767//15536274/1688771/9.2/9.25//2008-9-18 10:21:48
14/600037/歌华有线/9.190	700	9.180	2300	9.170	34600	9.160	23400	9.150	74704	9.210	1800	9.220	16600	9.230	41808	9.240	1900	9.250	26898	/16842767//15667828/1703071/9.19/9.25//2008-9-18 10:22:48
14/600037/歌华有线/9.190	200	9.180	7500	9.170	35100	9.160	23400	9.150	74704	9.200	900	9.210	100	9.220	16600	9.230	41808	9.240	2000	/16842767//15696370/1706171/9.19/9.25//2008-9-18 10:23:48
14/600037/歌华有线/9.210	1200	9.200	29900	9.170	35100	9.160	22400	9.150	75104	9.220	16600	9.230	41808	9.240	2000	9.250	27398	9.260	12000	/16842767//15908694/1729271/9.21/9.25//2008-9-18 10:24:49
14/600037/歌华有线/9.200	25300	9.170	35100	9.160	22400	9.150	75604	9.140	201800	9.210	25900	9.220	15200	9.230	41808	9.240	2000	9.250	27898	/16842767//15940004/1732671/9.2/9.25//2008-9-18 10:25:49
14/600037/歌华有线/9.210	5900	9.200	22400	9.180	500	9.170	35100	9.160	22400	9.220	15600	9.230	61808	9.240	2500	9.250	28398	9.260	10000	/16842767//16290868/1770771/9.21/9.25//2008-9-18 10:26:49
14/600037/歌华有线/9.200	22400	9.180	500	9.170	35100	9.160	22400	9.150	76204	9.230	3008	9.240	2500	9.250	28398	9.260	10000	9.270	6001	/16842767//17090722/1857471/9.23/9.25//2008-9-18 10:27:50
14/600037/歌华有线/9.220	1800	9.210	25400	9.200	21300	9.180	1900	9.170	34600	9.230	2608	9.240	2500	9.250	27398	9.260	10000	9.270	5001	/16842767//17146900/1863571/9.23/9.25//2008-9-18 10:28:50
14/600037/歌华有线/9.230	4392	9.220	1700	9.210	25400	9.200	1600	9.180	2300	9.240	900	9.250	27898	9.260	10000	9.270	5001	9.280	6600	/16842767//17200520/1869379/9.23/9.25//2008-9-18 10:29:50
14/600037/歌华有线/9.210	25292	9.200	3600	9.180	2300	9.170	31600	9.160	12400	9.230	1300	9.240	7700	9.250	27898	9.260	8900	9.270	5001	/16842767//17299236/1880079/9.21/9.25//2008-9-18 10:30:51
14/600037/歌华有线/9.210	21192	9.200	3700	9.180	2500	9.170	31600	9.160	12400	9.230	2000	9.240	3400	9.250	25900	9.260	7800	9.270	5401	/16842767//17427514/1893979/9.23/9.25//2008-9-18 10:31:51
14/600037/歌华有线/9.200	800	9.180	5100	9.170	31600	9.160	12400	9.150	6000	9.210	10408	9.230	1900	9.240	6600	9.250	26900	9.260	7800	/16842767//17675146/1920871/9.2/9.25//2008-9-18 10:32:51
14/600037/歌华有线/9.180	500	9.170	4700	9.160	12200	9.150	6000	9.140	200600	9.200	300	9.210	208	9.230	2100	9.240	8000	9.250	27900	/16842767//18095700/1966671/9.21/9.25//2008-9-18 10:33:52
14/600037/歌华有线/9.170	53000	9.160	13300	9.150	46600	9.140	200800	9.130	16643	9.180	1000	9.210	1108	9.230	2200	9.240	8300	9.250	29400	/16842767//18173870/1975171/9.21/9.25//2008-9-18 10:34:52
14/600037/歌华有线/9.190	2592	9.180	1000	9.170	53000	9.160	12600	9.150	48100	9.230	3400	9.240	10500	9.250	29700	9.260	8000	9.270	5401	/16842767//18243884/1982779/9.19/9.25//2008-9-18 10:35:52
14/600037/歌华有线/9.190	300	9.180	1900	9.170	46800	9.160	12600	9.150	48600	9.200	5300	9.210	299	9.220	4500	9.230	3900	9.240	10500	/16842767//18413820/2001279/9.2/9.25//2008-9-18 10:36:53
14/600037/歌华有线/9.180	12400	9.170	46800	9.160	12600	9.150	49400	9.140	200600	9.190	300	9.210	2899	9.220	4500	9.230	4700	9.240	10500	/16842767//18573858/2018679/9.19/9.25//2008-9-18 10:37:53
14/600037/歌华有线/9.200	1300	9.180	3100	9.170	46800	9.160	12300	9.150	49900	9.210	2799	9.220	16300	9.230	5700	9.240	10500	9.250	52200	/16842767//18698784/2032279/9.2/9.25//2008-9-18 10:38:53
14/600037/歌华有线/9.180	7540	9.170	46800	9.160	12300	9.150	50200	9.140	200600	9.200	3400	9.210	3299	9.220	16300	9.230	5700	9.240	11100	/16842767//18774696/2040539/9.18/9.25//2008-9-18 10:39:54
14/600037/歌华有线/9.170	10240	9.160	12300	9.150	50200	9.140	200600	9.130	16643	9.180	2000	9.190	500	9.200	7400	9.210	3399	9.220	16300	/16842767//19192026/2086039/9.17/9.25//2008-9-18 10:40:54
14/600037/歌华有线/9.190	700	9.180	1800	9.170	9240	9.160	12600	9.150	50100	9.200	2700	9.210	2799	9.220	16300	9.230	6100	9.240	10800	/16842767//19528580/2122639/9.19/9.25//2008-9-18 10:41:54
14/600037/歌华有线/9.180	3300	9.170	8740	9.160	12600	9.150	50100	9.140	200600	9.200	1960	9.210	2799	9.220	16300	9.230	6600	9.240	10800	/16842767//19587396/2129039/9.2/9.25//2008-9-18 10:42:55
14/600037/歌华有线/9.170	6300	9.160	13600	9.150	49600	9.140	200600	9.130	16643	9.180	1400	9.190	300	9.200	3560	9.210	2899	9.220	16300	/16842767//19689656/2140179/9.17/9.25//2008-9-18 10:43:55
14/600037/歌华有线/9.200	25240	9.170	6500	9.160	13600	9.150	49200	9.140	200600	9.210	899	9.220	16300	9.230	6600	9.240	13500	9.250	51300	/16842767//19867554/2159539/9.2/9.25//2008-9-18 10:44:56
14/600037/歌华有线/9.170	7300	9.160	13600	9.150	48400	9.140	200600	9.130	16643	9.200	6470	9.210	6699	9.220	16800	9.230	7600	9.240	12400	/16842767//20307958/2207409/9.2/9.25//2008-9-18 10:45:56
14/600037/歌华有线/9.170	4000	9.160	13600	9.150	47400	9.140	200600	9.130	16643	9.190	300	9.200	29070	9.210	7499	9.220	16800	9.230	7600	/16842767//20155776/2190879/9.19/9.25//2008-9-18 10:46:56
14/600037/歌华有线/9.150	24511	9.140	200600	9.130	16643	9.120	4300	9.110	1900	9.160	2850	9.170	3500	9.180	2100	9.190	25800	9.200	53200	/16842767//20588886/2238168/9.15/9.25//2008-9-18 10:47:57
14/600037/歌华有线/9.180	11200	9.170	33200	9.150	4911	9.140	200600	9.130	16643	9.190	700	9.200	29738	9.210	11499	9.220	20800	9.230	7800	/16842767//22641984/2461468/9.19/9.25//2008-9-18 10:48:57
14/600037/歌华有线/9.170	18700	9.150	5411	9.140	200500	9.130	17143	9.120	3800	9.180	2900	9.190	8000	9.200	53638	9.210	11799	9.220	20800	/16842767//22921030/2491868/9.17/9.25//2008-9-18 10:49:57
14/600037/歌华有线/9.140	198500	9.130	17143	9.120	3800	9.110	1700	9.100	83941	9.150	30827	9.160	7200	9.170	22190	9.180	900	9.190	15100	/16842767//23222668/2524779/9.14/9.25//2008-9-18 10:50:58
14/600037/歌华有线/9.120	100443	9.110	1000	9.100	54641	9.090	400	9.080	12300	9.140	980	9.150	6900	9.160	1789	9.170	8600	9.180	1200	/16842767//24496104/2664266/9.12/9.25//2008-9-18 10:51:58
14/600037/歌华有线/9.120	29763	9.100	62941	9.090	400	9.080	13000	9.070	300	9.160	1089	9.170	8600	9.180	1650	9.190	6500	9.200	32700	/16842767//25442530/2767946/9.12/9.25//2008-9-18 10:52:58
14/600037/歌华有线/9.100	26604	9.090	900	9.080	12800	9.070	300	9.060	1000	9.120	10500	9.140	1000	9.150	2900	9.160	17200	9.170	5789	/16842767//26298304/2861846/9.12/9.25//2008-9-18 10:53:59
14/600037/歌华有线/9.090	2400	9.080	11500	9.070	600	9.060	3000	9.050	167400	9.100	4600	9.120	7596	9.140	1000	9.150	4800	9.160	18000	/16842767//26736094/2909950/9.09/9.25//2008-9-18 10:54:59
14/600037/歌华有线/9.100	46200	9.090	4100	9.080	12700	9.070	1600	9.060	3000	9.110	1200	9.120	1396	9.140	2000	9.150	4800	9.160	17700	/16842767//26969234/2935550/9.11/9.25//2008-9-18 10:56:0
14/600037/歌华有线/9.100	3604	9.090	2400	9.080	12700	9.070	1600	9.060	6000	9.140	100	9.150	4800	9.160	17700	9.170	5489	9.180	4550	/16842767//27634806/3008646/9.14/9.25//2008-9-18 10:57:0
14/600037/歌华有线/9.100	7504	9.090	900	9.080	13200	9.070	1600	9.060	5600	9.110	300	9.130	10200	9.140	5000	9.150	11200	9.160	20000	/16842767//27864554/3033846/9.11/9.25//2008-9-18 10:58:0
14/600037/歌华有线/9.060	3600	9.050	153605	9.040	9300	9.030	17200	9.020	5200	9.080	6600	9.100	20000	9.110	900	9.120	10900	9.130	10600	/16842767//28448242/3098145/9.08/9.25//2008-9-18 10:59:1
14/600037/歌华有线/9.040	9300	9.030	14200	9.020	4900	9.010	6500	9.000	170200	9.050	11895	9.060	500	9.070	2000	9.080	2100	9.090	8550	/16842767//30047106/3274750/9.05/9.25//2008-9-18 11:0:1
14/600037/歌华有线/9.010	4400	9.000	73800	8.990	200	8.970	200	8.950	1600	9.040	14099	9.050	18995	9.060	1700	9.070	500	9.080	11000	/16842767//31397010/3424550/9.0/9.25//2008-9-18 11:1:2
14/600037/歌华有线/8.990	200	8.980	2300	8.970	200	8.950	1600	8.940	200	9.000	95100	9.010	3100	9.030	11100	9.040	19099	9.050	23995	/16842767//32355826/3531050/9.0/9.25//2008-9-18 11:2:2
14/600037/歌华有线/8.940	3200	8.930	40800	8.920	500	8.910	1500	8.900	32600	8.950	4800	8.980	16200	8.990	12550	9.000	95260	9.010	2100	/16842767//32799868/3580450/8.93/9.25//2008-9-18 11:3:2
14/600037/歌华有线/8.980	5300	8.970	300	8.960	6300	8.950	160800	8.940	2800	9.000	6210	9.010	2100	9.030	1000	9.040	12099	9.050	13595	/16842767//33847916/3697050/8.98/9.25//2008-9-18 11:4:3
14/600037/歌华有线/9.030	4600	9.010	1690	9.000	7700	8.980	2000	8.970	5000	9.040	4299	9.050	12895	9.060	1700	9.080	10900	9.100	26000	/16842767//34043624/3718760/9.03/9.25//2008-9-18 11:5:3
14/600037/歌华有线/9.000	88700	8.980	5200	8.970	5000	8.960	18300	8.950	164600	9.010	1610	9.030	7400	9.050	2394	9.060	4700	9.080	11900	/16842767//34328068/3750240/9.01/9.25//2008-9-18 11:6:4
14/600037/歌华有线/9.040	2900	9.030	1690	9.010	18200	9.000	80400	8.980	5300	9.050	3494	9.060	4700	9.080	11900	9.090	300	9.100	24720	/16842767//34546512/3774460/9.04/9.25//2008-9-18 11:7:4
14/600037/歌华有线/9.070	3806	9.060	200	9.050	3600	9.030	1690	9.010	17700	9.080	8900	9.090	300	9.100	26720	9.110	300	9.120	9900	/16842767//34661500/3787154/9.07/9.25//2008-9-18 11:8:4
14/600037/歌华有线/9.080	600	9.060	500	9.050	13200	9.030	5700	9.010	1300	9.090	500	9.100	27620	9.110	1300	9.120	7900	9.130	10100	/16842767//35010288/3825554/9.08/9.25//2008-9-18 11:9:5
14/600037/歌华有线/9.050	11900	9.030	10700	9.010	1000	9.000	107800	8.980	2100	9.060	4900	9.070	500	9.080	40300	9.090	2400	9.100	20700	/16842767//35246608/3851554/9.06/9.25//2008-9-18 11:10:5
14/600037/歌华有线/9.060	18001	9.050	11900	9.030	5700	9.010	5300	9.000	107800	9.070	1400	9.080	35800	9.090	12400	9.100	27700	9.110	1300	/16842767//35433408/3872153/9.06/9.25//2008-9-18 11:11:6
14/600037/歌华有线/9.060	9641	9.050	11900	9.030	5700	9.010	5300	9.000	107800	9.070	700	9.080	3000	9.090	12700	9.100	27300	9.110	1300	/16842767//36041372/3939113/9.07/9.25//2008-9-18 11:12:6
14/600037/歌华有线/9.060	4140	9.050	8900	9.030	5700	9.010	35000	9.000	107800	9.080	20900	9.090	5200	9.100	29800	9.110	1300	9.120	4900	/16842767//36216592/3958414/9.06/9.25//2008-9-18 11:13:7
14/600037/歌华有线/9.070	2800	9.050	26900	9.030	5700	9.010	38300	9.000	107800	9.080	4522	9.090	5200	9.100	32800	9.110	1300	9.120	4700	/16842767//36570756/3997454/9.08/9.25//2008-9-18 11:14:7
14/600037/歌华有线/9.080	7678	9.060	300	9.050	26700	9.030	4700	9.010	38800	9.090	1000	9.100	31000	9.110	3500	9.120	4700	9.130	14030	/16842767//36800840/4022776/9.09/9.25//2008-9-18 11:15:7
14/600037/歌华有线/9.080	6178	9.060	1300	9.050	40300	9.030	4700	9.010	8800	9.100	100	9.110	100	9.120	8200	9.130	14030	9.140	1500	/16842767//37294896/4077076/9.1/9.25//2008-9-18 11:16:8
14/600037/歌华有线/9.100	1000	9.070	300	9.060	5300	9.050	40300	9.030	4700	9.110	2222	9.120	2600	9.130	14230	9.140	1500	9.150	11100	/16842767//37483144/4097754/9.11/9.25//2008-9-18 11:17:8
14/600037/歌华有线/9.100	9900	9.070	300	9.060	5500	9.050	40300	9.030	4700	9.130	9552	9.140	1500	9.150	13500	9.160	14120	9.170	789	/16842767//37701820/4121754/9.1/9.25//2008-9-18 11:18:9
14/600037/歌华有线/9.100	9900	9.080	1000	9.070	300	9.060	5500	9.050	40300	9.130	852	9.140	5000	9.150	12500	9.160	13520	9.170	789	/16842767//37854300/4138454/9.13/9.25//2008-9-18 11:19:9
14/600037/歌华有线/9.120	500	9.100	9900	9.080	1000	9.070	300	9.060	5500	9.130	352	9.150	11900	9.160	13520	9.170	1889	9.180	27100	/16842767//37984012/4152654/9.14/9.25//2008-9-18 11:20:10
14/600037/歌华有线/9.120	500	9.100	9900	9.080	1000	9.070	300	9.060	5500	9.140	27852	9.150	12300	9.160	13520	9.170	1889	9.180	27100	/16842767//38096432/4164954/9.14/9.25//2008-9-18 11:21:10
14/600037/歌华有线/9.100	8400	9.080	1000	9.070	300	9.060	5500	9.050	40300	9.130	600	9.140	46952	9.150	15000	9.160	13520	9.170	2889	/16842767//38235244/4180154/9.13/9.25//2008-9-18 11:22:10
14/600037/歌华有线/9.100	1600	9.080	1000	9.060	5500	9.050	40300	9.030	5700	9.120	9700	9.130	30700	9.140	49252	9.150	15100	9.160	13520	/16842767//38412108/4199554/9.1/9.25//2008-9-18 11:23:11
14/600037/歌华有线/9.070	1800	9.050	600	9.030	5700	9.010	16400	9.000	108100	9.090	500	9.120	15300	9.130	35000	9.140	48752	9.150	12900	/16842767//39236776/4290454/9.07/9.25//2008-9-18 11:24:11
14/600037/歌华有线/9.050	1599	9.030	5600	9.010	16100	9.000	109600	8.990	1000	9.080	8600	9.100	2500	9.110	1400	9.120	13400	9.130	35000	/16842767//39399068/4308356/9.05/9.25//2008-9-18 11:25:12
14/600037/歌华有线/9.050	25799	9.040	500	9.030	5600	9.010	17200	9.000	114100	9.080	1600	9.100	2500	9.110	4700	9.120	13400	9.130	35000	/16842767//39625648/4333355/9.08/9.25//2008-9-18 11:26:12
14/600037/歌华有线/9.060	1000	9.050	15799	9.040	500	9.030	5600	9.010	13400	9.070	17800	9.100	7000	9.110	5300	9.120	13400	9.130	35100	/16842767//39845972/4357655/9.07/9.25//2008-9-18 11:27:13
14/600037/歌华有线/9.080	2600	9.070	4200	9.060	300	9.050	14399	9.040	500	9.090	1500	9.100	9000	9.110	5300	9.120	13400	9.130	33600	/16842767//40121624/4388055/9.08/9.25//2008-9-18 11:28:13
14/600037/歌华有线/9.050	8679	9.040	500	9.030	5600	9.020	1000	9.010	12400	9.080	1200	9.090	7052	9.100	4600	9.110	6300	9.120	13400	/16842767//40557500/4436075/9.09/9.25//2008-9-18 11:29:14
14/600037/歌华有线/9.050	101179	9.040	1300	9.030	5600	9.020	1000	9.010	12400	9.080	800	9.090	3867	9.100	8500	9.110	6801	9.120	13400	/16842767//40709868/4452875/9.05/9.25//2008-9-18 11:30:14
14/600037/歌华有线/9.050	101179	9.040	1300	9.030	5600	9.020	1000	9.010	12400	9.080	800	9.090	3867	9.100	8500	9.110	6801	9.120	13400	/16842767//40709868/4452875/9.05/9.25//2008-9-18 11:31:15
14/600037/歌华有线/9.060	3400	9.050	39612	9.040	500	9.030	6600	9.020	1100	9.090	94000	9.100	9900	9.110	6201	9.120	9300	9.130	26800	/16842767//44984424/4923413/9.09/9.25//2008-9-18 13:1:15
14/600037/歌华有线/9.050	4612	9.040	500	9.030	6600	9.020	1100	9.010	15400	9.060	23600	9.070	6000	9.080	13200	9.090	10400	9.100	9900	/16842767//45463500/4976313/9.05/9.25//2008-9-18 13:2:16
14/600037/歌华有线/9.030	6300	9.020	1100	9.010	35400	9.000	93400	8.990	1000	9.040	6600	9.050	51987	9.060	20300	9.070	6500	9.080	6800	/16842767//45705168/5003025/9.04/9.25//2008-9-18 13:3:16
14/600037/歌华有线/9.020	100	9.010	56100	9.000	95600	8.990	1000	8.980	2500	9.030	2900	9.040	7500	9.050	46388	9.060	300	9.070	6500	/16842767//45917360/5026525/9.03/9.25//2008-9-18 13:4:17
14/600037/歌华有线/9.020	4300	9.010	38800	9.000	95100	8.990	1000	8.980	2500	9.030	100	9.040	7500	9.050	53188	9.060	300	9.070	6500	/16842767//46336652/5073025/9.02/9.25//2008-9-18 13:5:17
14/600037/歌华有线/9.030	800	9.010	18000	9.000	97500	8.990	1000	8.980	3000	9.040	700	9.050	44988	9.060	300	9.070	6500	9.080	6600	/16842767//46708624/5114276/9.03/9.25//2008-9-18 13:6:18
14/600037/歌华有线/9.020	5000	9.010	8400	9.000	96000	8.990	1000	8.980	3000	9.030	701	9.040	14300	9.050	45488	9.060	300	9.070	6500	/16842767//46936052/5139476/9.01/9.25//2008-9-18 13:7:18
14/600037/歌华有线/9.030	12300	9.020	1500	9.010	7400	9.000	96000	8.990	1000	9.040	6800	9.050	13088	9.060	300	9.070	6500	9.080	6600	/16842767//47623308/5215476/9.03/9.25//2008-9-18 13:8:19
14/600037/歌华有线/9.020	800	9.010	800	9.000	131400	8.990	1000	8.980	3000	9.040	2300	9.050	9988	9.060	300	9.070	6500	9.080	6600	/16842767//48182356/5277376/9.04/9.25//2008-9-18 13:9:19
14/600037/歌华有线/9.030	1000	9.020	5300	9.010	1900	9.000	131400	8.990	1000	9.050	20588	9.070	3900	9.080	6600	9.090	5900	9.100	8499	/16842767//48727184/5337576/9.05/9.25//2008-9-18 13:10:20
14/600037/歌华有线/9.020	5300	9.010	2200	9.000	131400	8.990	1000	8.980	3000	9.030	1200	9.040	200	9.050	39600	9.060	3000	9.070	3500	/16842767//49141624/5383376/9.03/9.25//2008-9-18 13:11:20
14/600037/歌华有线/9.020	4200	9.010	2300	9.000	132200	8.990	1000	8.980	3000	9.050	7000	9.060	1500	9.070	5500	9.080	6600	9.090	5900	/16842767//49669908/5441776/9.02/9.25//2008-9-18 13:12:21
14/600037/歌华有线/9.050	67900	9.020	4200	9.010	8800	9.000	132200	8.990	1000	9.070	1100	9.080	8600	9.090	5200	9.100	6299	9.110	6201	/16842767//49910784/5468376/9.05/9.25//2008-9-18 13:13:21
14/600037/歌华有线/9.100	20399	9.080	3300	9.070	1000	9.060	900	9.050	66200	9.120	9500	9.130	27700	9.140	38100	9.150	16100	9.160	12620	/16842767//50385304/5520577/9.1/9.25//2008-9-18 13:14:22
14/600037/歌华有线/9.100	37399	9.070	1000	9.060	700	9.050	66200	9.020	4200	9.120	13888	9.130	27700	9.140	4700	9.150	17500	9.160	12620	/16842767//50825032/5568877/9.1/9.25//2008-9-18 13:15:22
14/600037/歌华有线/9.090	700	9.060	700	9.050	46200	9.020	4200	9.010	8400	9.100	15201	9.110	9100	9.120	25566	9.130	27000	9.140	4700	/16842767//51239116/5614376/9.08/9.25//2008-9-18 13:16:23
14/600037/歌华有线/9.060	800	9.050	40700	9.020	4200	9.010	8400	9.000	133400	9.080	700	9.090	300	9.100	28757	9.110	9200	9.120	25866	/16842767//51601468/5654276/9.05/9.25//2008-9-18 13:17:23
14/600037/歌华有线/9.070	200	9.060	1700	9.050	42200	9.020	4200	9.010	12000	9.090	2200	9.100	30457	9.110	5700	9.120	25266	9.130	27600	/16842767//51785764/5674576/9.09/9.25//2008-9-18 13:18:24
14/600037/歌华有线/9.090	1000	9.080	200	9.070	200	9.060	1700	9.050	42200	9.100	4257	9.110	1800	9.120	25766	9.130	27600	9.140	5201	/16842767//52298100/5730876/9.1/9.25//2008-9-18 13:19:24
14/600037/歌华有线/9.060	1700	9.050	42200	9.020	4200	9.010	12000	9.000	135900	9.080	1200	9.090	400	9.100	11457	9.110	7420	9.120	25766	/16842767//52458232/5748476/9.08/9.25//2008-9-18 13:20:25
14/600037/歌华有线/9.090	6300	9.070	3700	9.060	5900	9.050	42200	9.020	4200	9.100	14556	9.110	10520	9.120	23766	9.130	27600	9.140	5201	/16842767//52613660/5765576/9.09/9.25//2008-9-18 13:21:25
14/600037/歌华有线/9.090	1000	9.080	500	9.070	3700	9.060	6500	9.050	42200	9.100	6456	9.110	9520	9.120	23766	9.130	27600	9.140	5201	/16842767//52766540/5782376/9.1/9.25//2008-9-18 13:22:26
14/600037/歌华有线/9.100	11800	9.070	3000	9.060	2000	9.050	42200	9.020	4200	9.110	5276	9.120	23766	9.130	22600	9.140	5201	9.150	40300	/16842767//53139976/5823476/9.11/9.25//2008-9-18 13:23:26
14/600037/歌华有线/9.110	4300	9.100	10200	9.070	2800	9.060	1200	9.050	42200	9.120	9542	9.130	21000	9.140	10201	9.150	49700	9.160	12620	/16842767//53356924/5847276/9.11/9.25//2008-9-18 13:24:27
14/600037/歌华有线/9.190	1100	9.140	100	9.130	2000	9.120	6200	9.110	4800	9.200	21041	9.210	6499	9.220	12800	9.230	4923	9.240	5700	/16842767//55321576/6061576/9.19/9.25//2008-9-18 13:25:27
14/600037/歌华有线/9.200	50659	9.190	3200	9.150	32300	9.130	5000	9.120	600	9.210	3599	9.220	12800	9.230	4223	9.240	6300	9.250	50590	/16842767//55653132/6097617/9.2/9.25//2008-9-18 13:26:28
14/600037/歌华有线/9.210	1800	9.200	53359	9.190	1200	9.150	32300	9.130	5000	9.220	12899	9.230	4723	9.240	7100	9.250	48890	9.260	8226	/16842767//55770972/6110417/9.22/9.25//2008-9-18 13:27:28
14/600037/歌华有线/9.200	22759	9.190	1200	9.150	33400	9.120	600	9.110	3400	9.220	300	9.230	19223	9.240	9900	9.250	49490	9.260	8226	/16842767//56605432/6201017/9.22/9.25//2008-9-18 13:28:29
14/600037/歌华有线/9.200	1259	9.190	1200	9.150	33300	9.120	1100	9.110	10300	9.210	4900	9.220	4600	9.230	20223	9.240	10600	9.250	49390	/16842767//57023112/6246417/9.2/9.25//2008-9-18 13:29:29
14/600037/歌华有线/9.150	32300	9.120	3100	9.110	10300	9.100	14200	9.080	100	9.190	5900	9.200	16641	9.210	7680	9.220	8490	9.230	20223	/16842767//57050316/6249376/9.19/9.25//2008-9-18 13:30:30
14/600037/歌华有线/9.170	1000	9.160	22500	9.150	32300	9.120	3100	9.110	10300	9.190	5001	9.200	22441	9.210	6980	9.220	5990	9.230	24223	/16842767//57122896/6257276/9.19/9.25//2008-9-18 13:31:30
14/600037/歌华有线/9.190	699	9.170	4600	9.160	23500	9.150	33300	9.120	3100	9.200	10140	9.210	5100	9.220	4890	9.230	24223	9.240	10660	/16842767//57484292/6296577/9.19/9.25//2008-9-18 13:32:31
14/600037/歌华有线/9.210	200	9.200	25100	9.190	3359	9.170	10500	9.160	23500	9.220	3790	9.230	24923	9.240	9260	9.250	60900	9.260	8526	/16842767//57837488/6334917/9.21/9.25//2008-9-18 13:33:31
14/600037/歌华有线/9.220	5030	9.210	200	9.200	25800	9.190	3000	9.170	9500	9.230	17623	9.240	9460	9.250	61300	9.260	8526	9.270	1200	/16842767//57979272/6350287/9.23/9.25//2008-9-18 13:34:32
14/600037/歌华有线/9.250	1417	9.240	2100	9.230	33900	9.220	5930	9.210	400	9.260	8326	9.270	1400	9.280	19400	9.290	55828	9.300	69843	/16842767//58912696/6451253/9.25/9.25//2008-9-18 13:35:32
14/600037/歌华有线/9.250	54900	9.240	1100	9.230	34400	9.220	3800	9.210	400	9.260	2226	9.270	3100	9.280	19200	9.290	56328	9.300	69543	/16842767//58985072/6459070/9.26/9.25//2008-9-18 13:36:33
14/600037/歌华有线/9.260	700	9.250	7574	9.240	1100	9.230	34100	9.220	3300	9.270	17200	9.280	21500	9.290	55828	9.300	67943	9.320	6800	/16842767//59296184/6492696/9.26/9.25//2008-9-18 13:37:34
14/600037/歌华有线/9.250	2474	9.240	1100	9.230	34100	9.220	3300	9.210	400	9.260	6100	9.270	21300	9.280	18500	9.290	54828	9.300	67943	/16842767//59379468/6501696/9.25/9.25//2008-9-18 13:38:34
14/600037/歌华有线/9.240	1000	9.230	29300	9.220	3300	9.210	200	9.200	138800	9.250	6036	9.260	15100	9.270	18200	9.280	19300	9.290	54828	/16842767//59509564/6515770/9.24/9.25//2008-9-18 13:39:35
14/600037/歌华有线/9.230	26700	9.220	3000	9.210	200	9.200	139800	9.190	1100	9.240	500	9.250	12236	9.260	25100	9.270	12000	9.280	19300	/16842767//59586236/6524070/9.23/9.25//2008-9-18 13:40:35
14/600037/歌华有线/9.230	23700	9.220	3000	9.210	200	9.200	139800	9.190	1100	9.240	600	9.250	7636	9.260	24500	9.270	12000	9.280	20800	/16842767//59722108/6538770/9.23/9.25//2008-9-18 13:41:36
14/600037/歌华有线/9.230	21200	9.220	3000	9.210	200	9.200	140000	9.190	1100	9.240	500	9.250	22136	9.260	23300	9.270	12000	9.280	21000	/16842767//59794168/6546570/9.25/9.25//2008-9-18 13:42:36
14/600037/歌华有线/9.230	20800	9.220	3000	9.210	6700	9.200	140000	9.190	1100	9.240	7500	9.250	24236	9.260	23300	9.270	12000	9.280	14800	/16842767//59808944/6548170/9.23/9.25//2008-9-18 13:43:37
14/600037/歌华有线/9.240	4000	9.230	12800	9.220	3000	9.210	6700	9.200	140100	9.250	25436	9.260	15300	9.270	12300	9.280	13700	9.290	54828	/16842767//59955776/6564070/9.24/9.25//2008-9-18 13:44:37
14/600037/歌华有线/9.250	31264	9.240	12700	9.230	12700	9.220	3000	9.210	6700	9.260	8500	9.270	12300	9.280	12000	9.290	54828	9.300	73843	/16842767//60268832/6597906/9.26/9.25//2008-9-18 13:45:38
14/600037/歌华有线/9.260	23600	9.250	29364	9.240	6700	9.230	11300	9.220	13000	9.270	6000	9.280	12000	9.290	54828	9.300	73843	9.320	7600	/16842767//60411388/6613306/9.26/9.25//2008-9-18 13:46:39
14/600037/歌华有线/9.260	18591	9.250	26964	9.240	5100	9.230	11300	9.220	13000	9.280	12000	9.290	54828	9.300	72743	9.320	7400	9.330	38133	/16842767//61008044/6677715/9.26/9.25//2008-9-18 13:47:39
14/600037/歌华有线/9.260	9591	9.250	26964	9.240	14800	9.230	11500	9.220	13000	9.270	1390	9.280	10200	9.290	54828	9.300	76743	9.320	7700	/16842767//61059964/6683315/9.27/9.25//2008-9-18 13:48:40
14/600037/歌华有线/9.270	1610	9.260	7091	9.250	5964	9.240	14700	9.230	11500	9.280	8900	9.290	54828	9.300	76743	9.320	8100	9.330	38133	/16842767//61332384/6712705/9.27/9.25//2008-9-18 13:49:40
14/600037/歌华有线/9.240	14700	9.230	11500	9.220	13000	9.210	100	9.200	139300	9.250	4735	9.260	2300	9.270	18800	9.280	12400	9.290	54828	/16842767//61495908/6730370/9.25/9.25//2008-9-18 13:50:41
14/600037/歌华有线/9.210	200	9.200	133900	9.190	1100	9.170	900	9.160	23000	9.220	100	9.230	200	9.240	15900	9.250	24435	9.260	3600	/16842767//61989464/6783870/9.2/9.25//2008-9-18 13:51:41
14/600037/歌华有线/9.220	3000	9.210	1200	9.200	117700	9.190	1100	9.170	200	9.230	3800	9.240	12100	9.250	19735	9.260	4600	9.270	16600	/16842767//62345156/6822570/9.21/9.25//2008-9-18 13:52:42
14/600037/歌华有线/9.200	117000	9.190	1100	9.160	22500	9.150	2200	9.130	16800	9.210	36200	9.220	13500	9.230	4300	9.240	12100	9.250	19835	/16842767//62389380/6827370/9.2/9.25//2008-9-18 13:53:42
14/600037/歌华有线/9.200	74400	9.190	1100	9.170	1000	9.160	22500	9.150	2400	9.210	33500	9.220	12300	9.230	1300	9.240	12100	9.250	22035	/16842767//62822732/6874470/9.2/9.25//2008-9-18 13:54:43
14/600037/歌华有线/9.210	8700	9.200	54950	9.190	1400	9.180	76500	9.170	1000	9.220	10500	9.230	1300	9.240	11600	9.250	23435	9.260	4000	/16842767//63311744/6927620/9.22/9.25//2008-9-18 13:55:44
14/600037/歌华有线/9.220	13100	9.210	4200	9.200	161350	9.190	1100	9.180	76500	9.230	3300	9.240	11600	9.250	23335	9.260	4000	9.270	7000	/16842767//63528256/6951120/9.22/9.25//2008-9-18 13:56:44
14/600037/歌华有线/9.230	7890	9.220	15100	9.210	7300	9.200	160850	9.190	1100	9.240	8900	9.250	23335	9.260	4000	9.270	7700	9.280	8900	/16842767//63573568/6956030/9.23/9.25//2008-9-18 13:57:45
14/600037/歌华有线/9.230	7690	9.220	17700	9.210	7800	9.200	152550	9.190	1100	9.240	1800	9.250	21735	9.260	4000	9.270	8200	9.280	8900	/16842767//63657644/6965130/9.24/9.25//2008-9-18 13:58:45
14/600037/歌华有线/9.260	3000	9.250	7465	9.230	7590	9.220	17700	9.210	7800	9.270	400	9.280	10900	9.290	52828	9.300	74838	9.310	500	/16842767//64003164/7002465/9.27/9.25//2008-9-18 13:59:46
14/600037/歌华有线/9.250	7465	9.230	6790	9.220	17700	9.210	7800	9.200	304450	9.270	3089	9.280	9400	9.290	53328	9.300	71838	9.310	500	/16842767//64022624/7004565/9.26/9.25//2008-9-18 14:0:47
14/600037/歌华有线/9.230	3790	9.220	17700	9.210	15800	9.200	304550	9.190	1100	9.250	7135	9.260	1500	9.270	4789	9.280	11100	9.290	52828	/16842767//64136960/7016930/9.23/9.25//2008-9-18 14:1:47
14/600037/歌华有线/9.240	200	9.230	3790	9.220	13500	9.210	9300	9.200	304550	9.260	700	9.270	9789	9.280	15600	9.290	53328	9.300	73038	/16842767//64243012/7028395/9.25/9.25//2008-9-18 14:2:48
14/600037/歌华有线/9.220	1500	9.210	18300	9.200	304250	9.190	1100	9.180	117400	9.230	5110	9.250	8100	9.260	2945	9.270	12789	9.280	15250	/16842767//64288496/7033320/9.23/9.25//2008-9-18 14:3:48
14/600037/歌华有线/9.210	18300	9.200	304150	9.190	1100	9.180	117400	9.150	2200	9.220	3400	9.230	7910	9.250	7600	9.260	1345	9.270	15824	/16842767//64318932/7036620/9.22/9.25//2008-9-18 14:4:49
14/600037/歌华有线/9.210	8700	9.200	302350	9.190	1100	9.180	117400	9.150	2200	9.220	5600	9.230	7710	9.250	7950	9.260	4845	9.270	17524	/16842767//64410160/7046520/9.21/9.25//2008-9-18 14:5:50
14/600037/歌华有线/9.200	301450	9.190	1100	9.180	117400	9.150	2200	9.130	200	9.210	32200	9.220	8000	9.230	6710	9.250	7950	9.260	5145	/16842767//64597116/7066820/9.21/9.25//2008-9-18 14:6:50
14/600037/歌华有线/9.210	12600	9.200	294850	9.190	1300	9.180	118900	9.150	2400	9.220	8000	9.230	6710	9.250	8450	9.260	5145	9.270	16589	/16842767//65025300/7113320/9.21/9.25//2008-9-18 14:7:51
14/600037/歌华有线/9.220	5600	9.210	18000	9.200	295650	9.190	1100	9.180	118900	9.230	6710	9.250	9950	9.260	4845	9.270	15989	9.280	14250	/16842767//65002308/7110820/9.22/9.25//2008-9-18 14:8:51
14/600037/歌华有线/9.230	6290	9.220	10300	9.210	8300	9.200	295650	9.190	1100	9.250	7800	9.260	4845	9.270	15789	9.280	14250	9.290	53328	/16842767//65125200/7124130/9.25/9.25//2008-9-18 14:9:52
14/600037/歌华有线/9.250	200	9.240	2800	9.230	1790	9.220	10300	9.210	17800	9.260	345	9.270	15789	9.280	14250	9.290	53328	9.300	79573	/16842767//65310008/7144130/9.25/9.25//2008-9-18 14:10:53
14/600037/歌华有线/9.250	7200	9.240	2800	9.230	1790	9.220	10300	9.210	15900	9.270	8234	9.280	14450	9.290	53328	9.300	76573	9.310	500	/16842767//65432280/7157330/9.27/9.25//2008-9-18 14:11:53
14/600037/歌华有线/9.280	1600	9.270	5966	9.260	2300	9.250	6900	9.240	2800	9.300	40351	9.320	7600	9.330	38133	9.340	5300	9.350	27633	/16842767//66578752/7280764/9.28/9.25//2008-9-18 14:12:54
14/600037/歌华有线/9.270	8166	9.260	2300	9.250	6900	9.240	2800	9.230	1790	9.280	10700	9.290	13978	9.300	39851	9.320	7600	9.330	38133	/16842767//66635376/7286864/9.28/9.25//2008-9-18 14:13:55
14/600037/歌华有线/9.280	2500	9.270	5966	9.260	3600	9.250	6400	9.240	2800	9.290	3478	9.300	40451	9.320	7600	9.330	38133	9.340	5300	/16842767//66855416/7310564/9.28/9.25//2008-9-18 14:14:55
14/600037/歌华有线/9.260	1300	9.250	6400	9.240	2800	9.230	1790	9.220	10300	9.270	334	9.280	23632	9.290	11200	9.300	37851	9.320	7600	/16842767//67093688/7336230/9.27/9.25//2008-9-18 14:15:56
14/600037/歌华有线/9.250	900	9.240	2800	9.230	1790	9.220	10300	9.210	16000	9.260	500	9.270	200	9.280	21066	9.290	12100	9.300	37851	/16842767//67227008/7350630/9.26/9.25//2008-9-18 14:16:56
14/600037/歌华有线/9.240	2800	9.230	2390	9.220	10300	9.210	14300	9.200	295250	9.260	100	9.270	200	9.280	21966	9.290	11100	9.300	38351	/16842767//67535352/7383930/9.26/9.25//2008-9-18 14:17:57
14/600037/歌华有线/9.270	600	9.260	700	9.250	17100	9.240	2800	9.230	3390	9.280	16366	9.290	11100	9.300	37851	9.320	8000	9.330	38133	/16842767//67628968/7394030/9.28/9.25//2008-9-18 14:18:58
14/600037/歌华有线/9.300	8449	9.290	27600	9.280	19434	9.270	800	9.260	7800	9.320	8500	9.330	38133	9.340	5300	9.350	27533	9.360	3736	/16842767//68560944/7494298/9.3/9.25//2008-9-18 14:19:58
14/600037/歌华有线/9.350	9934	9.340	11600	9.330	27700	9.320	3700	9.310	500	9.370	1000	9.380	204136	9.390	6199	9.400	37500	9.410	2301	/16842767//69553168/7600213/9.35/9.25//2008-9-18 14:20:59
14/600037/歌华有线/9.370	5300	9.360	13100	9.350	16000	9.340	11800	9.330	27000	9.380	147436	9.390	5199	9.400	37400	9.410	2301	9.420	9200	/16842767//70145896/7663413/9.38/9.25//2008-9-18 14:22:0
14/600037/歌华有线/9.370	2100	9.360	25200	9.350	3600	9.340	7700	9.330	22000	9.380	63336	9.390	5199	9.400	35400	9.410	2301	9.420	9200	/16842767//71269512/7783213/9.37/9.25//2008-9-18 14:23:0
14/600037/歌华有线/9.390	32801	9.380	28364	9.370	3900	9.360	10600	9.350	3600	9.400	22100	9.410	4301	9.420	9200	9.430	303	9.440	900	/16842767//72104096/7872148/9.4/9.25//2008-9-18 14:24:1
14/600037/歌华有线/9.410	6499	9.400	19500	9.390	15501	9.380	12964	9.370	1900	9.420	9200	9.430	903	9.440	2000	9.450	32625	9.460	2200	/16842767//72491432/7913349/9.41/9.25//2008-9-18 14:25:2
14/600037/歌华有线/9.410	14999	9.400	5600	9.390	14001	9.380	14364	9.370	1900	9.430	8803	9.440	11500	9.450	34725	9.460	2200	9.470	307	/16842767//72905960/7957349/9.43/9.25//2008-9-18 14:26:2
14/600037/歌华有线/9.390	2603	9.380	14064	9.370	1900	9.360	400	9.350	500	9.400	17803	9.410	13301	9.420	10100	9.430	9098	9.440	3700	/16842767//73213528/7990046/9.39/9.25//2008-9-18 14:27:3
14/600037/歌华有线/9.350	1000	9.340	2900	9.330	20400	9.320	100	9.310	500	9.380	16836	9.390	9000	9.400	25000	9.410	12001	9.420	6700	/16842767//73472248/8017613/9.38/9.25//2008-9-18 14:28:4
14/600037/歌华有线/9.370	900	9.350	2400	9.340	4900	9.330	20400	9.320	100	9.380	18936	9.390	9700	9.400	29700	9.410	12901	9.420	11899	/16842767//73635280/8035013/9.36/9.25//2008-9-18 14:29:4
14/600037/歌华有线/9.360	4473	9.350	6200	9.340	11900	9.330	20200	9.320	100	9.370	1700	9.380	24436	9.390	29500	9.400	24097	9.410	12401	/16842767//73732928/8045440/9.36/9.25//2008-9-18 14:30:5
14/600037/歌华有线/9.360	3873	9.350	6200	9.340	11900	9.330	20200	9.320	100	9.370	22073	9.380	23636	9.390	29300	9.400	23797	9.410	12401	/16842767//73790056/8051540/9.36/9.25//2008-9-18 14:31:6
14/600037/歌华有线/9.350	3900	9.340	11900	9.330	20200	9.320	100	9.310	1000	9.360	2200	9.370	18130	9.380	24036	9.390	24900	9.400	25097	/16842767//73918016/8065213/9.35/9.25//2008-9-18 14:32:6
14/600037/歌华有线/9.360	100	9.350	3800	9.340	11900	9.330	20200	9.320	2100	9.370	15630	9.380	22236	9.390	25900	9.400	25797	9.410	12401	/16842767//73996640/8073613/9.37/9.25//2008-9-18 14:33:7
14/600037/歌华有线/9.370	570	9.360	4700	9.350	2600	9.340	11900	9.330	25200	9.380	15436	9.390	25900	9.400	25397	9.410	13401	9.420	12599	/16842767//74295824/8105543/9.37/9.25//2008-9-18 14:34:8
14/600037/歌华有线/9.380	16064	9.370	870	9.360	4700	9.350	2800	9.340	11900	9.390	13800	9.400	22697	9.410	12901	9.420	19799	9.430	9098	/16842767//74620840/8140179/9.39/9.25//2008-9-18 14:35:8
14/600037/歌华有线/9.390	7364	9.380	50000	9.370	870	9.360	300	9.350	2800	9.400	23297	9.410	12901	9.420	20399	9.430	9598	9.440	12500	/16842767//74917408/8171779/9.39/9.25//2008-9-18 14:36:9
14/600037/歌华有线/9.380	90300	9.370	1670	9.360	300	9.350	2800	9.340	12400	9.390	3636	9.400	26697	9.410	13201	9.420	20399	9.430	10798	/16842767//75245504/8206743/9.38/9.25//2008-9-18 14:37:10
14/600037/歌华有线/9.380	133400	9.370	1670	9.360	300	9.340	12400	9.330	27600	9.390	18336	9.400	28297	9.410	13201	9.420	20299	9.430	16098	/16842767//75419152/8225243/9.38/9.25//2008-9-18 14:38:10
14/600037/歌华有线/9.380	125300	9.370	6670	9.360	300	9.350	500	9.340	11900	9.390	20836	9.400	29397	9.410	13701	9.420	20699	9.430	16998	/16842767//75517664/8235743/9.38/9.25//2008-9-18 14:39:11
14/600037/歌华有线/9.380	101300	9.370	2800	9.360	300	9.350	500	9.340	11900	9.390	26636	9.400	31197	9.410	12701	9.420	20699	9.430	17298	/16842767//75760656/8261643/9.38/9.25//2008-9-18 14:40:12
14/600037/歌华有线/9.380	136750	9.370	2800	9.360	300	9.350	500	9.340	11900	9.390	25236	9.400	32097	9.410	12501	9.420	24999	9.430	16200	/16842767//75925312/8279193/9.38/9.25//2008-9-18 14:41:12
14/600037/歌华有线/9.390	4966	9.380	128450	9.370	2800	9.360	300	9.350	500	9.400	30997	9.410	18301	9.420	25999	9.430	46200	9.440	13700	/16842767//76284248/8317427/9.39/9.25//2008-9-18 14:42:13
14/600037/歌华有线/9.390	14366	9.380	128450	9.370	800	9.360	300	9.350	500	9.400	37097	9.410	17801	9.420	36499	9.430	18100	9.440	185779	/16842767//76486224/8338927/9.39/9.25//2008-9-18 14:43:14
14/600037/歌华有线/9.390	24066	9.380	128450	9.360	300	9.350	500	9.340	4900	9.400	26497	9.410	17801	9.420	38799	9.430	19300	9.440	13700	/16842767//76731432/8365027/9.39/9.25//2008-9-18 14:44:14
14/600037/歌华有线/9.390	28766	9.380	128450	9.360	300	9.350	500	9.340	7100	9.400	19297	9.410	17801	9.420	38199	9.430	20500	9.440	192379	/16842767//76972920/8390727/9.4/9.25//2008-9-18 14:45:15
14/600037/歌华有线/9.390	24266	9.380	127450	9.360	300	9.350	500	9.340	7100	9.400	7096	9.410	19201	9.420	38470	9.430	21300	9.440	20300	/16842767//77240768/8419227/9.4/9.25//2008-9-18 14:46:16
14/600037/歌华有线/9.390	15166	9.380	127450	9.360	300	9.350	500	9.340	7100	9.400	94896	9.410	21301	9.420	38670	9.430	20900	9.440	22300	/16842767//77685080/8466527/9.39/9.25//2008-9-18 14:47:16
14/600037/歌华有线/9.380	45450	9.360	300	9.350	500	9.340	6900	9.330	31300	9.390	25683	9.400	122996	9.410	21601	9.420	35600	9.430	19600	/16842767//78647360/8569093/9.38/9.25//2008-9-18 14:48:17
14/600037/歌华有线/9.350	9200	9.340	6900	9.330	31300	9.320	100	9.310	1000	9.360	4400	9.370	1700	9.380	77803	9.390	24583	9.400	111766	/16842767//79113008/8618743/9.35/9.25//2008-9-18 14:49:18
14/600037/歌华有线/9.380	97	9.340	2800	9.330	26300	9.320	100	9.310	500	9.390	20983	9.400	134566	9.410	20501	9.420	41750	9.430	22000	/16842767//80199536/8734746/9.38/9.25//2008-9-18 14:50:18
14/600037/歌华有线/9.380	38809	9.350	2400	9.340	200	9.330	16697	9.320	100	9.390	19983	9.400	153766	9.410	20301	9.420	37550	9.430	22000	/16842767//80900240/8809537/9.38/9.25//2008-9-18 14:51:19
14/600037/歌华有线/9.350	2400	9.340	200	9.330	17597	9.320	300	9.310	1000	9.380	9690	9.390	35083	9.400	157566	9.410	21301	9.420	37450	/16842767//81283952/8850446/9.38/9.25//2008-9-18 14:52:20
14/600037/歌华有线/9.370	150	9.350	1300	9.340	4600	9.330	19697	9.320	300	9.380	24590	9.390	36183	9.400	170166	9.410	193880	9.420	38450	/16842767//81402320/8863096/9.37/9.25//2008-9-18 14:53:21
14/600037/歌华有线/9.350	3950	9.340	18300	9.330	19697	9.320	300	9.310	1000	9.360	3300	9.370	2800	9.380	25890	9.390	36183	9.400	158266	/16842767//81554176/8879296/9.36/9.25//2008-9-18 14:54:21
14/600037/歌华有线/9.350	2600	9.340	7500	9.330	17597	9.320	300	9.310	1000	9.360	14750	9.370	700	9.380	26290	9.390	34183	9.400	158366	/16842767//81697744/8894646/9.35/9.25//2008-9-18 14:55:22
14/600037/歌华有线/9.340	6801	9.330	18097	9.320	300	9.310	2400	9.300	3200	9.350	250	9.360	16750	9.370	4000	9.380	27490	9.390	34483	/16842767//81815984/8907295/9.35/9.25//2008-9-18 14:56:23
14/600037/歌华有线/9.340	4900	9.330	18347	9.320	300	9.310	2400	9.300	3200	9.350	11499	9.360	19450	9.370	5000	9.380	28690	9.390	33183	/16842767//81935584/8920096/9.35/9.25//2008-9-18 14:57:23
14/600037/歌华有线/9.350	15051	9.340	7600	9.330	18347	9.320	300	9.310	1900	9.360	4700	9.380	27690	9.390	32883	9.400	149966	9.410	15700	/16842767//82429112/8972845/9.36/9.25//2008-9-18 14:58:24
14/600037/歌华有线/9.390	2400	9.380	4100	9.370	4300	9.360	7900	9.350	17151	9.400	44339	9.410	15200	9.420	38550	9.430	20400	9.440	17800	/16842767//84271136/9168945/9.39/9.25//2008-9-18 14:59:25
14/600037/歌华有线/9.380	3200	9.370	2900	9.360	2600	9.350	16651	9.340	7000	9.390	11000	9.400	34958	9.410	15200	9.420	38750	9.430	21400	/16842767//84818024/9227145/9.4/9.25//2008-9-18 15:0:26
14/600037/歌华有线/9.380	3200	9.370	2900	9.360	2600	9.350	16651	9.340	7000	9.390	11000	9.400	34958	9.410	15200	9.420	38750	9.430	21400	/16842767//84818024/9227145/9.4/9.25//2008-9-18 15:1:26
14/600037/歌华有线/9.380	3200	9.370	2900	9.360	2600	9.350	16651	9.340	7000	9.390	11000	9.400	34958	9.410	15200	9.420	38750	9.430	21400	/16842767//84818024/9227145/9.4/9.25//2008-9-18 15:2:27
