44/600080/ST金花/2.710	26600	2.700	22800	2.690	14000	2.680	7900	2.670	30400	2.760	3000	2.770	1000	2.780	16600	2.790	10300	2.800	29900	/16842798//233907/86500/2.71/2.79//2008-9-18 9:31:34
44/600080/ST金花/2.720	17600	2.710	28200	2.700	27300	2.690	14000	2.680	17900	2.760	3000	2.770	3000	2.780	11600	2.790	10300	2.800	31600	/16842798//239073/88400/2.72/2.79//2008-9-18 9:32:35
44/600080/ST金花/2.720	18600	2.710	25900	2.700	27500	2.690	14000	2.680	17300	2.750	2000	2.760	5000	2.770	10000	2.780	11600	2.790	10300	/16842798//265749/98200/2.72/2.79//2008-9-18 9:33:35
44/600080/ST金花/2.750	30700	2.730	3000	2.720	21500	2.710	25900	2.700	27500	2.760	12000	2.770	8000	2.780	6300	2.790	10300	2.800	27900	/16842798//351494/129400/2.75/2.79//2008-9-18 9:34:35
44/600080/ST金花/2.760	200	2.750	13400	2.730	5000	2.720	19600	2.710	25900	2.770	400	2.780	11300	2.790	10600	2.800	28400	2.810	15500	/16842798//456503/167500/2.76/2.79//2008-9-18 9:35:35
44/600080/ST金花/2.730	4000	2.720	19600	2.710	25900	2.700	24200	2.690	17200	2.750	20000	2.770	2000	2.780	11800	2.790	10600	2.800	28400	/16842798//549105/201100/2.75/2.79//2008-9-18 9:36:36
44/600080/ST金花/2.720	21900	2.710	26900	2.700	24700	2.690	17200	2.680	27300	2.730	20200	2.750	1200	2.770	10300	2.780	11800	2.790	13900	/16842798//620465/227100/2.73/2.79//2008-9-18 9:37:36
44/600080/ST金花/2.720	41300	2.710	29400	2.700	25700	2.690	17200	2.680	29300	2.730	18100	2.750	2400	2.770	15300	2.780	11800	2.790	13900	/16842798//650406/238100/2.72/2.79//2008-9-18 9:38:36
44/600080/ST金花/2.740	500	2.730	20700	2.720	40200	2.710	33000	2.700	20700	2.750	2400	2.760	400	2.770	15300	2.780	11800	2.790	14900	/16842798//713691/261300/2.73/2.79//2008-9-18 9:39:36
44/600080/ST金花/2.730	6700	2.720	41100	2.710	34000	2.700	20700	2.690	17200	2.740	1100	2.750	2400	2.760	400	2.770	15300	2.780	11800	/16842798//763673/279600/2.74/2.79//2008-9-18 9:40:36
44/600080/ST金花/2.720	17700	2.710	35700	2.700	21700	2.690	7200	2.680	30300	2.730	15700	2.740	1100	2.750	2200	2.760	400	2.770	15300	/16842798//864450/316600/2.73/2.79//2008-9-18 9:41:37
44/600080/ST金花/2.720	25900	2.710	27200	2.700	21700	2.690	7200	2.680	20300	2.730	7900	2.740	1100	2.750	2200	2.760	400	2.770	14500	/16842798//968619/354900/2.71/2.79//2008-9-18 9:42:37
44/600080/ST金花/2.720	14300	2.710	27200	2.700	31800	2.690	27200	2.680	20300	2.740	1100	2.750	2200	2.760	400	2.770	14500	2.780	10000	/16842798//1023372/375000/2.72/2.79//2008-9-18 9:43:37
44/600080/ST金花/2.730	400	2.720	17810	2.710	27200	2.700	49000	2.690	27200	2.740	1100	2.750	2200	2.760	2200	2.770	14500	2.780	10000	/16842798//1053835/386190/2.73/2.79//2008-9-18 9:44:37
44/600080/ST金花/2.730	12700	2.720	40010	2.710	38800	2.700	47500	2.690	29200	2.740	6100	2.750	4500	2.760	2200	2.770	14500	2.780	10000	/16842798//1053835/386190/2.73/2.79//2008-9-18 9:45:37
44/600080/ST金花/2.730	13000	2.720	40010	2.710	31500	2.700	47300	2.690	29200	2.740	2100	2.750	4500	2.760	2200	2.770	14500	2.780	10000	/16842798//1065341/390390/2.74/2.79//2008-9-18 9:46:38
44/600080/ST金花/2.720	36610	2.710	32500	2.700	45300	2.690	29200	2.680	19300	2.740	28000	2.750	4000	2.760	2200	2.770	14500	2.780	10000	/16842798//1126459/412790/2.72/2.79//2008-9-18 9:47:38
44/600080/ST金花/2.720	32710	2.710	45300	2.700	46300	2.690	29200	2.680	19300	2.740	23000	2.750	3700	2.760	2200	2.770	14500	2.780	10000	/16842798//1170179/428790/2.74/2.79//2008-9-18 9:48:38
44/600080/ST金花/2.720	32510	2.710	45300	2.700	56300	2.690	29200	2.680	19300	2.730	600	2.740	25100	2.750	2200	2.760	2200	2.770	14700	/16842798//1161415/425590/2.72/2.79//2008-9-18 9:49:39
44/600080/ST金花/2.730	8300	2.720	45710	2.710	45300	2.700	57300	2.690	29200	2.740	24300	2.750	2600	2.760	2200	2.770	14700	2.780	5000	/16842798//1168522/428190/2.74/2.79//2008-9-18 9:50:39
44/600080/ST金花/2.740	4100	2.730	11100	2.720	52810	2.710	45300	2.700	47700	2.750	2600	2.760	2200	2.770	14700	2.780	5000	2.790	18300	/16842798//1200539/439890/2.74/2.79//2008-9-18 9:51:39
44/600080/ST金花/2.730	7100	2.720	74810	2.710	45300	2.700	47700	2.690	29200	2.740	20400	2.750	2600	2.760	2200	2.770	14700	2.780	5000	/16842798//1226245/449290/2.73/2.79//2008-9-18 9:52:39
44/600080/ST金花/2.720	74810	2.710	45200	2.700	48700	2.690	29200	2.680	39300	2.730	8000	2.740	20400	2.750	2600	2.760	6200	2.770	14700	/16842798//1245901/456490/2.73/2.79//2008-9-18 9:53:40
44/600080/ST金花/2.720	49510	2.710	45100	2.700	48700	2.690	29200	2.680	39300	2.730	6300	2.740	20400	2.750	2600	2.760	6200	2.770	14700	/16842798//1315006/481890/2.72/2.79//2008-9-18 9:54:40
44/600080/ST金花/2.720	45810	2.710	45100	2.700	48700	2.690	29200	2.680	39300	2.730	5000	2.740	20400	2.750	2600	2.760	6200	2.770	14700	/16842798//1358380/497790/2.73/2.79//2008-9-18 9:55:40
44/600080/ST金花/2.720	34210	2.710	32300	2.700	48700	2.690	29200	2.680	39300	2.730	5000	2.740	20400	2.750	2600	2.760	6200	2.770	14700	/16842798//1374649/503790/2.72/2.79//2008-9-18 9:56:41
44/600080/ST金花/2.710	30600	2.700	48700	2.690	29200	2.680	39300	2.670	32000	2.720	11390	2.730	11100	2.740	1300	2.750	2800	2.760	4400	/16842798//1469065/538500/2.72/2.79//2008-9-18 9:57:41
44/600080/ST金花/2.700	43700	2.690	29200	2.680	27900	2.670	32000	2.660	26200	2.710	55200	2.720	8690	2.730	11100	2.740	1300	2.750	2800	/16842798//1586335/581800/2.7/2.79//2008-9-18 9:58:41
44/600080/ST金花/2.700	20000	2.690	9200	2.680	27900	2.670	32000	2.660	26200	2.710	53200	2.720	8690	2.730	8900	2.740	1300	2.750	2800	/16842798//1646015/603900/2.7/2.79//2008-9-18 9:59:41
44/600080/ST金花/2.690	26900	2.680	26900	2.670	32000	2.660	26200	2.650	149900	2.700	13190	2.710	53200	2.730	8900	2.740	1300	2.750	2800	/16842798//1713487/628900/2.69/2.79//2008-9-18 10:0:42
44/600080/ST金花/2.690	7700	2.680	25300	2.670	22000	2.660	28700	2.650	151900	2.700	13090	2.710	53200	2.730	8900	2.740	4300	2.750	2800	/16842798//1805810/663200/2.69/2.79//2008-9-18 10:1:42
44/600080/ST金花/2.670	17000	2.660	18700	2.650	164700	0.000	0	0.000	0	2.680	11300	2.690	28800	2.700	11090	2.710	53200	2.730	5600	/16842798//1917277/704800/2.67/2.69//2008-9-18 10:2:42
44/600080/ST金花/2.660	32500	2.650	192800	0.000	0	0.000	0	0.000	0	2.670	82500	2.680	17100	2.690	20300	2.700	8090	2.730	5600	/16842798//1993751/733500/2.66/2.69//2008-9-18 10:3:42
44/600080/ST金花/2.650	179200	0.000	0	0.000	0	0.000	0	0.000	0	2.660	54600	2.670	88800	2.680	13600	2.690	20300	2.700	3500	/16842798//2193627/808800/2.65/2.69//2008-9-18 10:4:43
44/600080/ST金花/2.650	153410	0.000	0	0.000	0	0.000	0	0.000	0	2.650	245790	2.660	39500	2.670	30100	2.680	9500	2.690	19200	/16842798//2815602/1043500/2.65/2.69//2008-9-18 10:5:43
44/600080/ST金花/2.650	153410	0.000	0	0.000	0	0.000	0	0.000	0	2.650	310690	2.660	27400	2.670	20200	2.680	9500	2.690	19200	/16842798//3007462/1115900/2.65/2.69//2008-9-18 10:6:43
44/600080/ST金花/2.650	153410	0.000	0	0.000	0	0.000	0	0.000	0	2.650	364640	2.660	26300	2.670	20200	2.680	6600	2.690	19200	/16842798//3066292/1138100/2.65/2.69//2008-9-18 10:7:44
44/600080/ST金花/2.650	153410	0.000	0	0.000	0	0.000	0	0.000	0	2.650	374890	2.660	21300	2.670	10200	2.680	6600	2.690	19200	/16842798//3079542/1143100/2.65/2.69//2008-9-18 10:8:44
44/600080/ST金花/2.650	153410	0.000	0	0.000	0	0.000	0	0.000	0	2.650	344390	2.660	21300	2.670	10200	2.680	6600	2.690	19200	/16842798//3201442/1189100/2.65/2.69//2008-9-18 10:9:44
44/600080/ST金花/2.650	153410	0.000	0	0.000	0	0.000	0	0.000	0	2.650	309890	2.660	21300	2.670	10200	2.680	6600	2.690	19200	/16842798//3276702/1217500/2.65/2.69//2008-9-18 10:10:44
44/600080/ST金花/2.650	153410	0.000	0	0.000	0	0.000	0	0.000	0	2.650	304090	2.660	21300	2.670	10200	2.680	6900	2.690	19200	/16842798//0/0/2.65/2.69//2008-9-18 10:11:45
44/600080/ST金花/2.650	153410	0.000	0	0.000	0	0.000	0	0.000	0	2.650	302290	2.660	21300	2.670	9100	2.680	6900	2.690	19200	/16842798//3334737/1239400/2.65/2.69//2008-9-18 10:12:45
44/600080/ST金花/2.650	153410	0.000	0	0.000	0	0.000	0	0.000	0	2.650	302090	2.660	21300	2.670	9100	2.680	6900	2.690	19200	/16842798//3386412/1258900/2.65/2.69//2008-9-18 10:13:45
44/600080/ST金花/2.650	153410	0.000	0	0.000	0	0.000	0	0.000	0	2.650	296790	2.660	21300	2.670	9100	2.680	6900	2.690	19200	/16842798//3446037/1281400/2.65/2.69//2008-9-18 10:14:46
44/600080/ST金花/2.650	153410	0.000	0	0.000	0	0.000	0	0.000	0	2.650	290890	2.660	21300	2.670	9100	2.680	4900	2.690	19200	/16842798//3475982/1292700/2.65/2.69//2008-9-18 10:15:46
44/600080/ST金花/2.650	153410	0.000	0	0.000	0	0.000	0	0.000	0	2.650	281490	2.660	21300	2.670	9100	2.680	4900	2.690	19200	/16842798//3492677/1299000/2.65/2.69//2008-9-18 10:16:46
44/600080/ST金花/2.650	153410	0.000	0	0.000	0	0.000	0	0.000	0	2.650	276690	2.660	21300	2.670	9100	2.680	4900	2.690	19200	/16842798//3509107/1305200/2.65/2.69//2008-9-18 10:17:47
44/600080/ST金花/2.650	153410	0.000	0	0.000	0	0.000	0	0.000	0	2.650	232790	2.660	21300	2.670	9100	2.680	7600	2.690	19200	/16842798//3574297/1329800/2.65/2.69//2008-9-18 10:18:47
44/600080/ST金花/2.650	153410	0.000	0	0.000	0	0.000	0	0.000	0	2.650	165690	2.660	21300	2.670	9100	2.680	7600	2.690	31000	/16842798//3736212/1390900/2.65/2.69//2008-9-18 10:19:47
44/600080/ST金花/2.650	153410	0.000	0	0.000	0	0.000	0	0.000	0	2.650	108190	2.660	21300	2.670	9100	2.680	7600	2.690	31000	/16842798//3892562/1449900/2.65/2.69//2008-9-18 10:20:48
44/600080/ST金花/2.650	92110	0.000	0	0.000	0	0.000	0	0.000	0	2.660	21300	2.670	9100	2.680	7600	2.690	32800	2.700	3500	/16842798//4173966/1556090/2.65/2.69//2008-9-18 10:21:48
44/600080/ST金花/2.650	100910	0.000	0	0.000	0	0.000	0	0.000	0	2.650	228290	2.660	21500	2.670	9100	2.680	26300	2.690	32800	/16842798//4501825/1679800/2.65/2.69//2008-9-18 10:22:48
44/600080/ST金花/2.650	100910	0.000	0	0.000	0	0.000	0	0.000	0	2.650	235190	2.660	21500	2.670	9100	2.680	26300	2.690	32800	/16842798//4541045/1694600/2.65/2.69//2008-9-18 10:23:48
44/600080/ST金花/2.650	100910	0.000	0	0.000	0	0.000	0	0.000	0	2.650	167790	2.660	21500	2.670	9100	2.680	26100	2.690	32800	/16842798//4888460/1825700/2.65/2.69//2008-9-18 10:24:49
44/600080/ST金花/2.650	100910	0.000	0	0.000	0	0.000	0	0.000	0	2.650	148090	2.660	21500	2.670	9100	2.680	23400	2.690	32800	/16842798//4953385/1850200/2.65/2.69//2008-9-18 10:25:49
44/600080/ST金花/2.650	100910	0.000	0	0.000	0	0.000	0	0.000	0	2.650	126890	2.660	21500	2.670	9100	2.680	23400	2.690	32800	/16842798//5026260/1877700/2.65/2.69//2008-9-18 10:26:49
44/600080/ST金花/2.650	100910	0.000	0	0.000	0	0.000	0	0.000	0	2.650	118090	2.660	3000	2.670	9100	2.680	23400	2.690	33100	/16842798//5055675/1888800/2.65/2.69//2008-9-18 10:27:50
44/600080/ST金花/2.650	100910	0.000	0	0.000	0	0.000	0	0.000	0	2.650	46863	2.660	3000	2.670	9100	2.680	23400	2.690	33100	/16842798//5248860/1961700/2.65/2.69//2008-9-18 10:28:50
44/600080/ST金花/2.650	100910	0.000	0	0.000	0	0.000	0	0.000	0	2.650	3963	2.670	11800	2.680	23400	2.690	33100	2.700	4000	/16842798//5360955/2004000/2.65/2.69//2008-9-18 10:29:50
44/600080/ST金花/2.650	43437	0.000	0	0.000	0	0.000	0	0.000	0	2.660	200	2.670	23100	2.680	23400	2.690	33100	2.700	4000	/16842798//5383993/2012663/2.67/2.69//2008-9-18 10:30:51
44/600080/ST金花/2.650	42937	0.000	0	0.000	0	0.000	0	0.000	0	2.650	362663	2.660	1100	2.670	23100	2.680	23400	2.690	33100	/16842798//5493765/2054100/2.65/2.69//2008-9-18 10:31:51
44/600080/ST金花/2.650	42937	0.000	0	0.000	0	0.000	0	0.000	0	2.650	355563	2.660	1000	2.670	20400	2.680	23400	2.690	33100	/16842798//5547295/2074300/2.65/2.69//2008-9-18 10:32:51
44/600080/ST金花/2.650	42937	0.000	0	0.000	0	0.000	0	0.000	0	2.650	372863	2.660	1000	2.670	20400	2.680	24600	2.690	35100	/16842798//5557895/2078300/2.65/2.69//2008-9-18 10:33:52
44/600080/ST金花/2.650	42937	0.000	0	0.000	0	0.000	0	0.000	0	2.650	383963	2.660	6550	2.670	20400	2.680	23400	2.690	35100	/16842798//5570880/2083200/2.65/2.69//2008-9-18 10:34:52
44/600080/ST金花/2.650	42937	0.000	0	0.000	0	0.000	0	0.000	0	2.650	384563	2.660	7550	2.670	20400	2.680	23400	2.690	35100	/16842798//5570880/2083200/2.65/2.69//2008-9-18 10:35:52
44/600080/ST金花/2.650	42937	0.000	0	0.000	0	0.000	0	0.000	0	2.650	366563	2.660	10250	2.670	20900	2.680	23400	2.690	35100	/16842798//5641105/2109700/2.65/2.69//2008-9-18 10:36:53
44/600080/ST金花/2.650	42937	0.000	0	0.000	0	0.000	0	0.000	0	2.650	375063	2.660	12050	2.670	20900	2.680	23400	2.690	35100	/16842798//5644020/2110800/2.65/2.69//2008-9-18 10:37:53
44/600080/ST金花/2.650	42937	0.000	0	0.000	0	0.000	0	0.000	0	2.650	373563	2.660	12050	2.670	20900	2.680	23400	2.690	35100	/16842798//5657535/2115900/2.65/2.69//2008-9-18 10:38:53
44/600080/ST金花/2.650	42937	0.000	0	0.000	0	0.000	0	0.000	0	2.650	376363	2.660	12050	2.670	20900	2.680	23400	2.690	35100	/16842798//5658860/2116400/2.65/2.69//2008-9-18 10:39:54
44/600080/ST金花/2.650	42937	0.000	0	0.000	0	0.000	0	0.000	0	2.650	376363	2.660	10250	2.670	20900	2.680	23400	2.690	35100	/16842798//5658860/2116400/2.65/2.69//2008-9-18 10:40:54
44/600080/ST金花/2.650	42937	0.000	0	0.000	0	0.000	0	0.000	0	2.650	377463	2.660	12750	2.670	20400	2.680	23400	2.690	35100	/16842798//5658860/2116400/2.65/2.69//2008-9-18 10:41:54
44/600080/ST金花/2.650	42937	0.000	0	0.000	0	0.000	0	0.000	0	2.650	378663	2.660	12750	2.670	20400	2.680	23400	2.690	35100	/16842798//5658860/2116400/2.65/2.69//2008-9-18 10:42:55
44/600080/ST金花/2.650	42937	0.000	0	0.000	0	0.000	0	0.000	0	2.650	413763	2.660	15750	2.670	20400	2.680	23400	2.690	35100	/16842798//5658860/2116400/2.65/2.69//2008-9-18 10:43:55
44/600080/ST金花/2.650	42937	0.000	0	0.000	0	0.000	0	0.000	0	2.650	426563	2.660	15750	2.670	7400	2.680	23400	2.690	35100	/16842798//5685625/2126500/2.65/2.69//2008-9-18 10:44:56
44/600080/ST金花/2.650	42937	0.000	0	0.000	0	0.000	0	0.000	0	2.650	437363	2.660	15750	2.670	7400	2.680	23400	2.690	35100	/16842798//5694635/2129900/2.65/2.69//2008-9-18 10:45:56
44/600080/ST金花/2.650	42937	0.000	0	0.000	0	0.000	0	0.000	0	2.650	439363	2.660	15750	2.670	7400	2.680	23400	2.690	35100	/16842798//5695430/2130200/2.65/2.69//2008-9-18 10:46:56
44/600080/ST金花/2.650	42937	0.000	0	0.000	0	0.000	0	0.000	0	2.650	452163	2.660	15750	2.670	7400	2.680	23400	2.690	35100	/16842798//5702055/2132700/2.65/2.69//2008-9-18 10:47:57
44/600080/ST金花/2.650	42937	0.000	0	0.000	0	0.000	0	0.000	0	2.650	529963	2.660	12750	2.670	7400	2.680	26100	2.690	35100	/16842798//5704705/2133700/2.65/2.69//2008-9-18 10:48:57
44/600080/ST金花/2.650	42937	0.000	0	0.000	0	0.000	0	0.000	0	2.650	568063	2.660	12750	2.670	7400	2.680	26100	2.690	35100	/16842798//5704705/2133700/2.65/2.69//2008-9-18 10:49:57
44/600080/ST金花/2.650	42937	0.000	0	0.000	0	0.000	0	0.000	0	2.650	568686	2.660	12750	2.670	7400	2.680	26100	2.690	35100	/16842798//5706030/2134200/2.65/2.69//2008-9-18 10:50:58
44/600080/ST金花/2.650	42937	0.000	0	0.000	0	0.000	0	0.000	0	2.650	585286	2.660	12750	2.670	7400	2.680	26100	2.690	35100	/16842798//5707355/2134700/2.65/2.69//2008-9-18 10:51:58
44/600080/ST金花/2.650	42937	0.000	0	0.000	0	0.000	0	0.000	0	2.650	597486	2.660	12750	2.670	7400	2.680	26100	2.690	35100	/16842798//5707355/2134700/2.65/2.69//2008-9-18 10:52:58
44/600080/ST金花/2.650	42937	0.000	0	0.000	0	0.000	0	0.000	0	2.650	595086	2.660	12750	2.670	7400	2.680	26100	2.690	35100	/16842798//5719810/2139400/2.65/2.69//2008-9-18 10:53:59
44/600080/ST金花/2.650	42937	0.000	0	0.000	0	0.000	0	0.000	0	2.650	588486	2.660	12750	2.670	7400	2.680	26100	2.690	35100	/16842798//5723520/2140800/2.65/2.69//2008-9-18 10:54:59
44/600080/ST金花/2.650	42937	0.000	0	0.000	0	0.000	0	0.000	0	2.650	608026	2.660	12750	2.670	7400	2.680	26100	2.690	35100	/16842798//5723520/2140800/2.65/2.69//2008-9-18 10:56:0
44/600080/ST金花/2.650	42937	0.000	0	0.000	0	0.000	0	0.000	0	2.650	611826	2.660	12750	2.670	7400	2.680	26100	2.690	35100	/16842798//5719015/2139100/2.65/2.69//2008-9-18 10:57:0
44/600080/ST金花/2.650	42937	0.000	0	0.000	0	0.000	0	0.000	0	2.650	613626	2.660	12750	2.670	7400	2.680	26100	2.690	35100	/16842798//5724580/2141200/2.65/2.69//2008-9-18 10:58:0
44/600080/ST金花/2.650	42937	0.000	0	0.000	0	0.000	0	0.000	0	2.650	660926	2.660	12750	2.670	7400	2.680	26100	2.690	35100	/16842798//5724580/2141200/2.65/2.69//2008-9-18 10:59:1
44/600080/ST金花/2.650	42937	0.000	0	0.000	0	0.000	0	0.000	0	2.650	677926	2.660	12750	2.670	7400	2.680	26100	2.690	35100	/16842798//5724580/2141200/2.65/2.69//2008-9-18 11:0:1
44/600080/ST金花/2.650	42937	0.000	0	0.000	0	0.000	0	0.000	0	2.650	670926	2.660	12750	2.670	7400	2.680	26100	2.690	35100	/16842798//5743130/2148200/2.65/2.69//2008-9-18 11:1:2
44/600080/ST金花/2.650	42937	0.000	0	0.000	0	0.000	0	0.000	0	2.650	671326	2.660	12750	2.670	7400	2.680	26100	2.690	35100	/16842798//5743395/2148300/2.65/2.69//2008-9-18 11:2:2
44/600080/ST金花/2.650	42937	0.000	0	0.000	0	0.000	0	0.000	0	2.650	715926	2.660	12750	2.670	7400	2.680	26100	2.690	35100	/16842798//5743395/2148300/2.65/2.69//2008-9-18 11:3:2
44/600080/ST金花/2.650	42937	0.000	0	0.000	0	0.000	0	0.000	0	2.650	715926	2.660	12750	2.670	7400	2.680	26100	2.690	35100	/16842798//5743925/2148500/2.65/2.69//2008-9-18 11:4:3
44/600080/ST金花/2.650	42937	0.000	0	0.000	0	0.000	0	0.000	0	2.650	700826	2.660	12750	2.670	7400	2.680	26100	2.690	35100	/16842798//5743925/2148500/2.65/2.69//2008-9-18 11:5:3
44/600080/ST金花/2.650	42937	0.000	0	0.000	0	0.000	0	0.000	0	2.650	703326	2.660	12750	2.670	7400	2.680	26100	2.690	35100	/16842798//5743925/2148500/2.65/2.69//2008-9-18 11:6:4
44/600080/ST金花/2.650	42937	0.000	0	0.000	0	0.000	0	0.000	0	2.650	704726	2.660	12750	2.670	7400	2.680	26100	2.690	36100	/16842798//5749225/2150500/2.65/2.69//2008-9-18 11:7:4
44/600080/ST金花/2.650	42937	0.000	0	0.000	0	0.000	0	0.000	0	2.650	704626	2.660	12750	2.670	7400	2.680	26100	2.690	36100	/16842798//5746840/2149600/2.65/2.69//2008-9-18 11:8:4
44/600080/ST金花/2.650	42937	0.000	0	0.000	0	0.000	0	0.000	0	2.650	706526	2.660	12750	2.670	7400	2.680	26100	2.690	36100	/16842798//5748430/2150200/2.65/2.69//2008-9-18 11:9:5
44/600080/ST金花/2.650	42937	0.000	0	0.000	0	0.000	0	0.000	0	2.650	667726	2.660	12750	2.670	8400	2.680	26100	2.690	36100	/16842798//5748165/2150100/2.65/2.69//2008-9-18 11:10:5
44/600080/ST金花/2.650	42937	0.000	0	0.000	0	0.000	0	0.000	0	2.650	670226	2.660	12750	2.670	8400	2.680	26100	2.690	36100	/16842798//5752140/2151600/2.65/2.69//2008-9-18 11:11:6
44/600080/ST金花/2.650	42937	0.000	0	0.000	0	0.000	0	0.000	0	2.650	686498	2.660	12750	2.670	8400	2.680	26100	2.690	36100	/16842798//5752140/2151600/2.65/2.69//2008-9-18 11:12:6
44/600080/ST金花/2.650	42937	0.000	0	0.000	0	0.000	0	0.000	0	2.650	687898	2.660	12750	2.670	8400	2.680	26100	2.690	36100	/16842798//5752140/2151600/2.65/2.69//2008-9-18 11:13:7
44/600080/ST金花/2.650	42937	0.000	0	0.000	0	0.000	0	0.000	0	2.650	688398	2.660	12750	2.670	8400	2.680	26100	2.690	36100	/16842798//5752140/2151600/2.65/2.69//2008-9-18 11:14:7
44/600080/ST金花/2.650	42937	0.000	0	0.000	0	0.000	0	0.000	0	2.650	686998	2.660	12750	2.670	8400	2.680	26100	2.690	36100	/16842798//5758500/2154000/2.65/2.69//2008-9-18 11:15:7
44/600080/ST金花/2.650	42937	0.000	0	0.000	0	0.000	0	0.000	0	2.650	686998	2.660	12750	2.670	8400	2.680	26100	2.690	36100	/16842798//5758500/2154000/2.65/2.69//2008-9-18 11:16:8
44/600080/ST金花/2.650	42937	0.000	0	0.000	0	0.000	0	0.000	0	2.650	690498	2.660	12750	2.670	8400	2.680	26100	2.690	36100	/16842798//5764860/2156400/2.65/2.69//2008-9-18 11:17:8
44/600080/ST金花/2.650	42937	0.000	0	0.000	0	0.000	0	0.000	0	2.650	708298	2.660	12750	2.670	8400	2.680	26100	2.690	36100	/16842798//5764860/2156400/2.65/2.69//2008-9-18 11:18:9
44/600080/ST金花/2.650	42937	0.000	0	0.000	0	0.000	0	0.000	0	2.650	701598	2.660	12750	2.670	8400	2.680	26100	2.690	36100	/16842798//5764860/2156400/2.65/2.69//2008-9-18 11:19:9
44/600080/ST金花/2.650	42937	0.000	0	0.000	0	0.000	0	0.000	0	2.650	721598	2.660	12750	2.670	8400	2.680	26100	2.690	36100	/16842798//5764860/2156400/2.65/2.69//2008-9-18 11:20:10
44/600080/ST金花/2.650	42937	0.000	0	0.000	0	0.000	0	0.000	0	2.650	738298	2.660	12750	2.670	8400	2.680	26100	2.690	36100	/16842798//5764860/2156400/2.65/2.69//2008-9-18 11:21:10
44/600080/ST金花/2.650	42937	0.000	0	0.000	0	0.000	0	0.000	0	2.650	738298	2.660	12750	2.670	8400	2.680	26100	2.690	36100	/16842798//5764860/2156400/2.65/2.69//2008-9-18 11:22:10
44/600080/ST金花/2.650	42937	0.000	0	0.000	0	0.000	0	0.000	0	2.650	741698	2.660	12750	2.670	8400	2.680	26100	2.690	36100	/16842798//5764860/2156400/2.65/2.69//2008-9-18 11:23:11
44/600080/ST金花/2.650	42937	0.000	0	0.000	0	0.000	0	0.000	0	2.650	741798	2.660	12750	2.670	8400	2.680	26100	2.690	36100	/16842798//5764860/2156400/2.65/2.69//2008-9-18 11:24:11
44/600080/ST金花/2.650	42937	0.000	0	0.000	0	0.000	0	0.000	0	2.650	746698	2.660	12750	2.670	8400	2.680	26100	2.690	36100	/16842798//5764860/2156400/2.65/2.69//2008-9-18 11:25:12
44/600080/ST金花/2.650	42937	0.000	0	0.000	0	0.000	0	0.000	0	2.650	746898	2.660	12750	2.670	8400	2.680	26100	2.690	36100	/16842798//5764860/2156400/2.65/2.69//2008-9-18 11:26:12
44/600080/ST金花/2.650	42937	0.000	0	0.000	0	0.000	0	0.000	0	2.650	746898	2.660	12750	2.670	8400	2.680	26100	2.690	36100	/16842798//5764860/2156400/2.65/2.69//2008-9-18 11:27:13
44/600080/ST金花/2.650	42937	0.000	0	0.000	0	0.000	0	0.000	0	2.650	740998	2.660	12750	2.670	8400	2.680	26100	2.690	36100	/16842798//5774400/2160000/2.65/2.69//2008-9-18 11:28:13
44/600080/ST金花/2.650	42937	0.000	0	0.000	0	0.000	0	0.000	0	2.650	742099	2.660	12750	2.670	8400	2.680	26100	2.690	36100	/16842798//5774400/2160000/2.65/2.69//2008-9-18 11:29:14
44/600080/ST金花/2.650	42937	0.000	0	0.000	0	0.000	0	0.000	0	2.650	744999	2.660	12750	2.670	8400	2.680	26100	2.690	36100	/16842798//5774400/2160000/2.65/2.69//2008-9-18 11:30:14
44/600080/ST金花/2.650	42937	0.000	0	0.000	0	0.000	0	0.000	0	2.650	744999	2.660	12750	2.670	8400	2.680	26100	2.690	36100	/16842798//5774400/2160000/2.65/2.69//2008-9-18 11:31:15
44/600080/ST金花/2.650	42937	0.000	0	0.000	0	0.000	0	0.000	0	2.650	818099	2.660	12750	2.670	7100	2.680	26100	2.690	35100	/16842798//5833760/2182400/2.65/2.69//2008-9-18 13:1:15
44/600080/ST金花/2.650	42937	0.000	0	0.000	0	0.000	0	0.000	0	2.650	823499	2.660	12750	2.670	7100	2.680	26100	2.690	35100	/16842798//5823690/2178600/2.65/2.69//2008-9-18 13:2:16
44/600080/ST金花/2.650	42937	0.000	0	0.000	0	0.000	0	0.000	0	2.650	827199	2.660	12750	2.670	7100	2.680	26100	2.690	35100	/16842798//5828990/2180600/2.65/2.69//2008-9-18 13:3:16
44/600080/ST金花/2.650	42937	0.000	0	0.000	0	0.000	0	0.000	0	2.650	829399	2.660	12750	2.670	7100	2.680	26100	2.690	35100	/16842798//5824485/2178900/2.65/2.69//2008-9-18 13:4:17
44/600080/ST金花/2.650	42937	0.000	0	0.000	0	0.000	0	0.000	0	2.650	826199	2.660	12750	2.670	7100	2.680	26100	2.690	35100	/16842798//5833760/2182400/2.65/2.69//2008-9-18 13:5:17
44/600080/ST金花/2.650	42937	0.000	0	0.000	0	0.000	0	0.000	0	2.650	819699	2.660	12750	2.670	7100	2.680	26100	2.690	35100	/16842798//5850985/2188900/2.65/2.69//2008-9-18 13:6:18
44/600080/ST金花/2.650	42937	0.000	0	0.000	0	0.000	0	0.000	0	2.650	821099	2.660	12750	2.670	7100	2.680	26100	2.690	35100	/16842798//5850985/2188900/2.65/2.69//2008-9-18 13:7:18
44/600080/ST金花/2.650	42937	0.000	0	0.000	0	0.000	0	0.000	0	2.650	821399	2.660	12750	2.670	7100	2.680	26100	2.690	35100	/16842798//5853635/2189900/2.65/2.69//2008-9-18 13:8:19
44/600080/ST金花/2.650	42937	0.000	0	0.000	0	0.000	0	0.000	0	2.650	832499	2.660	12750	2.670	7100	2.680	26100	2.690	35100	/16842798//5854165/2190100/2.65/2.69//2008-9-18 13:9:19
44/600080/ST金花/2.650	42937	0.000	0	0.000	0	0.000	0	0.000	0	2.650	832499	2.660	12750	2.670	7100	2.680	26100	2.690	35100	/16842798//5854165/2190100/2.65/2.69//2008-9-18 13:10:20
44/600080/ST金花/2.650	42937	0.000	0	0.000	0	0.000	0	0.000	0	2.650	828899	2.660	14150	2.670	7100	2.680	26100	2.690	35100	/16842798//5875100/2198000/2.65/2.69//2008-9-18 13:11:20
44/600080/ST金花/2.650	42937	0.000	0	0.000	0	0.000	0	0.000	0	2.650	816999	2.660	14150	2.670	7100	2.680	26100	2.690	35100	/16842798//5894180/2205200/2.65/2.69//2008-9-18 13:12:21
44/600080/ST金花/2.650	42937	0.000	0	0.000	0	0.000	0	0.000	0	2.650	825999	2.660	14350	2.670	7100	2.680	26100	2.690	35100	/16842798//5894180/2205200/2.65/2.69//2008-9-18 13:13:21
44/600080/ST金花/2.650	42937	0.000	0	0.000	0	0.000	0	0.000	0	2.650	827999	2.660	14350	2.670	7100	2.680	26100	2.690	35100	/16842798//5894180/2205200/2.65/2.69//2008-9-18 13:14:22
44/600080/ST金花/2.650	42937	0.000	0	0.000	0	0.000	0	0.000	0	2.650	925299	2.660	14350	2.670	7100	2.680	26100	2.690	35100	/16842798//5894180/2205200/2.65/2.69//2008-9-18 13:15:22
44/600080/ST金花/2.650	42937	0.000	0	0.000	0	0.000	0	0.000	0	2.650	895199	2.660	14350	2.670	7100	2.680	26100	2.690	35100	/16842798//6063780/2269200/2.65/2.69//2008-9-18 13:16:23
44/600080/ST金花/2.650	42937	0.000	0	0.000	0	0.000	0	0.000	0	2.650	859299	2.660	14350	2.670	7100	2.680	26100	2.690	35100	/16842798//6063780/2269200/2.65/2.69//2008-9-18 13:17:23
44/600080/ST金花/2.650	42937	0.000	0	0.000	0	0.000	0	0.000	0	2.650	856899	2.660	14350	2.670	7100	2.680	26100	2.690	35100	/16842798//5979775/2237500/2.65/2.69//2008-9-18 13:18:24
44/600080/ST金花/2.650	42937	0.000	0	0.000	0	0.000	0	0.000	0	2.650	862899	2.660	14350	2.670	7100	2.680	26100	2.690	35100	/16842798//5982425/2238500/2.65/2.69//2008-9-18 13:19:24
44/600080/ST金花/2.650	42937	0.000	0	0.000	0	0.000	0	0.000	0	2.650	863299	2.660	14350	2.670	7100	2.680	26100	2.690	35100	/16842798//5982425/2238500/2.65/2.69//2008-9-18 13:20:25
44/600080/ST金花/2.650	42937	0.000	0	0.000	0	0.000	0	0.000	0	2.650	863499	2.660	14350	2.670	7100	2.680	26100	2.690	35100	/16842798//5982425/2238500/2.65/2.69//2008-9-18 13:21:25
44/600080/ST金花/2.650	42937	0.000	0	0.000	0	0.000	0	0.000	0	2.650	814799	2.660	14350	2.670	7100	2.680	26100	2.690	35100	/16842798//6074115/2273100/2.65/2.69//2008-9-18 13:22:26
44/600080/ST金花/2.650	42937	0.000	0	0.000	0	0.000	0	0.000	0	2.650	865899	2.660	14350	2.670	7100	2.680	23200	2.690	35100	/16842798//6076500/2274000/2.65/2.69//2008-9-18 13:23:26
44/600080/ST金花/2.650	42937	0.000	0	0.000	0	0.000	0	0.000	0	2.650	864799	2.660	14350	2.670	7100	2.680	23200	2.690	35100	/16842798//6076500/2274000/2.65/2.69//2008-9-18 13:24:27
44/600080/ST金花/2.650	42937	0.000	0	0.000	0	0.000	0	0.000	0	2.650	788899	2.660	14350	2.670	7100	2.680	23200	2.690	35100	/16842798//6163155/2306700/2.65/2.69//2008-9-18 13:25:27
44/600080/ST金花/2.650	42937	0.000	0	0.000	0	0.000	0	0.000	0	2.650	775169	2.660	14350	2.670	7100	2.680	23200	2.690	35100	/16842798//6163155/2306700/2.65/2.69//2008-9-18 13:26:28
44/600080/ST金花/2.650	42937	0.000	0	0.000	0	0.000	0	0.000	0	2.650	772569	2.660	14350	2.670	7100	2.680	23200	2.690	35100	/16842798//6158120/2304800/2.65/2.69//2008-9-18 13:27:28
44/600080/ST金花/2.650	42937	0.000	0	0.000	0	0.000	0	0.000	0	2.650	765969	2.660	14350	2.670	7100	2.680	23200	2.690	34800	/16842798//6161035/2305900/2.65/2.69//2008-9-18 13:28:29
44/600080/ST金花/2.650	42937	0.000	0	0.000	0	0.000	0	0.000	0	2.650	781369	2.660	14350	2.670	7100	2.680	23200	2.690	34800	/16842798//6166335/2307900/2.65/2.69//2008-9-18 13:29:29
44/600080/ST金花/2.650	42937	0.000	0	0.000	0	0.000	0	0.000	0	2.650	793569	2.660	14350	2.670	7100	2.680	23200	2.690	34800	/16842798//6166335/2307900/2.65/2.69//2008-9-18 13:30:30
44/600080/ST金花/2.650	42937	0.000	0	0.000	0	0.000	0	0.000	0	2.650	774769	2.660	14350	2.670	7100	2.680	23200	2.690	34800	/16842798//6164480/2307200/2.65/2.69//2008-9-18 13:31:30
44/600080/ST金花/2.650	42937	0.000	0	0.000	0	0.000	0	0.000	0	2.650	774769	2.660	15450	2.670	7100	2.680	23200	2.690	34800	/16842798//6164480/2307200/2.65/2.69//2008-9-18 13:32:31
44/600080/ST金花/2.650	42937	0.000	0	0.000	0	0.000	0	0.000	0	2.650	739969	2.660	15450	2.670	7100	2.680	23200	2.690	34800	/16842798//6230730/2332200/2.65/2.69//2008-9-18 13:33:31
44/600080/ST金花/2.650	42937	0.000	0	0.000	0	0.000	0	0.000	0	2.650	736146	2.660	15450	2.670	7100	2.680	23200	2.690	34800	/16842798//6240800/2336000/2.65/2.69//2008-9-18 13:34:32
44/600080/ST金花/2.650	42937	0.000	0	0.000	0	0.000	0	0.000	0	2.650	729246	2.660	14450	2.670	7100	2.680	23200	2.690	34800	/16842798//6257760/2342400/2.65/2.69//2008-9-18 13:35:32
44/600080/ST金花/2.650	42937	0.000	0	0.000	0	0.000	0	0.000	0	2.650	735146	2.660	14450	2.670	7100	2.680	23200	2.690	34800	/16842798//6257760/2342400/2.65/2.69//2008-9-18 13:36:33
44/600080/ST金花/2.650	42937	0.000	0	0.000	0	0.000	0	0.000	0	2.650	700846	2.660	14450	2.670	7100	2.680	23200	2.690	34800	/16842798//6284790/2352600/2.65/2.69//2008-9-18 13:37:34
44/600080/ST金花/2.650	42937	0.000	0	0.000	0	0.000	0	0.000	0	2.650	692046	2.660	14450	2.670	6100	2.680	23200	2.690	34800	/16842798//6305460/2360400/2.65/2.69//2008-9-18 13:38:34
44/600080/ST金花/2.650	42937	0.000	0	0.000	0	0.000	0	0.000	0	2.650	685646	2.660	14450	2.670	6100	2.680	23200	2.690	34800	/16842798//6321360/2366400/2.65/2.69//2008-9-18 13:39:35
44/600080/ST金花/2.650	42937	0.000	0	0.000	0	0.000	0	0.000	0	2.650	680646	2.660	14450	2.670	6100	2.680	23200	2.690	34800	/16842798//6331430/2370200/2.65/2.69//2008-9-18 13:40:35
44/600080/ST金花/2.650	42937	0.000	0	0.000	0	0.000	0	0.000	0	2.650	679546	2.660	14450	2.670	6100	2.680	23200	2.690	34800	/16842798//6331695/2370300/2.65/2.69//2008-9-18 13:41:36
44/600080/ST金花/2.650	42937	0.000	0	0.000	0	0.000	0	0.000	0	2.650	679246	2.660	14450	2.670	6100	2.680	23200	2.690	34800	/16842798//6332490/2370600/2.65/2.69//2008-9-18 13:42:36
44/600080/ST金花/2.650	42937	0.000	0	0.000	0	0.000	0	0.000	0	2.650	659746	2.660	14450	2.670	6100	2.680	23200	2.690	34800	/16842798//6380190/2388600/2.65/2.69//2008-9-18 13:43:37
44/600080/ST金花/2.650	42937	0.000	0	0.000	0	0.000	0	0.000	0	2.650	655646	2.660	14450	2.670	6100	2.680	23200	2.690	34800	/16842798//6380455/2388700/2.65/2.69//2008-9-18 13:44:37
44/600080/ST金花/2.650	42937	0.000	0	0.000	0	0.000	0	0.000	0	2.650	650746	2.660	10000	2.670	6100	2.680	23200	2.690	34800	/16842798//6395560/2394400/2.65/2.69//2008-9-18 13:45:38
44/600080/ST金花/2.650	42937	0.000	0	0.000	0	0.000	0	0.000	0	2.650	588346	2.660	10000	2.670	6100	2.680	23200	2.690	34800	/16842798//6452270/2415800/2.65/2.69//2008-9-18 13:46:39
44/600080/ST金花/2.650	42937	0.000	0	0.000	0	0.000	0	0.000	0	2.650	566346	2.660	8800	2.670	6100	2.680	23200	2.690	34800	/16842798//6497850/2433000/2.65/2.69//2008-9-18 13:47:39
44/600080/ST金花/2.650	42937	0.000	0	0.000	0	0.000	0	0.000	0	2.650	536546	2.660	8800	2.670	6100	2.680	23200	2.690	34800	/16842798//6518255/2440700/2.65/2.69//2008-9-18 13:48:40
44/600080/ST金花/2.650	42937	0.000	0	0.000	0	0.000	0	0.000	0	2.650	520646	2.660	8800	2.670	6100	2.680	23200	2.690	34800	/16842798//6520110/2441400/2.65/2.69//2008-9-18 13:49:40
44/600080/ST金花/2.650	42937	0.000	0	0.000	0	0.000	0	0.000	0	2.650	518946	2.660	8800	2.670	6100	2.680	23200	2.690	34800	/16842798//6526205/2443700/2.65/2.69//2008-9-18 13:50:41
44/600080/ST金花/2.650	42937	0.000	0	0.000	0	0.000	0	0.000	0	2.650	548146	2.660	8800	2.670	6100	2.680	23200	2.690	34800	/16842798//6526205/2443700/2.65/2.69//2008-9-18 13:51:41
44/600080/ST金花/2.650	42937	0.000	0	0.000	0	0.000	0	0.000	0	2.650	1048946	2.660	8800	2.670	6100	2.680	23200	2.690	34800	/16842798//6526205/2443700/2.65/2.69//2008-9-18 13:52:42
44/600080/ST金花/2.650	42937	0.000	0	0.000	0	0.000	0	0.000	0	2.650	1041946	2.660	8800	2.670	6100	2.680	23200	2.690	34800	/16842798//6539455/2448700/2.65/2.69//2008-9-18 13:53:42
44/600080/ST金花/2.650	42937	0.000	0	0.000	0	0.000	0	0.000	0	2.650	1050246	2.660	8800	2.670	6100	2.680	23200	2.690	34800	/16842798//6539720/2448800/2.65/2.69//2008-9-18 13:54:43
44/600080/ST金花/2.650	42937	0.000	0	0.000	0	0.000	0	0.000	0	2.650	1037146	2.660	8800	2.670	6100	2.680	23200	2.690	34800	/16842798//6594310/2469400/2.65/2.69//2008-9-18 13:55:44
44/600080/ST金花/2.650	42937	0.000	0	0.000	0	0.000	0	0.000	0	2.650	615146	2.660	8800	2.670	6100	2.680	23200	2.690	34800	/16842798//6572315/2461100/2.65/2.69//2008-9-18 13:56:44
44/600080/ST金花/2.650	42937	0.000	0	0.000	0	0.000	0	0.000	0	2.650	616846	2.660	8800	2.670	6100	2.680	23200	2.690	34800	/16842798//6594840/2469600/2.65/2.69//2008-9-18 13:57:45
44/600080/ST金花/2.650	42937	0.000	0	0.000	0	0.000	0	0.000	0	2.650	616246	2.660	8800	2.670	6100	2.680	23200	2.690	34800	/16842798//6596430/2470200/2.65/2.69//2008-9-18 13:58:45
44/600080/ST金花/2.650	42937	0.000	0	0.000	0	0.000	0	0.000	0	2.650	633746	2.660	8800	2.670	6100	2.680	23200	2.690	34800	/16842798//6597755/2470700/2.65/2.69//2008-9-18 13:59:46
44/600080/ST金花/2.650	42937	0.000	0	0.000	0	0.000	0	0.000	0	2.650	620246	2.660	8800	2.670	6100	2.680	23200	2.690	34800	/16842798//6597755/2470700/2.65/2.69//2008-9-18 14:0:47
44/600080/ST金花/2.650	42937	0.000	0	0.000	0	0.000	0	0.000	0	2.650	625746	2.660	8800	2.670	6100	2.680	23200	2.690	34800	/16842798//6600405/2471700/2.65/2.69//2008-9-18 14:1:47
44/600080/ST金花/2.650	42937	0.000	0	0.000	0	0.000	0	0.000	0	2.650	623646	2.660	8800	2.670	6100	2.680	23200	2.690	34800	/16842798//6605705/2473700/2.65/2.69//2008-9-18 14:2:48
44/600080/ST金花/2.650	42937	0.000	0	0.000	0	0.000	0	0.000	0	2.650	664046	2.660	8800	2.670	6100	2.680	23200	2.690	34800	/16842798//6631410/2483400/2.65/2.69//2008-9-18 14:3:48
44/600080/ST金花/2.650	42937	0.000	0	0.000	0	0.000	0	0.000	0	2.650	675146	2.660	8800	2.670	6100	2.680	23200	2.690	34800	/16842798//6631940/2483600/2.65/2.69//2008-9-18 14:4:49
44/600080/ST金花/2.650	42937	0.000	0	0.000	0	0.000	0	0.000	0	2.650	681765	2.660	8800	2.670	6100	2.680	23200	2.690	34800	/16842798//6631940/2483600/2.65/2.69//2008-9-18 14:5:50
44/600080/ST金花/2.650	42937	0.000	0	0.000	0	0.000	0	0.000	0	2.650	681765	2.660	8800	2.670	6100	2.680	23200	2.690	34800	/16842798//6631940/2483600/2.65/2.69//2008-9-18 14:6:50
44/600080/ST金花/2.650	42937	0.000	0	0.000	0	0.000	0	0.000	0	2.650	665265	2.660	8800	2.670	6100	2.680	23200	2.690	34800	/16842798//6631940/2483600/2.65/2.69//2008-9-18 14:7:51
44/600080/ST金花/2.650	42937	0.000	0	0.000	0	0.000	0	0.000	0	2.650	504965	2.660	8800	2.670	6100	2.680	23200	2.690	34800	/16842798//6631940/2483600/2.65/2.69//2008-9-18 14:8:51
44/600080/ST金花/2.650	42937	0.000	0	0.000	0	0.000	0	0.000	0	2.650	499165	2.660	8800	2.670	6100	2.680	23200	2.690	34800	/16842798//6634060/2484400/2.65/2.69//2008-9-18 14:9:52
44/600080/ST金花/2.650	42937	0.000	0	0.000	0	0.000	0	0.000	0	2.650	488565	2.660	8800	2.670	6100	2.680	23200	2.690	34800	/16842798//6662150/2495000/2.65/2.69//2008-9-18 14:10:53
44/600080/ST金花/2.650	42937	0.000	0	0.000	0	0.000	0	0.000	0	2.650	363965	2.660	8800	2.670	6100	2.680	23200	2.690	34800	/16842798//6990485/2618900/2.65/2.69//2008-9-18 14:11:53
44/600080/ST金花/2.650	42937	0.000	0	0.000	0	0.000	0	0.000	0	2.650	85746	2.660	8800	2.670	6100	2.680	23200	2.690	34800	/16842798//7544335/2827900/2.65/2.69//2008-9-18 14:12:54
44/600080/ST金花/2.650	220854	0.000	0	0.000	0	0.000	0	0.000	0	2.660	100	2.670	7200	2.680	23200	2.690	36800	2.700	10500	/16842798//7788874/2920146/2.66/2.69//2008-9-18 14:13:55
44/600080/ST金花/2.650	220854	0.000	0	0.000	0	0.000	0	0.000	0	2.650	414746	2.660	22500	2.670	7200	2.680	23200	2.690	38200	/16842798//8807413/3304500/2.65/2.69//2008-9-18 14:14:55
44/600080/ST金花/2.650	220854	0.000	0	0.000	0	0.000	0	0.000	0	2.650	342746	2.660	22500	2.670	7200	2.680	23200	2.690	38200	/16842798//9025243/3386700/2.65/2.69//2008-9-18 14:15:56
44/600080/ST金花/2.650	220854	0.000	0	0.000	0	0.000	0	0.000	0	2.650	324946	2.660	22500	2.670	7200	2.680	23200	2.690	36200	/16842798//9069763/3403500/2.65/2.69//2008-9-18 14:16:56
44/600080/ST金花/2.650	220854	0.000	0	0.000	0	0.000	0	0.000	0	2.650	226946	2.660	22500	2.670	7200	2.680	23200	2.690	36700	/16842798//9101033/3415300/2.65/2.69//2008-9-18 14:17:57
44/600080/ST金花/2.650	220854	0.000	0	0.000	0	0.000	0	0.000	0	2.650	210346	2.660	22500	2.670	12200	2.680	23200	2.690	36700	/16842798//9148998/3433400/2.65/2.69//2008-9-18 14:18:58
44/600080/ST金花/2.650	5454	0.000	0	0.000	0	0.000	0	0.000	0	2.670	12200	2.680	23200	2.690	36700	2.700	18500	2.710	1800	/16842798//9678855/3633346/2.65/2.69//2008-9-18 14:19:58
44/600080/ST金花/2.660	5000	2.650	65154	0.000	0	0.000	0	0.000	0	2.650	170846	2.670	2000	2.680	23200	2.690	36700	2.700	18500	/16842798//10065622/3779200/2.65/2.69//2008-9-18 14:20:59
44/600080/ST金花/2.660	5000	2.650	65154	0.000	0	0.000	0	0.000	0	2.650	76846	2.670	2000	2.680	23200	2.690	36700	2.700	18500	/16842798//10355002/3888400/2.65/2.69//2008-9-18 14:22:0
44/600080/ST金花/2.660	2000	2.650	114854	0.000	0	0.000	0	0.000	0	2.670	3000	2.680	23200	2.690	36700	2.700	18500	2.710	3800	/16842798//10641711/3996592/2.65/2.69//2008-9-18 14:23:0
44/600080/ST金花/2.660	2000	2.650	654	0.000	0	0.000	0	0.000	0	2.680	19500	2.690	35300	2.700	12200	2.710	3800	2.720	6400	/16842798//11199148/4206692/2.65/2.69//2008-9-18 14:24:1
44/600080/ST金花/2.660	8400	2.650	17454	0.000	0	0.000	0	0.000	0	2.670	2500	2.680	23000	2.690	35300	2.700	14200	2.710	3800	/16842798//11330229/4256046/2.66/2.69//2008-9-18 14:25:2
44/600080/ST金花/2.670	10900	2.660	24800	2.650	28754	0.000	0	0.000	0	2.680	4400	2.690	33300	2.700	16200	2.710	3000	2.720	11100	/16842798//11425310/4291646/2.68/2.69//2008-9-18 14:26:2
44/600080/ST金花/2.680	26700	2.670	12900	2.660	24800	2.650	31654	0.000	0	2.650	102146	2.670	1700	2.680	40000	2.690	32500	2.700	20700	/16842798//11714340/4400100/2.65/2.69//2008-9-18 14:27:3
44/600080/ST金花/2.680	26700	2.670	12900	2.660	24800	2.650	31654	0.000	0	2.650	121446	2.670	1300	2.680	67400	2.690	32500	2.700	21900	/16842798//11735805/4408200/2.65/2.69//2008-9-18 14:28:4
44/600080/ST金花/2.680	26700	2.670	12900	2.660	24800	2.650	31654	0.000	0	2.650	109946	2.670	1300	2.680	67400	2.690	32500	2.700	21900	/16842798//11790395/4428800/2.65/2.69//2008-9-18 14:29:4
44/600080/ST金花/2.680	26700	2.670	12900	2.660	24800	2.650	31654	0.000	0	2.650	103246	2.670	1300	2.680	67200	2.690	32500	2.700	21900	/16842798//11798345/4431800/2.65/2.69//2008-9-18 14:30:5
44/600080/ST金花/2.680	26700	2.670	12900	2.660	24800	2.650	31654	0.000	0	2.650	103446	2.670	11300	2.680	67200	2.690	20700	2.700	21900	/16842798//11803910/4433900/2.65/2.69//2008-9-18 14:31:6
44/600080/ST金花/2.680	26700	2.670	12900	2.660	24800	2.650	31654	0.000	0	2.650	99746	2.670	11300	2.680	78000	2.690	30700	2.700	31900	/16842798//11830675/4444000/2.65/2.69//2008-9-18 14:32:6
44/600080/ST金花/2.650	27054	0.000	0	0.000	0	0.000	0	0.000	0	2.670	11300	2.680	78000	2.690	31200	2.700	31900	2.710	3900	/16842798//12064527/4532246/2.65/2.69//2008-9-18 14:33:7
44/600080/ST金花/2.650	29354	0.000	0	0.000	0	0.000	0	0.000	0	2.650	179	2.670	11300	2.680	78000	2.690	31200	2.700	32800	/16842798//12216515/4589600/2.65/2.69//2008-9-18 14:34:8
44/600080/ST金花/2.650	6421	0.000	0	0.000	0	0.000	0	0.000	0	2.670	6200	2.680	81000	2.690	30700	2.700	32800	2.710	6900	/16842798//12243856/4599879/2.65/2.69//2008-9-18 14:35:8
44/600080/ST金花/2.650	9921	0.000	0	0.000	0	0.000	0	0.000	0	2.650	168991	2.670	10300	2.680	83000	2.690	30700	2.700	33800	/16842798//12307512/4623900/2.65/2.69//2008-9-18 14:36:9
44/600080/ST金花/2.650	9921	0.000	0	0.000	0	0.000	0	0.000	0	2.650	158391	2.670	11400	2.680	83000	2.690	31200	2.700	33800	/16842798//12336397/4634800/2.65/2.69//2008-9-18 14:37:10
44/600080/ST金花/2.650	9921	0.000	0	0.000	0	0.000	0	0.000	0	2.650	227391	2.670	13400	2.680	83000	2.690	31200	2.700	36600	/16842798//12339312/4635900/2.65/2.69//2008-9-18 14:38:10
44/600080/ST金花/2.650	9921	0.000	0	0.000	0	0.000	0	0.000	0	2.650	291390	2.670	13400	2.680	83000	2.690	31200	2.700	36600	/16842798//12341697/4636800/2.65/2.69//2008-9-18 14:39:11
44/600080/ST金花/2.650	9921	0.000	0	0.000	0	0.000	0	0.000	0	2.650	306890	2.670	13600	2.680	83000	2.690	31200	2.700	35500	/16842798//12342227/4637000/2.65/2.69//2008-9-18 14:40:12
44/600080/ST金花/2.650	9921	0.000	0	0.000	0	0.000	0	0.000	0	2.650	309090	2.670	13600	2.680	83000	2.690	31200	2.700	33900	/16842798//12348852/4639500/2.65/2.69//2008-9-18 14:41:12
44/600080/ST金花/2.650	9921	0.000	0	0.000	0	0.000	0	0.000	0	2.650	314090	2.670	13600	2.680	83000	2.690	31200	2.700	31900	/16842798//12348852/4639500/2.65/2.69//2008-9-18 14:42:13
44/600080/ST金花/2.650	9921	0.000	0	0.000	0	0.000	0	0.000	0	2.650	277090	2.670	13600	2.680	83000	2.690	31200	2.700	24600	/16842798//12449552/4677500/2.65/2.69//2008-9-18 14:43:14
44/600080/ST金花/2.650	9921	0.000	0	0.000	0	0.000	0	0.000	0	2.650	33890	2.670	13600	2.680	83000	2.690	31200	2.700	24600	/16842798//13064882/4909700/2.65/2.69//2008-9-18 14:44:14
44/600080/ST金花/2.660	3000	2.650	22710	0.000	0	0.000	0	0.000	0	2.650	166990	2.660	1000	2.670	10900	2.680	81000	2.690	31200	/16842798//13246451/4978200/2.65/2.69//2008-9-18 14:45:15
44/600080/ST金花/2.660	3000	2.650	22710	0.000	0	0.000	0	0.000	0	2.650	196690	2.660	1000	2.670	20900	2.680	31000	2.690	31200	/16842798//13291236/4995100/2.65/2.69//2008-9-18 14:46:16
44/600080/ST金花/2.660	3000	2.650	22710	0.000	0	0.000	0	0.000	0	2.650	202290	2.660	4200	2.670	20900	2.680	31000	2.690	31200	/16842798//13306606/5000900/2.65/2.69//2008-9-18 14:47:16
44/600080/ST金花/2.660	3000	2.650	22710	0.000	0	0.000	0	0.000	0	2.650	157790	2.660	5000	2.670	14600	2.680	31000	2.690	32200	/16842798//13568956/5099900/2.65/2.69//2008-9-18 14:48:17
44/600080/ST金花/2.660	3000	2.650	22710	0.000	0	0.000	0	0.000	0	2.650	88990	2.660	5000	2.670	17600	2.680	31000	2.690	40200	/16842798//13754721/5170000/2.65/2.69//2008-9-18 14:49:18
44/600080/ST金花/2.660	3000	2.650	22710	0.000	0	0.000	0	0.000	0	2.650	238590	2.660	5000	2.670	17600	2.680	31000	2.690	40200	/16842798//13776451/5178200/2.65/2.69//2008-9-18 14:50:18
44/600080/ST金花/2.660	3000	2.650	22710	0.000	0	0.000	0	0.000	0	2.650	249290	2.660	5000	2.670	17600	2.680	31000	2.690	39700	/16842798//13782811/5180600/2.65/2.69//2008-9-18 14:51:19
44/600080/ST金花/2.660	3000	2.650	22710	0.000	0	0.000	0	0.000	0	2.650	36990	2.660	5000	2.670	17600	2.680	51000	2.690	39700	/16842798//14345406/5392900/2.65/2.69//2008-9-18 14:52:20
44/600080/ST金花/2.660	3000	2.650	22710	0.000	0	0.000	0	0.000	0	2.650	10890	2.660	5000	2.670	17600	2.680	51000	2.690	43700	/16842798//14399996/5413500/2.65/2.69//2008-9-18 14:53:21
44/600080/ST金花/2.650	2110	0.000	0	0.000	0	0.000	0	0.000	0	2.650	48790	2.660	5000	2.670	16400	2.680	53200	2.690	43700	/16842798//14870901/5591200/2.65/2.69//2008-9-18 14:54:21
44/600080/ST金花/2.650	2110	0.000	0	0.000	0	0.000	0	0.000	0	2.650	147490	2.660	5200	2.670	22000	2.680	53200	2.690	49000	/16842798//15061436/5663100/2.65/2.69//2008-9-18 14:55:22
44/600080/ST金花/2.650	2110	0.000	0	0.000	0	0.000	0	0.000	0	2.650	236190	2.660	8700	2.670	22000	2.680	53200	2.690	39000	/16842798//15254886/5736100/2.65/2.69//2008-9-18 14:56:23
44/600080/ST金花/2.650	2110	0.000	0	0.000	0	0.000	0	0.000	0	2.650	243790	2.660	8700	2.670	22000	2.680	52200	2.690	39000	/16842798//15279796/5745500/2.65/2.69//2008-9-18 14:57:23
44/600080/ST金花/2.650	2110	0.000	0	0.000	0	0.000	0	0.000	0	2.650	164390	2.660	8700	2.670	22000	2.680	42200	2.690	41000	/16842798//15305236/5755100/2.65/2.69//2008-9-18 14:58:24
44/600080/ST金花/2.650	2110	0.000	0	0.000	0	0.000	0	0.000	0	2.650	149990	2.660	8700	2.670	25000	2.680	42200	2.690	41000	/16842798//15346576/5770700/2.65/2.69//2008-9-18 14:59:25
44/600080/ST金花/2.650	2110	0.000	0	0.000	0	0.000	0	0.000	0	2.650	52390	2.660	8700	2.670	29500	2.680	46200	2.690	41000	/16842798//0/0/2.65/2.69//2008-9-18 15:0:26
44/600080/ST金花/2.650	2110	0.000	0	0.000	0	0.000	0	0.000	0	2.650	52390	2.660	8700	2.670	29500	2.680	46200	2.690	41000	/16842798//0/0/2.65/2.69//2008-9-18 15:1:26
44/600080/ST金花/2.650	2110	0.000	0	0.000	0	0.000	0	0.000	0	2.650	52390	2.660	8700	2.670	29500	2.680	46200	2.690	41000	/16842798//0/0/2.65/2.69//2008-9-18 15:2:27
