598/600011/华能国际/6.610	1100	6.600	20300	6.580	800	6.570	500	6.560	1700	6.620	900	6.630	500	6.640	1000	6.650	4000	6.680	1600	/16843383//317862/47900/6.61/6.79//2008-9-18 9:31:34
598/600011/华能国际/6.610	700	6.600	16300	6.580	700	6.570	400	6.560	1700	6.650	3000	6.670	600	6.680	1000	6.690	4315	6.700	2000	/16843383//458719/69200/6.61/6.79//2008-9-18 9:32:35
598/600011/华能国际/6.600	26000	6.580	1200	6.560	1700	6.550	1700	6.540	500	6.610	200	6.670	600	6.680	1000	6.690	4315	6.700	2000	/16843383//552027/83300/6.61/6.79//2008-9-18 9:33:35
598/600011/华能国际/6.610	22100	6.600	33300	6.580	1700	6.560	1700	6.550	3000	6.650	1400	6.670	600	6.680	1500	6.690	4315	6.700	2000	/16843383//641354/96800/6.61/6.79//2008-9-18 9:34:35
598/600011/华能国际/6.620	700	6.610	25700	6.600	29300	6.580	1700	6.560	1700	6.650	4000	6.670	600	6.680	1500	6.690	4315	6.700	2900	/16843383//683003/103100/6.61/6.79//2008-9-18 9:35:35
598/600011/华能国际/6.610	23100	6.600	28400	6.580	1700	6.560	1700	6.550	4100	6.620	2410	6.650	5600	6.670	1600	6.680	1500	6.690	4315	/16843383//733270/110700/6.62/6.79//2008-9-18 9:36:36
598/600011/华能国际/6.610	22500	6.600	27400	6.580	1700	6.560	1700	6.550	4100	6.620	2909	6.650	5700	6.670	600	6.680	1500	6.690	4815	/16843383//776937/117300/6.61/6.79//2008-9-18 9:37:36
598/600011/华能国际/6.580	1700	6.560	1700	6.550	4100	6.540	500	6.530	800	6.600	1300	6.610	1450	6.620	3409	6.650	6300	6.670	700	/16843383//1166678/176300/6.6/6.79//2008-9-18 9:38:36
598/600011/华能国际/6.560	1400	6.550	5100	6.540	500	6.530	800	6.520	5700	6.580	7509	6.600	20500	6.610	1650	6.620	1700	6.650	6300	/16843383//1198954/181200/6.56/6.79//2008-9-18 9:39:36
598/600011/华能国际/6.520	3400	6.510	7200	6.500	9700	6.480	900	6.460	300	6.550	19950	6.560	2600	6.580	6700	6.590	2000	6.600	8600	/16843383//1350846/204400/6.52/6.79//2008-9-18 9:40:36
598/600011/华能国际/6.510	7900	6.500	10400	6.480	1400	6.460	300	6.450	4300	6.520	10959	6.550	5800	6.560	2200	6.580	4600	6.590	2000	/16843383//1696767/257300/6.52/6.79//2008-9-18 9:41:37
598/600011/华能国际/6.520	90441	6.510	7800	6.500	13100	6.480	1400	6.460	1300	6.530	500	6.550	2800	6.560	2000	6.580	4500	6.590	2000	/16843383//1891031/287059/6.52/6.79//2008-9-18 9:42:37
598/600011/华能国际/6.560	19900	6.550	12300	6.530	2600	6.520	90841	6.510	8900	6.580	3500	6.590	2000	6.600	11000	6.610	1100	6.620	2000	/16843383//1978194/300359/6.56/6.79//2008-9-18 9:43:37
598/600011/华能国际/6.610	3200	6.600	57000	6.580	13100	6.560	27000	6.550	900	6.620	1200	6.630	1800	6.650	2900	6.670	717	6.680	2900	/16843383//2095624/318159/6.61/6.79//2008-9-18 9:44:37
598/600011/华能国际/6.650	1300	6.630	3300	6.610	4100	6.600	54500	6.560	25800	6.670	717	6.680	2900	6.690	7015	6.700	7000	6.710	1500	/16843383//2263407/343459/6.65/6.79//2008-9-18 9:45:37
598/600011/华能国际/6.620	5600	6.610	5200	6.600	57700	6.560	10300	6.550	3700	6.650	2700	6.670	1117	6.680	2900	6.690	7015	6.700	7000	/16843383//2242738/340359/6.62/6.79//2008-9-18 9:46:38
598/600011/华能国际/6.620	7200	6.610	4200	6.600	58500	6.560	10300	6.550	3700	6.640	200	6.650	5600	6.660	200	6.670	2017	6.680	2900	/16843383//2252018/341759/6.64/6.79//2008-9-18 9:47:38
598/600011/华能国际/6.630	1100	6.620	7300	6.610	4200	6.600	58500	6.580	400	6.650	6400	6.660	1768	6.670	2017	6.680	2900	6.690	7715	/16843383//2259322/342859/6.64/6.79//2008-9-18 9:48:38
598/600011/华能国际/6.650	35800	6.630	3000	6.620	6500	6.610	4200	6.600	59500	6.660	1568	6.670	2017	6.680	2900	6.690	4615	6.700	8000	/16843383//2367673/359159/6.65/6.79//2008-9-18 9:49:39
598/600011/华能国际/6.660	1032	6.650	36600	6.630	3000	6.620	4500	6.610	2200	6.670	2017	6.680	3400	6.690	4615	6.700	7900	6.710	1500	/16843383//2388102/362227/6.66/6.79//2008-9-18 9:50:39
598/600011/华能国际/6.650	35400	6.620	2900	6.610	2200	6.600	60000	6.580	400	6.660	3600	6.670	1885	6.680	3800	6.690	4715	6.700	7900	/16843383//2406301/364959/6.66/6.79//2008-9-18 9:51:39
598/600011/华能国际/6.650	20500	6.640	100	6.620	1700	6.610	900	6.600	57500	6.660	1700	6.670	2885	6.680	3100	6.690	5015	6.700	8900	/16843383//2544013/385659/6.66/6.79//2008-9-18 9:52:39
598/600011/华能国际/6.650	16800	6.640	100	6.620	1700	6.610	900	6.600	57900	6.660	3600	6.670	8385	6.680	4600	6.690	8115	6.700	8900	/16843383//2568618/389359/6.65/6.79//2008-9-18 9:53:40
598/600011/华能国际/6.610	900	6.600	58000	6.580	400	6.560	7700	6.550	4800	6.620	1500	6.640	2000	6.650	14400	6.660	1500	6.670	7685	/16843383//2699550/409059/6.62/6.79//2008-9-18 9:54:40
598/600011/华能国际/6.600	51101	6.580	400	6.560	7700	6.550	4800	6.540	900	6.610	3000	6.620	2100	6.630	1700	6.640	2400	6.650	15300	/16843383//2747061/416258/6.6/6.79//2008-9-18 9:55:40
598/600011/华能国际/6.600	41001	6.580	400	6.560	6700	6.550	6800	6.540	900	6.620	100	6.630	200	6.640	2200	6.650	16200	6.660	3300	/16843383//2841483/430558/6.6/6.79//2008-9-18 9:56:41
598/600011/华能国际/6.580	200	6.560	6700	6.550	6800	6.540	900	6.530	2400	6.600	1400	6.640	499	6.650	37100	6.660	3300	6.670	7685	/16843383//3725024/564459/6.64/6.79//2008-9-18 9:57:41
598/600011/华能国际/6.560	6700	6.550	6800	6.540	900	6.530	2400	6.520	88741	6.580	100	6.600	4200	6.620	200	6.640	5399	6.650	36400	/16843383//3715005/562959/6.58/6.79//2008-9-18 9:58:41
598/600011/华能国际/6.560	4300	6.550	7300	6.540	900	6.530	4900	6.520	86741	6.580	2900	6.600	8200	6.620	200	6.630	1100	6.640	14199	/16843383//3725476/564559/6.56/6.79//2008-9-18 9:59:41
598/600011/华能国际/6.550	6620	6.540	900	6.530	5200	6.520	86741	6.510	31900	6.560	1100	6.580	1900	6.600	5900	6.620	200	6.630	1100	/16843383//3779168/572739/6.55/6.79//2008-9-18 10:0:42
598/600011/华能国际/6.550	5020	6.540	1500	6.530	5400	6.520	87741	6.510	31900	6.560	1700	6.580	3100	6.600	9900	6.620	200	6.630	1100	/16843383//3810620/577539/6.55/6.79//2008-9-18 10:1:42
598/600011/华能国际/6.540	1500	6.530	6400	6.520	87841	6.510	31900	6.500	63300	6.550	36980	6.560	10700	6.580	3100	6.600	10800	6.620	200	/16843383//3848093/583259/6.55/6.55//2008-9-18 10:2:42
598/600011/华能国际/6.520	87841	6.510	31900	6.500	62300	6.480	2400	6.460	1300	6.530	2300	6.540	600	6.550	20680	6.560	9700	6.580	3100	/16843383//4048968/613959/6.53/6.55//2008-9-18 10:3:42
598/600011/华能国际/6.520	85948	6.510	31400	6.500	59100	6.480	2900	6.460	2000	6.550	4380	6.560	9700	6.580	3100	6.600	10500	6.620	500	/16843383//4284905/650052/6.52/6.55//2008-9-18 10:4:43
598/600011/华能国际/6.530	3700	6.520	71148	6.510	32600	6.500	58600	6.480	2900	6.540	5000	6.550	22500	6.560	9700	6.580	3100	6.600	10600	/16843383//4447997/675052/6.53/6.55//2008-9-18 10:5:43
598/600011/华能国际/6.520	62348	6.510	32600	6.500	59100	6.480	3000	6.460	2000	6.550	26100	6.560	9700	6.580	2600	6.600	10900	6.620	500	/16843383//4532985/688052/6.53/6.55//2008-9-18 10:6:43
598/600011/华能国际/6.530	8200	6.520	62348	6.510	32600	6.500	59100	6.480	3500	6.540	600	6.550	26400	6.560	9700	6.580	2600	6.590	4000	/16843383//4572818/694152/6.53/6.55//2008-9-18 10:7:44
598/600011/华能国际/6.530	3300	6.520	64348	6.510	27900	6.500	59400	6.480	4100	6.550	3900	6.560	600	6.580	2600	6.590	4000	6.600	16800	/16843383//4963471/753852/6.53/6.55//2008-9-18 10:8:44
598/600011/华能国际/6.530	13200	6.520	58648	6.510	28100	6.500	59100	6.480	4100	6.590	3400	6.600	13900	6.620	500	6.630	1100	6.640	4399	/16843383//4995415/758752/6.59/6.55//2008-9-18 10:9:44
598/600011/华能国际/6.540	700	6.530	10800	6.520	58248	6.510	28100	6.500	69500	6.590	6300	6.600	13300	6.620	4300	6.630	1100	6.640	4399	/16843383//5050296/767152/6.59/6.55//2008-9-18 10:10:44
598/600011/华能国际/6.530	10809	6.520	58248	6.510	27900	6.500	69100	6.480	3800	6.580	16000	6.590	42500	6.600	13300	6.620	4300	6.630	1100	/16843383//5068576/769943/6.53/6.55//2008-9-18 10:11:45
598/600011/华能国际/6.550	14700	6.540	5000	6.530	15109	6.520	56448	6.510	27600	6.580	15500	6.590	43600	6.600	11300	6.620	8900	6.630	1100	/16843383//5096116/774143/6.58/6.55//2008-9-18 10:12:45
598/600011/华能国际/6.540	5500	6.530	13809	6.520	57148	6.510	27600	6.500	69600	6.550	22400	6.580	17200	6.590	12900	6.600	11500	6.620	8900	/16843383//5183886/787543/6.55/6.55//2008-9-18 10:13:45
598/600011/华能国际/6.540	700	6.530	13809	6.520	56948	6.510	28100	6.500	69600	6.550	21100	6.580	19600	6.590	12900	6.600	11200	6.620	8900	/16843383//5222488/793443/6.54/6.55//2008-9-18 10:14:46
598/600011/华能国际/6.540	25301	6.530	12209	6.520	58148	6.510	28100	6.500	69400	6.550	21900	6.570	1500	6.580	19700	6.590	13300	6.600	14600	/16843383//5274129/801342/6.54/6.55//2008-9-18 10:15:46
598/600011/华能国际/6.540	4601	6.530	12509	6.520	58448	6.510	28600	6.500	69500	6.550	28300	6.570	1700	6.580	19000	6.590	13300	6.600	14400	/16843383//5429814/825142/6.54/6.55//2008-9-18 10:16:46
598/600011/华能国际/6.540	2301	6.530	13809	6.520	58448	6.510	28600	6.500	68400	6.550	28600	6.570	1700	6.580	19000	6.590	13300	6.600	19600	/16843383//5463824/830342/6.55/6.55//2008-9-18 10:17:47
598/600011/华能国际/6.540	5501	6.530	14209	6.520	57948	6.510	28600	6.500	66900	6.550	1300	6.570	1700	6.580	19000	6.590	12900	6.600	19000	/16843383//5719921/869442/6.55/6.55//2008-9-18 10:18:47
598/600011/华能国际/6.570	800	6.560	2000	6.550	47800	6.540	7501	6.530	14009	6.580	13300	6.590	12400	6.600	16500	6.620	9500	6.630	1600	/16843383//5788260/879842/6.57/6.55//2008-9-18 10:19:47
598/600011/华能国际/6.560	700	6.550	47511	6.540	6801	6.530	13809	6.520	57948	6.570	1600	6.580	33000	6.590	11600	6.600	16300	6.620	9500	/16843383//5819047/884531/6.57/6.55//2008-9-18 10:20:48
598/600011/华能国际/6.560	1338	6.550	47511	6.540	2801	6.530	14809	6.520	57948	6.570	3000	6.580	33100	6.590	11400	6.600	16300	6.620	11400	/16843383//5856196/890193/6.56/6.55//2008-9-18 10:21:48
598/600011/华能国际/6.550	3749	6.540	2801	6.530	14509	6.520	57348	6.510	28400	6.570	2900	6.580	33100	6.590	11700	6.600	16200	6.620	11900	/16843383//6196949/942193/6.57/6.55//2008-9-18 10:22:48
598/600011/华能国际/6.540	4401	6.530	14509	6.520	58348	6.510	28400	6.500	69400	6.550	20622	6.560	100	6.570	1800	6.580	33700	6.590	11700	/16843383//6345969/964920/6.55/6.55//2008-9-18 10:23:48
598/600011/华能国际/6.520	37962	6.510	28400	6.500	68600	6.480	3800	6.460	2000	6.550	22322	6.560	2400	6.570	1500	6.580	33800	6.590	9700	/16843383//6557270/997338/6.52/6.55//2008-9-18 10:24:49
598/600011/华能国际/6.520	3041	6.510	28400	6.500	69300	6.480	3800	6.460	2000	6.530	50449	6.540	1000	6.550	22322	6.560	2400	6.570	1700	/16843383//6852776/1042659/6.52/6.55//2008-9-18 10:25:49
598/600011/华能国际/6.510	18545	6.500	71300	6.480	3800	6.460	2000	6.450	16200	6.520	2300	6.530	50449	6.550	22322	6.560	3100	6.570	1700	/16843383//6906114/1050855/6.51/6.55//2008-9-18 10:26:49
598/600011/华能国际/6.500	6460	6.480	3800	6.460	2000	6.450	16200	6.440	700	6.510	1055	6.520	3500	6.530	800	6.550	22322	6.560	3600	/16843383//7474310/1138240/6.5/6.55//2008-9-18 10:27:50
598/600011/华能国际/6.500	32900	6.420	200	6.410	200	6.400	19900	6.390	300	6.510	2054	6.520	3500	6.530	4600	6.550	22722	6.560	3600	/16843383//7810423/1190161/6.5/6.55//2008-9-18 10:28:50
598/600011/华能国际/6.510	37221	6.450	100	6.430	500	6.410	51000	6.400	18929	6.520	3600	6.530	4600	6.550	23322	6.560	6600	6.570	1700	/16843383//8434297/1286111/6.51/6.55//2008-9-18 10:29:50
598/600011/华能国际/6.430	500	6.420	2100	6.410	51300	6.400	31629	6.390	1300	6.450	33	6.500	7100	6.510	25283	6.520	18800	6.530	800	/16843383//8686350/1324832/6.45/6.55//2008-9-18 10:30:51
598/600011/华能国际/6.410	51191	6.400	32629	6.390	1300	6.380	12000	6.360	4600	6.420	6400	6.430	1000	6.500	6100	6.510	27683	6.520	19200	/16843383//8728697/1331411/6.41/6.55//2008-9-18 10:31:51
598/600011/华能国际/6.400	29383	6.390	1300	6.380	13000	6.360	3600	6.350	25500	6.410	13800	6.420	1200	6.430	1000	6.500	9000	6.510	25083	/16843383//9113301/1391415/6.41/6.55//2008-9-18 10:32:51
598/600011/华能国际/6.380	11167	6.360	100	6.350	27000	6.340	1100	6.330	1600	6.390	121	6.400	1800	6.410	14300	6.420	1200	6.430	1000	/16843383//9384831/1433831/6.39/6.55//2008-9-18 10:33:52
598/600011/华能国际/6.380	940	6.360	4400	6.350	29300	6.340	2100	6.330	1600	6.390	521	6.400	8700	6.410	15000	6.420	1200	6.450	400	/16843383//9483894/1449358/6.38/6.55//2008-9-18 10:34:52
598/600011/华能国际/6.350	27000	6.340	2100	6.330	1600	6.320	2000	6.310	11200	6.360	1897	6.380	3800	6.390	121	6.400	9400	6.410	15000	/16843383//9565033/1462101/6.35/6.55//2008-9-18 10:35:52
598/600011/华能国际/6.380	81652	6.370	200	6.360	50100	6.350	32300	6.340	1300	6.400	1700	6.410	8618	6.420	1200	6.440	1200	6.450	3400	/16843383//9762941/1493046/6.4/6.55//2008-9-18 10:36:53
598/600011/华能国际/6.380	79165	6.370	200	6.360	50100	6.350	32600	6.340	1800	6.400	12595	6.410	1318	6.420	1200	6.440	1200	6.450	4700	/16843383//9854391/1507333/6.38/6.55//2008-9-18 10:37:53
598/600011/华能国际/6.380	40505	6.370	200	6.360	52700	6.350	32500	6.340	1300	6.400	27795	6.410	1318	6.420	1200	6.430	2500	6.440	1200	/16843383//10137616/1551716/6.38/6.55//2008-9-18 10:38:53
598/600011/华能国际/6.380	1468	6.370	800	6.360	64700	6.350	32500	6.340	1400	6.400	24995	6.410	1318	6.420	1200	6.430	2500	6.440	1200	/16843383//10450482/1600730/6.38/6.55//2008-9-18 10:39:54
598/600011/华能国际/6.360	51831	6.350	32300	6.340	1400	6.330	1600	6.320	2500	6.400	24595	6.410	1318	6.420	1200	6.430	2500	6.440	1200	/16843383//10594669/1623367/6.36/6.55//2008-9-18 10:40:54
598/600011/华能国际/6.360	48894	6.350	32300	6.340	1400	6.330	1600	6.320	2500	6.380	1000	6.390	1100	6.400	28195	6.410	1318	6.420	1200	/16843383//10642639/1630904/6.36/6.55//2008-9-18 10:41:54
598/600011/华能国际/6.370	8900	6.360	104157	6.350	33000	6.340	1400	6.330	1600	6.380	500	6.390	3100	6.400	27795	6.410	1318	6.420	1000	/16843383//10658784/1633441/6.38/6.55//2008-9-18 10:42:55
598/600011/华能国际/6.390	3000	6.380	3267	6.370	7196	6.360	103557	6.350	34200	6.400	1295	6.410	1318	6.420	1100	6.430	2500	6.440	1200	/16843383//10873949/1667078/6.38/6.55//2008-9-18 10:43:55
598/600011/华能国际/6.380	3300	6.370	7696	6.360	103957	6.350	34200	6.340	1400	6.390	904	6.400	1895	6.410	418	6.420	1100	6.430	2500	/16843383//10902910/1671611/6.39/6.55//2008-9-18 10:44:56
598/600011/华能国际/6.380	604	6.370	10563	6.360	103457	6.350	35000	6.340	1400	6.390	1204	6.400	22795	6.410	418	6.420	2100	6.430	2500	/16843383//10933050/1676336/6.38/6.55//2008-9-18 10:45:56
598/600011/华能国际/6.370	6630	6.360	103857	6.350	35100	6.340	1400	6.330	2600	6.380	3100	6.390	4304	6.400	24685	6.410	418	6.420	2100	/16843383//11045504/1693977/6.38/6.55//2008-9-18 10:46:56
598/600011/华能国际/6.360	102524	6.350	34900	6.340	1400	6.330	1700	6.320	2500	6.370	1974	6.380	5300	6.390	4304	6.400	26185	6.410	418	/16843383//11101311/1702740/6.37/6.55//2008-9-18 10:47:57
598/600011/华能国际/6.360	75282	6.350	34900	6.340	1400	6.330	1700	6.320	7500	6.370	5374	6.380	5300	6.390	5404	6.400	25885	6.410	418	/16843383//11282858/1731282/6.36/6.55//2008-9-18 10:48:57
598/600011/华能国际/6.360	3445	6.350	34900	6.340	1400	6.330	1700	6.320	7500	6.370	5374	6.380	4800	6.390	5404	6.400	25885	6.410	318	/16843383//11739741/1803119/6.36/6.55//2008-9-18 10:49:57
598/600011/华能国际/6.320	39344	6.310	20700	6.300	23300	6.290	1000	6.280	4200	6.350	8300	6.360	9400	6.370	5074	6.380	4800	6.390	5104	/16843383//12034161/1849520/6.32/6.55//2008-9-18 10:50:58
598/600011/华能国际/6.320	26257	6.310	20500	6.300	23300	6.290	1000	6.280	4200	6.330	200	6.340	11300	6.350	29680	6.360	7800	6.370	5074	/16843383//12273423/1887332/6.32/6.55//2008-9-18 10:51:58
598/600011/华能国际/6.310	19400	6.300	22800	6.290	1900	6.280	3700	6.270	12000	6.320	3080	6.330	400	6.340	10800	6.350	26280	6.360	4300	/16843383//12445601/1914564/6.32/6.55//2008-9-18 10:52:58
598/600011/华能国际/6.290	1900	6.280	3700	6.270	12000	6.260	3000	6.240	700	6.300	34100	6.310	3428	6.320	2280	6.330	5700	6.340	7000	/16843383//12799905/1970764/6.3/6.55//2008-9-18 10:53:59
598/600011/华能国际/6.260	3000	6.250	500	6.240	700	6.230	500	6.220	500	6.270	1133	6.280	4200	6.290	1490	6.300	23804	6.310	2928	/16843383//12910429/1988368/6.27/6.55//2008-9-18 10:54:59
598/600011/华能国际/6.220	167	6.210	1800	6.200	31600	6.190	1100	6.180	1200	6.250	2400	6.260	8533	6.270	3700	6.280	4400	6.290	1590	/16843383//12948788/1994505/6.25/6.55//2008-9-18 10:56:0
598/600011/华能国际/6.220	8467	6.210	10830	6.200	26300	6.190	2100	6.180	1200	6.240	4800	6.250	7700	6.260	5300	6.270	4300	6.280	3400	/16843383//13033245/2008075/6.22/6.55//2008-9-18 10:57:0
598/600011/华能国际/6.180	6200	6.170	1000	6.160	700	6.150	10500	6.130	3500	6.190	3033	6.200	16746	6.210	2104	6.220	4166	6.240	4800	/16843383//13391078/2065739/6.19/6.55//2008-9-18 10:58:0
598/600011/华能国际/6.120	3567	6.110	206467	0.000	0	0.000	0	0.000	0	6.140	800	6.180	3700	6.190	13107	6.200	69646	6.210	200	/16843383//13709654/2117738/6.12/6.55//2008-9-18 10:59:1
598/600011/华能国际/6.140	1817	6.130	6900	6.120	14197	6.110	253967	0.000	0	6.150	4000	6.180	500	6.190	12007	6.200	71846	6.210	200	/16843383//13787824/2130491/6.14/6.55//2008-9-18 11:0:1
598/600011/华能国际/6.120	46334	6.110	270867	0.000	0	0.000	0	0.000	0	6.130	3500	6.140	13483	6.150	4000	6.190	12007	6.200	83346	/16843383//13868668/2143674/6.13/6.55//2008-9-18 11:1:2
598/600011/华能国际/6.120	44868	6.110	282067	0.000	0	0.000	0	0.000	0	6.130	2600	6.140	27673	6.150	4000	6.190	12007	6.200	83346	/16843383//13970765/2160340/6.12/6.55//2008-9-18 11:2:2
598/600011/华能国际/6.120	2502	6.110	295967	0.000	0	0.000	0	0.000	0	6.130	6000	6.140	24873	6.150	4000	6.180	2500	6.190	12007	/16843383//14632756/2268506/6.12/6.55//2008-9-18 11:3:2
598/600011/华能国际/6.110	299434	0.000	0	0.000	0	0.000	0	0.000	0	6.120	30557	6.130	1600	6.140	24873	6.150	4600	6.180	2500	/16843383//14455502/2239541/6.12/6.55//2008-9-18 11:4:3
598/600011/华能国际/6.110	207711	0.000	0	0.000	0	0.000	0	0.000	0	6.130	1200	6.140	23873	6.150	4600	6.180	2500	6.190	12007	/16843383//15335802/2383564/6.11/6.55//2008-9-18 11:5:3
598/600011/华能国际/6.120	8267	6.110	167078	0.000	0	0.000	0	0.000	0	6.130	2500	6.140	24873	6.150	4600	6.180	2500	6.190	12007	/16843383//15682280/2440263/6.12/6.55//2008-9-18 11:6:4
598/600011/华能国际/6.120	15701	6.110	157478	0.000	0	0.000	0	0.000	0	6.130	1400	6.140	24873	6.150	4700	6.180	2500	6.190	10774	/16843383//15738803/2449496/6.12/6.55//2008-9-18 11:7:4
598/600011/华能国际/6.130	10267	6.120	21858	6.110	159178	0.000	0	0.000	0	6.140	20883	6.150	4700	6.180	2500	6.190	10774	6.200	80546	/16843383//16098018/2508172/6.14/6.55//2008-9-18 11:8:4
598/600011/华能国际/6.160	500	6.150	5500	6.140	35184	6.130	9034	6.120	22058	6.180	2500	6.190	8574	6.200	78546	6.220	2266	6.250	3200	/16843383//16261283/2534754/6.14/6.55//2008-9-18 11:9:5
598/600011/华能国际/6.180	1370	6.170	1100	6.160	400	6.150	9367	6.140	33184	6.200	55453	6.220	2266	6.250	3200	6.260	300	6.270	2600	/16843383//16488157/2571384/6.2/6.55//2008-9-18 11:10:5
598/600011/华能国际/6.180	1804	6.170	2000	6.160	5100	6.150	11267	6.140	33184	6.200	40853	6.220	2266	6.250	3200	6.260	300	6.270	1900	/16843383//16528827/2577950/6.2/6.55//2008-9-18 11:11:6
598/600011/华能国际/6.150	7834	6.140	32184	6.130	7234	6.120	22058	6.110	260000	6.180	65	6.200	41353	6.220	3268	6.250	2300	6.260	300	/16843383//16605535/2590387/6.15/6.55//2008-9-18 11:12:6
598/600011/华能国际/6.150	600	6.140	7252	6.130	7134	6.120	22958	6.110	258700	6.170	5200	6.180	6065	6.190	400	6.200	42586	6.220	5268	/16843383//16805576/2622953/6.15/6.55//2008-9-18 11:13:7
598/600011/华能国际/6.140	2986	6.130	7034	6.120	15600	6.110	270800	0.000	0	6.150	1800	6.170	5490	6.180	6065	6.190	400	6.200	42586	/16843383//16837920/2628219/6.15/6.55//2008-9-18 11:14:7
598/600011/华能国际/6.130	6471	6.120	22300	6.110	275300	0.000	0	0.000	0	6.140	1747	6.170	5490	6.180	4065	6.190	400	6.200	42586	/16843383//16898442/2638068/6.14/6.55//2008-9-18 11:15:7
598/600011/华能国际/6.140	1533	6.130	6471	6.120	29000	6.110	274300	0.000	0	6.160	5000	6.170	5200	6.180	4065	6.190	400	6.200	142586	/16843383//16918496/2641335/6.14/6.55//2008-9-18 11:16:8
598/600011/华能国际/6.130	8171	6.120	28600	6.110	277000	0.000	0	0.000	0	6.140	3867	6.150	3000	6.160	5000	6.170	5200	6.180	4365	/16843383//16944492/2645568/6.14/6.55//2008-9-18 11:17:8
598/600011/华能国际/6.130	8771	6.120	29300	6.110	276900	0.000	0	0.000	0	6.140	17567	6.150	3200	6.160	5000	6.170	5200	6.180	4365	/16843383//16960438/2648168/6.13/6.55//2008-9-18 11:18:9
598/600011/华能国际/6.130	15438	6.120	22600	6.110	281600	0.000	0	0.000	0	6.140	2267	6.150	3200	6.160	5000	6.170	5200	6.180	4365	/16843383//0/0/6.13/6.55//2008-9-18 11:19:9
598/600011/华能国际/6.140	300	6.130	19671	6.120	21400	6.110	282600	0.000	0	6.150	3200	6.160	5000	6.170	5200	6.180	4365	6.190	400	/16843383//17096098/2670268/6.13/6.55//2008-9-18 11:20:10
598/600011/华能国际/6.130	23376	6.120	21800	6.110	281700	0.000	0	0.000	0	6.150	3200	6.160	5000	6.170	5200	6.180	4365	6.190	400	/16843383//17107732/2672163/6.14/6.55//2008-9-18 11:21:10
598/600011/华能国际/6.120	11700	6.110	227000	0.000	0	0.000	0	0.000	0	6.130	2123	6.140	300	6.150	2700	6.160	25000	6.170	5200	/16843383//17303674/2704139/6.12/6.55//2008-9-18 11:22:10
598/600011/华能国际/6.120	16137	6.110	227137	0.000	0	0.000	0	0.000	0	6.130	923	6.140	1200	6.150	2500	6.160	25000	6.170	200	/16843383//17442762/2726865/6.12/6.55//2008-9-18 11:23:11
598/600011/华能国际/6.120	52542	6.110	228637	0.000	0	0.000	0	0.000	0	6.130	9323	6.140	900	6.150	2500	6.160	25000	6.170	200	/16843383//17465392/2730560/6.13/6.55//2008-9-18 11:24:11
598/600011/华能国际/6.120	23242	6.110	229837	0.000	0	0.000	0	0.000	0	6.130	8323	6.140	1490	6.150	2500	6.160	25000	6.170	200	/16843383//17670428/2764060/6.12/6.55//2008-9-18 11:25:12
598/600011/华能国际/6.120	22604	6.110	230837	0.000	0	0.000	0	0.000	0	6.130	9323	6.140	1490	6.150	3000	6.160	25000	6.170	200	/16843383//17689640/2767198/6.12/6.55//2008-9-18 11:26:12
598/600011/华能国际/6.120	16704	6.110	230837	0.000	0	0.000	0	0.000	0	6.130	10123	6.140	1490	6.150	3000	6.160	25000	6.170	200	/16843383//17726974/2773298/6.12/6.55//2008-9-18 11:27:13
598/600011/华能国际/6.120	32804	6.110	230437	0.000	0	0.000	0	0.000	0	6.130	9023	6.140	590	6.150	3200	6.160	25000	6.170	200	/16843383//17821232/2788698/6.12/6.55//2008-9-18 11:28:13
598/600011/华能国际/6.120	19504	6.110	230537	0.000	0	0.000	0	0.000	0	6.130	7823	6.140	590	6.150	3200	6.160	25000	6.170	200	/16843383//17988320/2815998/6.12/6.55//2008-9-18 11:29:14
598/600011/华能国际/6.120	17406	6.110	229637	0.000	0	0.000	0	0.000	0	6.130	5923	6.140	300	6.150	3200	6.160	25000	6.170	200	/16843383//17941204/2808296/6.13/6.55//2008-9-18 11:30:14
598/600011/华能国际/6.120	17406	6.110	229637	0.000	0	0.000	0	0.000	0	6.130	5923	6.140	300	6.150	3200	6.160	25000	6.170	200	/16843383//17941204/2808296/6.13/6.55//2008-9-18 11:31:15
598/600011/华能国际/6.110	223937	0.000	0	0.000	0	0.000	0	0.000	0	6.120	500	6.130	200	6.140	300	6.150	4100	6.160	25000	/16843383//18251264/2858896/6.11/6.55//2008-9-18 13:1:15
598/600011/华能国际/6.110	186037	0.000	0	0.000	0	0.000	0	0.000	0	6.130	200	6.140	300	6.150	4800	6.160	25000	6.170	200	/16843383//18498168/2899296/6.11/6.55//2008-9-18 13:2:16
598/600011/华能国际/6.120	700	6.110	189237	0.000	0	0.000	0	0.000	0	6.140	10400	6.150	4800	6.160	25000	6.170	200	6.180	4065	/16843383//18534924/2905296/6.11/6.55//2008-9-18 13:3:16
598/600011/华能国际/6.120	10277	6.110	633837	0.000	0	0.000	0	0.000	0	6.140	10000	6.150	4800	6.160	25000	6.170	200	6.180	4065	/16843383//18548546/2907519/6.12/6.55//2008-9-18 13:4:17
598/600011/华能国际/6.120	477	6.110	636237	0.000	0	0.000	0	0.000	0	6.140	13200	6.150	4800	6.160	25000	6.170	200	6.180	4065	/16843383//18636094/2921819/6.12/6.55//2008-9-18 13:5:17
598/600011/华能国际/6.120	6177	6.110	638137	0.000	0	0.000	0	0.000	0	6.140	14200	6.150	4800	6.160	25000	6.170	200	6.180	4065	/16843383//18780546/2945419/6.12/6.55//2008-9-18 13:6:18
598/600011/华能国际/6.110	635444	0.000	0	0.000	0	0.000	0	0.000	0	6.140	13423	6.150	4800	6.160	25000	6.170	200	6.180	4065	/16843383//18862386/2958789/6.14/6.55//2008-9-18 13:7:18
598/600011/华能国际/6.110	636644	0.000	0	0.000	0	0.000	0	0.000	0	6.120	200	6.140	13423	6.150	3900	6.160	25000	6.170	200	/16843383//18902144/2965289/6.12/6.55//2008-9-18 13:8:19
598/600011/华能国际/6.120	2500	6.110	641444	0.000	0	0.000	0	0.000	0	6.130	1000	6.140	13623	6.150	3900	6.160	5000	6.170	200	/16843383//18909488/2966489/6.12/6.55//2008-9-18 13:9:19
598/600011/华能国际/6.120	500	6.110	603344	0.000	0	0.000	0	0.000	0	6.130	1000	6.140	13623	6.150	3900	6.160	5000	6.170	200	/16843383//19160028/3007489/6.12/6.55//2008-9-18 13:10:20
598/600011/华能国际/6.110	603644	0.000	0	0.000	0	0.000	0	0.000	0	6.120	400	6.130	1000	6.140	63623	6.150	3400	6.160	5000	/16843383//19185110/3011589/6.12/6.55//2008-9-18 13:11:20
598/600011/华能国际/6.110	25044	0.000	0	0.000	0	0.000	0	0.000	0	6.130	2000	6.140	58823	6.150	3400	6.160	5000	6.170	200	/16843383//22737478/3592989/6.11/6.55//2008-9-18 13:12:21
598/600011/华能国际/6.110	24444	0.000	0	0.000	0	0.000	0	0.000	0	6.110	57489	6.120	1200	6.130	2300	6.140	58823	6.150	3200	/16843383//22897218/3619133/6.11/6.55//2008-9-18 13:13:21
598/600011/华能国际/6.110	24444	0.000	0	0.000	0	0.000	0	0.000	0	6.110	61398	6.120	1200	6.130	1000	6.140	58823	6.150	3300	/16843383//22913716/3621833/6.11/6.55//2008-9-18 13:14:22
598/600011/华能国际/6.110	36779	0.000	0	0.000	0	0.000	0	0.000	0	6.120	1200	6.130	1000	6.140	56500	6.150	3300	6.160	5000	/16843383//23328102/3689654/6.11/6.55//2008-9-18 13:15:22
598/600011/华能国际/6.110	8079	0.000	0	0.000	0	0.000	0	0.000	0	6.110	22421	6.120	1200	6.130	1400	6.140	56500	6.150	3300	/16843383//23574206/3729933/6.11/6.55//2008-9-18 13:16:23
598/600011/华能国际/6.110	72312	0.000	0	0.000	0	0.000	0	0.000	0	6.120	1200	6.130	1500	6.140	5900	6.150	3900	6.160	5000	/16843383//23773790/3762598/6.11/6.55//2008-9-18 13:17:23
598/600011/华能国际/6.110	69412	0.000	0	0.000	0	0.000	0	0.000	0	6.120	600	6.140	5900	6.150	3900	6.160	5000	6.170	200	/16843383//23809414/3768421/6.11/6.55//2008-9-18 13:18:24
598/600011/华能国际/6.110	69812	0.000	0	0.000	0	0.000	0	0.000	0	6.130	300	6.140	100	6.150	100	6.160	5000	6.170	200	/16843383//23890408/3781621/6.11/6.55//2008-9-18 13:19:24
598/600011/华能国际/6.130	100	6.110	21485	0.000	0	0.000	0	0.000	0	6.150	200	6.160	6000	6.170	200	6.180	4065	6.190	4900	/16843383//24226690/3836648/6.15/6.55//2008-9-18 13:20:25
598/600011/华能国际/6.150	10000	6.130	100	6.110	24185	0.000	0	0.000	0	6.160	5000	6.170	200	6.180	4065	6.190	4900	6.200	12600	/16843383//24227920/3836848/6.15/6.55//2008-9-18 13:21:25
598/600011/华能国际/6.160	5600	6.150	4700	6.140	200	6.130	1100	6.120	100	6.170	200	6.180	4065	6.190	5200	6.200	13600	6.210	2000	/16843383//24303016/3849048/6.16/6.55//2008-9-18 13:22:26
598/600011/华能国际/6.200	30630	6.180	435	6.160	11000	6.150	25900	6.140	200	6.210	1600	6.220	5468	6.230	500	6.240	1100	6.250	7800	/16843383//24455602/3873683/6.21/6.55//2008-9-18 13:23:26
598/600011/华能国际/6.240	2900	6.200	15923	6.180	135	6.170	500	6.160	10700	6.250	7800	6.260	2900	6.270	1400	6.280	1700	6.290	1717	/16843383//24620774/3900290/6.24/6.55//2008-9-18 13:24:27
598/600011/华能国际/6.200	15623	6.170	500	6.160	10700	6.150	27000	6.130	2100	6.240	1000	6.250	3000	6.260	2900	6.270	400	6.280	1700	/16843383//0/0/6.24/6.55//2008-9-18 13:25:27
598/600011/华能国际/6.230	3100	6.210	1000	6.200	15623	6.170	500	6.160	10700	6.240	100	6.250	6700	6.260	2900	6.270	400	6.280	1700	/16843383//24804058/3929690/6.23/6.55//2008-9-18 13:26:28
598/600011/华能国际/6.200	16123	6.170	500	6.160	4700	6.150	27000	6.130	3100	6.210	2400	6.240	1200	6.250	3700	6.260	2900	6.270	600	/16843383//24838298/3935190/6.21/6.55//2008-9-18 13:27:28
598/600011/华能国际/6.220	10100	6.210	3984	6.200	16223	6.180	1000	6.170	500	6.240	3200	6.250	6200	6.260	2900	6.270	600	6.280	2700	/16843383//24919778/3948306/6.22/6.55//2008-9-18 13:28:29
598/600011/华能国际/6.220	100	6.210	5484	6.200	16223	6.180	1000	6.170	500	6.230	900	6.240	3400	6.250	5200	6.260	2900	6.270	600	/16843383//25044802/3968406/6.22/6.55//2008-9-18 13:29:29
598/600011/华能国际/6.230	700	6.220	100	6.210	4984	6.200	16323	6.180	1400	6.240	5400	6.250	8400	6.260	2900	6.270	600	6.280	2700	/16843383//25009390/3962706/6.23/6.55//2008-9-18 13:30:30
598/600011/华能国际/6.240	15200	6.230	200	6.220	200	6.210	5784	6.200	16423	6.250	6800	6.260	2900	6.270	400	6.280	2700	6.290	2117	/16843383//25208544/3994606/6.25/6.55//2008-9-18 13:31:30
598/600011/华能国际/6.290	800	6.260	1900	6.250	3200	6.240	14200	6.230	200	6.300	4567	6.310	628	6.320	400	6.330	8500	6.340	300	/16843383//25311626/4011006/6.3/6.55//2008-9-18 13:32:31
598/600011/华能国际/6.300	3328	6.260	900	6.250	1200	6.240	14200	6.230	200	6.320	300	6.350	1900	6.360	400	6.380	6100	6.390	6300	/16843383//25446068/4032278/6.33/6.55//2008-9-18 13:33:31
598/600011/华能国际/6.380	200	6.360	2600	6.350	13201	6.320	200	6.310	1000	6.390	4300	6.400	6900	6.410	1118	6.420	1500	6.430	3000	/16843383//25504658/4041477/6.38/6.55//2008-9-18 13:34:32
598/600011/华能国际/6.420	1882	6.410	4000	6.400	9600	6.390	10000	6.380	200	6.430	1000	6.450	4000	6.460	1300	6.470	400	6.480	1200	/16843383//25695608/4071295/6.43/6.55//2008-9-18 13:35:32
598/600011/华能国际/6.450	5200	6.430	200	6.420	1211	6.410	4600	6.400	9200	6.460	100	6.470	1400	6.480	1800	6.490	5000	6.500	70200	/16843383//25824350/4091266/6.45/6.55//2008-9-18 13:36:33
598/600011/华能国际/6.430	200	6.420	1111	6.410	4100	6.400	12700	6.390	10000	6.450	1800	6.460	800	6.480	1700	6.490	16687	6.500	70600	/16843383//25929126/4107466/6.45/6.55//2008-9-18 13:37:34
598/600011/华能国际/6.430	3150	6.400	7250	6.390	10000	6.360	100	6.310	1000	6.440	200	6.450	4500	6.460	1200	6.470	300	6.480	3900	/16843383//25958072/4111977/6.43/6.55//2008-9-18 13:38:34
598/600011/华能国际/6.400	7150	6.390	10000	6.360	400	6.310	1000	6.300	1528	6.440	950	6.450	5200	6.460	1200	6.470	300	6.480	3400	/16843383//26071694/4129627/6.4/6.55//2008-9-18 13:39:35
598/600011/华能国际/6.390	6315	6.380	500	6.360	400	6.350	1600	6.310	1000	6.400	4150	6.410	100	6.420	500	6.430	7100	6.440	1350	/16843383//26142926/4140762/6.4/6.55//2008-9-18 13:40:35
598/600011/华能国际/6.400	4865	6.390	300	6.380	500	6.360	100	6.310	1000	6.410	100	6.420	1200	6.430	7400	6.440	2350	6.450	4200	/16843383//26213578/4151812/6.4/6.55//2008-9-18 13:41:36
598/600011/华能国际/6.390	200	6.380	9239	6.360	100	6.300	7528	6.250	2600	6.400	1000	6.410	100	6.420	700	6.430	7400	6.440	2350	/16843383//26317368/4168038/6.4/6.55//2008-9-18 13:42:36
598/600011/华能国际/6.400	500	6.390	106165	6.380	10439	6.300	6600	6.250	2600	6.410	100	6.420	700	6.430	7100	6.440	2850	6.450	4300	/16843383//26330010/4170017/6.39/6.55//2008-9-18 13:43:37
598/600011/华能国际/6.400	300	6.390	1100	6.380	10439	6.300	6600	6.250	2600	6.430	4000	6.440	950	6.450	5100	6.460	800	6.480	700	/16843383//26415556/4183334/6.44/6.55//2008-9-18 13:44:37
598/600011/华能国际/6.450	2650	6.410	200	6.400	10200	6.390	3400	6.380	10439	6.460	1900	6.480	700	6.490	9500	6.500	71600	6.510	7900	/16843383//26611270/4213684/6.46/6.55//2008-9-18 13:45:38
598/600011/华能国际/6.400	9389	6.390	3600	6.380	10439	6.300	4700	6.260	1300	6.480	500	6.490	16659	6.500	71600	6.510	7900	6.520	1200	/16843383//26873456/4254145/6.49/6.55//2008-9-18 13:46:39
598/600011/华能国际/6.400	8889	6.390	3600	6.380	10439	6.350	200	6.300	5100	6.480	3300	6.490	15959	6.500	72000	6.510	2500	6.520	1200	/16843383//26950594/4266145/6.48/6.55//2008-9-18 13:47:39
598/600011/华能国际/6.500	641	6.490	20000	6.410	2000	6.400	9689	6.390	700	6.510	1800	6.520	1200	6.530	700	6.540	1300	6.550	23122	/16843383//27597504/4365704/6.51/6.55//2008-9-18 13:48:40
598/600011/华能国际/6.500	5500	6.490	20000	6.410	2000	6.400	12989	6.390	900	6.510	859	6.520	700	6.530	700	6.540	1700	6.550	23222	/16843383//27625080/4369945/6.5/6.55//2008-9-18 13:49:40
598/600011/华能国际/6.490	11226	6.410	2000	6.400	9289	6.390	900	6.380	10439	6.500	11300	6.510	1059	6.520	700	6.530	1200	6.540	2700	/16843383//27762654/4391119/6.49/6.55//2008-9-18 13:50:41
598/600011/华能国际/6.410	2000	6.400	9289	6.390	900	6.380	10439	6.350	200	6.490	6074	6.500	2200	6.510	1059	6.520	700	6.530	700	/16843383//27935776/4417771/6.49/6.55//2008-9-18 13:51:41
598/600011/华能国际/6.410	2000	6.400	8789	6.390	600	6.380	10439	6.350	3200	6.480	1300	6.490	14474	6.500	3800	6.510	5359	6.520	700	/16843383//27935776/4417771/6.49/6.55//2008-9-18 13:52:42
598/600011/华能国际/6.400	8089	6.390	600	6.380	10439	6.350	3200	6.320	1000	6.470	9700	6.480	3400	6.490	14774	6.500	10800	6.510	6359	/16843383//27955430/4420845/6.4/6.55//2008-9-18 13:53:42
598/600011/华能国际/6.400	9989	6.390	600	6.380	10639	6.350	200	6.320	1000	6.410	1100	6.460	700	6.480	3100	6.490	8974	6.500	12800	/16843383//28134150/4448645/6.4/6.55//2008-9-18 13:54:43
598/600011/华能国际/6.380	3775	6.350	200	6.320	1000	6.300	3500	6.260	1600	6.400	3500	6.410	1200	6.460	700	6.480	12700	6.490	11274	/16843383//28280166/4471498/6.38/6.55//2008-9-18 13:55:44
598/600011/华能国际/6.410	2300	6.400	1847	6.390	10000	6.380	3275	6.350	1500	6.460	700	6.470	900	6.480	12700	6.490	12474	6.500	15100	/16843383//28318392/4477451/6.41/6.55//2008-9-18 13:56:44
598/600011/华能国际/6.400	1847	6.390	10000	6.380	3275	6.350	1500	6.320	1000	6.410	153	6.460	700	6.470	2900	6.480	12000	6.490	12374	/16843383//28335698/4480151/6.41/6.55//2008-9-18 13:57:45
598/600011/华能国际/6.390	9598	6.380	3275	6.350	1500	6.320	1000	6.300	35300	6.410	2253	6.460	800	6.470	2900	6.480	12700	6.490	10374	/16843383//28356498/4483400/6.41/6.55//2008-9-18 13:58:45
598/600011/华能国际/6.410	547	6.400	5300	6.390	7421	6.380	3275	6.350	2500	6.420	200	6.430	1000	6.450	3300	6.460	800	6.470	2900	/16843383//28398952/4490030/6.41/6.55//2008-9-18 13:59:46
598/600011/华能国际/6.400	2748	6.390	7421	6.380	3275	6.350	2500	6.320	1000	6.410	353	6.420	200	6.430	2800	6.450	200	6.460	800	/16843383//28418792/4493129/6.4/6.55//2008-9-18 14:0:47
598/600011/华能国际/6.390	7921	6.380	3475	6.350	1500	6.320	1000	6.300	35100	6.400	6205	6.410	3353	6.420	800	6.430	2800	6.450	3800	/16843383//28442778/4496877/6.4/6.55//2008-9-18 14:1:47
598/600011/华能国际/6.350	1500	6.320	1000	6.300	35100	6.260	1600	6.250	2000	6.380	7362	6.390	200	6.410	3353	6.420	800	6.430	3300	/16843383//28567620/4516411/6.38/6.55//2008-9-18 14:2:48
598/600011/华能国际/6.310	1000	6.300	32847	6.260	1600	6.250	2300	6.240	13700	6.340	200	6.350	1400	6.380	862	6.390	700	6.400	2000	/16843383//28625780/4525579/6.3/6.55//2008-9-18 14:3:48
598/600011/华能国际/6.310	200	6.300	27294	6.260	1600	6.250	2300	6.240	16000	6.330	1800	6.340	200	6.350	900	6.380	862	6.390	600	/16843383//28685670/4535079/6.31/6.55//2008-9-18 14:4:49
598/600011/华能国际/6.310	500	6.300	25841	6.260	1900	6.250	2400	6.240	16000	6.350	900	6.380	862	6.390	600	6.400	3000	6.410	3353	/16843383//28708746/4538732/6.34/6.55//2008-9-18 14:5:50
598/600011/华能国际/6.330	5300	6.320	700	6.310	2000	6.300	29341	6.260	1900	6.470	1400	6.480	11100	6.490	9974	6.500	15500	6.510	5100	/16843383//28846956/4560300/6.46/6.55//2008-9-18 14:6:50
598/600011/华能国际/6.470	500	6.400	1000	6.330	4947	6.320	700	6.310	4000	6.480	11100	6.490	8074	6.500	17000	6.510	5100	6.520	700	/16843383//28885878/4566353/6.47/6.55//2008-9-18 14:7:51
598/600011/华能国际/6.410	2000	6.330	16794	6.320	700	6.310	4500	6.300	39741	6.480	1600	6.500	9374	6.510	6100	6.520	700	6.530	700	/16843383//29345046/4637206/6.5/6.55//2008-9-18 14:8:51
598/600011/华能国际/6.350	300	6.340	6089	6.330	17594	6.320	700	6.310	5500	6.480	100	6.500	5500	6.510	5674	6.520	700	6.530	700	/16843383//29258852/4623917/6.48/6.55//2008-9-18 14:9:52
598/600011/华能国际/6.360	3000	6.350	21800	6.340	8636	6.330	19494	6.320	700	6.400	500	6.500	15250	6.510	5674	6.520	700	6.530	2500	/16843383//29273256/4626170/6.48/6.55//2008-9-18 14:10:53
598/600011/华能国际/6.410	2000	6.400	20300	6.360	4647	6.350	23500	6.340	10636	6.500	22700	6.510	6974	6.520	1300	6.530	2500	6.540	12700	/16843383//29308612/4631676/6.36/6.55//2008-9-18 14:11:53
598/600011/华能国际/6.400	25749	6.360	7447	6.350	14500	6.340	11436	6.330	26094	6.410	300	6.480	200	6.490	550	6.500	24250	6.510	6974	/16843383//29316344/4632874/6.4/6.55//2008-9-18 14:12:54
598/600011/华能国际/6.410	14500	6.400	22396	6.360	10047	6.350	15800	6.340	12136	6.500	7100	6.510	7033	6.520	1300	6.530	3500	6.540	12700	/16843383//29520280/4664427/6.4/6.55//2008-9-18 14:13:55
598/600011/华能国际/6.500	200	6.470	400	6.420	400	6.410	13305	6.400	33996	6.510	7033	6.520	2200	6.530	2500	6.540	12700	6.550	38622	/16843383//29601256/4676922/6.5/6.55//2008-9-18 14:14:55
598/600011/华能国际/6.410	13352	6.400	33996	6.360	7647	6.350	16900	6.340	10936	6.500	2200	6.510	7533	6.520	2200	6.530	2500	6.540	12700	/16843383//29626118/4680775/6.51/6.55//2008-9-18 14:15:56
598/600011/华能国际/6.420	1600	6.410	9799	6.400	22596	6.360	7647	6.350	16900	6.500	2800	6.510	22233	6.520	2800	6.530	8187	6.540	12700	/16843383//29705450/4693128/6.41/6.55//2008-9-18 14:16:56
598/600011/华能国际/6.500	3447	6.420	6900	6.410	13599	6.400	25396	6.360	7647	6.510	3333	6.530	3387	6.540	12700	6.550	39922	6.560	4100	/16843383//29977968/4734981/6.51/6.55//2008-9-18 14:17:57
598/600011/华能国际/6.510	18500	6.500	703	6.420	7200	6.410	14099	6.400	21996	6.530	5000	6.540	12520	6.550	29922	6.560	4100	6.570	2100	/16843383//30067512/4748725/6.51/6.55//2008-9-18 14:18:58
598/600011/华能国际/6.510	1700	6.430	1500	6.420	13950	6.410	15499	6.400	22096	6.530	10000	6.540	12520	6.550	30222	6.560	4100	6.570	2100	/16843383//30302702/4784878/6.51/6.55//2008-9-18 14:19:58
598/600011/华能国际/6.430	6700	6.420	15250	6.410	16299	6.400	21296	6.360	5900	6.510	3053	6.530	10800	6.540	12520	6.550	30222	6.560	4100	/16843383//30269572/4779778/6.51/6.55//2008-9-18 14:20:59
598/600011/华能国际/6.520	2200	6.510	2894	6.440	1000	6.430	9600	6.420	15250	6.530	10900	6.540	12520	6.550	29922	6.560	4100	6.570	2100	/16843383//30312586/4786384/6.52/6.55//2008-9-18 14:22:0
598/600011/华能国际/6.550	37258	6.530	72000	6.520	9747	6.510	2394	6.500	100	6.560	3900	6.570	2100	6.580	14700	6.590	4800	6.600	26200	/16843383//30641596/4836679/6.55/6.55//2008-9-18 14:23:0
598/600011/华能国际/6.600	32900	6.580	100	6.570	100	6.560	1200	6.550	32600	6.610	100	6.620	1700	6.630	1200	6.640	2800	6.650	21700	/16843383//31096032/4905732/6.6/6.55//2008-9-18 14:24:1
598/600011/华能国际/6.610	39847	6.600	6400	6.560	2000	6.550	33400	6.540	10800	6.640	200	6.650	18300	6.660	7900	6.670	5668	6.680	7700	/16843383//31452010/4959585/6.61/6.55//2008-9-18 14:25:2
598/600011/华能国际/6.620	3500	6.610	21654	6.600	5400	6.560	2000	6.550	31100	6.640	1800	6.650	7500	6.660	8000	6.670	5668	6.680	8000	/16843383//31759432/5005978/6.62/6.55//2008-9-18 14:26:2
598/600011/华能国际/6.620	1247	6.610	23154	6.600	5400	6.560	1000	6.550	31100	6.640	1100	6.650	2700	6.660	7900	6.670	5668	6.680	8100	/16843383//31862052/5021431/6.62/6.55//2008-9-18 14:27:3
598/600011/华能国际/6.620	800	6.610	19248	6.600	5400	6.560	1000	6.550	31100	6.630	1000	6.640	6900	6.650	13460	6.660	8000	6.670	5968	/16843383//31963688/5036784/6.62/6.55//2008-9-18 14:28:4
598/600011/华能国际/6.600	2700	6.560	1300	6.550	31100	6.540	10000	6.520	8247	6.610	53505	6.620	4300	6.630	6050	6.640	9500	6.650	16160	/16843383//32137168/5063032/6.61/6.55//2008-9-18 14:29:4
598/600011/华能国际/6.550	19104	6.540	10000	6.520	8247	6.510	394	6.500	1900	6.590	5260	6.600	14200	6.610	48105	6.620	4300	6.630	6050	/16843383//32244096/5079328/6.55/6.55//2008-9-18 14:30:5
598/600011/华能国际/6.510	694	6.500	1900	6.450	1400	6.440	2300	6.430	4400	6.520	953	6.550	900	6.580	3400	6.600	4460	6.610	59105	/16843383//32620936/5136779/6.52/6.55//2008-9-18 14:31:6
598/600011/华能国际/6.580	400	6.550	94	6.520	500	6.510	694	6.500	8700	6.590	5000	6.600	6960	6.610	59105	6.620	6000	6.630	6550	/16843383//32817916/5166785/6.58/6.55//2008-9-18 14:32:6
598/600011/华能国际/6.500	8741	6.450	900	6.440	2300	6.430	3400	6.420	8650	6.550	60106	6.570	100	6.580	2800	6.590	5000	6.600	20260	/16843383//32839144/5170032/6.55/6.55//2008-9-18 14:33:7
598/600011/华能国际/6.510	2000	6.500	8588	6.470	2000	6.450	2100	6.440	2300	6.550	11906	6.570	1200	6.590	5000	6.600	21160	6.610	58605	/16843383//34199860/5377785/6.55/6.55//2008-9-18 14:34:8
598/600011/华能国际/6.530	500	6.510	1247	6.500	8788	6.470	3000	6.450	2100	6.550	13206	6.570	1200	6.590	5000	6.600	121160	6.610	56905	/16843383//33565432/5280938/6.54/6.55//2008-9-18 14:35:8
598/600011/华能国际/6.500	16728	6.470	3000	6.450	2100	6.440	2300	6.430	4600	6.550	612	6.570	1200	6.590	5800	6.600	122260	6.610	57105	/16843383//33671872/5297245/6.55/6.55//2008-9-18 14:36:9
598/600011/华能国际/6.520	1000	6.510	24100	6.500	5475	6.480	2000	6.470	4000	6.550	4912	6.560	1000	6.570	1200	6.590	6300	6.600	122960	/16843383//33827140/5321098/6.55/6.55//2008-9-18 14:37:10
598/600011/华能国际/6.480	1100	6.470	4000	6.450	2100	6.440	2300	6.430	3700	6.500	23961	6.520	500	6.540	2593	6.550	6412	6.560	1300	/16843383//33894332/5331426/6.48/6.55//2008-9-18 14:38:10
598/600011/华能国际/6.470	1724	6.450	1900	6.440	2300	6.430	3700	6.420	3350	6.480	1500	6.490	1000	6.500	24361	6.520	1500	6.540	2593	/16843383//33909060/5333702/6.47/6.55//2008-9-18 14:39:11
598/600011/华能国际/6.470	200	6.420	2421	6.410	6800	6.400	3100	6.380	5000	6.480	1500	6.490	1000	6.500	74361	6.520	1500	6.550	6212	/16843383//34007936/5349055/6.42/6.55//2008-9-18 14:40:12
598/600011/华能国际/6.470	500	6.430	600	6.420	1668	6.410	6800	6.400	2400	6.480	4800	6.490	1000	6.500	74561	6.520	1500	6.550	7712	/16843383//34019468/5350808/6.47/6.55//2008-9-18 14:41:12
598/600011/华能国际/6.410	715	6.400	2400	6.380	5000	6.360	1500	6.350	9200	6.470	500	6.480	3900	6.490	4500	6.500	74361	6.520	2200	/16843383//34170120/5374261/6.41/6.55//2008-9-18 14:42:13
598/600011/华能国际/6.400	1009	6.380	5000	6.360	1500	6.350	11200	6.340	5836	6.420	2687	6.460	1000	6.470	5000	6.480	2900	6.490	4500	/16843383//0/0/6.4/6.55//2008-9-18 14:43:14
598/600011/华能国际/6.360	10000	6.350	3909	6.340	5836	6.330	3400	6.320	1700	6.400	10091	6.420	2187	6.460	1000	6.470	27800	6.480	2900	/16843383//34403924/5410920/6.35/6.55//2008-9-18 14:44:14
598/600011/华能国际/6.350	4556	6.340	5836	6.330	3400	6.320	1700	6.310	7400	6.360	9700	6.400	10491	6.420	2187	6.460	4200	6.470	26300	/16843383//34482232/5423220/6.35/6.55//2008-9-18 14:45:15
598/600011/华能国际/6.350	2800	6.330	3173	6.320	2300	6.310	7400	6.300	37600	6.360	11100	6.400	5291	6.420	2187	6.460	4600	6.470	26300	/16843383//34573728/5437639/6.35/6.55//2008-9-18 14:46:16
598/600011/华能国际/6.300	29051	6.260	1400	6.250	2100	6.240	2200	6.230	1200	6.320	5000	6.400	4291	6.420	3587	6.460	14600	6.470	26300	/16843383//34930780/5493961/6.3/6.55//2008-9-18 14:47:16
598/600011/华能国际/6.300	3430	6.260	1900	6.250	3400	6.240	2200	6.230	1200	6.320	1000	6.330	3500	6.350	100	6.360	2300	6.400	4291	/16843383//35216176/5539182/6.3/6.55//2008-9-18 14:48:17
598/600011/华能国际/6.300	22877	6.260	3500	6.250	4500	6.240	2400	6.230	1300	6.320	800	6.330	1300	6.350	1400	6.360	3100	6.400	6191	/16843383//35263532/5546688/6.3/6.55//2008-9-18 14:49:18
598/600011/华能国际/6.320	47	6.310	11400	6.300	25277	6.270	3200	6.260	3000	6.350	45976	6.400	600	6.420	3587	6.460	10800	6.470	26600	/16843383//35400380/5568188/6.32/6.55//2008-9-18 14:50:18
598/600011/华能国际/6.320	3794	6.310	10700	6.300	24477	6.280	200	6.270	3200	6.330	1000	6.350	43237	6.400	3380	6.420	4087	6.460	800	/16843383//35508556/5585241/6.32/6.55//2008-9-18 14:51:19
598/600011/华能国际/6.320	3041	6.310	10800	6.300	31677	6.280	200	6.270	3200	6.350	10137	6.400	3380	6.420	4087	6.460	800	6.470	26600	/16843383//35745052/5622494/6.32/6.55//2008-9-18 14:52:20
598/600011/华能国际/6.330	847	6.320	6167	6.310	14800	6.300	32677	6.280	200	6.350	15137	6.400	55380	6.420	4087	6.460	1300	6.470	26600	/16843383//35792708/5630021/6.35/6.55//2008-9-18 14:53:21
598/600011/华能国际/6.330	8940	6.320	6167	6.310	16300	6.300	32477	6.280	4200	6.350	18137	6.390	5000	6.400	59780	6.420	4087	6.430	500	/16843383//35832008/5636228/6.33/6.55//2008-9-18 14:54:21
598/600011/华能国际/6.320	500	6.310	3457	6.300	38777	6.280	5200	6.270	3200	6.350	19337	6.360	500	6.390	7000	6.400	57100	6.420	4087	/16843383//36093532/5677578/6.31/6.55//2008-9-18 14:55:22
598/600011/华能国际/6.320	6000	6.310	8557	6.300	40377	6.280	5200	6.270	3200	6.340	11180	6.350	17637	6.360	500	6.390	7000	6.400	56100	/16843383//36154984/5687278/6.34/6.55//2008-9-18 14:56:23
598/600011/华能国际/6.280	7000	6.270	3200	6.260	4000	6.250	5500	6.240	2400	6.300	26721	6.320	1700	6.340	10080	6.350	44537	6.360	500	/16843383//36609232/5759312/6.3/6.55//2008-9-18 14:57:23
598/600011/华能国际/6.300	2179	6.280	10100	6.270	3200	6.260	5000	6.250	4400	6.320	800	6.340	8780	6.350	44637	6.390	7000	6.400	6100	/16843383//36872672/5801133/6.3/6.55//2008-9-18 14:58:24
598/600011/华能国际/6.320	5000	6.300	8400	6.280	17400	6.270	4400	6.260	5500	6.350	35037	6.370	400	6.390	7000	6.400	6100	6.420	4087	/16843383//37034884/5826733/6.35/6.55//2008-9-18 14:59:25
598/600011/华能国际/6.320	5280	6.300	13800	6.290	900	6.280	17200	6.270	4400	6.330	4800	6.350	36037	6.390	7000	6.400	7100	6.420	4087	/16843383//37105960/5837953/6.34/6.55//2008-9-18 15:0:26
598/600011/华能国际/6.320	5280	6.300	13800	6.290	900	6.280	17200	6.270	4400	6.330	4800	6.350	36037	6.390	7000	6.400	7100	6.420	4087	/16843383//37105960/5837953/6.34/6.55//2008-9-18 15:1:26
598/600011/华能国际/6.320	5280	6.300	13800	6.290	900	6.280	17200	6.270	4400	6.330	4800	6.350	36037	6.390	7000	6.400	7100	6.420	4087	/16843383//37105960/5837953/6.34/6.55//2008-9-18 15:2:27
