56/600093/禾嘉股份/5.730	300	5.720	5000	5.710	3100	5.700	18300	5.690	4000	5.750	4300	5.760	38900	5.770	2100	5.790	1800	5.800	24100	/16842811//674577/116900/5.75/5.88//2008-9-18 9:31:34
56/600093/禾嘉股份/5.750	1200	5.730	5900	5.720	3300	5.710	23100	5.700	28100	5.760	4400	5.770	2100	5.790	200	5.800	20992	5.810	5300	/16842811//1015361/176200/5.73/5.88//2008-9-18 9:32:35
56/600093/禾嘉股份/5.760	11600	5.750	10800	5.730	19400	5.720	23400	5.710	25500	5.780	200	5.790	700	5.800	20492	5.810	5300	5.820	1600	/16842811//1177691/204400/5.76/5.88//2008-9-18 9:33:35
56/600093/禾嘉股份/5.790	3000	5.780	22000	5.770	8900	5.760	13200	5.750	28400	5.800	8792	5.810	5300	5.820	1600	5.840	100	5.850	1000	/16842811//1303972/226200/5.79/5.88//2008-9-18 9:34:35
56/600093/禾嘉股份/5.760	5000	5.750	34400	5.740	2500	5.730	8900	5.720	26400	5.770	900	5.780	3100	5.790	6500	5.800	21392	5.810	5300	/16842811//1650958/286200/5.77/5.88//2008-9-18 9:35:35
56/600093/禾嘉股份/5.720	28900	5.710	21300	5.700	34100	5.690	6500	5.680	12600	5.730	200	5.740	800	5.750	500	5.760	16500	5.770	3200	/16842811//2115151/367100/5.73/5.88//2008-9-18 9:36:36
56/600093/禾嘉股份/5.720	63046	5.710	21300	5.700	32200	5.690	6500	5.680	13300	5.730	49200	5.740	1900	5.750	1000	5.760	2900	5.770	2000	/16842811//2540746/441454/5.73/5.88//2008-9-18 9:37:36
56/600093/禾嘉股份/5.720	20746	5.710	20300	5.700	51700	5.690	6500	5.680	13400	5.730	18100	5.740	1100	5.750	1000	5.760	2900	5.770	2000	/16842811//3189439/554754/5.72/5.88//2008-9-18 9:38:36
56/600093/禾嘉股份/5.730	8570	5.720	23096	5.710	19000	5.700	59700	5.690	6500	5.740	50	5.750	1200	5.760	2900	5.770	2000	5.780	500	/16842811//3429359/596634/5.73/5.88//2008-9-18 9:39:36
56/600093/禾嘉股份/5.730	5720	5.720	31496	5.710	18100	5.700	40200	5.690	6700	5.740	1000	5.750	200	5.780	1200	5.800	12792	5.810	4100	/16842811//3639810/633284/5.73/5.88//2008-9-18 9:40:36
56/600093/禾嘉股份/5.750	3500	5.740	7900	5.730	20720	5.720	39596	5.710	19100	5.770	1800	5.790	1100	5.800	11792	5.810	4100	5.820	300	/16842811//3697962/643384/5.75/5.88//2008-9-18 9:41:37
56/600093/禾嘉股份/5.780	1982	5.770	4900	5.760	2300	5.750	15000	5.740	7500	5.800	7992	5.810	4600	5.820	300	5.840	100	5.850	2700	/16842811//3802140/661420/5.78/5.88//2008-9-18 9:42:37
56/600093/禾嘉股份/5.770	5190	5.760	2800	5.750	21300	5.740	7100	5.730	18720	5.800	1700	5.810	4600	5.820	300	5.840	100	5.850	2700	/16842811//3890599/676694/5.77/5.88//2008-9-18 9:43:37
56/600093/禾嘉股份/5.780	2750	5.770	12400	5.760	3000	5.750	22400	5.740	4600	5.800	13500	5.810	3300	5.820	300	5.840	100	5.850	2700	/16842811//3968621/690144/5.8/5.88//2008-9-18 9:44:37
56/600093/禾嘉股份/5.760	4200	5.750	33500	5.740	4100	5.730	18620	5.720	55096	5.770	15800	5.790	400	5.800	11650	5.810	3300	5.820	400	/16842811//4142895/720294/5.77/5.88//2008-9-18 9:45:37
56/600093/禾嘉股份/5.750	34700	5.740	3700	5.730	17020	5.720	54596	5.710	16800	5.760	2000	5.770	1200	5.790	400	5.800	20250	5.810	3300	/16842811//4276668/743494/5.76/5.88//2008-9-18 9:46:38
56/600093/禾嘉股份/5.760	900	5.750	28700	5.740	4500	5.730	24320	5.720	56296	5.770	2900	5.790	400	5.800	21050	5.810	3800	5.820	400	/16842811//4365919/758994/5.77/5.88//2008-9-18 9:47:38
56/600093/禾嘉股份/5.760	10400	5.750	37900	5.740	10600	5.730	26620	5.720	55796	5.770	1500	5.790	2100	5.800	17050	5.810	4000	5.820	400	/16842811//4452967/774094/5.77/5.88//2008-9-18 9:48:38
56/600093/禾嘉股份/5.770	4100	5.760	55300	5.750	39300	5.740	4600	5.730	27920	5.780	1400	5.790	1600	5.800	17050	5.810	3500	5.820	400	/16842811//4554437/791694/5.77/5.88//2008-9-18 9:49:39
56/600093/禾嘉股份/5.790	1600	5.780	5200	5.770	20800	5.760	59400	5.750	60900	5.800	17450	5.810	3500	5.820	400	5.830	300	5.840	500	/16842811//4611064/801494/5.79/5.88//2008-9-18 9:50:39
56/600093/禾嘉股份/5.790	5700	5.780	7900	5.770	9600	5.760	56900	5.750	58100	5.800	28150	5.810	3500	5.820	400	5.830	300	5.840	500	/16842811//4813691/836494/5.79/5.88//2008-9-18 9:51:39
56/600093/禾嘉股份/5.770	500	5.760	56100	5.750	62100	5.740	6300	5.730	27420	5.780	14000	5.790	2500	5.800	29250	5.810	3500	5.820	400	/16842811//4925794/855894/5.77/5.88//2008-9-18 9:52:39
56/600093/禾嘉股份/5.760	35100	5.750	71800	5.740	6300	5.730	25920	5.720	28896	5.770	7200	5.780	11800	5.790	6400	5.800	23250	5.810	3800	/16842811//5082530/883094/5.76/5.88//2008-9-18 9:53:40
56/600093/禾嘉股份/5.750	63200	5.740	6300	5.730	18120	5.720	28896	5.710	16800	5.760	11857	5.770	7800	5.780	9900	5.790	6400	5.800	21950	/16842811//5312917/923094/5.76/5.88//2008-9-18 9:54:40
56/600093/禾嘉股份/5.730	11220	5.720	27096	5.710	16800	5.700	40400	5.690	6700	5.740	2000	5.750	17800	5.760	9457	5.770	800	5.780	7100	/16842811//5662956/983994/5.74/5.88//2008-9-18 9:55:40
56/600093/禾嘉股份/5.720	24696	5.710	16800	5.700	37000	5.690	6700	5.680	6400	5.730	11680	5.750	18900	5.760	4157	5.770	1900	5.780	5400	/16842811//5805830/1008914/5.73/5.88//2008-9-18 9:56:41
56/600093/禾嘉股份/5.720	18296	5.710	16400	5.700	37300	5.690	6700	5.680	7400	5.730	9480	5.740	3100	5.750	19000	5.760	4157	5.770	1700	/16842811//5985656/1040314/5.73/5.88//2008-9-18 9:57:41
56/600093/禾嘉股份/5.730	5320	5.720	19196	5.710	17000	5.700	45100	5.690	6700	5.750	17100	5.760	4157	5.770	1700	5.780	7300	5.790	7600	/16842811//6214190/1080194/5.73/5.88//2008-9-18 9:58:41
56/600093/禾嘉股份/5.730	10900	5.720	15316	5.710	17300	5.700	48400	5.690	6700	5.740	200	5.750	16500	5.760	4157	5.770	1700	5.780	7300	/16842811//6425049/1116994/5.73/5.88//2008-9-18 9:59:41
56/600093/禾嘉股份/5.730	9500	5.720	16516	5.710	19300	5.700	50700	5.690	6900	5.750	22700	5.760	4157	5.770	1800	5.780	7300	5.790	7600	/16842811//6607495/1148794/5.74/5.88//2008-9-18 10:0:42
56/600093/禾嘉股份/5.710	20100	5.700	49700	5.690	14900	5.680	10900	5.660	3400	5.720	14584	5.730	3900	5.740	2000	5.750	13800	5.760	4157	/16842811//6936227/1206226/5.72/5.88//2008-9-18 10:1:42
56/600093/禾嘉股份/5.660	3400	5.650	13800	5.640	1800	5.630	10600	5.620	3700	5.680	21000	5.690	2700	5.700	70684	5.710	10700	5.720	5900	/16842811//7522176/1309110/5.68/5.7//2008-9-18 10:2:42
56/600093/禾嘉股份/5.560	1700	5.550	4700	5.540	900	5.520	4000	5.510	4100	5.600	104400	5.610	300	5.620	9700	5.630	29800	5.640	3300	/16842811//7916159/1379210/5.6/5.7//2008-9-18 10:3:42
56/600093/禾嘉股份/5.400	2700	5.380	200	5.360	70800	5.350	17000	5.340	100	5.430	1000	5.450	14800	5.460	35200	5.470	5800	5.490	500	/16842811//8271398/1444010/5.4/5.7//2008-9-18 10:4:43
56/600093/禾嘉股份/5.400	17900	5.390	1600	5.380	8700	5.370	9000	5.360	41016	5.430	1900	5.450	13600	5.460	300	5.470	3700	5.480	200	/16842811//9282327/1631594/5.4/5.7//2008-9-18 10:5:43
56/600093/禾嘉股份/5.460	6500	5.450	13600	5.440	1700	5.430	34510	5.420	4400	5.470	1700	5.480	200	5.490	800	5.500	5300	5.520	2000	/16842811//9522176/1675784/5.46/5.7//2008-9-18 10:6:43
56/600093/禾嘉股份/5.480	1700	5.470	6700	5.460	9400	5.450	52800	5.440	400	5.490	1300	5.500	9105	5.520	2000	5.530	8800	5.550	4700	/16842811//9824377/1730884/5.49/5.7//2008-9-18 10:7:44
56/600093/禾嘉股份/5.450	19000	5.430	48610	5.420	4200	5.410	11900	5.400	27400	5.470	4600	5.480	100	5.490	13000	5.500	6205	5.520	5900	/16842811//10277309/1813684/5.47/5.7//2008-9-18 10:8:44
56/600093/禾嘉股份/5.480	700	5.470	5400	5.460	16800	5.450	14500	5.440	1500	5.490	12200	5.500	6805	5.520	5900	5.530	8800	5.550	6240	/16842811//10640406/1880084/5.47/5.7//2008-9-18 10:9:44
56/600093/禾嘉股份/5.490	4900	5.480	43000	5.470	28100	5.460	6000	5.450	22500	5.500	3100	5.520	5900	5.530	8800	5.550	5240	5.560	1800	/16842811//10810527/1911084/5.49/5.7//2008-9-18 10:10:44
56/600093/禾嘉股份/5.490	4600	5.480	21800	5.470	19800	5.460	7000	5.450	37500	5.500	6800	5.510	1200	5.520	7000	5.530	8800	5.550	5240	/16842811//11173992/1977184/5.5/5.7//2008-9-18 10:11:45
56/600093/禾嘉股份/5.500	3400	5.490	2400	5.480	20900	5.470	79600	5.460	6600	5.510	3900	5.520	7000	5.530	8800	5.550	5240	5.560	100	/16842811//11410946/2020284/5.51/5.7//2008-9-18 10:12:45
56/600093/禾嘉股份/5.490	1700	5.480	18400	5.470	79900	5.460	7900	5.450	33300	5.500	5501	5.510	3400	5.520	8000	5.530	8800	5.550	5240	/16842811//11663286/2066184/5.5/5.7//2008-9-18 10:13:45
56/600093/禾嘉股份/5.460	9900	5.450	33300	5.440	3500	5.430	29710	5.420	2200	5.470	3650	5.480	13700	5.490	6450	5.500	7750	5.510	301	/16842811//12077727/2141684/5.47/5.7//2008-9-18 10:14:46
56/600093/禾嘉股份/5.460	4150	5.450	30200	5.440	3500	5.430	30010	5.420	2700	5.470	1600	5.490	5400	5.500	26950	5.510	9101	5.520	9200	/16842811//12267268/2176334/5.47/5.7//2008-9-18 10:15:46
56/600093/禾嘉股份/5.490	5800	5.480	600	5.470	3200	5.460	21811	5.450	32200	5.500	97250	5.510	9101	5.520	9300	5.530	8800	5.550	5240	/16842811//12397748/2200173/5.49/5.7//2008-9-18 10:16:46
56/600093/禾嘉股份/5.470	7900	5.460	27811	5.450	30800	5.440	3500	5.430	30210	5.490	14900	5.500	89750	5.510	9301	5.520	9300	5.530	8800	/16842811//12488854/2216773/5.47/5.7//2008-9-18 10:17:47
56/600093/禾嘉股份/5.490	81200	5.480	2300	5.470	33800	5.460	9400	5.450	36400	5.500	91650	5.510	9301	5.520	9300	5.530	8800	5.550	5240	/16842811//12597537/2236573/5.49/5.7//2008-9-18 10:18:47
56/600093/禾嘉股份/5.500	42200	5.490	109150	5.480	700	5.470	3800	5.460	9300	5.510	800	5.520	8300	5.530	8800	5.550	5240	5.560	9100	/16842811//13218206/2349423/5.51/5.7//2008-9-18 10:19:47
56/600093/禾嘉股份/5.550	8260	5.530	3400	5.520	27600	5.510	107000	5.500	33100	5.560	4300	5.570	9500	5.580	7600	5.590	4100	5.600	19400	/16842811//13439259/2389363/5.56/5.7//2008-9-18 10:20:48
56/600093/禾嘉股份/5.580	200	5.570	14100	5.560	24200	5.550	5570	5.530	1800	5.590	12700	5.600	18400	5.620	2500	5.650	7400	5.660	7900	/16842811//13823515/2458353/5.59/5.7//2008-9-18 10:21:48
56/600093/禾嘉股份/5.530	1800	5.520	10300	5.510	8400	5.500	17100	5.490	65050	5.550	3430	5.560	19200	5.570	17400	5.580	14500	5.590	16400	/16842811//14282006/2540723/5.55/5.7//2008-9-18 10:22:48
56/600093/禾嘉股份/5.500	14400	5.490	64250	5.480	2600	5.470	1900	5.460	8000	5.520	100	5.530	1000	5.550	9200	5.560	13930	5.570	4000	/16842811//14427281/2567023/5.5/5.7//2008-9-18 10:23:48
56/600093/禾嘉股份/5.490	63850	5.480	4100	5.470	1900	5.460	8000	5.450	45500	5.500	100	5.530	800	5.550	8500	5.560	16930	5.570	5000	/16842811//14572008/2593323/5.5/5.7//2008-9-18 10:24:49
56/600093/禾嘉股份/5.510	500	5.490	65350	5.480	5000	5.470	2900	5.460	10000	5.520	400	5.530	2200	5.540	300	5.550	8700	5.560	17930	/16842811//14718443/2619923/5.52/5.7//2008-9-18 10:25:49
56/600093/禾嘉股份/5.490	48949	5.480	5500	5.470	3300	5.460	11000	5.450	48300	5.500	500	5.530	2200	5.540	30	5.550	8700	5.560	17930	/16842811//14902629/2653424/5.5/5.7//2008-9-18 10:26:49
56/600093/禾嘉股份/5.500	13000	5.490	51349	5.480	5600	5.470	3300	5.460	13000	5.520	600	5.530	2200	5.550	8700	5.560	17930	5.570	3300	/16842811//14938440/2659924/5.52/5.7//2008-9-18 10:27:50
56/600093/禾嘉股份/5.510	200	5.500	2800	5.490	50349	5.480	11600	5.470	3700	5.520	4400	5.530	1400	5.550	21300	5.560	17930	5.570	3300	/16842811//15169191/2701824/5.5/5.7//2008-9-18 10:28:50
56/600093/禾嘉股份/5.500	13000	5.490	50349	5.480	11600	5.470	3700	5.460	12100	5.510	4500	5.520	4100	5.530	1400	5.550	24600	5.560	17930	/16842811//15215425/2710224/5.51/5.7//2008-9-18 10:29:50
56/600093/禾嘉股份/5.500	24000	5.490	52849	5.480	11600	5.470	2700	5.460	12100	5.510	3100	5.520	4100	5.530	1400	5.550	24600	5.560	17930	/16842811//15320079/2729224/5.5/5.7//2008-9-18 10:30:51
56/600093/禾嘉股份/5.510	3900	5.500	34000	5.490	50749	5.480	11600	5.470	2700	5.520	2700	5.530	1400	5.550	24600	5.560	17930	5.570	1000	/16842811//15364714/2737324/5.52/5.7//2008-9-18 10:31:51
56/600093/禾嘉股份/5.500	24900	5.490	50749	5.480	5500	5.470	3500	5.460	12300	5.520	900	5.530	8002	5.550	25300	5.560	17930	5.570	1000	/16842811//15637447/2786824/5.5/5.7//2008-9-18 10:32:51
56/600093/禾嘉股份/5.500	600	5.490	50749	5.480	5500	5.470	2500	5.460	13300	5.510	710	5.520	3400	5.530	6000	5.540	300	5.550	25300	/16842811//15796419/2815724/5.51/5.7//2008-9-18 10:33:52
56/600093/禾嘉股份/5.490	36549	5.480	7900	5.470	2500	5.460	14200	5.450	42000	5.500	94709	5.510	9100	5.520	3800	5.530	6000	5.540	300	/16842811//15933827/2840724/5.49/5.7//2008-9-18 10:34:52
56/600093/禾嘉股份/5.480	2000	5.470	3900	5.460	13300	5.450	43700	5.440	1100	5.490	23751	5.500	91909	5.510	9100	5.520	2400	5.530	6000	/16842811//16213484/2891673/5.49/5.7//2008-9-18 10:35:52
56/600093/禾嘉股份/5.460	10500	5.450	43900	5.440	1100	5.430	28410	5.420	2800	5.470	230	5.480	4000	5.490	22851	5.500	98909	5.510	9100	/16842811//16273106/2902573/5.47/5.7//2008-9-18 10:36:53
56/600093/禾嘉股份/5.460	10870	5.450	43800	5.440	1100	5.430	28910	5.420	2800	5.470	24900	5.480	2700	5.490	1300	5.500	93909	5.510	9100	/16842811//16329061/2912803/5.47/5.7//2008-9-18 10:37:53
56/600093/禾嘉股份/5.460	7570	5.450	44600	5.440	500	5.430	28910	5.420	12800	5.470	102100	5.480	2700	5.490	1300	5.500	58410	5.510	9100	/16842811//16422463/2929903/5.46/5.7//2008-9-18 10:38:53
56/600093/禾嘉股份/5.460	3500	5.450	38300	5.440	500	5.430	25910	5.420	11800	5.470	102700	5.480	2400	5.490	1100	5.500	63310	5.510	11100	/16842811//16539357/2951303/5.46/5.7//2008-9-18 10:39:54
56/600093/禾嘉股份/5.450	32900	5.440	3200	5.430	20910	5.420	12800	5.410	5500	5.460	10400	5.470	102300	5.480	2400	5.490	600	5.500	62310	/16842811//16649011/2971403/5.46/5.7//2008-9-18 10:40:54
56/600093/禾嘉股份/5.460	11700	5.450	34200	5.440	8500	5.430	19910	5.420	12900	5.470	84400	5.480	2400	5.490	500	5.500	63310	5.510	11100	/16842811//16816732/3002103/5.46/5.7//2008-9-18 10:41:54
56/600093/禾嘉股份/5.450	32300	5.440	7700	5.430	21510	5.420	22900	5.410	6700	5.460	10510	5.470	69900	5.480	2800	5.490	500	5.500	38200	/16842811//16977946/3031603/5.46/5.7//2008-9-18 10:42:55
56/600093/禾嘉股份/5.460	15290	5.450	35900	5.440	7700	5.430	21510	5.420	23900	5.470	61900	5.480	2400	5.490	600	5.500	38200	5.510	11100	/16842811//17116760/3057013/5.46/5.7//2008-9-18 10:43:55
56/600093/禾嘉股份/5.460	1500	5.450	18840	5.440	7400	5.430	23010	5.420	23900	5.470	54300	5.480	2400	5.490	600	5.500	39800	5.510	11100	/16842811//17374082/3104163/5.47/5.7//2008-9-18 10:44:56
56/600093/禾嘉股份/5.450	18240	5.440	7400	5.430	23010	5.420	23900	5.410	7900	5.460	1100	5.470	58300	5.480	2000	5.490	100	5.500	39800	/16842811//17495288/3126363/5.45/5.7//2008-9-18 10:45:56
56/600093/禾嘉股份/5.430	1805	5.420	23900	5.410	7900	5.400	95400	5.390	1300	5.440	4800	5.450	25070	5.460	3500	5.470	51600	5.480	2000	/16842811//17786632/3179908/5.43/5.7//2008-9-18 10:46:56
56/600093/禾嘉股份/5.400	88400	5.390	1300	5.380	32100	5.370	20600	5.360	36300	5.410	17700	5.420	11295	5.430	70000	5.440	46700	5.450	25070	/16842811//18027772/3224413/5.41/5.7//2008-9-18 10:47:57
56/600093/禾嘉股份/5.380	23800	5.370	20600	5.360	35400	5.350	46000	5.340	3200	5.390	27200	5.400	46900	5.410	18200	5.420	2200	5.430	61200	/16842811//18560652/3323113/5.38/5.7//2008-9-18 10:48:57
56/600093/禾嘉股份/5.360	20800	5.350	42100	5.340	3200	5.330	10400	5.320	4800	5.370	14595	5.380	116400	5.390	3900	5.400	37200	5.410	13700	/16842811//18951756/3395913/5.36/5.7//2008-9-18 10:49:57
56/600093/禾嘉股份/5.330	5401	5.320	4800	5.310	12100	5.300	160300	5.290	125100	5.340	7800	5.350	25100	5.360	11400	5.370	15395	5.380	33100	/16842811//19822458/3558512/5.34/5.7//2008-9-18 10:50:58
56/600093/禾嘉股份/5.340	14101	5.330	15100	5.320	16100	5.310	25900	5.300	176100	5.350	23200	5.360	11000	5.370	6500	5.380	18800	5.390	7800	/16842811//20255376/3639612/5.34/5.7//2008-9-18 10:51:58
56/600093/禾嘉股份/5.340	5800	5.330	49200	5.320	17100	5.310	25100	5.300	178100	5.350	15200	5.360	10400	5.370	6500	5.380	17600	5.390	7600	/16842811//20488232/3683212/5.34/5.7//2008-9-18 10:52:58
56/600093/禾嘉股份/5.350	38100	5.340	9500	5.330	16800	5.320	24100	5.310	29600	5.360	2400	5.370	6500	5.380	17600	5.390	7000	5.400	6100	/16842811//21063682/3791012/5.35/5.7//2008-9-18 10:53:59
56/600093/禾嘉股份/5.360	8700	5.350	41500	5.340	10200	5.330	16600	5.320	21500	5.370	4000	5.380	13500	5.390	7000	5.400	6300	5.410	11600	/16842811//21204636/3817312/5.37/5.7//2008-9-18 10:54:59
56/600093/禾嘉股份/5.370	2700	5.360	24200	5.350	43900	5.340	11000	5.330	26100	5.380	6400	5.390	6200	5.400	7200	5.410	14600	5.430	61200	/16842811//21289546/3833112/5.37/5.7//2008-9-18 10:56:0
56/600093/禾嘉股份/5.380	2000	5.370	1900	5.360	20500	5.350	41800	5.340	10700	5.390	4600	5.400	6000	5.410	14600	5.430	61200	5.440	1300	/16842811//21406314/3854812/5.39/5.7//2008-9-18 10:57:0
56/600093/禾嘉股份/5.360	17730	5.350	41900	5.340	11400	5.330	30000	5.320	22800	5.370	9400	5.380	20300	5.390	4600	5.400	7400	5.410	14400	/16842811//21462542/3865282/5.36/5.7//2008-9-18 10:58:0
56/600093/禾嘉股份/5.360	6430	5.350	40800	5.340	11200	5.330	32500	5.320	22800	5.370	14795	5.380	21100	5.390	5000	5.400	7950	5.410	14400	/16842811//21606732/3892182/5.36/5.7//2008-9-18 10:59:1
56/600093/禾嘉股份/5.350	30900	5.340	11200	5.330	31200	5.320	24100	5.310	39200	5.360	12170	5.370	5900	5.380	21100	5.390	4900	5.400	9850	/16842811//21789962/3926412/5.35/5.7//2008-9-18 11:0:1
56/600093/禾嘉股份/5.330	13500	5.320	23800	5.310	39500	5.300	189700	5.290	208900	5.340	16170	5.350	38000	5.360	5500	5.370	4600	5.380	1100	/16842811//22123874/3988912/5.34/5.7//2008-9-18 11:1:2
56/600093/禾嘉股份/5.310	40200	5.300	190200	5.290	212100	0.000	0	0.000	0	5.320	5670	5.330	47800	5.340	26600	5.350	44100	5.360	1900	/16842811//22335750/4028712/5.31/5.7//2008-9-18 11:2:2
56/600093/禾嘉股份/5.300	96630	5.290	342400	0.000	0	0.000	0	0.000	0	5.310	4800	5.320	12900	5.330	22400	5.340	5400	5.350	42600	/16842811//23459450/4240482/5.3/5.7//2008-9-18 11:3:2
56/600093/禾嘉股份/5.300	1000	5.290	37330	0.000	0	0.000	0	0.000	0	5.310	19390	5.320	12900	5.330	8600	5.340	5000	5.350	65800	/16842811//26251220/4767882/5.29/5.7//2008-9-18 11:4:3
56/600093/禾嘉股份/5.300	6000	5.290	134859	0.000	0	0.000	0	0.000	0	5.310	9790	5.320	11900	5.330	8000	5.340	5000	5.350	13700	/16842811//26549564/4824253/5.3/5.7//2008-9-18 11:5:3
56/600093/禾嘉股份/5.300	34500	5.290	152459	0.000	0	0.000	0	0.000	0	5.310	6590	5.320	11700	5.330	6800	5.340	1000	5.350	8700	/16842811//26844962/4880053/5.3/5.7//2008-9-18 11:6:4
56/600093/禾嘉股份/5.310	36700	5.300	47400	5.290	161759	0.000	0	0.000	0	5.320	100	5.330	2800	5.340	1000	5.350	6400	5.360	26500	/16842811//27034608/4915743/5.32/5.7//2008-9-18 11:7:4
56/600093/禾嘉股份/5.340	5600	5.330	14000	5.320	24500	5.310	16200	5.300	47900	5.360	26000	5.370	1500	5.390	2300	5.400	9750	5.410	4500	/16842811//27158798/4939043/5.36/5.7//2008-9-18 11:8:4
56/600093/禾嘉股份/5.360	18600	5.350	4200	5.340	11200	5.330	4900	5.320	16700	5.370	500	5.390	2300	5.400	9750	5.410	4500	5.430	62800	/16842811//27337244/4972343/5.37/5.7//2008-9-18 11:9:5
56/600093/禾嘉股份/5.370	1600	5.360	32300	5.350	9200	5.340	4600	5.330	2900	5.390	2100	5.400	12950	5.410	6100	5.420	100	5.430	62800	/16842811//27458866/4994943/5.39/5.7//2008-9-18 11:10:5
56/600093/禾嘉股份/5.380	2000	5.370	16900	5.360	30300	5.350	10500	5.340	5600	5.390	7100	5.400	9600	5.410	4700	5.420	3600	5.430	62800	/16842811//27473928/4997743/5.38/5.7//2008-9-18 11:11:6
56/600093/禾嘉股份/5.350	6300	5.340	5600	5.330	5900	5.320	16600	5.310	16300	5.360	11795	5.370	10700	5.380	22950	5.390	7700	5.400	9100	/16842811//27677288/5035643/5.36/5.7//2008-9-18 11:12:6
56/600093/禾嘉股份/5.330	8800	5.320	13800	5.310	12700	5.300	60500	5.290	208559	5.340	5400	5.350	23100	5.360	13495	5.370	5100	5.380	9700	/16842811//27740402/5047443/5.34/5.7//2008-9-18 11:13:7
56/600093/禾嘉股份/5.320	13600	5.310	7700	5.300	94600	5.290	251359	0.000	0	5.330	4400	5.340	22100	5.350	57800	5.360	6995	5.370	5100	/16842811//27824144/5063143/5.32/5.7//2008-9-18 11:14:7
56/600093/禾嘉股份/5.330	14200	5.320	24500	5.310	6900	5.300	109300	5.290	215959	5.340	19900	5.350	46400	5.360	5300	5.370	4500	5.380	8100	/16842811//27919526/5081043/5.33/5.7//2008-9-18 11:15:7
56/600093/禾嘉股份/5.330	10505	5.320	18700	5.310	7000	5.300	96400	5.290	218059	5.340	17800	5.350	46400	5.360	4900	5.370	4500	5.380	8100	/16842811//27967492/5090038/5.34/5.7//2008-9-18 11:16:8
56/600093/禾嘉股份/5.330	21905	5.320	19200	5.310	11500	5.300	93100	5.290	218259	5.340	3200	5.350	46900	5.360	4900	5.370	4500	5.380	8100	/16842811//28095572/5114038/5.33/5.7//2008-9-18 11:17:8
56/600093/禾嘉股份/5.340	200	5.330	19105	5.320	19200	5.310	14500	5.300	97500	5.350	35500	5.360	4900	5.370	3500	5.380	7600	5.390	4300	/16842811//28251596/5143238/5.35/5.7//2008-9-18 11:18:9
56/600093/禾嘉股份/5.330	16405	5.320	19200	5.310	23600	5.300	99200	5.290	238059	5.350	40800	5.360	4900	5.370	1500	5.380	7600	5.390	4300	/16842811//28279902/5148538/5.33/5.7//2008-9-18 11:19:9
56/600093/禾嘉股份/5.330	3905	5.320	20200	5.310	23600	5.300	101400	5.290	241359	5.340	4300	5.350	34500	5.360	9900	5.370	1500	5.380	9600	/16842811//28428172/5176338/5.34/5.7//2008-9-18 11:20:10
56/600093/禾嘉股份/5.330	1805	5.320	19700	5.310	23600	5.300	106100	5.290	241559	5.340	30700	5.350	43800	5.360	7400	5.370	1500	5.380	9600	/16842811//28560550/5201138/5.33/5.7//2008-9-18 11:21:10
56/600093/禾嘉股份/5.320	19600	5.310	23600	5.300	89300	5.290	241759	0.000	0	5.330	4395	5.340	23500	5.350	46300	5.360	7400	5.370	600	/16842811//28625674/5213343/5.32/5.7//2008-9-18 11:22:10
56/600093/禾嘉股份/5.310	24100	5.300	93600	5.290	238959	0.000	0	0.000	0	5.320	4000	5.330	7895	5.340	32600	5.350	38200	5.360	7200	/16842811//28740074/5234843/5.32/5.7//2008-9-18 11:23:11
56/600093/禾嘉股份/5.300	90800	5.290	286759	0.000	0	0.000	0	0.000	0	5.310	59600	5.320	9600	5.330	9395	5.340	24500	5.350	34800	/16842811//28901502/5265243/5.31/5.7//2008-9-18 11:24:11
56/600093/禾嘉股份/5.300	61832	5.290	297259	0.000	0	0.000	0	0.000	0	5.310	53100	5.320	7600	5.330	6895	5.340	24500	5.350	35300	/16842811//29104868/5303611/5.3/5.7//2008-9-18 11:25:12
56/600093/禾嘉股份/5.300	21900	5.290	310291	0.000	0	0.000	0	0.000	0	5.310	11000	5.320	7500	5.330	3695	5.340	24000	5.350	1400	/16842811//29600360/5397111/5.3/5.7//2008-9-18 11:26:12
56/600093/禾嘉股份/5.300	12100	5.290	314891	0.000	0	0.000	0	0.000	0	5.310	10200	5.320	2500	5.330	3695	5.340	24000	5.350	1400	/16842811//29710606/5417911/5.3/5.7//2008-9-18 11:27:13
56/600093/禾嘉股份/5.290	395751	0.000	0	0.000	0	0.000	0	0.000	0	5.300	37800	5.310	10500	5.320	2500	5.330	3695	5.340	25000	/16842811//29939584/5461151/5.3/5.7//2008-9-18 11:28:13
56/600093/禾嘉股份/5.300	19000	5.290	383051	0.000	0	0.000	0	0.000	0	5.310	9200	5.320	2500	5.330	3695	5.340	19000	5.350	1400	/16842811//30114292/5494151/5.3/5.7//2008-9-18 11:29:14
56/600093/禾嘉股份/5.300	15300	5.290	378751	0.000	0	0.000	0	0.000	0	5.310	5800	5.320	2500	5.330	3695	5.340	19000	5.350	1400	/16842811//30186412/5507751/5.3/5.7//2008-9-18 11:30:14
56/600093/禾嘉股份/5.300	15300	5.290	378751	0.000	0	0.000	0	0.000	0	5.310	5800	5.320	2500	5.330	3695	5.340	19000	5.350	1400	/16842811//30186412/5507751/5.3/5.7//2008-9-18 11:31:15
56/600093/禾嘉股份/5.290	14351	0.000	0	0.000	0	0.000	0	0.000	0	5.290	28549	5.300	22100	5.310	8499	5.320	2200	5.330	1200	/16842811//32025180/5855202/5.29/5.7//2008-9-18 13:1:15
56/600093/禾嘉股份/5.290	14351	0.000	0	0.000	0	0.000	0	0.000	0	5.290	147349	5.300	24600	5.310	8499	5.320	2200	5.330	1200	/16842811//32032586/5856602/5.29/5.7//2008-9-18 13:2:16
56/600093/禾嘉股份/5.290	14351	0.000	0	0.000	0	0.000	0	0.000	0	5.290	185849	5.300	24600	5.310	7999	5.320	2200	5.330	1200	/16842811//32062210/5862202/5.29/5.7//2008-9-18 13:3:16
56/600093/禾嘉股份/5.290	14351	0.000	0	0.000	0	0.000	0	0.000	0	5.290	212749	5.300	24100	5.310	7999	5.320	2200	5.330	1200	/16842811//32104000/5870102/5.29/5.7//2008-9-18 13:4:17
56/600093/禾嘉股份/5.290	14351	0.000	0	0.000	0	0.000	0	0.000	0	5.290	285049	5.300	24100	5.310	8299	5.320	2200	5.330	1200	/16842811//32157430/5880202/5.29/5.7//2008-9-18 13:5:17
56/600093/禾嘉股份/5.290	14351	0.000	0	0.000	0	0.000	0	0.000	0	5.290	288349	5.300	22300	5.310	8299	5.320	2200	5.330	2700	/16842811//32197104/5887702/5.29/5.7//2008-9-18 13:6:18
56/600093/禾嘉股份/5.290	14351	0.000	0	0.000	0	0.000	0	0.000	0	5.290	249149	5.300	22300	5.310	8299	5.320	2200	5.330	2700	/16842811//32384370/5923102/5.29/5.7//2008-9-18 13:7:18
56/600093/禾嘉股份/5.290	14351	0.000	0	0.000	0	0.000	0	0.000	0	5.290	170549	5.300	22300	5.310	8299	5.320	2200	5.330	1200	/16842811//32538310/5952202/5.29/5.7//2008-9-18 13:8:19
56/600093/禾嘉股份/5.290	143251	0.000	0	0.000	0	0.000	0	0.000	0	5.300	22200	5.310	8299	5.320	2200	5.330	1200	5.340	2000	/16842811//33195586/6076451/5.29/5.7//2008-9-18 13:9:19
56/600093/禾嘉股份/5.290	177751	0.000	0	0.000	0	0.000	0	0.000	0	5.300	4200	5.310	8099	5.320	2200	5.330	1200	5.340	2000	/16842811//33306330/6097351/5.3/5.7//2008-9-18 13:10:20
56/600093/禾嘉股份/5.290	33100	0.000	0	0.000	0	0.000	0	0.000	0	5.300	400	5.310	7199	5.320	5200	5.330	1200	5.340	2000	/16842811//33423398/6119451/5.31/5.7//2008-9-18 13:11:20
56/600093/禾嘉股份/5.290	38000	0.000	0	0.000	0	0.000	0	0.000	0	5.300	13100	5.310	7699	5.320	2200	5.330	1200	5.340	2000	/16842811//33493248/6132651/5.29/5.7//2008-9-18 13:12:21
56/600093/禾嘉股份/5.300	700	5.290	25500	0.000	0	0.000	0	0.000	0	5.310	7699	5.320	2200	5.330	1200	5.340	2000	5.350	7800	/16842811//33701888/6172051/5.3/5.7//2008-9-18 13:13:21
56/600093/禾嘉股份/5.290	28400	0.000	0	0.000	0	0.000	0	0.000	0	5.300	85550	5.310	13699	5.320	2200	5.330	1200	5.340	2000	/16842811//33735804/6178451/5.29/5.7//2008-9-18 13:14:22
56/600093/禾嘉股份/5.290	3500	0.000	0	0.000	0	0.000	0	0.000	0	5.290	16600	5.300	86950	5.310	13699	5.320	2200	5.330	1200	/16842811//33961192/6221051/5.29/5.7//2008-9-18 13:15:22
56/600093/禾嘉股份/5.290	3500	0.000	0	0.000	0	0.000	0	0.000	0	5.290	36900	5.300	90850	5.310	13699	5.320	2200	5.330	1200	/16842811//34011976/6230651/5.29/5.7//2008-9-18 13:16:23
56/600093/禾嘉股份/5.290	3500	0.000	0	0.000	0	0.000	0	0.000	0	5.290	56049	5.300	94750	5.310	13999	5.320	2200	5.330	1200	/16842811//34056412/6239051/5.29/5.7//2008-9-18 13:17:23
56/600093/禾嘉股份/5.290	3500	0.000	0	0.000	0	0.000	0	0.000	0	5.290	128549	5.300	100050	5.310	14999	5.320	2200	5.330	4000	/16842811//34107724/6248751/5.29/5.7//2008-9-18 13:18:24
56/600093/禾嘉股份/5.290	3500	0.000	0	0.000	0	0.000	0	0.000	0	5.290	134849	5.300	99750	5.310	15499	5.320	2200	5.330	4000	/16842811//34115132/6250151/5.29/5.7//2008-9-18 13:19:24
56/600093/禾嘉股份/5.290	3500	0.000	0	0.000	0	0.000	0	0.000	0	5.290	150749	5.300	110350	5.310	15499	5.320	2200	5.330	4000	/16842811//34140524/6254951/5.29/5.7//2008-9-18 13:20:25
56/600093/禾嘉股份/5.290	3500	0.000	0	0.000	0	0.000	0	0.000	0	5.290	146549	5.300	90750	5.310	15499	5.320	2200	5.330	4000	/16842811//34158508/6258351/5.29/5.7//2008-9-18 13:21:25
56/600093/禾嘉股份/5.290	3500	0.000	0	0.000	0	0.000	0	0.000	0	5.290	148249	5.300	91550	5.310	15499	5.320	2200	5.330	4000	/16842811//34292876/6283751/5.29/5.7//2008-9-18 13:22:26
56/600093/禾嘉股份/5.290	3500	0.000	0	0.000	0	0.000	0	0.000	0	5.290	134249	5.300	93050	5.310	15499	5.320	2200	5.330	4000	/16842811//34468504/6316951/5.29/5.7//2008-9-18 13:23:26
56/600093/禾嘉股份/5.290	3500	0.000	0	0.000	0	0.000	0	0.000	0	5.290	55249	5.300	91950	5.310	15499	5.320	2200	5.330	4100	/16842811//34885356/6395751/5.29/5.7//2008-9-18 13:24:27
56/600093/禾嘉股份/5.300	24200	5.290	110600	0.000	0	0.000	0	0.000	0	5.320	699	5.330	1300	5.340	2000	5.350	8900	5.360	7000	/16842811//35407000/6494251/5.32/5.7//2008-9-18 13:25:27
56/600093/禾嘉股份/5.370	2000	5.360	16700	5.350	11900	5.340	2700	5.330	2200	5.380	9900	5.390	7600	5.400	13300	5.410	5500	5.420	21900	/16842811//35543836/6519850/5.38/5.7//2008-9-18 13:26:28
56/600093/禾嘉股份/5.390	2500	5.380	8100	5.370	2000	5.360	1800	5.350	9400	5.400	12300	5.410	7300	5.420	21900	5.430	62800	5.440	2000	/16842811//35738656/6556050/5.39/5.7//2008-9-18 13:27:28
56/600093/禾嘉股份/5.370	3699	5.360	3200	5.350	9400	5.340	1200	5.330	200	5.380	12200	5.390	10600	5.400	15400	5.410	5100	5.420	24400	/16842811//35922896/6590251/5.37/5.7//2008-9-18 13:28:29
56/600093/禾嘉股份/5.340	1200	5.330	200	5.320	9900	5.310	2501	5.300	46400	5.350	800	5.360	23200	5.370	39301	5.380	649	5.390	3900	/16842811//36056864/6615250/5.36/5.7//2008-9-18 13:29:29
56/600093/禾嘉股份/5.320	1100	5.310	2501	5.300	46300	5.290	42000	0.000	0	5.330	500	5.340	5700	5.350	4295	5.360	13600	5.370	26801	/16842811//36121448/6627350/5.32/5.7//2008-9-18 13:30:30
56/600093/禾嘉股份/5.310	2001	5.300	42200	5.290	44200	0.000	0	0.000	0	5.320	12700	5.340	6000	5.350	3495	5.360	13600	5.370	25801	/16842811//36160836/6634750/5.32/5.7//2008-9-18 13:31:30
56/600093/禾嘉股份/5.320	3300	5.310	500	5.300	17800	5.290	44900	0.000	0	5.340	4700	5.350	3095	5.360	3100	5.370	25801	5.380	649	/16842811//36458156/6690751/5.34/5.7//2008-9-18 13:32:31
56/600093/禾嘉股份/5.370	7800	5.340	3600	5.330	1100	5.320	8500	5.310	2700	5.400	10150	5.410	5100	5.420	26960	5.430	62800	5.440	1600	/16842811//36840496/6761851/5.4/5.7//2008-9-18 13:33:31
56/600093/禾嘉股份/5.400	4200	5.380	3200	5.370	4900	5.340	2200	5.330	1100	5.430	7310	5.440	1600	5.450	24600	5.460	3500	5.470	50400	/16842811//37391436/6863451/5.4/5.7//2008-9-18 13:34:32
56/600093/禾嘉股份/5.440	2990	5.430	6100	5.410	500	5.400	5400	5.380	2900	5.450	200	5.460	3500	5.470	50400	5.480	4100	5.490	1600	/16842811//37776568/6934161/5.45/5.7//2008-9-18 13:35:32
56/600093/禾嘉股份/5.430	4290	5.410	500	5.400	3000	5.380	2000	5.370	700	5.440	12600	5.450	200	5.460	10310	5.470	50100	5.480	4100	/16842811//38008736/6976761/5.44/5.7//2008-9-18 13:36:33
56/600093/禾嘉股份/5.410	100	5.400	3600	5.380	2000	5.370	700	5.350	5000	5.430	2010	5.440	17950	5.450	4300	5.460	18510	5.470	1600	/16842811//38108644/6995151/5.43/5.7//2008-9-18 13:37:34
56/600093/禾嘉股份/5.400	4400	5.380	2000	5.370	700	5.350	6600	5.340	38200	5.420	1000	5.430	41509	5.440	12700	5.450	3400	5.460	15710	/16842811//38177456/7007851/5.4/5.7//2008-9-18 13:38:34
56/600093/禾嘉股份/5.400	3000	5.380	2200	5.370	700	5.350	22000	5.340	37200	5.410	9200	5.420	2800	5.430	42009	5.440	11700	5.450	5200	/16842811//38227212/7017051/5.41/5.7//2008-9-18 13:39:35
56/600093/禾嘉股份/5.380	3850	5.370	1200	5.360	600	5.350	22600	5.340	37200	5.400	8000	5.410	29500	5.420	4500	5.430	36310	5.440	10800	/16842811//38289028/7028501/5.4/5.7//2008-9-18 13:40:35
56/600093/禾嘉股份/5.380	7450	5.370	700	5.360	1600	5.350	22600	5.340	37200	5.390	3899	5.400	23900	5.410	28700	5.420	5000	5.430	36310	/16842811//38341924/7038301/5.4/5.7//2008-9-18 13:41:36
56/600093/禾嘉股份/5.380	7100	5.370	700	5.360	1600	5.350	22600	5.340	38200	5.400	24900	5.410	8300	5.420	5000	5.430	41310	5.440	10300	/16842811//38380424/7045451/5.38/5.7//2008-9-18 13:42:36
56/600093/禾嘉股份/5.400	4700	5.390	14500	5.380	8400	5.370	5000	5.360	2000	5.410	8300	5.420	8000	5.430	38310	5.440	10300	5.450	9200	/16842811//38518664/7071051/5.4/5.7//2008-9-18 13:43:37
56/600093/禾嘉股份/5.410	17700	5.400	37700	5.390	2500	5.380	6400	5.370	4700	5.420	100	5.430	4710	5.440	9800	5.450	13000	5.460	11010	/16842811//38649580/7095251/5.42/5.7//2008-9-18 13:44:37
56/600093/禾嘉股份/5.440	5300	5.430	23100	5.420	21700	5.410	16000	5.400	20700	5.450	10500	5.460	1400	5.470	1600	5.480	4600	5.490	1100	/16842811//38779588/7119151/5.45/5.7//2008-9-18 13:45:38
56/600093/禾嘉股份/5.480	6200	5.470	37600	5.460	11200	5.450	33400	5.440	27400	5.490	4200	5.500	55300	5.510	3000	5.520	5000	5.530	800	/16842811//38960396/7152251/5.48/5.7//2008-9-18 13:46:39
56/600093/禾嘉股份/5.480	31950	5.470	28100	5.460	5200	5.450	31600	5.440	8700	5.500	52500	5.510	2000	5.520	5000	5.530	500	5.540	500	/16842811//39415132/7235101/5.49/5.7//2008-9-18 13:47:39
56/600093/禾嘉股份/5.480	23200	5.470	27500	5.460	5200	5.450	17400	5.440	5400	5.490	7999	5.500	29910	5.510	2000	5.520	5000	5.530	500	/16842811//39875432/7318901/5.49/5.7//2008-9-18 13:48:40
56/600093/禾嘉股份/5.460	6100	5.450	9300	5.440	5400	5.430	4900	5.420	8700	5.470	3500	5.480	24300	5.490	26899	5.500	37920	5.510	2000	/16842811//40309820/7398201/5.47/5.7//2008-9-18 13:49:40
56/600093/禾嘉股份/5.440	4600	5.430	4900	5.420	5700	5.410	4900	5.400	6600	5.450	9900	5.460	38000	5.470	40500	5.480	44300	5.490	23099	/16842811//40400304/7414801/5.45/5.7//2008-9-18 13:50:41
56/600093/禾嘉股份/5.420	300	5.410	5200	5.400	6800	5.390	2600	5.380	5200	5.430	12654	5.440	12600	5.450	23800	5.460	39600	5.470	14900	/16842811//40531820/7439001/5.42/5.7//2008-9-18 13:51:41
56/600093/禾嘉股份/5.400	1800	5.390	2600	5.380	4900	5.370	5200	5.360	1800	5.410	4754	5.420	3700	5.430	39300	5.440	13400	5.450	16700	/16842811//40595628/7450801/5.4/5.7//2008-9-18 13:52:42
56/600093/禾嘉股份/5.380	7400	5.370	8900	5.360	6200	5.350	23900	5.340	7600	5.390	1400	5.400	43300	5.410	2454	5.420	900	5.430	3300	/16842811//40656044/7462001/5.39/5.7//2008-9-18 13:53:42
56/600093/禾嘉股份/5.360	5400	5.350	24200	5.340	7600	5.330	1500	5.320	2000	5.370	6000	5.380	56400	5.390	50850	5.400	8200	5.410	38354	/16842811//40793600/7487601/5.36/5.7//2008-9-18 13:54:43
56/600093/禾嘉股份/5.360	72205	5.350	25700	5.340	11300	5.330	5200	5.320	5700	5.370	3700	5.380	59400	5.390	48050	5.400	7500	5.410	35354	/16842811//41056240/7536596/5.37/5.7//2008-9-18 13:55:44
56/600093/禾嘉股份/5.380	23046	5.360	7100	5.350	26200	5.340	7600	5.330	6400	5.390	14250	5.400	7000	5.410	33700	5.420	1600	5.430	2100	/16842811//41449952/7609850/5.38/5.7//2008-9-18 13:56:44
56/600093/禾嘉股份/5.390	11500	5.380	31646	5.370	300	5.360	5900	5.350	28800	5.400	7000	5.410	33700	5.420	1600	5.430	2100	5.440	13900	/16842811//41478508/7615150/5.39/5.7//2008-9-18 13:57:45
56/600093/禾嘉股份/5.400	3500	5.390	3300	5.380	6900	5.370	200	5.360	2100	5.410	32500	5.420	3100	5.430	1100	5.440	13900	5.450	11300	/16842811//41617728/7640950/5.41/5.7//2008-9-18 13:58:45
56/600093/禾嘉股份/5.400	15900	5.390	3300	5.380	3200	5.370	200	5.360	3000	5.410	15100	5.420	8100	5.430	1100	5.440	9900	5.450	10800	/16842811//41788016/7672450/5.41/5.7//2008-9-18 13:59:46
56/600093/禾嘉股份/5.410	10600	5.400	17600	5.390	3700	5.380	6600	5.370	200	5.420	7000	5.430	6100	5.440	9900	5.450	10800	5.460	7700	/16842811//41918368/7696550/5.41/5.7//2008-9-18 14:0:47
56/600093/禾嘉股份/5.430	10400	5.420	14000	5.410	7800	5.400	13300	5.390	3200	5.440	8800	5.450	11600	5.460	6700	5.470	4400	5.480	8600	/16842811//42074044/7725250/5.43/5.7//2008-9-18 14:1:47
56/600093/禾嘉股份/5.430	28398	5.420	89000	5.410	6100	5.400	33900	5.390	3000	5.440	18699	5.450	13700	5.460	5800	5.470	5900	5.480	8600	/16842811//42359348/7777752/5.43/5.7//2008-9-18 14:2:48
56/600093/禾嘉股份/5.430	1998	5.420	91100	5.410	6100	5.400	24600	5.390	3000	5.440	16899	5.450	20500	5.460	4300	5.470	5400	5.480	20600	/16842811//42547836/7812452/5.43/5.7//2008-9-18 14:3:48
56/600093/禾嘉股份/5.410	5100	5.400	21200	5.390	3000	5.380	2000	5.370	1400	5.420	21300	5.430	20702	5.440	12699	5.450	23400	5.460	4300	/16842811//42687768/7838250/5.41/5.7//2008-9-18 14:4:49
56/600093/禾嘉股份/5.390	1500	5.380	3400	5.370	1400	5.360	2400	5.350	29400	5.400	29850	5.410	7200	5.420	22700	5.430	44302	5.440	13899	/16842811//42841164/7866650/5.39/5.7//2008-9-18 14:5:50
56/600093/禾嘉股份/5.380	2000	5.370	200	5.360	5500	5.350	27400	5.340	7600	5.390	1400	5.400	23550	5.410	17300	5.420	7900	5.430	46102	/16842811//42936544/7884350/5.39/5.7//2008-9-18 14:6:50
56/600093/禾嘉股份/5.400	800	5.390	13700	5.380	5200	5.370	2200	5.360	5700	5.420	2500	5.430	46102	5.440	13099	5.450	23700	5.460	4300	/16842811//43217436/7936350/5.4/5.7//2008-9-18 14:7:51
56/600093/禾嘉股份/5.460	998	5.430	1500	5.400	16300	5.390	16100	5.380	6500	5.470	9700	5.480	17100	5.490	5800	5.500	56120	5.510	2000	/16842811//43812188/8045854/5.46/5.7//2008-9-18 14:8:51
56/600093/禾嘉股份/5.480	22200	5.470	26600	5.460	8998	5.450	16000	5.430	1100	5.490	2800	5.500	51610	5.510	2000	5.520	6700	5.530	2500	/16842811//43911448/8063962/5.49/5.7//2008-9-18 14:9:52
56/600093/禾嘉股份/5.510	4600	5.500	30090	5.490	17400	5.480	19000	5.470	16300	5.520	7700	5.530	8392	5.540	500	5.550	25900	5.560	7100	/16842811//44236540/8123072/5.5/5.7//2008-9-18 14:10:53
56/600093/禾嘉股份/5.530	7400	5.520	17090	5.510	13800	5.500	36290	5.490	12600	5.540	16292	5.560	6600	5.570	2300	5.580	23300	5.590	2200	/16842811//44577788/8184682/5.54/5.7//2008-9-18 14:11:53
56/600093/禾嘉股份/5.570	21900	5.560	23108	5.550	1900	5.540	10500	5.530	23700	5.580	21210	5.590	52400	5.600	38600	5.620	1700	5.630	2600	/16842811//44852828/8234174/5.57/5.7//2008-9-18 14:12:54
56/600093/禾嘉股份/5.580	107690	5.570	18200	5.560	20708	5.550	5800	5.540	9000	5.590	67700	5.600	40800	5.620	1700	5.630	2900	5.640	50900	/16842811//45465332/8343884/5.59/5.7//2008-9-18 14:13:55
56/600093/禾嘉股份/5.580	60901	5.570	12700	5.560	19208	5.550	5800	5.540	7000	5.590	8210	5.600	44200	5.610	10	5.620	1700	5.630	7800	/16842811//46693280/8563773/5.58/5.7//2008-9-18 14:14:55
56/600093/禾嘉股份/5.590	500	5.580	40061	5.570	9100	5.560	18108	5.550	4300	5.600	43200	5.610	410	5.620	1700	5.630	7400	5.640	50900	/16842811//47006824/8619913/5.59/5.7//2008-9-18 14:15:56
56/600093/禾嘉股份/5.590	1030	5.580	36261	5.570	12100	5.560	18208	5.550	4300	5.600	6600	5.610	1210	5.620	1700	5.630	27900	5.640	50900	/16842811//47522020/8711983/5.6/5.7//2008-9-18 14:16:56
56/600093/禾嘉股份/5.590	3790	5.580	39891	5.570	7000	5.560	18208	5.550	4300	5.600	12300	5.610	1800	5.620	1700	5.630	27300	5.640	7000	/16842811//48012252/8799593/5.59/5.7//2008-9-18 14:17:57
56/600093/禾嘉股份/5.630	34400	5.620	14500	5.610	24300	5.600	47300	5.590	18000	5.640	5400	5.650	10000	5.660	12900	5.670	1400	5.680	11600	/16842811//48531468/8892093/5.64/5.7//2008-9-18 14:18:58
56/600093/禾嘉股份/5.710	3600	5.700	409000	5.690	18800	5.680	71200	5.670	8700	5.740	3600	5.750	19700	5.760	2500	5.770	500	5.780	36000	/16842811//49043132/8982103/5.74/5.7//2008-9-18 14:19:58
56/600093/禾嘉股份/5.790	83100	5.780	52100	5.770	20400	5.760	33600	5.750	91100	5.800	24150	5.810	6900	5.820	900	5.830	800	5.840	4500	/16842811//49767744/9107513/5.8/5.7//2008-9-18 14:20:59
56/600093/禾嘉股份/5.880	94800	5.870	56290	5.860	2800	5.850	900	5.840	2600	5.890	1500	5.900	24800	5.910	100	5.920	2700	5.930	22000	/16842811//51025976/9323683/5.88/5.7//2008-9-18 14:22:0
56/600093/禾嘉股份/5.930	5600	5.920	3000	5.910	800	5.900	17391	5.890	30400	5.940	10510	5.950	25100	5.960	5800	5.970	1300	5.980	15800	/16842811//52174292/9517992/5.94/5.7//2008-9-18 14:23:0
56/600093/禾嘉股份/5.960	36100	5.950	13200	5.940	36400	5.930	32000	5.920	4800	5.970	2600	5.980	1600	5.990	68299	6.000	71300	6.010	2800	/16842811//53011104/9658512/5.96/5.7//2008-9-18 14:24:1
56/600093/禾嘉股份/5.960	10690	5.950	10400	5.940	20700	5.930	28900	5.920	4800	5.970	34900	5.980	25400	5.990	18800	6.000	76500	6.010	5100	/16842811//54568508/9919122/5.96/5.7//2008-9-18 14:25:2
56/600093/禾嘉股份/5.930	16200	5.920	2800	5.900	15200	5.890	8000	5.880	14600	5.940	6600	5.950	96960	5.960	165983	5.970	41700	5.980	37630	/16842811//54977632/9987812/5.93/5.7//2008-9-18 14:26:2
56/600093/禾嘉股份/5.870	6690	5.860	6900	5.850	900	5.830	4800	5.820	10500	5.880	3000	5.890	5700	5.900	100819	5.910	6700	5.920	105600	/16842811//55515436/10078812/5.88/5.7//2008-9-18 14:27:3
56/600093/禾嘉股份/5.800	13650	5.790	1000	5.780	1000	5.760	500	5.750	5800	5.830	4600	5.840	1100	5.850	26400	5.860	123210	5.870	37500	/16842811//55774360/10123152/5.8/5.7//2008-9-18 14:28:4
56/600093/禾嘉股份/5.760	28300	5.750	5200	5.740	5900	5.730	800	5.720	11200	5.770	13800	5.780	28600	5.790	12400	5.800	22250	5.810	500	/16842811//55919952/10148302/5.77/5.7//2008-9-18 14:29:4
56/600093/禾嘉股份/5.720	5300	5.710	2500	5.700	5300	5.690	2100	5.680	4200	5.730	4900	5.740	31691	5.750	31700	5.760	15600	5.770	29300	/16842811//56333996/10220302/5.72/5.7//2008-9-18 14:30:5
56/600093/禾嘉股份/5.760	63000	5.750	600	5.740	25100	5.730	10400	5.720	2700	5.770	27300	5.780	800	5.790	4000	5.800	11350	5.810	500	/16842811//57139144/10360442/5.76/5.7//2008-9-18 14:31:6
56/600093/禾嘉股份/5.780	6100	5.770	57900	5.760	60500	5.750	4800	5.740	25500	5.790	800	5.800	9950	5.810	500	5.820	8100	5.830	3500	/16842811//57339968/10395242/5.79/5.7//2008-9-18 14:32:6
56/600093/禾嘉股份/5.820	10400	5.810	1000	5.800	36650	5.790	16200	5.780	5300	5.830	500	5.850	8400	5.860	5400	5.870	9600	5.880	10900	/16842811//57508608/10424292/5.82/5.7//2008-9-18 14:33:7
56/600093/禾嘉股份/5.850	20690	5.840	5400	5.830	16900	5.820	10500	5.810	1000	5.860	2900	5.870	9000	5.880	9500	5.890	2300	5.900	41400	/16842811//57670120/10451902/5.85/5.7//2008-9-18 14:34:8
56/600093/禾嘉股份/5.860	5000	5.850	26500	5.840	800	5.830	3600	5.820	10500	5.880	9	5.890	37000	5.900	52200	5.910	7800	5.920	21600	/16842811//57963032/10501802/5.88/5.7//2008-9-18 14:35:8
56/600093/禾嘉股份/5.860	6200	5.850	19800	5.840	300	5.830	3600	5.820	8200	5.870	900	5.880	22900	5.890	31009	5.900	51700	5.910	7800	/16842811//58372300/10571402/5.87/5.7//2008-9-18 14:36:9
56/600093/禾嘉股份/5.830	1700	5.820	8900	5.810	2600	5.800	54500	5.790	1100	5.840	200	5.850	22200	5.860	62700	5.870	24300	5.880	31510	/16842811//58607120/10611502/5.85/5.7//2008-9-18 14:37:10
56/600093/禾嘉股份/5.800	37400	5.790	1000	5.780	1400	5.770	15400	5.760	4200	5.810	17800	5.820	47400	5.830	24100	5.840	18200	5.850	33000	/16842811//58771012/10639702/5.8/5.7//2008-9-18 14:38:10
56/600093/禾嘉股份/5.760	2500	5.750	3900	5.740	1500	5.730	1900	5.720	2600	5.770	48200	5.780	17000	5.790	7600	5.800	29600	5.810	10000	/16842811//59095864/10695802/5.76/5.7//2008-9-18 14:39:11
56/600093/禾嘉股份/5.750	41200	5.730	1500	5.720	1200	5.710	4000	5.700	9100	5.760	10700	5.770	11700	5.780	2200	5.790	4300	5.800	27100	/16842811//59651712/10792502/5.75/5.7//2008-9-18 14:40:12
56/600093/禾嘉股份/5.710	1200	5.700	14200	5.690	2000	5.680	3700	5.670	1500	5.720	3800	5.730	2400	5.740	3000	5.750	2100	5.760	9300	/16842811//59826712/10823102/5.71/5.7//2008-9-18 14:41:12
56/600093/禾嘉股份/5.730	1700	5.710	17700	5.700	15700	5.690	2000	5.680	3900	5.740	3000	5.750	300	5.760	9700	5.770	9500	5.780	1100	/16842811//60031956/10859002/5.73/5.7//2008-9-18 14:42:13
56/600093/禾嘉股份/5.760	500	5.740	7100	5.730	5200	5.720	5100	5.710	9000	5.770	7500	5.780	500	5.790	4300	5.800	16500	5.810	5900	/16842811//60191716/10886802/5.76/5.7//2008-9-18 14:43:14
56/600093/禾嘉股份/5.770	2600	5.760	41400	5.750	8400	5.740	6800	5.730	4500	5.780	500	5.790	11400	5.800	17600	5.810	3900	5.820	12900	/16842811//60345004/10913402/5.77/5.7//2008-9-18 14:44:14
56/600093/禾嘉股份/5.760	900	5.750	700	5.740	5000	5.730	4500	5.720	4300	5.770	1900	5.780	2250	5.790	11500	5.800	24900	5.810	4500	/16842811//60580272/10954202/5.77/5.7//2008-9-18 14:45:15
56/600093/禾嘉股份/5.740	2800	5.730	4500	5.720	4200	5.710	11000	5.700	22900	5.750	20240	5.760	7200	5.770	6100	5.780	10450	5.790	12800	/16842811//60698300/10974702/5.75/5.7//2008-9-18 14:46:16
56/600093/禾嘉股份/5.700	19900	5.690	2000	5.680	3900	5.670	1300	5.660	1500	5.710	3350	5.720	23000	5.730	15700	5.740	15600	5.750	14540	/16842811//60941664/11017202/5.71/5.7//2008-9-18 14:47:16
56/600093/禾嘉股份/5.660	4000	5.650	16500	5.640	2500	5.630	9000	5.620	1700	5.670	1200	5.680	13200	5.690	22700	5.700	48940	5.710	26249	/16842811//61165988/11056602/5.66/5.7//2008-9-18 14:48:17
56/600093/禾嘉股份/5.640	2500	5.630	9200	5.620	1700	5.610	6400	5.600	22000	5.650	700	5.660	10600	5.670	24300	5.680	13000	5.690	12300	/16842811//61492592/11114302/5.66/5.7//2008-9-18 14:49:18
56/600093/禾嘉股份/5.620	1700	5.610	10100	5.600	26600	5.590	500	5.580	28191	5.630	3000	5.640	4900	5.650	68500	5.660	16700	5.670	4400	/16842811//61767488/11163002/5.63/5.7//2008-9-18 14:50:18
56/600093/禾嘉股份/5.630	23100	5.620	19700	5.610	36300	5.600	27100	5.590	600	5.650	21600	5.660	11700	5.670	2800	5.680	5600	5.690	11800	/16842811//62025912/11208902/5.63/5.7//2008-9-18 14:51:19
56/600093/禾嘉股份/5.650	13400	5.640	1100	5.630	28500	5.620	22300	5.610	12800	5.660	4100	5.670	1800	5.680	4600	5.690	14900	5.700	20000	/16842811//62256904/11249802/5.66/5.7//2008-9-18 14:52:20
56/600093/禾嘉股份/5.670	6300	5.660	24600	5.650	17000	5.640	2900	5.630	39800	5.680	4800	5.690	14300	5.700	29600	5.710	3950	5.720	5400	/16842811//62525592/11297302/5.67/5.7//2008-9-18 14:53:21
56/600093/禾嘉股份/5.680	16600	5.670	14600	5.660	47600	5.650	19500	5.640	2200	5.690	7300	5.700	25700	5.710	3950	5.720	5400	5.730	12900	/16842811//62682380/11324902/5.69/5.7//2008-9-18 14:54:21
56/600093/禾嘉股份/5.690	3300	5.680	3400	5.670	11400	5.660	43300	5.650	14000	5.700	27700	5.710	3250	5.720	5400	5.730	14300	5.740	9400	/16842811//63018452/11384002/5.7/5.7//2008-9-18 14:55:22
56/600093/禾嘉股份/5.690	22700	5.680	3800	5.670	12300	5.660	43500	5.650	27300	5.700	8200	5.710	18750	5.720	11600	5.730	15700	5.740	9400	/16842811//63410920/11452902/5.69/5.7//2008-9-18 14:56:23
56/600093/禾嘉股份/5.690	2900	5.680	5600	5.670	12300	5.660	42300	5.650	27800	5.700	54700	5.710	20250	5.720	12200	5.730	14900	5.740	9900	/16842811//63932252/11544402/5.7/5.7//2008-9-18 14:57:23
56/600093/禾嘉股份/5.660	38300	5.650	28600	5.640	21000	5.630	15200	5.620	5100	5.670	5400	5.680	1200	5.690	28760	5.700	29000	5.710	20850	/16842811//64332224/11614802/5.67/5.7//2008-9-18 14:58:24
56/600093/禾嘉股份/5.670	3300	5.660	18046	5.650	29600	5.640	21000	5.630	15200	5.680	7000	5.690	29460	5.700	30500	5.710	14850	5.720	10900	/16842811//64873516/11710256/5.67/5.7//2008-9-18 14:59:25
56/600093/禾嘉股份/5.650	20200	5.640	24200	5.630	15200	5.620	4600	5.610	11400	5.660	6254	5.670	31000	5.680	13500	5.690	26760	5.700	28100	/16842811//65150836/11759202/5.67/5.7//2008-9-18 15:0:26
56/600093/禾嘉股份/5.650	20200	5.640	24200	5.630	15200	5.620	4600	5.610	11400	5.660	6254	5.670	31000	5.680	13500	5.690	26760	5.700	28100	/16842811//65150836/11759202/5.67/5.7//2008-9-18 15:1:26
56/600093/禾嘉股份/5.650	20200	5.640	24200	5.630	15200	5.620	4600	5.610	11400	5.660	6254	5.670	31000	5.680	13500	5.690	26760	5.700	28100	/16842811//65150836/11759202/5.67/5.7//2008-9-18 15:2:27
