723/600015/华夏银行/6.720	25000	6.710	23900	6.700	36100	6.690	1900	6.680	10900	6.730	11600	6.740	500	6.750	1015400	6.760	23450	6.770	17000	/16843508//7596571/1121000/6.73/7.16//2008-9-18 9:31:34
723/600015/华夏银行/6.710	32264	6.700	46213	6.690	1900	6.680	11600	6.670	29000	6.730	16200	6.750	936700	6.760	17050	6.770	5000	6.780	106900	/16843508//10798604/1596923/6.73/7.16//2008-9-18 9:32:35
723/600015/华夏银行/6.800	318317	6.790	18950	6.780	15900	6.770	27800	6.760	213600	6.830	1800	6.840	2800	6.850	87700	6.880	17200	6.890	4700	/16843508//22798924/3371662/6.8/7.16//2008-9-18 9:33:35
723/600015/华夏银行/6.830	1000	6.820	22400	6.810	24500	6.800	841117	6.780	18600	6.840	10370	6.850	84200	6.870	30000	6.880	24400	6.890	3700	/16843508//23453048/3467462/6.84/7.16//2008-9-18 9:34:35
723/600015/华夏银行/6.820	40900	6.800	685817	6.790	700	6.780	16300	6.770	10800	6.830	6500	6.840	55470	6.850	105300	6.860	1300	6.870	30000	/16843508//25758184/3805862/6.82/7.16//2008-9-18 9:35:35
723/600015/华夏银行/6.820	103100	6.810	2000	6.800	557646	6.790	700	6.780	13100	6.830	39500	6.840	29170	6.850	112480	6.860	7800	6.870	30000	/16843508//28371806/4189633/6.82/7.16//2008-9-18 9:36:36
723/600015/华夏银行/6.810	100	6.800	415906	6.790	700	6.780	12900	6.770	8900	6.820	60100	6.830	31700	6.840	34000	6.850	120000	6.860	7800	/16843508//30962594/4569973/6.81/7.16//2008-9-18 9:37:36
723/600015/华夏银行/6.800	264976	6.790	1300	6.780	17000	6.770	10000	6.760	213400	6.810	20500	6.820	15900	6.830	114900	6.840	30100	6.850	128300	/16843508//33270068/4908903/6.8/7.16//2008-9-18 9:38:36
723/600015/华夏银行/6.820	21400	6.810	64650	6.800	233776	6.790	1300	6.780	18500	6.830	27600	6.840	25100	6.850	122600	6.860	8100	6.880	29300	/16843508//34576568/5100753/6.82/7.16//2008-9-18 9:39:36
723/600015/华夏银行/6.880	9500	6.870	10000	6.860	72000	6.850	207100	6.840	100	6.900	24900	6.910	1000	6.920	2000	6.940	13100	6.950	6400	/16843508//36483672/5379183/6.88/7.16//2008-9-18 9:40:36
723/600015/华夏银行/6.910	8600	6.900	40000	6.890	14650	6.880	123800	6.870	10000	6.940	1200	6.950	800	6.960	18840	6.970	6351	6.980	98400	/16843508//37185052/5480433/6.94/7.16//2008-9-18 9:41:37
723/600015/华夏银行/6.900	12600	6.890	13050	6.880	8900	6.870	500	6.860	10900	6.970	181700	6.980	39291	6.990	57900	7.000	53600	7.010	1700	/16843508//39118400/5758033/6.97/7.16//2008-9-18 9:42:37
723/600015/华夏银行/6.900	91940	6.880	6600	6.870	500	6.860	24100	6.850	104900	6.920	8100	6.930	23200	6.940	49700	6.950	47020	6.960	113700	/16843508//39712932/5844043/6.9/7.16//2008-9-18 9:43:37
723/600015/华夏银行/6.920	2900	6.900	11490	6.890	7100	6.880	6900	6.870	5400	6.930	22000	6.940	29800	6.950	56220	6.960	23900	6.970	57700	/16843508//40602044/5972793/6.92/7.16//2008-9-18 9:44:37
723/600015/华夏银行/6.890	10790	6.880	6900	6.870	11700	6.860	23600	6.850	13200	6.900	1220	6.910	10300	6.920	39200	6.930	21800	6.940	30400	/16843508//41135080/6049993/6.89/7.16//2008-9-18 9:45:37
723/600015/华夏银行/6.910	6500	6.900	76000	6.890	12570	6.880	12600	6.870	12900	6.920	24600	6.930	17300	6.940	30400	6.950	35950	6.960	18200	/16843508//41581768/6114713/6.91/7.16//2008-9-18 9:46:38
723/600015/华夏银行/6.930	11100	6.920	155050	6.910	167490	6.900	78600	6.890	14270	6.940	20900	6.950	28350	6.960	12200	6.970	54100	6.980	46491	/16843508//42760128/6284973/6.94/7.16//2008-9-18 9:47:38
723/600015/华夏银行/6.950	57200	6.940	78800	6.930	18300	6.920	150350	6.910	119090	6.980	5700	6.990	8500	7.000	532641	7.010	3100	7.020	1000	/16843508//44453468/6527973/6.95/7.16//2008-9-18 9:48:38
723/600015/华夏银行/6.950	81400	6.940	75000	6.930	22400	6.920	154350	6.910	5700	6.960	5200	6.970	500	6.980	3900	6.990	49600	7.000	532341	/16843508//45284612/6647373/6.96/7.16//2008-9-18 9:49:39
723/600015/华夏银行/6.960	2200	6.950	52100	6.940	72400	6.930	21000	6.920	22000	6.970	3700	6.980	26500	6.990	34000	7.000	532241	7.010	2000	/16843508//46138932/6769973/6.97/7.16//2008-9-18 9:50:39
723/600015/华夏银行/6.940	71900	6.930	21800	6.920	13600	6.910	23100	6.900	31400	6.950	277499	6.960	60936	6.970	12400	6.980	25000	6.990	37300	/16843508//47153952/6915873/6.95/7.16//2008-9-18 9:51:39
723/600015/华夏银行/6.870	5770	6.860	13000	6.850	10000	6.830	8470	6.820	21900	6.880	9600	6.890	56400	6.900	63400	6.910	9000	6.920	8000	/16843508//48674696/7135673/6.87/7.16//2008-9-18 9:52:39
723/600015/华夏银行/6.850	16200	6.830	88970	6.820	19100	6.810	52950	6.800	311076	6.860	91666	6.870	66600	6.880	1600	6.890	40300	6.900	3900	/16843508//49515472/7258243/6.86/7.16//2008-9-18 9:53:40
723/600015/华夏银行/6.840	8500	6.830	87970	6.820	23100	6.810	56850	6.800	305976	6.850	19300	6.860	31966	6.870	3400	6.880	1200	6.890	40300	/16843508//50159992/7352243/6.85/7.16//2008-9-18 9:54:40
723/600015/华夏银行/6.900	417010	6.870	1000	6.860	113900	6.850	71100	6.840	54600	6.920	2000	6.930	15100	6.940	13600	6.950	187999	6.960	53336	/16843508//51240992/7509433/6.92/7.16//2008-9-18 9:55:40
723/600015/华夏银行/6.900	402710	6.870	200	6.860	14400	6.850	80400	6.840	44600	6.910	39109	6.930	3100	6.940	19250	6.950	188799	6.960	53336	/16843508//52242492/7654333/6.91/7.16//2008-9-18 9:56:41
723/600015/华夏银行/6.900	340801	6.870	300	6.860	23900	6.850	79300	6.840	42200	6.920	2800	6.930	1000	6.940	13450	6.950	181040	6.960	45700	/16843508//53085152/7776342/6.9/7.16//2008-9-18 9:57:41
723/600015/华夏银行/6.910	260400	6.900	347197	6.890	1300	6.870	400	6.860	18200	6.920	9100	6.930	4500	6.940	20549	6.950	89900	6.960	45700	/16843508//53405096/7822646/6.91/7.16//2008-9-18 9:58:41
723/600015/华夏银行/6.920	39500	6.910	250500	6.900	352897	6.890	1300	6.870	700	6.930	800	6.940	13349	6.950	88900	6.960	44100	6.970	10400	/16843508//53699296/7865146/6.93/7.16//2008-9-18 9:59:41
723/600015/华夏银行/6.910	199600	6.900	353197	6.890	1300	6.880	500	6.870	700	6.920	26049	6.940	5200	6.950	43300	6.960	14100	6.970	30500	/16843508//54882424/8036046/6.91/7.16//2008-9-18 10:0:42
723/600015/华夏银行/6.920	1900	6.910	63451	6.900	354397	6.890	1300	6.880	1800	6.930	3700	6.940	16500	6.950	31800	6.960	14100	6.970	30600	/16843508//55851016/8176195/6.93/7.16//2008-9-18 10:1:42
723/600015/华夏银行/6.910	41701	6.900	343397	6.890	1300	6.880	1800	6.870	700	6.920	10500	6.930	6000	6.940	16500	6.950	31200	6.960	14300	/16843508//56871100/8323845/6.91/6.91//2008-9-18 10:2:42
723/600015/华夏银行/6.900	344097	6.890	1300	6.880	800	6.870	900	6.860	1000	6.910	42091	6.920	14500	6.930	11700	6.940	16500	6.950	32900	/16843508//57284308/8383646/6.91/6.91//2008-9-18 10:3:42
723/600015/华夏银行/6.890	1300	6.880	1800	6.870	600	6.860	1200	6.850	39200	6.900	14693	6.910	72291	6.920	15600	6.930	10600	6.940	11700	/16843508//59843016/8754443/6.9/6.91//2008-9-18 10:4:43
723/600015/华夏银行/6.850	24700	6.840	6100	6.830	7970	6.820	14000	6.810	55750	6.860	1900	6.890	52279	6.900	380000	6.910	70591	6.920	10600	/16843508//60137640/8797343/6.85/6.91//2008-9-18 10:5:43
723/600015/华夏银行/6.900	91451	6.880	1900	6.870	81370	6.860	206970	6.850	72100	6.910	62491	6.920	10500	6.930	8400	6.940	8400	6.950	30300	/16843508//62746700/9176652/6.9/6.91//2008-9-18 10:6:43
723/600015/华夏银行/6.960	31100	6.950	115909	6.930	25200	6.920	140600	6.910	327800	6.970	26300	6.980	37520	6.990	46000	7.000	619996	7.010	1000	/16843508//64323016/9404248/6.97/6.91//2008-9-18 10:7:44
723/600015/华夏银行/7.050	8700	7.020	700	7.010	5300	7.000	327700	6.990	2500	7.070	200	7.100	36000	7.110	1300	7.120	200	7.130	1300	/16843508//70762512/10323514/7.05/6.91//2008-9-18 10:8:44
723/600015/华夏银行/7.100	1270	7.080	600	7.060	21382	7.050	1700	7.040	100	7.110	2000	7.120	77900	7.130	1300	7.140	18300	7.150	96836	/16843508//73359000/10690462/7.1/6.91//2008-9-18 10:9:44
723/600015/华夏银行/7.050	13200	7.040	100	7.030	11700	7.020	3800	7.010	51900	7.080	43900	7.090	3530	7.100	44420	7.110	15600	7.120	83800	/16843508//74146720/10801532/7.08/6.91//2008-9-18 10:10:44
723/600015/华夏银行/7.010	35400	7.000	71000	6.990	1300	6.980	1500	6.970	8100	7.020	1300	7.030	1000	7.040	15500	7.050	12900	7.060	3000	/16843508//74686952/10878332/7.02/6.91//2008-9-18 10:11:45
723/600015/华夏银行/7.030	3900	7.020	69180	7.010	32800	7.000	75200	6.990	2100	7.040	100	7.050	63400	7.060	800	7.070	16800	7.080	26700	/16843508//74984440/10920652/7.03/6.91//2008-9-18 10:12:45
723/600015/华夏银行/7.050	25900	7.040	15900	7.030	14600	7.020	35780	7.010	32900	7.060	1700	7.070	9200	7.080	22000	7.090	43000	7.100	35820	/16843508//75878000/11047452/7.05/6.91//2008-9-18 10:13:45
723/600015/华夏银行/7.050	8600	7.040	7500	7.030	13100	7.020	24080	7.010	32900	7.060	12390	7.070	33300	7.080	26800	7.090	42000	7.100	34000	/16843508//76266856/11102552/7.06/6.91//2008-9-18 10:14:46
723/600015/华夏银行/7.040	10017	7.030	12700	7.020	6780	7.010	32600	7.000	28400	7.050	10000	7.060	42890	7.070	13400	7.080	25800	7.090	42000	/16843508//77108472/11221835/7.04/6.91//2008-9-18 10:15:46
723/600015/华夏银行/7.030	12300	7.020	6780	7.010	32600	7.000	28600	6.990	300	7.050	643	7.060	31790	7.070	14000	7.080	13000	7.090	38800	/16843508//77584224/11289352/7.05/6.91//2008-9-18 10:16:46
723/600015/华夏银行/7.060	34168	7.050	9100	7.040	8601	7.030	6000	7.020	12280	7.080	13000	7.090	35300	7.100	30100	7.110	17900	7.120	23200	/16843508//78278536/11387783/7.06/6.91//2008-9-18 10:17:47
723/600015/华夏银行/7.100	8300	7.090	171300	7.080	27670	7.070	10900	7.060	38468	7.110	19400	7.120	24800	7.130	12801	7.140	20800	7.150	88536	/16843508//79049272/11496513/7.1/6.91//2008-9-18 10:18:47
723/600015/华夏银行/7.140	80600	7.130	13999	7.120	7700	7.110	36700	7.100	86200	7.150	81236	7.160	68557	7.170	1200	7.180	31701	7.190	1300	/16843508//79793144/11600937/7.14/6.91//2008-9-18 10:19:47
723/600015/华夏银行/7.170	45300	7.160	75160	7.150	35800	7.140	55700	7.130	45399	7.180	28658	7.190	102300	7.200	27003	7.210	4600	7.220	9100	/16843508//82733992/12012015/7.17/6.91//2008-9-18 10:20:48
723/600015/华夏银行/7.140	14948	7.130	31899	7.120	24600	7.110	7800	7.100	81300	7.170	54600	7.180	177000	7.190	98338	7.200	34203	7.210	2400	/16843508//84997048/12327867/7.17/6.91//2008-9-18 10:21:48
723/600015/华夏银行/7.140	570	7.130	23300	7.120	16400	7.110	13200	7.100	59200	7.150	2900	7.160	17400	7.170	62400	7.180	53300	7.190	4900	/16843508//85992528/12467097/7.14/6.91//2008-9-18 10:22:48
723/600015/华夏银行/7.110	5900	7.100	39700	7.090	7700	7.080	6470	7.070	9700	7.140	25300	7.150	72730	7.160	19300	7.170	59800	7.180	49700	/16843508//87124480/12625667/7.11/6.91//2008-9-18 10:23:48
723/600015/华夏银行/7.100	9100	7.090	8700	7.080	6270	7.070	10700	7.060	14568	7.110	4817	7.120	3300	7.130	1500	7.140	16900	7.150	72730	/16843508//87702128/12706867/7.1/6.91//2008-9-18 10:24:49
723/600015/华夏银行/7.110	2083	7.100	4800	7.090	983	7.080	17770	7.070	9700	7.130	1700	7.140	17200	7.150	76480	7.160	9600	7.170	55300	/16843508//87998736/12748601/7.12/6.91//2008-9-18 10:25:49
723/600015/华夏银行/7.090	11389	7.080	19870	7.070	9600	7.060	14968	7.050	7400	7.100	13200	7.110	5860	7.120	800	7.130	10800	7.140	19900	/16843508//88155496/12770678/7.1/6.91//2008-9-18 10:26:49
723/600015/华夏银行/7.090	13072	7.080	22370	7.070	9900	7.060	14968	7.050	18400	7.100	2300	7.110	8960	7.120	800	7.130	10500	7.140	4400	/16843508//88487648/12817495/7.09/6.91//2008-9-18 10:27:50
723/600015/华夏银行/7.100	23300	7.090	10355	7.080	22870	7.070	9600	7.060	14968	7.110	8660	7.120	1800	7.130	10700	7.140	4400	7.150	75080	/16843508//88614824/12835412/7.1/6.91//2008-9-18 10:28:50
723/600015/华夏银行/7.100	723	7.090	9355	7.080	19770	7.070	9300	7.060	14968	7.110	4200	7.120	4000	7.130	10400	7.140	6700	7.150	75280	/16843508//88938416/12880966/7.11/6.91//2008-9-18 10:29:50
723/600015/华夏银行/7.110	137	7.100	36423	7.090	13255	7.080	19970	7.070	10300	7.120	1800	7.130	11650	7.140	15700	7.150	76080	7.160	8200	/16843508//89220296/12920552/7.13/6.91//2008-9-18 10:30:51
723/600015/华夏银行/7.100	17400	7.090	3052	7.080	19770	7.070	10500	7.060	14968	7.110	4200	7.120	5300	7.130	2850	7.140	22100	7.150	75880	/16843508//89782736/12999715/7.1/6.91//2008-9-18 10:31:51
723/600015/华夏银行/7.080	6676	7.070	10200	7.060	14968	7.050	67800	7.040	3201	7.090	1800	7.100	114717	7.110	10000	7.120	5000	7.130	3650	/16843508//90056376/13038261/7.1/6.91//2008-9-18 10:32:51
723/600015/华夏银行/7.060	3494	7.050	25100	7.040	7601	7.030	48300	7.020	6880	7.070	19014	7.080	3800	7.090	9620	7.100	115117	7.110	1400	/16843508//90311928/13074411/7.06/6.91//2008-9-18 10:33:52
723/600015/华夏银行/7.040	17227	7.030	47700	7.020	7980	7.010	52700	7.000	64800	7.050	93760	7.060	7700	7.070	5200	7.080	2800	7.090	8520	/16843508//90608544/13116478/7.05/6.91//2008-9-18 10:34:52
723/600015/华夏银行/7.040	8150	7.030	29500	7.020	9880	7.010	51700	7.000	64000	7.050	2546	7.060	5300	7.070	300	7.080	2800	7.090	8520	/16843508//91634056/13262055/7.05/6.91//2008-9-18 10:35:52
723/600015/华夏银行/7.040	79827	7.030	24410	7.020	10080	7.010	53200	7.000	52900	7.050	1396	7.060	500	7.070	300	7.080	2300	7.090	14520	/16843508//91947368/13306568/7.04/6.91//2008-9-18 10:36:53
723/600015/华夏银行/7.060	1000	7.050	10084	7.040	38741	7.030	26510	7.020	10080	7.070	300	7.080	2600	7.090	27220	7.100	127077	7.120	4300	/16843508//92245296/13348870/7.05/6.91//2008-9-18 10:37:53
723/600015/华夏银行/7.030	27537	7.020	11080	7.010	53200	7.000	53800	6.990	800	7.040	39279	7.050	2216	7.070	20300	7.080	2600	7.090	27020	/16843508//92614376/13401268/7.03/6.91//2008-9-18 10:38:53
723/600015/华夏银行/7.010	28717	7.000	33700	6.990	10800	6.980	4200	6.970	1000	7.030	53063	7.040	40479	7.050	1400	7.060	1000	7.070	20300	/16843508//93294232/13498068/7.03/6.91//2008-9-18 10:39:54
723/600015/华夏银行/7.020	9800	7.010	24254	7.000	33200	6.990	12800	6.980	5300	7.030	48063	7.040	38979	7.050	2900	7.060	900	7.070	20300	/16843508//93437888/13518531/7.02/6.91//2008-9-18 10:40:54
723/600015/华夏银行/7.030	83437	7.020	2621	7.010	28354	7.000	34900	6.990	12800	7.040	39379	7.050	2900	7.060	900	7.070	20300	7.080	2800	/16843508//93996928/13598073/7.03/6.91//2008-9-18 10:41:54
723/600015/华夏银行/7.030	64873	7.020	5821	7.010	28354	7.000	35900	6.990	12800	7.040	13279	7.050	3400	7.060	900	7.070	20300	7.080	2800	/16843508//94396992/13654937/7.04/6.91//2008-9-18 10:42:55
723/600015/华夏银行/7.050	2200	7.040	6727	7.030	65773	7.020	5321	7.010	24754	7.060	1200	7.070	20300	7.080	2800	7.090	14320	7.100	27677	/16843508//94681080/13695279/7.06/6.91//2008-9-18 10:43:55
723/600015/华夏银行/7.060	3937	7.050	500	7.040	4327	7.030	66073	7.020	8621	7.070	20300	7.080	3800	7.090	16320	7.100	27677	7.110	400	/16843508//94893168/13725342/7.06/6.91//2008-9-18 10:44:56
723/600015/华夏银行/7.020	1695	7.010	25654	7.000	37300	6.990	12800	6.980	5500	7.030	3500	7.040	16000	7.050	1700	7.060	9800	7.070	23200	/16843508//95443472/13803605/7.02/6.91//2008-9-18 10:45:56
723/600015/华夏银行/6.980	5200	6.970	1000	6.960	5500	6.950	6500	6.940	2000	6.990	56373	7.000	74041	7.010	32700	7.020	20200	7.030	13900	/16843508//96001632/13883354/6.99/6.91//2008-9-18 10:46:56
723/600015/华夏银行/6.930	4527	6.920	13000	6.910	10900	6.900	170700	6.890	1000	6.940	600	6.950	17190	6.960	15600	6.970	900	6.980	12400	/16843508//96139912/13903227/6.94/6.91//2008-9-18 10:47:57
723/600015/华夏银行/6.940	16000	6.930	300	6.920	5300	6.910	800	6.900	111664	6.950	5290	6.960	2200	6.970	2100	6.980	16100	6.990	57673	/16843508//98031232/14176690/6.94/6.91//2008-9-18 10:48:57
723/600015/华夏银行/6.920	1227	6.910	18400	6.900	110964	6.890	1000	6.880	9500	6.930	35790	6.940	4100	6.950	2990	6.960	2200	6.970	5100	/16843508//98435056/14234963/6.93/6.91//2008-9-18 10:49:57
723/600015/华夏银行/6.930	8437	6.920	9183	6.910	23654	6.900	107464	6.890	1000	6.940	2000	6.950	2990	6.960	2200	6.970	5100	6.980	10100	/16843508//99176376/14342016/6.93/6.91//2008-9-18 10:50:58
723/600015/华夏银行/6.950	19727	6.940	28120	6.930	47437	6.920	21783	6.910	33454	6.960	4200	6.970	900	6.980	10100	6.990	900	7.000	56841	/16843508//99303232/14360269/6.95/6.91//2008-9-18 10:51:58
723/600015/华夏银行/6.950	6400	6.940	18084	6.930	79437	6.920	21783	6.910	40754	6.960	4100	6.970	1200	6.980	9600	6.990	1900	7.000	25841	/16843508//99666384/14412532/6.94/6.91//2008-9-18 10:52:58
723/600015/华夏银行/6.960	13200	6.950	32610	6.940	22484	6.930	90637	6.920	22483	6.970	29673	6.980	4600	6.990	5400	7.000	26301	7.010	8900	/16843508//100014832/14462622/6.97/6.91//2008-9-18 10:53:59
723/600015/华夏银行/6.970	62855	6.960	7410	6.950	8900	6.940	18784	6.930	90637	6.980	12800	6.990	11900	7.000	28501	7.010	7800	7.020	11300	/16843508//100349624/14510657/6.98/6.91//2008-9-18 10:54:59
723/600015/华夏银行/6.960	1937	6.950	20000	6.940	18784	6.930	88000	6.920	29883	6.970	129435	6.990	12900	7.000	27001	7.010	5900	7.020	7300	/16843508//100925696/14593285/6.97/6.91//2008-9-18 10:56:0
723/600015/华夏银行/6.950	4900	6.940	16584	6.930	77900	6.920	29883	6.910	34054	6.960	972	6.970	130435	6.990	14400	7.000	37421	7.010	5900	/16843508//101056400/14612075/6.96/6.91//2008-9-18 10:57:0
723/600015/华夏银行/6.930	35200	6.920	29883	6.910	34754	6.900	110964	6.890	1300	6.940	1589	6.950	2600	6.960	8700	6.970	130507	6.990	13100	/16843508//101299280/14647059/6.94/6.91//2008-9-18 10:58:0
723/600015/华夏银行/6.920	18210	6.910	33454	6.900	115664	6.890	1300	6.880	9400	6.930	24762	6.940	8800	6.950	4800	6.960	25200	6.970	32007	/16843508//101723456/14708232/6.93/6.91//2008-9-18 10:59:1
723/600015/华夏银行/6.920	12610	6.910	19408	6.900	100964	6.890	1300	6.880	9400	6.930	26462	6.940	600	6.950	2000	6.960	20200	6.970	31607	/16843508//102141608/14768678/6.92/6.91//2008-9-18 11:0:1
723/600015/华夏银行/6.910	800	6.900	5499	6.890	1300	6.880	10100	6.870	1800	6.920	20800	6.930	22325	6.950	2600	6.960	22200	6.970	28607	/16843508//103271416/14932261/6.91/6.91//2008-9-18 11:1:2
723/600015/华夏银行/6.890	127	6.880	10100	6.870	1800	6.860	10700	6.850	7500	6.900	41074	6.910	31200	6.920	18200	6.930	23325	6.950	2300	/16843508//103380296/14948033/6.9/6.91//2008-9-18 11:2:2
723/600015/华夏银行/6.880	4427	6.870	11627	6.860	10700	6.850	6400	6.840	6400	6.890	13200	6.900	43847	6.910	4700	6.920	5200	6.930	23325	/16843508//103724088/14998006/6.88/6.91//2008-9-18 11:3:2
723/600015/华夏银行/6.910	3800	6.900	23500	6.890	14560	6.880	7854	6.870	1400	6.920	5400	6.930	22325	6.950	2300	6.960	18200	6.970	39207	/16843508//104733144/15144319/6.91/6.91//2008-9-18 11:4:3
723/600015/华夏银行/6.920	26027	6.910	14700	6.900	36127	6.890	9960	6.880	8954	6.930	1425	6.950	3100	6.960	18200	6.970	39207	6.980	100	/16843508//104959168/15176965/6.93/6.91//2008-9-18 11:5:3
723/600015/华夏银行/6.950	4700	6.930	22527	6.920	17529	6.910	10200	6.900	37827	6.960	8100	6.970	39207	6.980	100	6.990	4100	7.000	37121	/16843508//105200568/15211736/6.95/6.91//2008-9-18 11:6:4
723/600015/华夏银行/6.940	1827	6.930	19927	6.920	12529	6.910	4500	6.900	38227	6.950	10273	6.960	400	6.970	23307	6.980	2100	6.990	20100	/16843508//105755336/15291509/6.95/6.91//2008-9-18 11:7:4
723/600015/华夏银行/6.950	62454	6.940	1500	6.930	9981	6.920	22029	6.910	5000	6.960	600	6.970	23307	6.980	2700	6.990	21100	7.000	27861	/16843508//105972280/15322728/6.95/6.91//2008-9-18 11:8:4
723/600015/华夏银行/6.940	600	6.930	10381	6.920	22529	6.910	5200	6.900	28927	6.980	10749	6.990	21100	7.000	28461	7.010	4400	7.020	1300	/16843508//107242112/15505082/6.98/6.91//2008-9-18 11:9:5
723/600015/华夏银行/6.950	6700	6.940	1100	6.930	21381	6.920	22429	6.910	5200	6.980	10495	6.990	19900	7.000	31161	7.010	4400	7.020	1300	/16843508//107507936/15543182/6.98/6.91//2008-9-18 11:10:5
723/600015/华夏银行/6.950	22200	6.940	55000	6.930	18008	6.920	11500	6.910	7600	6.980	3995	6.990	26900	7.000	32001	7.010	4100	7.020	1300	/16843508//107685208/15568628/6.96/6.91//2008-9-18 11:11:6
723/600015/华夏银行/6.940	48600	6.930	4808	6.920	11500	6.910	7600	6.900	34727	6.950	146	6.960	5200	6.980	6595	6.990	26900	7.000	33561	/16843508//107993832/15613028/6.94/6.91//2008-9-18 11:12:6
723/600015/华夏银行/6.930	11657	6.920	12400	6.910	7600	6.900	42127	6.890	6460	6.940	41673	6.950	11846	6.960	5200	6.980	6395	6.990	25000	/16843508//108493808/15685079/6.94/6.91//2008-9-18 11:13:7
723/600015/华夏银行/6.930	800	6.920	7411	6.910	8600	6.900	38627	6.890	4360	6.940	1573	6.950	446	6.960	1200	6.980	5595	6.990	25000	/16843508//109033632/15762925/6.94/6.91//2008-9-18 11:14:7
723/600015/华夏银行/6.940	2724	6.920	5427	6.910	13100	6.900	41527	6.890	4360	6.950	98946	6.960	2000	6.980	11995	6.990	25200	7.000	33821	/16843508//109081832/15769874/6.94/6.91//2008-9-18 11:15:7
723/600015/华夏银行/6.940	2024	6.930	5000	6.920	7427	6.910	12100	6.900	40527	6.950	57446	6.960	1200	6.980	9395	6.990	25200	7.000	33821	/16843508//109403568/15816174/6.95/6.91//2008-9-18 11:16:8
723/600015/华夏银行/6.930	7200	6.920	5927	6.910	12100	6.900	40127	6.890	4360	6.940	3000	6.950	38722	6.960	1200	6.980	9395	6.990	22200	/16843508//109631560/15848998/6.95/6.91//2008-9-18 11:17:8
723/600015/华夏银行/6.940	6000	6.930	7300	6.920	4327	6.910	11100	6.900	40627	6.950	9922	6.960	3300	6.980	9395	6.990	31700	7.000	36221	/16843508//109885152/15885498/6.95/6.91//2008-9-18 11:18:9
723/600015/华夏银行/6.950	4678	6.940	3080	6.930	7600	6.920	6927	6.910	11100	6.960	6300	6.980	9395	6.990	32200	7.000	40921	7.010	4100	/16843508//110048688/15909040/6.95/6.91//2008-9-18 11:19:9
723/600015/华夏银行/6.960	10000	6.950	3378	6.940	9080	6.930	8100	6.920	10127	6.980	4995	6.990	32200	7.000	41721	7.010	4100	7.020	1300	/16843508//110171064/15926640/6.95/6.91//2008-9-18 11:20:10
723/600015/华夏银行/6.940	7180	6.930	11700	6.920	67027	6.910	11100	6.900	41927	6.950	11622	6.960	59400	6.980	3295	6.990	32100	7.000	41421	/16843508//110296104/15944618/6.94/6.91//2008-9-18 11:21:10
723/600015/华夏银行/6.950	11878	6.940	580	6.930	15600	6.920	67027	6.910	11100	6.960	58900	6.970	300	6.980	3295	6.990	32100	7.000	41621	/16843508//110693016/16001740/6.95/6.91//2008-9-18 11:22:10
723/600015/华夏银行/6.940	1580	6.930	15700	6.920	67027	6.910	11100	6.900	50627	6.950	3200	6.960	17322	6.970	300	6.980	4295	6.990	32100	/16843508//111213824/16076618/6.95/6.91//2008-9-18 11:23:11
723/600015/华夏银行/6.980	105270	6.970	6400	6.960	94962	6.950	7700	6.940	5580	7.000	48700	7.010	2800	7.020	1300	7.030	3800	7.040	700	/16843508//112556920/16268886/6.98/6.91//2008-9-18 11:24:11
723/600015/华夏银行/7.000	5600	6.970	5400	6.960	93962	6.950	9700	6.940	2000	7.020	1800	7.030	3800	7.040	950	7.050	1000	7.060	11900	/16843508//113050464/16339386/7.0/6.91//2008-9-18 11:25:12
723/600015/华夏银行/6.970	6200	6.960	95962	6.950	14700	6.940	2000	6.930	13400	6.990	100	7.000	64900	7.010	3300	7.020	167400	7.030	3800	/16843508//113455776/16397286/7.0/6.91//2008-9-18 11:26:12
723/600015/华夏银行/6.960	95962	6.950	14700	6.940	2000	6.930	8500	6.920	66627	6.970	36150	6.980	700	6.990	4100	7.000	15700	7.010	8200	/16843508//114105128/16490186/6.97/6.91//2008-9-18 11:27:13
723/600015/华夏银行/6.960	43412	6.950	14800	6.940	2000	6.930	8500	6.920	66627	6.980	1900	6.990	15100	7.000	16200	7.010	5800	7.020	76000	/16843508//114847256/16596736/6.96/6.91//2008-9-18 11:28:13
723/600015/华夏银行/6.960	28712	6.950	15700	6.940	2000	6.930	8900	6.920	68227	6.980	3400	6.990	15200	7.000	17200	7.010	6100	7.020	76000	/16843508//115022752/16621936/6.98/6.91//2008-9-18 11:29:14
723/600015/华夏银行/6.950	15700	6.940	2000	6.930	8900	6.920	67727	6.910	10100	6.980	6700	6.990	12288	7.000	24400	7.010	6200	7.020	76000	/16843508//115538120/16695948/6.98/6.91//2008-9-18 11:30:14
723/600015/华夏银行/6.950	15700	6.940	2000	6.930	8900	6.920	67727	6.910	10100	6.980	6700	6.990	12288	7.000	24400	7.010	6200	7.020	76000	/16843508//115538120/16695948/6.98/6.91//2008-9-18 11:31:15
723/600015/华夏银行/6.870	8200	6.860	19800	6.850	92300	6.840	10400	6.830	19170	6.880	21805	6.900	29100	6.920	53500	6.930	3700	6.950	72059	/16843508//118152488/17073616/6.87/6.91//2008-9-18 13:1:15
723/600015/华夏银行/6.860	15700	6.850	194500	6.840	9400	6.830	19170	6.820	16500	6.870	32400	6.880	16105	6.890	10900	6.900	500	6.920	53500	/16843508//118432096/17114316/6.86/6.91//2008-9-18 13:2:16
723/600015/华夏银行/6.850	79300	6.840	8900	6.830	18970	6.820	16500	6.810	87900	6.860	34800	6.870	3000	6.880	3000	6.900	2500	6.920	53500	/16843508//120142632/17363820/6.85/6.91//2008-9-18 13:3:16
723/600015/华夏银行/6.840	7900	6.830	9170	6.820	16000	6.810	92900	6.800	271776	6.850	38510	6.870	2400	6.880	1500	6.900	22500	6.910	2300	/16843508//120925968/17478120/6.85/6.91//2008-9-18 13:4:17
723/600015/华夏银行/6.870	8700	6.850	600	6.840	2700	6.830	23370	6.820	38400	6.900	21000	6.920	53500	6.950	57659	6.960	15700	6.970	5900	/16843508//121608040/17577620/6.87/6.91//2008-9-18 13:5:17
723/600015/华夏银行/6.900	68200	6.870	20600	6.860	33400	6.850	12900	6.840	6000	6.920	53500	6.950	58659	6.960	15200	6.970	5900	6.980	9856	/16843508//122029504/17638820/6.9/6.91//2008-9-18 13:6:18
723/600015/华夏银行/6.910	11400	6.900	162000	6.870	22200	6.860	33900	6.850	206000	6.920	24600	6.950	58359	6.960	14200	6.970	5900	6.980	9856	/16843508//122285400/17675820/6.91/6.91//2008-9-18 13:7:18
723/600015/华夏银行/6.900	153600	6.880	2700	6.870	15600	6.860	34600	6.850	207700	6.920	400	6.950	48259	6.960	14200	6.970	500	6.980	10556	/16843508//122797352/17749820/6.9/6.91//2008-9-18 13:8:19
723/600015/华夏银行/6.910	1600	6.900	133800	6.880	2600	6.870	13600	6.860	44600	6.920	1900	6.940	11419	6.950	49259	6.960	14200	6.970	3500	/16843508//122992720/17778120/6.91/6.91//2008-9-18 13:9:19
723/600015/华夏银行/6.870	8600	6.860	21800	6.850	208800	6.840	13400	6.830	8270	6.880	1600	6.900	8000	6.910	4600	6.920	17200	6.940	6419	/16843508//124046872/17930920/6.88/6.91//2008-9-18 13:10:20
723/600015/华夏银行/6.860	22600	6.850	220500	6.840	2400	6.830	8270	6.820	37500	6.870	700	6.880	28000	6.900	131800	6.910	3500	6.920	16600	/16843508//124132776/17943420/6.87/6.91//2008-9-18 13:11:20
723/600015/华夏银行/6.880	4210	6.870	25700	6.860	22100	6.850	221700	6.840	1700	6.900	64000	6.910	3500	6.920	14600	6.940	5519	6.950	50259	/16843508//125215208/18100612/6.88/6.91//2008-9-18 13:12:21
723/600015/华夏银行/6.870	21300	6.860	24300	6.850	222800	6.840	1700	6.830	9570	6.880	7290	6.890	300	6.900	66200	6.910	4800	6.920	14600	/16843508//125447760/18134420/6.88/6.91//2008-9-18 13:13:21
723/600015/华夏银行/6.880	1500	6.870	22400	6.860	25300	6.850	223100	6.840	1700	6.890	500	6.900	72778	6.910	4800	6.920	14600	6.940	5419	/16843508//125650152/18163820/6.89/6.91//2008-9-18 13:14:22
723/600015/华夏银行/6.920	300	6.910	1000	6.900	1000	6.890	4300	6.880	44800	6.940	5919	6.950	56959	6.960	14300	6.970	4000	6.980	9756	/16843508//126766240/18325700/6.92/6.91//2008-9-18 13:15:22
723/600015/华夏银行/6.880	15600	6.870	200	6.860	30500	6.850	226400	6.840	1300	6.900	14600	6.910	10100	6.920	24900	6.940	17119	6.950	57259	/16843508//127103752/18374700/6.88/6.91//2008-9-18 13:16:23
723/600015/华夏银行/6.890	2300	6.880	13000	6.870	1100	6.860	33200	6.850	228700	6.900	400	6.910	8400	6.920	27900	6.930	300	6.940	19119	/16843508//127746672/18467900/6.9/6.91//2008-9-18 13:17:23
723/600015/华夏银行/6.890	11200	6.880	49800	6.870	16100	6.860	34100	6.850	227000	6.900	80700	6.910	500	6.920	11900	6.930	400	6.940	9819	/16843508//128488112/18575300/6.9/6.91//2008-9-18 13:18:24
723/600015/华夏银行/6.910	44500	6.900	134900	6.890	9700	6.880	51900	6.870	16000	6.920	8200	6.930	400	6.940	9819	6.950	55859	6.960	13200	/16843508//129178944/18675400/6.91/6.91//2008-9-18 13:19:24
723/600015/华夏银行/6.930	3500	6.920	28500	6.910	32900	6.900	134000	6.890	11700	6.940	77278	6.950	10000	6.960	1100	6.980	7056	6.990	10900	/16843508//130549464/18872700/6.94/6.91//2008-9-18 13:20:25
723/600015/华夏银行/6.970	10300	6.960	30000	6.950	95022	6.940	79800	6.930	5200	6.980	9356	6.990	11700	7.000	117580	7.010	7400	7.020	11500	/16843508//131226912/18970276/6.97/6.91//2008-9-18 13:21:25
723/600015/华夏银行/7.010	1700	7.000	5864	6.990	19200	6.980	47500	6.970	20100	7.020	9800	7.030	3800	7.040	3700	7.050	7800	7.060	10900	/16843508//134206800/19396012/7.02/6.91//2008-9-18 13:22:26
723/600015/华夏银行/7.060	2600	7.050	4000	7.030	22800	7.020	6900	7.010	3400	7.080	12100	7.090	11520	7.100	59377	7.110	7800	7.120	12300	/16843508//135724704/19612012/7.06/6.91//2008-9-18 13:23:26
723/600015/华夏银行/7.070	300	7.060	2000	7.050	29200	7.040	1500	7.030	5300	7.080	7900	7.090	8820	7.100	56977	7.110	7800	7.120	11800	/16843508//136569040/19731412/7.08/6.91//2008-9-18 13:24:27
723/600015/华夏银行/7.080	21510	7.070	7180	7.060	300	7.050	10100	7.040	1500	7.090	3900	7.100	25167	7.110	7800	7.120	11500	7.130	3100	/16843508//137696160/19890624/7.09/6.91//2008-9-18 13:25:27
723/600015/华夏银行/7.080	16210	7.070	7680	7.060	5300	7.050	31400	7.040	500	7.090	43800	7.100	7300	7.110	100	7.150	36647	7.160	55795	/16843508//139043440/20080424/7.09/6.91//2008-9-18 13:26:28
723/600015/华夏银行/7.120	6600	7.110	18600	7.100	39300	7.090	72900	7.080	20710	7.130	6400	7.140	60400	7.150	116197	7.160	55095	7.170	13100	/16843508//139850016/20193924/7.12/6.91//2008-9-18 13:27:28
723/600015/华夏银行/7.090	27700	7.080	23100	7.070	7880	7.060	7300	7.050	4000	7.100	3800	7.110	20900	7.120	78505	7.130	38300	7.140	53400	/16843508//141194032/20382724/7.11/6.91//2008-9-18 13:28:29
723/600015/华夏银行/7.050	3780	7.040	500	7.030	3900	7.020	4200	7.010	12900	7.060	5100	7.070	1100	7.080	31800	7.090	8000	7.100	22120	/16843508//142094592/20509824/7.08/6.91//2008-9-18 13:29:29
723/600015/华夏银行/7.120	3400	7.110	69893	7.100	48150	7.090	1975	7.080	13300	7.140	7210	7.150	59108	7.160	59545	7.170	17000	7.180	122463	/16843508//143355552/20687504/7.14/6.91//2008-9-18 13:30:30
723/600015/华夏银行/7.210	400	7.200	19584	7.190	144100	7.180	104500	7.170	56800	7.220	3010	7.230	21415	7.240	6000	7.250	59117	7.260	14800	/16843508//146581312/21137384/7.21/6.91//2008-9-18 13:31:30
723/600015/华夏银行/7.240	900	7.230	10300	7.220	27400	7.210	13577	7.200	24800	7.250	177107	7.260	34842	7.270	24900	7.280	33900	7.290	40200	/16843508//154445968/22223808/7.24/6.91//2008-9-18 13:32:31
723/600015/华夏银行/7.260	5850	7.250	74642	7.240	32000	7.230	27900	7.220	7300	7.270	14800	7.280	39400	7.290	44200	7.300	66330	7.310	5200	/16843508//159438416/22912816/7.27/6.91//2008-9-18 13:33:31
723/600015/华夏银行/7.300	185670	7.290	32400	7.280	84600	7.270	195000	7.260	42850	7.310	500	7.330	1215	7.340	1500	7.350	73310	7.360	60100	/16843508//161240656/23160044/7.33/6.91//2008-9-18 13:34:32
723/600015/华夏银行/7.280	49330	7.270	30000	7.260	33400	7.250	49700	7.240	19900	7.300	87340	7.310	1400	7.320	1200	7.330	275100	7.340	83000	/16843508//169697664/24317584/7.3/6.91//2008-9-18 13:35:32
723/600015/华夏银行/7.300	52160	7.280	3500	7.270	17800	7.260	32700	7.250	47200	7.310	5800	7.320	93389	7.330	122010	7.340	184150	7.350	156544	/16843508//175033568/25047956/7.3/6.91//2008-9-18 13:36:33
723/600015/华夏银行/7.290	4000	7.270	75760	7.260	42100	7.250	29300	7.240	16700	7.300	38540	7.310	32100	7.320	107989	7.330	120910	7.340	131050	/16843508//178058560/25463156/7.3/6.91//2008-9-18 13:37:34
723/600015/华夏银行/7.300	16360	7.290	61600	7.280	64500	7.270	88260	7.260	40800	7.310	13329	7.320	400	7.330	103310	7.340	128750	7.350	40744	/16843508//181796160/25974794/7.3/6.91//2008-9-18 13:38:34
723/600015/华夏银行/7.280	5700	7.270	64260	7.260	46600	7.250	18000	7.240	14600	7.300	31100	7.310	33500	7.320	14220	7.330	50977	7.340	27750	/16843508//185994160/26549254/7.3/6.91//2008-9-18 13:39:35
723/600015/华夏银行/7.280	6300	7.270	63620	7.260	23200	7.250	20200	7.240	15000	7.290	2700	7.300	58540	7.310	2000	7.320	25720	7.330	160577	/16843508//188135584/26842694/7.29/6.91//2008-9-18 13:40:35
723/600015/华夏银行/7.330	145703	7.320	7700	7.310	6490	7.300	95410	7.290	27700	7.340	24950	7.350	53064	7.360	80350	7.370	18000	7.380	168910	/16843508//190834256/27211492/7.33/6.91//2008-9-18 13:41:36
723/600015/华夏银行/7.380	204200	7.370	30700	7.360	125500	7.350	43500	7.340	76046	7.390	31675	7.400	47215	7.410	12300	7.420	5620	7.430	5500	/16843508//197030512/28053844/7.39/6.91//2008-9-18 13:42:36
723/600015/华夏银行/7.460	3180	7.450	190000	7.440	13200	7.430	4900	7.420	17560	7.490	14800	7.500	29791	7.510	1000	7.520	2000	7.540	7000	/16843508//202192928/28747016/7.46/6.91//2008-9-18 13:43:37
723/600015/华夏银行/7.570	500	7.560	7000	7.550	16900	7.540	2500	7.530	15200	7.580	63880	7.590	26460	7.600	53027	7.610	7400	7.620	16440	/16843508//208339248/29564524/7.57/6.91//2008-9-18 13:44:37
723/600015/华夏银行/7.500	101818	7.490	3700	7.480	6800	7.470	2000	7.460	29700	7.510	2400	7.520	2000	7.540	5000	7.550	15000	7.560	5000	/16843508//214526960/30385108/7.51/6.91//2008-9-18 13:45:38
723/600015/华夏银行/7.530	900	7.500	89815	7.490	5000	7.480	6300	7.470	2600	7.540	3300	7.550	7340	7.560	27900	7.570	45200	7.580	110730	/16843508//218130368/30863610/7.53/6.91//2008-9-18 13:46:39
723/600015/华夏银行/7.500	70815	7.490	3000	7.480	7300	7.470	1900	7.460	29200	7.530	68300	7.540	5500	7.550	40040	7.560	7300	7.570	30500	/16843508//220876432/31228610/7.5/6.91//2008-9-18 13:47:39
723/600015/华夏银行/7.460	13200	7.450	40600	7.440	7200	7.430	5100	7.420	25400	7.480	500	7.490	4200	7.500	14700	7.520	21985	7.530	13950	/16843508//223465200/31573624/7.46/6.91//2008-9-18 13:48:40
723/600015/华夏银行/7.450	34000	7.440	4700	7.430	2800	7.420	28900	7.410	12200	7.480	8700	7.490	8700	7.500	215700	7.510	7200	7.520	15884	/16843508//224914496/31767224/7.48/6.91//2008-9-18 13:49:40
723/600015/华夏银行/7.450	22100	7.430	4000	7.420	9830	7.410	10300	7.400	73000	7.460	10000	7.470	13000	7.480	48760	7.490	62450	7.500	213849	/16843508//226501232/31979796/7.45/6.91//2008-9-18 13:50:41
723/600015/华夏银行/7.430	800	7.420	2600	7.410	40630	7.400	70000	7.390	5700	7.450	21480	7.460	11998	7.470	9600	7.480	35860	7.490	58450	/16843508//227543984/32119996/7.43/6.91//2008-9-18 13:51:41
723/600015/华夏银行/7.420	37101	7.410	28130	7.400	71000	7.390	5700	7.380	11500	7.440	3150	7.450	24400	7.460	18148	7.470	6900	7.480	36660	/16843508//228209408/32209694/7.42/6.91//2008-9-18 13:52:42
723/600015/华夏银行/7.390	5600	7.380	11600	7.370	18100	7.360	11200	7.350	20500	7.400	21970	7.410	55150	7.420	81800	7.430	7800	7.440	58900	/16843508//230840720/32564524/7.4/6.91//2008-9-18 13:53:42
723/600015/华夏银行/7.340	14300	7.330	39303	7.320	7100	7.310	2100	7.300	47900	7.350	200	7.380	16867	7.390	55200	7.400	67000	7.410	62050	/16843508//232324880/32765724/7.35/6.91//2008-9-18 13:54:43
723/600015/华夏银行/7.370	100	7.360	20308	7.350	82100	7.340	16800	7.330	400	7.380	48965	7.390	56400	7.400	67600	7.410	57750	7.420	81000	/16843508//233507104/32926116/7.38/6.91//2008-9-18 13:55:44
723/600015/华夏银行/7.390	3900	7.380	10285	7.370	7000	7.360	8116	7.350	88600	7.400	15900	7.410	15300	7.420	80000	7.430	5100	7.440	700	/16843508//235661696/33218224/7.38/6.91//2008-9-18 13:56:44
723/600015/华夏银行/7.400	1600	7.390	46400	7.380	17793	7.370	54200	7.360	11516	7.420	91500	7.430	3800	7.440	3050	7.450	22600	7.460	3750	/16843508//236976496/33396116/7.42/6.91//2008-9-18 13:57:45
723/600015/华夏银行/7.400	500	7.390	29800	7.380	18193	7.370	49500	7.360	14800	7.420	112392	7.440	8500	7.450	17200	7.460	2850	7.470	3800	/16843508//239843504/33782616/7.42/6.91//2008-9-18 13:58:45
723/600015/华夏银行/7.420	2400	7.410	500	7.380	62693	7.370	40300	7.360	14100	7.450	111768	7.460	3150	7.470	3800	7.480	21460	7.490	57050	/16843508//242178384/34097716/7.42/6.91//2008-9-18 13:59:46
723/600015/华夏银行/7.380	59301	7.370	40800	7.360	13700	7.350	35900	7.340	14600	7.400	48700	7.410	15300	7.420	40100	7.430	5000	7.440	19900	/16843508//243160256/34230508/7.4/6.91//2008-9-18 14:0:47
723/600015/华夏银行/7.330	18909	7.320	2700	7.310	6400	7.300	53400	7.290	22300	7.340	111700	7.350	1000	7.380	500	7.390	6850	7.400	53750	/16843508//245449696/34541400/7.33/6.91//2008-9-18 14:1:47
723/600015/华夏银行/7.300	4017	7.290	200	7.280	1200	7.270	4300	7.260	4600	7.310	500	7.330	5650	7.340	94100	7.350	2100	7.370	13000	/16843508//247500560/34822192/7.3/6.91//2008-9-18 14:2:48
723/600015/华夏银行/7.290	1200	7.280	500	7.270	7400	7.260	20908	7.250	18600	7.300	37793	7.310	1800	7.330	2650	7.340	92800	7.350	2100	/16843508//248145808/34910800/7.3/6.91//2008-9-18 14:3:48
723/600015/华夏银行/7.270	19508	7.260	26408	7.250	18000	7.240	5600	7.230	6800	7.280	24417	7.290	11900	7.300	35893	7.310	1800	7.330	3650	/16843508//248601568/34973392/7.28/6.91//2008-9-18 14:4:49
723/600015/华夏银行/7.300	2788	7.290	6400	7.270	30508	7.260	26408	7.250	18100	7.310	1600	7.330	3650	7.340	100	7.350	2100	7.370	13000	/16843508//250136496/35184004/7.3/6.91//2008-9-18 14:5:50
723/600015/华夏银行/7.350	100	7.330	1300	7.320	35000	7.310	29800	7.300	43588	7.370	200	7.380	500	7.390	27400	7.400	48750	7.410	2100	/16843508//251124352/35318048/7.35/6.91//2008-9-18 14:6:50
723/600015/华夏银行/7.370	7903	7.360	600	7.350	5600	7.330	56000	7.320	31600	7.380	600	7.390	30455	7.400	56460	7.410	1800	7.420	21900	/16843508//252540032/35509644/7.38/6.91//2008-9-18 14:7:51
723/600015/华夏银行/7.400	36383	7.390	7000	7.380	2300	7.370	13203	7.360	1200	7.410	2300	7.420	400	7.430	800	7.440	63320	7.450	126615	/16843508//254320160/35750060/7.44/6.91//2008-9-18 14:8:51
723/600015/华夏银行/7.400	500	7.390	10700	7.380	5600	7.370	7003	7.360	6300	7.410	35917	7.420	38193	7.430	9800	7.440	62320	7.450	124615	/16843508//255972784/35973044/7.41/6.91//2008-9-18 14:9:52
723/600015/华夏银行/7.420	25400	7.410	28100	7.400	60108	7.390	26300	7.380	5600	7.430	3945	7.440	151720	7.450	124915	7.460	2260	7.470	2700	/16843508//257326400/36155436/7.43/6.91//2008-9-18 14:10:53
723/600015/华夏银行/7.420	50800	7.400	1800	7.390	26600	7.380	6600	7.370	5403	7.430	45900	7.440	51125	7.450	123115	7.460	2060	7.470	800	/16843508//259927680/36505836/7.43/6.91//2008-9-18 14:11:53
723/600015/华夏银行/7.410	55208	7.400	15600	7.390	29100	7.380	7900	7.370	5403	7.420	4000	7.430	3600	7.440	51825	7.450	125990	7.460	7060	/16843508//262263744/36820528/7.41/6.91//2008-9-18 14:12:54
723/600015/华夏银行/7.430	10600	7.420	28258	7.410	34908	7.400	17200	7.390	26600	7.440	4625	7.450	129690	7.460	7060	7.470	2500	7.480	96475	/16843508//263488976/36985472/7.44/6.91//2008-9-18 14:13:55
723/600015/华夏银行/7.370	2303	7.360	5700	7.350	11400	7.340	8000	7.330	20200	7.380	3800	7.390	166292	7.400	42334	7.420	2400	7.430	19100	/16843508//265246496/37222936/7.37/6.91//2008-9-18 14:14:55
723/600015/华夏银行/7.350	3811	7.340	8600	7.330	20200	7.320	15900	7.310	58100	7.370	66002	7.380	52800	7.390	154992	7.400	43534	7.420	2400	/16843508//265753504/37291728/7.35/6.91//2008-9-18 14:15:56
723/600015/华夏银行/7.340	32600	7.330	22200	7.320	15900	7.310	59100	7.300	48900	7.360	78083	7.370	550	7.380	47200	7.390	154592	7.400	46234	/16843508//267075216/37471340/7.34/6.91//2008-9-18 14:16:56
723/600015/华夏银行/7.380	95500	7.370	59800	7.360	83400	7.350	37900	7.340	20500	7.390	49400	7.400	12126	7.420	2700	7.430	17600	7.440	28525	/16843508//269722688/37830732/7.39/6.91//2008-9-18 14:17:57
723/600015/华夏银行/7.460	998	7.450	263625	7.440	31000	7.430	51500	7.420	32200	7.480	77735	7.490	12260	7.500	189690	7.510	5800	7.520	7500	/16843508//273025888/38275328/7.48/6.91//2008-9-18 14:18:58
723/600015/华夏银行/7.550	11715	7.540	11600	7.530	19000	7.520	76100	7.510	84500	7.560	10600	7.570	25900	7.580	47570	7.590	222220	7.600	96623	/16843508//276959392/38799092/7.54/6.91//2008-9-18 14:19:58
723/600015/华夏银行/7.640	4900	7.620	13200	7.610	46200	7.600	1022285	7.590	126200	7.650	12572	7.660	10220	7.670	2600	7.680	32035	7.690	120320	/16843508//280838368/39310152/7.62/6.91//2008-9-18 14:20:59
723/600015/华夏银行/7.700	2970	7.690	66504	7.680	23375	7.670	1200	7.660	14700	7.710	1700	7.720	2520	7.730	25700	7.740	6000	7.750	740	/16843508//283954720/39716144/7.7/6.91//2008-9-18 14:22:0
723/600015/华夏银行/7.690	1000	7.670	18367	7.660	7600	7.650	69251	7.640	2500	7.700	161900	7.710	10100	7.720	22750	7.730	26300	7.740	6500	/16843508//286256832/40015524/7.7/6.91//2008-9-18 14:23:0
723/600015/华夏银行/7.590	35600	7.580	29900	7.570	500	7.560	43500	7.550	15100	7.600	62200	7.610	10000	7.620	11400	7.630	13720	7.640	8200	/16843508//289071776/40384744/7.59/6.91//2008-9-18 14:24:1
723/600015/华夏银行/7.520	12808	7.510	21100	7.500	14600	7.490	10000	7.480	26921	7.560	46900	7.570	2500	7.580	7000	7.590	31100	7.600	76884	/16843508//290499584/40573432/7.56/6.91//2008-9-18 14:25:2
723/600015/华夏银行/7.520	500	7.510	21600	7.500	181100	7.490	8416	7.480	25721	7.530	2200	7.560	4800	7.570	200	7.580	29800	7.590	28200	/16843508//291418048/40695424/7.53/6.91//2008-9-18 14:26:2
723/600015/华夏银行/7.530	5200	7.520	3600	7.510	19108	7.500	55200	7.490	18616	7.550	25884	7.560	800	7.570	300	7.580	1400	7.600	162100	/16843508//293916480/41027416/7.53/6.91//2008-9-18 14:27:3
723/600015/华夏银行/7.510	5800	7.500	68100	7.490	18316	7.480	24421	7.470	13000	7.520	2200	7.540	72849	7.550	30176	7.560	3200	7.570	300	/16843508//294384032/41089520/7.5/6.91//2008-9-18 14:28:4
723/600015/华夏银行/7.510	12400	7.500	26500	7.490	18716	7.480	26921	7.470	11000	7.520	13100	7.530	9190	7.540	69549	7.550	32876	7.560	1800	/16843508//295179904/41195520/7.51/6.91//2008-9-18 14:29:4
723/600015/华夏银行/7.510	13018	7.500	32500	7.490	18716	7.480	28021	7.470	11000	7.520	2700	7.530	15200	7.540	69049	7.550	33176	7.560	2000	/16843508//296109920/41319200/7.52/6.91//2008-9-18 14:30:5
723/600015/华夏银行/7.510	123700	7.500	58900	7.490	18716	7.480	28721	7.470	11000	7.520	49346	7.530	1000	7.540	68149	7.550	18684	7.560	2000	/16843508//296944576/41430216/7.52/6.91//2008-9-18 14:31:6
723/600015/华夏银行/7.510	45900	7.500	52508	7.490	9916	7.480	18321	7.470	11000	7.520	8764	7.530	2100	7.540	68749	7.550	17484	7.560	2000	/16843508//299035008/41708512/7.52/6.91//2008-9-18 14:32:6
723/600015/华夏银行/7.520	64044	7.510	4000	7.500	51508	7.490	11916	7.480	21321	7.530	29900	7.540	50949	7.550	17384	7.560	2000	7.570	3800	/16843508//300415904/41892064/7.53/6.91//2008-9-18 14:33:7
723/600015/华夏银行/7.530	6700	7.520	42400	7.510	6700	7.500	56116	7.490	11916	7.540	31905	7.550	10700	7.560	1800	7.570	3800	7.580	12200	/16843508//301699872/42062704/7.54/6.91//2008-9-18 14:34:8
723/600015/华夏银行/7.550	200	7.540	15200	7.530	24835	7.520	45400	7.510	15700	7.560	4400	7.570	3300	7.580	18900	7.590	76700	7.600	119800	/16843508//302884096/42219768/7.55/6.91//2008-9-18 14:35:8
723/600015/华夏银行/7.520	42000	7.510	15200	7.500	66216	7.490	13316	7.480	19521	7.530	49657	7.540	400	7.550	25900	7.560	19700	7.570	4600	/16843508//303768544/42337104/7.52/6.91//2008-9-18 14:36:9
723/600015/华夏银行/7.490	12665	7.480	19921	7.470	11000	7.460	27000	7.450	13000	7.520	2800	7.530	500	7.540	54900	7.550	38300	7.560	17200	/16843508//305439392/42559468/7.49/6.91//2008-9-18 14:37:10
723/600015/华夏银行/7.480	296	7.470	21000	7.460	7000	7.450	13000	7.440	1700	7.490	72600	7.500	116368	7.520	7600	7.530	20000	7.540	10084	/16843508//306458336/42695160/7.49/6.91//2008-9-18 14:38:10
723/600015/华夏银行/7.430	64000	7.420	2900	7.410	54400	7.400	44300	7.390	15400	7.440	15900	7.450	61100	7.460	144795	7.470	111900	7.480	40800	/16843508//307061280/42776088/7.44/6.91//2008-9-18 14:39:11
723/600015/华夏银行/7.420	6858	7.410	53500	7.400	43000	7.390	15600	7.380	13100	7.440	94700	7.450	71905	7.460	15266	7.470	104800	7.480	45600	/16843508//307903392/42889432/7.42/6.91//2008-9-18 14:40:12
723/600015/华夏银行/7.410	39250	7.400	158900	7.390	24600	7.380	12500	7.370	12600	7.420	600	7.440	5073	7.450	69105	7.460	19266	7.470	103600	/16843508//309083808/43048240/7.42/6.91//2008-9-18 14:41:12
723/600015/华夏银行/7.420	6400	7.410	58787	7.400	174600	7.390	23200	7.380	13800	7.430	20500	7.440	51502	7.450	73295	7.460	13600	7.470	103600	/16843508//309349952/43084100/7.42/6.91//2008-9-18 14:42:13
723/600015/华夏银行/7.430	16242	7.420	36675	7.410	45100	7.400	232000	7.390	30200	7.440	41102	7.450	28805	7.460	17900	7.470	104600	7.480	40605	/16843508//309981696/43169084/7.43/6.91//2008-9-18 14:43:14
723/600015/华夏银行/7.450	5300	7.440	106098	7.430	20009	7.420	45075	7.410	38300	7.460	3005	7.470	105200	7.480	40605	7.490	24700	7.500	133300	/16843508//311410528/43361020/7.46/6.91//2008-9-18 14:44:14
723/600015/华夏银行/7.450	60942	7.440	114473	7.430	17200	7.420	35575	7.410	35600	7.460	100	7.470	58205	7.480	27405	7.490	31200	7.500	157700	/16843508//312250592/43473600/7.46/6.91//2008-9-18 14:45:15
723/600015/华夏银行/7.440	5348	7.430	18100	7.420	36375	7.410	34300	7.400	224100	7.450	142591	7.460	22800	7.470	39905	7.480	32405	7.490	29700	/16843508//313889504/43693668/7.44/6.91//2008-9-18 14:46:16
723/600015/华夏银行/7.400	21117	7.390	23200	7.380	18800	7.370	13600	7.360	17900	7.420	13000	7.430	18570	7.440	43352	7.450	99341	7.460	18600	/16843508//317188352/44138276/7.4/6.91//2008-9-18 14:47:16
723/600015/华夏银行/7.410	27200	7.400	7247	7.390	31000	7.380	26400	7.370	11600	7.420	20092	7.430	19870	7.440	19052	7.450	54550	7.460	18100	/16843508//318059520/44255844/7.41/6.91//2008-9-18 14:48:17
723/600015/华夏银行/7.400	65122	7.390	31700	7.380	28700	7.370	14600	7.360	24400	7.410	36833	7.420	7000	7.430	19962	7.440	16352	7.450	55650	/16843508//318812480/44357472/7.4/6.91//2008-9-18 14:49:18
723/600015/华夏银行/7.400	1431	7.390	21700	7.380	30500	7.370	14600	7.360	23700	7.410	14900	7.420	11700	7.430	19462	7.440	16652	7.450	56740	/16843508//319956256/44511960/7.41/6.91//2008-9-18 14:50:18
723/600015/华夏银行/7.420	5400	7.410	29975	7.400	36500	7.390	17768	7.380	34100	7.430	29562	7.440	13700	7.450	68740	7.460	18600	7.470	10300	/16843508//320766400/44621348/7.42/6.91//2008-9-18 14:51:19
723/600015/华夏银行/7.420	81097	7.410	29375	7.400	63000	7.390	16768	7.380	34100	7.440	14000	7.450	67540	7.460	18600	7.470	9800	7.480	32065	/16843508//321196320/44679252/7.42/6.91//2008-9-18 14:52:20
723/600015/华夏银行/7.430	7275	7.420	71372	7.410	32775	7.400	66600	7.390	14568	7.440	700	7.450	67640	7.460	17600	7.470	14800	7.480	32065	/16843508//321612832/44735288/7.43/6.91//2008-9-18 14:53:21
723/600015/华夏银行/7.440	3900	7.430	40050	7.420	4400	7.410	1800	7.400	41318	7.450	81840	7.460	22600	7.470	13800	7.480	32005	7.490	29200	/16843508//323243648/44955040/7.44/6.91//2008-9-18 14:54:21
723/600015/华夏银行/7.450	32200	7.440	74955	7.430	43550	7.420	3200	7.410	4800	7.460	16900	7.470	17000	7.480	38305	7.490	30200	7.500	83600	/16843508//324000800/45056688/7.45/6.91//2008-9-18 14:55:22
723/600015/华夏银行/7.450	34400	7.440	41255	7.430	45650	7.420	2100	7.410	5100	7.460	12200	7.470	20300	7.480	46805	7.490	33800	7.500	88400	/16843508//324914048/45179184/7.45/6.91//2008-9-18 14:56:23
723/600015/华夏银行/7.450	53850	7.440	40655	7.430	46150	7.420	1700	7.410	8500	7.460	3749	7.470	28149	7.480	55005	7.490	37100	7.500	96700	/16843508//325726080/45288036/7.46/6.91//2008-9-18 14:57:23
723/600015/华夏银行/7.450	80250	7.440	24755	7.430	44150	7.420	1500	7.410	8500	7.460	600	7.470	28049	7.480	69605	7.490	52700	7.500	100100	/16843508//327146176/45478436/7.46/6.91//2008-9-18 14:58:24
723/600015/华夏银行/7.440	14655	7.430	43850	7.420	3400	7.410	8500	7.400	34618	7.450	28500	7.460	24900	7.470	22948	7.480	70505	7.490	57300	/16843508//328987872/45725488/7.45/6.91//2008-9-18 14:59:25
723/600015/华夏银行/7.450	21055	7.430	47250	7.420	3200	7.410	8500	7.400	33118	7.460	38500	7.470	28248	7.480	62605	7.490	56100	7.500	107300	/16843508//329734688/45825784/7.45/6.91//2008-9-18 15:0:26
723/600015/华夏银行/7.450	21055	7.430	47250	7.420	3200	7.410	8500	7.400	33118	7.460	38500	7.470	28248	7.480	62605	7.490	56100	7.500	107300	/16843508//329734688/45825784/7.45/6.91//2008-9-18 15:1:26
723/600015/华夏银行/7.450	21055	7.430	47250	7.420	3200	7.410	8500	7.400	33118	7.460	38500	7.470	28248	7.480	62605	7.490	56100	7.500	107300	/16843508//329734688/45825784/7.45/6.91//2008-9-18 15:2:27
