60/600097/华立科技/7.370	2000	7.360	20000	7.350	2000	7.300	2000	7.200	2000	7.530	200	7.550	2014	7.750	2000	7.780	400	7.790	1000	/16842815//11315/1500/7.53/7.76//2008-9-18 9:31:34
60/600097/华立科技/7.400	800	7.380	1000	7.370	2000	7.360	20000	7.350	2000	7.530	200	7.550	2014	7.750	2000	7.780	400	7.790	1000	/16842815//18685/2500/7.37/7.76//2008-9-18 9:32:35
60/600097/华立科技/7.410	500	7.400	1300	7.390	1400	7.380	2000	7.370	4400	7.530	200	7.550	2014	7.750	2000	7.780	400	7.790	1000	/16842815//18685/2500/7.37/7.76//2008-9-18 9:33:35
60/600097/华立科技/7.420	1000	7.410	500	7.390	1400	7.380	2200	7.370	4600	7.550	2014	7.750	2000	7.780	400	7.790	1000	7.800	2000	/16842815//16506/2200/7.53/7.76//2008-9-18 9:34:35
60/600097/华立科技/7.420	900	7.410	500	7.390	1400	7.380	2200	7.370	4600	7.550	2014	7.750	2000	7.780	400	7.790	1000	7.800	2000	/16842815//17248/2300/7.42/7.76//2008-9-18 9:35:35
60/600097/华立科技/7.410	400	7.390	1400	7.380	2200	7.370	4600	7.360	20000	7.530	1700	7.550	2014	7.730	3600	7.750	2000	7.780	400	/16842815//41986/5600/7.53/7.76//2008-9-18 9:36:36
60/600097/华立科技/7.420	500	7.410	400	7.390	1400	7.380	1200	7.370	4600	7.530	1700	7.550	2014	7.730	3600	7.750	2000	7.780	400	/16842815//41986/5600/7.53/7.76//2008-9-18 9:37:36
60/600097/华立科技/7.420	500	7.410	400	7.390	1400	7.380	1200	7.370	4600	7.530	2000	7.730	3600	7.750	2100	7.780	400	7.790	1000	/16842815//41986/5600/7.53/7.76//2008-9-18 9:38:36
60/600097/华立科技/7.410	400	7.400	500	7.390	1400	7.380	1200	7.370	4800	7.530	1900	7.730	3600	7.750	2100	7.770	500	7.780	400	/16842815//46449/6200/7.53/7.76//2008-9-18 9:39:36
60/600097/华立科技/7.410	400	7.400	500	7.390	2000	7.380	1200	7.370	14200	7.530	1900	7.730	3600	7.750	2100	7.770	500	7.780	400	/16842815//46449/6200/7.53/7.76//2008-9-18 9:40:36
60/600097/华立科技/7.410	400	7.400	1500	7.390	2000	7.380	1200	7.370	14200	7.520	400	7.530	1900	7.730	3600	7.750	2100	7.770	500	/16842815//46449/6200/7.53/7.76//2008-9-18 9:41:37
60/600097/华立科技/7.440	2800	7.410	2000	7.400	1500	7.390	600	7.380	1200	7.530	500	7.730	3600	7.750	2100	7.770	500	7.780	400	/16842815//59999/8000/7.53/7.76//2008-9-18 9:42:37
60/600097/华立科技/7.530	700	7.500	1000	7.440	2800	7.410	2000	7.400	1500	7.730	3600	7.750	2100	7.770	500	7.780	400	7.790	1000	/16842815//66776/8900/7.53/7.76//2008-9-18 9:43:37
60/600097/华立科技/7.500	600	7.410	2000	7.400	1500	7.390	600	7.380	1200	7.730	3600	7.750	2100	7.770	500	7.780	400	7.790	1000	/16842815//76577/10200/7.5/7.76//2008-9-18 9:44:37
60/600097/华立科技/7.420	800	7.410	2000	7.400	1700	7.390	600	7.380	1200	7.730	3600	7.750	2100	7.770	500	7.780	400	7.790	1000	/16842815//85577/11400/7.5/7.76//2008-9-18 9:45:37
60/600097/华立科技/7.500	2000	7.450	100	7.420	900	7.410	2000	7.400	1700	7.690	400	7.700	2000	7.730	3600	7.750	2100	7.770	500	/16842815//85577/11400/7.5/7.76//2008-9-18 9:46:38
60/600097/华立科技/7.500	2000	7.490	100	7.430	600	7.420	100	7.410	2000	7.690	300	7.700	2000	7.730	3600	7.750	2100	7.770	500	/16842815//81846/10900/7.69/7.76//2008-9-18 9:47:38
60/600097/华立科技/7.510	200	7.500	2000	7.450	14000	7.430	600	7.410	2000	7.690	300	7.750	2100	7.770	500	7.780	400	7.790	1000	/16842815//81846/10900/7.69/7.76//2008-9-18 9:48:38
60/600097/华立科技/7.610	200	7.510	200	7.500	2000	7.460	1400	7.450	14000	7.690	1300	7.750	2100	7.770	500	7.780	400	7.790	1000	/16842815//81846/10900/7.69/7.76//2008-9-18 9:49:39
60/600097/华立科技/7.610	200	7.510	200	7.500	2000	7.460	1400	7.450	14000	7.690	1500	7.750	2100	7.770	500	7.780	400	7.790	1000	/16842815//81846/10900/7.69/7.76//2008-9-18 9:50:39
60/600097/华立科技/7.610	200	7.510	200	7.500	2200	7.460	3400	7.450	14000	7.680	200	7.690	1500	7.750	2100	7.770	500	7.780	400	/16842815//81846/10900/7.69/7.76//2008-9-18 9:51:39
60/600097/华立科技/7.550	100	7.530	100	7.510	200	7.500	2200	7.460	3400	7.680	200	7.690	1500	7.750	2100	7.770	500	7.780	400	/16842815//81846/10900/7.69/7.76//2008-9-18 9:52:39
60/600097/华立科技/7.550	100	7.530	100	7.510	200	7.500	2200	7.460	1400	7.680	700	7.690	1500	7.750	2100	7.770	500	7.780	400	/16842815//81846/10900/7.69/7.76//2008-9-18 9:53:40
60/600097/华立科技/7.570	100	7.550	100	7.530	100	7.510	200	7.500	2200	7.680	800	7.690	3100	7.750	2100	7.770	500	7.780	400	/16842815//81846/10900/7.69/7.76//2008-9-18 9:54:40
60/600097/华立科技/7.570	100	7.550	100	7.530	100	7.510	200	7.500	2200	7.680	800	7.690	5600	7.700	200	7.750	2100	7.770	500	/16842815//81846/10900/7.69/7.76//2008-9-18 9:55:40
60/600097/华立科技/7.570	100	7.550	100	7.530	100	7.510	200	7.500	200	7.680	800	7.690	5600	7.700	200	7.750	2100	7.770	500	/16842815//81846/10900/7.69/7.76//2008-9-18 9:56:41
60/600097/华立科技/7.570	100	7.550	100	7.530	100	7.510	200	7.500	200	7.670	1000	7.680	800	7.690	5600	7.700	200	7.750	2100	/16842815//81846/10900/7.69/7.76//2008-9-18 9:57:41
60/600097/华立科技/7.550	400	7.530	100	7.510	200	7.500	200	7.460	1400	7.570	500	7.670	1000	7.680	800	7.690	2100	7.700	200	/16842815//87902/11700/7.57/7.76//2008-9-18 9:58:41
60/600097/华立科技/7.570	300	7.550	400	7.510	200	7.500	200	7.460	1400	7.670	1000	7.680	800	7.690	2100	7.700	200	7.750	2100	/16842815//87902/11700/7.57/7.76//2008-9-18 9:59:41
60/600097/华立科技/7.470	1000	7.460	1400	7.450	14000	7.430	600	7.410	2000	7.500	1600	7.670	1000	7.680	600	7.690	2100	7.700	200	/16842815//91657/12200/7.5/7.76//2008-9-18 10:0:42
60/600097/华立科技/7.470	1000	7.460	1400	7.450	14000	7.430	600	7.410	2000	7.500	600	7.670	1000	7.680	600	7.690	2100	7.700	200	/16842815//99157/13200/7.5/7.76//2008-9-18 10:1:42
60/600097/华立科技/7.470	1000	7.460	1400	7.450	14000	7.430	700	7.410	2000	7.500	600	7.660	10000	7.670	2800	7.680	600	7.690	2100	/16842815//99157/13200/7.5/7.5//2008-9-18 10:2:42
60/600097/华立科技/7.470	500	7.460	1400	7.450	14000	7.430	700	7.410	2000	7.500	600	7.660	10000	7.670	2800	7.680	2600	7.690	2100	/16842815//99157/13200/7.5/7.5//2008-9-18 10:3:42
60/600097/华立科技/7.460	1400	7.450	14000	7.430	1100	7.410	2000	7.380	1200	7.660	600	7.670	2800	7.680	2600	7.690	2100	7.700	200	/16842815//179396/23700/7.66/7.5//2008-9-18 10:4:43
60/600097/华立科技/7.460	1400	7.450	14000	7.430	1100	7.410	2000	7.400	1000	7.660	600	7.670	2800	7.680	2600	7.690	2100	7.700	200	/16842815//179396/23700/7.66/7.5//2008-9-18 10:5:43
60/600097/华立科技/7.460	1400	7.450	14000	7.430	1100	7.410	2000	7.400	1000	7.650	2900	7.660	600	7.670	2800	7.680	2600	7.690	2100	/16842815//179396/23700/7.66/7.5//2008-9-18 10:6:43
60/600097/华立科技/7.460	1400	7.450	14000	7.430	1100	7.410	2000	7.400	1000	7.650	2900	7.660	600	7.670	2800	7.680	2600	7.690	1100	/16842815//179396/23700/7.66/7.5//2008-9-18 10:7:44
60/600097/华立科技/7.460	400	7.450	14000	7.430	1100	7.410	2000	7.400	1000	7.640	700	7.650	2900	7.660	600	7.670	2800	7.680	2600	/16842815//186856/24700/7.46/7.5//2008-9-18 10:8:44
60/600097/华立科技/7.470	2100	7.460	1900	7.450	14000	7.430	1100	7.410	2000	7.630	1000	7.640	700	7.650	2900	7.660	600	7.670	2800	/16842815//186856/24700/7.46/7.5//2008-9-18 10:9:44
60/600097/华立科技/7.470	605	7.460	1900	7.450	14000	7.430	1100	7.410	2000	7.630	1000	7.640	1500	7.650	2900	7.660	600	7.670	2800	/16842815//198772/26295/7.47/7.5//2008-9-18 10:10:44
60/600097/华立科技/7.460	1900	7.450	14000	7.430	1100	7.420	1000	7.410	2000	7.470	395	7.620	8300	7.640	1500	7.650	2900	7.660	600	/16842815//207810/27505/7.47/7.5//2008-9-18 10:11:45
60/600097/华立科技/7.500	2605	7.470	1700	7.460	1900	7.450	14000	7.430	1100	7.620	8300	7.640	1500	7.650	2900	7.660	600	7.670	2800	/16842815//209192/27690/7.47/7.5//2008-9-18 10:12:45
60/600097/华立科技/7.520	100	7.500	2605	7.470	1600	7.460	1900	7.450	14000	7.620	8300	7.640	1500	7.650	2900	7.660	600	7.670	2800	/16842815//209192/27690/7.47/7.5//2008-9-18 10:13:45
60/600097/华立科技/7.500	2205	7.470	1700	7.460	1900	7.450	14000	7.430	1100	7.620	8300	7.640	1500	7.650	2900	7.660	600	7.670	2800	/16842815//213744/28295/7.5/7.5//2008-9-18 10:14:46
60/600097/华立科技/7.500	2205	7.470	1600	7.460	1900	7.450	14000	7.430	1100	7.620	8300	7.640	1500	7.650	2900	7.660	600	7.670	2800	/16842815//213744/28295/7.5/7.5//2008-9-18 10:15:46
60/600097/华立科技/7.500	1205	7.470	1600	7.460	1900	7.450	14000	7.430	1100	7.620	8300	7.640	1500	7.650	2900	7.660	600	7.670	2800	/16842815//228744/30295/7.5/7.5//2008-9-18 10:16:46
60/600097/华立科技/7.500	6205	7.470	2600	7.460	1900	7.450	14000	7.430	1100	7.610	1000	7.620	8300	7.640	1500	7.650	2900	7.660	800	/16842815//228744/30295/7.5/7.5//2008-9-18 10:17:47
60/600097/华立科技/7.500	6205	7.470	2600	7.460	1900	7.450	14000	7.430	1100	7.610	1000	7.620	8300	7.640	1500	7.650	2900	7.660	800	/16842815//228744/30295/7.5/7.5//2008-9-18 10:18:47
60/600097/华立科技/7.500	5205	7.470	2600	7.460	1900	7.450	14000	7.430	1100	7.610	1000	7.620	8300	7.640	1500	7.650	1000	7.660	4800	/16842815//228744/30295/7.5/7.5//2008-9-18 10:19:47
60/600097/华立科技/7.500	5205	7.470	2600	7.460	1900	7.450	14000	7.430	1100	7.610	1000	7.620	8300	7.640	1500	7.650	1000	7.660	4800	/16842815//228744/30295/7.5/7.5//2008-9-18 10:20:48
60/600097/华立科技/7.500	3205	7.470	2600	7.460	1900	7.450	14000	7.430	1100	7.610	1000	7.620	8300	7.640	1500	7.650	1000	7.660	4800	/16842815//243744/32295/7.5/7.5//2008-9-18 10:21:48
60/600097/华立科技/7.500	2905	7.470	2600	7.460	1900	7.450	14000	7.430	1100	7.610	1000	7.620	8300	7.640	1500	7.650	1000	7.660	4800	/16842815//245994/32595/7.5/7.5//2008-9-18 10:22:48
60/600097/华立科技/7.500	705	7.470	2600	7.460	1900	7.450	14000	7.430	1100	7.610	1000	7.620	8300	7.640	1500	7.650	1000	7.660	4800	/16842815//268494/35595/7.5/7.5//2008-9-18 10:23:48
60/600097/华立科技/7.470	2600	7.460	1900	7.450	14000	7.430	1100	7.420	1000	7.500	2295	7.610	1000	7.620	8300	7.640	1500	7.650	1000	/16842815//273781/36300/7.5/7.5//2008-9-18 10:24:49
60/600097/华立科技/7.470	2600	7.460	1900	7.450	14000	7.430	1100	7.420	1000	7.500	2295	7.610	1000	7.620	8300	7.640	1500	7.650	1000	/16842815//273781/36300/7.5/7.5//2008-9-18 10:25:49
60/600097/华立科技/7.470	2600	7.460	1900	7.450	14000	7.430	1100	7.420	1000	7.500	695	7.610	1000	7.620	8300	7.640	1500	7.650	1000	/16842815//285781/37900/7.5/7.5//2008-9-18 10:26:49
60/600097/华立科技/7.470	1905	7.460	2000	7.450	14000	7.430	1100	7.420	1000	7.600	4000	7.610	1000	7.620	8300	7.640	800	7.650	1000	/16842815//290973/38595/7.47/7.5//2008-9-18 10:27:50
60/600097/华立科技/7.470	1905	7.460	2200	7.450	14000	7.430	1100	7.420	1000	7.600	4300	7.610	1000	7.620	8300	7.640	800	7.650	1000	/16842815//290973/38595/7.47/7.5//2008-9-18 10:28:50
60/600097/华立科技/7.470	1905	7.460	2200	7.450	14000	7.430	1100	7.420	1000	7.600	4300	7.610	1000	7.620	8300	7.640	800	7.650	1000	/16842815//290973/38595/7.47/7.5//2008-9-18 10:29:50
60/600097/华立科技/7.430	1100	7.420	1000	7.410	2000	7.400	1100	7.380	1200	7.450	2095	7.600	4300	7.620	8300	7.640	800	7.650	1000	/16842815//425915/56700/7.45/7.5//2008-9-18 10:30:51
60/600097/华立科技/7.430	400	7.420	1000	7.410	2000	7.400	1100	7.380	1200	7.450	1195	7.600	4800	7.620	8300	7.640	800	7.650	1000	/16842815//437821/58300/7.45/7.5//2008-9-18 10:31:51
60/600097/华立科技/7.430	600	7.420	1000	7.410	2000	7.400	1100	7.380	1200	7.450	1195	7.500	600	7.600	4800	7.620	8300	7.640	800	/16842815//437821/58300/7.45/7.5//2008-9-18 10:32:51
60/600097/华立科技/7.400	100	7.380	1200	7.370	11400	7.360	20000	7.350	3200	7.430	100	7.450	1195	7.500	600	7.600	4800	7.620	8300	/16842815//480835/64100/7.43/7.5//2008-9-18 10:33:52
60/600097/华立科技/7.380	1700	7.370	11400	7.360	20000	7.350	3200	7.300	12000	7.400	1700	7.450	995	7.500	600	7.600	800	7.620	8300	/16842815//500115/66700/7.4/7.5//2008-9-18 10:34:52
60/600097/华立科技/7.380	700	7.370	11400	7.360	20000	7.350	3200	7.300	12000	7.400	2200	7.430	3000	7.450	995	7.500	4600	7.600	800	/16842815//507495/67700/7.38/7.5//2008-9-18 10:35:52
60/600097/华立科技/7.370	8200	7.360	20000	7.350	3200	7.300	12000	7.280	200	7.400	1300	7.430	3000	7.450	995	7.500	4600	7.600	800	/16842815//543644/72600/7.4/7.5//2008-9-18 10:36:53
60/600097/华立科技/7.370	10200	7.360	20000	7.350	3200	7.300	12000	7.280	200	7.400	300	7.430	3000	7.450	995	7.500	4600	7.600	800	/16842815//551044/73600/7.4/7.5//2008-9-18 10:37:53
60/600097/华立科技/7.400	500	7.380	1700	7.370	10200	7.360	20000	7.350	3000	7.430	3000	7.450	995	7.500	4600	7.600	800	7.620	8300	/16842815//553264/73900/7.4/7.5//2008-9-18 10:38:53
60/600097/华立科技/7.400	1000	7.380	1700	7.370	10200	7.350	3000	7.300	12000	7.430	3000	7.450	995	7.500	4600	7.600	800	7.640	800	/16842815//553264/73900/7.4/7.5//2008-9-18 10:39:54
60/600097/华立科技/7.400	800	7.380	1900	7.370	10200	7.350	3000	7.300	12000	7.430	2800	7.450	995	7.500	4600	7.600	800	7.640	800	/16842815//554750/74100/7.43/7.5//2008-9-18 10:40:54
60/600097/华立科技/7.400	1100	7.390	3700	7.380	1900	7.370	10200	7.350	3000	7.430	2800	7.450	995	7.500	4600	7.600	800	7.640	800	/16842815//556236/74300/7.43/7.5//2008-9-18 10:41:54
60/600097/华立科技/7.410	200	7.400	1100	7.390	3700	7.380	1900	7.370	15000	7.430	400	7.450	895	7.500	4600	7.600	800	7.640	800	/16842815//577785/77200/7.43/7.5//2008-9-18 10:42:55
60/600097/华立科技/7.400	1100	7.390	3700	7.380	1900	7.370	15000	7.350	3000	7.430	700	7.450	895	7.500	4600	7.600	800	7.640	800	/16842815//580757/77600/7.43/7.5//2008-9-18 10:43:55
60/600097/华立科技/7.370	8200	7.350	3000	7.300	12000	7.280	200	7.270	1800	7.400	12900	7.430	700	7.450	895	7.500	4600	7.600	800	/16842815//680378/91100/7.37/7.5//2008-9-18 10:44:56
60/600097/华立科技/7.300	12000	7.280	200	7.270	1800	7.200	2200	7.050	2000	7.350	1100	7.400	12900	7.430	700	7.500	4600	7.600	800	/16842815//845346/113500/7.35/7.5//2008-9-18 10:45:56
60/600097/华立科技/7.300	9600	7.270	1800	7.200	2200	7.050	2000	7.030	3500	7.340	1000	7.350	1100	7.400	13200	7.430	700	7.500	4600	/16842815//780382/104700/7.3/7.5//2008-9-18 10:46:56
60/600097/华立科技/7.300	4900	7.270	1800	7.200	2200	7.050	2000	7.030	3500	7.340	1000	7.350	1100	7.400	13200	7.430	3700	7.500	4600	/16842815//814692/109400/7.3/7.5//2008-9-18 10:47:57
60/600097/华立科技/7.300	1900	7.270	1800	7.200	2500	7.060	200	7.050	2000	7.350	100	7.390	1000	7.400	13200	7.430	3700	7.500	4600	/16842815//873182/117400/7.3/7.5//2008-9-18 10:48:57
60/600097/华立科技/7.300	900	7.270	1800	7.200	2500	7.060	200	7.050	2000	7.350	100	7.380	300	7.390	1000	7.400	13200	7.430	3700	/16842815//858582/115400/7.3/7.5//2008-9-18 10:49:57
60/600097/华立科技/7.200	2500	7.160	300	7.110	3000	7.060	200	7.050	2000	7.270	200	7.300	400	7.350	100	7.380	300	7.390	1000	/16842815//878238/118100/7.27/7.5//2008-9-18 10:50:58
60/600097/华立科技/7.200	1500	7.160	300	7.110	3000	7.070	300	7.060	200	7.270	200	7.350	100	7.380	300	7.390	1000	7.400	12900	/16842815//881838/118600/7.2/7.5//2008-9-18 10:51:58
60/600097/华立科技/7.210	1000	7.200	1500	7.160	300	7.130	900	7.110	3000	7.270	300	7.350	100	7.380	300	7.390	1000	7.400	13700	/16842815//889060/119600/7.21/7.5//2008-9-18 10:52:58
60/600097/华立科技/7.220	2400	7.210	1000	7.200	1500	7.160	300	7.130	900	7.270	300	7.350	100	7.380	300	7.390	1000	7.400	13700	/16842815//889060/119600/7.21/7.5//2008-9-18 10:53:59
60/600097/华立科技/7.230	300	7.220	1400	7.210	1000	7.200	1500	7.160	300	7.270	300	7.350	100	7.380	300	7.390	1000	7.400	13700	/16842815//896280/120600/7.22/7.5//2008-9-18 10:54:59
60/600097/华立科技/7.230	600	7.220	1400	7.210	1000	7.200	1500	7.160	300	7.270	300	7.350	100	7.380	501	7.390	1000	7.400	13700	/16842815//896280/120600/7.22/7.5//2008-9-18 10:56:0
60/600097/华立科技/7.240	5000	7.230	600	7.220	1400	7.210	1000	7.200	1500	7.270	300	7.350	100	7.380	501	7.390	1000	7.400	13700	/16842815//896280/120600/7.22/7.5//2008-9-18 10:57:0
60/600097/华立科技/7.270	1000	7.240	5000	7.230	600	7.220	1400	7.200	1500	7.350	100	7.380	501	7.400	13700	7.430	3700	7.490	3000	/16842815//896280/120600/7.22/7.5//2008-9-18 10:58:0
60/600097/华立科技/7.230	200	7.220	1400	7.200	1600	7.160	300	7.110	3000	7.350	100	7.380	501	7.400	13700	7.430	3700	7.470	4000	/16842815//948441/127800/7.23/7.5//2008-9-18 10:59:1
60/600097/华立科技/7.220	1400	7.200	1600	7.160	300	7.110	3000	7.100	700	7.300	3000	7.380	3496	7.400	13700	7.430	3700	7.470	4000	/16842815//973615/131200/7.38/7.5//2008-9-18 11:0:1
60/600097/华立科技/7.220	1400	7.200	1600	7.160	300	7.110	3000	7.100	700	7.380	3996	7.400	13700	7.430	3700	7.470	4000	7.480	3000	/16842815//995515/134200/7.3/7.5//2008-9-18 11:1:2
60/600097/华立科技/7.220	1400	7.200	1600	7.160	300	7.110	3000	7.100	700	7.370	1200	7.380	3996	7.400	13700	7.430	3700	7.470	4000	/16842815//995515/134200/7.3/7.5//2008-9-18 11:2:2
60/600097/华立科技/7.220	2200	7.200	1500	7.160	300	7.110	3000	7.100	700	7.300	4800	7.360	5500	7.370	1200	7.380	4296	7.400	13700	/16842815//1000609/134900/7.22/7.5//2008-9-18 11:3:2
60/600097/华立科技/7.220	1200	7.200	11500	7.160	300	7.110	3000	7.100	700	7.300	4800	7.370	1200	7.380	4296	7.400	13700	7.430	3700	/16842815//1007829/135900/7.22/7.5//2008-9-18 11:4:3
60/600097/华立科技/7.220	1200	7.200	11500	7.160	300	7.110	3000	7.100	700	7.300	4800	7.370	1200	7.380	4296	7.400	13700	7.430	3700	/16842815//1015049/136900/7.22/7.5//2008-9-18 11:5:3
60/600097/华立科技/7.240	400	7.220	1200	7.210	2000	7.200	11500	7.160	300	7.300	4800	7.370	1200	7.380	4296	7.400	13700	7.420	5000	/16842815//1015049/136900/7.22/7.5//2008-9-18 11:6:4
60/600097/华立科技/7.200	10800	7.170	200	7.160	300	7.110	3000	7.100	700	7.300	4000	7.370	1200	7.380	3796	7.400	13700	7.420	5000	/16842815//1060588/143200/7.2/7.5//2008-9-18 11:7:4
60/600097/华立科技/7.210	2000	7.200	10800	7.170	200	7.160	300	7.110	3000	7.290	700	7.300	4000	7.370	1200	7.380	4096	7.400	13700	/16842815//1060588/143200/7.2/7.5//2008-9-18 11:8:4
60/600097/华立科技/7.220	200	7.210	2000	7.200	10800	7.170	200	7.160	300	7.300	3200	7.370	1200	7.380	4096	7.400	13700	7.420	5000	/16842815//1072991/144900/7.3/7.5//2008-9-18 11:9:5
60/600097/华立科技/7.220	300	7.210	2000	7.200	10800	7.170	200	7.160	300	7.300	3900	7.370	1200	7.380	4096	7.400	13700	7.420	5000	/16842815//1072991/144900/7.3/7.5//2008-9-18 11:10:5
60/600097/华立科技/7.220	1500	7.210	2000	7.200	10800	7.170	200	7.160	300	7.280	100	7.300	5900	7.370	1200	7.380	4096	7.400	13700	/16842815//1073713/145000/7.22/7.5//2008-9-18 11:11:6
60/600097/华立科技/7.220	2600	7.210	2000	7.200	10800	7.170	200	7.160	300	7.300	5900	7.370	1200	7.380	4096	7.400	13700	7.420	5000	/16842815//1073713/145000/7.22/7.5//2008-9-18 11:12:6
60/600097/华立科技/7.220	2600	7.210	2000	7.200	10800	7.170	200	7.160	300	7.300	5900	7.370	1200	7.380	4096	7.400	13700	7.420	5000	/16842815//1073713/145000/7.22/7.5//2008-9-18 11:13:7
60/600097/华立科技/7.220	1700	7.210	2000	7.200	10800	7.170	200	7.160	300	7.300	10000	7.370	1200	7.380	4096	7.400	13700	7.420	5000	/16842815//1078045/145600/7.22/7.5//2008-9-18 11:14:7
60/600097/华立科技/7.220	1700	7.210	2000	7.200	10800	7.170	200	7.160	300	7.300	10000	7.370	1200	7.380	4096	7.400	12900	7.420	5000	/16842815//1078045/145600/7.22/7.5//2008-9-18 11:15:7
60/600097/华立科技/7.220	900	7.210	2000	7.200	10800	7.170	200	7.160	300	7.300	10800	7.370	1200	7.380	4096	7.400	12900	7.420	5000	/16842815//1083821/146400/7.22/7.5//2008-9-18 11:16:8
60/600097/华立科技/7.230	2000	7.220	2000	7.210	900	7.200	10800	7.170	200	7.300	10800	7.370	1200	7.380	4096	7.390	3900	7.400	20200	/16842815//1098250/148400/7.21/7.5//2008-9-18 11:17:8
60/600097/华立科技/7.240	200	7.230	1900	7.220	2000	7.210	900	7.200	10800	7.290	1000	7.300	10800	7.370	1200	7.380	4096	7.390	3900	/16842815//1098973/148500/7.23/7.5//2008-9-18 11:18:9
60/600097/华立科技/7.230	1600	7.220	2000	7.210	900	7.200	10800	7.170	200	7.290	1000	7.300	10800	7.370	1200	7.380	4096	7.390	3900	/16842815//1102590/149000/7.23/7.5//2008-9-18 11:19:9
60/600097/华立科技/7.230	600	7.210	900	7.200	10800	7.170	200	7.160	300	7.290	1000	7.300	10800	7.370	1200	7.380	4096	7.390	3900	/16842815//1109820/150000/7.23/7.5//2008-9-18 11:20:10
60/600097/华立科技/7.230	600	7.210	900	7.200	10800	7.170	200	7.160	300	7.290	1000	7.300	10800	7.370	1200	7.380	4096	7.390	3900	/16842815//1109820/150000/7.23/7.5//2008-9-18 11:21:10
60/600097/华立科技/7.230	900	7.210	900	7.200	10800	7.170	200	7.160	300	7.290	1000	7.300	10800	7.370	1200	7.380	4096	7.390	3900	/16842815//1111266/150200/7.23/7.5//2008-9-18 11:22:10
60/600097/华立科技/7.230	900	7.210	900	7.200	10800	7.170	200	7.160	300	7.290	1000	7.300	10800	7.370	1200	7.380	4096	7.390	3900	/16842815//1111266/150200/7.23/7.5//2008-9-18 11:23:11
60/600097/华立科技/7.210	900	7.200	10800	7.170	200	7.160	300	7.130	300	7.230	3500	7.290	1000	7.300	10800	7.370	1200	7.380	4096	/16842815//1119219/151300/7.23/7.5//2008-9-18 11:24:11
60/600097/华立科技/7.210	900	7.200	800	7.170	2000	7.160	300	7.130	300	7.230	2500	7.290	1000	7.300	10800	7.370	1200	7.380	4096	/16842815//1119219/151300/7.23/7.5//2008-9-18 11:25:12
60/600097/华立科技/7.160	300	7.130	300	7.120	2000	7.110	3000	7.100	700	7.170	2200	7.210	100	7.230	2500	7.290	1000	7.300	10800	/16842815//1145808/155000/7.17/7.5//2008-9-18 11:26:12
60/600097/华立科技/7.170	200	7.130	300	7.120	2000	7.110	3000	7.100	700	7.210	1100	7.230	2500	7.290	1000	7.300	10800	7.370	1200	/16842815//1163730/157500/7.17/7.5//2008-9-18 11:27:13
60/600097/华立科技/7.170	200	7.130	300	7.120	2000	7.110	3000	7.100	700	7.210	1100	7.230	2500	7.290	1000	7.300	10800	7.370	1200	/16842815//1163730/157500/7.17/7.5//2008-9-18 11:28:13
60/600097/华立科技/7.170	200	7.150	100	7.130	300	7.120	2000	7.110	3000	7.210	1100	7.230	2500	7.290	1000	7.300	10800	7.370	1200	/16842815//1163730/157500/7.17/7.5//2008-9-18 11:29:14
60/600097/华立科技/7.170	200	7.150	100	7.130	300	7.120	2000	7.110	3000	7.210	1100	7.230	2500	7.290	1000	7.300	10800	7.370	1200	/16842815//1163730/157500/7.17/7.5//2008-9-18 11:30:14
60/600097/华立科技/7.170	200	7.150	100	7.130	300	7.120	2000	7.110	3000	7.210	1100	7.230	2500	7.290	1000	7.300	10800	7.370	1200	/16842815//1163730/157500/7.17/7.5//2008-9-18 11:31:15
60/600097/华立科技/7.160	2000	7.120	2000	7.110	3000	7.100	700	7.080	100	7.170	1900	7.190	300	7.200	2000	7.210	1100	7.290	4000	/16842815//1180946/159900/7.19/7.5//2008-9-18 13:1:15
60/600097/华立科技/7.120	2000	7.110	3000	7.100	700	7.080	100	7.070	300	7.150	500	7.170	1900	7.190	2300	7.200	2000	7.210	1100	/16842815//1193808/161700/7.15/7.5//2008-9-18 13:2:16
60/600097/华立科技/7.100	700	7.080	100	7.070	300	7.050	2000	7.030	3500	7.150	5200	7.170	1900	7.190	300	7.200	2000	7.210	1100	/16842815//1219428/165300/7.11/7.5//2008-9-18 13:3:16
60/600097/华立科技/7.100	700	7.080	100	7.070	300	7.060	2000	7.050	2000	7.150	5200	7.170	1900	7.190	300	7.200	2000	7.210	1100	/16842815//1219428/165300/7.11/7.5//2008-9-18 13:4:17
60/600097/华立科技/7.100	700	7.080	100	7.070	300	7.060	2000	7.050	2000	7.150	5900	7.170	1900	7.190	300	7.200	2000	7.210	1100	/16842815//1219428/165300/7.11/7.5//2008-9-18 13:5:17
60/600097/华立科技/7.100	200	7.080	100	7.070	300	7.060	2000	7.050	2000	7.150	5900	7.170	1900	7.190	300	7.200	2000	7.210	1100	/16842815//1222978/165800/7.1/7.5//2008-9-18 13:6:18
60/600097/华立科技/7.190	300	7.150	100	7.100	200	7.080	100	7.070	300	7.200	2000	7.210	1100	7.290	4000	7.300	8900	7.370	1200	/16842815//1280943/173900/7.19/7.5//2008-9-18 13:7:18
60/600097/华立科技/7.150	1100	7.100	1200	7.080	100	7.070	300	7.060	2000	7.190	544	7.200	2000	7.210	1100	7.290	4000	7.300	8900	/16842815//1283100/174200/7.19/7.5//2008-9-18 13:8:19
60/600097/华立科技/7.100	1200	7.080	100	7.070	300	7.060	2000	7.050	2000	7.190	11145	7.200	2000	7.210	1100	7.290	4000	7.300	8900	/16842815//1290965/175300/7.15/7.5//2008-9-18 13:9:19
60/600097/华立科技/7.100	200	7.080	100	7.070	300	7.060	2000	7.050	2000	7.190	11445	7.200	2000	7.210	1100	7.290	4000	7.300	8900	/16842815//1298065/176300/7.1/7.5//2008-9-18 13:10:20
60/600097/华立科技/7.080	5100	7.070	300	7.060	2000	7.050	2000	7.030	3500	7.100	1600	7.180	400	7.190	10945	7.200	2000	7.210	1100	/16842815//1300905/176700/7.1/7.5//2008-9-18 13:11:20
60/600097/华立科技/7.070	300	7.060	2000	7.050	2000	7.030	3500	7.020	10000	7.080	6196	7.100	1600	7.190	10945	7.200	2000	7.210	1100	/16842815//1352589/184000/7.08/7.5//2008-9-18 13:12:21
60/600097/华立科技/7.070	300	7.060	2000	7.050	2000	7.030	3500	7.020	10000	7.080	4296	7.100	1600	7.190	10945	7.200	2000	7.210	1100	/16842815//1369576/186400/7.07/7.5//2008-9-18 13:13:21
60/600097/华立科技/7.080	2154	7.070	300	7.060	2000	7.050	2000	7.030	3500	7.100	1600	7.190	10945	7.200	2000	7.210	1100	7.290	4000	/16842815//1403178/191146/7.08/7.5//2008-9-18 13:14:22
60/600097/华立科技/7.080	154	7.070	300	7.060	2000	7.050	2000	7.030	3500	7.100	9400	7.180	500	7.190	10945	7.200	2000	7.210	1100	/16842815//1440048/196346/7.1/7.5//2008-9-18 13:15:22
60/600097/华立科技/7.080	154	7.070	300	7.060	2000	7.050	2000	7.030	3500	7.090	1000	7.100	12600	7.180	500	7.190	10945	7.200	2000	/16842815//1440048/196346/7.1/7.5//2008-9-18 13:16:23
60/600097/华立科技/7.080	154	7.070	300	7.060	2000	7.050	2000	7.030	3500	7.090	800	7.100	12600	7.180	500	7.190	10945	7.200	2000	/16842815//1441466/196546/7.09/7.5//2008-9-18 13:17:23
60/600097/华立科技/7.070	300	7.060	2000	7.050	2000	7.030	1000	7.020	10000	7.080	46	7.090	800	7.100	12600	7.180	500	7.190	544	/16842815//1449636/197700/7.08/7.5//2008-9-18 13:18:24
60/600097/华立科技/7.050	454	7.030	1000	7.020	10000	7.010	10200	7.000	30000	7.060	2200	7.100	13300	7.180	500	7.190	544	7.200	2000	/16842815//1484574/202646/7.08/7.5//2008-9-18 13:19:24
60/600097/华立科技/7.030	1000	7.020	10000	7.010	10200	7.000	30000	6.990	10000	7.050	4346	7.060	2200	7.100	13300	7.180	500	7.190	544	/16842815//1489185/203300/7.05/7.5//2008-9-18 13:20:25
60/600097/华立科技/7.020	10000	7.010	10200	7.000	52500	6.990	10000	6.980	1200	7.030	4600	7.050	4346	7.060	2200	7.100	13300	7.180	500	/16842815//1502542/205200/7.03/7.5//2008-9-18 13:21:25
60/600097/华立科技/6.980	1200	0.000	0	0.000	0	0.000	0	0.000	0	6.990	1000	7.000	6000	7.030	700	7.050	3346	7.060	2200	/16842815//2118161/293100/6.99/7.5//2008-9-18 13:22:26
60/600097/华立科技/6.980	3000	0.000	0	0.000	0	0.000	0	0.000	0	7.030	700	7.050	3346	7.060	2200	7.100	12600	7.180	500	/16842815//2135651/295600/7.0/7.5//2008-9-18 13:23:26
60/600097/华立科技/6.990	500	6.980	7000	0.000	0	0.000	0	0.000	0	7.030	700	7.050	3346	7.100	12600	7.180	500	7.190	544	/16842815//2135651/295600/7.0/7.5//2008-9-18 13:24:27
60/600097/华立科技/7.030	1500	7.000	2000	6.990	500	6.980	10800	0.000	0	7.050	3046	7.100	12600	7.180	500	7.190	544	7.200	2000	/16842815//2142687/296600/7.05/7.5//2008-9-18 13:25:27
60/600097/华立科技/7.030	1200	7.000	2000	6.990	500	6.980	10500	0.000	0	7.050	446	7.100	12600	7.180	500	7.190	544	7.200	2000	/16842815//2161017/299200/7.05/7.5//2008-9-18 13:26:28
60/600097/华立科技/7.050	554	7.030	1200	7.000	2000	6.990	500	6.980	10500	7.090	1000	7.100	12600	7.190	544	7.200	2000	7.210	1100	/16842815//2164161/299646/7.05/7.5//2008-9-18 13:27:28
60/600097/华立科技/7.050	554	7.030	1200	7.000	2300	6.990	500	6.980	10500	7.090	100	7.100	12600	7.200	2000	7.210	1100	7.290	4000	/16842815//2181177/302046/7.09/7.5//2008-9-18 13:28:29
60/600097/华立科技/7.050	554	7.030	1200	7.000	2300	6.990	500	6.980	10500	7.090	1400	7.100	12600	7.190	1000	7.200	2000	7.210	1100	/16842815//2181177/302046/7.09/7.5//2008-9-18 13:29:29
60/600097/华立科技/7.060	600	7.050	554	7.030	1200	7.000	2300	6.990	2500	7.090	1100	7.100	13300	7.190	1000	7.200	2000	7.210	1100	/16842815//2181177/302046/7.09/7.5//2008-9-18 13:30:30
60/600097/华立科技/7.090	200	7.060	600	7.050	554	7.030	1200	7.000	2000	7.100	13300	7.190	1000	7.200	2200	7.210	1100	7.290	4000	/16842815//2188976/303146/7.09/7.5//2008-9-18 13:31:30
60/600097/华立科技/7.060	600	7.050	954	7.030	1200	7.000	2000	6.990	2500	7.090	1800	7.100	13300	7.190	1000	7.200	2200	7.210	1100	/16842815//2190394/303346/7.09/7.5//2008-9-18 13:32:31
60/600097/华立科技/7.060	600	7.050	954	7.030	1200	7.010	15300	7.000	2000	7.100	13300	7.190	1000	7.200	2200	7.210	100	7.290	4000	/16842815//2190394/303346/7.09/7.5//2008-9-18 13:33:31
60/600097/华立科技/7.060	100	7.050	554	7.030	1200	7.010	15300	7.000	2000	7.100	13300	7.190	1000	7.200	2200	7.210	100	7.290	4000	/16842815//2227830/308646/7.06/7.5//2008-9-18 13:34:32
60/600097/华立科技/7.060	200	7.050	554	7.030	1600	7.020	2000	7.010	300	7.100	13300	7.190	1000	7.200	2200	7.210	100	7.290	4000	/16842815//2227830/308646/7.06/7.5//2008-9-18 13:35:32
60/600097/华立科技/7.110	2200	7.100	6200	7.070	600	7.060	200	7.050	554	7.190	1000	7.200	2200	7.210	100	7.290	4000	7.300	8200	/16842815//2299540/318746/7.1/7.5//2008-9-18 13:36:33
60/600097/华立科技/7.120	100	7.110	2200	7.100	9100	7.070	600	7.060	100	7.180	800	7.190	3000	7.200	2200	7.210	100	7.290	4000	/16842815//2299540/318746/7.1/7.5//2008-9-18 13:37:34
60/600097/华立科技/7.130	3000	7.120	100	7.110	2200	7.100	9100	7.070	600	7.160	2000	7.180	800	7.190	3000	7.200	2200	7.210	100	/16842815//2299540/318746/7.1/7.5//2008-9-18 13:38:34
60/600097/华立科技/7.160	1000	7.130	100	7.110	2200	7.100	9100	7.070	600	7.190	3000	7.200	2200	7.210	100	7.290	4000	7.300	8200	/16842815//2342411/324746/7.16/7.5//2008-9-18 13:39:35
60/600097/华立科技/7.130	100	7.110	2200	7.100	9100	7.070	600	7.060	100	7.160	7000	7.190	3000	7.200	2200	7.210	100	7.290	4000	/16842815//2342411/324746/7.16/7.5//2008-9-18 13:40:35
60/600097/华立科技/7.110	300	7.100	9100	7.070	600	7.060	100	7.050	554	7.150	746	7.160	5600	7.190	3000	7.200	2200	7.210	100	/16842815//2366657/328146/7.11/7.5//2008-9-18 13:41:36
60/600097/华立科技/7.110	500	7.070	600	7.060	100	7.050	554	7.020	1200	7.150	1746	7.160	4600	7.190	3000	7.200	2200	7.210	100	/16842815//2473160/343146/7.1/7.5//2008-9-18 13:42:36
60/600097/华立科技/7.080	2700	7.070	600	7.060	100	7.050	554	7.030	400	7.140	1800	7.150	1446	7.160	4600	7.190	3000	7.200	2200	/16842815//2480270/344146/7.11/7.5//2008-9-18 13:43:37
60/600097/华立科技/7.160	3954	7.140	1000	7.080	2700	7.070	1600	7.060	100	7.190	3000	7.200	2200	7.210	100	7.290	4000	7.300	4100	/16842815//2519990/349692/7.16/7.5//2008-9-18 13:44:37
60/600097/华立科技/7.210	800	7.200	2800	7.190	1000	7.160	3954	7.140	1000	7.290	4000	7.300	4100	7.370	1200	7.380	300	7.390	3900	/16842815//2543741/352992/7.21/7.5//2008-9-18 13:45:38
60/600097/华立科技/7.210	1000	7.200	600	7.140	1000	7.110	100	7.080	2700	7.280	100	7.290	1300	7.300	4100	7.370	1200	7.380	300	/16842815//2578470/357792/7.29/7.5//2008-9-18 13:46:39
60/600097/华立科技/7.230	3000	7.210	200	7.200	600	7.140	1000	7.110	100	7.280	4600	7.300	5300	7.370	1200	7.380	300	7.390	4900	/16842815//2594430/359992/7.28/7.5//2008-9-18 13:47:39
60/600097/华立科技/7.200	600	7.140	1000	7.110	100	7.080	2700	7.070	1000	7.230	3800	7.270	1800	7.280	2500	7.290	2000	7.300	5300	/16842815//2612470/362492/7.23/7.5//2008-9-18 13:48:40
60/600097/华立科技/7.140	1000	7.110	100	7.080	2700	7.070	1000	7.060	100	7.200	2000	7.230	2800	7.280	2500	7.290	2000	7.300	5300	/16842815//2632660/365292/7.2/7.5//2008-9-18 13:49:40
60/600097/华立科技/7.110	100	7.080	2700	7.070	1000	7.060	1300	7.030	3100	7.130	1600	7.140	8201	7.200	2300	7.230	2800	7.280	2500	/16842815//2644048/366892/7.14/7.5//2008-9-18 13:50:41
60/600097/华立科技/7.100	100	7.090	1700	7.080	2700	7.070	1000	7.060	900	7.130	1200	7.190	2000	7.200	2300	7.230	2800	7.280	2500	/16842815//2646900/367292/7.13/7.5//2008-9-18 13:51:41
60/600097/华立科技/7.100	2100	7.090	1700	7.080	2700	7.070	1000	7.060	900	7.130	1200	7.190	2000	7.200	2300	7.230	2800	7.280	2500	/16842815//2649752/367692/7.13/7.5//2008-9-18 13:52:42
60/600097/华立科技/7.100	2100	7.090	1700	7.080	2700	7.070	1000	7.060	900	7.130	1200	7.190	2000	7.200	2300	7.230	2800	7.280	2500	/16842815//2649752/367692/7.13/7.5//2008-9-18 13:53:42
60/600097/华立科技/7.130	1000	7.100	2100	7.080	2700	7.070	1000	7.060	900	7.190	2000	7.200	2300	7.230	2800	7.280	2500	7.290	2000	/16842815//2655456/368492/7.13/7.5//2008-9-18 13:54:43
60/600097/华立科技/7.100	2100	7.080	2700	7.070	1000	7.060	900	7.040	700	7.180	2000	7.190	2000	7.200	2300	7.230	2800	7.280	2500	/16842815//2662586/369492/7.13/7.5//2008-9-18 13:55:44
60/600097/华立科技/7.100	2100	7.080	2700	7.070	1000	7.060	900	7.040	700	7.180	2000	7.190	2000	7.200	2300	7.230	2800	7.280	2500	/16842815//2662586/369492/7.13/7.5//2008-9-18 13:56:44
60/600097/华立科技/7.110	1000	7.100	2100	7.080	2700	7.070	1000	7.060	900	7.180	2000	7.190	2000	7.200	2300	7.230	2800	7.280	2500	/16842815//2662586/369492/7.13/7.5//2008-9-18 13:57:45
60/600097/华立科技/7.120	2100	7.110	1000	7.100	2100	7.080	2700	7.070	1000	7.180	2000	7.190	2000	7.200	2300	7.230	2800	7.280	2500	/16842815//2662586/369492/7.13/7.5//2008-9-18 13:58:45
60/600097/华立科技/7.130	1000	7.120	2100	7.100	2100	7.080	2700	7.070	1000	7.190	12000	7.200	2300	7.230	2800	7.280	2500	7.290	2000	/16842815//2691306/373492/7.18/7.5//2008-9-18 13:59:46
60/600097/华立科技/7.130	1000	7.120	2100	7.100	2100	7.080	2700	7.070	1000	7.180	1500	7.190	12000	7.200	2300	7.230	2800	7.280	2500	/16842815//2691306/373492/7.18/7.5//2008-9-18 14:0:47
60/600097/华立科技/7.120	2100	7.100	2100	7.080	2700	7.070	1000	7.060	900	7.180	1000	7.190	12000	7.200	2300	7.230	2800	7.280	2500	/16842815//2684126/372492/7.18/7.5//2008-9-18 14:1:47
60/600097/华立科技/7.120	2100	7.100	2000	7.080	2700	7.070	1000	7.060	900	7.180	1000	7.190	12000	7.200	2300	7.230	2800	7.280	2500	/16842815//2684126/372492/7.18/7.5//2008-9-18 14:2:48
60/600097/华立科技/7.120	1700	7.100	2000	7.080	1200	7.070	1000	7.060	900	7.180	1500	7.190	11500	7.200	2000	7.230	2800	7.280	2500	/16842815//2697037/374292/7.12/7.5//2008-9-18 14:3:48
60/600097/华立科技/7.130	300	7.120	1700	7.110	1700	7.100	2000	7.080	1200	7.180	1500	7.190	11500	7.200	2000	7.230	2800	7.280	2500	/16842815//2697037/374292/7.12/7.5//2008-9-18 14:4:49
60/600097/华立科技/7.130	300	7.120	1700	7.110	1700	7.100	12000	7.080	1200	7.180	1500	7.190	11500	7.200	2000	7.230	2800	7.280	2500	/16842815//2697037/374292/7.12/7.5//2008-9-18 14:5:50
60/600097/华立科技/7.130	300	7.120	1700	7.110	1700	7.100	12000	7.080	1200	7.180	1500	7.190	11500	7.200	2000	7.230	2800	7.280	2500	/16842815//2697037/374292/7.12/7.5//2008-9-18 14:6:50
60/600097/华立科技/7.130	300	7.120	1700	7.110	1700	7.100	12000	7.080	1200	7.190	11500	7.200	2000	7.230	2800	7.280	2500	7.290	1000	/16842815//2707807/375792/7.18/7.5//2008-9-18 14:7:51
60/600097/华立科技/7.130	300	7.120	1700	7.110	1700	7.100	12000	7.080	1200	7.190	3600	7.200	2000	7.230	2000	7.280	2500	7.290	1000	/16842815//2802695/388992/7.19/7.5//2008-9-18 14:8:51
60/600097/华立科技/7.200	4300	7.190	1800	7.140	2900	7.130	300	7.120	1700	7.230	500	7.280	2500	7.290	1000	7.300	4100	7.370	1200	/16842815//2830097/392792/7.23/7.5//2008-9-18 14:9:52
60/600097/华立科技/7.200	1800	7.190	3500	7.140	2900	7.130	300	7.110	1700	7.280	2500	7.300	4100	7.370	1200	7.380	300	7.390	4900	/16842815//2835152/393492/7.2/7.5//2008-9-18 14:10:53
60/600097/华立科技/7.200	18700	7.190	3500	7.140	2900	7.130	300	7.110	1700	7.270	2000	7.280	2500	7.300	4100	7.370	1200	7.380	300	/16842815//2835152/393492/7.2/7.5//2008-9-18 14:11:53
60/600097/华立科技/7.270	200	7.210	300	7.200	2800	7.190	3500	7.140	2900	7.280	1500	7.300	4100	7.370	1200	7.380	300	7.390	4900	/16842815//2856972/396492/7.28/7.5//2008-9-18 14:12:54
60/600097/华立科技/7.280	3500	7.210	3700	7.200	2800	7.190	3500	7.130	300	7.300	3900	7.370	1200	7.380	300	7.390	4900	7.400	13600	/16842815//2869352/398192/7.3/7.5//2008-9-18 14:13:55
60/600097/华立科技/7.300	400	7.280	3500	7.220	800	7.210	3700	7.200	2800	7.350	2800	7.360	2000	7.370	1200	7.380	300	7.390	4900	/16842815//2932862/406892/7.3/7.5//2008-9-18 14:14:55
60/600097/华立科技/7.300	400	7.280	3500	7.220	800	7.210	3700	7.200	2800	7.350	2800	7.360	2000	7.370	1200	7.380	300	7.390	4900	/16842815//2932862/406892/7.3/7.5//2008-9-18 14:15:56
60/600097/华立科技/7.300	400	7.280	3500	7.210	3700	7.200	2800	7.190	3500	7.340	2000	7.350	2800	7.360	2000	7.370	1200	7.380	300	/16842815//2932862/406892/7.3/7.5//2008-9-18 14:16:56
60/600097/华立科技/7.280	3500	7.210	3700	7.200	2800	7.190	3500	7.150	500	7.300	400	7.320	1000	7.350	2800	7.370	1200	7.380	300	/16842815//2918262/404892/7.3/7.5//2008-9-18 14:17:57
60/600097/华立科技/7.300	1600	7.280	5500	7.210	3700	7.200	1800	7.190	3500	7.320	1000	7.340	1000	7.350	2800	7.370	1200	7.380	300	/16842815//2924102/405692/7.3/7.5//2008-9-18 14:18:58
60/600097/华立科技/7.350	8300	7.320	500	7.300	1600	7.280	2000	7.220	1700	7.370	1200	7.380	300	7.390	4900	7.400	13600	7.420	5000	/16842815//2956422/410092/7.35/7.5//2008-9-18 14:19:58
60/600097/华立科技/7.390	800	7.380	1300	7.370	3000	7.360	2800	7.350	500	7.400	13600	7.420	5000	7.430	3700	7.470	4000	7.480	3200	/16842815//3019919/418692/7.39/7.5//2008-9-18 14:20:59
60/600097/华立科技/7.380	1300	7.360	2800	7.320	500	7.300	1800	7.280	2000	7.400	6800	7.420	5000	7.430	3700	7.470	4000	7.480	3200	/16842815//3081324/426992/7.4/7.5//2008-9-18 14:22:0
60/600097/华立科技/7.400	800	7.380	1300	7.360	2800	7.320	500	7.300	1800	7.420	5000	7.430	3700	7.470	4000	7.480	3200	7.490	3000	/16842815//3131644/433792/7.4/7.5//2008-9-18 14:23:0
60/600097/华立科技/7.400	2650	7.380	1300	7.360	2800	7.350	2900	7.320	500	7.420	5000	7.430	3700	7.470	4000	7.480	3200	7.490	3000	/16842815//3146814/435842/7.4/7.5//2008-9-18 14:24:1
60/600097/华立科技/7.400	2250	7.380	300	7.360	2800	7.350	2900	7.320	500	7.420	5000	7.430	3700	7.470	4000	7.480	3200	7.490	3000	/16842815//3207484/444042/7.4/7.5//2008-9-18 14:25:2
60/600097/华立科技/7.400	700	7.380	300	7.360	2800	7.350	2900	7.320	500	7.410	900	7.420	5000	7.430	3700	7.470	4000	7.480	3200	/16842815//3215635/445142/7.41/7.5//2008-9-18 14:26:2
60/600097/华立科技/7.320	500	7.300	1800	7.220	1700	7.210	800	7.200	200	7.350	800	7.380	2000	7.400	2500	7.410	900	7.420	5000	/16842815//3309089/457842/7.35/7.5//2008-9-18 14:27:3
60/600097/华立科技/7.230	2000	7.220	1700	7.210	800	7.200	200	7.190	1800	7.300	200	7.320	3500	7.350	800	7.380	2000	7.400	2500	/16842815//3272272/452842/7.32/7.5//2008-9-18 14:28:4
60/600097/华立科技/7.250	900	7.230	2800	7.220	1700	7.210	800	7.200	500	7.310	200	7.320	3500	7.350	800	7.380	2000	7.400	2500	/16842815//3271532/452742/7.3/7.5//2008-9-18 14:29:4
60/600097/华立科技/7.250	600	7.240	800	7.230	2800	7.220	1700	7.210	800	7.310	200	7.320	4000	7.350	800	7.380	2000	7.400	2500	/16842815//3272247/452842/7.25/7.5//2008-9-18 14:30:5
60/600097/华立科技/7.250	600	7.240	800	7.220	1700	7.210	800	7.200	300	7.320	3500	7.350	800	7.380	2000	7.400	2500	7.420	5000	/16842815//3281019/454042/7.31/7.5//2008-9-18 14:31:6
60/600097/华立科技/7.320	200	7.250	800	7.240	800	7.220	1700	7.210	800	7.350	800	7.380	2000	7.400	1300	7.420	5000	7.430	3700	/16842815//3311031/458142/7.32/7.5//2008-9-18 14:32:6
60/600097/华立科技/7.320	200	7.280	600	7.250	800	7.240	800	7.220	1700	7.340	900	7.350	800	7.380	2000	7.400	1300	7.420	5000	/16842815//3311031/458142/7.32/7.5//2008-9-18 14:33:7
60/600097/华立科技/7.320	200	7.280	600	7.250	800	7.240	2500	7.210	800	7.350	800	7.380	2000	7.400	1800	7.420	5000	7.430	3700	/16842815//3315441/458742/7.34/7.5//2008-9-18 14:34:8
60/600097/华立科技/7.350	700	7.320	200	7.280	600	7.250	800	7.240	2500	7.370	1000	7.400	1800	7.420	5000	7.430	3700	7.470	4000	/16842815//3343461/462542/7.38/7.5//2008-9-18 14:35:8
60/600097/华立科技/7.350	900	7.320	200	7.280	600	7.250	800	7.240	2500	7.380	200	7.390	1000	7.400	2500	7.420	5000	7.430	3700	/16842815//3358221/464542/7.38/7.5//2008-9-18 14:36:9
60/600097/华立科技/7.320	100	7.280	600	7.260	2800	7.250	200	7.240	2500	7.380	2100	7.390	1000	7.400	1800	7.420	5000	7.430	3700	/16842815//3367044/465742/7.38/7.5//2008-9-18 14:37:10
60/600097/华立科技/7.320	100	7.280	600	7.270	600	7.260	2800	7.250	200	7.380	1300	7.390	1000	7.400	1800	7.420	5000	7.430	3700	/16842815//3373686/466642/7.38/7.5//2008-9-18 14:38:10
60/600097/华立科技/7.280	600	7.270	200	7.260	2800	7.250	200	7.240	2500	7.360	100	7.370	1000	7.380	1300	7.390	1000	7.400	1800	/16842815//3374418/466742/7.32/7.5//2008-9-18 14:39:11
60/600097/华立科技/7.280	600	7.270	200	7.260	2800	7.250	200	7.240	2500	7.360	100	7.370	1000	7.380	1300	7.390	1000	7.400	1800	/16842815//3411018/471742/7.32/7.5//2008-9-18 14:40:12
60/600097/华立科技/7.260	200	7.250	200	7.240	2500	7.210	1600	7.200	500	7.280	133	7.360	100	7.370	1000	7.380	1300	7.390	1000	/16842815//3442986/476142/7.26/7.5//2008-9-18 14:41:12
60/600097/华立科技/7.300	800	7.280	767	7.260	200	7.250	200	7.240	2500	7.360	100	7.370	1000	7.380	2300	7.390	1000	7.400	1000	/16842815//3444922/476408/7.28/7.5//2008-9-18 14:42:13
60/600097/华立科技/7.300	800	7.280	767	7.260	200	7.250	200	7.240	1700	7.350	2000	7.360	100	7.370	1000	7.380	1200	7.390	1000	/16842815//3444922/476408/7.28/7.5//2008-9-18 14:43:14
60/600097/华立科技/7.260	200	7.250	1000	7.240	1700	7.210	800	7.200	300	7.280	1233	7.300	3600	7.350	2000	7.360	100	7.370	1000	/16842815//3455378/477842/7.28/7.5//2008-9-18 14:44:14
60/600097/华立科技/7.250	1000	7.240	1700	7.210	800	7.200	300	7.190	1800	7.260	1800	7.280	1233	7.300	2000	7.350	2000	7.360	100	/16842815//3456830/478042/7.26/7.5//2008-9-18 14:45:15
60/600097/华立科技/7.190	1800	7.150	500	7.130	300	7.110	1900	7.100	2000	7.200	200	7.240	1800	7.250	300	7.280	1233	7.300	2000	/16842815//3486491/482142/7.2/7.5//2008-9-18 14:46:16
60/600097/华立科技/7.190	1700	7.160	100	7.150	500	7.130	300	7.120	800	7.230	3000	7.240	2000	7.280	1233	7.300	2000	7.350	2000	/16842815//3505204/484742/7.19/7.5//2008-9-18 14:47:16
60/600097/华立科技/7.130	300	7.120	800	7.110	1900	7.100	2000	7.080	1200	7.180	1900	7.190	1000	7.220	2000	7.230	3000	7.280	1233	/16842815//3515988/486242/7.18/7.5//2008-9-18 14:48:17
60/600097/华立科技/7.130	800	7.080	1200	7.070	1000	7.060	900	7.030	200	7.180	1900	7.190	1000	7.220	2000	7.280	1233	7.300	2000	/16842815//3560103/492442/7.15/7.5//2008-9-18 14:49:18
60/600097/华立科技/7.100	500	7.090	100	7.080	1200	7.070	1000	7.060	900	7.180	7706	7.190	1000	7.220	2000	7.280	1233	7.300	2000	/16842815//3565807/493242/7.13/7.5//2008-9-18 14:50:18
60/600097/华立科技/7.100	400	7.090	700	7.080	1200	7.070	1000	7.060	900	7.180	7706	7.190	1000	7.220	2000	7.280	1233	7.300	2000	/16842815//3565807/493242/7.13/7.5//2008-9-18 14:51:19
60/600097/华立科技/7.090	300	7.080	1200	7.070	1000	7.060	1000	7.030	200	7.100	600	7.180	7706	7.190	1000	7.220	2000	7.280	1233	/16842815//3572200/494142/7.1/7.5//2008-9-18 14:52:20
60/600097/华立科技/7.110	200	7.100	8600	7.090	300	7.080	1200	7.070	1000	7.160	3000	7.170	2000	7.180	7706	7.190	1000	7.220	2000	/16842815//3580720/495342/7.1/7.5//2008-9-18 14:53:21
60/600097/华立科技/7.110	2000	7.100	8600	7.090	300	7.080	1200	7.070	1000	7.150	1800	7.160	1100	7.180	7706	7.190	1000	7.220	2000	/16842815//3591494/496842/7.15/7.5//2008-9-18 14:54:21
60/600097/华立科技/7.120	100	7.110	1900	7.100	8600	7.090	300	7.080	1200	7.150	1800	7.160	1100	7.180	7706	7.190	1000	7.220	2000	/16842815//3602870/498442/7.11/7.5//2008-9-18 14:55:22
60/600097/华立科技/7.120	1200	7.110	1100	7.100	8600	7.090	300	7.080	1200	7.160	800	7.180	7706	7.190	1000	7.220	2000	7.280	1233	/16842815//3618600/500642/7.16/7.5//2008-9-18 14:56:23
60/600097/华立科技/7.110	600	7.100	8800	7.090	300	7.080	1200	7.070	1000	7.120	5306	7.160	1700	7.180	1900	7.190	1000	7.220	2000	/16842815//3631420/502442/7.12/7.5//2008-9-18 14:57:23
60/600097/华立科技/7.100	9500	7.090	500	7.080	1200	7.070	1000	7.060	900	7.110	900	7.120	5206	7.190	1000	7.220	2000	7.280	1233	/16842815//3654868/505742/7.11/7.5//2008-9-18 14:58:24
60/600097/华立科技/7.220	4094	7.100	400	7.090	500	7.080	1200	7.070	1000	7.280	1233	7.300	2000	7.350	2000	7.360	100	7.380	200	/16842815//3796645/525648/7.22/7.5//2008-9-18 14:59:25
60/600097/华立科技/7.220	94	7.100	500	7.090	300	7.080	1200	7.070	1000	7.300	233	7.350	2000	7.360	100	7.380	300	7.400	21000	/16842815//3847400/532648/7.19/7.5//2008-9-18 15:0:26
60/600097/华立科技/7.220	94	7.100	500	7.090	300	7.080	1200	7.070	1000	7.300	233	7.350	2000	7.360	100	7.380	300	7.400	21000	/16842815//3847400/532648/7.19/7.5//2008-9-18 15:1:26
60/600097/华立科技/7.220	94	7.100	500	7.090	300	7.080	1200	7.070	1000	7.300	233	7.350	2000	7.360	100	7.380	300	7.400	21000	/16842815//3847400/532648/7.19/7.5//2008-9-18 15:2:27
