751/600035/楚天高速/3.900	6800	3.880	13900	3.870	12600	3.860	30000	3.850	2700	3.910	3000	3.930	29400	3.980	38700	3.990	7000	4.000	3700	/16843536//75047/19200/3.9/3.99//2008-9-18 9:31:34
751/600035/楚天高速/3.910	4300	3.900	9800	3.880	13900	3.870	22600	3.860	30500	3.920	300	3.930	29400	3.960	6000	3.980	38700	3.990	7000	/16843536//92258/23600/3.92/3.99//2008-9-18 9:32:35
751/600035/楚天高速/3.930	100	3.920	29700	3.910	5300	3.900	9800	3.880	13900	3.960	6000	3.980	38700	3.990	7000	4.000	3700	4.010	3100	/16843536//93434/23900/3.92/3.99//2008-9-18 9:33:35
751/600035/楚天高速/3.920	31100	3.910	3300	3.900	9800	3.880	14900	3.870	22600	3.930	4900	3.960	6000	3.980	38700	3.990	7000	4.000	3700	/16843536//93827/24000/3.93/3.99//2008-9-18 9:34:35
751/600035/楚天高速/3.930	200	3.920	23400	3.910	3300	3.900	10800	3.880	15500	3.970	400	3.980	38700	3.990	6000	4.000	3700	4.010	23100	/16843536//117370/30000/3.93/3.99//2008-9-18 9:35:35
751/600035/楚天高速/3.950	100	3.930	100200	3.920	27700	3.910	3300	3.900	10800	3.970	2500	3.980	18800	3.990	6000	4.000	3700	4.010	23100	/16843536//136823/34900/3.97/3.99//2008-9-18 9:36:36
751/600035/楚天高速/3.940	4800	3.930	100200	3.920	27700	3.910	3300	3.900	12300	3.960	1000	3.970	3000	3.980	5000	3.990	6000	4.000	3700	/16843536//232289/58900/3.94/3.99//2008-9-18 9:37:36
751/600035/楚天高速/3.940	1900	3.930	100200	3.920	24000	3.910	3300	3.900	12800	3.950	11000	3.960	2500	3.970	1000	3.980	12000	3.990	10000	/16843536//289039/73300/3.94/3.99//2008-9-18 9:38:36
751/600035/楚天高速/3.930	94500	3.920	24000	3.910	3300	3.900	12400	3.880	14900	3.940	19000	3.950	10100	3.960	2500	3.970	3000	3.980	12000	/16843536//399311/101300/3.94/3.99//2008-9-18 9:39:36
751/600035/楚天高速/3.940	8500	3.930	100100	3.920	24000	3.910	4300	3.900	12900	3.950	12100	3.960	2500	3.970	3000	3.980	7100	3.990	10000	/16843536//499387/126700/3.94/3.99//2008-9-18 9:40:36
751/600035/楚天高速/3.950	11000	3.940	26000	3.930	100100	3.920	24000	3.910	4300	3.960	3500	3.970	3000	3.980	7100	3.990	10000	4.000	6200	/16843536//557446/141400/3.95/3.99//2008-9-18 9:41:37
751/600035/楚天高速/3.960	2400	3.950	12400	3.940	25900	3.930	100100	3.920	4000	3.970	1000	3.980	7100	3.990	8000	4.000	3700	4.010	23100	/16843536//570503/144700/3.96/3.99//2008-9-18 9:42:37
751/600035/楚天高速/3.970	4000	3.960	4100	3.950	12900	3.940	24000	3.930	105100	3.980	7100	3.990	8000	4.000	3700	4.010	23100	4.020	2000	/16843536//614173/155700/3.97/3.99//2008-9-18 9:43:37
751/600035/楚天高速/3.960	14000	3.950	12900	3.940	24000	3.930	105100	3.920	4000	3.970	4400	3.980	6700	3.990	8000	4.000	12100	4.010	23100	/16843536//611795/155100/3.97/3.99//2008-9-18 9:44:37
751/600035/楚天高速/3.960	100	3.950	2500	3.940	24000	3.930	105600	3.920	4200	3.970	12000	3.980	6700	3.990	8000	4.000	12100	4.010	23100	/16843536//820749/207900/3.95/3.99//2008-9-18 9:45:37
751/600035/楚天高速/3.960	600	3.950	9600	3.940	25000	3.930	105600	3.920	4200	3.970	10600	3.980	7700	3.990	7000	4.000	10100	4.010	23100	/16843536//766593/194200/3.97/3.99//2008-9-18 9:46:38
751/600035/楚天高速/3.970	9400	3.950	13300	3.940	25000	3.930	104700	3.920	4200	3.980	6700	3.990	7000	4.000	10100	4.010	23100	4.020	2000	/16843536//825737/209100/3.98/3.99//2008-9-18 9:47:38
751/600035/楚天高速/3.990	5100	3.980	9500	3.970	1000	3.960	5800	3.950	12900	4.010	3100	4.020	2000	4.030	2200	4.040	5100	4.050	64700	/16843536//928312/234800/3.99/3.99//2008-9-18 9:48:38
751/600035/楚天高速/4.010	44100	4.000	1000	3.990	4400	3.980	5500	3.970	1000	4.030	3500	4.040	7700	4.050	56200	4.060	18900	4.080	6000	/16843536//1002885/253400/4.01/3.99//2008-9-18 9:49:39
751/600035/楚天高速/4.010	41500	4.000	1000	3.990	4400	3.980	5500	3.970	1000	4.020	600	4.030	26999	4.040	34700	4.050	45800	4.060	19900	/16843536//1032651/260800/4.02/3.99//2008-9-18 9:50:39
751/600035/楚天高速/4.000	10000	3.990	4400	3.980	5500	3.970	1000	3.960	5800	4.010	900	4.020	10800	4.030	48799	4.040	45900	4.050	56300	/16843536//1213518/305900/4.01/3.99//2008-9-18 9:51:39
751/600035/楚天高速/3.990	3900	3.980	5000	3.970	1000	3.960	5800	3.950	11800	4.000	11400	4.010	8425	4.020	14300	4.030	48799	4.040	25900	/16843536//1265488/318900/3.99/3.99//2008-9-18 9:52:39
751/600035/楚天高速/3.970	900	3.960	7400	3.950	11800	3.940	24800	3.930	100000	3.980	600	4.000	5200	4.010	10125	4.020	28900	4.030	47299	/16843536//1297351/326900/3.98/3.99//2008-9-18 9:53:40
751/600035/楚天高速/3.970	800	3.960	6900	3.950	16800	3.940	25800	3.930	100000	3.980	2600	4.000	6400	4.010	9125	4.020	28900	4.030	46199	/16843536//1297748/327000/3.97/3.99//2008-9-18 9:54:40
751/600035/楚天高速/3.960	6900	3.950	15900	3.940	25900	3.930	100500	3.920	4200	3.970	1200	3.980	2000	4.000	8200	4.010	16125	4.020	28900	/16843536//1312836/330800/3.97/3.99//2008-9-18 9:55:40
751/600035/楚天高速/3.970	300	3.960	4500	3.950	15900	3.940	25900	3.930	100700	3.980	2000	4.000	8200	4.010	16125	4.020	30500	4.030	45599	/16843536//1322340/333200/3.97/3.99//2008-9-18 9:56:41
751/600035/楚天高速/3.960	7500	3.950	15900	3.940	27900	3.930	100700	3.920	4200	3.970	3700	3.980	2000	4.000	8200	4.010	16125	4.020	30500	/16843536//1323531/333500/3.97/3.99//2008-9-18 9:57:41
751/600035/楚天高速/3.980	13500	3.970	7200	3.960	11800	3.950	15900	3.940	27900	4.000	8200	4.010	16125	4.020	30100	4.030	45499	4.040	29900	/16843536//1346976/339400/3.98/3.99//2008-9-18 9:58:41
751/600035/楚天高速/3.980	11500	3.970	7200	3.960	11800	3.950	15900	3.940	27900	3.990	500	4.000	9900	4.010	11125	4.020	30100	4.030	45499	/16843536//1374508/346300/3.99/3.99//2008-9-18 9:59:41
751/600035/楚天高速/3.990	5700	3.980	11380	3.970	8100	3.960	11800	3.950	15900	4.000	10800	4.010	11125	4.020	30900	4.030	45499	4.040	29300	/16843536//1438010/362220/3.99/3.99//2008-9-18 10:0:42
751/600035/楚天高速/3.980	11380	3.970	8100	3.960	13800	3.950	15900	3.940	27900	3.990	5200	4.000	10600	4.010	11125	4.020	31100	4.030	45299	/16843536//1461553/368120/3.99/3.99//2008-9-18 10:1:42
751/600035/楚天高速/3.980	11380	3.970	8100	3.960	13800	3.950	15900	3.940	27900	3.990	7000	4.000	11300	4.010	11125	4.020	31100	4.030	45299	/16843536//1471129/370520/3.99/3.99//2008-9-18 10:2:42
751/600035/楚天高速/3.970	8100	3.960	18800	3.950	15900	3.940	28100	3.930	100700	3.980	1420	3.990	13100	4.000	16300	4.010	11125	4.020	31100	/16843536//1516819/382000/3.98/3.99//2008-9-18 10:3:42
751/600035/楚天高速/3.970	32600	3.960	18800	3.950	15900	3.940	28100	3.930	100700	3.980	13320	3.990	6800	4.000	16300	4.010	11625	4.020	31100	/16843536//1570414/395500/3.97/3.99//2008-9-18 10:4:43
751/600035/楚天高速/3.970	6601	3.960	56800	3.950	15900	3.940	28100	3.930	100700	3.980	5920	3.990	7499	4.000	18000	4.010	11625	4.020	31600	/16843536//1673630/421499/3.97/3.99//2008-9-18 10:5:43
751/600035/楚天高速/3.970	2701	3.960	56500	3.950	16900	3.940	27600	3.930	100700	3.980	7820	3.990	10499	4.000	16200	4.010	11125	4.020	31600	/16843536//1712534/431299/3.97/3.99//2008-9-18 10:6:43
751/600035/楚天高速/3.960	52500	3.950	16900	3.940	27600	3.930	100200	3.920	4200	3.970	499	3.980	18420	3.990	11899	4.000	16200	4.010	11125	/16843536//1755007/442000/3.96/3.99//2008-9-18 10:7:44
751/600035/楚天高速/3.960	31000	3.950	19400	3.940	27600	3.930	100200	3.920	4000	3.970	13799	3.980	20320	3.990	21899	4.000	12500	4.010	11125	/16843536//1842132/464000/3.96/3.99//2008-9-18 10:8:44
751/600035/楚天高速/3.960	23500	3.950	16900	3.940	23200	3.930	101100	3.920	4200	3.970	2599	3.980	20320	3.990	21899	4.000	12500	4.010	11125	/16843536//1917487/483000/3.97/3.99//2008-9-18 10:9:44
751/600035/楚天高速/3.960	2200	3.950	32900	3.940	26100	3.930	102000	3.920	4200	3.980	12919	3.990	18899	4.000	22500	4.010	11125	4.020	32400	/16843536//2141797/539600/3.96/3.99//2008-9-18 10:10:44
751/600035/楚天高速/3.960	9800	3.950	32900	3.940	23600	3.930	102000	3.920	4200	3.980	12919	3.990	18899	4.000	32500	4.010	11125	4.020	32400	/16843536//2144576/540300/3.97/3.99//2008-9-18 10:11:45
751/600035/楚天高速/3.960	9800	3.950	33900	3.940	23600	3.930	102000	3.920	4200	3.970	22100	3.980	12919	3.990	18899	4.000	32800	4.010	11125	/16843536//2144576/540300/3.97/3.99//2008-9-18 10:12:45
751/600035/楚天高速/3.960	10300	3.950	33900	3.940	23100	3.930	102000	3.920	5600	3.970	17400	3.980	12919	3.990	18899	4.000	32800	4.010	11125	/16843536//2163235/545000/3.97/3.99//2008-9-18 10:13:45
751/600035/楚天高速/3.970	3200	3.950	8000	3.940	23100	3.930	102000	3.920	5600	3.980	12919	3.990	18899	4.000	37800	4.010	11425	4.020	30800	/16843536//2427014/611600/3.97/3.99//2008-9-18 10:14:46
751/600035/楚天高速/3.960	1000	3.950	9000	3.940	23100	3.930	102000	3.920	5600	3.970	6300	3.980	12719	3.990	18899	4.000	36100	4.010	11425	/16843536//2522730/635800/3.95/3.99//2008-9-18 10:15:46
751/600035/楚天高速/3.960	2500	3.950	2600	3.940	23100	3.930	102000	3.920	5600	3.970	2700	3.980	12719	3.990	18899	4.000	36100	4.010	11425	/16843536//2542133/640700/3.96/3.99//2008-9-18 10:16:46
751/600035/楚天高速/3.940	6800	3.930	101300	3.920	5600	3.910	16800	3.900	32700	3.970	2300	3.980	12719	3.990	18899	4.000	36100	4.010	11425	/16843536//2624173/661500/3.97/3.99//2008-9-18 10:17:47
751/600035/楚天高速/3.960	900	3.950	2760	3.940	27300	3.930	101100	3.920	6400	3.970	2300	3.980	12719	3.990	18899	4.000	36100	4.010	11425	/16843536//2627895/662440/3.96/3.99//2008-9-18 10:18:47
751/600035/楚天高速/3.970	26700	3.960	1000	3.950	6060	3.940	32800	3.930	101900	3.980	12719	3.990	18899	4.000	36100	4.010	11425	4.020	31000	/16843536//2644966/666740/3.97/3.99//2008-9-18 10:19:47
751/600035/楚天高速/3.970	25300	3.960	1000	3.950	6360	3.940	32800	3.930	101900	3.980	12719	3.990	18899	4.000	38600	4.010	11425	4.020	30700	/16843536//2648142/667540/3.97/3.99//2008-9-18 10:20:48
751/600035/楚天高速/3.990	11382	3.980	900	3.970	24300	3.960	1500	3.950	9660	4.000	33900	4.010	11425	4.020	31200	4.030	44899	4.040	30800	/16843536//2804433/706758/3.99/3.99//2008-9-18 10:21:48
751/600035/楚天高速/3.990	21382	3.980	100	3.970	24300	3.960	1500	3.950	9660	4.000	33900	4.010	11425	4.020	32200	4.030	44899	4.040	30800	/16843536//2804433/706758/3.99/3.99//2008-9-18 10:22:48
751/600035/楚天高速/3.990	11382	3.980	100	3.970	24300	3.960	2000	3.950	9360	4.000	32800	4.010	10125	4.020	35200	4.030	44899	4.040	30800	/16843536//2805233/706958/4.0/3.99//2008-9-18 10:23:48
751/600035/楚天高速/3.980	100	3.970	24400	3.960	2000	3.950	9360	3.940	29800	3.990	25925	4.000	34400	4.010	10125	4.020	35200	4.030	44899	/16843536//2850247/718240/3.99/3.99//2008-9-18 10:24:49
751/600035/楚天高速/3.990	4075	3.980	100	3.970	24400	3.960	1500	3.950	9360	4.000	34300	4.010	10125	4.020	35200	4.030	44899	4.040	30800	/16843536//2953688/744165/3.99/3.99//2008-9-18 10:25:49
751/600035/楚天高速/3.990	1975	3.980	100	3.970	24400	3.960	2200	3.950	9060	4.000	34700	4.010	4625	4.020	35200	4.030	44899	4.040	30800	/16843536//2964467/746865/4.0/3.99//2008-9-18 10:26:49
751/600035/楚天高速/3.990	475	3.980	100	3.970	24400	3.960	2200	3.950	9060	4.000	35300	4.010	6625	4.020	35100	4.030	44899	4.040	30800	/16843536//2972447/748865/3.99/3.99//2008-9-18 10:27:50
751/600035/楚天高速/3.990	2975	3.980	100	3.970	24400	3.960	7200	3.950	9060	4.000	300	4.010	7025	4.020	36100	4.030	49899	4.040	30800	/16843536//3132447/788865/4.0/3.99//2008-9-18 10:28:50
751/600035/楚天高速/3.990	7475	3.980	100	3.970	24400	3.960	7200	3.950	9060	4.000	21700	4.010	8225	4.020	35400	4.030	49899	4.040	30800	/16843536//3134842/789465/3.99/3.99//2008-9-18 10:29:50
751/600035/楚天高速/3.980	100	3.970	24400	3.960	7200	3.950	9060	3.940	30800	3.990	2525	4.000	29200	4.010	9325	4.020	35400	4.030	49899	/16843536//3194492/804415/3.99/3.99//2008-9-18 10:30:51
751/600035/楚天高速/3.980	100	3.970	24400	3.960	7200	3.950	9060	3.940	30800	3.990	8325	4.000	28300	4.010	9325	4.020	35400	4.030	49899	/16843536//3194492/804415/3.99/3.99//2008-9-18 10:31:51
751/600035/楚天高速/3.970	22200	3.960	7200	3.950	9060	3.940	31300	3.930	7400	3.980	2000	3.990	11325	4.000	29300	4.010	9325	4.020	35400	/16843536//3182157/801340/3.98/3.99//2008-9-18 10:32:51
751/600035/楚天高速/3.970	22100	3.960	6900	3.950	9060	3.940	31600	3.930	7400	3.980	1800	3.990	11325	4.000	29300	4.010	8825	4.020	36100	/16843536//3182157/801340/3.98/3.99//2008-9-18 10:33:52
751/600035/楚天高速/3.970	21400	3.960	6900	3.950	6060	3.940	32100	3.930	7400	3.980	1900	3.990	11325	4.000	29300	4.010	8825	4.020	36100	/16843536//3196458/804940/3.97/3.99//2008-9-18 10:34:52
751/600035/楚天高速/3.970	18400	3.960	6900	3.950	6060	3.940	31100	3.930	7400	3.980	3200	3.990	11325	4.000	30300	4.010	13825	4.020	36100	/16843536//3204398/806940/3.97/3.99//2008-9-18 10:35:52
751/600035/楚天高速/3.970	10400	3.960	1900	3.950	4300	3.940	31100	3.930	7200	3.980	3200	3.990	11325	4.000	31000	4.010	15825	4.020	36100	/16843536//3236158/814940/3.97/3.99//2008-9-18 10:36:53
751/600035/楚天高速/3.950	4300	3.940	28500	3.930	7200	3.920	5400	3.910	16900	3.960	28100	3.970	300	3.980	3200	3.990	5525	4.000	31000	/16843536//3284970/827240/3.96/3.99//2008-9-18 10:37:53
751/600035/楚天高速/3.950	2700	3.940	28500	3.930	7200	3.920	5400	3.910	16900	3.960	28000	3.980	3200	3.990	5525	4.000	31700	4.010	15825	/16843536//3291686/828940/3.96/3.99//2008-9-18 10:38:53
751/600035/楚天高速/3.950	8510	3.940	27500	3.930	6700	3.920	6400	3.910	19500	3.960	600	3.980	3200	3.990	5525	4.000	31700	4.010	13825	/16843536//3355241/845030/3.95/3.99//2008-9-18 10:39:54
751/600035/楚天高速/3.950	10	3.940	27500	3.930	6700	3.920	6400	3.910	20500	3.960	5600	3.980	3200	3.990	5525	4.000	31700	4.010	13825	/16843536//3414491/860030/3.95/3.99//2008-9-18 10:40:54
751/600035/楚天高速/3.950	59710	3.940	27200	3.930	6700	3.920	6400	3.910	20500	3.960	5600	3.980	3200	3.990	5525	4.000	31900	4.010	13825	/16843536//3416861/860630/3.95/3.99//2008-9-18 10:41:54
751/600035/楚天高速/3.950	61310	3.940	27200	3.930	6700	3.920	6400	3.910	20500	3.960	2900	3.980	2200	3.990	5525	4.000	32400	4.010	13825	/16843536//3427948/863430/3.95/3.99//2008-9-18 10:42:55
751/600035/楚天高速/3.950	55410	3.940	27200	3.930	6700	3.920	6400	3.910	20500	3.960	3100	3.980	1200	3.990	6525	4.000	31700	4.010	16825	/16843536//3456393/870630/3.96/3.99//2008-9-18 10:43:55
751/600035/楚天高速/3.960	200	3.950	56110	3.940	27200	3.930	6700	3.920	6000	3.980	1200	3.990	6525	4.000	31700	4.010	16825	4.020	35900	/16843536//3472619/874730/3.96/3.99//2008-9-18 10:44:56
751/600035/楚天高速/3.950	56110	3.940	27200	3.930	6700	3.920	6000	3.910	20500	3.990	5525	4.000	36700	4.010	17325	4.020	35900	4.030	47699	/16843536//3485319/877930/3.98/3.99//2008-9-18 10:45:56
751/600035/楚天高速/3.950	32810	3.940	27200	3.930	6700	3.920	6000	3.910	19500	3.960	1200	3.980	5000	3.990	7925	4.000	35400	4.010	17325	/16843536//3575379/900730/3.95/3.99//2008-9-18 10:46:56
751/600035/楚天高速/3.940	12600	3.930	6800	3.920	6000	3.910	19500	3.900	35400	3.950	20090	3.960	2200	3.980	7000	3.990	22425	4.000	35400	/16843536//3762503/948140/3.94/3.99//2008-9-18 10:47:57
751/600035/楚天高速/3.930	96800	3.920	9000	3.910	18500	3.900	35400	3.880	14000	3.940	37400	3.950	7000	3.960	1200	3.980	7000	3.990	22425	/16843536//3843587/968740/3.93/3.99//2008-9-18 10:48:57
751/600035/楚天高速/3.930	92000	3.920	7800	3.910	18500	3.900	35400	3.880	14000	3.940	23400	3.950	7000	3.960	1200	3.980	7000	3.990	39325	/16843536//3858521/972540/3.93/3.99//2008-9-18 10:49:57
751/600035/楚天高速/3.930	75100	3.920	7800	3.910	18500	3.900	35400	3.890	30000	3.940	3400	3.950	7700	3.980	7400	3.990	25125	4.000	36700	/16843536//3917078/987440/3.93/3.99//2008-9-18 10:50:58
751/600035/楚天高速/3.930	62200	3.920	4900	3.910	19300	3.900	36400	3.890	30000	3.940	3600	3.950	7700	3.980	13400	3.990	24125	4.000	38600	/16843536//4013080/1011840/3.93/3.99//2008-9-18 10:51:58
751/600035/楚天高速/3.940	24900	3.930	9700	3.920	4900	3.910	19300	3.900	36600	3.950	23600	3.970	14000	3.980	14125	3.990	25125	4.000	39600	/16843536//4240292/1069640/3.94/3.99//2008-9-18 10:52:58
751/600035/楚天高速/3.930	9700	3.920	4900	3.910	19300	3.900	36600	3.890	30000	3.940	5100	3.950	22600	3.970	14000	3.980	8125	3.990	25125	/16843536//4338398/1094540/3.94/3.99//2008-9-18 10:53:59
751/600035/楚天高速/3.920	4900	3.910	19300	3.900	36600	3.890	30000	3.880	14000	3.930	16450	3.940	10100	3.950	22907	3.960	500	3.970	15000	/16843536//4409728/1112690/3.93/3.99//2008-9-18 10:54:59
751/600035/楚天高速/3.930	53550	3.920	4900	3.910	19300	3.900	46600	3.890	30000	3.940	10100	3.950	22907	3.960	500	3.970	15000	3.980	8125	/16843536//4441168/1120690/3.93/3.99//2008-9-18 10:56:0
751/600035/楚天高速/3.930	24350	3.920	4900	3.910	19300	3.900	46600	3.890	30000	3.940	12100	3.950	23907	3.960	500	3.970	15000	3.980	3125	/16843536//4555924/1149890/3.93/3.99//2008-9-18 10:57:0
751/600035/楚天高速/3.930	1550	3.920	4900	3.910	19300	3.900	46600	3.890	30000	3.940	16100	3.950	23907	3.960	500	3.970	15000	3.980	3125	/16843536//4661248/1176690/3.93/3.99//2008-9-18 10:58:0
751/600035/楚天高速/3.920	27900	3.910	19300	3.900	47600	3.890	30000	3.880	14000	3.930	11650	3.940	16100	3.950	23907	3.960	500	3.970	15000	/16843536//4679079/1181240/3.92/3.99//2008-9-18 10:59:1
751/600035/楚天高速/3.920	5000	3.910	19300	3.900	44600	3.890	30000	3.880	14000	3.930	17450	3.940	18900	3.950	23907	3.960	500	3.970	15000	/16843536//4840975/1222540/3.92/3.99//2008-9-18 11:0:1
751/600035/楚天高速/3.910	11400	3.900	143600	3.890	30000	3.880	14000	3.870	21600	3.920	12300	3.930	18050	3.940	17900	3.950	24707	3.960	4300	/16843536//4824426/1218340/3.91/3.99//2008-9-18 11:1:2
751/600035/楚天高速/3.910	3100	3.900	143600	3.890	30000	3.880	14000	3.870	20800	3.920	8300	3.930	13050	3.940	17900	3.950	24707	3.960	4300	/16843536//4897934/1237140/3.91/3.99//2008-9-18 11:2:2
751/600035/楚天高速/3.900	98650	3.880	14000	3.870	20800	3.860	54400	3.850	3200	3.910	1000	3.920	6300	3.930	13050	3.940	17900	3.950	24707	/16843536//5127664/1295990/3.9/3.99//2008-9-18 11:3:2
751/600035/楚天高速/3.900	81962	3.880	14000	3.870	20800	3.860	54400	3.850	3200	3.920	5300	3.930	13050	3.940	17900	3.950	24707	3.960	6300	/16843536//5209169/1316878/3.9/3.99//2008-9-18 11:4:3
751/600035/楚天高速/3.910	6500	3.900	76162	3.890	1100	3.880	14000	3.870	20800	3.920	6300	3.930	13050	3.940	15900	3.950	25607	3.960	6300	/16843536//5252108/1327878/3.91/3.99//2008-9-18 11:5:3
751/600035/楚天高速/3.910	5000	3.900	76162	3.890	1100	3.880	14000	3.870	20800	3.920	9100	3.930	13050	3.940	15900	3.950	25607	3.960	8300	/16843536//5267748/1331878/3.91/3.99//2008-9-18 11:6:4
751/600035/楚天高速/3.900	78162	3.890	1100	3.880	14000	3.870	20800	3.860	54400	3.910	100	3.920	7600	3.930	13050	3.940	14900	3.950	25607	/16843536//5296682/1339278/3.91/3.99//2008-9-18 11:7:4
751/600035/楚天高速/3.900	77762	3.890	1100	3.880	14000	3.870	20800	3.860	54400	3.910	7500	3.920	9100	3.930	23050	3.940	14900	3.950	25607	/16843536//5308412/1342278/3.91/3.99//2008-9-18 11:8:4
751/600035/楚天高速/3.900	76762	3.890	1100	3.880	14000	3.870	20800	3.860	54400	3.930	12150	3.940	13900	3.950	25607	3.960	3000	3.970	14000	/16843536//5430312/1373378/3.91/3.99//2008-9-18 11:9:5
751/600035/楚天高速/3.890	1100	3.880	14000	3.870	20800	3.860	54400	3.850	5200	3.900	4438	3.920	1000	3.930	13150	3.940	13900	3.950	25607	/16843536//5725784/1449140/3.9/3.99//2008-9-18 11:10:5
751/600035/楚天高速/3.890	9200	3.880	14100	3.870	20800	3.860	54400	3.850	5200	3.900	6153	3.920	1000	3.930	13150	3.940	13900	3.950	25607	/16843536//5737454/1452140/3.89/3.99//2008-9-18 11:11:6
751/600035/楚天高速/3.890	6200	3.880	14100	3.870	22800	3.860	58400	3.850	7200	3.900	5353	3.920	1000	3.930	13150	3.940	13900	3.950	25607	/16843536//5771744/1460940/3.89/3.99//2008-9-18 11:12:6
751/600035/楚天高速/3.900	9700	3.890	13547	3.880	23800	3.870	22800	3.860	58400	3.920	12100	3.930	13150	3.940	13900	3.950	24807	3.960	3000	/16843536//5812087/1471293/3.89/3.99//2008-9-18 11:13:7
751/600035/楚天高速/3.890	17547	3.880	23800	3.870	22800	3.860	58400	3.850	7700	3.900	5890	3.910	1200	3.920	34100	3.930	11150	3.940	13900	/16843536//5873317/1486993/3.9/3.99//2008-9-18 11:14:7
751/600035/楚天高速/3.900	1110	3.890	37547	3.880	24000	3.870	22800	3.860	58400	3.910	1200	3.920	32600	3.930	11350	3.940	12900	3.950	24807	/16843536//5896288/1492883/3.9/3.99//2008-9-18 11:15:7
751/600035/楚天高速/3.890	37547	3.880	24000	3.870	22800	3.860	58100	3.850	7700	3.900	789	3.910	1200	3.920	19600	3.930	11350	3.940	12900	/16843536//5920117/1498993/3.9/3.99//2008-9-18 11:16:8
751/600035/楚天高速/3.900	2711	3.890	37547	3.880	24000	3.870	22800	3.860	58100	3.910	7000	3.920	19800	3.930	10350	3.940	12900	3.950	24807	/16843536//5938794/1503782/3.9/3.99//2008-9-18 11:17:8
751/600035/楚天高速/3.900	10611	3.890	47247	3.880	24000	3.870	22800	3.860	58100	3.910	7000	3.920	19800	3.930	10350	3.940	12900	3.950	25207	/16843536//5969994/1511782/3.9/3.99//2008-9-18 11:18:9
751/600035/楚天高速/3.900	21511	3.890	47747	3.880	24500	3.870	22800	3.860	58100	3.910	6500	3.920	19800	3.930	10350	3.940	12900	3.950	21207	/16843536//5970384/1511882/3.9/3.99//2008-9-18 11:19:9
751/600035/楚天高速/3.900	13911	3.890	47747	3.880	24500	3.870	22800	3.860	58100	3.910	11500	3.920	15800	3.930	8550	3.940	12900	3.950	21207	/16843536//6000024/1519482/3.9/3.99//2008-9-18 11:20:10
751/600035/楚天高速/3.900	9211	3.890	44747	3.880	24500	3.870	22800	3.860	58100	3.910	6500	3.920	15800	3.930	8550	3.940	12900	3.950	21207	/16843536//6057744/1534282/3.9/3.99//2008-9-18 11:21:10
751/600035/楚天高速/3.900	27611	3.890	44747	3.880	36500	3.870	22800	3.860	58100	3.910	6500	3.920	15800	3.930	8550	3.940	12900	3.950	20207	/16843536//6063204/1535682/3.9/3.99//2008-9-18 11:22:10
751/600035/楚天高速/3.900	19011	3.890	44747	3.880	36500	3.870	22800	3.860	58100	3.910	7000	3.920	15800	3.930	9050	3.940	12900	3.950	20207	/16843536//6096744/1544282/3.9/3.99//2008-9-18 11:23:11
751/600035/楚天高速/3.900	12311	3.890	44747	3.880	37500	3.870	22800	3.860	58100	3.910	7700	3.920	15600	3.930	9050	3.940	14900	3.950	20207	/16843536//6149004/1557682/3.9/3.99//2008-9-18 11:24:11
751/600035/楚天高速/3.890	44747	3.880	37500	3.870	22800	3.860	58100	3.850	17700	3.900	2289	3.910	7500	3.920	15600	3.930	9050	3.940	14900	/16843536//6200917/1570993/3.9/3.99//2008-9-18 11:25:12
751/600035/楚天高速/3.890	23447	3.880	47300	3.870	24300	3.860	59100	3.850	17700	3.900	16639	3.910	7000	3.920	12600	3.930	9050	3.940	14900	/16843536//6321507/1601993/3.89/3.99//2008-9-18 11:26:12
751/600035/楚天高速/3.880	47300	3.870	32500	3.860	59100	3.850	17700	3.840	1000	3.890	52403	3.900	16439	3.910	6500	3.920	2600	3.930	9050	/16843536//6412716/1625440/3.89/3.99//2008-9-18 11:27:13
751/600035/楚天高速/3.870	12775	3.860	59100	3.850	17700	3.840	1000	3.830	200	3.880	18700	3.890	33878	3.900	12989	3.910	6500	3.920	2600	/16843536//6684604/1695565/3.87/3.99//2008-9-18 11:28:13
751/600035/楚天高速/3.860	49100	3.850	17700	3.840	1000	3.830	200	3.820	2000	3.870	16525	3.880	17500	3.890	32378	3.900	8589	3.910	6500	/16843536//6811243/1728340/3.86/3.99//2008-9-18 11:29:14
751/600035/楚天高速/3.860	27900	3.850	17700	3.840	1000	3.830	200	3.820	2000	3.870	16825	3.880	17500	3.890	32378	3.900	8589	3.910	6500	/16843536//6856405/1740040/3.86/3.99//2008-9-18 11:30:14
751/600035/楚天高速/3.860	27900	3.850	17700	3.840	1000	3.830	200	3.820	2000	3.870	16825	3.880	17500	3.890	32378	3.900	8589	3.910	6500	/16843536//6856405/1740040/3.86/3.99//2008-9-18 11:31:15
751/600035/楚天高速/3.850	8500	3.830	200	3.810	6000	3.800	8700	3.780	1000	3.860	2300	3.870	9125	3.880	18300	3.890	32378	3.900	14989	/16843536//7028138/1784540/3.85/3.99//2008-9-18 13:1:15
751/600035/楚天高速/3.830	1200	3.810	6000	3.800	8700	3.780	2000	3.770	200	3.850	14000	3.860	7100	3.870	9525	3.880	13800	3.890	32378	/16843536//7093588/1801540/3.85/3.99//2008-9-18 13:2:16
751/600035/楚天高速/3.810	6000	3.800	13700	3.780	2000	3.770	200	3.760	9000	3.830	10800	3.840	300	3.850	1900	3.860	2300	3.870	9125	/16843536//7070055/1795440/3.83/3.99//2008-9-18 13:3:16
751/600035/楚天高速/3.800	8401	3.780	7000	3.770	200	3.760	9000	3.750	3000	3.810	2600	3.820	3000	3.830	10800	3.840	300	3.850	1500	/16843536//7151989/1816939/3.81/3.99//2008-9-18 13:4:17
751/600035/楚天高速/3.780	1000	3.770	1200	3.760	9000	3.750	3000	3.710	2500	3.800	9599	3.810	7100	3.820	3400	3.830	10800	3.840	300	/16843536//7214193/1833340/3.78/3.99//2008-9-18 13:5:17
751/600035/楚天高速/3.790	500	3.780	12000	3.770	4600	3.760	9000	3.750	3000	3.800	10499	3.810	8300	3.820	3000	3.830	9800	3.840	300	/16843536//7228599/1837140/3.79/3.99//2008-9-18 13:6:18
751/600035/楚天高速/3.780	13000	3.770	9400	3.760	11000	3.750	3000	3.710	2500	3.790	2700	3.800	10999	3.810	8300	3.820	3000	3.830	9800	/16843536//7260814/1845640/3.79/3.99//2008-9-18 13:7:18
751/600035/楚天高速/3.780	12800	3.770	9400	3.760	11000	3.750	3000	3.710	2500	3.790	2600	3.800	10999	3.810	3100	3.820	3000	3.830	9800	/16843536//7274835/1849340/3.79/3.99//2008-9-18 13:8:19
751/600035/楚天高速/3.800	17001	3.780	13600	3.770	10300	3.760	11900	3.750	3000	3.810	3100	3.820	3000	3.830	9800	3.840	300	3.850	6500	/16843536//7361437/1872139/3.8/3.99//2008-9-18 13:9:19
751/600035/楚天高速/3.810	8900	3.800	17001	3.780	13600	3.770	10300	3.760	11900	3.820	3000	3.830	9800	3.840	1700	3.850	6500	3.860	5200	/16843536//7457048/1897239/3.81/3.99//2008-9-18 13:10:20
751/600035/楚天高速/3.820	3500	3.810	12400	3.800	17001	3.790	300	3.780	13600	3.830	2800	3.840	300	3.850	7000	3.860	7500	3.870	10125	/16843536//7503702/1909439/3.82/3.99//2008-9-18 13:11:20
751/600035/楚天高速/3.820	600	3.810	12000	3.800	17001	3.790	300	3.780	17600	3.830	2300	3.840	300	3.850	7000	3.860	8400	3.870	10125	/16843536//7524355/1914839/3.82/3.99//2008-9-18 13:12:21
751/600035/楚天高速/3.800	17001	3.790	1300	3.780	17900	3.770	10300	3.760	11900	3.810	2300	3.820	10500	3.830	2800	3.840	300	3.850	12500	/16843536//7640947/1945439/3.81/3.99//2008-9-18 13:13:21
751/600035/楚天高速/3.800	14701	3.790	1300	3.780	17900	3.770	10300	3.760	11900	3.810	2800	3.820	7500	3.830	2800	3.840	300	3.850	12500	/16843536//7652727/1948539/3.8/3.99//2008-9-18 13:14:22
751/600035/楚天高速/3.800	10001	3.790	1300	3.780	17900	3.770	10300	3.760	11900	3.810	7300	3.820	7900	3.830	5800	3.840	300	3.850	12500	/16843536//7677427/1955039/3.8/3.99//2008-9-18 13:15:22
751/600035/楚天高速/3.790	2600	3.780	19100	3.770	10300	3.760	12900	3.750	3000	3.800	21249	3.810	7300	3.820	7900	3.830	5800	3.840	300	/16843536//7712585/1964291/3.8/3.99//2008-9-18 13:16:23
751/600035/楚天高速/3.790	35590	3.780	19100	3.770	9300	3.760	7900	3.750	3000	3.800	20249	3.810	7300	3.820	7900	3.830	5800	3.840	300	/16843536//7714319/1964750/3.79/3.99//2008-9-18 13:17:23
751/600035/楚天高速/3.790	14990	3.780	19100	3.770	9300	3.760	7900	3.750	3000	3.800	19949	3.810	7300	3.820	7500	3.830	5800	3.840	1700	/16843536//7796944/1986550/3.79/3.99//2008-9-18 13:18:24
751/600035/楚天高速/3.780	9100	3.770	9300	3.760	6900	3.750	3000	3.730	7300	3.790	610	3.800	19949	3.810	7300	3.820	5900	3.830	5800	/16843536//7908232/2015940/3.79/3.99//2008-9-18 13:19:24
751/600035/楚天高速/3.770	9300	3.760	6900	3.750	3000	3.730	7300	3.710	3500	3.780	610	3.800	21349	3.810	1000	3.820	5900	3.830	5800	/16843536//7970617/2032440/3.78/3.99//2008-9-18 13:20:25
751/600035/楚天高速/3.770	7500	3.760	5900	3.750	3000	3.730	7300	3.710	3500	3.780	42500	3.800	21149	3.810	1000	3.820	5900	3.830	5800	/16843536//7994413/2038740/3.78/3.99//2008-9-18 13:21:25
751/600035/楚天高速/3.760	5900	3.750	3400	3.730	7300	3.710	3500	3.700	4100	3.770	12500	3.780	32700	3.800	20349	3.810	1000	3.820	5900	/16843536//8061990/2056640/3.77/3.99//2008-9-18 13:22:26
751/600035/楚天高速/3.770	70300	3.760	6200	3.750	3400	3.730	7300	3.710	3500	3.780	32700	3.790	900	3.800	20349	3.810	1000	3.820	5000	/16843536//8111747/2069840/3.77/3.99//2008-9-18 13:23:26
751/600035/楚天高速/3.770	64800	3.760	7500	3.750	4400	3.730	8200	3.710	3500	3.780	32800	3.790	900	3.800	20149	3.810	1000	3.820	5000	/16843536//8155588/2081440/3.78/3.99//2008-9-18 13:24:27
751/600035/楚天高速/3.800	17951	3.780	34400	3.770	62800	3.760	7500	3.750	4400	3.810	300	3.820	5000	3.830	5800	3.840	300	3.850	12500	/16843536//8367528/2137389/3.81/3.99//2008-9-18 13:25:27
751/600035/楚天高速/3.810	600	3.800	17951	3.790	400	3.780	32900	3.770	62800	3.820	300	3.830	5300	3.840	300	3.850	17500	3.860	300	/16843536//8383958/2141689/3.82/3.99//2008-9-18 13:26:28
751/600035/楚天高速/3.820	1300	3.810	1000	3.800	18651	3.790	400	3.780	33400	3.840	300	3.850	17500	3.860	300	3.870	7125	3.880	10800	/16843536//8414956/2149789/3.82/3.99//2008-9-18 13:27:28
751/600035/楚天高速/3.830	6500	3.820	9500	3.810	15400	3.800	18651	3.790	100	3.850	1000	3.860	300	3.870	7125	3.880	10800	3.890	30578	/16843536//8488053/2168789/3.85/3.99//2008-9-18 13:28:29
751/600035/楚天高速/3.830	15900	3.820	9500	3.810	15400	3.800	800	3.790	100	3.850	900	3.860	300	3.870	7125	3.880	10800	3.890	30578	/16843536//8489587/2169189/3.83/3.99//2008-9-18 13:29:29
751/600035/楚天高速/3.830	10100	3.820	8500	3.810	15400	3.800	800	3.790	500	3.850	2100	3.860	3600	3.870	8825	3.880	12800	3.890	30578	/16843536//8514099/2175589/3.83/3.99//2008-9-18 13:30:30
751/600035/楚天高速/3.830	9100	3.820	8500	3.810	15400	3.800	1800	3.790	500	3.850	3400	3.860	3600	3.870	8825	3.880	12800	3.890	30578	/16843536//8524474/2178289/3.85/3.99//2008-9-18 13:31:30
751/600035/楚天高速/3.890	2397	3.850	5500	3.830	8600	3.820	8500	3.810	15400	3.900	1989	3.910	5000	3.920	1800	3.930	9050	3.940	9100	/16843536//8870440/2267292/3.9/3.99//2008-9-18 13:32:31
751/600035/楚天高速/3.900	33511	3.890	500	3.880	32000	3.850	5000	3.830	100	3.910	2500	3.920	1800	3.930	9550	3.940	9100	3.950	11407	/16843536//8899657/2274781/3.91/3.99//2008-9-18 13:33:31
751/600035/楚天高速/3.900	30396	3.880	32000	3.850	5000	3.830	100	3.820	9500	3.910	2400	3.920	1800	3.930	9550	3.940	9100	3.950	11407	/16843536//8914542/2278596/3.91/3.99//2008-9-18 13:34:32
751/600035/楚天高速/3.900	29796	3.880	32000	3.850	5000	3.830	100	3.820	9500	3.910	2400	3.920	2500	3.930	9550	3.940	9600	3.950	12807	/16843536//8922352/2280596/3.91/3.99//2008-9-18 13:35:32
751/600035/楚天高速/3.900	18396	3.880	32000	3.850	5000	3.830	100	3.820	9500	3.910	8100	3.920	2500	3.930	9550	3.940	12600	3.950	11807	/16843536//8978543/2294996/3.9/3.99//2008-9-18 13:36:33
751/600035/楚天高速/3.900	14396	3.880	32000	3.850	5000	3.820	9500	3.810	15400	3.910	7000	3.920	2500	3.930	11650	3.940	12600	3.950	11807	/16843536//9017954/2305096/3.9/3.99//2008-9-18 13:37:34
751/600035/楚天高速/3.900	10196	3.880	32000	3.850	5000	3.820	9500	3.810	15400	3.910	11300	3.920	4500	3.930	11650	3.940	12600	3.950	11807	/16843536//9022634/2306296/3.9/3.99//2008-9-18 13:38:34
751/600035/楚天高速/3.880	32000	3.850	5000	3.820	9500	3.810	18400	3.800	5800	3.900	35904	3.910	12400	3.920	6500	3.930	11650	3.940	12600	/16843536//9064349/2316992/3.9/3.99//2008-9-18 13:39:35
751/600035/楚天高速/3.880	22200	3.850	5000	3.820	9500	3.810	18400	3.800	5800	3.900	33804	3.910	5500	3.920	6500	3.930	11650	3.940	12600	/16843536//9106663/2327892/3.88/3.99//2008-9-18 13:40:35
751/600035/楚天高速/3.880	22200	3.850	6000	3.840	1000	3.830	2100	3.820	11600	3.900	36304	3.910	5500	3.920	36500	3.930	11650	3.940	11600	/16843536//9106663/2327892/3.88/3.99//2008-9-18 13:41:36
751/600035/楚天高速/3.880	23200	3.850	7000	3.840	3700	3.830	4200	3.820	11600	3.890	1000	3.900	33000	3.910	5500	3.920	36500	3.930	11650	/16843536//9107443/2328092/3.9/3.99//2008-9-18 13:42:36
751/600035/楚天高速/3.890	1700	3.880	23100	3.850	7000	3.840	3700	3.830	4200	3.900	33000	3.910	5500	3.920	36500	3.930	11650	3.940	11600	/16843536//9112888/2329492/3.89/3.99//2008-9-18 13:43:37
751/600035/楚天高速/3.890	3200	3.880	23100	3.850	7000	3.840	3700	3.830	4200	3.900	28000	3.910	5300	3.920	36500	3.930	9550	3.940	11600	/16843536//9131221/2334192/3.9/3.99//2008-9-18 13:44:37
751/600035/楚天高速/3.900	44400	3.890	4700	3.880	23600	3.850	7000	3.840	3700	3.920	300	3.930	9550	3.940	10100	3.950	13807	3.960	4000	/16843536//9278392/2371892/3.92/3.99//2008-9-18 13:45:38
751/600035/楚天高速/3.920	2400	3.910	19600	3.900	31700	3.890	4700	3.880	23600	3.930	9550	3.940	10100	3.950	13807	3.960	4000	3.980	1400	/16843536//9299168/2377192/3.92/3.99//2008-9-18 13:46:39
751/600035/楚天高速/3.920	10500	3.910	17700	3.900	29300	3.890	4700	3.880	23600	3.930	9850	3.940	8100	3.950	11807	3.960	9000	3.970	5000	/16843536//9307008/2379192/3.92/3.99//2008-9-18 13:47:39
751/600035/楚天高速/3.920	9900	3.910	16500	3.900	29300	3.890	4700	3.880	23100	3.930	5650	3.940	10599	3.950	10407	3.960	9000	3.970	5000	/16843536//9330193/2385092/3.92/3.99//2008-9-18 13:48:40
751/600035/楚天高速/3.920	9300	3.910	6500	3.900	29300	3.890	4700	3.880	26100	3.930	2050	3.940	10599	3.950	11407	3.960	9000	3.970	5000	/16843536//9363991/2393692/3.93/3.99//2008-9-18 13:49:40
751/600035/楚天高速/3.920	8300	3.910	6500	3.900	30400	3.890	4700	3.880	26100	3.930	14150	3.940	10599	3.950	11407	3.960	9000	3.970	5000	/16843536//9408375/2404992/3.93/3.99//2008-9-18 13:50:41
751/600035/楚天高速/3.910	3500	3.900	2400	3.890	3700	3.880	26100	3.850	7000	3.920	34700	3.930	20350	3.940	10599	3.950	11407	3.960	19000	/16843536//9450686/2415792/3.91/3.99//2008-9-18 13:51:41
751/600035/楚天高速/3.890	2100	3.880	26100	3.850	8000	3.840	3700	3.830	4200	3.900	7400	3.910	13300	3.920	33400	3.930	18850	3.940	10599	/16843536//9483091/2424092/3.9/3.99//2008-9-18 13:52:42
751/600035/楚天高速/3.890	2885	3.880	26100	3.850	8000	3.840	3700	3.830	5700	3.900	11600	3.910	7300	3.920	33400	3.930	18850	3.940	10599	/16843536//9478847/2423007/3.89/3.99//2008-9-18 13:53:42
751/600035/楚天高速/3.890	3185	3.880	27100	3.850	8000	3.840	3700	3.830	5700	3.900	11600	3.910	7300	3.920	30000	3.930	18850	3.940	10599	/16843536//9485460/2424707/3.89/3.99//2008-9-18 13:54:43
751/600035/楚天高速/3.890	8385	3.880	27100	3.850	8000	3.840	3700	3.830	5700	3.900	10600	3.910	7300	3.920	30000	3.930	18850	3.940	10599	/16843536//9508090/2430522/3.89/3.99//2008-9-18 13:55:44
751/600035/楚天高速/3.890	8385	3.880	27100	3.850	8000	3.840	3700	3.830	5700	3.900	10600	3.910	7300	3.920	31200	3.930	18850	3.940	10599	/16843536//9508090/2430522/3.89/3.99//2008-9-18 13:56:44
751/600035/楚天高速/3.890	10385	3.880	27100	3.850	8000	3.840	3700	3.830	5700	3.900	1500	3.910	5300	3.920	31200	3.930	18850	3.940	8100	/16843536//9524810/2434807/3.9/3.99//2008-9-18 13:57:45
751/600035/楚天高速/3.900	8500	3.890	10385	3.880	27100	3.850	8000	3.840	3700	3.910	5300	3.920	31200	3.930	18850	3.940	8100	3.950	11407	/16843536//9530660/2436307/3.9/3.99//2008-9-18 13:58:45
751/600035/楚天高速/3.900	7100	3.890	10385	3.880	27100	3.850	8000	3.840	3700	3.910	4200	3.920	30700	3.930	18850	3.940	8100	3.950	11407	/16843536//9544331/2439807/3.91/3.99//2008-9-18 13:59:46
751/600035/楚天高速/3.900	7800	3.890	10385	3.880	27100	3.850	8000	3.840	3700	3.920	30700	3.930	18850	3.940	8100	3.950	11407	3.960	9000	/16843536//9569723/2446307/3.91/3.99//2008-9-18 14:0:47
751/600035/楚天高速/3.890	10385	3.880	27100	3.850	8000	3.840	3700	3.830	5700	3.900	2800	3.910	700	3.920	30700	3.930	18850	3.940	8100	/16843536//9600143/2454107/3.9/3.99//2008-9-18 14:1:47
751/600035/楚天高速/3.880	27100	3.850	8000	3.840	3700	3.830	5700	3.820	13300	3.890	10615	3.900	3400	3.910	5700	3.920	30700	3.930	18850	/16843536//9650265/2466992/3.89/3.99//2008-9-18 14:2:48
751/600035/楚天高速/3.880	27001	3.850	8000	3.840	3700	3.830	5700	3.820	13300	3.890	10615	3.900	3400	3.910	5900	3.920	30700	3.930	18850	/16843536//9650649/2467091/3.88/3.99//2008-9-18 14:3:48
751/600035/楚天高速/3.880	26001	3.850	8000	3.840	3700	3.830	15700	3.820	13300	3.890	4600	3.900	2500	3.910	5900	3.920	30700	3.930	18850	/16843536//9659965/2469491/3.88/3.99//2008-9-18 14:4:49
751/600035/楚天高速/3.880	15386	3.850	8000	3.840	3700	3.830	14200	3.820	13300	3.890	5600	3.900	3800	3.910	900	3.920	32080	3.930	18850	/16843536//9697272/2479106/3.88/3.99//2008-9-18 14:5:50
751/600035/楚天高速/3.880	15386	3.850	8000	3.840	3700	3.830	14200	3.820	13300	3.890	4600	3.900	3800	3.910	900	3.920	32080	3.930	20350	/16843536//9701162/2480106/3.89/3.99//2008-9-18 14:6:50
751/600035/楚天高速/3.890	2200	3.880	13386	3.850	6000	3.830	10000	3.820	9200	3.900	200	3.910	1200	3.920	32080	3.930	20350	3.940	8100	/16843536//9730756/2487706/3.9/3.99//2008-9-18 14:7:51
751/600035/楚天高速/3.900	4800	3.890	4500	3.880	13386	3.850	6000	3.840	1000	3.910	1200	3.920	32080	3.930	18000	3.940	8100	3.950	12007	/16843536//9731536/2487906/3.9/3.99//2008-9-18 14:8:51
751/600035/楚天高速/3.910	3800	3.900	11500	3.890	4500	3.880	13886	3.850	6000	3.920	30700	3.930	18000	3.940	8100	3.950	12007	3.960	8000	/16843536//9737398/2489406/3.91/3.99//2008-9-18 14:9:52
751/600035/楚天高速/3.930	300	3.910	8300	3.900	9500	3.890	4200	3.880	16986	3.940	8100	3.950	11007	3.960	8000	3.970	5000	3.980	1400	/16843536//9936322/2540106/3.93/3.99//2008-9-18 14:10:53
751/600035/楚天高速/3.930	2300	3.920	1000	3.910	8300	3.900	9500	3.890	4200	3.940	7200	3.950	10007	3.960	8000	3.970	5000	3.980	1000	/16843536//9951289/2543906/3.94/3.99//2008-9-18 14:11:53
751/600035/楚天高速/3.950	2693	3.940	200	3.930	300	3.920	1400	3.910	3300	3.960	8000	3.970	5000	3.980	1000	3.990	19705	4.000	127724	/16843536//10033368/2564713/3.95/3.99//2008-9-18 14:12:54
751/600035/楚天高速/3.950	2693	3.940	200	3.920	1400	3.910	4300	3.900	12600	3.970	5300	3.980	26000	3.990	30463	4.000	127724	4.010	17700	/16843536//10065048/2572713/3.96/3.99//2008-9-18 14:13:55
751/600035/楚天高速/3.950	3693	3.940	200	3.920	1400	3.910	1000	3.900	12600	3.970	1300	3.980	29000	3.990	30463	4.000	117724	4.010	17700	/16843536//10065048/2572713/3.96/3.99//2008-9-18 14:14:55
751/600035/楚天高速/3.940	200	3.920	1400	3.910	1000	3.900	12600	3.890	17200	3.950	34407	3.970	5700	3.980	29500	3.990	30463	4.000	117824	/16843536//10083586/2577406/3.95/3.99//2008-9-18 14:15:56
751/600035/楚天高速/3.920	1400	3.910	4000	3.900	12600	3.890	17200	3.880	3600	3.950	31207	3.970	5700	3.980	29500	3.990	30463	4.000	117824	/16843536//10108444/2583706/3.95/3.99//2008-9-18 14:16:56
751/600035/楚天高速/3.940	500	3.930	1000	3.920	1400	3.910	4000	3.900	17600	3.950	29207	3.970	4700	3.980	29500	3.990	30463	4.000	117824	/16843536//10110414/2584206/3.94/3.99//2008-9-18 14:17:57
751/600035/楚天高速/3.950	25293	3.940	500	3.930	1000	3.920	1400	3.910	5000	3.970	5500	3.980	9500	3.990	30463	4.000	117824	4.010	17700	/16843536//10230545/2614613/3.97/3.99//2008-9-18 14:18:58
751/600035/楚天高速/3.990	295	3.980	20000	3.970	36100	3.960	22400	3.950	16393	4.000	40700	4.010	17200	4.020	37500	4.030	27200	4.040	17800	/16843536//10398708/2656923/3.99/3.99//2008-9-18 14:19:58
751/600035/楚天高速/4.000	30900	3.990	1000	3.980	5000	3.970	28300	3.960	10000	4.010	12300	4.020	36500	4.030	27200	4.040	17800	4.050	61850	/16843536//10564795/2698418/4.0/3.99//2008-9-18 14:20:59
751/600035/楚天高速/4.020	7200	4.010	12900	4.000	36500	3.990	1000	3.970	28300	4.030	26800	4.040	15800	4.050	61850	4.060	17500	4.080	56200	/16843536//10761261/2747318/4.03/3.99//2008-9-18 14:22:0
751/600035/楚天高速/4.020	8200	4.010	25900	4.000	21700	3.990	1000	3.970	18300	4.030	22300	4.040	12800	4.050	59350	4.060	17500	4.080	54200	/16843536//10778180/2751518/4.03/3.99//2008-9-18 14:23:0
751/600035/楚天高速/4.030	4600	4.020	7000	4.010	12900	4.000	20100	3.990	1000	4.040	22400	4.050	59350	4.060	17500	4.070	700	4.080	54200	/16843536//10890611/2779418/4.04/3.99//2008-9-18 14:24:1
751/600035/楚天高速/4.020	4000	4.010	12900	4.000	20100	3.990	1000	3.970	18300	4.030	2800	4.040	32400	4.050	59350	4.060	17500	4.070	13500	/16843536//10930085/2789218/4.02/3.99//2008-9-18 14:25:2
751/600035/楚天高速/4.010	12900	4.000	20100	3.990	1000	3.970	18300	3.950	4093	4.020	1200	4.030	15200	4.040	31400	4.050	60350	4.060	17500	/16843536//10951794/2794618/4.02/3.99//2008-9-18 14:26:2
751/600035/楚天高速/4.000	17200	3.970	18300	3.950	7093	3.940	3500	3.930	1000	4.020	2700	4.030	19200	4.040	31400	4.050	61350	4.060	17500	/16843536//11004309/2807718/4.0/3.99//2008-9-18 14:27:3
751/600035/楚天高速/4.000	7500	3.970	15300	3.950	7093	3.940	3500	3.930	1000	4.010	31700	4.020	2900	4.030	19200	4.040	34600	4.050	62350	/16843536//11043109/2817418/4.0/3.99//2008-9-18 14:28:4
751/600035/楚天高速/3.970	15000	3.950	6093	3.940	3500	3.930	1000	3.920	1400	4.000	1100	4.010	38200	4.020	3000	4.030	20500	4.040	34600	/16843536//11081500/2827018/4.0/3.99//2008-9-18 14:29:4
751/600035/楚天高速/3.970	15200	3.950	5093	3.940	6100	3.930	1000	3.920	1400	4.000	23500	4.010	8200	4.020	3000	4.030	20500	4.040	36600	/16843536//11086700/2828318/4.0/3.99//2008-9-18 14:30:5
751/600035/楚天高速/4.000	15300	3.980	7000	3.970	15200	3.950	5093	3.940	3500	4.010	7800	4.020	4000	4.030	42500	4.040	36600	4.050	64450	/16843536//11261904/2872118/4.0/3.99//2008-9-18 14:31:6
751/600035/楚天高速/4.000	19700	3.980	7000	3.970	15200	3.950	5093	3.940	3500	4.010	4300	4.020	4600	4.030	21000	4.040	36600	4.050	64450	/16843536//11280794/2876818/4.01/3.99//2008-9-18 14:32:6
751/600035/楚天高速/4.000	16800	3.980	7000	3.970	15000	3.950	5093	3.940	3500	4.020	6300	4.030	20500	4.040	36600	4.050	74450	4.060	17500	/16843536//11291194/2879418/4.02/3.99//2008-9-18 14:33:7
751/600035/楚天高速/4.000	24700	3.980	7000	3.970	15000	3.950	5093	3.940	3500	4.020	6100	4.030	27000	4.040	37100	4.050	75450	4.060	17500	/16843536//11302406/2882218/4.0/3.99//2008-9-18 14:34:8
751/600035/楚天高速/4.000	24800	3.980	7000	3.970	15000	3.950	5093	3.940	3500	4.030	26800	4.040	46900	4.050	75450	4.060	17500	4.070	14500	/16843536//11326928/2888318/4.02/3.99//2008-9-18 14:35:8
751/600035/楚天高速/4.010	8100	4.000	24800	3.980	2000	3.970	15000	3.950	5093	4.020	1400	4.030	8400	4.040	46900	4.050	75450	4.060	17500	/16843536//11405100/2907718/4.03/3.99//2008-9-18 14:36:9
751/600035/楚天高速/4.020	100	4.010	8100	4.000	24800	3.980	2000	3.970	15000	4.030	13600	4.040	48200	4.050	75750	4.060	11500	4.070	14500	/16843536//11491323/2929118/4.03/3.99//2008-9-18 14:37:10
751/600035/楚天高速/4.000	24700	3.980	2000	3.970	15000	3.950	5093	3.940	3500	4.010	16600	4.020	1200	4.030	27600	4.040	48500	4.050	75750	/16843536//11523400/2937118/4.01/3.99//2008-9-18 14:38:10
751/600035/楚天高速/4.000	4800	3.980	6500	3.970	15000	3.950	5093	3.940	3500	4.010	17600	4.020	1100	4.030	27700	4.040	46500	4.050	75750	/16843536//11565400/2947618/4.0/3.99//2008-9-18 14:39:11
751/600035/楚天高速/3.970	9900	3.950	5093	3.940	3500	3.930	1000	3.920	1000	4.000	3900	4.010	2600	4.020	21100	4.030	27700	4.040	46500	/16843536//11790584/3004018/3.97/3.99//2008-9-18 14:40:12
751/600035/楚天高速/3.970	9900	3.950	2000	3.940	3500	3.930	1000	3.920	1000	4.000	5700	4.010	3800	4.020	21700	4.030	27700	4.040	46800	/16843536//11711667/2984218/4.0/3.99//2008-9-18 14:41:12
751/600035/楚天高速/3.980	5800	3.970	9900	3.950	2500	3.940	3500	3.930	1000	4.000	7100	4.010	7400	4.020	21700	4.030	27700	4.040	68500	/16843536//11712867/2984518/4.0/3.99//2008-9-18 14:42:13
751/600035/楚天高速/3.990	4500	3.980	5800	3.970	9900	3.950	2500	3.940	3500	4.000	26300	4.010	15100	4.020	22200	4.030	18700	4.040	79215	/16843536//11713267/2984618/4.0/3.99//2008-9-18 14:43:14
751/600035/楚天高速/3.990	4400	3.980	5800	3.970	10900	3.950	2500	3.940	3500	4.000	45800	4.010	15100	4.020	21600	4.030	19200	4.040	79215	/16843536//11715666/2985218/4.0/3.99//2008-9-18 14:44:14
751/600035/楚天高速/3.990	4400	3.980	5800	3.970	10900	3.950	2500	3.940	3500	4.000	45800	4.010	15100	4.020	21600	4.030	19500	4.040	79215	/16843536//11725641/2987718/3.99/3.99//2008-9-18 14:45:15
751/600035/楚天高速/3.990	2800	3.980	5800	3.970	9900	3.950	2500	3.940	3500	4.000	45500	4.010	15100	4.020	21600	4.030	19500	4.040	77715	/16843536//11729634/2988718/3.99/3.99//2008-9-18 14:46:16
751/600035/楚天高速/3.980	4800	3.970	9900	3.950	2500	3.940	3500	3.930	1000	3.990	6600	4.000	46700	4.010	14700	4.020	21600	4.030	19500	/16843536//11759160/2996118/3.98/3.99//2008-9-18 14:47:16
751/600035/楚天高速/3.950	2500	3.940	3500	3.930	2000	3.920	14600	3.910	4000	3.970	10100	3.980	800	3.990	6000	4.000	45700	4.010	14700	/16843536//11817573/3010818/3.97/3.99//2008-9-18 14:48:17
751/600035/楚天高速/3.940	3500	3.930	2000	3.920	14600	3.910	8000	3.900	15600	3.950	19100	3.970	10100	3.980	3800	3.990	6000	4.000	25700	/16843536//11841293/3016818/3.95/3.99//2008-9-18 14:49:18
751/600035/楚天高速/3.940	3500	3.930	4500	3.920	15600	3.910	8000	3.900	25200	3.950	8600	3.970	10100	3.980	3800	3.990	6000	4.000	25700	/16843536//11872883/3024818/3.95/3.99//2008-9-18 14:50:18
751/600035/楚天高速/3.940	3500	3.930	4500	3.920	15600	3.910	12000	3.900	25200	3.950	7100	3.970	10100	3.980	3800	3.990	6000	4.000	25700	/16843536//11879596/3026518/3.95/3.99//2008-9-18 14:51:19
751/600035/楚天高速/3.940	2300	3.930	2600	3.920	15600	3.910	9000	3.900	25200	3.950	1300	3.970	10100	3.980	3800	3.990	6000	4.000	25700	/16843536//11906446/3033318/3.95/3.99//2008-9-18 14:52:20
751/600035/楚天高速/3.960	100	3.950	2600	3.940	2200	3.930	3600	3.920	15600	3.970	10100	3.980	800	3.990	6000	4.000	25700	4.010	14700	/16843536//11925800/3038218/3.95/3.99//2008-9-18 14:53:21
751/600035/楚天高速/3.960	1100	3.950	17800	3.940	2200	3.930	6200	3.920	3000	3.970	9800	3.980	1000	3.990	6300	4.000	25800	4.010	14700	/16843536//11925411/3038118/3.97/3.99//2008-9-18 14:54:21
751/600035/楚天高速/3.970	6700	3.960	3600	3.950	26700	3.940	3200	3.930	6700	3.980	500	3.990	6300	4.000	27200	4.010	15000	4.020	22400	/16843536//11966307/3048418/3.98/3.99//2008-9-18 14:55:22
751/600035/楚天高速/3.980	16200	3.970	6700	3.960	7600	3.950	17200	3.940	3200	3.990	14800	4.000	27200	4.010	15000	4.020	22400	4.030	18500	/16843536//11978257/3051418/3.99/3.99//2008-9-18 14:56:23
751/600035/楚天高速/3.980	16500	3.970	6700	3.960	8600	3.950	14900	3.940	3200	3.990	500	4.000	27600	4.010	17269	4.020	22400	4.030	18500	/16843536//12050057/3069418/3.99/3.99//2008-9-18 14:57:23
751/600035/楚天高速/3.980	12000	3.970	6700	3.960	8100	3.950	13900	3.940	3200	3.990	1600	4.000	30164	4.010	15669	4.020	22400	4.030	18500	/16843536//12068775/3074118/3.99/3.99//2008-9-18 14:58:24
751/600035/楚天高速/3.980	14000	3.960	8600	3.950	1400	3.940	3200	3.930	4100	3.990	38000	4.000	35164	4.010	15369	4.020	22400	4.030	18500	/16843536//12085533/3078318/3.99/3.99//2008-9-18 14:59:25
751/600035/楚天高速/3.980	10300	3.960	9000	3.950	1400	3.940	3200	3.930	4100	3.990	16400	4.000	33100	4.010	15369	4.020	22400	4.030	18500	/16843536//12187640/3103918/3.99/3.99//2008-9-18 15:0:26
751/600035/楚天高速/3.980	10300	3.960	9000	3.950	1400	3.940	3200	3.930	4100	3.990	16400	4.000	33100	4.010	15369	4.020	22400	4.030	18500	/16843536//12187640/3103918/3.99/3.99//2008-9-18 15:1:26
751/600035/楚天高速/3.980	10300	3.960	9000	3.950	1400	3.940	3200	3.930	4100	3.990	16400	4.000	33100	4.010	15369	4.020	22400	4.030	18500	/16843536//12187640/3103918/3.99/3.99//2008-9-18 15:2:27
