35/600071/凤凰光学/3.370	56750	3.350	400	3.330	1000	3.300	1600	3.280	300	3.380	1900	3.390	2500	3.400	16701	3.420	1000	3.430	1400	/16842789//97988/29100/3.37/3.37//2008-9-18 9:31:34
35/600071/凤凰光学/3.370	45350	3.350	400	3.330	7300	3.300	1600	3.280	300	3.390	2200	3.400	16701	3.420	1000	3.430	1400	3.450	20800	/16842789//95534/28350/3.39/3.37//2008-9-18 9:32:35
35/600071/凤凰光学/3.380	1000	3.370	35350	3.350	400	3.330	7300	3.300	1600	3.390	1200	3.400	7501	3.420	1000	3.430	2400	3.450	20800	/16842789//141422/41950/3.39/3.37//2008-9-18 9:33:35
35/600071/凤凰光学/3.370	28950	3.350	400	3.330	7300	3.300	1600	3.280	300	3.380	5300	3.390	2200	3.400	7801	3.420	1000	3.430	9400	/16842789//185262/54950/3.37/3.37//2008-9-18 9:34:35
35/600071/凤凰光学/3.350	400	3.330	7300	3.300	1600	3.280	300	3.250	5500	3.370	1650	3.380	5100	3.390	1200	3.400	7801	3.420	8800	/16842789//286541/85000/3.37/3.37//2008-9-18 9:35:35
35/600071/凤凰光学/3.350	400	3.330	7800	3.300	1600	3.280	300	3.260	1200	3.370	6450	3.380	5100	3.390	1800	3.400	7801	3.420	11300	/16842789//289911/86000/3.37/3.37//2008-9-18 9:36:36
35/600071/凤凰光学/3.220	1000	3.210	1000	3.200	14200	3.170	1500	3.150	1100	3.250	4200	3.350	1600	3.370	5050	3.380	1100	3.390	1800	/16842789//342913/102200/3.25/3.37//2008-9-18 9:37:36
35/600071/凤凰光学/3.330	300	3.220	11000	3.210	1500	3.200	14200	3.170	1600	3.370	5650	3.380	300	3.390	1800	3.400	7801	3.420	11300	/16842789//373580/111500/3.33/3.37//2008-9-18 9:38:36
35/600071/凤凰光学/3.250	300	3.230	9500	3.220	11800	3.210	3000	3.200	17300	3.360	5000	3.370	5650	3.380	4300	3.390	1800	3.400	7801	/16842789//374579/111800/3.33/3.37//2008-9-18 9:39:36
35/600071/凤凰光学/3.280	100	3.230	9900	3.220	11800	3.210	5600	3.200	17300	3.310	5000	3.330	44350	3.370	5650	3.380	4300	3.390	4800	/16842789//382216/114100/3.33/3.37//2008-9-18 9:40:36
35/600071/凤凰光学/3.240	1200	3.230	19200	3.220	11800	3.210	5600	3.200	17900	3.280	1900	3.290	6300	3.310	8000	3.320	10000	3.330	44350	/16842789//383860/114600/3.29/3.37//2008-9-18 9:41:37
35/600071/凤凰光学/3.280	500	3.250	1800	3.240	5300	3.230	18500	3.220	11800	3.290	8700	3.310	5000	3.320	10000	3.330	44350	3.370	5650	/16842789//398516/119100/3.24/3.37//2008-9-18 9:42:37
35/600071/凤凰光学/3.250	11500	3.240	19200	3.230	18500	3.220	11800	3.210	5600	3.280	14300	3.290	8800	3.310	6200	3.320	10000	3.330	44350	/16842789//438062/131200/3.28/3.37//2008-9-18 9:43:37
35/600071/凤凰光学/3.280	9900	3.270	700	3.260	9300	3.250	14400	3.240	25700	3.290	6400	3.320	10000	3.330	44350	3.370	31650	3.380	4300	/16842789//487262/146200/3.28/3.37//2008-9-18 9:44:37
35/600071/凤凰光学/3.290	5600	3.280	10100	3.270	700	3.260	2000	3.250	14400	3.320	10000	3.330	42350	3.370	650	3.380	4300	3.390	4200	/16842789//509306/152900/3.29/3.37//2008-9-18 9:45:37
35/600071/凤凰光学/3.290	5000	3.280	10100	3.270	5700	3.260	1000	3.250	14400	3.300	200	3.320	10400	3.330	42350	3.370	650	3.380	4300	/16842789//511280/153500/3.29/3.37//2008-9-18 9:46:38
35/600071/凤凰光学/3.300	800	3.290	6800	3.280	10100	3.270	5700	3.260	1000	3.310	2000	3.320	10400	3.330	42350	3.370	650	3.380	4300	/16842789//518520/155700/3.3/3.37//2008-9-18 9:47:38
35/600071/凤凰光学/3.300	700	3.290	6800	3.280	10100	3.270	5700	3.260	1000	3.310	2000	3.320	10400	3.330	42350	3.370	650	3.380	4300	/16842789//523140/157100/3.3/3.37//2008-9-18 9:48:38
35/600071/凤凰光学/3.300	1700	3.290	3800	3.280	3800	3.270	5700	3.260	1000	3.310	1200	3.320	10700	3.330	42350	3.370	50	3.380	4300	/16842789//533070/160100/3.31/3.37//2008-9-18 9:49:39
35/600071/凤凰光学/3.280	3800	3.270	5700	3.260	1000	3.250	14400	3.240	22600	3.290	6200	3.300	51000	3.310	1200	3.320	700	3.330	42350	/16842789//552502/166000/3.29/3.37//2008-9-18 9:50:39
35/600071/凤凰光学/3.280	3800	3.270	5700	3.260	1000	3.250	14400	3.240	14600	3.290	5300	3.300	52000	3.320	700	3.330	42350	3.350	1300	/16842789//559082/168000/3.29/3.37//2008-9-18 9:51:39
35/600071/凤凰光学/3.270	5700	3.260	7700	3.250	16000	3.240	11600	3.230	10200	3.290	5300	3.300	52000	3.320	700	3.330	42350	3.350	1300	/16842789//573186/172300/3.28/3.37//2008-9-18 9:52:39
35/600071/凤凰光学/3.270	900	3.260	7700	3.250	15000	3.240	11600	3.230	10200	3.280	1000	3.290	5300	3.300	52000	3.320	700	3.330	42350	/16842789//587570/176700/3.27/3.37//2008-9-18 9:53:40
35/600071/凤凰光学/3.260	7700	3.250	15000	3.240	10600	3.230	9200	3.220	11300	3.270	4900	3.280	1800	3.290	5700	3.300	52000	3.320	300	/16842789//590513/177600/3.27/3.37//2008-9-18 9:54:40
35/600071/凤凰光学/3.260	7600	3.250	14700	3.240	9900	3.230	9200	3.220	11300	3.270	1700	3.290	5700	3.300	52000	3.330	42350	3.350	9700	/16842789//604564/181900/3.27/3.37//2008-9-18 9:55:40
35/600071/凤凰光学/3.260	6500	3.250	14700	3.240	8300	3.230	8700	3.220	11300	3.270	1700	3.290	5700	3.300	52000	3.330	42350	3.350	9700	/16842789//610758/183800/3.26/3.37//2008-9-18 9:56:41
35/600071/凤凰光学/3.260	5900	3.250	14700	3.240	8300	3.230	8700	3.220	11300	3.270	1600	3.290	5900	3.300	52000	3.330	42350	3.350	1300	/16842789//610433/183700/3.26/3.37//2008-9-18 9:57:41
35/600071/凤凰光学/3.250	4900	3.240	8300	3.230	8700	3.220	11300	3.210	3600	3.260	25300	3.270	1600	3.290	5900	3.300	52000	3.330	42350	/16842789//648901/195500/3.26/3.37//2008-9-18 9:58:41
35/600071/凤凰光学/3.250	6700	3.240	2300	3.230	8700	3.220	11300	3.210	3600	3.260	22800	3.270	1500	3.290	1700	3.300	52000	3.310	5000	/16842789//651467/196300/3.26/3.37//2008-9-18 9:59:41
35/600071/凤凰光学/3.250	2900	3.240	2300	3.230	8700	3.220	11300	3.210	3600	3.260	22400	3.270	1500	3.290	1700	3.300	52000	3.310	5000	/16842789//675846/203800/3.25/3.37//2008-9-18 10:0:42
35/600071/凤凰光学/3.240	5300	3.230	13700	3.220	11300	3.210	3600	3.200	54900	3.250	1300	3.260	22400	3.270	600	3.280	700	3.290	1700	/16842789//683646/206200/3.25/3.37//2008-9-18 10:1:42
35/600071/凤凰光学/3.230	13700	3.220	11300	3.210	3600	3.200	52100	3.180	1500	3.240	700	3.250	2200	3.260	22800	3.290	1300	3.300	52000	/16842789//715725/216100/3.24/3.24//2008-9-18 10:2:42
35/600071/凤凰光学/3.230	13700	3.220	12400	3.210	3600	3.200	50100	3.180	3100	3.240	6700	3.250	1300	3.260	22800	3.290	1300	3.300	52000	/16842789//706005/213100/3.24/3.24//2008-9-18 10:3:42
35/600071/凤凰光学/3.220	10600	3.210	3600	3.200	50100	3.180	3100	3.170	1600	3.230	49500	3.240	3800	3.250	1300	3.260	400	3.270	100	/16842789//765088/231400/3.22/3.24//2008-9-18 10:4:43
35/600071/凤凰光学/3.210	2600	3.200	49100	3.180	3100	3.170	1600	3.160	500	3.220	22500	3.230	26400	3.240	3800	3.250	1000	3.270	100	/16842789//795678/240900/3.22/3.24//2008-9-18 10:5:43
35/600071/凤凰光学/3.180	2900	3.170	100	3.160	500	3.150	12600	3.130	1000	3.200	50000	3.210	4200	3.220	21500	3.230	26400	3.240	3800	/16842789//984242/299800/3.21/3.24//2008-9-18 10:6:43
35/600071/凤凰光学/3.170	100	3.160	500	3.150	13500	3.130	1000	3.120	500	3.180	1200	3.200	48401	3.210	1900	3.220	20800	3.230	20100	/16842789//1015682/309700/3.18/3.24//2008-9-18 10:7:44
35/600071/凤凰光学/3.130	1000	3.120	4700	3.110	1000	3.100	1800	3.050	18700	3.150	25900	3.160	5000	3.170	14900	3.180	500	3.200	600	/16842789//1126579/344900/3.15/3.24//2008-9-18 10:8:44
35/600071/凤凰光学/3.150	1900	3.140	1000	3.130	5000	3.120	500	3.110	1500	3.160	7000	3.170	14900	3.200	600	3.220	20800	3.230	20100	/16842789//1220058/374600/3.15/3.24//2008-9-18 10:9:44
35/600071/凤凰光学/3.160	2800	3.150	15000	3.140	3500	3.130	5000	3.120	9800	3.170	14900	3.200	600	3.220	20800	3.230	20100	3.240	3800	/16842789//1257940/386600/3.16/3.24//2008-9-18 10:10:44
35/600071/凤凰光学/3.160	1800	3.150	15000	3.140	2500	3.120	9800	3.110	1500	3.170	6900	3.200	600	3.220	20800	3.230	20100	3.240	3800	/16842789//1283300/394600/3.17/3.24//2008-9-18 10:11:45
35/600071/凤凰光学/3.160	1800	3.150	15000	3.140	2000	3.120	500	3.110	1500	3.170	4300	3.200	600	3.220	20800	3.230	20100	3.240	3800	/16842789//1294712/398200/3.17/3.24//2008-9-18 10:12:45
35/600071/凤凰光学/3.160	1800	3.150	16000	3.140	6300	3.120	500	3.110	1500	3.170	500	3.200	600	3.210	300	3.220	20800	3.230	20100	/16842789//1303588/401000/3.17/3.24//2008-9-18 10:13:45
35/600071/凤凰光学/3.170	600	3.160	2500	3.150	16000	3.140	6300	3.130	1100	3.190	1200	3.210	300	3.220	20800	3.230	20100	3.240	3800	/16842789//1305173/401500/3.17/3.24//2008-9-18 10:14:46
35/600071/凤凰光学/3.200	3000	3.170	1100	3.160	1500	3.150	16000	3.140	6300	3.210	1800	3.220	12300	3.230	20100	3.240	3800	3.260	2700	/16842789//1338939/412000/3.21/3.24//2008-9-18 10:15:46
35/600071/凤凰光学/3.200	1100	3.170	2100	3.160	1500	3.150	16100	3.140	6300	3.210	1800	3.220	13600	3.230	100	3.240	3800	3.260	2700	/16842789//1345019/413900/3.2/3.24//2008-9-18 10:16:46
35/600071/凤凰光学/3.200	900	3.170	2100	3.160	2500	3.150	15100	3.140	4300	3.210	1700	3.220	13600	3.230	100	3.240	3800	3.260	2700	/16842789//1347259/414600/3.2/3.24//2008-9-18 10:17:47
35/600071/凤凰光学/3.210	6200	3.200	900	3.170	2100	3.160	5000	3.150	16100	3.220	13600	3.230	100	3.240	3800	3.260	2700	3.270	100	/16842789//1352716/416300/3.21/3.24//2008-9-18 10:18:47
35/600071/凤凰光学/3.210	3100	3.200	1700	3.180	700	3.170	6400	3.160	4200	3.220	12600	3.230	100	3.240	3800	3.260	2700	3.270	100	/16842789//1378727/424400/3.21/3.24//2008-9-18 10:19:47
35/600071/凤凰光学/3.210	2500	3.200	1700	3.180	700	3.170	6400	3.160	4200	3.220	10400	3.230	100	3.240	3800	3.260	2700	3.270	100	/16842789//1388379/427400/3.22/3.24//2008-9-18 10:20:48
35/600071/凤凰光学/3.210	1500	3.200	1700	3.180	700	3.170	6400	3.160	4200	3.220	9500	3.230	100	3.240	4500	3.260	2700	3.270	100	/16842789//1395131/429500/3.22/3.24//2008-9-18 10:21:48
35/600071/凤凰光学/3.200	1700	3.180	700	3.170	6400	3.160	4200	3.150	3100	3.210	3400	3.220	9500	3.230	100	3.240	4500	3.260	2700	/16842789//1416317/436100/3.21/3.24//2008-9-18 10:22:48
35/600071/凤凰光学/3.180	700	3.170	6400	3.160	4200	3.150	3000	3.130	3300	3.200	8800	3.210	3400	3.220	9500	3.230	100	3.240	4500	/16842789//1426877/439400/3.2/3.24//2008-9-18 10:23:48
35/600071/凤凰光学/3.180	1700	3.170	6400	3.160	4200	3.150	3000	3.130	3300	3.200	500	3.210	2600	3.220	10300	3.230	100	3.240	4500	/16842789//1452485/447400/3.21/3.24//2008-9-18 10:24:49
35/600071/凤凰光学/3.190	100	3.180	1700	3.170	6400	3.160	4200	3.150	3000	3.200	2400	3.210	2600	3.220	10300	3.230	100	3.240	4500	/16842789//1453125/447600/3.2/3.24//2008-9-18 10:25:49
35/600071/凤凰光学/3.170	6400	3.160	4200	3.150	3000	3.140	1000	3.130	2400	3.180	2500	3.200	2400	3.210	2600	3.220	10300	3.230	100	/16842789//1464890/451300/3.18/3.24//2008-9-18 10:26:49
35/600071/凤凰光学/3.170	6400	3.160	4200	3.150	3000	3.140	1000	3.130	2400	3.180	1000	3.200	5800	3.210	2600	3.220	10900	3.230	100	/16842789//1469660/452800/3.18/3.24//2008-9-18 10:27:50
35/600071/凤凰光学/3.180	200	3.170	6400	3.160	4700	3.150	3000	3.140	1000	3.200	5800	3.210	2600	3.220	10900	3.230	1936	3.240	4500	/16842789//1476020/454800/3.18/3.24//2008-9-18 10:28:50
35/600071/凤凰光学/3.190	100	3.180	400	3.170	6400	3.160	4700	3.150	3000	3.200	5800	3.210	2600	3.220	10900	3.230	1936	3.240	4500	/16842789//1476020/454800/3.18/3.24//2008-9-18 10:29:50
35/600071/凤凰光学/3.180	2400	3.170	6400	3.160	2200	3.150	3300	3.140	1000	3.190	3300	3.200	7800	3.210	3900	3.220	10900	3.230	1936	/16842789//1473478/454000/3.19/3.24//2008-9-18 10:30:51
35/600071/凤凰光学/3.180	2400	3.170	6400	3.160	2200	3.150	3300	3.140	1000	3.190	3300	3.200	7800	3.210	4900	3.220	10900	3.230	2236	/16842789//1473478/454000/3.19/3.24//2008-9-18 10:31:51
35/600071/凤凰光学/3.180	4100	3.170	6400	3.160	1200	3.150	3300	3.140	1500	3.190	3300	3.200	7800	3.210	4900	3.220	10900	3.230	2236	/16842789//1473478/454000/3.19/3.24//2008-9-18 10:32:51
35/600071/凤凰光学/3.190	900	3.180	1900	3.170	6400	3.160	1200	3.150	3300	3.200	7800	3.210	3600	3.220	10900	3.230	2236	3.240	4500	/16842789//1484005/457300/3.19/3.24//2008-9-18 10:33:52
35/600071/凤凰光学/3.170	1400	3.160	1200	3.150	3300	3.140	1500	3.130	3100	3.200	7800	3.210	3600	3.220	10900	3.230	2236	3.240	4500	/16842789//1508768/465100/3.17/3.24//2008-9-18 10:34:52
35/600071/凤凰光学/3.170	2100	3.160	2200	3.150	3800	3.140	1500	3.130	3100	3.200	4400	3.210	3600	3.220	10900	3.230	2236	3.240	4500	/16842789//1532574/472600/3.17/3.24//2008-9-18 10:35:52
35/600071/凤凰光学/3.170	1850	3.160	2200	3.150	3800	3.140	1500	3.130	3100	3.200	4400	3.210	4300	3.220	10900	3.230	2236	3.240	3800	/16842789//1509560/465350/3.17/3.24//2008-9-18 10:36:53
35/600071/凤凰光学/3.170	1850	3.160	2200	3.150	8800	3.140	1500	3.130	3100	3.200	5700	3.210	4500	3.220	10900	3.230	2236	3.240	3800	/16842789//1509560/465350/3.17/3.24//2008-9-18 10:37:53
35/600071/凤凰光学/3.170	3550	3.160	2200	3.150	9100	3.140	1500	3.130	3100	3.200	5700	3.210	4500	3.220	10300	3.230	2236	3.240	3800	/16842789//1516534/467550/3.17/3.24//2008-9-18 10:38:53
35/600071/凤凰光学/3.180	200	3.170	4550	3.160	2200	3.150	9100	3.140	1500	3.200	3300	3.210	4500	3.220	10300	3.230	2236	3.240	3800	/16842789//1526134/470550/3.2/3.24//2008-9-18 10:39:54
35/600071/凤凰光学/3.180	200	3.170	4550	3.160	2200	3.150	9100	3.140	1500	3.200	2700	3.210	4500	3.220	10300	3.230	2236	3.240	3800	/16842789//1526134/470550/3.2/3.24//2008-9-18 10:40:54
35/600071/凤凰光学/3.180	5200	3.170	4550	3.160	2200	3.150	9100	3.140	1500	3.200	1400	3.210	4500	3.220	10300	3.230	2236	3.240	3800	/16842789//1526134/470550/3.2/3.24//2008-9-18 10:41:54
35/600071/凤凰光学/3.180	2200	3.170	4550	3.160	2200	3.150	9100	3.140	1500	3.200	1400	3.210	4500	3.220	10300	3.230	2236	3.240	3800	/16842789//1535674/473550/3.18/3.24//2008-9-18 10:42:55
35/600071/凤凰光学/3.180	700	3.170	4550	3.160	2200	3.150	10100	3.140	1500	3.200	2200	3.210	4500	3.220	10300	3.230	2236	3.240	3800	/16842789//1540444/475050/3.18/3.24//2008-9-18 10:43:55
35/600071/凤凰光学/3.180	800	3.170	4550	3.160	2200	3.150	10100	3.140	1500	3.200	1600	3.210	4500	3.220	10300	3.230	2236	3.240	3800	/16842789//1542364/475650/3.2/3.24//2008-9-18 10:44:56
35/600071/凤凰光学/3.170	650	3.160	2400	3.150	10100	3.140	1500	3.130	3100	3.200	1600	3.210	4300	3.220	10300	3.230	2236	3.240	3800	/16842789//1563631/482350/3.17/3.24//2008-9-18 10:45:56
35/600071/凤凰光学/3.170	450	3.160	2400	3.150	10100	3.140	1500	3.130	3100	3.200	3000	3.210	4300	3.220	10300	3.230	2136	3.240	3800	/16842789//1564265/482550/3.17/3.24//2008-9-18 10:46:56
35/600071/凤凰光学/3.170	1550	3.160	2400	3.150	10100	3.140	1500	3.130	3100	3.190	500	3.200	3000	3.210	3600	3.220	10300	3.230	2136	/16842789//1567752/483650/3.17/3.24//2008-9-18 10:47:57
35/600071/凤凰光学/3.150	2500	3.140	1500	3.130	3100	3.120	1200	3.110	2500	3.160	2000	3.170	10450	3.190	500	3.200	25200	3.210	3600	/16842789//1607350/496200/3.16/3.24//2008-9-18 10:48:57
35/600071/凤凰光学/3.140	1500	3.130	3100	3.120	1200	3.110	2500	3.100	18600	3.150	4335	3.160	2000	3.170	9450	3.200	24400	3.210	3600	/16842789//1615225/498700/3.15/3.24//2008-9-18 10:49:57
35/600071/凤凰光学/3.140	1600	3.130	3100	3.120	1200	3.110	2500	3.100	18600	3.150	4635	3.160	2000	3.170	9450	3.200	23400	3.210	3600	/16842789//1621191/500600/3.14/3.24//2008-9-18 10:50:58
35/600071/凤凰光学/3.150	365	3.140	3700	3.130	3100	3.120	1200	3.110	2500	3.160	2000	3.170	9450	3.200	23400	3.210	3600	3.220	10900	/16842789//1659497/512770/3.15/3.24//2008-9-18 10:51:58
35/600071/凤凰光学/3.150	865	3.140	5800	3.130	3100	3.120	1200	3.110	2500	3.160	2000	3.170	1300	3.200	23400	3.210	3600	3.220	10900	/16842789//1659497/512770/3.15/3.24//2008-9-18 10:52:58
35/600071/凤凰光学/3.140	6300	3.130	3100	3.120	1200	3.110	2500	3.100	18800	3.150	7435	3.160	2900	3.170	1300	3.200	1900	3.210	7600	/16842789//1662946/513865/3.15/3.24//2008-9-18 10:53:59
35/600071/凤凰光学/3.140	6300	3.130	3100	3.120	1200	3.110	2500	3.100	18800	3.150	7335	3.160	2900	3.170	1300	3.200	1900	3.210	11500	/16842789//1654552/511200/3.15/3.24//2008-9-18 10:54:59
35/600071/凤凰光学/3.150	1165	3.140	6300	3.130	3100	3.120	1200	3.110	2500	3.160	2100	3.170	1300	3.200	1900	3.210	11500	3.220	10900	/16842789//1697297/524770/3.15/3.24//2008-9-18 10:56:0
35/600071/凤凰光学/3.140	7965	3.130	3100	3.120	1200	3.110	3500	3.100	18800	3.150	400	3.160	2100	3.170	1300	3.200	2900	3.210	11500	/16842789//1693088/523435/3.14/3.24//2008-9-18 10:57:0
35/600071/凤凰光学/3.140	8265	3.130	9200	3.120	1200	3.110	3500	3.100	19200	3.150	1000	3.160	2100	3.170	1300	3.180	3000	3.200	2900	/16842789//1694976/524035/3.14/3.24//2008-9-18 10:58:0
35/600071/凤凰光学/3.140	8265	3.130	9200	3.120	1200	3.110	3500	3.100	16200	3.150	500	3.160	2100	3.170	1300	3.180	3000	3.200	23400	/16842789//1696237/524435/3.15/3.24//2008-9-18 10:59:1
35/600071/凤凰光学/3.130	9200	3.120	1200	3.110	3500	3.100	16200	3.080	1400	3.140	1135	3.150	200	3.160	2100	3.170	1300	3.180	3000	/16842789//1723653/533165/3.14/3.24//2008-9-18 11:0:1
35/600071/凤凰光学/3.130	9500	3.120	1200	3.110	3500	3.100	16200	3.080	1400	3.140	1135	3.150	200	3.160	2200	3.170	1300	3.180	3000	/16842789//1723653/533165/3.14/3.24//2008-9-18 11:1:2
35/600071/凤凰光学/3.150	1665	3.130	9500	3.120	1200	3.110	3500	3.100	14300	3.160	2200	3.170	1300	3.180	3000	3.200	24500	3.210	11500	/16842789//1739928/538335/3.15/3.24//2008-9-18 11:2:2
35/600071/凤凰光学/3.130	9500	3.120	1200	3.110	3500	3.100	14300	3.080	1400	3.150	1335	3.160	2100	3.170	1300	3.180	8000	3.200	24500	/16842789//1744118/539665/3.15/3.24//2008-9-18 11:3:2
35/600071/凤凰光学/3.120	1200	3.110	2500	3.100	14300	3.080	1400	3.060	300	3.130	1600	3.140	4100	3.150	8435	3.160	4100	3.170	1300	/16842789//1784258/552500/3.13/3.24//2008-9-18 11:4:3
35/600071/凤凰光学/3.130	4900	3.120	1200	3.110	12900	3.100	14300	3.080	1400	3.140	4100	3.150	6935	3.160	4100	3.170	1300	3.180	8000	/16842789//1789266/554100/3.13/3.24//2008-9-18 11:5:3
35/600071/凤凰光学/3.140	5800	3.110	9800	3.100	14300	3.080	400	3.060	300	3.150	6935	3.160	4100	3.170	1300	3.180	8000	3.200	24500	/16842789//1830428/567300/3.11/3.24//2008-9-18 11:6:4
35/600071/凤凰光学/3.140	3600	3.120	6000	3.110	11800	3.100	14300	3.080	400	3.150	5935	3.160	4100	3.170	1300	3.180	8000	3.200	24500	/16842789//1840486/570500/3.14/3.24//2008-9-18 11:7:4
35/600071/凤凰光学/3.130	1000	3.120	6000	3.110	11800	3.100	27300	3.080	400	3.140	1400	3.150	3935	3.160	3100	3.170	1300	3.180	8000	/16842789//1852105/574200/3.14/3.24//2008-9-18 11:8:4
35/600071/凤凰光学/3.120	7000	3.110	11800	3.100	24300	3.090	600	3.080	400	3.130	400	3.150	3935	3.160	3100	3.170	1300	3.180	8000	/16842789//1855235/575200/3.13/3.24//2008-9-18 11:9:5
35/600071/凤凰光学/3.130	1000	3.120	1500	3.110	11800	3.100	24300	3.090	600	3.140	1199	3.150	3935	3.160	3100	3.170	1300	3.180	8000	/16842789//1872395/580700/3.12/3.24//2008-9-18 11:10:5
35/600071/凤凰光学/3.140	401	3.130	1000	3.120	3100	3.110	11800	3.100	24300	3.150	3935	3.160	3100	3.170	1300	3.180	8000	3.200	24900	/16842789//1877416/582299/3.14/3.24//2008-9-18 11:11:6
35/600071/凤凰光学/3.110	11800	3.100	24300	3.090	600	3.080	400	3.060	4000	3.120	7700	3.140	9499	3.150	3935	3.160	3100	3.170	1300	/16842789//1889285/586100/3.12/3.24//2008-9-18 11:12:6
35/600071/凤凰光学/3.120	2700	3.110	11800	3.100	24600	3.090	600	3.080	400	3.140	3000	3.150	4535	3.160	3100	3.170	1300	3.180	8000	/16842789//1913621/593900/3.12/3.24//2008-9-18 11:13:7
35/600071/凤凰光学/3.120	2200	3.110	11800	3.100	24600	3.090	600	3.080	400	3.140	1000	3.150	4535	3.160	3100	3.170	1300	3.180	8000	/16842789//1915181/594400/3.12/3.24//2008-9-18 11:14:7
35/600071/凤凰光学/3.120	800	3.110	11800	3.100	29600	3.090	5600	3.080	600	3.140	1000	3.150	4535	3.160	3100	3.170	1300	3.180	8000	/16842789//1919549/595800/3.12/3.24//2008-9-18 11:15:7
35/600071/凤凰光学/3.120	11600	3.110	11900	3.100	29600	3.090	5700	3.080	600	3.150	1335	3.160	3100	3.170	2600	3.180	8000	3.200	3400	/16842789//1945989/604200/3.15/3.24//2008-9-18 11:16:8
35/600071/凤凰光学/3.130	2000	3.120	16700	3.110	11900	3.100	29600	3.090	5700	3.150	2035	3.160	3100	3.170	2600	3.180	8000	3.200	3400	/16842789//1945989/604200/3.15/3.24//2008-9-18 11:17:8
35/600071/凤凰光学/3.130	2000	3.120	16700	3.110	11900	3.100	29600	3.090	5700	3.150	2035	3.160	3000	3.170	2600	3.180	8000	3.200	3400	/16842789//1945989/604200/3.15/3.24//2008-9-18 11:18:9
35/600071/凤凰光学/3.120	12600	3.110	11900	3.100	29600	3.090	5700	3.080	600	3.150	2035	3.160	3000	3.170	2600	3.180	8000	3.200	3400	/16842789//1951821/606100/3.12/3.24//2008-9-18 11:19:9
35/600071/凤凰光学/3.150	865	3.120	12500	3.110	11900	3.100	29600	3.090	5700	3.160	3000	3.170	2600	3.180	8000	3.200	3400	3.210	10500	/16842789//1958543/608235/3.15/3.24//2008-9-18 11:20:10
35/600071/凤凰光学/3.120	11365	3.110	11900	3.100	29600	3.090	5700	3.080	5600	3.140	200	3.150	5499	3.160	3000	3.170	2600	3.180	8000	/16842789//1965751/610535/3.14/3.24//2008-9-18 11:21:10
35/600071/凤凰光学/3.120	16965	3.110	11900	3.100	29600	3.090	5700	3.080	5600	3.140	200	3.150	5499	3.160	3000	3.170	2600	3.180	8000	/16842789//1971991/612535/3.12/3.24//2008-9-18 11:22:10
35/600071/凤凰光学/3.120	13665	3.110	11900	3.100	29600	3.090	5700	3.080	5600	3.140	700	3.150	5499	3.160	3000	3.170	2600	3.180	8000	/16842789//1975111/613535/3.12/3.24//2008-9-18 11:23:11
35/600071/凤凰光学/3.120	5365	3.110	9900	3.100	31600	3.090	5700	3.080	5600	3.140	15900	3.150	5499	3.160	3000	3.170	2600	3.180	8000	/16842789//1993831/619535/3.12/3.24//2008-9-18 11:24:11
35/600071/凤凰光学/3.110	9900	3.100	31600	3.090	5700	3.080	5600	3.070	5000	3.120	1335	3.140	15900	3.150	5499	3.160	3000	3.170	2600	/16842789//2001834/622100/3.12/3.24//2008-9-18 11:25:12
35/600071/凤凰光学/3.120	665	3.110	5401	3.100	31600	3.090	5700	3.080	5600	3.140	700	3.150	1000	3.160	3000	3.170	2600	3.180	8000	/16842789//2019991/627934/3.12/3.24//2008-9-18 11:26:12
35/600071/凤凰光学/3.110	4766	3.100	31600	3.090	5700	3.080	5600	3.070	5000	3.130	200	3.140	7200	3.150	1000	3.160	3000	3.170	2600	/16842789//2024041/629234/3.11/3.24//2008-9-18 11:27:13
35/600071/凤凰光学/3.110	2666	3.100	31600	3.090	5700	3.080	5600	3.070	5000	3.120	12900	3.140	6900	3.150	1000	3.160	3000	3.170	1300	/16842789//2050183/637634/3.11/3.24//2008-9-18 11:28:13
35/600071/凤凰光学/3.110	3166	3.100	31600	3.090	5700	3.080	5600	3.070	5000	3.120	16800	3.140	400	3.150	1800	3.160	3000	3.170	1300	/16842789//2053293/638634/3.11/3.24//2008-9-18 11:29:14
35/600071/凤凰光学/3.100	31600	3.090	5700	3.080	5600	3.070	5000	3.060	8400	3.110	434	3.120	13700	3.140	400	3.150	1800	3.160	3000	/16842789//2063144/641800/3.11/3.24//2008-9-18 11:30:14
35/600071/凤凰光学/3.100	31600	3.090	5700	3.080	5600	3.070	5000	3.060	8400	3.110	434	3.120	13700	3.140	400	3.150	1800	3.160	3000	/16842789//2063144/641800/3.11/3.24//2008-9-18 11:31:15
35/600071/凤凰光学/3.090	5700	3.080	5600	3.070	5300	3.060	8600	3.050	27800	3.100	11190	3.110	3234	3.120	15600	3.130	1000	3.140	2200	/16842789//2233889/696800/3.1/3.24//2008-9-18 13:1:15
35/600071/凤凰光学/3.080	1400	3.070	5300	3.060	8600	3.050	25700	3.040	45000	3.090	5300	3.100	11190	3.110	3034	3.120	15600	3.130	1000	/16842789//2264438/706700/3.08/3.24//2008-9-18 13:2:16
35/600071/凤凰光学/3.080	9400	3.070	5300	3.060	9200	3.050	24700	3.040	45000	3.090	5300	3.100	11190	3.110	3034	3.120	15600	3.130	1000	/16842789//2272446/709300/3.08/3.24//2008-9-18 13:3:16
35/600071/凤凰光学/3.090	1900	3.070	5300	3.060	9200	3.050	24700	3.040	27000	3.100	9190	3.110	3034	3.120	15600	3.130	11000	3.140	2200	/16842789//2326756/726900/3.09/3.24//2008-9-18 13:4:17
35/600071/凤凰光学/3.090	3400	3.070	5300	3.060	9200	3.050	24700	3.040	28200	3.100	7190	3.110	3034	3.120	15600	3.130	11000	3.140	2200	/16842789//2333265/729000/3.1/3.24//2008-9-18 13:5:17
35/600071/凤凰光学/3.090	4100	3.070	5300	3.060	9300	3.050	24700	3.040	28200	3.100	7390	3.110	3034	3.120	17600	3.130	11000	3.140	2200	/16842789//2333265/729000/3.1/3.24//2008-9-18 13:6:18
35/600071/凤凰光学/3.090	2000	3.070	5300	3.060	12300	3.050	24700	3.040	28200	3.100	4590	3.110	3034	3.120	17600	3.130	11000	3.140	2200	/16842789//2342565/732000/3.1/3.24//2008-9-18 13:7:18
35/600071/凤凰光学/3.090	2000	3.080	1000	3.070	5300	3.060	12300	3.050	24700	3.100	4590	3.110	3034	3.120	17600	3.130	11000	3.140	2200	/16842789//2345665/733000/3.1/3.24//2008-9-18 13:8:19
35/600071/凤凰光学/3.080	1000	3.070	5300	3.060	12300	3.050	24700	3.040	28200	3.090	500	3.100	31090	3.110	3034	3.120	17600	3.130	11000	/16842789//2351845/735000/3.09/3.24//2008-9-18 13:9:19
35/600071/凤凰光学/3.070	5400	3.060	12500	3.050	24700	3.040	28200	3.030	59800	3.080	4300	3.090	2500	3.100	31090	3.110	3034	3.120	17600	/16842789//2359853/737600/3.08/3.24//2008-9-18 13:10:20
35/600071/凤凰光学/3.070	4700	3.060	17500	3.050	24700	3.040	28200	3.030	49500	3.080	2000	3.090	2800	3.100	30990	3.110	3034	3.120	17600	/16842789//2366006/739600/3.08/3.24//2008-9-18 13:11:20
35/600071/凤凰光学/3.050	24700	3.040	28200	3.030	50500	0.000	0	0.000	0	3.060	26700	3.070	16300	3.080	2000	3.090	2800	3.100	30990	/16842789//2439204/763500/3.06/3.24//2008-9-18 13:12:21
35/600071/凤凰光学/3.050	4700	3.040	8200	3.030	53500	0.000	0	0.000	0	3.060	26700	3.070	16600	3.080	2000	3.090	2800	3.100	30990	/16842789//2500204/783500/3.05/3.24//2008-9-18 13:13:21
35/600071/凤凰光学/3.030	79000	0.000	0	0.000	0	0.000	0	0.000	0	3.060	26400	3.080	1700	3.090	2800	3.100	4490	3.110	3034	/16842789//2574752/808000/3.05/3.24//2008-9-18 13:14:22
35/600071/凤凰光学/3.050	2300	3.040	1000	3.030	82000	0.000	0	0.000	0	3.060	6400	3.080	1700	3.090	2800	3.100	7590	3.110	3034	/16842789//2574752/808000/3.05/3.24//2008-9-18 13:15:22
35/600071/凤凰光学/3.040	13000	3.030	84000	0.000	0	0.000	0	0.000	0	3.050	13800	3.060	6400	3.080	1700	3.090	2800	3.100	7590	/16842789//2581767/810300/3.05/3.24//2008-9-18 13:16:23
35/600071/凤凰光学/3.040	3400	3.030	89700	0.000	0	0.000	0	0.000	0	3.050	16300	3.060	6400	3.080	1700	3.090	2800	3.100	7590	/16842789//2589392/812800/3.05/3.24//2008-9-18 13:17:23
35/600071/凤凰光学/3.030	52100	0.000	0	0.000	0	0.000	0	0.000	0	3.040	500	3.050	16300	3.060	6400	3.080	2300	3.090	2800	/16842789//2746996/864800/3.03/3.24//2008-9-18 13:18:24
35/600071/凤凰光学/3.030	42100	0.000	0	0.000	0	0.000	0	0.000	0	3.040	4100	3.050	13300	3.060	6400	3.080	3800	3.090	3800	/16842789//2800632/882500/3.03/3.24//2008-9-18 13:19:24
35/600071/凤凰光学/3.040	11900	3.030	52200	0.000	0	0.000	0	0.000	0	3.050	13300	3.060	7900	3.080	3800	3.090	2800	3.100	7590	/16842789//2843396/896600/3.04/3.24//2008-9-18 13:20:25
35/600071/凤凰光学/3.040	11600	3.030	52400	0.000	0	0.000	0	0.000	0	3.050	11300	3.060	7900	3.080	3800	3.090	2800	3.100	7590	/16842789//2845220/897200/3.04/3.24//2008-9-18 13:21:25
35/600071/凤凰光学/3.050	1400	3.030	54200	0.000	0	0.000	0	0.000	0	3.060	7300	3.080	3800	3.090	2800	3.100	7590	3.110	3034	/16842789//2897630/914400/3.06/3.24//2008-9-18 13:22:26
35/600071/凤凰光学/3.050	1900	3.030	55300	0.000	0	0.000	0	0.000	0	3.060	4800	3.080	3800	3.090	5800	3.100	7590	3.110	3034	/16842789//2900690/915400/3.06/3.24//2008-9-18 13:23:26
35/600071/凤凰光学/3.050	500	3.040	3500	3.030	57300	0.000	0	0.000	0	3.060	800	3.080	5300	3.090	5800	3.100	7590	3.110	3034	/16842789//2912930/919400/3.06/3.24//2008-9-18 13:24:27
35/600071/凤凰光学/3.040	20400	3.030	58800	0.000	0	0.000	0	0.000	0	3.050	100	3.080	4700	3.090	5800	3.100	7590	3.110	3034	/16842789//2924205/923100/3.04/3.24//2008-9-18 13:25:27
35/600071/凤凰光学/3.060	1500	3.050	5100	3.040	17400	3.030	65800	0.000	0	3.070	100	3.080	4600	3.090	5800	3.100	7590	3.110	3034	/16842789//2921778/922300/3.08/3.24//2008-9-18 13:26:28
35/600071/凤凰光学/3.070	4500	3.060	7900	3.050	2600	3.040	17400	3.030	65400	3.080	4600	3.090	5800	3.100	4490	3.110	4034	3.120	17600	/16842789//2922085/922400/3.07/3.24//2008-9-18 13:27:28
35/600071/凤凰光学/3.070	4300	3.060	2900	3.050	3400	3.040	12400	3.030	64900	3.090	3800	3.100	4490	3.110	4034	3.120	17600	3.130	12000	/16842789//2948567/931000/3.07/3.24//2008-9-18 13:28:29
35/600071/凤凰光学/3.070	2000	3.060	2900	3.050	3400	3.040	12400	3.030	63900	3.080	600	3.090	1000	3.100	4490	3.110	7134	3.120	17600	/16842789//2958072/934100/3.07/3.24//2008-9-18 13:29:29
35/600071/凤凰光学/3.060	2900	3.050	3400	3.040	12400	3.030	66900	0.000	0	3.070	7450	3.080	600	3.090	1000	3.100	4490	3.110	7134	/16842789//2957151/933800/3.07/3.24//2008-9-18 13:30:30
35/600071/凤凰光学/3.060	1900	3.050	3400	3.040	13900	3.030	67400	0.000	0	3.070	550	3.080	1600	3.090	1000	3.100	4490	3.110	7634	/16842789//2986920/943500/3.06/3.24//2008-9-18 13:31:30
35/600071/凤凰光学/3.080	18400	3.060	1750	3.050	2400	3.040	13900	3.030	68400	3.090	1000	3.100	4490	3.110	7634	3.120	17600	3.130	12000	/16842789//2994762/946050/3.08/3.24//2008-9-18 13:32:31
35/600071/凤凰光学/3.080	18500	3.060	1750	3.050	3400	3.040	12900	3.030	59400	3.090	300	3.100	4490	3.110	7634	3.120	17600	3.130	12000	/16842789//2999088/947450/3.09/3.24//2008-9-18 13:33:31
35/600071/凤凰光学/3.100	2610	3.090	15300	3.080	18500	3.060	1250	3.050	3400	3.110	7134	3.120	17600	3.130	12000	3.140	600	3.150	1800	/16842789//3011771/951540/3.1/3.24//2008-9-18 13:34:32
35/600071/凤凰光学/3.100	12810	3.090	16800	3.080	100	3.060	1250	3.050	3400	3.110	8734	3.120	17600	3.130	12000	3.140	600	3.150	1800	/16842789//3039139/960340/3.11/3.24//2008-9-18 13:35:32
35/600071/凤凰光学/3.120	2866	3.110	8700	3.100	11810	3.090	12500	3.060	1250	3.130	2000	3.140	600	3.150	1800	3.160	3500	3.170	1300	/16842789//3121214/986674/3.12/3.24//2008-9-18 13:36:33
35/600071/凤凰光学/3.130	3000	3.120	8066	3.110	5700	3.100	10410	3.090	12500	3.140	600	3.150	1800	3.160	3500	3.170	1300	3.180	10000	/16842789//3127474/988674/3.13/3.24//2008-9-18 13:37:34
35/600071/凤凰光学/3.130	3000	3.120	5200	3.110	700	3.100	9510	3.090	2500	3.140	600	3.150	2800	3.160	3500	3.170	16300	3.180	10000	/16842789//3136894/991674/3.14/3.24//2008-9-18 13:38:34
35/600071/凤凰光学/3.130	1400	3.120	5200	3.110	700	3.100	9510	3.090	2200	3.140	1300	3.150	2800	3.160	3500	3.170	16300	3.180	10000	/16842789//3164824/1000574/3.14/3.24//2008-9-18 13:39:35
35/600071/凤凰光学/3.120	5200	3.110	700	3.100	9510	3.090	2200	3.060	1350	3.130	600	3.140	900	3.150	2800	3.160	5500	3.170	16300	/16842789//3169206/1001974/3.13/3.24//2008-9-18 13:40:35
35/600071/凤凰光学/3.120	5200	3.110	200	3.100	9610	3.090	2200	3.060	1350	3.130	100	3.140	1900	3.150	2800	3.160	6200	3.170	16300	/16842789//3170771/1002474/3.13/3.24//2008-9-18 13:41:36
35/600071/凤凰光学/3.130	2800	3.120	3200	3.110	200	3.100	9010	3.090	2200	3.140	1900	3.150	2800	3.160	6200	3.170	16300	3.180	10000	/16842789//3177637/1004674/3.13/3.24//2008-9-18 13:42:36
35/600071/凤凰光学/3.120	2100	3.110	200	3.100	9010	3.090	2200	3.060	1350	3.140	1900	3.150	2800	3.160	6200	3.170	16300	3.180	10000	/16842789//3193265/1009674/3.12/3.24//2008-9-18 13:43:37
35/600071/凤凰光学/3.120	7100	3.110	800	3.100	9010	3.090	2300	3.060	1350	3.160	3600	3.170	16300	3.180	10000	3.200	17801	3.210	11600	/16842789//3211211/1015374/3.16/3.24//2008-9-18 13:44:37
35/600071/凤凰光学/3.160	11500	3.150	3000	3.130	3000	3.120	7600	3.110	800	3.170	6300	3.180	15000	3.200	17801	3.210	11600	3.220	10300	/16842789//3285987/1038974/3.17/3.24//2008-9-18 13:45:38
35/600071/凤凰光学/3.160	6500	3.150	3000	3.130	3000	3.120	7000	3.110	800	3.180	15500	3.200	17801	3.210	11600	3.220	10300	3.230	10300	/16842789//3274894/1035474/3.18/3.24//2008-9-18 13:46:39
35/600071/凤凰光学/3.180	5000	3.160	6500	3.150	3100	3.130	4000	3.120	7000	3.190	5000	3.200	14901	3.210	11600	3.220	10300	3.230	10300	/16842789//3371604/1065874/3.18/3.24//2008-9-18 13:47:39
35/600071/凤凰光学/3.160	6500	3.150	3100	3.130	4000	3.120	6500	3.110	800	3.170	8000	3.180	2000	3.190	10300	3.200	14901	3.210	11600	/16842789//3397086/1073874/3.17/3.24//2008-9-18 13:48:40
35/600071/凤凰光学/3.150	100	3.130	4000	3.120	6500	3.110	800	3.100	3310	3.160	1400	3.170	5500	3.180	2000	3.190	16700	3.200	19001	/16842789//3429975/1084274/3.16/3.24//2008-9-18 13:49:40
35/600071/凤凰光学/3.130	1000	3.120	6500	3.110	300	3.100	3310	3.090	2300	3.150	5000	3.160	6300	3.170	5500	3.180	2000	3.190	16700	/16842789//3432167/1084974/3.16/3.24//2008-9-18 13:50:41
35/600071/凤凰光学/3.130	1000	3.120	1500	3.110	9000	3.100	2310	3.090	5300	3.150	2300	3.160	6300	3.170	5500	3.180	3400	3.190	10300	/16842789//3441932/1088074/3.15/3.24//2008-9-18 13:51:41
35/600071/凤凰光学/3.120	1500	3.110	9000	3.100	2310	3.090	5300	3.060	1250	3.130	900	3.150	8900	3.160	6300	3.170	5500	3.180	3700	/16842789//3456368/1092674/3.13/3.24//2008-9-18 13:52:42
35/600071/凤凰光学/3.120	1200	3.110	9000	3.100	1310	3.090	4300	3.060	1250	3.130	900	3.150	8900	3.160	6300	3.170	5500	3.180	3700	/16842789//3457304/1092974/3.12/3.24//2008-9-18 13:53:42
35/600071/凤凰光学/3.120	1200	3.110	9000	3.100	1310	3.090	1300	3.060	1250	3.130	900	3.140	4000	3.150	8900	3.160	6300	3.170	5500	/16842789//3457304/1092974/3.12/3.24//2008-9-18 13:54:43
35/600071/凤凰光学/3.120	7300	3.110	9000	3.100	2310	3.090	1400	3.060	1250	3.130	900	3.140	4000	3.150	8900	3.160	6300	3.170	5500	/16842789//3457304/1092974/3.12/3.24//2008-9-18 13:55:44
35/600071/凤凰光学/3.120	6500	3.110	9000	3.100	2310	3.090	1400	3.060	1250	3.130	900	3.140	4000	3.150	8900	3.160	6300	3.170	5500	/16842789//3459800/1093774/3.12/3.24//2008-9-18 13:56:44
35/600071/凤凰光学/3.130	10700	3.120	7000	3.110	9000	3.100	2310	3.090	1400	3.150	8900	3.160	6300	3.170	5500	3.180	3700	3.190	10300	/16842789//3462617/1094674/3.13/3.24//2008-9-18 13:57:45
35/600071/凤凰光学/3.130	10700	3.120	7000	3.110	9000	3.100	2310	3.090	1400	3.150	8900	3.160	6300	3.170	5500	3.180	8300	3.190	10300	/16842789//3462617/1094674/3.13/3.24//2008-9-18 13:58:45
35/600071/凤凰光学/3.130	10000	3.120	7500	3.110	9000	3.100	2310	3.090	1400	3.150	4800	3.160	6300	3.170	5500	3.180	8700	3.190	10300	/16842789//3463562/1094974/3.15/3.24//2008-9-18 13:59:46
35/600071/凤凰光学/3.130	10000	3.120	7500	3.110	9000	3.100	2310	3.090	1400	3.150	4800	3.160	6300	3.170	5500	3.180	8700	3.190	10300	/16842789//3464507/1095274/3.15/3.24//2008-9-18 14:0:47
35/600071/凤凰光学/3.120	7100	3.110	9000	3.100	2310	3.090	1400	3.060	3750	3.150	5300	3.160	6300	3.170	5500	3.180	8700	3.190	18200	/16842789//3494862/1104974/3.13/3.24//2008-9-18 14:1:47
35/600071/凤凰光学/3.120	6600	3.110	9000	3.100	2310	3.090	1400	3.060	3750	3.130	4100	3.150	5300	3.160	6300	3.170	5500	3.180	8700	/16842789//3497679/1105874/3.13/3.24//2008-9-18 14:2:48
35/600071/凤凰光学/3.120	6600	3.110	9000	3.100	2310	3.090	1400	3.060	3750	3.130	3900	3.150	5300	3.160	6300	3.170	5500	3.180	8700	/16842789//3504878/1108174/3.13/3.24//2008-9-18 14:3:48
35/600071/凤凰光学/3.120	600	3.110	9000	3.100	12310	3.090	1400	3.060	3750	3.130	2100	3.150	5300	3.160	6300	3.170	5500	3.180	8700	/16842789//3536078/1118174/3.12/3.24//2008-9-18 14:4:49
35/600071/凤凰光学/3.120	100	3.110	9000	3.100	12310	3.090	1400	3.060	1250	3.130	2100	3.150	5800	3.160	6300	3.170	5500	3.180	8700	/16842789//3525158/1114674/3.12/3.24//2008-9-18 14:5:50
35/600071/凤凰光学/3.140	1400	3.130	7000	3.120	100	3.110	9500	3.100	12310	3.150	5300	3.160	6300	3.170	5500	3.180	8700	3.190	18200	/16842789//3531731/1116774/3.13/3.24//2008-9-18 14:6:50
35/600071/凤凰光学/3.150	1900	3.140	2000	3.120	100	3.110	9500	3.100	12310	3.160	6300	3.170	5500	3.180	8700	3.190	18200	3.200	24401	/16842789//3549371/1122374/3.15/3.24//2008-9-18 14:7:51
35/600071/凤凰光学/3.160	800	3.150	1200	3.140	2000	3.120	100	3.110	9500	3.180	1900	3.190	10300	3.200	24401	3.210	13400	3.220	10300	/16842789//3569911/1128874/3.16/3.24//2008-9-18 14:8:51
35/600071/凤凰光学/3.170	1100	3.160	2200	3.150	200	3.140	2000	3.120	100	3.180	2100	3.190	10300	3.200	24401	3.210	13400	3.220	10300	/16842789//3571185/1129274/3.18/3.24//2008-9-18 14:9:52
35/600071/凤凰光学/3.170	1100	3.160	300	3.150	200	3.140	2000	3.120	100	3.180	9500	3.190	10500	3.200	24401	3.210	13400	3.220	10300	/16842789//3571185/1129274/3.18/3.24//2008-9-18 14:10:53
35/600071/凤凰光学/3.160	2200	3.150	700	3.140	2000	3.120	1100	3.110	9000	3.180	1900	3.190	10500	3.200	24401	3.210	13400	3.220	10300	/16842789//3609643/1141374/3.18/3.24//2008-9-18 14:11:53
35/600071/凤凰光学/3.180	800	3.160	2500	3.150	500	3.140	2000	3.120	1100	3.190	10700	3.200	24001	3.210	13400	3.220	11300	3.230	10500	/16842789//3616317/1143474/3.18/3.24//2008-9-18 14:12:54
35/600071/凤凰光学/3.180	17400	3.160	2500	3.150	500	3.140	1400	3.120	1100	3.190	12200	3.200	24001	3.210	13400	3.220	11500	3.230	10500	/16842789//3638914/1150574/3.19/3.24//2008-9-18 14:13:55
35/600071/凤凰光学/3.180	17400	3.160	2500	3.150	500	3.140	1400	3.120	1100	3.200	24001	3.210	13400	3.220	11500	3.230	10500	3.240	3800	/16842789//3670176/1160374/3.19/3.24//2008-9-18 14:14:55
35/600071/凤凰光学/3.180	17400	3.160	2500	3.150	500	3.140	1400	3.120	1100	3.190	3000	3.200	24001	3.210	13400	3.220	11500	3.230	10500	/16842789//3701438/1170174/3.19/3.24//2008-9-18 14:15:56
35/600071/凤凰光学/3.180	15600	3.160	2500	3.150	500	3.140	1400	3.120	1100	3.190	1800	3.200	24001	3.210	13400	3.220	11500	3.230	10500	/16842789//3689298/1166374/3.19/3.24//2008-9-18 14:16:56
35/600071/凤凰光学/3.190	6100	3.180	15600	3.160	600	3.150	500	3.140	1400	3.200	12001	3.210	13400	3.220	11500	3.230	10500	3.250	2000	/16842789//3771819/1192174/3.2/3.24//2008-9-18 14:17:57
35/600071/凤凰光学/3.230	18000	3.210	1600	3.200	30199	3.190	6300	3.180	15600	3.250	2000	3.260	3200	3.270	1100	3.290	200	3.300	3200	/16842789//3903373/1233075/3.23/3.24//2008-9-18 14:18:58
35/600071/凤凰光学/3.260	8900	3.250	7300	3.230	20500	3.220	1000	3.210	2600	3.270	1100	3.290	1200	3.300	3000	3.320	300	3.330	15350	/16842789//3920305/1238275/3.26/3.24//2008-9-18 14:19:58
35/600071/凤凰光学/3.280	1900	3.270	1400	3.260	8900	3.250	30600	3.230	18500	3.290	1200	3.300	3000	3.320	1400	3.330	15350	3.350	8800	/16842789//3923902/1239375/3.27/3.24//2008-9-18 14:20:59
35/600071/凤凰光学/3.320	7900	3.310	900	3.300	1000	3.290	22100	3.280	2200	3.330	250	3.350	8800	3.360	300	3.370	35300	3.380	1900	/16842789//4002309/1262975/3.33/3.24//2008-9-18 14:22:0
35/600071/凤凰光学/3.350	1200	3.330	32050	3.320	2900	3.300	5000	3.290	22100	3.360	1300	3.370	33100	3.380	1900	3.390	2200	3.400	3600	/16842789//4032622/1272025/3.35/3.24//2008-9-18 14:23:0
35/600071/凤凰光学/3.350	1200	3.330	27400	3.320	2500	3.300	5000	3.290	22100	3.360	4100	3.370	5000	3.380	1900	3.390	2200	3.400	7900	/16842789//4169425/1312625/3.36/3.24//2008-9-18 14:24:1
35/600071/凤凰光学/3.330	9600	3.320	2500	3.300	5000	3.290	22100	3.280	2200	3.340	4000	3.350	3400	3.360	26502	3.370	12900	3.380	1900	/16842789//4234722/1332225/3.33/3.24//2008-9-18 14:25:2
35/600071/凤凰光学/3.290	22100	3.280	2200	3.270	1800	3.260	8900	3.250	25100	3.300	1900	3.320	3700	3.330	11000	3.340	4000	3.350	15900	/16842789//4301460/1352325/3.3/3.24//2008-9-18 14:26:2
35/600071/凤凰光学/3.280	2200	3.270	1800	3.260	8900	3.250	25300	3.230	18500	3.290	6000	3.300	7400	3.320	4100	3.330	21000	3.340	4000	/16842789//4309027/1354625/3.29/3.24//2008-9-18 14:27:3
35/600071/凤凰光学/3.270	4800	3.260	8900	3.250	300	3.230	18500	3.220	1000	3.290	5100	3.300	6000	3.320	3100	3.330	21000	3.340	4000	/16842789//4316243/1356825/3.28/3.24//2008-9-18 14:28:4
35/600071/凤凰光学/3.260	8900	3.250	300	3.230	18500	3.220	1000	3.210	1600	3.270	900	3.280	12500	3.290	5100	3.300	7000	3.320	3100	/16842789//4332267/1361725/3.27/3.24//2008-9-18 14:29:4
35/600071/凤凰光学/3.250	2300	3.230	18500	3.220	1000	3.210	1600	3.200	16000	3.260	2000	3.270	21390	3.280	12400	3.290	5100	3.300	7000	/16842789//4366822/1372325/3.25/3.24//2008-9-18 14:30:5
35/600071/凤凰光学/3.230	18500	3.220	1000	3.210	4800	3.200	16000	3.190	6300	3.250	4800	3.260	2000	3.270	21390	3.280	12500	3.290	5000	/16842789//4401332/1382925/3.25/3.24//2008-9-18 14:31:6
35/600071/凤凰光学/3.250	4800	3.240	1500	3.230	18500	3.220	1000	3.210	6800	3.270	890	3.280	11300	3.290	5000	3.300	4100	3.320	3100	/16842789//4476492/1405925/3.27/3.24//2008-9-18 14:32:6
35/600071/凤凰光学/3.270	19610	3.250	4700	3.240	1500	3.230	18500	3.220	1000	3.280	2100	3.290	5000	3.300	4100	3.320	3100	3.330	11600	/16842789//4484634/1408415/3.27/3.24//2008-9-18 14:33:7
35/600071/凤凰光学/3.280	4200	3.270	19610	3.260	1000	3.250	5200	3.240	1500	3.290	5000	3.300	4100	3.320	2100	3.330	10000	3.340	4000	/16842789//4504642/1414515/3.28/3.24//2008-9-18 14:34:8
35/600071/凤凰光学/3.280	1700	3.270	19610	3.260	1000	3.250	5200	3.240	1500	3.290	4200	3.300	4100	3.320	2100	3.330	10000	3.340	4000	/16842789//4534170/1423515/3.28/3.24//2008-9-18 14:35:8
35/600071/凤凰光学/3.270	19610	3.260	1000	3.250	5200	3.240	1500	3.230	18500	3.290	100	3.300	4100	3.320	2100	3.330	10000	3.340	7000	/16842789//4545691/1427015/3.28/3.24//2008-9-18 14:36:9
35/600071/凤凰光学/3.270	13110	3.260	1500	3.250	5200	3.240	2700	3.230	18500	3.280	2600	3.290	5600	3.300	4000	3.320	2100	3.330	10000	/16842789//4588201/1440015/3.27/3.24//2008-9-18 14:37:10
35/600071/凤凰光学/3.250	5200	3.240	2700	3.230	18500	3.220	1000	3.210	3600	3.260	12100	3.270	13280	3.280	200	3.290	100	3.300	4000	/16842789//4611773/1447225/3.26/3.24//2008-9-18 14:38:10
35/600071/凤凰光学/3.260	2100	3.250	200	3.240	2700	3.230	18500	3.220	1000	3.270	2300	3.280	200	3.290	100	3.300	2600	3.320	2100	/16842789//4664440/1463425/3.26/3.24//2008-9-18 14:39:11
35/600071/凤凰光学/3.250	700	3.240	2700	3.230	18500	3.220	1000	3.210	3600	3.270	800	3.290	100	3.300	2600	3.320	2100	3.330	10000	/16842789//4690888/1471525/3.27/3.24//2008-9-18 14:40:12
35/600071/凤凰光学/3.250	6200	3.240	2700	3.230	18500	3.220	1000	3.210	3600	3.260	2000	3.270	800	3.290	15780	3.300	2600	3.320	2100	/16842789//4690888/1471525/3.27/3.24//2008-9-18 14:41:12
35/600071/凤凰光学/3.250	2700	3.240	2700	3.230	18500	3.220	1000	3.210	3600	3.260	8900	3.270	3800	3.290	7500	3.300	2600	3.320	2100	/16842789//4692462/1472025/3.25/3.24//2008-9-18 14:42:13
35/600071/凤凰光学/3.250	3700	3.240	2700	3.230	18000	3.220	1000	3.210	3600	3.260	8900	3.270	1100	3.290	7500	3.300	2600	3.320	2100	/16842789//4692462/1472025/3.25/3.24//2008-9-18 14:43:14
35/600071/凤凰光学/3.250	11600	3.240	2700	3.230	18000	3.220	1000	3.210	3600	3.260	8900	3.270	1100	3.290	7500	3.300	2600	3.320	2100	/16842789//4702862/1475225/3.25/3.24//2008-9-18 14:44:14
35/600071/凤凰光学/3.250	10200	3.240	2700	3.230	18000	3.220	1000	3.210	3600	3.270	1100	3.290	7500	3.300	2600	3.320	2100	3.330	10000	/16842789//4742631/1487425/3.26/3.24//2008-9-18 14:45:15
35/600071/凤凰光学/3.260	5000	3.250	10000	3.240	2700	3.230	18000	3.220	1000	3.270	3300	3.280	2000	3.290	7500	3.300	2600	3.320	2100	/16842789//4746541/1488625/3.25/3.24//2008-9-18 14:46:16
35/600071/凤凰光学/3.240	4700	3.230	18000	3.220	1000	3.210	3600	3.200	15500	3.260	4900	3.270	2400	3.280	4000	3.290	7500	3.300	2600	/16842789//4827841/1513625/3.25/3.24//2008-9-18 14:47:16
35/600071/凤凰光学/3.230	18000	3.220	1000	3.210	3600	3.200	15500	3.190	26300	3.240	3600	3.250	3800	3.260	4900	3.270	200	3.280	4000	/16842789//4825149/1512825/3.24/3.24//2008-9-18 14:48:17
35/600071/凤凰光学/3.230	2700	3.220	1000	3.210	6700	3.200	15500	3.190	26300	3.240	3600	3.250	3800	3.260	4900	3.270	200	3.280	4000	/16842789//4874568/1528125/3.23/3.24//2008-9-18 14:49:18
35/600071/凤凰光学/3.220	200	3.210	7900	3.200	15500	3.190	26300	3.180	10000	3.230	21799	3.240	1200	3.250	3800	3.260	4900	3.270	1100	/16842789//4885865/1531625/3.22/3.24//2008-9-18 14:50:18
35/600071/凤凰光学/3.220	2400	3.210	9100	3.200	15500	3.190	26300	3.180	10000	3.230	11799	3.240	1200	3.260	4900	3.270	1100	3.280	4000	/16842789//4930401/1545425/3.22/3.24//2008-9-18 14:51:19
35/600071/凤凰光学/3.250	5800	3.240	4800	3.230	5201	3.220	2400	3.210	9100	3.260	4900	3.270	2901	3.280	4000	3.290	7500	3.300	2600	/16842789//4972400/1558424/3.24/3.24//2008-9-18 14:52:20
35/600071/凤凰光学/3.270	3999	3.260	5700	3.250	5800	3.240	4800	3.230	5201	3.280	2000	3.290	3200	3.300	2600	3.320	100	3.330	10000	/16842789//5004420/1568225/3.28/3.24//2008-9-18 14:53:21
35/600071/凤凰光学/3.280	2900	3.270	4699	3.260	5700	3.250	5800	3.240	4800	3.300	6600	3.320	9300	3.330	10000	3.350	3600	3.360	3600	/16842789//5031368/1576425/3.3/3.24//2008-9-18 14:54:21
35/600071/凤凰光学/3.300	5100	3.290	3700	3.280	8000	3.270	4699	3.260	5700	3.320	10300	3.330	10000	3.350	3600	3.360	3600	3.380	44900	/16842789//5089916/1594225/3.3/3.24//2008-9-18 14:55:22
35/600071/凤凰光学/3.350	700	3.330	5000	3.320	700	3.300	3800	3.290	3700	3.370	5000	3.380	38800	3.390	2300	3.400	10900	3.410	2500	/16842789//5231562/1636725/3.35/3.24//2008-9-18 14:56:23
35/600071/凤凰光学/3.320	1100	3.300	3800	3.290	3700	3.280	8000	3.270	4499	3.330	600	3.340	1000	3.350	14941	3.360	7300	3.370	22500	/16842789//5307322/1659325/3.33/3.24//2008-9-18 14:57:23
35/600071/凤凰光学/3.320	9500	3.280	8000	3.270	1000	3.230	300	3.220	2100	3.330	4600	3.340	10100	3.350	26941	3.360	6300	3.370	23100	/16842789//5350044/1672125/3.33/3.24//2008-9-18 14:58:24
35/600071/凤凰光学/3.370	3259	3.320	6700	3.270	500	3.230	2900	3.220	2100	3.380	39300	3.390	3400	3.400	8900	3.410	2500	3.420	1000	/16842789//5630724/1755866/3.37/3.24//2008-9-18 14:59:25
35/600071/凤凰光学/3.320	6700	3.270	500	3.230	2900	3.220	2100	3.200	300	3.360	4500	3.370	13680	3.380	24341	3.390	3400	3.400	8900	/16842789//5703548/1777425/3.36/3.24//2008-9-18 15:0:26
35/600071/凤凰光学/3.320	6700	3.270	500	3.230	2900	3.220	2100	3.200	300	3.360	4500	3.370	13680	3.380	24341	3.390	3400	3.400	8900	/16842789//5703548/1777425/3.36/3.24//2008-9-18 15:1:26
35/600071/凤凰光学/3.320	6700	3.270	500	3.230	2900	3.220	2100	3.200	300	3.360	4500	3.370	13680	3.380	24341	3.390	3400	3.400	8900	/16842789//5703548/1777425/3.36/3.24//2008-9-18 15:2:27
