37/600073/上海梅林/5.440	2400	5.420	3810	5.400	20800	5.390	28000	5.380	2700	5.450	34100	5.460	400	5.480	800	5.490	3800	5.500	2600	/16842791//615049/113890/5.44/5.65//2008-9-18 9:31:34
37/600073/上海梅林/5.450	32500	5.440	1300	5.430	11100	5.420	15910	5.410	800	5.480	200	5.490	3800	5.500	3600	5.510	12600	5.540	4300	/16842791//819947/151490/5.48/5.65//2008-9-18 9:32:35
37/600073/上海梅林/5.350	1900	5.330	2300	5.320	500	5.310	3000	5.300	17500	5.380	9600	5.390	19900	5.400	1000	5.420	4100	5.430	5000	/16842791//1384704/255590/5.38/5.65//2008-9-18 9:33:35
37/600073/上海梅林/5.180	4300	5.100	7000	5.090	4500	0.000	0	0.000	0	5.200	45600	5.250	27300	5.260	3800	5.280	10300	5.290	6300	/16842791//1785453/331290/5.2/5.65//2008-9-18 9:34:35
37/600073/上海梅林/5.090	112700	0.000	0	0.000	0	0.000	0	0.000	0	5.100	33700	5.110	400	5.160	500	5.170	1080	5.180	4600	/16842791//2958646/559190/5.1/5.65//2008-9-18 9:35:35
37/600073/上海梅林/5.170	1000	5.150	400	5.120	1000	5.110	25720	5.100	90866	5.190	8000	5.200	500	5.240	600	5.280	1100	5.300	29200	/16842791//3622006/689104/5.11/5.65//2008-9-18 9:36:36
37/600073/上海梅林/5.150	12010	5.130	700	5.120	20000	5.110	47220	5.100	100166	5.170	1400	5.180	4800	5.200	100	5.230	1500	5.240	600	/16842791//3891840/741594/5.15/5.65//2008-9-18 9:37:36
37/600073/上海梅林/5.150	13810	5.140	3600	5.130	12600	5.120	30300	5.110	47720	5.180	77405	5.190	4000	5.200	1500	5.220	10000	5.230	1300	/16842791//4241266/809094/5.18/5.65//2008-9-18 9:38:36
37/600073/上海梅林/5.100	17136	5.090	182100	0.000	0	0.000	0	0.000	0	5.130	600	5.140	55505	5.150	76290	5.170	7400	5.180	20000	/16842791//5294141/1014954/5.1/5.65//2008-9-18 9:39:36
37/600073/上海梅林/5.100	7600	5.090	136431	0.000	0	0.000	0	0.000	0	5.110	1100	5.130	13500	5.150	1900	5.180	600	5.200	1500	/16842791//6093344/1171659/5.1/5.65//2008-9-18 9:40:36
37/600073/上海梅林/5.120	6300	5.110	4200	5.100	42000	5.090	190041	0.000	0	5.130	1000	5.150	1500	5.180	1100	5.200	1000	5.230	500	/16842791//6384033/1228549/5.13/5.65//2008-9-18 9:41:37
37/600073/上海梅林/5.160	100	5.150	11500	5.140	7500	5.130	45000	5.120	5200	5.180	1100	5.200	1000	5.220	2446	5.230	500	5.240	1000	/16842791//6477942/1246849/5.15/5.65//2008-9-18 9:42:37
37/600073/上海梅林/5.180	2100	5.170	1300	5.160	3600	5.150	4200	5.140	6800	5.200	8800	5.220	846	5.240	2000	5.250	2000	5.270	2000	/16842791//6542902/1259349/5.2/5.65//2008-9-18 9:43:37
37/600073/上海梅林/5.140	4900	5.130	39800	5.120	5200	5.110	3500	5.100	44100	5.150	37200	5.180	699	5.190	1000	5.200	15600	5.220	2000	/16842791//6716328/1292949/5.14/5.65//2008-9-18 9:44:37
37/600073/上海梅林/5.170	2700	5.160	61200	5.150	14400	5.140	5600	5.130	41800	5.190	846	5.200	800	5.220	2000	5.230	3280	5.240	1000	/16842791//6988584/1345749/5.19/5.65//2008-9-18 9:45:37
37/600073/上海梅林/5.230	500	5.220	5900	5.210	1400	5.200	16200	5.190	3654	5.240	2280	5.250	2500	5.260	200	5.270	2000	5.280	5000	/16842791//7024255/1352595/5.23/5.65//2008-9-18 9:46:38
37/600073/上海梅林/5.170	4154	5.160	60100	5.150	14400	5.140	5200	5.130	14000	5.200	4300	5.220	3000	5.230	10599	5.240	2680	5.250	3500	/16842791//7266416/1399095/5.17/5.65//2008-9-18 9:47:38
37/600073/上海梅林/5.170	1454	5.160	60100	5.150	14400	5.140	5200	5.130	14000	5.200	16000	5.210	13500	5.220	3500	5.230	6899	5.240	3380	/16842791//7367625/1418595/5.17/5.65//2008-9-18 9:48:38
37/600073/上海梅林/5.170	10954	5.160	60700	5.150	15000	5.140	5400	5.130	14000	5.190	5600	5.200	15200	5.210	13600	5.220	500	5.230	6899	/16842791//7402845/1425395/5.18/5.65//2008-9-18 9:49:39
37/600073/上海梅林/5.190	67600	5.180	14500	5.170	12954	5.160	60700	5.150	14300	5.200	14800	5.210	12600	5.220	500	5.230	6899	5.240	3380	/16842791//7492068/1442595/5.2/5.65//2008-9-18 9:50:39
37/600073/上海梅林/5.200	16400	5.190	62100	5.180	6500	5.170	11954	5.160	60700	5.210	3000	5.220	500	5.230	6899	5.240	3180	5.250	3500	/16842791//7639222/1470895/5.2/5.65//2008-9-18 9:51:39
37/600073/上海梅林/5.200	6000	5.190	62000	5.180	6500	5.170	11954	5.160	60700	5.210	400	5.220	17350	5.230	6499	5.240	2680	5.250	3000	/16842791//7807105/1503095/5.2/5.65//2008-9-18 9:52:39
37/600073/上海梅林/5.190	19200	5.180	5200	5.170	12454	5.160	60100	5.150	14900	5.200	14299	5.210	7400	5.220	16650	5.230	5700	5.240	2680	/16842791//8129597/1565195/5.2/5.65//2008-9-18 9:53:40
37/600073/上海梅林/5.160	60000	5.150	15100	5.140	1900	5.130	13300	5.120	14400	5.170	3546	5.180	16300	5.190	26700	5.200	22299	5.210	4400	/16842791//8399506/1617303/5.17/5.65//2008-9-18 9:54:40
37/600073/上海梅林/5.130	6200	5.120	15400	5.110	12800	5.100	40500	5.090	194441	5.160	19478	5.170	4000	5.180	15800	5.190	26700	5.200	18500	/16842791//8845709/1703849/5.13/5.65//2008-9-18 9:55:40
37/600073/上海梅林/5.120	500	5.110	6000	5.100	44500	5.090	191241	0.000	0	5.130	300	5.150	2800	5.160	3746	5.170	4000	5.180	15800	/16842791//9057639/1745249/5.13/5.65//2008-9-18 9:56:41
37/600073/上海梅林/5.110	15600	5.100	36400	5.090	206541	0.000	0	0.000	0	5.120	2900	5.130	13200	5.150	2100	5.160	1746	5.170	4000	/16842791//9248313/1782549/5.12/5.65//2008-9-18 9:57:41
37/600073/上海梅林/5.120	21100	5.110	22300	5.100	57400	5.090	226941	0.000	0	5.130	9100	5.150	2100	5.160	746	5.170	7000	5.180	15800	/16842791//9464403/1824749/5.13/5.65//2008-9-18 9:58:41
37/600073/上海梅林/5.150	3200	5.140	1600	5.130	36800	5.120	14900	5.110	34500	5.170	4746	5.180	15800	5.190	2700	5.200	22100	5.210	4400	/16842791//9540994/1839649/5.17/5.65//2008-9-18 9:59:41
37/600073/上海梅林/5.150	6300	5.140	200	5.130	36000	5.120	13700	5.110	46000	5.170	11196	5.180	15800	5.190	1700	5.200	22600	5.210	4400	/16842791//9576593/1846549/5.17/5.65//2008-9-18 10:0:42
37/600073/上海梅林/5.150	1800	5.140	600	5.130	36000	5.120	13800	5.110	41300	5.160	5000	5.170	6696	5.180	15800	5.190	1700	5.200	22700	/16842791//9737880/1877849/5.15/5.65//2008-9-18 10:1:42
37/600073/上海梅林/5.130	35700	5.120	13500	5.110	40300	5.100	71200	5.090	214741	5.140	2600	5.150	900	5.170	5000	5.180	11996	5.190	1700	/16842791//9859156/1901349/5.13/5.15//2008-9-18 10:2:42
37/600073/上海梅林/5.120	14300	5.110	41700	5.100	92200	5.090	215041	0.000	0	5.130	51599	5.140	1000	5.150	900	5.170	7000	5.180	11996	/16842791//10065931/1941649/5.13/5.15//2008-9-18 10:3:42
37/600073/上海梅林/5.110	31600	5.100	129700	5.090	216041	0.000	0	0.000	0	5.120	900	5.130	25599	5.140	1200	5.150	900	5.170	10400	/16842791//10314529/1990149/5.12/5.15//2008-9-18 10:4:43
37/600073/上海梅林/5.120	1600	5.110	22000	5.100	137900	5.090	219441	0.000	0	5.130	36299	5.140	1200	5.150	900	5.170	5400	5.180	11996	/16842791//10387094/2004349/5.12/5.15//2008-9-18 10:5:43
37/600073/上海梅林/5.120	11968	5.110	20500	5.100	106000	5.090	217141	0.000	0	5.130	31799	5.140	1200	5.150	900	5.170	5400	5.180	9996	/16842791//10578147/2041681/5.13/5.15//2008-9-18 10:6:43
37/600073/上海梅林/5.110	12700	5.100	108000	5.090	218541	0.000	0	0.000	0	5.120	1096	5.130	26799	5.140	1000	5.150	900	5.170	5400	/16842791//10779671/2081049/5.12/5.15//2008-9-18 10:7:44
37/600073/上海梅林/5.110	13600	5.100	115400	5.090	229141	0.000	0	0.000	0	5.120	800	5.130	8900	5.140	1000	5.150	900	5.170	5400	/16842791//10846672/2094149/5.12/5.15//2008-9-18 10:8:44
37/600073/上海梅林/5.180	10004	5.150	600	5.140	28800	5.130	2600	5.120	13300	5.190	4700	5.200	20700	5.210	4400	5.220	1600	5.240	2680	/16842791//10992971/2122545/5.18/5.15//2008-9-18 10:9:44
37/600073/上海梅林/5.170	100	5.160	900	5.150	7200	5.140	28800	5.130	13600	5.180	2896	5.190	1800	5.200	22200	5.210	3500	5.220	1600	/16842791//11077455/2138849/5.18/5.15//2008-9-18 10:10:44
37/600073/上海梅林/5.160	900	5.150	31800	5.140	28800	5.130	13600	5.120	13600	5.170	2700	5.180	11596	5.190	2300	5.200	20700	5.210	900	/16842791//11080562/2139449/5.17/5.15//2008-9-18 10:11:45
37/600073/上海梅林/5.150	31200	5.140	28800	5.130	13600	5.120	13900	5.110	39700	5.160	2600	5.170	14600	5.180	12296	5.190	1800	5.200	22200	/16842791//11114095/2145949/5.16/5.15//2008-9-18 10:12:45
37/600073/上海梅林/5.150	27200	5.140	28800	5.130	11600	5.120	16900	5.110	39200	5.160	3600	5.170	14600	5.180	15296	5.190	1800	5.200	19200	/16842791//11155845/2154049/5.15/5.15//2008-9-18 10:13:45
37/600073/上海梅林/5.170	3100	5.150	24800	5.140	29200	5.130	11600	5.120	16600	5.180	15296	5.190	2000	5.200	19200	5.210	3500	5.220	2600	/16842791//11253472/2172949/5.17/5.15//2008-9-18 10:14:46
37/600073/上海梅林/5.180	804	5.160	10000	5.150	5400	5.140	29200	5.130	11600	5.190	2000	5.200	9700	5.210	3500	5.220	2600	5.240	2680	/16842791//11471419/2215145/5.18/5.15//2008-9-18 10:15:46
37/600073/上海梅林/5.170	300	5.160	10000	5.150	22700	5.140	400	5.130	11600	5.180	2096	5.200	1700	5.210	900	5.220	2600	5.240	2680	/16842791//11603710/2240649/5.18/5.15//2008-9-18 10:16:46
37/600073/上海梅林/5.220	400	5.210	2304	5.180	800	5.170	2400	5.150	11600	5.230	2000	5.240	2680	5.250	7000	5.260	500	5.270	2000	/16842791//11656780/2250845/5.22/5.15//2008-9-18 10:17:47
37/600073/上海梅林/5.230	620	5.220	800	5.210	2504	5.180	2000	5.170	12100	5.250	7000	5.260	500	5.270	2000	5.280	2500	5.290	1100	/16842791//11778703/2274125/5.23/5.15//2008-9-18 10:18:47
37/600073/上海梅林/5.180	7400	5.170	12100	5.150	11600	5.140	100	5.130	600	5.220	596	5.230	1500	5.250	880	5.260	1900	5.270	2000	/16842791//11889145/2295249/5.22/5.15//2008-9-18 10:19:47
37/600073/上海梅林/5.200	200	5.180	9700	5.170	2500	5.150	11600	5.140	100	5.220	3096	5.230	6500	5.250	1180	5.260	2400	5.270	2000	/16842791//11940959/2305249/5.18/5.15//2008-9-18 10:20:48
37/600073/上海梅林/5.210	1000	5.200	3000	5.190	700	5.180	9900	5.170	2500	5.220	2596	5.230	6500	5.250	4180	5.260	2400	5.270	2000	/16842791//11922864/2301749/5.22/5.15//2008-9-18 10:21:48
37/600073/上海梅林/5.190	700	5.180	4500	5.170	2500	5.160	500	5.150	12100	5.200	1500	5.210	2000	5.220	896	5.230	6500	5.250	4180	/16842791//11993687/2315349/5.2/5.15//2008-9-18 10:22:48
37/600073/上海梅林/5.180	4500	5.170	2300	5.160	500	5.150	13300	5.140	100	5.200	100	5.220	3696	5.230	7200	5.250	4180	5.260	2400	/16842791//12030607/2322449/5.2/5.15//2008-9-18 10:23:48
37/600073/上海梅林/5.170	2300	5.160	500	5.150	13400	5.140	100	5.130	5800	5.180	500	5.200	200	5.220	4596	5.230	7200	5.250	4180	/16842791//12098517/2335549/5.18/5.15//2008-9-18 10:24:49
37/600073/上海梅林/5.160	2100	5.150	16400	5.140	100	5.130	5800	5.120	5200	5.170	10331	5.180	6300	5.200	2200	5.220	5096	5.230	7200	/16842791//12111444/2338049/5.17/5.15//2008-9-18 10:25:49
37/600073/上海梅林/5.150	9000	5.140	100	5.130	5800	5.120	5200	5.110	31500	5.160	3000	5.170	431	5.180	26171	5.200	2200	5.220	5096	/16842791//12167640/2348949/5.16/5.15//2008-9-18 10:26:49
37/600073/上海梅林/5.140	300	5.130	5800	5.120	6700	5.110	33900	5.100	86000	5.150	3800	5.160	2500	5.170	7731	5.180	26171	5.200	2200	/16842791//12230990/2361249/5.15/5.15//2008-9-18 10:27:50
37/600073/上海梅林/5.140	14000	5.130	13300	5.120	36700	5.110	33600	5.100	88700	5.150	2300	5.160	2500	5.170	12400	5.180	26171	5.200	2000	/16842791//12263901/2367649/5.14/5.15//2008-9-18 10:28:50
37/600073/上海梅林/5.160	1000	5.150	10500	5.140	13600	5.130	22900	5.120	36700	5.170	12400	5.180	26171	5.200	2000	5.210	1000	5.220	7096	/16842791//12305642/2375749/5.15/5.15//2008-9-18 10:29:50
37/600073/上海梅林/5.170	4300	5.160	10269	5.150	12100	5.140	13600	5.130	22900	5.180	26171	5.200	2000	5.210	1000	5.220	7596	5.230	7200	/16842791//12376102/2389380/5.17/5.15//2008-9-18 10:30:51
37/600073/上海梅林/5.160	4069	5.150	14900	5.140	13600	5.130	22900	5.120	36700	5.170	1000	5.180	25271	5.200	2000	5.210	2300	5.220	7596	/16842791//12448429/2403380/5.16/5.15//2008-9-18 10:31:51
37/600073/上海梅林/5.170	3100	5.160	9569	5.150	13800	5.140	13600	5.130	22900	5.180	25271	5.200	2000	5.210	2300	5.220	7596	5.230	8000	/16842791//12468582/2407280/5.17/5.15//2008-9-18 10:32:51
37/600073/上海梅林/5.160	9569	5.150	14800	5.140	13600	5.130	22900	5.120	36700	5.170	900	5.180	23271	5.200	2000	5.210	2300	5.220	8896	/16842791//12494969/2412380/5.17/5.15//2008-9-18 10:33:52
37/600073/上海梅林/5.160	4369	5.150	12800	5.140	12100	5.130	27800	5.120	37000	5.170	2000	5.180	23271	5.200	2000	5.210	2300	5.220	8896	/16842791//12542471/2421580/5.16/5.15//2008-9-18 10:34:52
37/600073/上海梅林/5.150	7269	5.140	12100	5.130	27800	5.120	37000	5.110	35100	5.170	1000	5.180	24471	5.200	2000	5.210	2300	5.220	6896	/16842791//12591985/2431180/5.15/5.15//2008-9-18 10:35:52
37/600073/上海梅林/5.170	4300	5.150	10869	5.140	6200	5.130	27800	5.120	37000	5.180	24471	5.200	2800	5.210	2300	5.220	6896	5.230	7200	/16842791//12615236/2435680/5.17/5.15//2008-9-18 10:36:53
37/600073/上海梅林/5.160	12600	5.150	11269	5.140	6900	5.130	27800	5.120	37000	5.170	2400	5.180	28871	5.200	4800	5.210	2300	5.220	6896	/16842791//12638500/2440180/5.17/5.15//2008-9-18 10:37:53
37/600073/上海梅林/5.160	15400	5.150	11269	5.140	11400	5.130	27800	5.120	35000	5.170	600	5.180	28871	5.200	9800	5.210	2300	5.220	4896	/16842791//12650900/2442580/5.16/5.15//2008-9-18 10:38:53
37/600073/上海梅林/5.160	5300	5.150	12269	5.140	10700	5.130	27800	5.120	35000	5.170	1300	5.180	30071	5.200	10000	5.210	2300	5.220	4896	/16842791//0/0/5.17/5.15//2008-9-18 10:39:54
37/600073/上海梅林/5.170	2200	5.150	13069	5.140	10700	5.130	27800	5.120	35000	5.180	14071	5.200	10000	5.210	2300	5.220	4896	5.230	2200	/16842791//12814868/2474280/5.18/5.15//2008-9-18 10:40:54
37/600073/上海梅林/5.180	40129	5.170	1600	5.160	6700	5.150	11969	5.140	10700	5.200	11900	5.210	2300	5.220	4896	5.230	2200	5.240	2000	/16842791//12940146/2498451/5.2/5.15//2008-9-18 10:41:54
37/600073/上海梅林/5.180	18029	5.170	1600	5.160	7400	5.150	13969	5.140	10700	5.200	3900	5.210	1600	5.220	4896	5.230	2200	5.250	9680	/16842791//13078756/2525151/5.2/5.15//2008-9-18 10:42:55
37/600073/上海梅林/5.180	19029	5.170	1600	5.160	1000	5.150	14069	5.140	10900	5.190	2700	5.200	1600	5.210	1600	5.220	4896	5.230	2200	/16842791//13096943/2528651/5.19/5.15//2008-9-18 10:43:55
37/600073/上海梅林/5.180	7329	5.170	1600	5.160	2400	5.150	14069	5.140	10900	5.200	8669	5.210	3000	5.220	6096	5.230	2200	5.250	8080	/16842791//13166394/2542051/5.18/5.15//2008-9-18 10:44:56
37/600073/上海梅林/5.180	419	5.160	1000	5.150	13069	5.140	10700	5.130	12500	5.200	9569	5.210	3000	5.220	6096	5.230	2400	5.250	8380	/16842791//13261668/2560461/5.18/5.15//2008-9-18 10:45:56
37/600073/上海梅林/5.140	8400	5.130	12500	5.120	48200	5.110	31900	5.100	84500	5.150	2012	5.160	2700	5.180	1900	5.190	1400	5.200	9569	/16842791//13336303/2574949/5.15/5.15//2008-9-18 10:46:56
37/600073/上海梅林/5.120	48200	5.110	22500	5.100	84500	5.090	219741	0.000	0	5.130	99	5.140	5500	5.150	2600	5.180	1500	5.190	1400	/16842791//13446179/2596349/5.13/5.15//2008-9-18 10:47:57
37/600073/上海梅林/5.100	82600	5.090	235341	0.000	0	0.000	0	0.000	0	5.110	3000	5.120	10412	5.130	4899	5.140	3100	5.150	100	/16842791//13798210/2665149/5.1/5.15//2008-9-18 10:48:57
37/600073/上海梅林/5.100	57688	5.090	242241	0.000	0	0.000	0	0.000	0	5.110	3100	5.120	7600	5.130	5299	5.140	300	5.180	1400	/16842791//14022699/2709161/5.1/5.15//2008-9-18 10:49:57
37/600073/上海梅林/5.090	17588	0.000	0	0.000	0	0.000	0	0.000	0	5.100	13400	5.110	2800	5.120	7000	5.130	5199	5.140	300	/16842791//15759188/3050202/5.1/5.15//2008-9-18 10:50:58
37/600073/上海梅林/5.090	42988	0.000	0	0.000	0	0.000	0	0.000	0	5.100	11000	5.110	2700	5.120	7000	5.130	5199	5.140	300	/16842791//15955377/3088702/5.09/5.15//2008-9-18 10:51:58
37/600073/上海梅林/5.110	100	5.100	10500	5.090	44488	0.000	0	0.000	0	5.120	7000	5.130	5199	5.140	300	5.180	1400	5.190	2500	/16842791//16071650/3111502/5.11/5.15//2008-9-18 10:52:58
37/600073/上海梅林/5.100	16200	5.090	43288	0.000	0	0.000	0	0.000	0	5.110	200	5.120	400	5.130	5199	5.140	300	5.170	10000	/16842791//16121794/3121302/5.11/5.15//2008-9-18 10:53:59
37/600073/上海梅林/5.100	20900	5.090	46988	0.000	0	0.000	0	0.000	0	5.110	300	5.120	400	5.130	5199	5.140	300	5.170	10000	/16842791//16126904/3122302/5.11/5.15//2008-9-18 10:54:59
37/600073/上海梅林/5.100	21400	5.090	45688	0.000	0	0.000	0	0.000	0	5.120	900	5.130	5199	5.140	300	5.160	3000	5.170	10000	/16842791//16144254/3125702/5.1/5.15//2008-9-18 10:56:0
37/600073/上海梅林/5.110	2100	5.100	9300	5.090	56188	0.000	0	0.000	0	5.120	7900	5.130	5199	5.140	300	5.150	300	5.160	3000	/16842791//16208514/3138302/5.1/5.15//2008-9-18 10:57:0
37/600073/上海梅林/5.100	10700	5.090	60188	0.000	0	0.000	0	0.000	0	5.110	4300	5.120	7900	5.130	5199	5.140	300	5.150	300	/16842791//16223844/3141302/5.11/5.15//2008-9-18 10:58:0
37/600073/上海梅林/5.100	6800	5.090	59088	0.000	0	0.000	0	0.000	0	5.110	2700	5.120	7900	5.130	5199	5.140	300	5.150	300	/16842791//16340648/3164202/5.1/5.15//2008-9-18 10:59:1
37/600073/上海梅林/5.090	63088	0.000	0	0.000	0	0.000	0	0.000	0	5.100	7600	5.110	10400	5.120	9200	5.130	5199	5.140	300	/16842791//16376348/3171202/5.1/5.15//2008-9-18 11:0:1
37/600073/上海梅林/5.090	29788	0.000	0	0.000	0	0.000	0	0.000	0	5.100	7100	5.110	8600	5.120	9200	5.130	5199	5.140	300	/16842791//16584020/3212002/5.09/5.15//2008-9-18 11:1:2
37/600073/上海梅林/5.090	10688	0.000	0	0.000	0	0.000	0	0.000	0	5.100	5700	5.110	8600	5.120	7900	5.130	5199	5.140	300	/16842791//16711779/3237102/5.09/5.15//2008-9-18 11:2:2
37/600073/上海梅林/5.090	20088	0.000	0	0.000	0	0.000	0	0.000	0	5.090	26464	5.100	7000	5.110	8600	5.120	7400	5.130	5199	/16842791//16843040/3262890/5.09/5.15//2008-9-18 11:3:2
37/600073/上海梅林/5.090	20088	0.000	0	0.000	0	0.000	0	0.000	0	5.090	116964	5.100	5500	5.110	8600	5.120	7400	5.130	5199	/16842791//16862382/3266690/5.09/5.15//2008-9-18 11:4:3
37/600073/上海梅林/5.090	20088	0.000	0	0.000	0	0.000	0	0.000	0	5.090	365064	5.100	5500	5.110	8600	5.120	7400	5.130	5199	/16842791//16867472/3267690/5.09/5.15//2008-9-18 11:5:3
37/600073/上海梅林/5.090	20088	0.000	0	0.000	0	0.000	0	0.000	0	5.090	386664	5.100	5500	5.110	8600	5.120	7400	5.130	5199	/16842791//16904120/3274890/5.09/5.15//2008-9-18 11:6:4
37/600073/上海梅林/5.090	20088	0.000	0	0.000	0	0.000	0	0.000	0	5.090	400264	5.100	4500	5.110	8600	5.120	7400	5.130	5199	/16842791//16934152/3280790/5.09/5.15//2008-9-18 11:7:4
37/600073/上海梅林/5.090	20088	0.000	0	0.000	0	0.000	0	0.000	0	5.090	424164	5.100	4500	5.110	8600	5.120	7400	5.130	5199	/16842791//16936188/3281190/5.09/5.15//2008-9-18 11:8:4
37/600073/上海梅林/5.090	20088	0.000	0	0.000	0	0.000	0	0.000	0	5.090	395964	5.100	4500	5.110	8600	5.120	7400	5.130	5199	/16842791//17014574/3296590/5.09/5.15//2008-9-18 11:9:5
37/600073/上海梅林/5.090	20088	0.000	0	0.000	0	0.000	0	0.000	0	5.090	351064	5.100	4500	5.110	8600	5.120	7000	5.130	5199	/16842791//17209012/3334790/5.09/5.15//2008-9-18 11:10:5
37/600073/上海梅林/5.090	20088	0.000	0	0.000	0	0.000	0	0.000	0	5.090	341364	5.100	4500	5.110	8600	5.120	7000	5.130	5199	/16842791//17250240/3342890/5.09/5.15//2008-9-18 11:11:6
37/600073/上海梅林/5.090	20088	0.000	0	0.000	0	0.000	0	0.000	0	5.090	325064	5.100	4500	5.110	8600	5.120	7000	5.130	5199	/16842791//17335244/3359590/5.09/5.15//2008-9-18 11:12:6
37/600073/上海梅林/5.090	20088	0.000	0	0.000	0	0.000	0	0.000	0	5.090	329564	5.100	4500	5.110	8600	5.120	7000	5.130	5199	/16842791//17348986/3362290/5.09/5.15//2008-9-18 11:13:7
37/600073/上海梅林/5.090	20088	0.000	0	0.000	0	0.000	0	0.000	0	5.090	327664	5.100	4500	5.110	8600	5.120	7000	5.130	5199	/16842791//17373928/3367190/5.09/5.15//2008-9-18 11:14:7
37/600073/上海梅林/5.090	20088	0.000	0	0.000	0	0.000	0	0.000	0	5.090	331564	5.100	4500	5.110	8600	5.120	7000	5.130	16199	/16842791//17404976/3373290/5.09/5.15//2008-9-18 11:15:7
37/600073/上海梅林/5.090	20088	0.000	0	0.000	0	0.000	0	0.000	0	5.090	330364	5.100	4500	5.110	8600	5.120	17000	5.130	16199	/16842791//17408540/3373990/5.09/5.15//2008-9-18 11:16:8
37/600073/上海梅林/5.090	20088	0.000	0	0.000	0	0.000	0	0.000	0	5.090	331364	5.100	4500	5.110	8600	5.120	17000	5.130	16199	/16842791//17410066/3374290/5.09/5.15//2008-9-18 11:17:8
37/600073/上海梅林/5.090	20088	0.000	0	0.000	0	0.000	0	0.000	0	5.090	333164	5.100	3200	5.110	8600	5.120	15000	5.130	16199	/16842791//17410066/3374290/5.09/5.15//2008-9-18 11:18:9
37/600073/上海梅林/5.090	20088	0.000	0	0.000	0	0.000	0	0.000	0	5.090	325364	5.100	3200	5.110	8600	5.120	15000	5.130	16199	/16842791//17458422/3383790/5.09/5.15//2008-9-18 11:19:9
37/600073/上海梅林/5.090	20088	0.000	0	0.000	0	0.000	0	0.000	0	5.090	332164	5.100	3200	5.110	8600	5.120	15000	5.130	16199	/16842791//17460966/3384290/5.09/5.15//2008-9-18 11:20:10
37/600073/上海梅林/5.090	20088	0.000	0	0.000	0	0.000	0	0.000	0	5.090	334264	5.100	3200	5.110	8600	5.120	15000	5.130	18199	/16842791//17460966/3384290/5.09/5.15//2008-9-18 11:21:10
37/600073/上海梅林/5.090	20088	0.000	0	0.000	0	0.000	0	0.000	0	5.090	330264	5.100	3200	5.110	8600	5.120	5000	5.130	7199	/16842791//17460966/3384290/5.09/5.15//2008-9-18 11:22:10
37/600073/上海梅林/5.090	20088	0.000	0	0.000	0	0.000	0	0.000	0	5.090	337664	5.100	3200	5.110	8600	5.120	5000	5.130	7199	/16842791//17460966/3384290/5.09/5.15//2008-9-18 11:23:11
37/600073/上海梅林/5.090	20088	0.000	0	0.000	0	0.000	0	0.000	0	5.090	348264	5.100	3200	5.110	8600	5.120	5000	5.130	7199	/16842791//17460966/3384290/5.09/5.15//2008-9-18 11:24:11
37/600073/上海梅林/5.090	20088	0.000	0	0.000	0	0.000	0	0.000	0	5.090	377764	5.100	3200	5.110	8600	5.120	5000	5.130	7199	/16842791//17460966/3384290/5.09/5.15//2008-9-18 11:25:12
37/600073/上海梅林/5.090	20088	0.000	0	0.000	0	0.000	0	0.000	0	5.090	388064	5.100	3200	5.110	8600	5.120	5000	5.130	7199	/16842791//17491506/3390290/5.09/5.15//2008-9-18 11:26:12
37/600073/上海梅林/5.090	20088	0.000	0	0.000	0	0.000	0	0.000	0	5.090	417164	5.100	3200	5.110	8600	5.120	5000	5.130	7199	/16842791//17491506/3390290/5.09/5.15//2008-9-18 11:27:13
37/600073/上海梅林/5.090	20088	0.000	0	0.000	0	0.000	0	0.000	0	5.090	420464	5.100	200	5.110	8600	5.120	5000	5.130	7199	/16842791//17492524/3390490/5.09/5.15//2008-9-18 11:28:13
37/600073/上海梅林/5.090	20088	0.000	0	0.000	0	0.000	0	0.000	0	5.090	460464	5.100	200	5.110	8600	5.120	5000	5.130	7199	/16842791//17495578/3391090/5.09/5.15//2008-9-18 11:29:14
37/600073/上海梅林/5.090	20088	0.000	0	0.000	0	0.000	0	0.000	0	5.090	467664	5.100	200	5.110	8600	5.120	5000	5.130	7199	/16842791//17498632/3391690/5.09/5.15//2008-9-18 11:30:14
37/600073/上海梅林/5.090	20088	0.000	0	0.000	0	0.000	0	0.000	0	5.090	467664	5.100	200	5.110	8600	5.120	5000	5.130	7199	/16842791//17498632/3391690/5.09/5.15//2008-9-18 11:31:15
37/600073/上海梅林/5.090	20088	0.000	0	0.000	0	0.000	0	0.000	0	5.090	499034	5.100	200	5.110	8600	5.120	6500	5.130	7399	/16842791//17565820/3404890/5.09/5.15//2008-9-18 13:1:15
37/600073/上海梅林/5.090	20088	0.000	0	0.000	0	0.000	0	0.000	0	5.090	522434	5.100	200	5.110	8600	5.120	6500	5.130	7399	/16842791//17576510/3406990/5.09/5.15//2008-9-18 13:2:16
37/600073/上海梅林/5.090	20088	0.000	0	0.000	0	0.000	0	0.000	0	5.090	523634	5.100	200	5.110	8600	5.120	6500	5.130	7399	/16842791//17605522/3412690/5.09/5.15//2008-9-18 13:3:16
37/600073/上海梅林/5.090	20088	0.000	0	0.000	0	0.000	0	0.000	0	5.090	439834	5.100	200	5.110	8600	5.120	6500	5.130	7399	/16842791//18021376/3494390/5.09/5.15//2008-9-18 13:4:17
37/600073/上海梅林/5.090	20088	0.000	0	0.000	0	0.000	0	0.000	0	5.090	429734	5.100	200	5.110	8600	5.120	6500	5.130	7399	/16842791//18075838/3505090/5.09/5.15//2008-9-18 13:5:17
37/600073/上海梅林/5.090	20088	0.000	0	0.000	0	0.000	0	0.000	0	5.090	431234	5.100	200	5.110	8600	5.120	6500	5.130	7199	/16842791//18094162/3508690/5.09/5.15//2008-9-18 13:6:18
37/600073/上海梅林/5.090	20088	0.000	0	0.000	0	0.000	0	0.000	0	5.090	475734	5.100	200	5.110	8600	5.120	6500	5.130	7199	/16842791//18094162/3508690/5.09/5.15//2008-9-18 13:7:18
37/600073/上海梅林/5.090	20088	0.000	0	0.000	0	0.000	0	0.000	0	5.090	516234	5.100	200	5.110	8600	5.120	6500	5.130	7199	/16842791//18094162/3508690/5.09/5.15//2008-9-18 13:8:19
37/600073/上海梅林/5.090	20088	0.000	0	0.000	0	0.000	0	0.000	0	5.090	528784	5.100	200	5.110	8600	5.120	6500	5.130	7199	/16842791//18094162/3508690/5.09/5.15//2008-9-18 13:9:19
37/600073/上海梅林/5.090	20088	0.000	0	0.000	0	0.000	0	0.000	0	5.090	535884	5.100	200	5.110	8600	5.120	6500	5.130	7199	/16842791//18094162/3508690/5.09/5.15//2008-9-18 13:10:20
37/600073/上海梅林/5.090	20088	0.000	0	0.000	0	0.000	0	0.000	0	5.090	534584	5.100	200	5.110	8600	5.120	6500	5.130	7199	/16842791//18094162/3508690/5.09/5.15//2008-9-18 13:11:20
37/600073/上海梅林/5.090	20088	0.000	0	0.000	0	0.000	0	0.000	0	5.090	511884	5.100	200	5.110	8600	5.120	6500	5.130	7199	/16842791//18216832/3532790/5.09/5.15//2008-9-18 13:12:21
37/600073/上海梅林/5.090	20088	0.000	0	0.000	0	0.000	0	0.000	0	5.090	512883	5.100	10200	5.110	8600	5.120	6500	5.130	7199	/16842791//18216832/3532790/5.09/5.15//2008-9-18 13:13:21
37/600073/上海梅林/5.090	20088	0.000	0	0.000	0	0.000	0	0.000	0	5.090	529183	5.100	10200	5.110	8600	5.120	6500	5.130	7199	/16842791//18216832/3532790/5.09/5.15//2008-9-18 13:14:22
37/600073/上海梅林/5.090	20088	0.000	0	0.000	0	0.000	0	0.000	0	5.090	563683	5.100	10200	5.110	8600	5.120	6500	5.130	7199	/16842791//18216832/3532790/5.09/5.15//2008-9-18 13:15:22
37/600073/上海梅林/5.090	20088	0.000	0	0.000	0	0.000	0	0.000	0	5.090	564983	5.100	10200	5.110	8600	5.120	6500	5.130	7199	/16842791//18222940/3533990/5.09/5.15//2008-9-18 13:16:23
37/600073/上海梅林/5.090	20088	0.000	0	0.000	0	0.000	0	0.000	0	5.090	541282	5.100	10200	5.110	8600	5.120	6500	5.130	7199	/16842791//18224976/3534390/5.09/5.15//2008-9-18 13:17:23
37/600073/上海梅林/5.090	20088	0.000	0	0.000	0	0.000	0	0.000	0	5.090	535082	5.100	10200	5.110	8600	5.120	6500	5.130	7199	/16842791//18224976/3534390/5.09/5.15//2008-9-18 13:18:24
37/600073/上海梅林/5.090	20088	0.000	0	0.000	0	0.000	0	0.000	0	5.090	543182	5.100	11900	5.110	8600	5.120	6500	5.130	7199	/16842791//18224976/3534390/5.09/5.15//2008-9-18 13:19:24
37/600073/上海梅林/5.090	20088	0.000	0	0.000	0	0.000	0	0.000	0	5.090	545382	5.100	11900	5.110	8600	5.120	6500	5.130	7199	/16842791//18224976/3534390/5.09/5.15//2008-9-18 13:20:25
37/600073/上海梅林/5.090	20088	0.000	0	0.000	0	0.000	0	0.000	0	5.090	545282	5.100	10200	5.110	8600	5.120	6500	5.130	7199	/16842791//18229048/3535190/5.09/5.15//2008-9-18 13:21:25
37/600073/上海梅林/5.090	20088	0.000	0	0.000	0	0.000	0	0.000	0	5.090	540582	5.100	10200	5.110	8600	5.120	6500	5.130	7199	/16842791//18258060/3540890/5.09/5.15//2008-9-18 13:22:26
37/600073/上海梅林/5.090	20088	0.000	0	0.000	0	0.000	0	0.000	0	5.090	537882	5.100	10200	5.110	8600	5.120	6500	5.130	7199	/16842791//18258060/3540890/5.09/5.15//2008-9-18 13:23:26
37/600073/上海梅林/5.090	20088	0.000	0	0.000	0	0.000	0	0.000	0	5.090	524882	5.100	10200	5.110	8600	5.120	6500	5.130	7199	/16842791//18293182/3547790/5.09/5.15//2008-9-18 13:24:27
37/600073/上海梅林/5.090	20088	0.000	0	0.000	0	0.000	0	0.000	0	5.090	509982	5.100	200	5.110	8600	5.120	6500	5.130	7199	/16842791//18361388/3561190/5.09/5.15//2008-9-18 13:25:27
37/600073/上海梅林/5.090	20088	0.000	0	0.000	0	0.000	0	0.000	0	5.090	507182	5.100	200	5.110	8600	5.120	6500	5.130	7199	/16842791//18374622/3563790/5.09/5.15//2008-9-18 13:26:28
37/600073/上海梅林/5.090	20088	0.000	0	0.000	0	0.000	0	0.000	0	5.090	500882	5.100	200	5.110	8600	5.120	6500	5.130	7199	/16842791//18406688/3570090/5.09/5.15//2008-9-18 13:27:28
37/600073/上海梅林/5.090	20088	0.000	0	0.000	0	0.000	0	0.000	0	5.090	487182	5.100	200	5.110	8600	5.120	6500	5.130	7199	/16842791//18472350/3582990/5.09/5.15//2008-9-18 13:28:29
37/600073/上海梅林/5.090	20088	0.000	0	0.000	0	0.000	0	0.000	0	5.090	486482	5.100	200	5.110	8600	5.120	6500	5.130	7199	/16842791//18476422/3583790/5.09/5.15//2008-9-18 13:29:29
37/600073/上海梅林/5.090	20088	0.000	0	0.000	0	0.000	0	0.000	0	5.090	483282	5.100	200	5.110	8600	5.120	6500	5.130	7199	/16842791//18493728/3587190/5.09/5.15//2008-9-18 13:30:30
37/600073/上海梅林/5.090	20088	0.000	0	0.000	0	0.000	0	0.000	0	5.090	470982	5.100	200	5.110	8600	5.120	6500	5.130	7199	/16842791//18556334/3599490/5.09/5.15//2008-9-18 13:31:30
37/600073/上海梅林/5.090	20088	0.000	0	0.000	0	0.000	0	0.000	0	5.090	455382	5.100	200	5.110	8600	5.120	6500	5.130	7199	/16842791//18631158/3614190/5.09/5.15//2008-9-18 13:32:31
37/600073/上海梅林/5.090	20088	0.000	0	0.000	0	0.000	0	0.000	0	5.090	534982	5.100	200	5.110	8600	5.120	6500	5.130	7199	/16842791//18709544/3629590/5.09/5.15//2008-9-18 13:33:31
37/600073/上海梅林/5.090	20088	0.000	0	0.000	0	0.000	0	0.000	0	5.090	225482	5.100	200	5.110	8600	5.120	6500	5.130	6699	/16842791//19748922/3833790/5.09/5.15//2008-9-18 13:34:32
37/600073/上海梅林/5.150	1400	5.130	18801	5.120	3300	5.110	53400	5.100	26500	5.160	600	5.180	3300	5.190	2400	5.200	8069	5.210	7300	/16842791//21015162/4082371/5.15/5.15//2008-9-18 13:35:32
37/600073/上海梅林/5.180	14100	5.160	5900	5.150	3900	5.140	10100	5.130	7500	5.190	2800	5.200	6469	5.210	4700	5.220	11796	5.230	1900	/16842791//21083662/4095571/5.19/5.15//2008-9-18 13:36:33
37/600073/上海梅林/5.190	700	5.180	400	5.160	5300	5.150	2900	5.140	8100	5.200	219	5.210	4800	5.220	11796	5.230	3400	5.240	51000	/16842791//21308652/4138971/5.2/5.15//2008-9-18 13:37:34
37/600073/上海梅林/5.160	6400	5.150	1500	5.140	8100	5.130	6000	5.120	2900	5.180	9500	5.190	4000	5.200	24819	5.210	23900	5.220	13196	/16842791//21387604/4154171/5.18/5.15//2008-9-18 13:38:34
37/600073/上海梅林/5.120	2500	5.110	4700	5.100	27900	5.090	59218	0.000	0	5.140	4700	5.160	4219	5.170	900	5.180	9500	5.190	4200	/16842791//21477766/4171671/5.14/5.15//2008-9-18 13:39:35
37/600073/上海梅林/5.110	8700	5.100	27900	5.090	59018	0.000	0	0.000	0	5.140	3399	5.160	900	5.170	700	5.180	20500	5.190	3200	/16842791//21511140/4178171/5.14/5.15//2008-9-18 13:40:35
37/600073/上海梅林/5.140	1901	5.120	9400	5.110	9381	5.100	16900	5.090	57518	5.160	900	5.170	700	5.180	18400	5.190	3200	5.200	14900	/16842791//21591616/4193889/5.14/5.15//2008-9-18 13:41:36
37/600073/上海梅林/5.150	600	5.140	18801	5.130	400	5.120	9600	5.110	9381	5.160	9200	5.170	1700	5.180	18400	5.190	3000	5.200	14400	/16842791//21628216/4200989/5.16/5.15//2008-9-18 13:42:36
37/600073/上海梅林/5.170	900	5.160	4200	5.150	1000	5.140	8491	5.130	2000	5.180	11500	5.190	3000	5.200	10900	5.210	20700	5.220	17696	/16842791//21766102/4227699/5.18/5.15//2008-9-18 13:43:37
37/600073/上海梅林/5.180	13500	5.170	5600	5.160	4700	5.150	30000	5.140	1200	5.190	1000	5.200	10600	5.210	5500	5.220	17896	5.230	3600	/16842791//21852128/4244299/5.2/5.15//2008-9-18 13:44:37
37/600073/上海梅林/5.200	15000	5.190	2800	5.180	6500	5.170	5600	5.160	5600	5.210	4600	5.220	12696	5.230	3600	5.240	54700	5.250	6980	/16842791//21977758/4268499/5.2/5.15//2008-9-18 13:45:38
37/600073/上海梅林/5.220	4604	5.210	8700	5.200	8200	5.190	2500	5.180	8500	5.240	50600	5.250	11480	5.260	6900	5.270	2000	5.280	4500	/16842791//22218258/4314595/5.22/5.15//2008-9-18 13:46:39
37/600073/上海梅林/5.220	3704	5.210	500	5.200	7400	5.190	2600	5.180	8400	5.230	200	5.240	27600	5.250	10500	5.260	5800	5.270	2000	/16842791//22525048/4373295/5.22/5.15//2008-9-18 13:47:39
37/600073/上海梅林/5.220	16700	5.200	5700	5.190	2000	5.180	48400	5.170	1300	5.230	3100	5.240	13746	5.250	10500	5.260	5800	5.270	2000	/16842791//22777162/4421499/5.22/5.15//2008-9-18 13:48:40
37/600073/上海梅林/5.180	48400	5.170	1300	5.160	2500	5.150	30000	5.140	200	5.190	900	5.200	2800	5.210	5600	5.220	5700	5.230	4900	/16842791//22985016/4461299/5.19/5.15//2008-9-18 13:49:40
37/600073/上海梅林/5.180	3200	5.170	1300	5.160	9300	5.150	31000	5.140	200	5.190	2385	5.200	8000	5.210	2500	5.220	5500	5.230	4900	/16842791//23259110/4514199/5.18/5.15//2008-9-18 13:50:41
37/600073/上海梅林/5.150	32500	5.140	200	5.120	7200	5.110	2900	5.100	10900	5.160	900	5.170	14400	5.180	12400	5.190	1085	5.200	7000	/16842791//23393902/4540299/5.16/5.15//2008-9-18 13:51:41
37/600073/上海梅林/5.120	27300	5.110	2900	5.100	12400	5.090	24300	0.000	0	5.130	200	5.140	2000	5.150	24200	5.160	9400	5.170	4200	/16842791//23401090/4541699/5.15/5.15//2008-9-18 13:52:42
37/600073/上海梅林/5.120	17000	5.110	2900	5.100	17200	5.090	27300	0.000	0	5.140	2000	5.150	6600	5.160	300	5.170	1000	5.180	3900	/16842791//23542576/4569299/5.12/5.15//2008-9-18 13:53:42
37/600073/上海梅林/5.110	800	5.100	34900	5.090	28700	0.000	0	0.000	0	5.120	900	5.130	7500	5.140	9000	5.150	6200	5.160	300	/16842791//23747128/4609299/5.12/5.15//2008-9-18 13:54:43
37/600073/上海梅林/5.090	27700	0.000	0	0.000	0	0.000	0	0.000	0	5.120	500	5.130	7500	5.140	9000	5.150	6500	5.160	300	/16842791//24094992/4677499/5.09/5.15//2008-9-18 13:55:44
37/600073/上海梅林/5.100	5201	5.090	87527	0.000	0	0.000	0	0.000	0	5.110	4800	5.120	500	5.130	7500	5.140	9000	5.150	5900	/16842791//24173834/4692971/5.1/5.15//2008-9-18 13:56:44
37/600073/上海梅林/5.110	1100	5.100	15901	5.090	99327	0.000	0	0.000	0	5.130	300	5.140	9000	5.150	5000	5.170	1000	5.180	6900	/16842791//24277750/4713271/5.1/5.15//2008-9-18 13:57:45
37/600073/上海梅林/5.130	500	5.110	13600	5.100	35301	5.090	110227	0.000	0	5.140	4500	5.150	4800	5.170	1000	5.180	6900	5.190	100	/16842791//24311110/4719771/5.14/5.15//2008-9-18 13:58:45
37/600073/上海梅林/5.120	1700	5.110	22900	5.100	33501	5.090	115027	0.000	0	5.130	15400	5.140	4900	5.150	4800	5.170	1000	5.180	6900	/16842791//24341404/4725671/5.13/5.15//2008-9-18 13:59:46
37/600073/上海梅林/5.120	29400	5.110	20700	5.100	33301	5.090	114927	0.000	0	5.130	14320	5.140	1900	5.150	4800	5.170	1000	5.180	6900	/16842791//24370100/4731271/5.12/5.15//2008-9-18 14:0:47
37/600073/上海梅林/5.130	9000	5.120	29180	5.110	20700	5.100	36101	5.090	123727	5.140	1900	5.150	4800	5.180	6900	5.190	100	5.200	11500	/16842791//24467662/4750291/5.13/5.15//2008-9-18 14:1:47
37/600073/上海梅林/5.120	2945	5.110	20700	5.100	35801	5.090	123027	0.000	0	5.130	7300	5.140	700	5.150	4700	5.180	6900	5.190	100	/16842791//24650742/4786026/5.12/5.15//2008-9-18 14:2:48
37/600073/上海梅林/5.110	14900	5.100	36801	5.090	123527	0.000	0	0.000	0	5.120	655	5.130	7500	5.140	700	5.150	4700	5.180	6900	/16842791//24719020/4799371/5.12/5.15//2008-9-18 14:3:48
37/600073/上海梅林/5.110	12900	5.100	35801	5.090	120927	0.000	0	0.000	0	5.120	12200	5.130	4000	5.140	700	5.150	3700	5.180	6900	/16842791//24763492/4808071/5.12/5.15//2008-9-18 14:4:49
37/600073/上海梅林/5.100	22501	5.090	121127	0.000	0	0.000	0	0.000	0	5.130	3500	5.140	700	5.150	4300	5.180	4700	5.190	100	/16842791//25012888/4856871/5.1/5.15//2008-9-18 14:5:50
37/600073/上海梅林/5.100	21001	5.090	120400	0.000	0	0.000	0	0.000	0	5.120	11700	5.130	18500	5.140	700	5.150	4300	5.180	4100	/16842791//25087368/4871471/5.1/5.15//2008-9-18 14:6:50
37/600073/上海梅林/5.120	6200	5.110	32500	5.100	29301	5.090	119300	0.000	0	5.130	15500	5.140	700	5.150	4300	5.180	3700	5.190	100	/16842791//25164166/4886471/5.12/5.15//2008-9-18 14:7:51
37/600073/上海梅林/5.150	21300	5.130	9100	5.120	22100	5.110	7600	5.100	26701	5.180	3000	5.190	100	5.200	22200	5.210	3500	5.220	10000	/16842791//25273008/4907671/5.15/5.15//2008-9-18 14:8:51
37/600073/上海梅林/5.190	1900	5.180	2800	5.160	5400	5.150	26000	5.130	12500	5.200	17000	5.210	1000	5.220	10000	5.230	4100	5.240	17492	/16842791//25339292/4920471/5.18/5.15//2008-9-18 14:9:52
37/600073/上海梅林/5.200	6200	5.180	4700	5.160	6800	5.150	24100	5.130	11800	5.210	1500	5.220	9000	5.230	9100	5.240	17492	5.250	22700	/16842791//25461952/4944071/5.2/5.15//2008-9-18 14:10:53
37/600073/上海梅林/5.210	9400	5.200	200	5.180	6000	5.160	3800	5.150	24100	5.220	2500	5.230	10900	5.240	21792	5.250	22800	5.260	5800	/16842791//25595694/4969771/5.22/5.15//2008-9-18 14:11:53
37/600073/上海梅林/5.210	8800	5.200	400	5.180	6000	5.160	17000	5.150	22900	5.220	3300	5.230	3200	5.240	21492	5.250	22800	5.260	5800	/16842791//25773310/5003771/5.22/5.15//2008-9-18 14:12:54
37/600073/上海梅林/5.200	800	5.180	4000	5.160	17000	5.150	22900	5.130	9900	5.210	12600	5.220	7500	5.230	13500	5.240	14492	5.250	26100	/16842791//25870686/5022471/5.2/5.15//2008-9-18 14:13:55
37/600073/上海梅林/5.160	16945	5.150	22200	5.130	9900	5.120	5700	5.110	7000	5.180	1300	5.200	1400	5.210	12600	5.220	4300	5.230	12700	/16842791//25927534/5033426/5.16/5.15//2008-9-18 14:14:55
37/600073/上海梅林/5.200	7500	5.180	2500	5.170	600	5.160	17245	5.150	22500	5.210	7500	5.220	9200	5.230	11500	5.240	14492	5.250	25800	/16842791//25989950/5045426/5.21/5.15//2008-9-18 14:15:56
37/600073/上海梅林/5.200	11100	5.180	2700	5.170	1000	5.160	17245	5.150	29600	5.210	8600	5.220	8300	5.230	11300	5.240	14492	5.250	25800	/16842791//26021170/5051426/5.2/5.15//2008-9-18 14:16:56
37/600073/上海梅林/5.200	4000	5.180	5900	5.170	2200	5.160	16345	5.150	29600	5.220	2000	5.230	10900	5.240	14492	5.250	25800	5.260	6300	/16842791//26150340/5076226/5.2/5.15//2008-9-18 14:17:57
37/600073/上海梅林/5.250	34908	5.240	13200	5.230	3000	5.220	11300	5.210	21500	5.260	5900	5.270	2000	5.280	5500	5.290	2600	5.300	16600	/16842791//26442238/5131918/5.26/5.15//2008-9-18 14:18:58
37/600073/上海梅林/5.310	1600	5.300	68300	5.280	5000	5.270	11500	5.260	12700	5.320	2900	5.330	11000	5.350	3300	5.370	500	5.380	3600	/16842791//26624756/5166418/5.31/5.15//2008-9-18 14:19:58
37/600073/上海梅林/5.410	20200	5.400	17100	5.390	300	5.380	1900	5.370	1200	5.430	9500	5.440	2000	5.450	6400	5.460	1200	5.470	2000	/16842791//26893306/5216418/5.41/5.15//2008-9-18 14:20:59
37/600073/上海梅林/5.450	3000	5.440	5400	5.430	6800	5.420	4200	5.410	20000	5.470	200	5.480	4800	5.490	300	5.500	12000	5.520	400	/16842791//27106500/5255618/5.47/5.15//2008-9-18 14:22:0
37/600073/上海梅林/5.420	4100	5.410	20000	5.400	20100	5.390	1800	5.380	3000	5.480	2990	5.490	36800	5.500	12800	5.520	400	5.540	5500	/16842791//27472760/5322818/5.48/5.15//2008-9-18 14:23:0
37/600073/上海梅林/5.400	1000	5.390	1800	5.380	2100	5.350	3300	5.320	7200	5.420	7900	5.430	9521	5.440	60000	5.450	5030	5.470	4300	/16842791//27836028/5389918/5.42/5.15//2008-9-18 14:24:1
37/600073/上海梅林/5.350	3300	5.320	2200	5.310	67800	5.300	11400	5.270	2900	5.380	12000	5.390	2100	5.400	20900	5.410	11200	5.420	9900	/16842791//28037784/5427218/5.38/5.15//2008-9-18 14:25:2
37/600073/上海梅林/5.320	13200	5.310	67800	5.300	11200	5.270	2900	5.260	100	5.340	500	5.350	300	5.360	100	5.370	300	5.400	13100	/16842791//28320352/5479818/5.4/5.15//2008-9-18 14:26:2
37/600073/上海梅林/5.360	2800	5.340	10000	5.330	800	5.320	12200	5.310	68300	5.370	300	5.390	1000	5.400	16800	5.410	2000	5.420	9900	/16842791//28433178/5500918/5.36/5.15//2008-9-18 14:27:3
37/600073/上海梅林/5.340	15500	5.330	4700	5.320	12400	5.310	67800	5.300	12200	5.360	11000	5.390	4500	5.400	17600	5.410	2000	5.420	9600	/16842791//28550520/5522818/5.36/5.15//2008-9-18 14:28:4
37/600073/上海梅林/5.320	11700	5.310	67700	5.300	13200	5.270	2800	5.260	100	5.330	900	5.340	16200	5.350	7600	5.360	13100	5.390	4500	/16842791//28703266/5551418/5.34/5.15//2008-9-18 14:29:4
37/600073/上海梅林/5.340	11200	5.330	3800	5.320	8800	5.310	75500	5.300	11700	5.350	7400	5.360	8700	5.390	2000	5.400	44828	5.410	2000	/16842791//28832368/5575618/5.34/5.15//2008-9-18 14:30:5
37/600073/上海梅林/5.340	2400	5.330	3800	5.320	7700	5.310	76500	5.300	11700	5.350	500	5.360	8100	5.390	7000	5.400	45928	5.410	2000	/16842791//28937102/5595218/5.34/5.15//2008-9-18 14:31:6
37/600073/上海梅林/5.340	1700	5.330	3800	5.320	10400	5.310	76500	5.300	11700	5.360	6400	5.380	200	5.390	8100	5.400	45028	5.410	2000	/16842791//28984652/5604118/5.34/5.15//2008-9-18 14:32:6
37/600073/上海梅林/5.330	1900	5.320	9800	5.310	76500	5.300	1900	5.270	2800	5.340	800	5.350	3700	5.360	9700	5.380	200	5.390	7100	/16842791//29032126/5613018/5.33/5.15//2008-9-18 14:33:7
37/600073/上海梅林/5.330	4400	5.320	6700	5.310	77500	5.300	2700	5.270	2800	5.340	7400	5.350	1300	5.360	7000	5.380	200	5.390	7100	/16842791//29148202/5634818/5.32/5.15//2008-9-18 14:34:8
37/600073/上海梅林/5.320	7900	5.310	77500	5.300	2700	5.280	1500	5.270	2000	5.330	7500	5.340	4700	5.350	1800	5.360	7000	5.380	700	/16842791//29171744/5639218/5.33/5.15//2008-9-18 14:35:8
37/600073/上海梅林/5.330	11890	5.320	9300	5.310	77500	5.300	2800	5.280	1500	5.340	1000	5.350	1800	5.360	6400	5.380	1700	5.390	9600	/16842791//29291776/5661728/5.33/5.15//2008-9-18 14:36:9
37/600073/上海梅林/5.310	72500	5.300	4800	5.280	1500	5.270	2000	5.260	1000	5.320	4100	5.330	13710	5.340	700	5.350	7200	5.360	5700	/16842791//29454060/5692218/5.31/5.15//2008-9-18 14:37:10
37/600073/上海梅林/5.310	52400	5.300	24800	5.280	1500	5.270	2000	5.260	1000	5.320	600	5.330	9310	5.340	900	5.350	2300	5.360	5700	/16842791//29589046/5717618/5.32/5.15//2008-9-18 14:38:10
37/600073/上海梅林/5.300	18900	5.280	1500	5.270	2000	5.260	1000	5.250	1200	5.310	2100	5.320	5900	5.330	9810	5.340	900	5.350	2600	/16842791//29887970/5773918/5.3/5.15//2008-9-18 14:39:11
37/600073/上海梅林/5.180	3100	5.160	2145	5.150	9800	5.130	6400	5.120	7100	5.200	8700	5.280	5700	5.300	4000	5.310	26000	5.320	4900	/16842791//30101042/5814418/5.2/5.15//2008-9-18 14:40:12
37/600073/上海梅林/5.190	500	5.180	3700	5.170	3500	5.160	11245	5.150	9800	5.200	1900	5.280	3600	5.300	15000	5.310	13100	5.320	4900	/16842791//30193812/5832318/5.2/5.15//2008-9-18 14:41:12
37/600073/上海梅林/5.230	20000	5.220	500	5.210	9200	5.200	34700	5.190	23600	5.280	400	5.290	2000	5.300	15900	5.310	8200	5.320	4800	/16842791//30228200/5838918/5.28/5.15//2008-9-18 14:42:13
37/600073/上海梅林/5.250	500	5.240	3100	5.230	19700	5.220	2300	5.210	8700	5.270	1000	5.280	23701	5.290	6600	5.300	12500	5.310	8200	/16842791//30235524/5840318/5.23/5.15//2008-9-18 14:43:14
37/600073/上海梅林/5.270	1000	5.260	10000	5.250	200	5.240	7700	5.230	23300	5.280	11901	5.290	8600	5.300	12800	5.310	8200	5.320	1100	/16842791//30357576/5863518/5.28/5.15//2008-9-18 14:44:14
37/600073/上海梅林/5.280	8000	5.270	1600	5.260	18800	5.250	200	5.240	6700	5.300	3701	5.310	8200	5.320	2600	5.330	9310	5.340	900	/16842791//30483078/5887218/5.28/5.15//2008-9-18 14:45:15
37/600073/上海梅林/5.250	200	5.240	5700	5.230	23000	5.220	400	5.210	1300	5.260	14400	5.280	600	5.300	6901	5.310	6700	5.320	2600	/16842791//30734250/5934918/5.26/5.15//2008-9-18 14:46:16
37/600073/上海梅林/5.230	3600	5.220	400	5.210	300	5.200	13900	5.190	2600	5.240	5200	5.250	14600	5.260	14100	5.280	100	5.290	1000	/16842791//30665820/5921918/5.23/5.15//2008-9-18 14:47:16
37/600073/上海梅林/5.220	400	5.210	4600	5.200	12300	5.190	2600	5.180	10300	5.230	20300	5.240	3200	5.250	5500	5.260	14100	5.280	100	/16842791//30702464/5928918/5.23/5.15//2008-9-18 14:48:17
37/600073/上海梅林/5.200	10200	5.190	2600	5.180	9300	5.170	20000	5.160	3100	5.210	11400	5.220	5200	5.230	18800	5.240	1400	5.250	3700	/16842791//30765480/5941018/5.2/5.15//2008-9-18 14:49:18
37/600073/上海梅林/5.210	14300	5.200	9200	5.190	2600	5.180	11800	5.170	20000	5.220	2700	5.230	11900	5.240	700	5.250	3700	5.260	14100	/16842791//31012988/5988518/5.21/5.15//2008-9-18 14:50:18
37/600073/上海梅林/5.210	24400	5.200	14600	5.190	2600	5.180	9000	5.170	20000	5.220	13300	5.230	11900	5.240	700	5.250	3700	5.260	14100	/16842791//31240768/6032218/5.22/5.15//2008-9-18 14:51:19
37/600073/上海梅林/5.210	48600	5.200	14900	5.190	2600	5.180	9500	5.170	20000	5.220	600	5.230	11300	5.240	700	5.250	5400	5.260	14100	/16842791//31353452/6053818/5.22/5.15//2008-9-18 14:52:20
37/600073/上海梅林/5.240	11300	5.230	11800	5.220	7400	5.210	11700	5.200	13900	5.250	5000	5.260	14100	5.280	300	5.290	11100	5.300	38901	/16842791//31439736/6070318/5.25/5.15//2008-9-18 14:53:21
37/600073/上海梅林/5.290	79200	5.280	14700	5.270	500	5.260	94400	5.250	20000	5.300	40901	5.310	5800	5.320	2600	5.330	6910	5.340	700	/16842791//31648404/6109918/5.29/5.15//2008-9-18 14:54:21
37/600073/上海梅林/5.320	8600	5.310	8000	5.300	137500	5.290	64000	5.280	14700	5.330	6910	5.340	700	5.350	500	5.360	100	5.370	500	/16842791//32047438/6185219/5.32/5.15//2008-9-18 14:55:22
37/600073/上海梅林/5.360	5400	5.350	67700	5.340	2900	5.330	61190	5.320	12700	5.380	1500	5.390	25859	5.400	49228	5.410	2300	5.420	2000	/16842791//32425286/6256029/5.36/5.15//2008-9-18 14:56:23
37/600073/上海梅林/5.370	2500	5.360	400	5.350	53100	5.340	2900	5.320	2500	5.380	2400	5.390	8559	5.400	111428	5.410	2300	5.420	3100	/16842791//32886998/6341929/5.38/5.15//2008-9-18 14:57:23
37/600073/上海梅林/5.350	34700	5.340	2900	5.320	1000	5.310	800	5.300	4900	5.360	5300	5.370	21528	5.380	18700	5.390	39459	5.400	116600	/16842791//33128158/6386929/5.35/5.15//2008-9-18 14:58:24
37/600073/上海梅林/5.370	19572	5.360	600	5.350	30000	5.340	592900	5.320	1000	5.380	3900	5.390	37459	5.400	120000	5.410	2300	5.420	11500	/16842791//33776092/6507657/5.37/5.15//2008-9-18 14:59:25
37/600073/上海梅林/5.380	5800	5.360	200	5.350	29100	5.340	592900	5.330	488000	5.400	4387	5.410	2300	5.420	11000	5.430	2200	5.440	200	/16842791//34933856/6722329/5.39/5.15//2008-9-18 15:0:26
37/600073/上海梅林/5.380	5800	5.360	200	5.350	29100	5.340	592900	5.330	488000	5.400	4387	5.410	2300	5.420	11000	5.430	2200	5.440	200	/16842791//34933856/6722329/5.39/5.15//2008-9-18 15:1:26
37/600073/上海梅林/5.380	5800	5.360	200	5.350	29100	5.340	592900	5.330	488000	5.400	4387	5.410	2300	5.420	11000	5.430	2200	5.440	200	/16842791//34933856/6722329/5.39/5.15//2008-9-18 15:2:27
