5/600006/东风汽车/2.960	1300	2.950	13100	2.930	4000	2.920	12600	2.910	60800	2.970	700	2.980	31300	2.990	27800	3.000	56400	3.010	7000	/16842758//287152/96200/2.97/3.05//2008-9-18 9:31:34
5/600006/东风汽车/2.960	11800	2.950	23600	2.940	1000	2.930	7700	2.920	14600	2.970	3600	2.980	31300	2.990	28700	3.000	42600	3.010	7000	/16842758//326551/109500/2.97/3.05//2008-9-18 9:32:35
5/600006/东风汽车/2.970	1500	2.960	2500	2.950	31100	2.940	3600	2.930	7000	2.980	31300	2.990	30700	3.000	40800	3.010	7000	3.020	42700	/16842758//411262/138100/2.97/3.05//2008-9-18 9:33:35
5/600006/东风汽车/2.960	12700	2.950	34000	2.940	3600	2.930	7500	2.920	16200	2.970	1600	2.980	40300	2.990	30700	3.000	13900	3.010	13000	/16842758//447179/150200/2.97/3.05//2008-9-18 9:34:35
5/600006/东风汽车/2.960	500	2.950	30400	2.940	3600	2.930	7500	2.920	16800	2.970	53500	2.980	41300	2.990	30700	3.000	19200	3.010	13000	/16842758//563076/189300/2.97/3.05//2008-9-18 9:35:35
5/600006/东风汽车/2.940	1500	2.930	6200	2.920	16200	2.910	66600	2.900	58200	2.960	26300	2.970	54500	2.980	41200	2.990	30700	3.000	19200	/16842758//671103/226000/2.96/3.05//2008-9-18 9:36:36
5/600006/东风汽车/2.930	11800	2.920	19200	2.910	66800	2.900	65000	2.890	12200	2.940	500	2.950	14500	2.960	25300	2.970	1500	2.980	34200	/16842758//697601/235000/2.94/3.05//2008-9-18 9:37:36
5/600006/东风汽车/2.930	3000	2.920	15600	2.910	73800	2.900	69200	2.890	12200	2.940	2800	2.950	17100	2.960	23600	2.970	8700	2.980	30200	/16842758//810333/273500/2.93/3.05//2008-9-18 9:38:36
5/600006/东风汽车/2.920	73400	2.910	70200	2.900	68300	2.890	12200	2.880	38200	2.940	600	2.950	17100	2.960	37500	2.970	13200	2.980	30200	/16842758//911099/307900/2.92/3.05//2008-9-18 9:39:36
5/600006/东风汽车/2.930	15100	2.920	75300	2.910	60000	2.900	71300	2.890	12200	2.940	2300	2.950	14500	2.960	22000	2.970	21200	2.980	30200	/16842758//979346/331200/2.93/3.05//2008-9-18 9:40:36
5/600006/东风汽车/2.940	12700	2.930	58200	2.920	79900	2.910	102600	2.900	71800	2.950	17500	2.960	16700	2.970	21200	2.980	27300	2.990	39600	/16842758//1031578/349000/2.94/3.05//2008-9-18 9:41:37
5/600006/东风汽车/2.940	400	2.930	88900	2.920	103000	2.910	103100	2.900	79300	2.950	12600	2.960	16700	2.970	21200	2.980	27300	2.990	39600	/16842758//1134786/384100/2.94/3.05//2008-9-18 9:42:37
5/600006/东风汽车/2.950	7200	2.940	23400	2.930	99000	2.920	111000	2.910	103000	2.960	14500	2.970	21200	2.980	27300	2.990	39600	3.000	26450	/16842758//1179316/399200/2.95/3.05//2008-9-18 9:43:37
5/600006/东风汽车/2.940	29000	2.930	101100	2.920	107000	2.910	105200	2.900	84500	2.950	3000	2.960	13800	2.970	15200	2.980	23300	2.990	43300	/16842758//1236268/418500/2.95/3.05//2008-9-18 9:44:37
5/600006/东风汽车/2.940	23300	2.930	97000	2.920	109200	2.910	105500	2.900	85300	2.950	27500	2.960	18500	2.970	12700	2.980	25300	2.990	43300	/16842758//1328057/449700/2.94/3.05//2008-9-18 9:45:37
5/600006/东风汽车/2.940	700	2.930	98500	2.920	110200	2.910	105500	2.900	91900	2.950	16100	2.960	18500	2.970	13700	2.980	20300	2.990	44400	/16842758//1441702/488300/2.95/3.05//2008-9-18 9:46:38
5/600006/东风汽车/2.940	10000	2.930	101300	2.920	111000	2.910	105500	2.900	90900	2.950	14000	2.960	18500	2.970	12700	2.980	47300	2.990	45400	/16842758//1496422/506900/2.95/3.05//2008-9-18 9:47:38
5/600006/东风汽车/2.940	22800	2.930	102900	2.920	112000	2.910	104500	2.900	102800	2.950	18100	2.960	13100	2.970	12700	2.980	47300	2.990	45400	/16842758//1508779/511100/2.95/3.05//2008-9-18 9:48:38
5/600006/东风汽车/2.940	27400	2.930	102900	2.920	111000	2.910	106800	2.900	101600	2.950	13800	2.960	23100	2.970	14700	2.980	50800	2.990	45800	/16842758//1565938/530500/2.94/3.05//2008-9-18 9:49:39
5/600006/东风汽车/2.930	103200	2.920	111500	2.910	106700	2.900	100500	2.890	1900	2.940	54400	2.950	18600	2.960	25100	2.970	15600	2.980	50800	/16842758//1694546/574200/2.94/3.05//2008-9-18 9:50:39
5/600006/东风汽车/2.930	103900	2.920	111000	2.910	106700	2.900	101500	2.890	2100	2.940	38800	2.950	13300	2.960	25100	2.970	14700	2.980	55100	/16842758//1798894/609700/2.94/3.05//2008-9-18 9:51:39
5/600006/东风汽车/2.930	80900	2.920	112000	2.910	106700	2.900	107000	2.890	2100	2.940	3700	2.950	14300	2.960	23100	2.970	14700	2.980	54100	/16842758//1933969/655700/2.93/3.05//2008-9-18 9:52:39
5/600006/东风汽车/2.930	76000	2.920	108100	2.910	106700	2.900	107400	2.890	58100	2.940	2500	2.950	15300	2.960	22800	2.970	24700	2.980	54100	/16842758//2012871/682600/2.93/3.05//2008-9-18 9:53:40
5/600006/东风汽车/2.930	27600	2.920	105100	2.910	105400	2.900	110900	2.890	58100	2.940	11100	2.950	17300	2.960	22800	2.970	24700	2.980	54100	/16842758//2155269/731200/2.93/3.05//2008-9-18 9:54:40
5/600006/东风汽车/2.920	106700	2.910	105400	2.900	116000	2.890	2100	2.880	54100	2.930	6600	2.940	11800	2.950	17200	2.960	22800	2.970	24700	/16842758//2258705/766500/2.93/3.05//2008-9-18 9:55:40
5/600006/东风汽车/2.930	4400	2.920	102900	2.910	105400	2.900	116500	2.890	2100	2.940	11800	2.950	17600	2.960	24400	2.970	24700	2.980	54400	/16842758//2298515/780100/2.93/3.05//2008-9-18 9:56:41
5/600006/东风汽车/2.930	12200	2.920	101100	2.910	128400	2.900	120400	2.890	2400	2.940	6500	2.950	17600	2.960	25900	2.970	24700	2.980	56800	/16842758//2346015/796300/2.93/3.05//2008-9-18 9:57:41
5/600006/东风汽车/2.930	2200	2.920	99300	2.910	105000	2.900	136500	2.890	11800	2.940	10400	2.950	29500	2.960	25900	2.970	24800	2.980	54200	/16842758//2417186/820600/2.94/3.05//2008-9-18 9:58:41
5/600006/东风汽车/2.920	99200	2.910	105000	2.900	138700	2.890	11800	2.880	54200	2.940	15500	2.950	48300	2.960	25900	2.970	24800	2.980	56000	/16842758//2485915/844100/2.92/3.05//2008-9-18 9:59:41
5/600006/东风汽车/2.920	92600	2.910	104900	2.900	143300	2.890	11800	2.880	56000	2.930	6400	2.940	28700	2.950	38400	2.960	25900	2.970	24800	/16842758//2492950/846500/2.93/3.05//2008-9-18 10:0:42
5/600006/东风汽车/2.920	110800	2.910	104900	2.900	143600	2.890	11800	2.880	57500	2.930	6300	2.940	19600	2.950	39200	2.960	25900	2.970	24800	/16842758//2610464/886600/2.93/3.05//2008-9-18 10:1:42
5/600006/东风汽车/2.920	110000	2.910	114900	2.900	143500	2.890	11800	2.880	57500	2.930	18300	2.940	18900	2.950	39200	2.960	25900	2.970	24800	/16842758//2626565/892100/2.92/2.93//2008-9-18 10:2:42
5/600006/东风汽车/2.920	118100	2.910	114900	2.900	143900	2.890	31800	2.880	62500	2.930	1000	2.940	3500	2.950	57800	2.960	25900	2.970	24800	/16842758//2906324/987300/2.95/2.93//2008-9-18 10:3:42
5/600006/东风汽车/2.940	1800	2.930	5000	2.920	118000	2.910	116000	2.900	144000	2.950	26900	2.960	2500	2.970	24800	2.980	64300	2.990	45800	/16842758//3321405/1128000/2.95/2.93//2008-9-18 10:4:43
5/600006/东风汽车/2.940	54600	2.930	8800	2.920	120800	2.910	115400	2.900	142400	2.950	16600	2.960	25200	2.970	37000	2.980	64800	2.990	47800	/16842758//3432514/1165700/2.95/2.93//2008-9-18 10:5:43
5/600006/东风汽车/2.930	8700	2.920	121400	2.910	76400	2.900	143400	2.890	31800	2.940	8900	2.950	104933	2.960	52200	2.970	37000	2.980	67700	/16842758//3644627/1237800/2.94/2.93//2008-9-18 10:6:43
5/600006/东风汽车/2.930	13400	2.920	120500	2.910	79000	2.900	143100	2.890	31800	2.940	30500	2.950	107133	2.960	42200	2.970	37000	2.980	71200	/16842758//3675703/1248400/2.94/2.93//2008-9-18 10:7:44
5/600006/东风汽车/2.920	121500	2.910	79000	2.900	143100	2.890	32400	2.880	95800	2.930	10200	2.940	33200	2.950	106833	2.960	41200	2.970	37000	/16842758//3788947/1287000/2.93/2.93//2008-9-18 10:8:44
5/600006/东风汽车/2.930	15100	2.920	130100	2.910	79000	2.900	148700	2.890	31800	2.940	41900	2.950	32533	2.960	61200	2.970	38300	2.980	63500	/16842758//3857206/1310300/2.93/2.93//2008-9-18 10:9:44
5/600006/东风汽车/2.930	12200	2.920	115700	2.910	82500	2.900	152500	2.890	31800	2.940	41200	2.950	36533	2.960	63500	2.970	37600	2.980	77700	/16842758//3918673/1331300/2.93/2.93//2008-9-18 10:10:44
5/600006/东风汽车/2.920	118000	2.910	83500	2.900	205700	2.890	31800	2.880	99800	2.930	5900	2.940	39100	2.950	36533	2.960	63500	2.970	37000	/16842758//3988908/1355300/2.93/2.93//2008-9-18 10:11:45
5/600006/东风汽车/2.930	5700	2.920	127400	2.910	83600	2.900	206200	2.890	31800	2.940	29100	2.950	34333	2.960	63500	2.970	37600	2.980	64800	/16842758//4016741/1364800/2.93/2.93//2008-9-18 10:12:45
5/600006/东风汽车/2.930	3600	2.920	133200	2.910	83600	2.900	204000	2.890	31800	2.940	57800	2.950	34333	2.960	64500	2.970	37000	2.980	64800	/16842758//4027009/1368300/2.94/2.93//2008-9-18 10:13:45
5/600006/东风汽车/2.900	32300	2.890	31800	2.880	98900	2.870	12600	2.860	16400	2.920	14900	2.930	2100	2.940	57100	2.950	36633	2.960	64500	/16842758//5200571/1771600/2.92/2.93//2008-9-18 10:14:46
5/600006/东风汽车/2.900	50501	2.890	87300	2.880	99600	2.870	12600	2.860	16400	2.920	11400	2.930	18200	2.940	57100	2.950	50233	2.960	69166	/16842758//5298669/1805399/2.9/2.93//2008-9-18 10:15:46
5/600006/东风汽车/2.910	1000	2.900	53201	2.890	87400	2.880	100600	2.870	12600	2.920	11600	2.930	18800	2.940	59400	2.950	40633	2.960	69966	/16842758//5332724/1817099/2.91/2.93//2008-9-18 10:16:46
5/600006/东风汽车/2.920	11900	2.910	7200	2.900	65201	2.890	87600	2.880	101000	2.930	17800	2.940	62400	2.950	40633	2.960	69966	2.970	37000	/16842758//5371834/1830499/2.92/2.93//2008-9-18 10:17:47
5/600006/东风汽车/2.920	10000	2.910	14700	2.900	59801	2.890	90600	2.880	101000	2.930	3500	2.940	58200	2.950	52233	2.960	69966	2.970	37000	/16842758//5412135/1844299/2.92/2.93//2008-9-18 10:18:47
5/600006/东风汽车/2.920	16000	2.910	16700	2.900	103501	2.890	90600	2.880	98400	2.930	7700	2.940	58200	2.950	44933	2.960	69966	2.970	37000	/16842758//5414181/1844999/2.93/2.93//2008-9-18 10:19:47
5/600006/东风汽车/2.920	22300	2.910	36300	2.900	105001	2.890	89600	2.880	98400	2.930	8900	2.940	57900	2.950	44933	2.960	67966	2.970	48300	/16842758//5419454/1846799/2.93/2.93//2008-9-18 10:20:48
5/600006/东风汽车/2.920	16100	2.910	55300	2.900	108501	2.890	89600	2.880	98400	2.930	8700	2.940	27900	2.950	45233	2.960	67966	2.970	37600	/16842758//5444627/1855399/2.92/2.93//2008-9-18 10:21:48
5/600006/东风汽车/2.920	6600	2.910	55300	2.900	121501	2.890	89600	2.880	98400	2.930	15900	2.940	27900	2.950	54833	2.960	67966	2.970	39700	/16842758//5491686/1871499/2.93/2.93//2008-9-18 10:22:48
5/600006/东风汽车/2.920	6500	2.910	53000	2.900	122901	2.890	89600	2.880	103400	2.930	71300	2.940	27900	2.950	56833	2.960	67966	2.970	41800	/16842758//5511559/1878299/2.93/2.93//2008-9-18 10:23:48
5/600006/东风汽车/2.910	54000	2.900	126201	2.890	89600	2.880	104000	2.870	12600	2.920	3300	2.930	67400	2.940	27900	2.950	57333	2.960	68866	/16842758//5552216/1892199/2.92/2.93//2008-9-18 10:24:49
5/600006/东风汽车/2.920	1700	2.910	56900	2.900	126301	2.890	89600	2.880	104000	2.930	67800	2.940	27900	2.950	57333	2.960	67966	2.970	48300	/16842758//5576744/1900599/2.92/2.93//2008-9-18 10:25:49
5/600006/东风汽车/2.900	84801	2.890	89600	2.880	104600	2.870	53100	2.860	66400	2.910	4900	2.920	76000	2.930	76000	2.940	27900	2.950	48333	/16842758//5754854/1961799/2.91/2.93//2008-9-18 10:26:49
5/600006/东风汽车/2.900	67101	2.890	99600	2.880	105600	2.870	53100	2.860	66400	2.910	15800	2.920	78000	2.930	70900	2.940	30200	2.950	55933	/16842758//5816389/1982999/2.91/2.93//2008-9-18 10:27:50
5/600006/东风汽车/2.890	102600	2.880	115900	2.870	52600	2.860	61400	2.850	49300	2.900	11099	2.910	20790	2.920	79400	2.930	71900	2.940	32200	/16842758//6183106/2109400/2.9/2.93//2008-9-18 10:28:50
5/600006/东风汽车/2.900	1000	2.890	78301	2.880	119400	2.870	62600	2.860	63400	2.910	26990	2.920	11000	2.930	65400	2.940	32200	2.950	51433	/16842758//6300304/2149899/2.9/2.93//2008-9-18 10:29:50
5/600006/东风汽车/2.890	17711	2.880	123400	2.870	62600	2.860	63400	2.850	58700	2.900	73500	2.910	25500	2.920	18300	2.930	59500	2.940	33600	/16842758//6611295/2257489/2.89/2.93//2008-9-18 10:30:51
5/600006/东风汽车/2.880	122700	2.870	62600	2.860	63400	2.850	61200	2.840	1400	2.890	27189	2.900	97100	2.910	28000	2.920	18300	2.930	55300	/16842758//6579856/2246600/2.89/2.93//2008-9-18 10:31:51
5/600006/东风汽车/2.870	62600	2.860	67400	2.850	61000	2.840	2400	2.830	32000	2.880	3500	2.890	68789	2.900	89700	2.910	3000	2.920	17500	/16842758//6968417/2381500/2.88/2.93//2008-9-18 10:32:51
5/600006/东风汽车/2.870	37624	2.860	66900	2.850	61000	2.840	2400	2.830	32000	2.880	19800	2.890	61300	2.900	90300	2.910	3000	2.920	18700	/16842758//7156314/2446876/2.87/2.93//2008-9-18 10:33:52
5/600006/东风汽车/2.870	24900	2.860	67400	2.850	60700	2.840	2400	2.830	32000	2.880	44500	2.890	54500	2.900	89300	2.910	3000	2.920	20800	/16842758//7225016/2470776/2.88/2.93//2008-9-18 10:34:52
5/600006/东风汽车/2.870	30100	2.860	67900	2.850	64300	2.840	22800	2.830	32000	2.880	4500	2.890	56500	2.900	99200	2.910	3000	2.920	20900	/16842758//7345372/2512576/2.87/2.93//2008-9-18 10:35:52
5/600006/东风汽车/2.860	67300	2.850	66200	2.840	23100	2.830	35000	2.820	47800	2.870	34200	2.880	8700	2.890	11500	2.900	100400	2.910	103000	/16842758//7516606/2572176/2.87/2.93//2008-9-18 10:36:53
5/600006/东风汽车/2.850	66300	2.840	23100	2.830	35200	2.820	47800	2.810	93100	2.860	65500	2.870	29900	2.880	15700	2.890	20100	2.900	100400	/16842758//7730300/2646876/2.86/2.93//2008-9-18 10:37:53
5/600006/东风汽车/2.840	21200	2.830	35000	2.820	57800	2.810	93100	2.800	137900	2.850	39900	2.860	53100	2.870	43900	2.880	17700	2.890	24100	/16842758//7972786/2731976/2.85/2.93//2008-9-18 10:38:53
5/600006/东风汽车/2.840	14000	2.830	8000	2.820	60800	2.810	96100	2.800	142500	2.850	2100	2.860	53100	2.870	42600	2.880	23600	2.890	76100	/16842758//8086386/2771876/2.84/2.93//2008-9-18 10:39:54
5/600006/东风汽车/2.840	1200	2.820	16900	2.810	116100	2.800	149100	2.790	2800	2.850	4800	2.860	69800	2.870	42600	2.880	23600	2.890	74700	/16842758//8337773/2860776/2.84/2.93//2008-9-18 10:40:54
5/600006/东风汽车/2.840	3000	2.830	800	2.820	12500	2.810	100	2.800	33700	2.850	133400	2.860	71800	2.870	42600	2.880	17800	2.890	68100	/16842758//9122492/3140176/2.85/2.93//2008-9-18 10:41:54
5/600006/东风汽车/2.810	2300	2.800	102600	2.790	8800	2.780	16600	2.770	2300	2.820	121000	2.830	500	2.840	11600	2.850	93800	2.860	71600	/16842758//9207385/3170276/2.82/2.93//2008-9-18 10:42:55
5/600006/东风汽车/2.800	80800	2.790	23300	2.780	19600	2.770	1800	2.760	12900	2.810	36000	2.820	128700	2.840	139300	2.850	95700	2.860	54900	/16842758//9311046/3207176/2.81/2.93//2008-9-18 10:43:55
5/600006/东风汽车/2.800	37700	2.790	23300	2.780	20100	2.770	4800	2.760	14200	2.810	31500	2.820	127800	2.840	139200	2.850	95700	2.860	5000	/16842758//9489163/3270676/2.81/2.93//2008-9-18 10:44:56
5/600006/东风汽车/2.790	21200	2.780	24700	2.770	6400	2.760	50900	2.750	418600	2.800	40200	2.810	13450	2.820	127800	2.830	2000	2.840	139000	/16842758//9688396/3341776/2.79/2.93//2008-9-18 10:45:56
5/600006/东风汽车/2.780	9150	2.770	7400	2.760	102200	2.750	445900	0.000	0	2.790	13800	2.800	27900	2.810	10700	2.820	111100	2.830	2000	/16842758//9865923/3405326/2.79/2.93//2008-9-18 10:46:56
5/600006/东风汽车/2.770	10000	2.760	121200	2.750	476200	0.000	0	0.000	0	2.780	33450	2.790	16600	2.800	19200	2.810	19600	2.830	2000	/16842758//9908342/3420576/2.78/2.93//2008-9-18 10:47:57
5/600006/东风汽车/2.760	116900	2.750	497700	0.000	0	0.000	0	0.000	0	2.770	114800	2.780	194350	2.790	36600	2.800	18100	2.810	11800	/16842758//10005058/3455476/2.76/2.93//2008-9-18 10:48:57
5/600006/东风汽车/2.760	30700	2.750	567200	0.000	0	0.000	0	0.000	0	2.770	83800	2.780	163050	2.790	33300	2.800	19100	2.810	11800	/16842758//10281591/3555576/2.76/2.93//2008-9-18 10:49:57
5/600006/东风汽车/2.760	14900	2.750	586700	0.000	0	0.000	0	0.000	0	2.770	82400	2.780	139750	2.790	33300	2.800	14100	2.810	11800	/16842758//10481974/3628176/2.77/2.93//2008-9-18 10:50:58
5/600006/东风汽车/2.770	16500	2.760	63700	2.750	606300	0.000	0	0.000	0	2.780	135750	2.790	33300	2.800	14100	2.810	9800	2.820	11000	/16842758//10561766/3656976/2.78/2.93//2008-9-18 10:51:58
5/600006/东风汽车/2.780	306450	2.770	16200	2.760	76800	2.750	608000	0.000	0	2.790	21900	2.800	14100	2.810	9800	2.820	15000	2.830	11000	/16842758//10949662/3796526/2.78/2.93//2008-9-18 10:52:58
5/600006/东风汽车/2.790	41500	2.780	320750	2.770	9600	2.760	80800	2.750	491700	2.800	10500	2.810	3900	2.820	17000	2.830	6000	2.840	15000	/16842758//11015502/3820126/2.79/2.93//2008-9-18 10:53:59
5/600006/东风汽车/2.800	5700	2.790	59100	2.780	320550	2.770	9600	2.760	87400	2.810	6900	2.820	17000	2.830	6000	2.840	16000	2.850	80800	/16842758//11101087/3850726/2.79/2.93//2008-9-18 10:54:59
5/600006/东风汽车/2.790	124200	2.780	325850	2.770	9900	2.760	100000	2.750	516100	2.800	110600	2.810	6900	2.820	17000	2.830	6000	2.840	17400	/16842758//11138917/3864226/2.79/2.93//2008-9-18 10:56:0
5/600006/东风汽车/2.790	104567	2.780	325850	2.770	9400	2.760	100000	2.750	517300	2.800	101000	2.810	3900	2.820	18200	2.830	6000	2.840	21000	/16842758//11201083/3886459/2.8/2.93//2008-9-18 10:57:0
5/600006/东风汽车/2.790	104567	2.780	23200	2.770	12800	2.760	109100	2.750	527800	2.800	108900	2.810	3900	2.820	18200	2.830	6200	2.840	17000	/16842758//11230120/3896859/2.8/2.93//2008-9-18 10:58:0
5/600006/东风汽车/2.790	86267	2.780	23400	2.770	22400	2.760	116300	2.750	549700	2.800	108700	2.810	16400	2.820	18200	2.830	6200	2.840	17300	/16842758//11299640/3921759/2.8/2.93//2008-9-18 10:59:1
5/600006/东风汽车/2.790	63567	2.780	20500	2.770	22200	2.760	117300	2.750	553800	2.800	115800	2.810	16400	2.820	18200	2.830	4200	2.840	16400	/16842758//11430712/3968659/2.8/2.93//2008-9-18 11:0:1
5/600006/东风汽车/2.790	11200	2.780	20500	2.770	22200	2.760	125200	2.750	554500	2.800	115300	2.810	16400	2.820	18200	2.830	4200	2.840	16000	/16842758//11462802/3980159/2.79/2.93//2008-9-18 11:1:2
5/600006/东风汽车/2.790	4400	2.780	21000	2.770	63000	2.760	125800	2.750	558500	2.800	118700	2.810	16400	2.820	18200	2.830	4200	2.840	17000	/16842758//11506890/3995959/2.79/2.93//2008-9-18 11:2:2
5/600006/东风汽车/2.780	21000	2.770	63000	2.760	121000	2.750	546900	0.000	0	2.790	13999	2.800	112700	2.810	16400	2.820	17600	2.830	5400	/16842758//11527531/4003359/2.79/2.93//2008-9-18 11:3:2
5/600006/东风汽车/2.780	15700	2.770	63000	2.760	123900	2.750	552300	0.000	0	2.790	9199	2.800	120200	2.810	54400	2.820	17600	2.830	4700	/16842758//11559586/4014859/2.78/2.93//2008-9-18 11:4:3
5/600006/东风汽车/2.780	6600	2.770	69700	2.760	123100	2.750	562200	0.000	0	2.790	19199	2.800	121300	2.810	15500	2.820	17600	2.830	4700	/16842758//11623315/4037759/2.78/2.93//2008-9-18 11:5:3
5/600006/东风汽车/2.770	69900	2.760	121900	2.750	578500	0.000	0	0.000	0	2.780	58600	2.790	52099	2.800	56100	2.810	15500	2.820	17600	/16842758//11647501/4046459/2.78/2.93//2008-9-18 11:6:4
5/600006/东风汽车/2.790	179901	2.780	2600	2.770	2000	2.760	122100	2.750	653300	2.800	106100	2.810	15500	2.820	12600	2.830	5700	2.840	16000	/16842758//12082089/4202758/2.79/2.93//2008-9-18 11:7:4
5/600006/东风汽车/2.790	176601	2.780	3700	2.770	5000	2.760	162400	2.750	617100	2.800	71200	2.810	15500	2.820	6600	2.830	5700	2.840	16000	/16842758//12193759/4242658/2.8/2.93//2008-9-18 11:8:4
5/600006/东风汽车/2.790	175101	2.780	5800	2.770	20600	2.760	156000	2.750	544100	2.800	24500	2.810	5900	2.820	600	2.830	5700	2.840	13000	/16842758//12391157/4313158/2.8/2.93//2008-9-18 11:9:5
5/600006/东风汽车/2.800	37500	2.790	187401	2.780	6300	2.770	21100	2.760	158100	2.810	3800	2.820	600	2.830	8200	2.840	13000	2.850	97700	/16842758//12467063/4340258/2.81/2.93//2008-9-18 11:10:5
5/600006/东风汽车/2.800	43300	2.790	187401	2.780	7100	2.770	21400	2.760	163100	2.810	1500	2.820	2600	2.830	11700	2.840	18700	2.850	97900	/16842758//12479411/4344658/2.8/2.93//2008-9-18 11:11:6
5/600006/东风汽车/2.800	37300	2.790	12700	2.780	9300	2.770	21400	2.760	164200	2.820	2800	2.830	10600	2.840	22600	2.850	96900	2.860	9400	/16842758//12535538/4364658/2.8/2.93//2008-9-18 11:12:6
5/600006/东风汽车/2.800	38300	2.790	14200	2.780	9300	2.770	22200	2.760	163200	2.820	3900	2.830	14200	2.840	22200	2.850	96900	2.860	12800	/16842758//12576976/4379358/2.8/2.93//2008-9-18 11:13:7
5/600006/东风汽车/2.800	34900	2.790	14200	2.780	11100	2.770	22700	2.760	162000	2.820	30400	2.830	13800	2.840	21600	2.850	97700	2.860	7400	/16842758//12593552/4385258/2.82/2.93//2008-9-18 11:14:7
5/600006/东风汽车/2.800	25900	2.790	14200	2.780	11100	2.770	23900	2.760	163000	2.810	5100	2.820	47900	2.830	22000	2.840	23100	2.850	99400	/16842758//12619032/4394358/2.8/2.93//2008-9-18 11:15:7
5/600006/东风汽车/2.790	14200	2.780	11100	2.770	23900	2.760	163300	2.750	576600	2.800	29100	2.810	10200	2.820	51500	2.830	21700	2.840	20100	/16842758//12701072/4423658/2.8/2.93//2008-9-18 11:16:8
5/600006/东风汽车/2.790	14200	2.780	12300	2.770	23900	2.760	164400	2.750	690700	2.800	8100	2.810	12100	2.820	50600	2.830	21200	2.840	22100	/16842758//12777512/4450958/2.8/2.93//2008-9-18 11:17:8
5/600006/东风汽车/2.790	12300	2.780	13300	2.770	23900	2.760	162500	2.750	687900	2.800	6700	2.810	12100	2.820	49600	2.830	21200	2.840	22100	/16842758//12796533/4457758/2.8/2.93//2008-9-18 11:18:9
5/600006/东风汽车/2.790	11300	2.780	13600	2.770	23400	2.760	168900	2.750	686900	2.800	800	2.810	15600	2.820	49600	2.830	21200	2.840	22100	/16842758//12824803/4467858/2.8/2.93//2008-9-18 11:19:9
5/600006/东风汽车/2.790	11400	2.780	13500	2.770	29200	2.760	168400	2.750	689200	2.800	9100	2.810	1300	2.820	49600	2.830	21200	2.840	25100	/16842758//12899676/4494558/2.8/2.93//2008-9-18 11:20:10
5/600006/东风汽车/2.780	13600	2.770	29200	2.760	172900	2.750	768000	0.000	0	2.790	49000	2.810	11100	2.820	49600	2.830	21200	2.840	25100	/16842758//12971230/4520158/2.79/2.93//2008-9-18 11:21:10
5/600006/东风汽车/2.780	14100	2.770	27600	2.760	172900	2.750	768500	0.000	0	2.790	40900	2.810	1300	2.820	49600	2.830	21200	2.840	25100	/16842758//12993829/4528258/2.79/2.93//2008-9-18 11:22:10
5/600006/东风汽车/2.780	12200	2.770	22000	2.760	172900	2.750	766600	0.000	0	2.790	40900	2.810	1600	2.820	49600	2.830	21200	2.840	25100	/16842758//13003281/4531658/2.78/2.93//2008-9-18 11:23:11
5/600006/东风汽车/2.760	173200	2.750	829700	0.000	0	0.000	0	0.000	0	2.770	29100	2.780	1700	2.790	40900	2.800	6000	2.810	4600	/16842758//13141072/4581358/2.77/2.93//2008-9-18 11:24:11
5/600006/东风汽车/2.760	1500	2.750	593500	0.000	0	0.000	0	0.000	0	2.770	1300	2.780	4700	2.790	40900	2.800	6000	2.810	4600	/16842758//14322297/5010058/2.77/2.93//2008-9-18 11:25:12
5/600006/东风汽车/2.760	2000	2.750	566900	0.000	0	0.000	0	0.000	0	2.830	22200	2.840	22100	2.850	96700	2.860	6800	2.870	71500	/16842758//14648246/5126558/2.76/2.93//2008-9-18 11:26:12
5/600006/东风汽车/2.760	66790	2.750	579000	0.000	0	0.000	0	0.000	0	2.800	1000	2.820	10800	2.830	32600	2.840	1000	2.850	28600	/16842758//15078011/5277868/2.85/2.93//2008-9-18 11:27:13
5/600006/东风汽车/2.800	7500	2.780	600	2.770	4000	2.760	110690	2.750	597200	2.820	17400	2.830	32600	2.840	47900	2.850	148700	2.860	8300	/16842758//15104631/5287368/2.8/2.93//2008-9-18 11:28:13
5/600006/东风汽车/2.800	5400	2.780	1500	2.770	20600	2.760	132090	2.750	596900	2.850	22199	2.860	9000	2.870	74500	2.880	72300	2.890	67300	/16842758//15999726/5602368/2.85/2.93//2008-9-18 11:29:14
5/600006/东风汽车/2.800	1900	2.780	10200	2.770	167200	2.760	137090	2.750	622500	2.830	11100	2.840	31500	2.850	64099	2.860	56000	2.870	95500	/16842758//16015186/5607868/2.83/2.93//2008-9-18 11:30:14
5/600006/东风汽车/2.800	1900	2.780	10200	2.770	167200	2.760	137090	2.750	622500	2.830	11100	2.840	31500	2.850	64099	2.860	56000	2.870	95500	/16842758//16015186/5607868/2.83/2.93//2008-9-18 11:31:15
5/600006/东风汽车/2.800	16300	2.790	1300	2.780	92400	2.770	168800	2.760	149390	2.820	1800	2.830	14700	2.840	48500	2.850	155099	2.860	65000	/16842758//16197221/5672468/2.8/2.93//2008-9-18 13:1:15
5/600006/东风汽车/2.800	2300	2.790	1300	2.780	92400	2.770	153300	2.760	149290	2.830	14100	2.840	48500	2.850	155199	2.860	65000	2.870	95500	/16842758//16226145/5682768/2.83/2.93//2008-9-18 13:2:16
5/600006/东风汽车/2.780	90500	2.770	153300	2.760	150290	2.750	604000	0.000	0	2.800	4200	2.820	700	2.830	19100	2.840	25400	2.850	153199	/16842758//16283761/5703368/2.8/2.93//2008-9-18 13:3:16
5/600006/东风汽车/2.780	82900	2.770	153300	2.760	169890	2.750	603100	0.000	0	2.800	2600	2.810	400	2.820	36000	2.830	44200	2.840	25400	/16842758//16349791/5727068/2.8/2.93//2008-9-18 13:4:17
5/600006/东风汽车/2.790	700	2.780	119900	2.770	153000	2.760	169990	2.750	610500	2.800	7900	2.810	1900	2.820	37000	2.830	43200	2.840	25400	/16842758//16383751/5739268/2.8/2.93//2008-9-18 13:5:17
5/600006/东风汽车/2.800	6800	2.790	68200	2.780	126000	2.770	15300	2.760	170090	2.810	1800	2.820	37000	2.830	38200	2.840	25400	2.850	165949	/16842758//16408952/5748268/2.8/2.93//2008-9-18 13:6:18
5/600006/东风汽车/2.790	15500	2.780	82000	2.770	102000	2.760	171290	2.750	621200	2.800	3000	2.810	2600	2.820	37000	2.830	38200	2.840	22400	/16842758//16435552/5757768/2.8/2.93//2008-9-18 13:7:18
5/600006/东风汽车/2.800	4200	2.790	15300	2.780	80500	2.770	102000	2.760	175290	2.810	2600	2.820	22700	2.830	38200	2.840	22400	2.850	172949	/16842758//16450384/5763068/2.8/2.93//2008-9-18 13:8:19
5/600006/东风汽车/2.800	9900	2.790	15300	2.780	83800	2.770	102000	2.760	175590	2.810	3400	2.820	24800	2.830	39200	2.840	22400	2.850	162250	/16842758//16450946/5763268/2.81/2.93//2008-9-18 13:9:19
5/600006/东风汽车/2.800	32700	2.790	15300	2.780	81700	2.770	102000	2.760	178590	2.810	3450	2.820	25300	2.830	59800	2.840	23000	2.850	162250	/16842758//16452907/5763968/2.81/2.93//2008-9-18 13:10:20
5/600006/东风汽车/2.790	16300	2.780	81400	2.770	102500	2.760	177590	2.750	629900	2.800	9300	2.810	12850	2.820	25300	2.830	59800	2.840	23000	/16842758//16547827/5797868/2.8/2.93//2008-9-18 13:11:20
5/600006/东风汽车/2.780	80900	2.770	102500	2.760	179490	2.750	630500	0.000	0	2.790	7900	2.800	2633	2.810	12950	2.820	25300	2.830	59800	/16842758//16598906/5816168/2.79/2.93//2008-9-18 13:12:21
5/600006/东风汽车/2.780	84300	2.770	102500	2.760	179590	2.750	625100	0.000	0	2.790	6600	2.800	4833	2.810	13150	2.820	25300	2.830	58800	/16842758//16612837/5821168/2.79/2.93//2008-9-18 13:13:21
5/600006/东风汽车/2.780	90200	2.770	101800	2.760	177590	2.750	620700	0.000	0	2.790	5500	2.800	5232	2.810	13150	2.820	25300	2.830	58800	/16842758//16622589/5824668/2.78/2.93//2008-9-18 13:14:22
5/600006/东风汽车/2.790	33900	2.780	90900	2.770	101800	2.760	177790	2.750	621700	2.800	6032	2.810	13050	2.820	25300	2.830	58800	2.840	23000	/16842758//16654395/5836068/2.79/2.93//2008-9-18 13:15:22
5/600006/东风汽车/2.790	5100	2.780	87200	2.770	101800	2.760	180290	2.750	623600	2.800	3632	2.810	14050	2.820	25300	2.830	58800	2.840	23000	/16842758//16745094/5868568/2.8/2.93//2008-9-18 13:16:23
5/600006/东风汽车/2.790	5000	2.780	87200	2.770	101800	2.760	179490	2.750	626100	2.800	2732	2.810	14050	2.820	25300	2.830	58800	2.840	23000	/16842758//16754893/5872068/2.8/2.93//2008-9-18 13:17:23
5/600006/东风汽车/2.790	1410	2.780	87600	2.770	101800	2.760	179690	2.750	623200	2.800	1732	2.810	29950	2.820	25300	2.830	58800	2.840	23000	/16842758//16788410/5884058/2.8/2.93//2008-9-18 13:18:24
5/600006/东风汽车/2.780	90300	2.770	101800	2.760	180990	2.750	627800	0.000	0	2.790	9890	2.800	3132	2.810	29950	2.820	25300	2.830	59300	/16842758//16814952/5893568/2.78/2.93//2008-9-18 13:19:24
5/600006/东风汽车/2.790	3910	2.780	52200	2.770	101800	2.760	181990	2.750	630100	2.800	5532	2.810	29950	2.820	25300	2.830	60000	2.840	20000	/16842758//16955700/5944158/2.79/2.93//2008-9-18 13:20:25
5/600006/东风汽车/2.790	16610	2.780	55700	2.770	101800	2.760	184190	2.750	631600	2.800	17832	2.810	29950	2.820	26200	2.830	60000	2.840	32500	/16842758//16969690/5949158/2.8/2.93//2008-9-18 13:21:25
5/600006/东风汽车/2.790	16610	2.780	48400	2.770	101800	2.760	180690	2.750	692500	2.800	2432	2.810	29950	2.820	24900	2.830	60000	2.840	35500	/16842758//17026498/5969458/2.8/2.93//2008-9-18 13:22:26
5/600006/东风汽车/2.800	29768	2.790	29410	2.780	88900	2.770	104300	2.760	186390	2.810	14150	2.820	24900	2.830	60000	2.840	38500	2.850	180150	/16842758//17052068/5978590/2.8/2.93//2008-9-18 13:23:26
5/600006/东风汽车/2.800	35668	2.790	34110	2.780	85100	2.770	104700	2.760	183890	2.810	12750	2.820	24900	2.830	59000	2.840	48700	2.850	181450	/16842758//17061340/5981890/2.81/2.93//2008-9-18 13:24:27
5/600006/东风汽车/2.810	18050	2.800	16868	2.790	87010	2.780	72400	2.770	104800	2.820	22900	2.830	59000	2.840	54400	2.850	178650	2.860	65400	/16842758//17107304/5998240/2.81/2.93//2008-9-18 13:25:27
5/600006/东风汽车/2.820	18900	2.810	18950	2.800	17868	2.790	127010	2.780	72600	2.830	59500	2.840	53500	2.850	178650	2.860	65400	2.870	94500	/16842758//17181164/6024440/2.81/2.93//2008-9-18 13:26:28
5/600006/东风汽车/2.820	15000	2.810	18450	2.800	12900	2.790	127010	2.780	28600	2.830	51400	2.840	52300	2.850	170650	2.860	65400	2.870	94500	/16842758//17232348/6042540/2.83/2.93//2008-9-18 13:27:28
5/600006/东风汽车/2.810	76050	2.800	61900	2.790	70310	2.780	28600	2.770	26600	2.830	22500	2.840	52300	2.850	173550	2.860	65400	2.870	94500	/16842758//17500554/6137540/2.83/2.93//2008-9-18 13:28:29
5/600006/东风汽车/2.820	6000	2.810	137350	2.800	58800	2.790	65510	2.780	28600	2.830	6000	2.840	52600	2.850	173550	2.860	65400	2.870	94500	/16842758//17464956/6124940/2.83/2.93//2008-9-18 13:29:29
5/600006/东风汽车/2.760	170790	2.750	661500	0.000	0	0.000	0	0.000	0	2.770	73040	2.830	18700	2.840	54100	2.850	171750	2.860	64900	/16842758//18382436/6452800/2.77/2.93//2008-9-18 13:30:30
5/600006/东风汽车/2.790	20000	2.770	60060	2.760	156090	2.750	668000	0.000	0	2.810	31500	2.820	3000	2.830	18700	2.840	55100	2.850	127250	/16842758//18584756/6525840/2.77/2.93//2008-9-18 13:31:30
5/600006/东风汽车/2.790	20000	2.780	37100	2.770	130260	2.760	161990	2.750	685700	2.810	30400	2.820	12000	2.830	12400	2.840	55100	2.850	129450	/16842758//18589814/6527640/2.81/2.93//2008-9-18 13:32:31
5/600006/东风汽车/2.800	1300	2.790	26300	2.780	9200	2.770	111260	2.760	227990	2.810	9200	2.820	10100	2.830	9800	2.840	55100	2.850	127650	/16842758//18687694/6562540/2.81/2.93//2008-9-18 13:33:31
5/600006/东风汽车/2.800	12000	2.790	27300	2.780	14800	2.770	73160	2.760	225890	2.820	15000	2.830	8300	2.840	51400	2.850	107850	2.860	64900	/16842758//18770600/6592040/2.82/2.93//2008-9-18 13:34:32
5/600006/东风汽车/2.820	20000	2.810	19200	2.800	20400	2.790	26300	2.780	14200	2.830	6500	2.840	51400	2.850	99550	2.860	64900	2.870	88400	/16842758//18868608/6626740/2.83/2.93//2008-9-18 13:35:32
5/600006/东风汽车/2.830	158300	2.820	11800	2.810	11200	2.800	17400	2.790	13500	2.840	35300	2.850	58750	2.860	64700	2.870	88400	2.880	79000	/16842758//18933284/6649540/2.84/2.93//2008-9-18 13:36:33
5/600006/东风汽车/2.840	18600	2.830	157800	2.820	13800	2.810	7500	2.800	12300	2.850	44900	2.860	19700	2.870	88400	2.880	80000	2.890	2000	/16842758//19052842/6691640/2.84/2.93//2008-9-18 13:37:34
5/600006/东风汽车/2.840	11900	2.830	157600	2.820	13800	2.810	7500	2.800	15000	2.850	12100	2.860	40800	2.870	48500	2.880	80000	2.890	4000	/16842758//19172274/6733540/2.85/2.93//2008-9-18 13:38:34
5/600006/东风汽车/2.840	400	2.830	100	2.820	2700	2.810	10800	2.800	18000	2.850	36400	2.860	39800	2.870	59700	2.880	79000	2.890	6200	/16842758//19835080/6967740/2.84/2.93//2008-9-18 13:39:35
5/600006/东风汽车/2.830	3300	2.820	22900	2.810	8800	2.800	22300	2.790	13500	2.840	1200	2.850	36100	2.860	40900	2.870	59700	2.880	78000	/16842758//19840202/6969540/2.84/2.93//2008-9-18 13:40:35
5/600006/东风汽车/2.830	11300	2.820	23800	2.810	5800	2.800	18000	2.790	13500	2.840	3600	2.850	34400	2.860	20800	2.870	59700	2.880	78000	/16842758//19877594/6982740/2.83/2.93//2008-9-18 13:41:36
5/600006/东风汽车/2.830	13300	2.820	25800	2.810	11800	2.800	18800	2.790	13500	2.840	8600	2.850	33400	2.860	20800	2.870	59700	2.880	78000	/16842758//19897754/6989840/2.84/2.93//2008-9-18 13:42:36
5/600006/东风汽车/2.840	39600	2.830	14800	2.820	23500	2.810	29600	2.800	20700	2.850	32100	2.860	20700	2.870	59700	2.880	79100	2.890	11900	/16842758//19940304/7004840/2.83/2.93//2008-9-18 13:43:37
5/600006/东风汽车/2.850	38100	2.840	54700	2.830	23700	2.820	24500	2.810	25300	2.860	20200	2.870	39700	2.880	74100	2.890	11900	2.900	25100	/16842758//20038340/7039240/2.86/2.93//2008-9-18 13:44:37
5/600006/东风汽车/2.860	6800	2.850	111100	2.840	37100	2.830	16800	2.820	17500	2.870	38500	2.880	74100	2.890	11900	2.900	31200	2.910	1100	/16842758//20099544/7060640/2.86/2.93//2008-9-18 13:45:38
5/600006/东风汽车/2.870	39000	2.860	22200	2.850	46300	2.840	3400	2.830	14300	2.880	17300	2.890	5000	2.900	31200	2.910	1100	2.920	16700	/16842758//20375830/7156740/2.88/2.93//2008-9-18 13:46:39
5/600006/东风汽车/2.890	6700	2.880	48800	2.870	17400	2.860	14600	2.850	47800	2.900	14200	2.910	1100	2.920	16700	2.930	21300	2.940	25000	/16842758//20458556/7185440/2.89/2.93//2008-9-18 13:47:39
5/600006/东风汽车/2.880	57800	2.870	17400	2.860	13900	2.850	50300	2.840	3400	2.890	1300	2.900	6500	2.910	20900	2.920	16700	2.930	21300	/16842758//20586594/7229740/2.89/2.93//2008-9-18 13:48:40
5/600006/东风汽车/2.870	14400	2.860	14900	2.850	48500	2.840	3400	2.830	10500	2.880	7500	2.890	62100	2.900	15300	2.910	5300	2.920	16700	/16842758//20876786/7330340/2.88/2.93//2008-9-18 13:49:40
5/600006/东风汽车/2.860	2500	2.850	37800	2.840	3400	2.830	8600	2.820	22700	2.870	50200	2.880	17200	2.890	15600	2.900	3100	2.910	5300	/16842758//20972536/7363740/2.87/2.93//2008-9-18 13:50:41
5/600006/东风汽车/2.850	45400	2.840	4600	2.830	27300	2.820	28700	2.810	2200	2.860	11700	2.870	6900	2.880	16700	2.890	12900	2.900	5100	/16842758//20986262/7368540/2.86/2.93//2008-9-18 13:51:41
5/600006/东风汽车/2.850	18600	2.840	18200	2.830	26800	2.820	28700	2.810	2500	2.860	2400	2.870	4100	2.880	16700	2.890	12900	2.900	4800	/16842758//21050466/7391040/2.85/2.93//2008-9-18 13:52:42
5/600006/东风汽车/2.850	13400	2.840	18200	2.830	24100	2.820	36700	2.810	13500	2.860	3500	2.870	6100	2.880	17700	2.890	12900	2.900	4900	/16842758//21098446/7407840/2.85/2.93//2008-9-18 13:53:42
5/600006/东风汽车/2.860	10000	2.850	9400	2.840	17800	2.830	11400	2.820	29700	2.870	9100	2.880	13200	2.890	12900	2.900	10600	2.910	5300	/16842758//21129262/7418640/2.85/2.93//2008-9-18 13:54:43
5/600006/东风汽车/2.860	5200	2.850	9400	2.840	20900	2.830	15100	2.820	26700	2.870	7000	2.880	13200	2.890	12900	2.900	10600	2.910	5300	/16842758//21144138/7423840/2.86/2.93//2008-9-18 13:55:44
5/600006/东风汽车/2.860	10100	2.850	15300	2.840	21000	2.830	15100	2.820	26700	2.870	2100	2.880	15200	2.890	12900	2.900	11400	2.910	7300	/16842758//21162470/7430240/2.87/2.93//2008-9-18 13:56:44
5/600006/东风汽车/2.860	11100	2.850	17400	2.840	21000	2.830	15100	2.820	27000	2.870	1500	2.880	16200	2.890	6900	2.900	31600	2.910	7300	/16842758//21164192/7430840/2.87/2.93//2008-9-18 13:57:45
5/600006/东风汽车/2.860	6100	2.850	28200	2.840	20800	2.830	15100	2.820	27000	2.870	23790	2.880	15700	2.890	8100	2.900	22100	2.910	10100	/16842758//21216426/7449040/2.87/2.93//2008-9-18 13:58:45
5/600006/东风汽车/2.870	14210	2.860	5100	2.850	27200	2.840	20800	2.830	12100	2.880	15200	2.890	6900	2.900	16400	2.910	19600	2.920	23600	/16842758//21278656/7470730/2.87/2.93//2008-9-18 13:59:46
5/600006/东风汽车/2.870	15010	2.860	5300	2.850	27200	2.840	21800	2.830	12100	2.880	10200	2.890	6900	2.900	16400	2.910	19800	2.920	23600	/16842758//21318362/7484530/2.87/2.93//2008-9-18 14:0:47
5/600006/东风汽车/2.860	5300	2.850	27200	2.840	21800	2.830	12100	2.820	27500	2.870	29490	2.880	11500	2.890	8400	2.900	17500	2.910	19800	/16842758//21364310/7500540/2.87/2.93//2008-9-18 14:1:47
5/600006/东风汽车/2.850	24200	2.840	21700	2.830	12100	2.820	27500	2.810	24900	2.860	5800	2.870	42800	2.880	15600	2.890	37900	2.900	17500	/16842758//21394038/7510940/2.86/2.93//2008-9-18 14:2:48
5/600006/东风汽车/2.850	14400	2.840	21700	2.830	12100	2.820	27500	2.810	26900	2.860	11200	2.870	41000	2.880	11600	2.890	37900	2.900	17500	/16842758//21453998/7531940/2.86/2.93//2008-9-18 14:3:48
5/600006/东风汽车/2.840	6000	2.830	12100	2.820	27500	2.810	26900	2.800	46100	2.860	20100	2.870	31000	2.880	10500	2.890	37900	2.900	17400	/16842758//21541336/7562640/2.84/2.93//2008-9-18 14:4:49
5/600006/东风汽车/2.840	18200	2.830	12100	2.820	27000	2.810	27500	2.800	46100	2.850	11700	2.860	14400	2.870	31000	2.880	13500	2.890	37900	/16842758//21564074/7570640/2.84/2.93//2008-9-18 14:5:50
5/600006/东风汽车/2.850	5800	2.840	5800	2.830	12100	2.820	27000	2.810	27500	2.860	12400	2.870	31000	2.880	13500	2.890	36400	2.900	17400	/16842758//21631636/7594340/2.84/2.93//2008-9-18 14:6:50
5/600006/东风汽车/2.860	4400	2.850	210800	2.840	5800	2.830	12100	2.820	27000	2.870	31000	2.880	13500	2.890	26400	2.900	17700	2.910	24900	/16842758//21667100/7606740/2.86/2.93//2008-9-18 14:7:51
5/600006/东风汽车/2.860	1000	2.850	204300	2.840	4400	2.830	18000	2.820	27000	2.870	26700	2.880	12200	2.890	26400	2.900	18000	2.910	24900	/16842758//21700570/7618440/2.87/2.93//2008-9-18 14:8:51
5/600006/东风汽车/2.860	46000	2.850	204900	2.840	4400	2.830	18000	2.820	27000	2.870	12900	2.880	13100	2.890	26400	2.900	22000	2.910	25900	/16842758//21748756/7635240/2.86/2.93//2008-9-18 14:9:52
5/600006/东风汽车/2.870	6500	2.860	51400	2.850	204900	2.840	4400	2.830	20000	2.880	3600	2.890	26400	2.900	22200	2.910	25900	2.920	17700	/16842758//21827528/7662640/2.88/2.93//2008-9-18 14:10:53
5/600006/东风汽车/2.870	7900	2.860	51400	2.850	206400	2.840	4500	2.830	20000	2.880	1100	2.890	25900	2.900	22200	2.910	24900	2.920	17700	/16842758//21832424/7664340/2.88/2.93//2008-9-18 14:11:53
5/600006/东风汽车/2.880	37400	2.870	13000	2.860	52300	2.850	206400	2.840	4500	2.890	25400	2.900	21900	2.910	24900	2.920	18800	2.930	27000	/16842758//21860660/7674140/2.88/2.93//2008-9-18 14:12:54
5/600006/东风汽车/2.890	8500	2.880	36500	2.870	12000	2.860	45600	2.850	206300	2.900	21900	2.910	24900	2.920	18800	2.930	27000	2.940	25000	/16842758//21936364/7700340/2.89/2.93//2008-9-18 14:13:55
5/600006/东风汽车/2.890	400	2.880	30200	2.870	12000	2.860	46400	2.850	206300	2.900	3900	2.910	20600	2.920	19000	2.930	27700	2.940	25000	/16842758//22040208/7736240/2.89/2.93//2008-9-18 14:14:55
5/600006/东风汽车/2.880	41100	2.870	12500	2.860	46800	2.850	207300	2.840	4500	2.890	4400	2.900	30100	2.910	20600	2.920	16700	2.930	27700	/16842758//22046854/7738540/2.89/2.93//2008-9-18 14:15:56
5/600006/东风汽车/2.890	1600	2.880	36000	2.870	5800	2.860	44800	2.850	207300	2.900	54700	2.910	16200	2.920	16700	2.930	27700	2.940	25000	/16842758//22107786/7759640/2.89/2.93//2008-9-18 14:16:56
5/600006/东风汽车/2.880	43200	2.870	6800	2.860	48800	2.850	207600	2.840	4500	2.890	316	2.900	2400	2.910	16200	2.920	17700	2.930	27700	/16842758//22182228/7785340/2.89/2.93//2008-9-18 14:17:57
5/600006/东风汽车/2.900	11500	2.890	12684	2.880	43700	2.870	6300	2.860	48800	2.910	5100	2.920	17700	2.930	27700	2.940	25000	2.950	66100	/16842758//22212740/7795856/2.9/2.93//2008-9-18 14:18:58
5/600006/东风汽车/2.920	37600	2.910	19600	2.900	15300	2.890	12384	2.880	41900	2.930	25400	2.940	38500	2.950	21300	2.960	28666	2.970	19000	/16842758//22289180/7822056/2.92/2.93//2008-9-18 14:19:58
5/600006/东风汽车/2.930	15700	2.920	62700	2.910	29100	2.900	52500	2.890	9884	2.960	14366	2.970	17400	2.980	18900	2.990	57050	3.000	132450	/16842758//22590244/7924356/2.96/2.93//2008-9-18 14:20:59
5/600006/东风汽车/2.970	173834	2.960	3500	2.930	21200	2.920	58600	2.910	29100	2.980	27900	2.990	40450	3.000	121050	3.010	14000	3.020	7700	/16842758//22705392/7963222/2.97/2.93//2008-9-18 14:22:0
5/600006/东风汽车/2.980	13400	2.970	11600	2.960	15800	2.950	2000	2.930	15100	2.990	28650	3.000	139650	3.010	14000	3.020	5800	3.030	4700	/16842758//22852986/8012722/2.99/2.93//2008-9-18 14:23:0
5/600006/东风汽车/2.960	14600	2.950	2000	2.940	2700	2.930	15600	2.920	40400	2.970	12800	2.980	11540	2.990	10300	3.000	138050	3.010	14000	/16842758//23152506/8113122/2.97/2.93//2008-9-18 14:24:1
5/600006/东风汽车/2.970	15360	2.960	9200	2.950	2900	2.940	2700	2.930	20600	2.980	20000	2.990	90500	3.000	145150	3.010	14100	3.020	6600	/16842758//23279550/8155862/2.97/2.93//2008-9-18 14:25:2
5/600006/东风汽车/2.960	5700	2.950	2300	2.940	4500	2.930	20600	2.920	38400	2.970	23440	2.980	30400	2.990	71500	3.000	126050	3.010	14000	/16842758//23372070/8187022/2.97/2.93//2008-9-18 14:26:2
5/600006/东风汽车/2.940	5200	2.930	15500	2.920	37000	2.910	15500	2.900	42400	2.950	5300	2.960	47200	2.970	27840	2.980	31000	2.990	41500	/16842758//23414682/8201422/2.95/2.93//2008-9-18 14:27:3
5/600006/东风汽车/2.930	16000	2.920	35700	2.910	15800	2.900	42400	2.890	7284	2.940	1100	2.950	16400	2.960	32800	2.970	22440	2.980	30300	/16842758//23481536/8224122/2.94/2.93//2008-9-18 14:28:4
5/600006/东风汽车/2.930	14700	2.920	35700	2.910	17400	2.900	42400	2.890	7284	2.940	23200	2.950	19300	2.960	37500	2.970	21540	2.980	31800	/16842758//23519090/8236922/2.93/2.93//2008-9-18 14:29:4
5/600006/东风汽车/2.930	14700	2.920	40700	2.910	17400	2.900	42900	2.890	7384	2.940	23900	2.950	19700	2.960	37600	2.970	21540	2.980	29900	/16842758//23536100/8242722/2.93/2.93//2008-9-18 14:30:5
5/600006/东风汽车/2.930	6600	2.920	40700	2.910	17100	2.900	42900	2.890	7384	2.940	1200	2.950	17700	2.960	37600	2.970	21540	2.980	31100	/16842758//23580698/8257922/2.93/2.93//2008-9-18 14:31:6
5/600006/东风汽车/2.940	7500	2.930	8800	2.920	40700	2.910	17100	2.900	47900	2.950	19700	2.960	37100	2.970	21540	2.980	30900	2.990	43800	/16842758//23596564/8263322/2.94/2.93//2008-9-18 14:32:6
5/600006/东风汽车/2.940	11600	2.930	10000	2.920	40700	2.910	18500	2.900	47600	2.950	20100	2.960	37000	2.970	22240	2.980	30900	2.990	44200	/16842758//23595100/8262822/2.95/2.93//2008-9-18 14:33:7
5/600006/东风汽车/2.940	10800	2.930	11300	2.920	31600	2.910	18500	2.900	48600	2.950	18200	2.960	36000	2.970	22240	2.980	13800	2.990	45900	/16842758//23632772/8275622/2.94/2.93//2008-9-18 14:34:8
5/600006/东风汽车/2.940	25500	2.930	13500	2.920	15700	2.910	18400	2.900	51200	2.950	12300	2.960	47300	2.970	22740	2.980	13800	2.990	53800	/16842758//23655474/8283322/2.94/2.93//2008-9-18 14:35:8
5/600006/东风汽车/2.950	10800	2.940	29500	2.930	13500	2.920	13700	2.910	14900	2.960	41900	2.970	20740	2.980	14300	2.990	53200	3.000	122650	/16842758//23718294/8304622/2.95/2.93//2008-9-18 14:36:9
5/600006/东风汽车/2.940	23500	2.930	13500	2.920	13700	2.910	22800	2.900	47400	2.950	23500	2.960	39400	2.970	21740	2.980	15200	2.990	60900	/16842758//23767314/8321222/2.95/2.93//2008-9-18 14:37:10
5/600006/东风汽车/2.930	13500	2.920	13700	2.910	27400	2.900	46400	2.890	5384	2.940	6800	2.950	35300	2.960	39400	2.970	21740	2.980	16700	/16842758//23848184/8348722/2.94/2.93//2008-9-18 14:38:10
5/600006/东风汽车/2.930	4800	2.920	11900	2.910	23700	2.900	46500	2.890	6384	2.940	31500	2.950	34800	2.960	24200	2.970	21540	2.980	16500	/16842758//23906624/8368622/2.94/2.93//2008-9-18 14:39:11
5/600006/东风汽车/2.930	5001	2.920	12400	2.910	23700	2.900	46500	2.890	6384	2.950	10900	2.960	21900	2.970	22740	2.980	16700	2.990	60900	/16842758//24205142/8469820/2.93/2.93//2008-9-18 14:40:12
5/600006/东风汽车/2.920	10100	2.910	23800	2.900	47600	2.890	7384	2.880	20100	2.930	13479	2.950	1600	2.960	1000	2.970	10540	2.980	74800	/16842758//24516916/8575222/2.93/2.93//2008-9-18 14:41:12
5/600006/东风汽车/2.930	5600	2.920	23500	2.910	23800	2.900	48100	2.890	17384	2.970	7219	2.980	76800	2.990	68900	3.000	123650	3.010	14200	/16842758//24851156/8688003/2.97/2.93//2008-9-18 14:42:13
5/600006/东风汽车/2.930	45820	2.920	30500	2.910	19900	2.900	48500	2.890	17384	2.940	6000	2.950	1000	2.960	13000	2.970	86021	2.980	73000	/16842758//0/0/2.96/2.93//2008-9-18 14:43:14
5/600006/东风汽车/2.930	43020	2.920	35500	2.910	20600	2.900	51600	2.890	19384	2.940	4000	2.950	2700	2.960	23000	2.970	147021	2.980	75000	/16842758//24879140/8697602/2.94/2.93//2008-9-18 14:44:14
5/600006/东风汽车/2.920	35500	2.910	20800	2.900	51600	2.890	37584	2.880	21700	2.930	48180	2.940	124400	2.950	7300	2.960	32000	2.970	147821	/16842758//25004604/8740422/2.93/2.93//2008-9-18 14:45:15
5/600006/东风汽车/2.920	22300	2.910	19400	2.900	51600	2.890	37584	2.880	21700	2.930	38180	2.940	124400	2.950	9800	2.960	32000	2.970	146021	/16842758//25095808/8771622/2.92/2.93//2008-9-18 14:46:16
5/600006/东风汽车/2.910	20600	2.900	52000	2.890	23384	2.880	21700	2.870	16700	2.920	93100	2.930	39080	2.940	8400	2.950	5800	2.960	32000	/16842758//25164440/8795122/2.92/2.93//2008-9-18 14:47:16
5/600006/东风汽车/2.850	58700	2.840	4000	2.830	9100	2.820	49800	2.810	33400	2.860	203416	2.920	114900	2.930	39080	2.940	8400	2.950	5800	/16842758//25731082/8991706/2.86/2.93//2008-9-18 14:48:17
5/600006/东风汽车/2.850	62400	2.840	6200	2.830	27100	2.820	49700	2.810	53900	2.860	185716	2.920	114900	2.930	39080	2.940	8400	2.950	25500	/16842758//25801674/9016406/2.86/2.93//2008-9-18 14:49:18
5/600006/东风汽车/2.850	133900	2.840	6200	2.830	27200	2.820	47700	2.810	57900	2.860	135316	2.900	5600	2.910	1000	2.920	21800	2.930	39380	/16842758//25941528/9065306/2.86/2.93//2008-9-18 14:50:18
5/600006/东风汽车/2.850	127400	2.840	12600	2.830	18000	2.820	49700	2.810	57900	2.860	162216	2.900	5600	2.910	4000	2.920	21800	2.930	40080	/16842758//26153376/9139406/2.85/2.93//2008-9-18 14:51:19
5/600006/东风汽车/2.850	114300	2.840	12600	2.830	18300	2.820	59700	2.810	58400	2.860	144016	2.900	5600	2.910	4000	2.920	21500	2.930	41380	/16842758//26205428/9157606/2.86/2.93//2008-9-18 14:52:20
5/600006/东风汽车/2.900	77184	2.860	64300	2.850	115700	2.840	15600	2.830	18300	2.910	3900	2.920	21500	2.930	40080	2.940	10000	2.950	91400	/16842758//26639926/9309422/2.91/2.93//2008-9-18 14:53:21
5/600006/东风汽车/2.910	1700	2.900	78184	2.880	3000	2.870	2000	2.860	106100	2.920	1500	2.930	42080	2.940	10000	2.950	93400	2.960	155100	/16842758//26655334/9314722/2.91/2.93//2008-9-18 14:54:21
5/600006/东风汽车/2.900	69784	2.880	3500	2.870	2000	2.860	107300	2.850	117200	2.910	600	2.920	1500	2.930	42480	2.940	20400	2.950	101500	/16842758//26714238/9335022/2.9/2.93//2008-9-18 14:55:22
5/600006/东风汽车/2.900	61884	2.890	500	2.880	4500	2.870	2000	2.860	108200	2.910	11200	2.920	5500	2.930	42180	2.940	38800	2.950	101700	/16842758//26736058/9342522/2.9/2.93//2008-9-18 14:56:23
5/600006/东风汽车/2.910	5000	2.900	60884	2.890	500	2.880	6000	2.870	9400	2.940	19480	2.950	73200	2.960	157600	2.970	168021	2.980	158000	/16842758//27045466/9448122/2.91/2.93//2008-9-18 14:57:23
5/600006/东风汽车/2.950	94500	2.940	45620	2.910	31800	2.900	70884	2.890	500	2.960	169100	2.970	168721	2.980	193500	2.990	150100	3.000	142050	/16842758//27529822/9612502/2.95/2.93//2008-9-18 14:58:24
5/600006/东风汽车/2.950	5500	2.940	45620	2.910	31800	2.900	70884	2.890	500	2.960	12200	2.970	169321	2.980	192700	2.990	146500	3.000	143150	/16842758//28122888/9813202/2.95/2.93//2008-9-18 14:59:25
5/600006/东风汽车/2.940	44520	2.910	31800	2.900	70884	2.890	500	2.880	23000	2.950	13400	2.960	41300	2.970	172621	2.980	191700	2.990	145900	/16842758//28302460/9874002/2.95/2.93//2008-9-18 15:0:26
5/600006/东风汽车/2.940	44520	2.910	31800	2.900	70884	2.890	500	2.880	23000	2.950	13400	2.960	41300	2.970	172621	2.980	191700	2.990	145900	/16842758//28302460/9874002/2.95/2.93//2008-9-18 15:1:26
5/600006/东风汽车/2.940	44520	2.910	31800	2.900	70884	2.890	500	2.880	23000	2.950	13400	2.960	41300	2.970	172621	2.980	191700	2.990	145900	/16842758//28302460/9874002/2.95/2.93//2008-9-18 15:2:27
