51/600087/长航油运/5.050	9200	5.040	100	5.030	87200	5.020	61800	5.010	171100	5.060	9900	5.090	4700	5.100	50600	5.150	300	5.160	300	/16842805//1777241/347700/5.06/5.26//2008-9-18 9:31:34
51/600087/长航油运/5.050	28900	5.040	600	5.030	87200	5.020	19800	5.010	176600	5.060	13200	5.080	9100	5.100	51600	5.150	800	5.160	300	/16842805//1962462/384300/5.06/5.26//2008-9-18 9:32:35
51/600087/长航油运/5.070	800	5.060	29100	5.050	30300	5.040	600	5.030	87300	5.080	4500	5.100	50500	5.150	800	5.160	300	5.190	1900	/16842805//2133682/418100/5.08/5.26//2008-9-18 9:33:35
51/600087/长航油运/5.070	1800	5.060	22900	5.050	28900	5.040	600	5.030	87300	5.080	1000	5.100	25600	5.150	3800	5.160	300	5.190	1900	/16842805//2429869/476300/5.08/5.26//2008-9-18 9:34:35
51/600087/长航油运/5.080	12100	5.070	9700	5.060	24700	5.050	29200	5.040	7000	5.090	1400	5.100	25600	5.140	7000	5.150	73800	5.160	300	/16842805//2473061/484800/5.08/5.26//2008-9-18 9:35:35
51/600087/长航油运/5.080	41300	5.070	845	5.060	25200	5.050	30500	5.040	7000	5.090	7300	5.100	25900	5.120	1700	5.140	7000	5.150	73800	/16842805//2743192/537955/5.08/5.26//2008-9-18 9:36:36
51/600087/长航油运/5.090	1200	5.080	40700	5.070	845	5.060	16000	5.050	31400	5.100	25900	5.120	1700	5.140	7000	5.150	73800	5.160	300	/16842805//3017616/591955/5.09/5.26//2008-9-18 9:37:36
51/600087/长航油运/5.080	20700	5.070	845	5.060	16000	5.050	31400	5.040	7000	5.090	7160	5.100	27400	5.120	1700	5.140	7000	5.150	74200	/16842805//3198030/627455/5.09/5.26//2008-9-18 9:38:36
51/600087/长航油运/5.070	845	5.060	17000	5.050	31400	5.040	6000	5.030	87300	5.080	5400	5.090	10260	5.100	26400	5.120	1700	5.140	7000	/16842805//3295047/646555/5.08/5.26//2008-9-18 9:39:36
51/600087/长航油运/5.070	1820	5.060	20045	5.050	30400	5.040	6000	5.030	87300	5.100	25860	5.110	2000	5.120	1700	5.140	7000	5.150	74200	/16842805//3443173/675735/5.07/5.26//2008-9-18 9:40:36
51/600087/长航油运/5.080	9120	5.070	2000	5.060	19745	5.050	30900	5.040	6600	5.090	4799	5.100	25260	5.110	2000	5.120	1700	5.140	7000	/16842805//3707684/727835/5.09/5.26//2008-9-18 9:41:37
51/600087/长航油运/5.080	4520	5.070	13100	5.060	16345	5.050	31200	5.040	6600	5.090	5299	5.100	25260	5.110	2000	5.120	1700	5.140	7000	/16842805//3852319/756335/5.08/5.26//2008-9-18 9:42:37
51/600087/长航油运/5.090	7800	5.080	17721	5.070	15100	5.060	17345	5.050	32200	5.100	11560	5.110	2000	5.120	1700	5.140	7000	5.150	74500	/16842805//3965914/778634/5.1/5.26//2008-9-18 9:43:37
51/600087/长航油运/5.100	3340	5.090	13800	5.080	16121	5.070	15000	5.060	18345	5.110	2000	5.120	1700	5.140	9000	5.150	74500	5.160	300	/16842805//4024870/790194/5.1/5.26//2008-9-18 9:44:37
51/600087/长航油运/5.110	3400	5.100	9040	5.090	15500	5.080	16121	5.070	15000	5.120	700	5.140	10000	5.150	74500	5.160	900	5.170	100	/16842805//4046330/794394/5.12/5.26//2008-9-18 9:45:37
51/600087/长航油运/5.110	3700	5.100	16640	5.090	15500	5.080	17221	5.070	14000	5.120	1500	5.140	6300	5.150	74500	5.160	300	5.170	100	/16842805//4111026/806994/5.11/5.26//2008-9-18 9:46:38
51/600087/长航油运/5.140	600	5.130	200	5.120	2300	5.110	5100	5.100	16540	5.150	51800	5.160	300	5.170	100	5.190	1900	5.200	3800	/16842805//4358268/855094/5.14/5.26//2008-9-18 9:47:38
51/600087/长航油运/5.130	200	5.120	2300	5.110	5100	5.100	68540	5.090	9700	5.140	2100	5.150	29800	5.160	300	5.170	100	5.190	6900	/16842805//4622809/906494/5.14/5.26//2008-9-18 9:48:38
51/600087/长航油运/5.140	1800	5.120	5600	5.110	6100	5.100	68640	5.090	9700	5.150	37800	5.160	300	5.170	100	5.190	6900	5.200	3800	/16842805//4672608/916194/5.13/5.26//2008-9-18 9:49:39
51/600087/长航油运/5.120	3200	5.110	10500	5.100	67140	5.090	8700	5.080	23221	5.140	16000	5.150	32800	5.160	2300	5.170	100	5.180	3000	/16842805//4700829/921694/5.12/5.26//2008-9-18 9:50:39
51/600087/长航油运/5.110	9500	5.100	62340	5.090	8700	5.080	23221	5.070	14000	5.120	19600	5.130	12600	5.140	19000	5.150	33300	5.160	2300	/16842805//4738195/928994/5.11/5.26//2008-9-18 9:51:39
51/600087/长航油运/5.090	6500	5.080	23221	5.070	13300	5.060	9245	5.050	46000	5.100	10519	5.110	24100	5.120	9400	5.130	2900	5.140	19000	/16842805//5118946/1003634/5.09/5.26//2008-9-18 9:52:39
51/600087/长航油运/5.070	3300	5.060	9745	5.050	40000	5.040	6500	5.030	90200	5.090	20379	5.100	10519	5.110	23600	5.120	9400	5.130	2900	/16842805//5326290/1044455/5.07/5.26//2008-9-18 9:53:40
51/600087/长航油运/5.060	7745	5.050	39500	5.040	6500	5.030	85800	5.020	10800	5.070	30260	5.080	1500	5.090	18879	5.100	1000	5.110	3600	/16842805//5357704/1050655/5.07/5.26//2008-9-18 9:54:40
51/600087/长航油运/5.050	5540	5.040	8000	5.030	85800	5.020	10500	5.010	188400	5.060	1655	5.070	9000	5.080	1500	5.090	3300	5.100	1000	/16842805//5672057/1112860/5.06/5.26//2008-9-18 9:55:40
51/600087/长航油运/5.050	8440	5.040	51200	5.030	85800	5.020	20500	5.010	188400	5.060	1455	5.070	5400	5.080	1500	5.090	3300	5.100	1000	/16842805//5902853/1158560/5.05/5.26//2008-9-18 9:56:41
51/600087/长航油运/5.060	500	5.050	1600	5.040	51200	5.030	85800	5.020	23500	5.070	3100	5.080	1500	5.090	3300	5.100	1000	5.110	3600	/16842805//5987980/1175395/5.07/5.26//2008-9-18 9:57:41
51/600087/长航油运/5.050	22400	5.040	51200	5.030	85800	5.020	26000	5.010	188400	5.060	5400	5.070	6100	5.080	1500	5.090	3300	5.100	1000	/16842805//6063403/1190295/5.06/5.26//2008-9-18 9:58:41
51/600087/长航油运/5.070	1000	5.060	1200	5.050	13420	5.040	51200	5.030	86400	5.080	6500	5.090	3300	5.100	1000	5.110	3600	5.120	8400	/16842805//6220103/1221275/5.05/5.26//2008-9-18 9:59:41
51/600087/长航油运/5.060	5000	5.050	35620	5.040	50900	5.030	86400	5.020	46000	5.070	7200	5.080	4900	5.090	3300	5.100	3000	5.110	3600	/16842805//6416224/1260075/5.07/5.26//2008-9-18 10:0:42
51/600087/长航油运/5.040	40900	5.030	86400	5.020	46000	5.010	169200	5.000	114200	5.050	14480	5.060	22500	5.070	7200	5.080	4900	5.090	3300	/16842805//6640615/1304495/5.05/5.26//2008-9-18 10:1:42
51/600087/长航油运/5.030	55201	5.020	43500	5.010	169200	5.000	116400	4.990	1000	5.040	14100	5.050	5000	5.060	13400	5.070	7200	5.080	4900	/16842805//7034426/1382694/5.04/5.03//2008-9-18 10:2:42
51/600087/长航油运/5.030	5641	5.020	44300	5.010	19200	5.000	116400	4.990	1000	5.040	6000	5.050	5000	5.060	11400	5.070	300	5.080	4900	/16842805//7335067/1442454/5.04/5.03//2008-9-18 10:3:42
51/600087/长航油运/5.010	15141	5.000	113700	4.990	1000	4.980	20700	4.960	1000	5.020	2900	5.030	26350	5.040	23380	5.050	5000	5.060	10400	/16842805//7744972/1524054/5.02/5.03//2008-9-18 10:4:43
51/600087/长航油运/4.990	1000	4.980	20700	4.960	1000	4.950	5900	4.930	600	5.000	19800	5.010	60979	5.020	300	5.030	26350	5.040	20180	/16842805//8455101/1665995/5.0/5.03//2008-9-18 10:5:43
51/600087/长航油运/4.960	1000	4.950	5900	4.930	13600	4.920	7500	4.910	9100	4.970	1000	4.980	36840	4.990	16500	5.000	20800	5.010	53879	/16842805//8611493/1697395/4.97/5.03//2008-9-18 10:6:43
51/600087/长航油运/4.950	200	4.940	46400	4.930	3500	4.920	8000	4.910	53100	4.960	23500	4.980	31940	4.990	16500	5.000	39000	5.010	51879	/16842805//8794953/1734495/4.94/5.03//2008-9-18 10:7:44
51/600087/长航油运/4.990	11120	4.980	2000	4.960	5700	4.950	48380	4.940	33679	5.000	17900	5.010	51779	5.020	700	5.030	23390	5.040	20180	/16842805//9342097/1844616/5.0/5.03//2008-9-18 10:8:44
51/600087/长航油运/5.000	12960	4.990	400	4.980	2000	4.970	6100	4.960	3700	5.010	17779	5.020	300	5.030	23390	5.040	20180	5.050	5000	/16842805//9700010/1916176/5.01/5.03//2008-9-18 10:9:44
51/600087/长航油运/5.010	58481	5.000	12500	4.990	500	4.980	2000	4.970	6100	5.020	15400	5.030	23390	5.040	19480	5.050	5000	5.060	2400	/16842805//9996757/1975455/5.01/5.03//2008-9-18 10:10:44
51/600087/长航油运/5.010	7381	5.000	16200	4.990	500	4.980	22000	4.970	6100	5.020	2800	5.030	27390	5.040	19480	5.050	5000	5.060	1500	/16842805//10141788/2004355/5.01/5.03//2008-9-18 10:11:45
51/600087/长航油运/4.980	17500	4.970	6100	4.960	5400	4.950	44480	4.940	2500	5.000	14100	5.010	29500	5.020	5619	5.030	47390	5.040	19480	/16842805//10346325/2045236/5.0/5.03//2008-9-18 10:12:45
51/600087/长航油运/4.990	500	4.980	6540	4.970	6100	4.960	37300	4.950	44980	5.000	20590	5.010	30500	5.020	7119	5.030	47390	5.040	19480	/16842805//10438894/2063796/5.0/5.03//2008-9-18 10:13:45
51/600087/长航油运/5.000	1291	4.980	4040	4.970	11100	4.960	4900	4.950	45580	5.010	30500	5.020	5600	5.030	47390	5.040	19480	5.050	8700	/16842805//10604872/2097005/5.0/5.03//2008-9-18 10:14:46
51/600087/长航油运/4.980	4940	4.970	16600	4.960	4900	4.950	35580	4.940	2500	5.010	24888	5.020	5600	5.030	47390	5.040	19480	5.050	8700	/16842805//10767383/2129496/5.01/5.03//2008-9-18 10:15:46
51/600087/长航油运/5.030	51610	5.020	4000	5.010	23312	5.000	3000	4.980	6540	5.040	18480	5.050	9100	5.060	1000	5.080	7700	5.090	10500	/16842805//11200783/2215774/5.04/5.03//2008-9-18 10:16:46
51/600087/长航油运/5.040	48420	5.030	51000	5.010	2300	5.000	1000	4.980	8540	5.050	9000	5.060	1000	5.080	11700	5.090	10500	5.100	5100	/16842805//11305517/2236554/5.05/5.03//2008-9-18 10:17:47
51/600087/长航油运/5.050	8400	5.040	39920	5.030	3000	5.010	2300	5.000	8400	5.070	2000	5.080	11700	5.090	10500	5.100	5100	5.110	3900	/16842805//11374202/2250154/5.05/5.03//2008-9-18 10:18:47
51/600087/长航油运/5.060	2900	5.050	12000	5.040	36920	5.030	2000	5.010	2000	5.080	6540	5.090	3200	5.100	10600	5.110	3900	5.120	8400	/16842805//11457878/2266654/5.06/5.03//2008-9-18 10:19:47
51/600087/长航油运/5.060	9400	5.050	11800	5.040	36920	5.030	2000	5.010	2000	5.080	8940	5.090	4200	5.100	12620	5.110	3900	5.120	8400	/16842805//11460408/2267154/5.06/5.03//2008-9-18 10:20:48
51/600087/长航油运/5.050	9700	5.040	36920	5.030	2000	5.010	2000	5.000	9000	5.060	12140	5.070	5990	5.080	17140	5.090	4200	5.100	12620	/16842805//11525652/2280054/5.05/5.03//2008-9-18 10:21:48
51/600087/长航油运/5.040	15530	5.030	2000	5.010	2000	5.000	8500	4.990	10000	5.050	21180	5.060	16140	5.070	5990	5.080	15940	5.090	4200	/16842805//11657747/2306244/5.04/5.03//2008-9-18 10:22:48
51/600087/长航油运/5.010	2000	5.000	8500	4.990	10000	4.980	9240	4.970	6100	5.020	500	5.030	5260	5.040	52150	5.050	21500	5.060	6140	/16842805//11762174/2326974/5.03/5.03//2008-9-18 10:23:48
51/600087/长航油运/5.000	14240	4.990	10000	4.980	9240	4.970	6100	4.960	2900	5.020	8500	5.040	50000	5.050	6520	5.060	5140	5.070	5990	/16842805//11802512/2335034/5.02/5.03//2008-9-18 10:24:49
51/600087/长航油运/5.010	5700	5.000	20240	4.990	10000	4.980	9240	4.970	7800	5.020	10700	5.040	50000	5.050	6720	5.060	5140	5.070	5990	/16842805//11946299/2363734/5.01/5.03//2008-9-18 10:25:49
51/600087/长航油运/5.020	16800	5.010	3500	5.000	22240	4.990	10000	4.980	9240	5.040	50000	5.050	5720	5.060	5140	5.070	6490	5.080	15940	/16842805//12033625/2381134/5.02/5.03//2008-9-18 10:26:49
51/600087/长航油运/5.020	2420	5.010	9500	5.000	22440	4.990	10000	4.980	9240	5.030	1800	5.040	50000	5.050	5720	5.060	2140	5.070	6490	/16842805//12105813/2395514/5.02/5.03//2008-9-18 10:27:50
51/600087/长航油运/5.020	9220	5.010	9900	5.000	21640	4.990	10000	4.980	9240	5.030	1600	5.040	50000	5.050	6220	5.060	2140	5.070	6790	/16842805//12127432/2399814/5.03/5.03//2008-9-18 10:28:50
51/600087/长航油运/5.020	220	5.010	9900	5.000	21640	4.990	10000	4.980	9240	5.030	15090	5.040	50000	5.050	6220	5.060	2140	5.070	6790	/16842805//12155067/2405314/5.03/5.03//2008-9-18 10:29:50
51/600087/长航油运/5.020	8240	5.010	11900	5.000	21840	4.990	10000	4.980	9240	5.030	13610	5.040	50000	5.050	6220	5.060	2140	5.070	6790	/16842805//12178605/2409994/5.02/5.03//2008-9-18 10:30:51
51/600087/长航油运/5.020	8340	5.010	11900	5.000	26840	4.990	10000	4.980	9240	5.030	13610	5.040	50000	5.050	6220	5.060	2140	5.070	6790	/16842805//12178605/2409994/5.02/5.03//2008-9-18 10:31:51
51/600087/长航油运/5.020	690	5.010	12200	5.000	27340	4.990	10100	4.980	9240	5.030	4010	5.040	50000	5.050	7220	5.060	2140	5.070	6790	/16842805//12280366/2430244/5.02/5.03//2008-9-18 10:32:51
51/600087/长航油运/4.990	10100	4.980	9240	4.970	8800	4.960	3400	4.950	40480	5.000	86660	5.010	23600	5.020	27410	5.030	9200	5.040	50000	/16842805//12484654/2471074/5.0/5.03//2008-9-18 10:33:52
51/600087/长航油运/4.960	12900	4.950	34480	4.940	4000	4.930	12400	4.920	21100	4.970	28260	4.990	500	5.000	80760	5.010	21200	5.020	17910	/16842805//12680300/2510314/4.97/5.03//2008-9-18 10:34:52
51/600087/长航油运/4.960	12900	4.950	37380	4.940	4000	4.930	12400	4.920	5500	4.970	24060	4.980	10000	5.000	78960	5.010	21200	5.020	17910	/16842805//12703654/2515014/4.97/5.03//2008-9-18 10:35:52
51/600087/长航油运/4.980	29300	4.970	254240	4.960	13701	4.950	19800	4.940	4300	5.000	78460	5.010	21200	5.020	17910	5.030	10000	5.040	50000	/16842805//12882442/2550973/5.0/5.03//2008-9-18 10:36:53
51/600087/长航油运/4.990	13700	4.980	56500	4.970	254240	4.960	13001	4.950	21800	5.000	35960	5.010	21200	5.020	17910	5.030	10000	5.040	50000	/16842805//13114374/2597373/5.0/5.03//2008-9-18 10:37:53
51/600087/长航油运/4.990	10700	4.980	58100	4.970	254240	4.960	13001	4.950	22200	5.000	14579	5.010	21200	5.020	17910	5.030	4010	5.040	50000	/16842805//13253374/2625173/5.0/5.03//2008-9-18 10:38:53
51/600087/长航油运/4.980	56400	4.970	254240	4.960	13901	4.950	22200	4.940	3300	4.990	8200	5.000	18779	5.010	21200	5.020	17910	5.030	4010	/16842805//13324267/2639373/4.99/5.03//2008-9-18 10:39:54
51/600087/长航油运/4.980	1500	4.970	126840	4.960	13901	4.950	24200	4.940	3300	4.990	2100	5.000	18779	5.010	21200	5.020	17910	5.030	4310	/16842805//14283716/2832273/4.99/5.03//2008-9-18 10:40:54
51/600087/长航油运/4.980	7700	4.970	126840	4.960	13001	4.950	23800	4.940	3300	4.990	1900	5.000	20579	5.010	21200	5.020	17910	5.030	4310	/16842805//14284220/2832373/4.99/5.03//2008-9-18 10:41:54
51/600087/长航油运/4.990	3700	4.980	10500	4.970	126840	4.960	13001	4.950	25100	5.000	20579	5.010	21200	5.020	17910	5.030	4310	5.040	50000	/16842805//14298686/2835273/4.99/5.03//2008-9-18 10:42:55
51/600087/长航油运/4.990	3900	4.980	11000	4.970	126840	4.960	13001	4.950	25100	5.000	31279	5.010	21200	5.020	17810	5.030	5310	5.040	50000	/16842805//14351191/2845773/5.0/5.03//2008-9-18 10:43:55
51/600087/长航油运/4.980	15000	4.970	126840	4.960	13701	4.950	25100	4.940	3300	4.990	1000	5.000	32879	5.010	21200	5.020	17810	5.030	5310	/16842805//14376649/2850873/5.0/5.03//2008-9-18 10:44:56
51/600087/长航油运/4.980	500	4.970	126840	4.960	13701	4.950	25100	4.940	2300	5.000	779	5.010	21200	5.020	17910	5.030	5310	5.040	50000	/16842805//14686400/2912873/5.0/5.03//2008-9-18 10:45:56
51/600087/长航油运/4.970	126840	4.960	13701	4.950	25600	4.940	2300	4.930	19000	4.980	6300	5.000	23279	5.010	21200	5.020	17910	5.030	5310	/16842805//14703850/2916373/4.98/5.03//2008-9-18 10:46:56
51/600087/长航油运/4.970	53140	4.960	13701	4.950	25200	4.940	2300	4.930	19000	4.980	7400	4.990	800	5.000	24879	5.010	21200	5.020	17910	/16842805//15070139/2990073/4.97/5.03//2008-9-18 10:47:57
51/600087/长航油运/4.960	13701	4.950	25200	4.940	2300	4.930	15500	4.920	26000	4.970	62850	4.980	7900	4.990	800	5.000	28879	5.010	21200	/16842805//15349154/3046213/4.97/5.03//2008-9-18 10:48:57
51/600087/长航油运/4.950	26500	4.940	2000	4.930	21500	4.920	26000	4.910	52200	4.960	49189	4.970	55000	4.980	7900	4.990	800	5.000	29379	/16842805//15426029/3061714/4.96/5.03//2008-9-18 10:49:57
51/600087/长航油运/4.930	19900	4.920	26000	4.910	52200	4.900	71000	4.890	1000	4.940	3400	4.950	6560	4.960	48389	4.970	15000	4.980	7900	/16842805//15567079/3090214/4.94/5.03//2008-9-18 10:50:58
51/600087/长航油运/4.940	55400	4.930	21500	4.920	26000	4.910	52200	4.900	72000	4.950	8880	4.960	47089	4.970	15000	4.980	7400	4.990	500	/16842805//15622953/3101514/4.94/5.03//2008-9-18 10:51:58
51/600087/长航油运/4.950	4800	4.940	51120	4.930	22600	4.920	26000	4.910	52200	4.960	34889	4.970	15000	4.980	7400	4.990	500	5.000	32179	/16842805//15789226/3135094/4.96/5.03//2008-9-18 10:52:58
51/600087/长航油运/4.950	12700	4.940	75720	4.930	21900	4.920	25500	4.910	52200	4.960	3289	4.970	15000	4.980	7400	4.990	2500	5.000	37179	/16842805//16022171/3182094/4.96/5.03//2008-9-18 10:53:59
51/600087/长航油运/4.950	13100	4.940	75720	4.930	21900	4.920	25500	4.910	52200	4.960	1189	4.970	15000	4.980	10600	4.990	2500	5.000	37179	/16842805//16047449/3187194/4.96/5.03//2008-9-18 10:54:59
51/600087/长航油运/4.950	10700	4.940	75720	4.930	38100	4.920	25500	4.910	52200	4.960	41489	4.970	15000	4.980	10600	4.990	2500	5.000	43769	/16842805//16072700/3192294/4.96/5.03//2008-9-18 10:56:0
51/600087/长航油运/4.940	74720	4.930	21900	4.920	25500	4.910	52200	4.900	74000	4.950	8700	4.960	24489	4.970	15000	4.980	10600	4.990	2500	/16842805//16212955/3220594/4.95/5.03//2008-9-18 10:57:0
51/600087/长航油运/4.940	65520	4.930	27000	4.920	25500	4.910	52200	4.900	73700	4.950	18900	4.960	26489	4.970	16000	4.980	10600	4.990	2500	/16842805//16268295/3231794/4.94/5.03//2008-9-18 10:58:0
51/600087/长航油运/4.940	61600	4.930	21000	4.920	25500	4.910	52200	4.900	73700	4.950	18900	4.960	26489	4.970	16000	4.980	10600	4.990	2500	/16842805//0/0/4.94/5.03//2008-9-18 10:59:1
51/600087/长航油运/4.940	51100	4.930	19700	4.920	25500	4.910	52200	4.900	173700	4.950	17400	4.960	26489	4.970	16000	4.980	10600	4.990	2500	/16842805//16353870/3249114/4.94/5.03//2008-9-18 11:0:1
51/600087/长航油运/4.940	40500	4.930	19700	4.920	31500	4.910	52200	4.900	225300	4.950	10000	4.960	31489	4.970	16000	4.980	10600	4.990	2500	/16842805//16419637/3262414/4.94/5.03//2008-9-18 11:1:2
51/600087/长航油运/4.940	22800	4.930	19700	4.920	31500	4.910	53200	4.900	225800	4.950	12400	4.960	31489	4.970	16000	4.980	10600	4.990	2500	/16842805//16509547/3280614/4.94/5.03//2008-9-18 11:2:2
51/600087/长航油运/4.940	7720	4.930	19700	4.920	31500	4.910	53400	4.900	81400	4.950	14200	4.960	31489	4.970	16000	4.980	10600	4.990	2500	/16842805//16586019/3296094/4.94/5.03//2008-9-18 11:3:2
51/600087/长航油运/4.940	2300	4.930	12400	4.920	31500	4.910	53400	4.900	81400	4.950	14200	4.960	35289	4.970	16000	4.980	10600	4.990	2500	/16842805//16704112/3320014/4.93/5.03//2008-9-18 11:4:3
51/600087/长航油运/4.940	500	4.930	18940	4.920	25500	4.910	53400	4.900	81600	4.950	12020	4.960	35289	4.970	16000	4.980	10600	4.990	2000	/16842805//16799706/3339374/4.93/5.03//2008-9-18 11:5:3
51/600087/长航油运/4.950	7980	4.940	7300	4.930	24740	4.920	25500	4.910	53400	4.960	33689	4.970	16000	4.980	10600	4.990	2000	5.000	39269	/16842805//16864704/3352494/4.96/5.03//2008-9-18 11:6:4
51/600087/长航油运/4.950	4800	4.940	12300	4.930	26440	4.920	25500	4.910	53400	4.960	13089	4.970	16000	4.980	10600	4.990	2000	5.000	41069	/16842805//16977660/3375274/4.95/5.03//2008-9-18 11:7:4
51/600087/长航油运/4.950	18000	4.940	6300	4.930	27440	4.920	25500	4.910	53400	4.960	1789	4.970	16000	4.980	10600	4.990	2000	5.000	42069	/16842805//17054498/3390774/4.95/5.03//2008-9-18 11:8:4
51/600087/长航油运/4.960	13411	4.950	11100	4.940	5900	4.930	27440	4.920	25500	4.970	10900	4.980	10900	4.990	2000	5.000	41469	5.010	21300	/16842805//17135248/3407063/4.97/5.03//2008-9-18 11:9:5
51/600087/长航油运/4.970	5400	4.960	2111	4.950	11100	4.940	5900	4.930	27440	4.980	10900	4.990	6000	5.000	41469	5.010	21300	5.020	12810	/16842805//17203330/3420763/4.97/5.03//2008-9-18 11:10:5
51/600087/长航油运/4.960	4111	4.950	12600	4.940	6900	4.930	27940	4.920	25500	4.970	600	4.980	7800	4.990	14100	5.000	43469	5.010	21300	/16842805//17245606/3429263/4.97/5.03//2008-9-18 11:11:6
51/600087/长航油运/4.960	411	4.950	6900	4.940	8300	4.930	28840	4.920	25500	4.970	3600	4.980	8700	4.990	17100	5.000	42969	5.010	21300	/16842805//17298678/3439963/4.96/5.03//2008-9-18 11:12:6
51/600087/长航油运/4.950	10211	4.940	7300	4.930	28340	4.920	25500	4.910	53200	4.960	1000	4.970	3600	4.980	8700	4.990	17100	5.000	43469	/16842805//17354172/3451163/4.95/5.03//2008-9-18 11:13:7
51/600087/长航油运/4.910	15451	4.900	63900	4.890	2000	4.880	32200	4.860	4600	4.950	45600	4.960	6995	4.970	13600	4.980	10100	4.990	17100	/16842805//17909580/3563963/4.91/5.03//2008-9-18 11:14:7
51/600087/长航油运/4.920	300	4.910	11451	4.900	63100	4.890	2000	4.880	33600	4.940	3000	4.950	63800	4.960	6995	4.970	13600	4.980	10100	/16842805//17958724/3573963/4.91/5.03//2008-9-18 11:15:7
51/600087/长航油运/4.910	11251	4.900	70400	4.890	2000	4.880	33600	4.860	34600	4.920	4800	4.940	4300	4.950	74800	4.960	6995	4.970	13600	/16842805//17973488/3576963/4.94/5.03//2008-9-18 11:16:8
51/600087/长航油运/4.940	300	4.920	24000	4.910	44051	4.900	64700	4.890	2000	4.950	64800	4.960	1500	4.970	13600	4.980	10100	4.990	17100	/16842805//18046998/3591863/4.94/5.03//2008-9-18 11:17:8
51/600087/长航油运/4.920	19700	4.910	42551	4.900	64800	4.890	2000	4.880	34600	4.940	2220	4.950	64800	4.960	1500	4.970	13200	4.980	10100	/16842805//18068154/3596163/4.92/5.03//2008-9-18 11:18:9
51/600087/长航油运/4.930	3900	4.920	1500	4.910	36351	4.900	65300	4.890	2000	4.940	2720	4.950	64800	4.960	1500	4.970	13200	4.980	10100	/16842805//18130084/3608763/4.93/5.03//2008-9-18 11:19:9
51/600087/长航油运/4.910	21751	4.900	65300	4.890	2000	4.880	33800	4.860	32600	4.920	1900	4.930	2000	4.940	2720	4.950	65300	4.960	1500	/16842805//18319830/3647363/4.92/5.03//2008-9-18 11:20:10
51/600087/长航油运/4.920	500	4.910	5751	4.900	65900	4.890	2000	4.880	33800	4.930	2000	4.940	2720	4.950	65300	4.960	1500	4.970	3200	/16842805//18417072/3667163/4.92/5.03//2008-9-18 11:21:10
51/600087/长航油运/4.910	6051	4.900	65900	4.890	2000	4.880	33800	4.870	200	4.920	10000	4.930	2000	4.940	2720	4.950	55300	4.960	1500	/16842805//18430340/3669863/4.91/5.03//2008-9-18 11:22:10
51/600087/长航油运/4.900	60100	4.890	2000	4.880	33800	4.870	200	4.860	32600	4.910	7349	4.920	1500	4.930	2000	4.940	2720	4.950	55300	/16842805//18481644/3680314/4.9/5.03//2008-9-18 11:23:11
51/600087/长航油运/4.900	52200	4.890	2000	4.880	34800	4.870	700	4.860	32600	4.910	1749	4.920	1500	4.930	2000	4.940	2720	4.950	55300	/16842805//18524286/3689014/4.9/5.03//2008-9-18 11:24:11
51/600087/长航油运/4.880	34800	4.870	700	4.860	32600	4.850	23900	4.840	500	4.900	20940	4.910	1249	4.920	2500	4.940	1720	4.950	56100	/16842805//18796216/3744514/4.9/5.03//2008-9-18 11:25:12
51/600087/长航油运/4.890	30651	4.880	26600	4.870	20700	4.860	32600	4.850	23900	4.900	16740	4.910	2400	4.920	1500	4.940	1720	4.950	56100	/16842805//18920100/3769863/4.89/5.03//2008-9-18 11:26:12
51/600087/长航油运/4.880	28600	4.870	23700	4.860	32600	4.850	24000	4.840	500	4.890	28500	4.900	17872	4.910	2800	4.920	1500	4.940	1720	/16842805//19110588/3808814/4.89/5.03//2008-9-18 11:27:13
51/600087/长航油运/4.880	20300	4.870	23700	4.860	32600	4.850	24000	4.840	500	4.890	29500	4.900	17989	4.910	2400	4.920	1500	4.940	1720	/16842805//19190640/3825214/4.89/5.03//2008-9-18 11:28:13
51/600087/长航油运/4.870	23700	4.860	32600	4.850	24000	4.840	600	4.830	7600	4.890	28500	4.900	19489	4.910	2400	4.920	1500	4.940	1720	/16842805//19297522/3847114/4.88/5.03//2008-9-18 11:29:14
51/600087/长航油运/4.880	1200	4.870	18700	4.860	34600	4.850	23000	4.840	600	4.890	22800	4.900	18989	4.910	2400	4.920	1500	4.940	1720	/16842805//19375622/3863114/4.88/5.03//2008-9-18 11:30:14
51/600087/长航油运/4.880	1200	4.870	18700	4.860	34600	4.850	23000	4.840	600	4.890	22800	4.900	18989	4.910	2400	4.920	1500	4.940	1720	/16842805//19375622/3863114/4.88/5.03//2008-9-18 11:31:15
51/600087/长航油运/4.830	7600	4.820	1300	4.810	207600	4.800	19300	4.780	28200	4.840	400	4.850	13580	4.860	2150	4.870	28995	4.880	24581	/16842805//19923984/3975914/4.84/5.03//2008-9-18 13:1:15
51/600087/长航油运/4.820	3800	4.810	207600	4.800	19300	4.780	30700	4.770	4300	4.830	4600	4.870	11225	4.880	24581	4.890	16100	4.900	22489	/16842805//20108498/4013914/4.83/5.03//2008-9-18 13:2:16
51/600087/长航油运/4.810	196600	4.800	19300	4.780	30800	4.770	4300	4.760	300	4.820	45700	4.840	500	4.870	11925	4.880	25581	4.890	10800	/16842805//20270010/4047414/4.82/5.03//2008-9-18 13:3:16
51/600087/长航油运/4.810	201700	4.800	18000	4.780	30800	4.770	4300	4.760	300	4.820	41100	4.830	5200	4.840	500	4.870	11225	4.880	25581	/16842805//20294582/4052514/4.82/5.03//2008-9-18 13:4:17
51/600087/长航油运/4.820	27300	4.810	113500	4.800	19100	4.780	30800	4.770	4300	4.830	200	4.840	500	4.870	10225	4.880	19586	4.890	10300	/16842805//20997400/4198514/4.82/5.03//2008-9-18 13:5:17
51/600087/长航油运/4.840	9200	4.820	62200	4.810	108500	4.800	19100	4.780	30800	4.870	10225	4.880	19586	4.890	10300	4.900	19689	4.910	2400	/16842805//21056720/4210814/4.84/5.03//2008-9-18 13:6:18
51/600087/长航油运/4.860	10000	4.850	4000	4.840	8500	4.830	500	4.820	66800	4.870	11225	4.880	24286	4.890	10300	4.900	19689	4.910	2400	/16842805//21068834/4213314/4.85/5.03//2008-9-18 13:7:18
51/600087/长航油运/4.850	500	4.840	8300	4.830	8300	4.820	66800	4.810	109300	4.860	7290	4.870	16525	4.880	23686	4.890	10300	4.900	19689	/16842805//21123266/4224514/4.86/5.03//2008-9-18 13:8:19
51/600087/长航油运/4.850	1500	4.840	8900	4.830	8300	4.820	64900	4.810	109300	4.860	6690	4.870	15525	4.880	23686	4.890	10300	4.900	25689	/16842805//21192662/4238814/4.86/5.03//2008-9-18 13:9:19
51/600087/长航油运/4.850	500	4.840	8900	4.830	8300	4.820	59100	4.810	109300	4.860	7299	4.870	15525	4.880	23686	4.890	10300	4.900	32689	/16842805//21275758/4255914/4.86/5.03//2008-9-18 13:10:20
51/600087/长航油运/4.820	59100	4.810	109300	4.800	79400	4.780	30800	4.770	14300	4.830	27300	4.860	13899	4.870	25525	4.880	29676	4.890	10300	/16842805//21408324/4283314/4.83/5.03//2008-9-18 13:11:20
51/600087/长航油运/4.820	53801	4.810	108600	4.800	79400	4.780	30800	4.770	14300	4.830	28600	4.850	1200	4.860	4200	4.870	19530	4.880	24676	/16842805//21442560/4290413/4.82/5.03//2008-9-18 13:12:21
51/600087/长航油运/4.820	45921	4.810	108600	4.800	79400	4.780	30800	4.770	14300	4.830	17800	4.850	1200	4.860	4200	4.870	14230	4.880	18686	/16842805//21533670/4309293/4.82/5.03//2008-9-18 13:13:21
51/600087/长航油运/4.830	35700	4.820	46821	4.810	108600	4.800	79400	4.780	30800	4.840	600	4.850	1700	4.860	15700	4.870	14230	4.880	18686	/16842805//21626410/4328493/4.84/5.03//2008-9-18 13:14:22
51/600087/长航油运/4.830	22700	4.820	48821	4.810	108800	4.800	79900	4.780	30800	4.840	1000	4.850	2500	4.860	21700	4.870	14230	4.880	19386	/16842805//21719790/4347793/4.83/5.03//2008-9-18 13:15:22
51/600087/长航油运/4.820	19321	4.810	103800	4.800	80800	4.780	30800	4.770	14300	4.830	8685	4.840	1000	4.850	8900	4.860	13900	4.870	14230	/16842805//21983686/4402493/4.83/5.03//2008-9-18 13:16:23
51/600087/长航油运/4.820	27921	4.810	103800	4.800	81200	4.780	30800	4.770	14300	4.830	16685	4.840	2000	4.850	8900	4.860	13900	4.870	14230	/16842805//22007348/4407393/4.83/5.03//2008-9-18 13:17:23
51/600087/长航油运/4.820	23619	4.810	103800	4.800	81200	4.780	30800	4.770	14300	4.830	12285	4.840	4000	4.850	8900	4.860	13900	4.870	14230	/16842805//22052702/4416795/4.82/5.03//2008-9-18 13:18:24
51/600087/长航油运/4.810	86088	4.800	83200	4.780	30800	4.770	14300	4.760	300	4.820	9700	4.840	4000	4.850	8900	4.860	13900	4.870	14230	/16842805//22285606/4465126/4.82/5.03//2008-9-18 13:19:24
51/600087/长航油运/4.810	84088	4.800	82900	4.780	30800	4.770	14300	4.760	400	4.820	2200	4.840	4600	4.850	8900	4.860	12400	4.870	14230	/16842805//22359332/4480426/4.82/5.03//2008-9-18 13:20:25
51/600087/长航油运/4.830	200	4.820	53600	4.810	85088	4.800	84400	4.780	30800	4.840	5100	4.850	8900	4.860	12400	4.870	14230	4.880	19386	/16842805//22371388/4482926/4.84/5.03//2008-9-18 13:21:25
51/600087/长航油运/4.840	4200	4.830	1500	4.820	57100	4.810	85088	4.800	84800	4.850	7600	4.860	12400	4.870	14230	4.880	18986	4.890	9300	/16842805//22412046/4491326/4.84/5.03//2008-9-18 13:22:26
51/600087/长航油运/4.850	56300	4.840	6000	4.830	4100	4.820	55500	4.810	84888	4.860	10200	4.870	14230	4.880	18686	4.890	12300	4.900	30489	/16842805//22490140/4507426/4.85/5.03//2008-9-18 13:23:26
51/600087/长航油运/4.870	19370	4.860	23000	4.850	54600	4.840	4200	4.830	3100	4.880	18186	4.890	12300	4.900	29089	4.910	2400	4.920	7200	/16842805//22629418/4536056/4.88/5.03//2008-9-18 13:24:27
51/600087/长航油运/4.880	18914	4.870	34370	4.860	19800	4.850	51800	4.840	4200	4.890	6300	4.900	22189	4.910	2400	4.920	7200	4.930	300	/16842805//22829572/4577042/4.89/5.03//2008-9-18 13:25:27
51/600087/长航油运/4.910	10111	4.900	38700	4.890	17600	4.880	16914	4.870	18370	4.920	5900	4.930	300	4.940	1220	4.950	6400	4.960	1500	/16842805//23008332/4613531/4.92/5.03//2008-9-18 13:26:28
51/600087/长航油运/4.900	4000	4.890	2300	4.880	16914	4.870	18370	4.860	9300	4.910	2900	4.920	3100	4.930	1800	4.940	3220	4.950	16400	/16842805//23134056/4639131/4.91/5.03//2008-9-18 13:27:28
51/600087/长航油运/4.900	1300	4.890	1000	4.880	16614	4.870	3370	4.860	10500	4.910	2000	4.920	4900	4.930	1800	4.940	19520	4.950	16400	/16842805//23217488/4656131/4.91/5.03//2008-9-18 13:28:29
51/600087/长航油运/4.880	14523	4.870	3370	4.860	10500	4.850	54000	4.840	1200	4.900	4800	4.910	6300	4.920	4600	4.930	11800	4.940	15920	/16842805//23255110/4663822/4.9/5.03//2008-9-18 13:29:29
51/600087/长航油运/4.880	1000	4.870	3370	4.860	6500	4.850	56000	4.840	1200	4.890	1677	4.900	15100	4.910	6300	4.920	3600	4.930	1800	/16842805//23327936/4678745/4.89/5.03//2008-9-18 13:30:30
51/600087/长航油运/4.870	1270	4.860	6500	4.850	56000	4.840	1200	4.830	26100	4.880	1800	4.890	8677	4.900	17100	4.910	4300	4.920	3600	/16842805//23355300/4684345/4.88/5.03//2008-9-18 13:31:30
51/600087/长航油运/4.890	34823	4.880	2100	4.870	3070	4.860	13500	4.850	56000	4.900	9000	4.910	4300	4.920	3100	4.930	1500	4.940	9920	/16842805//23454500/4704622/4.9/5.03//2008-9-18 13:32:31
51/600087/长航油运/4.910	16200	4.900	15500	4.890	44823	4.880	2300	4.870	1170	4.920	100	4.930	1500	4.940	7220	4.950	6400	4.960	2500	/16842805//23533000/4720622/4.92/5.03//2008-9-18 13:33:31
51/600087/长航油运/4.940	13500	4.920	28600	4.910	14100	4.900	10500	4.890	45123	4.950	6400	4.960	2500	4.970	600	4.980	8900	4.990	34500	/16842805//23559164/4725922/4.94/5.03//2008-9-18 13:34:32
51/600087/长航油运/4.970	4400	4.960	27700	4.950	41000	4.940	19300	4.920	36100	4.980	13700	4.990	34500	5.000	60479	5.010	21300	5.020	75250	/16842805//23646938/4743622/4.98/5.03//2008-9-18 13:35:32
51/600087/长航油运/4.980	55000	4.970	5700	4.960	28600	4.950	2800	4.940	17800	4.990	40100	5.000	37879	5.010	21300	5.020	75250	5.030	20110	/16842805//23814874/4777322/4.99/5.03//2008-9-18 13:36:33
51/600087/长航油运/4.980	29400	4.970	4700	4.960	28600	4.950	2800	4.940	17500	4.990	34700	5.000	40979	5.010	21300	5.020	74710	5.030	20110	/16842805//23976792/4809822/4.98/5.03//2008-9-18 13:37:34
51/600087/长航油运/4.960	18600	4.950	2700	4.940	22500	4.920	21300	4.910	4500	4.970	1100	4.980	26390	4.990	26400	5.000	40979	5.010	21300	/16842805//24196954/4854022/4.97/5.03//2008-9-18 13:38:34
51/600087/长航油运/4.960	15700	4.950	1700	4.940	22500	4.920	21300	4.910	5500	4.970	23600	4.980	13990	4.990	27000	5.000	37879	5.010	21300	/16842805//24225742/4859822/4.97/5.03//2008-9-18 13:39:35
51/600087/长航油运/4.960	5801	4.950	1700	4.940	22500	4.920	21300	4.910	4500	4.970	7000	4.980	11990	4.990	27000	5.000	37879	5.010	21300	/16842805//24416982/4898321/4.97/5.03//2008-9-18 13:40:35
51/600087/长航油运/4.960	6701	4.950	8700	4.940	16500	4.920	21300	4.910	4500	4.970	700	4.980	290	4.990	27000	5.000	39179	5.010	21300	/16842805//24537880/4922621/4.97/5.03//2008-9-18 13:41:36
51/600087/长航油运/4.970	4000	4.960	6601	4.950	8700	4.940	1000	4.920	21300	4.980	390	4.990	27000	5.000	40179	5.010	21300	5.020	74710	/16842805//24567248/4928521/4.98/5.03//2008-9-18 13:42:36
51/600087/长航油运/4.990	10000	4.980	4600	4.970	3500	4.960	5101	4.950	9700	5.000	36679	5.010	21300	5.020	74710	5.030	2110	5.040	50000	/16842805//24731370/4961411/4.98/5.03//2008-9-18 13:43:37
51/600087/长航油运/5.000	27021	4.990	39600	4.980	1500	4.970	1000	4.960	4901	5.010	22300	5.020	74710	5.030	5910	5.040	50000	5.050	22220	/16842805//24915264/4998190/5.0/5.03//2008-9-18 13:44:37
51/600087/长航油运/5.010	24900	5.000	38421	4.990	29300	4.980	1500	4.960	4901	5.020	74810	5.030	5910	5.040	50000	5.050	16220	5.060	1000	/16842805//25055526/5026190/5.02/5.03//2008-9-18 13:45:38
51/600087/长航油运/5.020	41990	5.010	9800	5.000	29221	4.990	22000	4.980	1300	5.030	6210	5.040	50000	5.050	15220	5.060	1000	5.070	25400	/16842805//25480338/5110800/5.03/5.03//2008-9-18 13:46:39
51/600087/长航油运/5.030	3290	5.020	14490	5.010	6800	5.000	30221	4.990	22000	5.040	31400	5.050	15220	5.060	3500	5.070	1400	5.080	15240	/16842805//26177732/5249410/5.03/5.03//2008-9-18 13:47:39
51/600087/长航油运/4.990	17000	4.980	1300	4.960	5901	4.950	8700	4.940	15600	5.000	75299	5.010	14000	5.020	4500	5.030	29100	5.040	68800	/16842805//26774756/5368611/5.0/5.03//2008-9-18 13:48:40
51/600087/长航油运/4.990	4105	4.980	2900	4.960	5901	4.950	14700	4.940	15600	5.000	100399	5.010	14000	5.020	4800	5.030	21100	5.040	68800	/16842805//26950562/5403806/4.99/5.03//2008-9-18 13:49:40
51/600087/长航油运/4.940	15600	4.920	21100	4.910	7800	4.900	34200	4.880	2800	4.950	1399	4.980	3300	4.990	20695	5.000	100399	5.010	14000	/16842805//27106942/5435312/4.95/5.03//2008-9-18 13:50:41
51/600087/长航油运/4.940	15200	4.930	1000	4.920	27400	4.910	12500	4.900	36200	4.950	1159	4.980	5800	4.990	15195	5.000	99299	5.010	14000	/16842805//27133172/5440612/4.94/5.03//2008-9-18 13:51:41
51/600087/长航油运/4.940	5241	4.930	4000	4.920	27400	4.910	14000	4.900	36200	4.980	18800	4.990	16995	5.000	99299	5.010	14000	5.020	4800	/16842805//27218242/5457830/4.94/5.03//2008-9-18 13:52:42
51/600087/长航油运/4.950	21300	4.940	17541	4.930	5800	4.920	27500	4.910	14000	4.980	5800	4.990	16995	5.000	99299	5.010	14000	5.020	4800	/16842805//27227884/5459771/4.95/5.03//2008-9-18 13:53:42
51/600087/长航油运/4.970	2600	4.960	600	4.950	22100	4.940	12041	4.930	5800	4.980	5600	4.990	28995	5.000	99299	5.010	14000	5.020	4800	/16842805//27239316/5462071/4.97/5.03//2008-9-18 13:54:43
51/600087/长航油运/4.960	5400	4.950	22100	4.940	3041	4.930	3000	4.920	27500	4.970	3100	4.980	5600	4.990	28995	5.000	99299	5.010	14500	/16842805//27303822/5475071/4.96/5.03//2008-9-18 13:55:44
51/600087/长航油运/4.960	400	4.950	22100	4.940	2741	4.930	3000	4.920	27500	4.970	3400	4.980	5600	4.990	28995	5.000	100099	5.010	14500	/16842805//27327630/5479871/4.96/5.03//2008-9-18 13:56:44
51/600087/长航油运/4.960	1800	4.950	22100	4.940	5741	4.930	3000	4.920	28500	4.970	45100	4.980	7600	4.990	28995	5.000	102099	5.010	14500	/16842805//27345562/5483471/4.96/5.03//2008-9-18 13:57:45
51/600087/长航油运/4.960	3800	4.950	22100	4.940	5741	4.930	3000	4.920	28500	4.970	42700	4.980	7600	4.990	28995	5.000	102199	5.010	14500	/16842805//27357490/5485871/4.97/5.03//2008-9-18 13:58:45
51/600087/长航油运/4.960	11900	4.950	22100	4.940	5741	4.930	3000	4.920	28500	4.980	5800	4.990	33995	5.000	101199	5.010	14500	5.020	4800	/16842805//27583136/5531271/4.98/5.03//2008-9-18 13:59:46
51/600087/长航油运/4.970	6000	4.960	6900	4.950	22100	4.940	5741	4.930	3000	4.980	7900	4.990	11295	5.000	106199	5.010	21000	5.020	4800	/16842805//27588604/5532371/4.97/5.03//2008-9-18 14:0:47
51/600087/长航油运/4.970	1800	4.960	6900	4.950	22700	4.940	5741	4.930	3000	4.980	15800	4.990	11895	5.000	106199	5.010	14500	5.020	4800	/16842805//27652236/5545171/4.97/5.03//2008-9-18 14:1:47
51/600087/长航油运/4.960	100	4.950	2700	4.940	3741	4.930	3000	4.920	28500	4.970	4500	4.980	22300	4.990	11795	5.000	107899	5.010	14500	/16842805//27804822/5575971/4.95/5.03//2008-9-18 14:2:48
51/600087/长航油运/4.950	2700	4.940	3741	4.930	3800	4.920	28500	4.910	15500	4.960	3700	4.970	500	4.980	22300	4.990	11795	5.000	106199	/16842805//27807302/5576471/4.96/5.03//2008-9-18 14:3:48
51/600087/长航油运/4.940	3741	4.930	3800	4.920	28500	4.910	14500	4.900	39500	4.960	4300	4.970	2800	4.980	21300	4.990	10795	5.000	116399	/16842805//27879180/5590971/4.96/5.03//2008-9-18 14:4:49
51/600087/长航油运/4.960	100	4.950	10000	4.940	3941	4.930	3800	4.920	28500	4.970	3800	4.980	21300	4.990	11395	5.000	116399	5.010	14500	/16842805//27960920/5607471/4.96/5.03//2008-9-18 14:5:50
51/600087/长航油运/4.950	9100	4.940	3941	4.930	2800	4.920	28800	4.910	14500	4.960	317	4.970	3300	4.980	21300	4.990	11395	5.000	121399	/16842805//28010510/5617471/4.96/5.03//2008-9-18 14:6:50
51/600087/长航油运/4.960	3583	4.950	10100	4.940	3941	4.930	14800	4.920	28800	4.980	16300	4.990	11395	5.000	133979	5.010	14500	5.020	4800	/16842805//28059334/5627288/4.98/5.03//2008-9-18 14:7:51
51/600087/长航油运/4.970	100	4.960	4883	4.950	11600	4.940	3941	4.930	14000	4.980	9500	4.990	11395	5.000	133779	5.010	14500	5.020	15500	/16842805//28066780/5628788/4.98/5.03//2008-9-18 14:8:51
51/600087/长航油运/4.960	488	4.950	11600	4.940	6941	4.930	14000	4.920	28800	5.000	117399	5.010	14500	5.020	16000	5.030	24200	5.040	78600	/16842805//28461790/5707983/5.0/5.03//2008-9-18 14:9:52
51/600087/长航油运/4.970	9700	4.960	5788	4.950	13900	4.940	6941	4.930	2000	4.990	700	5.000	57699	5.010	14500	5.020	16000	5.030	24200	/16842805//28711786/5757983/5.0/5.03//2008-9-18 14:10:53
51/600087/长航油运/4.990	2800	4.980	2700	4.970	21300	4.960	7688	4.950	13600	5.000	91599	5.010	14500	5.020	16000	5.030	24200	5.040	74200	/16842805//28795780/5774783/5.0/5.03//2008-9-18 14:11:53
51/600087/长航油运/5.000	12201	4.990	3300	4.980	2700	4.970	27100	4.960	6688	5.010	14500	5.020	16000	5.030	24200	5.040	74000	5.050	20920	/16842805//29279274/5871482/5.0/5.03//2008-9-18 14:12:54
51/600087/长航油运/5.000	18361	4.990	11300	4.980	1000	4.970	27100	4.960	6688	5.010	7200	5.020	5300	5.030	24200	5.040	74000	5.050	20920	/16842805//29376750/5890962/5.0/5.03//2008-9-18 14:13:55
51/600087/长航油运/4.990	7900	4.980	1000	4.970	30200	4.960	2688	4.950	13600	5.000	66139	5.010	5800	5.020	5300	5.030	25200	5.040	74000	/16842805//29540376/5923683/4.99/5.03//2008-9-18 14:14:55
51/600087/长航油运/4.990	4000	4.980	5900	4.970	27300	4.960	1688	4.950	14600	5.000	45339	5.010	4500	5.020	5300	5.030	25200	5.040	74000	/16842805//29666332/5948883/5.0/5.03//2008-9-18 14:15:56
51/600087/长航油运/5.000	3061	4.990	13300	4.980	5900	4.970	27300	4.960	1688	5.010	11000	5.020	5300	5.030	27200	5.040	74000	5.050	20920	/16842805//29916480/5998922/5.0/5.03//2008-9-18 14:16:56
51/600087/长航油运/5.010	21200	5.000	10961	4.990	13300	4.980	2900	4.970	27300	5.030	23200	5.040	74000	5.050	20920	5.060	1500	5.070	1400	/16842805//30054456/6026422/5.03/5.03//2008-9-18 14:17:57
51/600087/长航油运/5.000	7100	4.990	11300	4.980	3000	4.970	22300	4.960	688	5.020	39	5.040	44900	5.050	19520	5.060	2500	5.070	1400	/16842805//31043678/6223683/5.02/5.03//2008-9-18 14:18:58
51/600087/长航油运/5.060	4041	5.050	35000	5.040	118200	5.020	4000	5.010	16700	5.070	1400	5.080	16040	5.090	22500	5.100	40400	5.120	5000	/16842805//31421514/6298601/5.06/5.03//2008-9-18 14:19:58
51/600087/长航油运/5.100	82400	5.090	49800	5.080	38260	5.070	13500	5.060	14400	5.120	1900	5.130	10000	5.140	10800	5.150	32750	5.160	6300	/16842805//31732444/6359582/5.12/5.03//2008-9-18 14:20:59
51/600087/长航油运/5.100	400	5.090	12400	5.080	26760	5.070	2100	5.060	14400	5.120	3100	5.140	12700	5.150	30750	5.160	5800	5.180	4200	/16842805//32830000/6574382/5.12/5.03//2008-9-18 14:22:0
51/600087/长航油运/5.130	2900	5.120	20900	5.110	500	5.100	7600	5.090	14700	5.140	1200	5.150	32250	5.160	6300	5.180	4900	5.190	7500	/16842805//33066566/6620482/5.14/5.03//2008-9-18 14:23:0
51/600087/长航油运/5.150	24950	5.140	79100	5.130	30000	5.120	7900	5.110	17700	5.160	1600	5.180	5100	5.190	6500	5.200	17050	5.220	1100	/16842805//33601788/6724432/5.16/5.03//2008-9-18 14:24:1
51/600087/长航油运/5.150	4250	5.140	2100	5.130	30000	5.120	4900	5.110	17300	5.160	19700	5.170	4000	5.180	7700	5.190	9900	5.200	17750	/16842805//34070384/6815332/5.16/5.03//2008-9-18 14:25:2
51/600087/长航油运/5.150	1050	5.140	2100	5.130	20000	5.120	3400	5.110	18300	5.160	1400	5.170	5500	5.180	10512	5.190	12912	5.200	8250	/16842805//34336312/6866832/5.15/5.03//2008-9-18 14:26:2
51/600087/长航油运/5.130	16150	5.120	2300	5.110	18300	5.100	14300	5.090	11100	5.140	29462	5.150	28100	5.160	25300	5.170	14600	5.180	8100	/16842805//34551776/6908732/5.13/5.03//2008-9-18 14:27:3
51/600087/长航油运/5.110	17800	5.100	14300	5.090	11100	5.080	21200	5.070	18600	5.120	7600	5.130	31650	5.140	41862	5.150	20100	5.160	25800	/16842805//34669472/6931682/5.12/5.03//2008-9-18 14:28:4
51/600087/长航油运/5.100	3800	5.090	11100	5.080	21300	5.070	18600	5.060	9000	5.110	4680	5.120	11700	5.130	18850	5.140	15362	5.150	29200	/16842805//34724640/6942482/5.1/5.03//2008-9-18 14:29:4
51/600087/长航油运/5.080	19300	5.070	12000	5.060	9000	5.050	1000	5.040	20000	5.090	3600	5.100	24000	5.110	2280	5.120	7200	5.130	18850	/16842805//34835200/6964182/5.09/5.03//2008-9-18 14:30:5
51/600087/长航油运/5.080	7200	5.070	12000	5.060	2000	5.050	5300	5.040	20000	5.090	4284	5.100	20750	5.110	500	5.120	6700	5.130	15850	/16842805//34967820/6990282/5.08/5.03//2008-9-18 14:31:6
51/600087/长航油运/5.060	666	5.050	5300	5.040	20000	5.030	700	5.020	100	5.110	300	5.120	6700	5.130	15650	5.140	14862	5.150	22400	/16842805//35323032/7060116/5.08/5.03//2008-9-18 14:32:6
51/600087/长航油运/5.100	1700	5.090	1200	5.080	1200	5.060	5166	5.050	15300	5.110	6380	5.120	6700	5.130	14650	5.140	14862	5.150	23500	/16842805//35498164/7094416/5.1/5.03//2008-9-18 14:33:7
51/600087/长航油运/5.090	1100	5.080	1200	5.070	3000	5.060	18666	5.050	15000	5.100	700	5.110	3500	5.120	10500	5.130	14650	5.140	14862	/16842805//35607436/7115816/5.1/5.03//2008-9-18 14:34:8
51/600087/长航油运/5.100	9600	5.090	1600	5.080	1200	5.070	14600	5.060	18666	5.110	1400	5.120	10500	5.130	12650	5.140	14862	5.150	22300	/16842805//35624288/7119116/5.11/5.03//2008-9-18 14:35:8
51/600087/长航油运/5.090	1600	5.080	1700	5.070	9100	5.060	14666	5.050	10500	5.100	3600	5.110	5100	5.120	9900	5.130	13250	5.140	15062	/16842805//35753368/7144416/5.1/5.03//2008-9-18 14:36:9
51/600087/长航油运/5.070	6300	5.060	14666	5.050	18100	5.040	20300	5.030	700	5.080	198500	5.090	4500	5.100	1300	5.110	4800	5.120	10400	/16842805//35828156/7159116/5.08/5.03//2008-9-18 14:37:10
51/600087/长航油运/5.060	10666	5.050	10500	5.040	20300	5.030	700	5.020	100	5.070	25395	5.080	198400	5.090	3500	5.100	2300	5.110	4500	/16842805//35867692/7166916/5.06/5.03//2008-9-18 14:38:10
51/600087/长航油运/5.040	19800	5.030	700	5.020	100	5.010	5200	5.000	57400	5.050	11995	5.060	16529	5.070	16995	5.080	198400	5.090	3500	/16842805//35949432/7183082/5.04/5.03//2008-9-18 14:39:11
51/600087/长航油运/5.020	600	5.010	13400	5.000	56600	4.990	1800	4.980	400	5.040	38170	5.050	51995	5.060	16129	5.070	13295	5.080	198400	/16842805//36070888/7207182/5.04/5.03//2008-9-18 14:40:12
51/600087/长航油运/5.030	1000	5.020	9300	5.010	16100	5.000	50100	4.990	1800	5.040	5320	5.050	47600	5.060	6129	5.070	10300	5.080	198400	/16842805//36095480/7212082/5.03/5.03//2008-9-18 14:41:12
51/600087/长航油运/5.030	7600	5.020	9300	5.010	16100	5.000	50100	4.990	1800	5.040	5849	5.060	2300	5.070	10300	5.080	198400	5.090	3500	/16842805//36403412/7273082/5.03/5.03//2008-9-18 14:42:13
51/600087/长航油运/5.050	3000	5.040	7751	5.030	5700	5.020	9800	5.010	21100	5.060	12300	5.070	10300	5.080	198400	5.090	3500	5.100	8580	/16842805//36490956/7290431/5.05/5.03//2008-9-18 14:43:14
51/600087/长航油运/5.050	3600	5.040	6751	5.030	4100	5.020	10800	5.010	21100	5.060	10600	5.070	11000	5.080	198500	5.090	23400	5.100	9080	/16842805//36526324/7297431/5.06/5.03//2008-9-18 14:44:14
51/600087/长航油运/5.040	8751	5.030	8700	5.020	17300	5.010	21100	5.000	53600	5.050	36000	5.060	10600	5.070	11000	5.080	198500	5.090	23400	/16842805//36567232/7305531/5.05/5.03//2008-9-18 14:45:15
51/600087/长航油运/5.030	8700	5.020	28100	5.010	19600	5.000	53600	4.990	1800	5.040	4149	5.050	33900	5.060	10300	5.070	11000	5.080	198500	/16842805//36623936/7316782/5.04/5.03//2008-9-18 14:46:16
51/600087/长航油运/5.010	10800	5.000	48600	4.990	1300	4.980	400	4.970	26000	5.020	9600	5.030	87200	5.040	4649	5.050	33800	5.060	11300	/16842805//36820324/7355882/5.02/5.03//2008-9-18 14:47:16
51/600087/长航油运/5.010	3300	5.000	51600	4.990	1300	4.980	1400	4.970	26000	5.020	8100	5.030	89200	5.040	14649	5.050	33800	5.060	11300	/16842805//36879956/7367782/5.01/5.03//2008-9-18 14:48:17
51/600087/长航油运/4.990	2300	4.980	1400	4.970	26000	4.960	200	4.950	2000	5.000	21600	5.010	26900	5.020	8700	5.030	87700	5.040	14649	/16842805//37185996/7428982/4.99/5.03//2008-9-18 14:49:18
51/600087/长航油运/4.990	14701	4.980	1400	4.970	26000	4.960	200	4.950	15700	5.000	22500	5.010	18700	5.020	1100	5.030	5200	5.040	14649	/16842805//37209452/7433681/4.99/5.03//2008-9-18 14:50:18
51/600087/长航油运/4.990	305	4.980	4200	4.970	26100	4.960	2400	4.950	15700	5.000	26300	5.010	7100	5.020	1100	5.030	5200	5.040	14649	/16842805//37416532/7475177/4.99/5.03//2008-9-18 14:51:19
51/600087/长航油运/4.990	600	4.980	14905	4.970	26200	4.960	4400	4.950	25700	5.000	800	5.020	1100	5.030	5200	5.040	14649	5.050	33500	/16842805//37566964/7505277/5.0/5.03//2008-9-18 14:52:20
51/600087/长航油运/5.020	900	5.010	600	5.000	11400	4.990	2300	4.980	22105	5.030	5200	5.040	14649	5.050	33500	5.060	1300	5.070	11000	/16842805//37624984/7516877/5.02/5.03//2008-9-18 14:53:21
51/600087/长航油运/5.040	3489	5.020	9900	5.010	500	5.000	18200	4.990	2000	5.050	33500	5.060	6300	5.070	11000	5.080	198500	5.090	23900	/16842805//37747880/7541288/5.04/5.03//2008-9-18 14:54:21
51/600087/长航油运/5.030	800	5.020	12900	5.010	4500	5.000	18800	4.990	2000	5.040	15211	5.050	33400	5.060	6000	5.070	62800	5.080	198500	/16842805//37845600/7560677/5.04/5.03//2008-9-18 14:55:22
51/600087/长航油运/5.020	10100	5.010	14000	5.000	19000	4.990	2000	4.980	16905	5.030	9750	5.040	25511	5.050	34100	5.060	6000	5.070	66200	/16842805//37877780/7567077/5.03/5.03//2008-9-18 14:56:23
51/600087/长航油运/5.010	43900	5.000	29500	4.990	2000	4.980	14505	4.970	26700	5.030	12150	5.040	73011	5.050	34100	5.060	7000	5.070	19100	/16842805//37970204/7585477/5.03/5.03//2008-9-18 14:57:23
51/600087/长航油运/5.010	24600	5.000	32900	4.990	1500	4.980	13505	4.970	26700	5.020	75300	5.030	16950	5.040	73011	5.050	34100	5.060	7000	/16842805//38125632/7616477/5.01/5.03//2008-9-18 14:58:24
51/600087/长航油运/5.010	23150	5.000	37600	4.990	500	4.980	14505	4.970	26700	5.020	72800	5.030	8000	5.040	24711	5.050	34100	5.060	7000	/16842805//38297356/7650727/5.01/5.03//2008-9-18 14:59:25
51/600087/长航油运/5.000	50	4.990	200	4.980	14505	4.970	26700	4.960	4400	5.020	42100	5.030	5000	5.040	23711	5.050	34100	5.060	7000	/16842805//38753724/7741827/5.01/5.03//2008-9-18 15:0:26
51/600087/长航油运/5.000	50	4.990	200	4.980	14505	4.970	26700	4.960	4400	5.020	42100	5.030	5000	5.040	23711	5.050	34100	5.060	7000	/16842805//38753724/7741827/5.01/5.03//2008-9-18 15:1:26
51/600087/长航油运/5.000	50	4.990	200	4.980	14505	4.970	26700	4.960	4400	5.020	42100	5.030	5000	5.040	23711	5.050	34100	5.060	7000	/16842805//38753724/7741827/5.01/5.03//2008-9-18 15:2:27
