809/600048/保利地产/10.900	24900	10.890	300	10.880	300	10.820	4900	10.810	1600	11.000	589550	11.300	22000	11.320	100	11.340	5000	11.350	4600	/16843595//3276963/296300/11.0/11.7//2008-9-18 9:31:34
809/600048/保利地产/10.950	18300	10.920	4400	10.910	1800	10.900	11600	10.890	300	11.000	61150	11.300	22000	11.320	100	11.340	5000	11.350	4600	/16843595//9619923/873300/11.0/11.7//2008-9-18 9:32:35
809/600048/保利地产/11.120	2000	11.010	4000	11.000	87750	10.980	900	10.970	6600	11.280	1100	11.290	100	11.300	24300	11.320	100	11.340	5000	/16843595//10352561/939850/11.28/11.7//2008-9-18 9:33:35
809/600048/保利地产/11.250	2100	11.200	500	11.160	1000	11.150	600	11.130	2400	11.260	1100	11.270	11200	11.280	400	11.290	2900	11.300	22100	/16843595//10508022/953650/11.26/11.7//2008-9-18 9:34:35
809/600048/保利地产/11.110	8900	11.100	6400	11.080	2200	11.050	1300	11.020	11400	11.150	8700	11.180	3500	11.200	1	11.300	1400	11.340	2640	/16843595//11303577/1024350/11.15/11.7//2008-9-18 9:35:35
809/600048/保利地产/11.190	500	11.150	1800	11.110	12200	11.100	6600	11.080	200	11.200	2001	11.290	9200	11.300	23300	11.340	2640	11.350	19300	/16843595//11567138/1047949/11.21/11.7//2008-9-18 9:36:36
809/600048/保利地产/11.200	2099	11.190	800	11.160	2000	11.150	3000	11.120	1000	11.210	500	11.250	1500	11.290	11499	11.300	22600	11.340	2640	/16843595//11586174/1049651/11.2/11.7//2008-9-18 9:37:36
809/600048/保利地产/11.210	8200	11.200	4400	11.180	3200	11.160	2100	11.150	7800	11.230	2500	11.240	400	11.250	20600	11.290	8700	11.300	22600	/16843595//11669120/1057051/11.21/11.7//2008-9-18 9:38:36
809/600048/保利地产/11.180	4800	11.160	2100	11.150	10600	11.120	4000	11.110	8300	11.200	25400	11.210	17300	11.230	2900	11.240	2400	11.250	20600	/16843595//12405275/1122751/11.2/11.7//2008-9-18 9:39:36
809/600048/保利地产/11.290	3100	11.250	6451	11.210	400	11.200	53600	11.180	5400	11.300	6400	11.340	2640	11.350	19300	11.360	500	11.370	300	/16843595//13388971/1210400/11.29/11.7//2008-9-18 9:40:36
809/600048/保利地产/11.230	100	11.220	10300	11.210	5500	11.200	59200	11.180	5700	11.250	12249	11.290	6700	11.300	2900	11.330	2400	11.340	2640	/16843595//14198166/1282451/11.25/11.7//2008-9-18 9:41:37
809/600048/保利地产/11.250	2751	11.240	900	11.230	1300	11.220	20300	11.210	6300	11.300	2900	11.330	2400	11.340	2640	11.350	9400	11.360	2600	/16843595//14762295/1332600/11.25/11.7//2008-9-18 9:42:37
809/600048/保利地产/11.260	1700	11.250	19651	11.240	2000	11.230	11700	11.220	5600	11.290	47800	11.300	3700	11.330	2400	11.340	100	11.350	9400	/16843595//14931190/1347600/11.29/11.7//2008-9-18 9:43:37
809/600048/保利地产/11.250	200	11.230	40111	11.220	4900	11.210	5300	11.200	47100	11.270	1200	11.280	26000	11.290	38200	11.300	1500	11.310	300	/16843595//16522085/1488640/11.27/11.7//2008-9-18 9:44:37
809/600048/保利地产/11.260	300	11.230	19811	11.220	6300	11.210	5100	11.200	45300	11.280	7700	11.290	12400	11.300	2000	11.310	300	11.330	2400	/16843595//17737850/1596640/11.28/11.7//2008-9-18 9:45:37
809/600048/保利地产/11.240	1200	11.230	26911	11.220	8300	11.210	8500	11.200	55000	11.270	400	11.290	9700	11.300	2000	11.310	300	11.330	2400	/16843595//18158214/1633940/11.28/11.7//2008-9-18 9:46:38
809/600048/保利地产/11.280	100	11.250	2300	11.240	12200	11.230	32511	11.220	8300	11.290	9200	11.300	700	11.350	8500	11.360	2600	11.380	4900	/16843595//19029134/1711040/11.29/11.7//2008-9-18 9:47:38
809/600048/保利地产/11.270	5200	11.260	4000	11.250	9900	11.240	19000	11.230	34111	11.280	8000	11.300	21400	11.330	1000	11.340	100	11.350	13900	/16843595//19954782/1792770/11.28/11.7//2008-9-18 9:48:38
809/600048/保利地产/11.310	7300	11.280	64592	11.250	2600	11.240	9000	11.230	30411	11.330	1000	11.350	14400	11.360	2600	11.380	5000	11.390	38300	/16843595//20667840/1856078/11.3/11.7//2008-9-18 9:49:39
809/600048/保利地产/11.330	6900	11.320	2000	11.300	4300	11.280	51592	11.250	4800	11.350	16100	11.360	2600	11.380	5000	11.390	38300	11.400	5400	/16843595//20841140/1871378/11.35/11.7//2008-9-18 9:50:39
809/600048/保利地产/11.280	11174	11.250	4800	11.240	10300	11.230	23011	11.220	10900	11.300	100	11.320	3700	11.330	500	11.350	13400	11.360	2600	/16843595//21677344/1945396/11.32/11.7//2008-9-18 9:51:39
809/600048/保利地产/11.250	1000	11.240	10300	11.230	21611	11.220	10800	11.210	12000	11.280	3626	11.320	11200	11.350	1100	11.360	2600	11.380	5000	/16843595//22479300/2016270/11.25/11.7//2008-9-18 9:52:39
809/600048/保利地产/11.250	12354	11.240	13000	11.230	11111	11.220	3800	11.210	5000	11.280	2000	11.320	1800	11.350	3900	11.360	2600	11.380	5000	/16843595//22705966/2036416/11.25/11.7//2008-9-18 9:53:40
809/600048/保利地产/11.270	9600	11.240	1000	11.200	15065	11.180	3900	11.160	6600	11.280	2000	11.300	300	11.320	800	11.350	3900	11.360	2600	/16843595//23799410/2133716/11.27/11.7//2008-9-18 9:54:40
809/600048/保利地产/11.250	200	11.240	1000	11.200	17865	11.190	1500	11.180	4100	11.270	6900	11.320	5100	11.350	800	11.360	2800	11.380	5000	/16843595//23938058/2146016/11.27/11.7//2008-9-18 9:55:40
809/600048/保利地产/11.270	25200	11.250	10400	11.240	1000	11.200	21965	11.190	2000	11.320	9600	11.350	1000	11.360	2800	11.380	6000	11.390	35300	/16843595//24069906/2157716/11.27/11.7//2008-9-18 9:56:41
809/600048/保利地产/11.280	4100	11.270	20900	11.250	35400	11.210	500	11.200	24265	11.300	2000	11.320	5300	11.350	5800	11.360	2800	11.380	6100	/16843595//24142044/2164116/11.28/11.7//2008-9-18 9:57:41
809/600048/保利地产/11.320	7000	11.300	4900	11.280	4900	11.270	10200	11.250	35600	11.350	8500	11.360	2800	11.380	6600	11.390	35300	11.400	8100	/16843595//24242690/2173016/11.32/11.7//2008-9-18 9:58:41
809/600048/保利地产/11.360	1000	11.320	5620	11.300	6300	11.280	4900	11.270	9400	11.380	600	11.390	17800	11.400	6400	11.410	4200	11.420	1500	/16843595//24747428/2217396/11.32/11.7//2008-9-18 9:59:41
809/600048/保利地产/11.320	100	11.300	3300	11.280	4700	11.270	9300	11.250	36400	11.350	4300	11.390	3699	11.400	6900	11.410	4200	11.420	1500	/16843595//25055560/2244496/11.35/11.7//2008-9-18 10:0:42
809/600048/保利地产/11.300	4500	11.280	4600	11.270	600	11.250	1700	11.210	500	11.310	700	11.320	1100	11.330	2500	11.350	11400	11.360	400	/16843595//25087218/2247296/11.31/11.7//2008-9-18 10:1:42
809/600048/保利地产/11.250	1600	11.210	100	11.200	23765	11.190	1500	11.180	4100	11.280	3020	11.300	15200	11.310	100	11.320	600	11.350	11500	/16843595//25345838/2270196/11.25/11.28//2008-9-18 10:2:42
809/600048/保利地产/11.200	19565	11.190	1500	11.180	4100	11.170	2300	11.160	7400	11.270	1000	11.280	4300	11.300	14800	11.310	100	11.320	1400	/16843595//25620924/2294696/11.2/11.28//2008-9-18 10:3:42
809/600048/保利地产/11.190	700	11.180	4000	11.170	2300	11.160	7100	11.150	17200	11.200	11800	11.210	2500	11.250	6855	11.270	1000	11.280	4300	/16843595//26132200/2340261/11.2/11.28//2008-9-18 10:4:43
809/600048/保利地产/11.180	4100	11.170	2700	11.160	10600	11.150	38400	11.130	1000	11.200	2500	11.210	3210	11.230	1000	11.250	19635	11.270	1000	/16843595//26415540/2365561/11.2/11.28//2008-9-18 10:5:43
809/600048/保利地产/11.250	4965	11.210	2500	11.200	9900	11.190	2100	11.180	3500	11.270	1000	11.290	1000	11.300	44600	11.310	100	11.320	1400	/16843595//26865014/2405596/11.25/11.28//2008-9-18 10:6:43
809/600048/保利地产/11.260	2989	11.250	1665	11.230	200	11.210	3500	11.200	13800	11.270	2600	11.290	12000	11.300	48100	11.310	100	11.320	1400	/16843595//26993576/2417007/11.26/11.28//2008-9-18 10:7:44
809/600048/保利地产/11.250	1665	11.210	3500	11.200	15600	11.190	3100	11.180	5500	11.260	1711	11.270	3600	11.280	400	11.290	14000	11.300	46200	/16843595//27132044/2429296/11.26/11.28//2008-9-18 10:8:44
809/600048/保利地产/11.250	600	11.210	3500	11.200	18000	11.190	3100	11.180	5500	11.260	400	11.270	2746	11.280	500	11.290	13000	11.300	47500	/16843595//27235228/2438461/11.26/11.28//2008-9-18 10:9:44
809/600048/保利地产/11.260	300	11.250	680	11.220	800	11.210	5300	11.200	48200	11.270	3246	11.280	4500	11.290	13000	11.300	48000	11.350	16300	/16843595//27316474/2445681/11.26/11.28//2008-9-18 10:10:44
809/600048/保利地产/11.260	934	11.250	9700	11.240	4000	11.230	4000	11.220	7800	11.270	2900	11.280	10000	11.300	43800	11.350	20600	11.380	4100	/16843595//28028262/2508727/11.27/11.28//2008-9-18 10:11:45
809/600048/保利地产/11.270	1300	11.260	9534	11.250	10700	11.240	4000	11.230	4000	11.280	8000	11.300	33800	11.350	20600	11.380	24100	11.390	10799	/16843595//28089138/2514127/11.27/11.28//2008-9-18 10:12:45
809/600048/保利地产/11.270	1100	11.260	2434	11.250	11500	11.240	4000	11.230	4000	11.280	400	11.300	33800	11.310	5000	11.350	20600	11.380	24100	/16843595//28250338/2528427/11.27/11.28//2008-9-18 10:13:45
809/600048/保利地产/11.280	800	11.270	100	11.260	600	11.250	11600	11.240	4000	11.290	2900	11.300	37900	11.310	5000	11.350	20600	11.380	24100	/16843595//28658212/2564527/11.29/11.28//2008-9-18 10:14:46
809/600048/保利地产/11.280	6900	11.270	800	11.260	1600	11.250	11600	11.240	4000	11.300	24500	11.310	5000	11.350	20600	11.380	24200	11.390	10999	/16843595//29217516/2614027/11.3/11.28//2008-9-18 10:15:46
809/600048/保利地产/11.280	6000	11.270	800	11.260	3600	11.250	28600	11.240	4000	11.300	25500	11.310	2700	11.350	20600	11.380	24200	11.390	10999	/16843595//29623184/2649927/11.3/11.28//2008-9-18 10:16:46
809/600048/保利地产/11.270	700	11.260	3700	11.250	28800	11.240	4000	11.230	4000	11.280	12300	11.300	10200	11.310	2700	11.350	21600	11.380	24200	/16843595//29994618/2682827/11.28/11.28//2008-9-18 10:17:47
809/600048/保利地产/11.290	4400	11.280	2100	11.270	5500	11.260	4800	11.250	28800	11.300	13300	11.310	2700	11.350	21600	11.380	23800	11.390	10999	/16843595//30197744/2700827/11.3/11.28//2008-9-18 10:18:47
809/600048/保利地产/11.290	4000	11.280	2400	11.270	5500	11.260	6400	11.250	29400	11.300	15200	11.310	2700	11.350	20600	11.380	23800	11.390	6499	/16843595//30525440/2729827/11.3/11.28//2008-9-18 10:19:47
809/600048/保利地产/11.320	100	11.300	2400	11.290	3600	11.280	2500	11.270	5500	11.380	7500	11.390	6499	11.400	8700	11.410	4500	11.420	1500	/16843595//31212730/2790427/11.38/11.28//2008-9-18 10:20:48
809/600048/保利地产/11.270	5500	11.260	4400	11.250	12500	11.240	4000	11.230	4300	11.280	600	11.290	100	11.300	5808	11.370	500	11.380	7500	/16843595//31938092/2854627/11.28/11.28//2008-9-18 10:21:48
809/600048/保利地产/11.310	300	11.300	38792	11.290	700	11.280	400	11.270	1900	11.350	200	11.380	8900	11.390	6499	11.400	10200	11.410	4500	/16843595//32098608/2868835/11.3/11.28//2008-9-18 10:22:48
809/600048/保利地产/11.620	300	11.590	7800	11.570	10000	11.560	10000	11.550	9000	11.630	500	11.640	1000	11.650	3500	11.660	600	11.680	13500	/16843595//33405410/2982534/11.62/11.28//2008-9-18 10:23:48
809/600048/保利地产/11.570	175	11.560	10000	11.550	9000	11.540	10000	11.530	7600	11.590	6500	11.600	5000	11.610	100	11.620	2200	11.630	2400	/16843595//33891200/3024459/11.57/11.28//2008-9-18 10:24:49
809/600048/保利地产/11.540	7875	11.530	7600	11.520	10000	11.510	2100	11.490	5200	11.550	17300	11.560	7425	11.570	4825	11.580	1000	11.590	5300	/16843595//34175512/3049059/11.54/11.28//2008-9-18 10:25:49
809/600048/保利地产/11.530	3300	11.520	10000	11.510	2100	11.490	5200	11.480	5000	11.540	12050	11.550	17700	11.560	6925	11.570	4225	11.580	2100	/16843595//34329816/3062434/11.54/11.28//2008-9-18 10:26:49
809/600048/保利地产/11.510	800	11.500	500	11.490	5200	11.480	6000	11.470	10000	11.520	1575	11.530	100	11.540	10000	11.560	4425	11.570	425	/16843595//35067112/3126334/11.51/11.28//2008-9-18 10:27:50
809/600048/保利地产/11.470	2750	11.460	10600	11.450	7900	11.440	2700	11.430	10000	11.510	4600	11.520	2000	11.530	600	11.540	9975	11.550	62600	/16843595//35353744/3151284/11.47/11.28//2008-9-18 10:28:50
809/600048/保利地产/11.470	1512	11.460	6125	11.450	7700	11.440	2700	11.430	10200	11.490	2100	11.500	790	11.510	4600	11.520	2500	11.530	600	/16843595//35505304/3164497/11.48/11.28//2008-9-18 10:29:50
809/600048/保利地产/11.460	4825	11.450	7700	11.440	2700	11.430	10200	11.420	9500	11.470	188	11.490	1200	11.500	790	11.510	4600	11.520	2500	/16843595//35656864/3177709/11.47/11.28//2008-9-18 10:30:51
809/600048/保利地产/11.470	1800	11.460	4825	11.450	7700	11.440	4700	11.430	10200	11.490	200	11.500	1090	11.510	4600	11.520	1500	11.530	600	/16843595//35777200/3188197/11.49/11.28//2008-9-18 10:31:51
809/600048/保利地产/11.450	7700	11.440	4700	11.430	10200	11.420	9500	11.410	5300	11.460	6375	11.490	200	11.500	1590	11.510	3200	11.520	1500	/16843595//35874928/3196722/11.46/11.28//2008-9-18 10:32:51
809/600048/保利地产/11.460	9325	11.450	2000	11.440	6000	11.430	10200	11.420	9500	11.470	4700	11.490	200	11.500	800	11.510	3700	11.520	1500	/16843595//36024708/3209797/11.46/11.28//2008-9-18 10:33:52
809/600048/保利地产/11.470	2300	11.460	13325	11.450	2300	11.440	4700	11.430	10200	11.490	2300	11.500	950	11.510	3700	11.520	1500	11.530	8000	/16843595//36083204/3214897/11.47/11.28//2008-9-18 10:34:52
809/600048/保利地产/11.470	4200	11.460	8325	11.450	2300	11.440	4700	11.430	10200	11.490	1600	11.500	1950	11.510	3700	11.520	1500	11.530	8000	/16843595//36111892/3217397/11.49/11.28//2008-9-18 10:35:52
809/600048/保利地产/11.450	2300	11.440	4700	11.430	10200	11.420	9500	11.410	5300	11.460	6075	11.470	100	11.490	1600	11.500	21950	11.510	3700	/16843595//36315168/3235122/11.46/11.28//2008-9-18 10:36:53
809/600048/保利地产/11.440	4700	11.430	10200	11.420	9500	11.410	5300	11.400	1400	11.450	1100	11.460	6775	11.470	1600	11.490	1600	11.500	21950	/16843595//36341504/3237422/11.45/11.28//2008-9-18 10:37:53
809/600048/保利地产/11.410	3800	11.400	1400	11.390	3501	11.380	2100	11.370	10000	11.430	72500	11.440	10000	11.450	5500	11.460	7975	11.470	1600	/16843595//36637464/3263322/11.41/11.28//2008-9-18 10:38:53
809/600048/保利地产/11.400	700	11.390	3501	11.380	2100	11.370	10000	11.360	10100	11.410	5500	11.420	1800	11.430	500	11.440	300	11.450	4400	/16843595//36696788/3268522/11.4/11.28//2008-9-18 10:39:54
809/600048/保利地产/11.380	3600	11.370	10000	11.360	10100	11.350	9700	11.340	10000	11.390	3274	11.400	23000	11.410	5600	11.420	1800	11.430	100	/16843595//36803892/3277923/11.39/11.28//2008-9-18 10:40:54
809/600048/保利地产/11.380	3726	11.370	11000	11.360	10100	11.350	9700	11.340	10000	11.400	26700	11.410	500	11.420	1800	11.430	100	11.440	300	/16843595//36896896/3286097/11.38/11.28//2008-9-18 10:41:54
809/600048/保利地产/11.390	200	11.380	2126	11.370	11000	11.360	10100	11.350	9700	11.400	20800	11.410	500	11.420	1800	11.430	100	11.440	3900	/16843595//37008568/3295897/11.4/11.28//2008-9-18 10:42:55
809/600048/保利地产/11.430	8100	11.410	11300	11.400	46500	11.390	200	11.380	1726	11.440	3600	11.450	2400	11.460	5300	11.470	1600	11.480	4000	/16843595//37392808/3329597/11.44/11.28//2008-9-18 10:43:55
809/600048/保利地产/11.430	8000	11.410	11300	11.400	45500	11.390	200	11.380	1726	11.450	56968	11.460	5300	11.470	1600	11.480	4000	11.490	1500	/16843595//37921756/3375797/11.45/11.28//2008-9-18 10:44:56
809/600048/保利地产/11.410	2700	11.400	45500	11.390	200	11.380	1726	11.370	11000	11.430	1000	11.450	11700	11.460	5300	11.470	1600	11.480	4000	/16843595//38107996/3392097/11.41/11.28//2008-9-18 10:45:56
809/600048/保利地产/11.400	36000	11.390	200	11.380	1726	11.370	10000	11.360	10100	11.410	2900	11.430	4900	11.450	11700	11.460	5300	11.470	6400	/16843595//38215192/3401497/11.41/11.28//2008-9-18 10:46:56
809/600048/保利地产/11.360	5701	11.350	9700	11.340	10000	11.330	10100	11.320	10000	11.380	200	11.390	6400	11.400	22200	11.410	2400	11.430	2000	/16843595//38822576/3454822/11.36/11.28//2008-9-18 10:47:57
809/600048/保利地产/11.350	4900	11.340	10000	11.330	10100	11.320	10000	11.310	10300	11.360	3699	11.370	1399	11.380	200	11.390	6400	11.400	22200	/16843595//38981544/3468823/11.35/11.28//2008-9-18 10:48:57
809/600048/保利地产/11.330	6600	11.320	10000	11.310	15400	11.300	74392	11.290	10700	11.340	13000	11.350	1500	11.360	3199	11.370	600	11.380	200	/16843595//39198148/3487923/11.33/11.28//2008-9-18 10:49:57
809/600048/保利地产/11.300	67115	11.290	10400	11.280	17000	11.270	10000	11.260	13600	11.330	5999	11.340	10400	11.350	1800	11.360	1199	11.370	500	/16843595//39649440/3527800/11.33/11.28//2008-9-18 10:50:58
809/600048/保利地产/11.300	55565	11.290	10400	11.280	17000	11.270	12000	11.260	14600	11.320	2200	11.330	7799	11.340	600	11.350	1800	11.360	1199	/16843595//39949612/3554350/11.32/11.28//2008-9-18 10:51:58
809/600048/保利地产/11.300	500	11.260	13865	11.250	25300	11.240	10000	11.230	10000	11.310	1300	11.320	2200	11.330	7799	11.340	600	11.350	20800	/16843595//41176076/3662950/11.26/11.28//2008-9-18 10:52:58
809/600048/保利地产/11.270	1500	11.260	20065	11.250	24700	11.240	10000	11.230	10000	11.300	700	11.310	6300	11.320	2200	11.330	7299	11.340	600	/16843595//41240492/3668650/11.3/11.28//2008-9-18 10:53:59
809/600048/保利地产/11.300	15300	11.280	300	11.270	400	11.260	19065	11.250	26700	11.310	6200	11.320	2200	11.330	7299	11.340	600	11.350	21200	/16843595//41371324/3680250/11.3/11.28//2008-9-18 10:54:59
809/600048/保利地产/11.300	100	11.260	18965	11.250	26700	11.240	10000	11.230	10000	11.310	2100	11.320	2300	11.330	7299	11.340	600	11.350	21200	/16843595//41638012/3703850/11.3/11.28//2008-9-18 10:56:0
809/600048/保利地产/11.270	17200	11.260	19365	11.250	26700	11.240	10000	11.230	10000	11.280	1300	11.300	2700	11.310	900	11.320	2300	11.330	7299	/16843595//41735104/3712450/11.3/11.28//2008-9-18 10:57:0
809/600048/保利地产/11.270	100	11.260	17965	11.250	26700	11.240	10000	11.230	10000	11.280	860	11.300	7150	11.310	7100	11.320	2300	11.330	7299	/16843595//41767792/3715350/11.28/11.28//2008-9-18 10:58:0
809/600048/保利地产/11.270	4700	11.260	13565	11.250	27200	11.240	10000	11.230	10000	11.280	1160	11.300	9250	11.310	6600	11.320	2300	11.330	7299	/16843595//41945892/3731150/11.28/11.28//2008-9-18 10:59:1
809/600048/保利地产/11.250	9065	11.240	10000	11.230	10000	11.220	10900	11.210	11000	11.280	1660	11.300	9250	11.310	6600	11.320	2300	11.330	7299	/16843595//42534744/3783450/11.25/11.28//2008-9-18 11:0:1
809/600048/保利地产/11.240	10000	11.230	10000	11.220	10900	11.210	11000	11.200	58100	11.250	18535	11.270	5000	11.280	700	11.300	9550	11.310	6600	/16843595//42860704/3812415/11.25/11.28//2008-9-18 11:1:2
809/600048/保利地产/11.240	701	11.230	5100	11.220	10900	11.210	11000	11.200	58100	11.250	12335	11.260	1000	11.270	6300	11.280	5500	11.300	7550	/16843595//43215888/3844014/11.24/11.28//2008-9-18 11:2:2
809/600048/保利地产/11.250	9816	11.230	2400	11.210	7700	11.200	51700	11.190	2000	11.260	1000	11.270	2300	11.280	5500	11.290	400	11.300	6550	/16843595//43856200/3900999/11.25/11.28//2008-9-18 11:3:2
809/600048/保利地产/11.230	1960	11.210	9300	11.200	52300	11.190	2000	11.180	5000	11.250	9500	11.270	2300	11.280	5500	11.290	3400	11.300	5950	/16843595//44033444/3916755/11.25/11.28//2008-9-18 11:4:3
809/600048/保利地产/11.230	6500	11.210	100	11.200	43076	11.190	2000	11.180	5000	11.250	20700	11.270	2300	11.280	5000	11.290	3400	11.300	5950	/16843595//44381044/3947739/11.2/11.28//2008-9-18 11:5:3
809/600048/保利地产/11.230	5383	11.210	2500	11.200	43076	11.190	2000	11.180	5000	11.250	29000	11.270	2300	11.280	5000	11.290	3400	11.300	5750	/16843595//44485700/3957056/11.23/11.28//2008-9-18 11:6:4
809/600048/保利地产/11.250	31500	11.240	850	11.230	983	11.210	4300	11.200	44976	11.270	1700	11.280	5000	11.290	3400	11.300	6850	11.310	6500	/16843595//44729164/3978706/11.27/11.28//2008-9-18 11:7:4
809/600048/保利地产/11.280	16200	11.270	200	11.260	100	11.250	34600	11.240	850	11.290	3400	11.300	7550	11.310	600	11.320	2300	11.330	7799	/16843595//44831732/3987806/11.28/11.28//2008-9-18 11:8:4
809/600048/保利地产/11.320	100	11.310	16300	11.300	1050	11.290	2600	11.280	15700	11.330	7799	11.340	2600	11.350	32300	11.360	700	11.370	500	/16843595//45044780/4006656/11.32/11.28//2008-9-18 11:9:5
809/600048/保利地产/11.340	4500	11.330	9601	11.320	10200	11.310	15900	11.300	11050	11.400	9200	11.430	700	11.450	4800	11.460	5400	11.470	4800	/16843595//46042684/4094555/11.34/11.28//2008-9-18 11:10:5
809/600048/保利地产/11.330	10701	11.320	10200	11.310	15900	11.300	11050	11.290	12400	11.340	9000	11.400	9500	11.430	4200	11.450	4800	11.460	5400	/16843595//46098264/4099455/11.34/11.28//2008-9-18 11:11:6
809/600048/保利地产/11.290	15051	11.280	25800	11.270	10200	11.260	10000	11.250	43100	11.330	8000	11.340	9600	11.380	200	11.400	9700	11.410	3600	/16843595//46697920/4152455/11.34/11.28//2008-9-18 11:12:6
809/600048/保利地产/11.270	10200	11.260	10000	11.250	38100	11.240	11350	11.230	10000	11.280	3839	11.300	1000	11.330	10600	11.340	11000	11.380	200	/16843595//47262780/4202506/11.28/11.28//2008-9-18 11:13:7
809/600048/保利地产/11.270	1971	11.260	10000	11.250	38100	11.240	11350	11.230	10000	11.300	1000	11.330	10000	11.340	11000	11.380	200	11.390	500	/16843595//47530724/4226274/11.27/11.28//2008-9-18 11:14:7
809/600048/保利地产/11.250	20471	11.240	10850	11.230	10000	11.220	14200	11.210	14200	11.270	4800	11.290	1600	11.300	33000	11.330	10000	11.340	11000	/16843595//48239692/4289235/11.25/11.28//2008-9-18 11:15:7
809/600048/保利地产/11.240	10850	11.230	11000	11.220	14200	11.210	14200	11.200	65976	11.260	20000	11.270	16529	11.300	30500	11.330	10000	11.340	10600	/16843595//48947776/4352006/11.27/11.28//2008-9-18 11:16:8
809/600048/保利地产/11.250	5100	11.240	10850	11.230	11000	11.220	14200	11.210	14200	11.260	19600	11.270	16529	11.300	30500	11.330	10000	11.340	10600	/16843595//48980404/4354906/11.26/11.28//2008-9-18 11:17:8
809/600048/保利地产/11.250	6638	11.240	10850	11.230	11000	11.220	14200	11.210	14200	11.260	21400	11.270	16529	11.300	30500	11.330	10000	11.340	10600	/16843595//49053112/4361368/11.25/11.28//2008-9-18 11:18:9
809/600048/保利地产/11.250	10438	11.240	13350	11.230	11000	11.220	14200	11.210	13200	11.260	20700	11.270	16529	11.290	2000	11.300	30500	11.330	10000	/16843595//49140884/4369168/11.26/11.28//2008-9-18 11:19:9
809/600048/保利地产/11.250	9538	11.240	13450	11.230	14500	11.220	14200	11.210	13200	11.260	3500	11.270	16529	11.290	2000	11.300	30500	11.330	10000	/16843595//49371668/4389668/11.26/11.28//2008-9-18 11:20:10
809/600048/保利地产/11.250	15638	11.240	13450	11.230	14500	11.220	17200	11.210	18200	11.260	500	11.270	16529	11.290	2000	11.300	30500	11.330	10000	/16843595//49501076/4401168/11.26/11.28//2008-9-18 11:21:10
809/600048/保利地产/11.250	15637	11.240	13450	11.230	14600	11.220	17200	11.210	18200	11.260	1500	11.270	16529	11.290	2000	11.300	31500	11.330	10000	/16843595//49502212/4401269/11.25/11.28//2008-9-18 11:22:10
809/600048/保利地产/11.250	3100	11.240	7087	11.230	14800	11.220	17200	11.210	18200	11.260	2600	11.270	16529	11.290	2000	11.300	31500	11.340	10600	/16843595//49760900/4424269/11.25/11.28//2008-9-18 11:23:11
809/600048/保利地产/11.250	1300	11.240	9387	11.230	15300	11.220	17200	11.210	18200	11.260	2600	11.270	16529	11.290	2000	11.300	32500	11.340	10600	/16843595//49913900/4437869/11.25/11.28//2008-9-18 11:24:11
809/600048/保利地产/11.240	9387	11.230	15300	11.220	13000	11.210	18200	11.200	64576	11.250	19000	11.260	1900	11.270	16529	11.290	2000	11.300	32500	/16843595//50160276/4459769/11.25/11.28//2008-9-18 11:25:12
809/600048/保利地产/11.240	12787	11.230	15300	11.220	13000	11.210	18200	11.200	64576	11.250	12000	11.260	2000	11.270	16529	11.290	2000	11.300	32500	/16843595//50277244/4470169/11.25/11.28//2008-9-18 11:26:12
809/600048/保利地产/11.230	19500	11.220	13000	11.210	18000	11.200	64576	11.190	2000	11.240	84413	11.250	11100	11.260	4000	11.270	16529	11.290	2000	/16843595//50571632/4496356/11.23/11.28//2008-9-18 11:27:13
809/600048/保利地产/11.210	2800	11.200	66576	11.190	4000	11.180	4000	11.160	9100	11.220	11700	11.230	200	11.240	84213	11.250	7000	11.260	2700	/16843595//51281928/4559656/11.21/11.28//2008-9-18 11:28:13
809/600048/保利地产/11.210	4600	11.200	43276	11.190	4000	11.180	4000	11.160	9100	11.220	10600	11.230	200	11.240	84213	11.250	1200	11.260	2700	/16843595//51921796/4616756/11.21/11.28//2008-9-18 11:29:14
809/600048/保利地产/11.220	15800	11.200	46676	11.190	4000	11.180	3800	11.160	9100	11.230	400	11.240	84213	11.250	1200	11.260	2700	11.270	16529	/16843595//52323276/4652556/11.22/11.28//2008-9-18 11:30:14
809/600048/保利地产/11.220	15800	11.200	46676	11.190	4000	11.180	3800	11.160	9100	11.230	400	11.240	84213	11.250	1200	11.260	2700	11.270	16529	/16843595//52323276/4652556/11.22/11.28//2008-9-18 11:31:15
809/600048/保利地产/11.120	7500	11.110	3800	11.100	5600	11.090	1000	11.080	3400	11.150	31500	11.180	7200	11.190	43300	11.200	2900	11.210	800	/16843595//53923004/4795632/11.15/11.28//2008-9-18 13:1:15
809/600048/保利地产/11.120	1100	11.110	5232	11.100	5600	11.090	3000	11.080	3400	11.140	1000	11.150	34800	11.180	4600	11.200	1900	11.210	800	/16843595//54233992/4823600/11.12/11.28//2008-9-18 13:2:16
809/600048/保利地产/11.120	13200	11.110	5932	11.100	38600	11.090	3000	11.080	7000	11.130	5220	11.140	700	11.150	4100	11.180	3600	11.200	1900	/16843595//54355236/4834500/11.12/11.28//2008-9-18 13:3:16
809/600048/保利地产/11.110	10232	11.100	38600	11.090	3000	11.080	7000	11.050	3300	11.120	8600	11.130	5120	11.140	700	11.150	100	11.180	2700	/16843595//54778896/4872600/11.12/11.28//2008-9-18 13:4:17
809/600048/保利地产/11.120	17112	11.110	100	11.090	8500	11.080	7000	11.050	3300	11.130	7400	11.140	400	11.150	100	11.180	2700	11.200	2900	/16843595//55822300/4966520/11.12/11.28//2008-9-18 13:5:17
809/600048/保利地产/11.100	12400	11.090	8500	11.080	7000	11.050	3300	11.040	4000	11.120	12112	11.130	7600	11.140	50300	11.150	100	11.180	2700	/16843595//56104824/4991932/11.1/11.28//2008-9-18 13:6:18
809/600048/保利地产/11.090	8500	11.080	7900	11.050	3300	11.040	4000	11.030	3000	11.100	12400	11.120	16312	11.130	7600	11.140	50400	11.150	100	/16843595//56260248/5005932/11.1/11.28//2008-9-18 13:7:18
809/600048/保利地产/11.100	3400	11.090	6100	11.080	7900	11.050	5300	11.040	4000	11.110	4100	11.120	5300	11.130	8600	11.140	50400	11.150	100	/16843595//56624304/5038732/11.1/11.28//2008-9-18 13:8:19
809/600048/保利地产/11.090	3800	11.080	9500	11.050	5600	11.040	4000	11.030	3000	11.100	912	11.110	5700	11.120	5300	11.130	8600	11.140	50400	/16843595//57118156/5083232/11.09/11.28//2008-9-18 13:9:19
809/600048/保利地产/11.050	1988	11.040	4000	11.030	3000	11.020	3800	11.010	26600	11.090	2000	11.100	26000	11.110	5700	11.120	1000	11.130	6600	/16843595//57662696/5132344/11.09/11.28//2008-9-18 13:10:20
809/600048/保利地产/11.050	20988	11.040	4000	11.030	3000	11.020	6500	11.010	27400	11.090	8600	11.100	11200	11.110	6200	11.120	1000	11.130	5600	/16843595//57973096/5160344/11.05/11.28//2008-9-18 13:11:20
809/600048/保利地产/11.020	7500	11.010	30500	11.000	117800	10.990	1500	10.980	4400	11.030	8500	11.040	800	11.050	3362	11.090	10200	11.100	64100	/16843595//58728440/5228732/11.03/11.28//2008-9-18 13:12:21
809/600048/保利地产/10.990	5200	10.980	4400	10.970	6100	10.960	1000	10.950	18000	11.000	84400	11.010	1000	11.030	9300	11.040	3400	11.050	3262	/16843595//60767664/5414032/11.0/11.28//2008-9-18 13:13:21
809/600048/保利地产/10.980	6200	10.960	200	10.950	18300	10.940	4000	10.930	4000	10.990	4300	11.000	81154	11.010	1000	11.030	1400	11.040	3100	/16843595//61193948/5452832/10.98/11.28//2008-9-18 13:14:22
809/600048/保利地产/10.920	5800	10.910	63900	10.900	76100	10.890	5200	10.880	17200	10.930	56600	10.980	45300	10.990	9300	11.000	94854	11.010	1000	/16843595//61950400/5521832/10.93/11.28//2008-9-18 13:15:22
809/600048/保利地产/10.920	5700	10.910	63900	10.900	77200	10.890	5200	10.880	17300	10.930	800	10.950	6500	10.960	5000	10.970	13500	10.980	43800	/16843595//62335012/5557032/10.93/11.28//2008-9-18 13:16:23
809/600048/保利地产/10.910	100	10.900	53100	10.890	5300	10.880	18000	10.870	800	10.960	5000	10.970	13500	10.980	43800	10.990	14300	11.000	89754	/16843595//63714680/5683432/10.9/11.28//2008-9-18 13:17:23
809/600048/保利地产/10.960	200	10.950	4500	10.910	21600	10.900	39300	10.890	5300	10.970	11300	10.980	43800	10.990	13500	11.000	89754	11.030	1400	/16843595//64842560/5786632/10.97/11.28//2008-9-18 13:18:24
809/600048/保利地产/10.900	6600	10.890	5300	10.880	17100	10.870	800	10.860	5300	10.960	2600	10.970	6800	10.980	44700	10.990	13500	11.000	88654	/16843595//65733272/5868232/10.9/11.28//2008-9-18 13:19:24
809/600048/保利地产/10.950	4700	10.930	500	10.910	300	10.900	20189	10.890	5100	10.960	300	10.970	8800	10.980	43800	10.990	13500	11.000	88754	/16843595//65934920/5886643/10.96/11.28//2008-9-18 13:20:25
809/600048/保利地产/10.960	2500	10.950	4111	10.930	500	10.910	7200	10.900	47689	10.970	6000	10.980	43800	10.990	8500	11.000	92354	11.030	1400	/16843595//66167076/5907832/10.97/11.28//2008-9-18 13:21:25
809/600048/保利地产/10.980	1200	10.970	16946	10.960	24300	10.950	4111	10.930	500	11.000	100	11.030	1400	11.040	500	11.050	1300	11.090	10100	/16843595//68850448/6151986/10.97/11.28//2008-9-18 13:22:26
809/600048/保利地产/11.090	18700	11.050	2400	11.040	600	11.030	19900	11.010	12700	11.100	11500	11.120	1400	11.130	5800	11.140	400	11.150	1800	/16843595//68564768/6125886/11.09/11.28//2008-9-18 13:23:26
809/600048/保利地产/11.130	1100	11.120	500	11.100	5400	11.090	13300	11.050	700	11.150	800	11.160	2500	11.180	2200	11.200	800	11.210	800	/16843595//69123008/6176186/11.15/11.28//2008-9-18 13:24:27
809/600048/保利地产/11.100	8500	11.090	4700	11.060	1000	11.050	12900	11.040	900	11.160	300	11.180	1200	11.200	800	11.210	800	11.220	31600	/16843595//69731184/6230986/11.16/11.28//2008-9-18 13:25:27
809/600048/保利地产/11.220	3600	11.160	2000	11.150	7200	11.140	5000	11.130	5000	11.230	3000	11.250	1000	11.260	500	11.270	16929	11.280	1000	/16843595//70704296/6318086/11.22/11.28//2008-9-18 13:26:28
809/600048/保利地产/11.220	3871	11.130	6900	11.120	24500	11.110	8100	11.100	12500	11.230	4500	11.260	900	11.280	2000	11.290	3400	11.300	46200	/16843595//71727832/6409315/11.23/11.28//2008-9-18 13:27:28
809/600048/保利地产/11.150	32100	11.130	7500	11.120	8471	11.110	10000	11.100	9300	11.220	16700	11.230	4800	11.250	1100	11.260	1300	11.280	2000	/16843595//72291592/6459815/11.22/11.28//2008-9-18 13:28:29
809/600048/保利地产/11.130	3500	11.100	3271	11.090	6500	11.080	5000	11.070	5000	11.150	74400	11.190	100	11.200	9500	11.210	10500	11.220	18500	/16843595//73170144/6538715/11.13/11.28//2008-9-18 13:29:29
809/600048/保利地产/11.100	2971	11.090	12800	11.080	5000	11.070	5000	11.060	5000	11.140	200	11.150	74600	11.190	100	11.200	9000	11.210	10500	/16843595//73716824/6587915/11.1/11.28//2008-9-18 13:30:30
809/600048/保利地产/11.190	1200	11.150	20400	11.140	2000	11.100	43300	11.080	5000	11.200	9000	11.210	10500	11.220	15900	11.230	4500	11.240	2000	/16843595//75137352/6715515/11.19/11.28//2008-9-18 13:31:30
809/600048/保利地产/11.200	2700	11.180	1500	11.160	2200	11.110	9900	11.100	8500	11.230	100	11.240	2000	11.250	7400	11.260	400	11.280	600	/16843595//77479360/6925415/11.23/11.28//2008-9-18 13:32:31
809/600048/保利地产/11.320	200	11.300	15900	11.250	10700	11.240	11000	11.230	1000	11.330	2200	11.340	9700	11.350	7804	11.380	100	11.400	31500	/16843595//78850072/7046915/11.33/11.28//2008-9-18 13:33:31
809/600048/保利地产/11.350	57400	11.340	5200	11.330	5500	11.320	1800	11.310	600	11.380	100	11.390	500	11.400	20804	11.410	3600	11.430	3500	/16843595//78842216/7046015/11.35/11.28//2008-9-18 13:34:32
809/600048/保利地产/11.410	2500	11.400	14096	11.380	1500	11.350	3500	11.340	4200	11.420	76856	11.450	7700	11.460	5500	11.470	5850	11.480	3700	/16843595//80812480/7218719/11.42/11.28//2008-9-18 13:35:32
809/600048/保利地产/11.400	8046	11.360	1000	11.350	3500	11.340	4200	11.320	300	11.410	15200	11.420	81356	11.450	1800	11.460	500	11.470	5850	/16843595//81561016/7284369/11.4/11.28//2008-9-18 13:36:33
809/600048/保利地产/11.360	1200	11.340	4000	11.320	300	11.310	2200	11.300	153000	11.400	10254	11.410	3500	11.420	81356	11.450	2000	11.460	600	/16843595//82355784/7354115/11.4/11.28//2008-9-18 13:37:34
809/600048/保利地产/11.390	19500	11.350	19800	11.310	2000	11.300	145756	11.250	6800	11.400	8554	11.410	5200	11.420	81556	11.450	2000	11.460	600	/16843595//83130088/7422359/11.39/11.28//2008-9-18 13:38:34
809/600048/保利地产/11.400	3646	11.390	2200	11.350	22700	11.320	32100	11.310	2000	11.410	8000	11.420	81556	11.450	2200	11.460	600	11.470	5850	/16843595//83775784/7479013/11.41/11.28//2008-9-18 13:39:35
809/600048/保利地产/11.390	500	11.350	22800	11.320	32100	11.310	2500	11.300	146956	11.400	12854	11.410	2600	11.420	57756	11.430	5000	11.450	2700	/16843595//84312640/7526059/11.4/11.28//2008-9-18 13:40:35
809/600048/保利地产/11.360	21700	11.350	19400	11.320	32100	11.310	2000	11.300	146956	11.390	20400	11.400	24654	11.410	3200	11.420	62156	11.430	5000	/16843595//84531312/7545259/11.39/11.28//2008-9-18 13:41:36
809/600048/保利地产/11.380	600	11.360	3800	11.350	18000	11.310	2000	11.300	147156	11.390	100	11.400	4304	11.410	2000	11.420	61356	11.430	5000	/16843595//85651872/7643759/11.38/11.28//2008-9-18 13:42:36
809/600048/保利地产/11.450	10400	11.420	6544	11.410	2000	11.400	36696	11.390	200	11.460	3800	11.470	5850	11.480	7800	11.490	7100	11.500	82500	/16843595//86544472/7721919/11.46/11.28//2008-9-18 13:43:37
809/600048/保利地产/11.490	4400	11.480	1900	11.460	16700	11.450	1700	11.420	3300	11.500	60000	11.510	4600	11.520	600	11.530	8000	11.540	10475	/16843595//87223632/7781069/11.5/11.28//2008-9-18 13:44:37
809/600048/保利地产/11.560	1000	11.550	3025	11.530	1000	11.520	1300	11.510	3500	11.570	13425	11.580	10900	11.590	13500	11.600	48900	11.610	5800	/16843595//88566408/7897644/11.55/11.28//2008-9-18 13:45:38
809/600048/保利地产/11.600	33780	11.590	200	11.580	600	11.570	6075	11.560	11700	11.620	500	11.630	8300	11.640	3900	11.650	11200	11.660	1300	/16843595//90506944/8064989/11.6/11.28//2008-9-18 13:46:39
809/600048/保利地产/11.620	17450	11.610	200	11.600	21380	11.590	200	11.570	5375	11.630	10890	11.640	4000	11.650	10900	11.660	1300	11.670	5800	/16843595//91085736/8114839/11.62/11.28//2008-9-18 13:47:39
809/600048/保利地产/11.630	18860	11.620	17200	11.610	8100	11.600	5000	11.590	200	11.640	5000	11.650	11400	11.660	2300	11.670	5800	11.680	61000	/16843595//91508848/8151229/11.63/11.28//2008-9-18 13:48:40
809/600048/保利地产/11.630	400	11.620	1260	11.610	5900	11.600	4300	11.570	2075	11.640	4000	11.650	12100	11.660	2700	11.670	7600	11.680	61000	/16843595//92629976/8247629/11.63/11.28//2008-9-18 13:49:40
809/600048/保利地产/11.510	100	11.500	17700	11.490	26100	11.480	800	11.460	3400	11.600	36300	11.610	27000	11.620	19360	11.630	53900	11.640	3300	/16843595//93222704/8298689/11.6/11.28//2008-9-18 13:50:41
809/600048/保利地产/11.490	25500	11.460	2400	11.450	100	11.400	2000	11.390	200	11.500	12200	11.510	3000	11.550	500	11.580	11100	11.590	13600	/16843595//93471288/8320289/11.49/11.28//2008-9-18 13:51:41
809/600048/保利地产/11.460	400	11.450	500	11.410	1000	11.400	7300	11.390	200	11.480	1400	11.490	55200	11.500	24500	11.510	1200	11.550	1000	/16843595//93787288/8347789/11.49/11.28//2008-9-18 13:52:42
809/600048/保利地产/11.410	17100	11.400	7300	11.390	200	11.380	800	11.350	20200	11.450	8100	11.460	1000	11.480	2000	11.490	35000	11.500	24000	/16843595//93907336/8358289/11.41/11.28//2008-9-18 13:53:42
809/600048/保利地产/11.390	200	11.380	800	11.360	21800	11.350	20200	11.310	1000	11.400	9200	11.410	6000	11.420	3000	11.450	26700	11.480	1300	/16843595//94328456/8395189/11.4/11.28//2008-9-18 13:54:43
809/600048/保利地产/11.360	2000	11.350	20700	11.310	2000	11.300	39756	11.270	300	11.380	200	11.390	1000	11.400	8700	11.410	3500	11.420	2100	/16843595//94789000/8435689/11.36/11.28//2008-9-18 13:55:44
809/600048/保利地产/11.400	93700	11.390	2600	11.380	3500	11.370	2200	11.360	2900	11.410	2100	11.420	2100	11.450	15300	11.470	1000	11.480	1000	/16843595//94851864/8441189/11.4/11.28//2008-9-18 13:56:44
809/600048/保利地产/11.420	5000	11.410	7400	11.400	95300	11.390	5500	11.380	4100	11.450	4600	11.460	50000	11.480	2200	11.490	32500	11.500	15900	/16843595//94904384/8445789/11.45/11.28//2008-9-18 13:57:45
809/600048/保利地产/11.420	6100	11.410	6200	11.400	96400	11.390	4700	11.380	800	11.450	3800	11.460	44200	11.480	1000	11.490	12500	11.500	15500	/16843595//95069288/8460189/11.45/11.28//2008-9-18 13:58:45
809/600048/保利地产/11.420	2500	11.410	3200	11.400	96400	11.390	3900	11.380	800	11.460	40100	11.480	1000	11.490	12500	11.500	14800	11.510	500	/16843595//95212392/8472689/11.46/11.28//2008-9-18 13:59:46
809/600048/保利地产/11.410	1900	11.400	96600	11.390	3900	11.380	800	11.370	3700	11.420	100	11.450	3200	11.460	36800	11.480	4700	11.490	12500	/16843595//95372552/8486689/11.41/11.28//2008-9-18 14:0:47
809/600048/保利地产/11.400	100400	11.390	3900	11.380	800	11.370	3700	11.360	2200	11.410	1200	11.420	500	11.440	5400	11.450	3070	11.460	36800	/16843595//95487848/8496789/11.41/11.28//2008-9-18 14:1:47
809/600048/保利地产/11.400	78000	11.390	3900	11.380	1200	11.370	2700	11.360	2200	11.420	3300	11.440	1200	11.450	33470	11.460	36900	11.480	4700	/16843595//95850488/8528589/11.4/11.28//2008-9-18 14:2:48
809/600048/保利地产/11.400	32700	11.390	3900	11.380	1200	11.370	2700	11.360	2200	11.420	1200	11.440	4800	11.450	36370	11.460	36800	11.480	4600	/16843595//96402312/8576989/11.4/11.28//2008-9-18 14:3:48
809/600048/保利地产/11.400	14000	11.390	3900	11.380	1200	11.370	2700	11.360	2200	11.420	2900	11.430	8181	11.440	5000	11.450	35300	11.460	36800	/16843595//96736480/8606289/11.42/11.28//2008-9-18 14:4:49
809/600048/保利地产/11.400	200	11.390	3900	11.380	1200	11.370	2700	11.360	2200	11.430	2581	11.440	5300	11.450	35300	11.460	36800	11.480	4600	/16843595//97203080/8647189/11.4/11.28//2008-9-18 14:5:50
809/600048/保利地产/11.460	900	11.440	4400	11.430	4600	11.420	1600	11.400	21400	11.490	9300	11.500	10450	11.510	500	11.520	2500	11.530	200	/16843595//98253328/8738870/11.49/11.28//2008-9-18 14:6:50
809/600048/保利地产/11.450	2100	11.440	5500	11.430	1600	11.420	1600	11.400	22300	11.490	300	11.500	10650	11.510	500	11.520	2500	11.530	200	/16843595//98935304/8798370/11.49/11.28//2008-9-18 14:7:51
809/600048/保利地产/11.440	200	11.430	1600	11.420	1600	11.400	3900	11.390	4900	11.450	2400	11.500	1550	11.510	500	11.520	2500	11.530	200	/16843595//99655952/8861270/11.45/11.28//2008-9-18 14:8:51
809/600048/保利地产/11.450	57100	11.440	200	11.430	1000	11.410	500	11.400	3900	11.500	22850	11.510	500	11.520	2500	11.530	10000	11.540	2400	/16843595//99812216/8874870/11.5/11.28//2008-9-18 14:9:52
809/600048/保利地产/11.460	1100	11.450	9900	11.440	200	11.430	1000	11.420	200	11.500	16950	11.510	500	11.520	2500	11.530	10000	11.540	2400	/16843595//100845984/8965070/11.5/11.28//2008-9-18 14:10:53
809/600048/保利地产/11.500	42050	11.470	1700	11.460	2000	11.450	7700	11.440	200	11.510	500	11.520	2500	11.530	10000	11.540	2400	11.550	11000	/16843595//101055768/8983320/11.5/11.28//2008-9-18 14:11:53
809/600048/保利地产/11.510	15600	11.500	21750	11.470	1800	11.460	2000	11.450	10900	11.520	4800	11.530	3800	11.540	2400	11.550	11000	11.580	5600	/16843595//102163592/9079620/11.53/11.28//2008-9-18 14:12:54
809/600048/保利地产/11.530	91700	11.520	7000	11.510	5300	11.500	21750	11.470	5600	11.540	1300	11.550	17500	11.580	5600	11.590	5000	11.600	51600	/16843595//102344496/9095320/11.54/11.28//2008-9-18 14:13:55
809/600048/保利地产/11.550	66000	11.540	5900	11.530	5500	11.520	2700	11.510	5200	11.580	5600	11.590	2500	11.600	52300	11.610	11900	11.620	2960	/16843595//102648240/9121620/11.55/11.28//2008-9-18 14:14:55
809/600048/保利地产/11.650	16641	11.610	21500	11.580	1900	11.550	2700	11.540	1700	11.680	36200	11.690	32154	11.700	23000	11.710	800	11.730	3200	/16843595//104411048/9273279/11.65/11.28//2008-9-18 14:15:56
809/600048/保利地产/11.700	9246	11.690	1900	11.620	500	11.610	23900	11.580	1700	11.730	300	11.790	2000	11.800	51099	11.830	300	11.840	400	/16843595//106330584/9437033/11.73/11.28//2008-9-18 14:16:56
809/600048/保利地产/11.840	1851	11.790	6000	11.780	6500	11.760	20600	11.750	5600	11.850	19400	11.860	1000	11.880	1000	11.890	4000	11.900	15400	/16843595//107893512/9569603/11.84/11.28//2008-9-18 14:17:57
809/600048/保利地产/11.850	7500	11.840	700	11.810	400	11.800	6700	11.790	55100	11.880	100	11.890	1800	11.900	17700	11.920	100	11.930	4330	/16843595//108607176/9629803/11.88/11.28//2008-9-18 14:18:58
809/600048/保利地产/11.900	13300	11.880	4650	11.860	8000	11.850	2500	11.840	200	11.930	500	11.950	25830	11.960	12800	11.980	14400	11.990	25890	/16843595//110023912/9748853/11.9/11.28//2008-9-18 14:19:58
809/600048/保利地产/11.950	3600	11.940	3250	11.910	7400	11.900	130500	11.850	1700	11.960	5170	11.980	14100	11.990	30690	12.000	85842	12.010	10500	/16843595//110810472/9814703/11.95/11.28//2008-9-18 14:20:59
809/600048/保利地产/11.940	5150	11.910	5000	11.900	130300	11.880	60500	11.850	1700	11.950	11570	11.980	1500	11.990	22490	12.000	84542	12.010	10500	/16843595//111637848/9883803/11.95/11.28//2008-9-18 14:22:0
809/600048/保利地产/11.920	6500	11.910	17080	11.900	120600	11.880	60500	11.850	700	11.930	114200	11.950	1753	11.960	1000	11.980	2100	11.990	1200	/16843595//115126496/10175273/11.93/11.28//2008-9-18 14:23:0
809/600048/保利地产/11.900	79780	11.880	50500	11.850	700	11.840	200	11.800	5200	11.910	2200	11.920	900	11.930	87600	11.950	100	11.980	14300	/16843595//116211840/10266373/11.9/11.28//2008-9-18 14:24:1
809/600048/保利地产/11.920	6100	11.910	10000	11.900	70080	11.880	500	11.850	700	11.930	84900	11.950	50100	11.970	1000	11.980	14600	11.990	2100	/16843595//116565688/10296073/11.92/11.28//2008-9-18 14:25:2
809/600048/保利地产/11.840	300	11.810	50500	11.800	201600	11.760	500	11.750	1500	11.880	5600	11.890	3100	11.900	4800	11.920	101900	11.930	73820	/16843595//119093064/10508353/11.88/11.28//2008-9-18 14:26:2
809/600048/保利地产/11.810	15900	11.800	6300	11.760	500	11.750	1500	11.710	50100	11.820	5000	11.840	48500	11.850	900	11.870	4000	11.880	10500	/16843595//119534784/10545753/11.81/11.28//2008-9-18 14:27:3
809/600048/保利地产/11.800	3450	11.760	500	11.750	1700	11.720	1000	11.710	51100	11.810	22200	11.820	10400	11.840	46200	11.850	900	11.880	4400	/16843595//120109160/10594403/11.8/11.28//2008-9-18 14:28:4
809/600048/保利地产/11.720	3400	11.710	51100	11.700	1700	11.680	7000	11.600	2100	11.750	1100	11.760	11000	11.780	1200	11.800	20950	11.810	15100	/16843595//120196960/10601853/11.75/11.28//2008-9-18 14:29:4
809/600048/保利地产/11.750	25200	11.720	3300	11.710	51100	11.700	1200	11.680	5000	11.760	5600	11.780	200	11.790	3000	11.800	29750	11.810	8900	/16843595//120556560/10632453/11.75/11.28//2008-9-18 14:30:5
809/600048/保利地产/11.720	6800	11.710	51100	11.700	1200	11.680	5100	11.600	5100	11.750	2600	11.760	13390	11.780	200	11.790	3300	11.800	29850	/16843595//0/0/11.75/11.28//2008-9-18 14:31:6
809/600048/保利地产/11.800	11240	11.780	5000	11.770	1000	11.760	21100	11.750	5900	11.810	7600	11.820	8500	11.840	8400	11.850	1300	11.880	4400	/16843595//121541816/10716113/11.8/11.28//2008-9-18 14:32:6
809/600048/保利地产/11.820	2500	11.800	5420	11.790	10500	11.780	5000	11.770	3000	11.840	7100	11.850	2300	11.880	7700	11.890	3500	11.900	28300	/16843595//121832648/10740733/11.84/11.28//2008-9-18 14:33:7
809/600048/保利地产/11.840	500	11.820	2400	11.800	3720	11.790	10500	11.780	3500	11.870	50	11.880	19320	11.890	3500	11.900	29300	11.920	1500	/16843595//122169032/10769133/11.88/11.28//2008-9-18 14:34:8
809/600048/保利地产/11.810	17600	11.800	11320	11.790	11500	11.780	3500	11.770	4000	11.820	9200	11.840	1500	11.870	3200	11.880	13570	11.890	4500	/16843595//122883024/10829533/11.82/11.28//2008-9-18 14:35:8
809/600048/保利地产/11.830	2200	11.820	22200	11.810	10300	11.800	10520	11.790	11500	11.850	300	11.860	700	11.870	3200	11.880	14470	11.890	4500	/16843595//123393664/10872733/11.83/11.28//2008-9-18 14:36:9
809/600048/保利地产/11.850	5000	11.840	4800	11.830	1000	11.820	21800	11.810	10300	11.860	300	11.870	1200	11.880	14770	11.890	6700	11.900	40000	/16843595//123643656/10893833/11.85/11.28//2008-9-18 14:37:10
809/600048/保利地产/11.840	1000	11.830	1000	11.820	21700	11.810	10300	11.800	9900	11.850	23490	11.860	600	11.870	1900	11.880	14770	11.890	7500	/16843595//123866424/10912633/11.84/11.28//2008-9-18 14:38:10
809/600048/保利地产/11.810	6010	11.800	10100	11.790	11500	11.770	4000	11.760	18300	11.820	1400	11.830	7620	11.840	24499	11.850	34950	11.860	12000	/16843595//124189344/10939923/11.81/11.28//2008-9-18 14:39:11
809/600048/保利地产/11.790	1500	11.770	4000	11.760	18300	11.750	2000	11.720	7700	11.800	22160	11.810	12090	11.830	11600	11.840	17019	11.850	37050	/16843595//124596480/10974373/11.8/11.28//2008-9-18 14:40:12
809/600048/保利地产/11.710	29500	11.700	7200	11.680	6700	11.660	400	11.610	50000	11.730	1500	11.750	1000	11.760	5100	11.780	8000	11.790	12700	/16843595//125340200/11037733/11.71/11.28//2008-9-18 14:41:12
809/600048/保利地产/11.710	10600	11.700	7100	11.680	6700	11.660	400	11.620	4000	11.720	4500	11.760	3600	11.780	8500	11.790	16100	11.800	17260	/16843595//125751648/11072833/11.72/11.28//2008-9-18 14:42:13
809/600048/保利地产/11.750	200	11.720	4099	11.710	9800	11.700	15100	11.690	8000	11.760	2300	11.770	100	11.780	8500	11.790	16100	11.800	18060	/16843595//126021336/11095834/11.75/11.28//2008-9-18 14:43:14
809/600048/保利地产/11.750	46700	11.730	300	11.720	10999	11.710	9800	11.700	15500	11.770	100	11.780	1500	11.790	16100	11.800	19760	11.810	3690	/16843595//126497080/11136334/11.75/11.28//2008-9-18 14:44:14
809/600048/保利地产/11.800	4440	11.780	100	11.770	10000	11.760	18300	11.750	56700	11.810	3890	11.820	3200	11.830	13600	11.840	17319	11.850	82850	/16843595//127135744/11190494/11.8/11.28//2008-9-18 14:45:15
809/600048/保利地产/11.800	34940	11.760	11500	11.750	57700	11.740	10000	11.730	10300	11.810	3690	11.820	14200	11.830	13600	11.840	18919	11.850	83950	/16843595//127657584/11234794/11.8/11.28//2008-9-18 14:46:16
809/600048/保利地产/11.760	3341	11.750	11100	11.740	10000	11.730	10000	11.720	25299	11.790	200	11.800	8900	11.810	6440	11.820	14700	11.830	14600	/16843595//128168888/11278152/11.76/11.28//2008-9-18 14:47:16
809/600048/保利地产/11.860	900	11.850	56587	11.800	300	11.760	1141	11.750	11300	11.880	12370	11.890	5300	11.900	32600	11.920	400	11.930	75820	/16843595//131494248/11558906/11.85/11.28//2008-9-18 14:48:17
809/600048/保利地产/11.830	9900	11.820	10000	11.810	10000	11.800	11200	11.790	10000	11.840	40900	11.850	15283	11.860	4000	11.880	6000	11.890	9700	/16843595//133480488/11726393/11.83/11.28//2008-9-18 14:49:18
809/600048/保利地产/11.810	6000	11.800	11200	11.790	10000	11.780	10000	11.770	10000	11.830	26800	11.840	28300	11.850	19683	11.860	4000	11.880	7500	/16843595//134042152/11773893/11.81/11.28//2008-9-18 14:50:18
809/600048/保利地产/11.790	8400	11.780	10000	11.770	10000	11.760	12541	11.750	10500	11.800	23300	11.810	17700	11.820	15800	11.830	27200	11.840	27000	/16843595//134257936/11792193/11.8/11.28//2008-9-18 14:51:19
809/600048/保利地产/11.780	9400	11.770	10000	11.760	12541	11.750	11000	11.740	10000	11.790	56999	11.800	300	11.810	15600	11.820	16300	11.830	27200	/16843595//135018864/11856693/11.79/11.28//2008-9-18 14:52:20
809/600048/保利地产/11.760	12541	11.750	10800	11.740	10000	11.730	10000	11.720	25299	11.770	31320	11.780	500	11.790	60299	11.800	2800	11.810	15600	/16843595//135670176/11911993/11.77/11.28//2008-9-18 14:53:21
809/600048/保利地产/11.770	3800	11.750	2421	11.740	10500	11.730	10900	11.720	25299	11.780	2150	11.790	65499	11.800	6500	11.810	18600	11.820	12800	/16843595//136379792/11972313/11.77/11.28//2008-9-18 14:54:21
809/600048/保利地产/11.780	1000	11.770	3630	11.760	1100	11.750	3521	11.740	11500	11.790	65199	11.800	9800	11.810	18600	11.820	12800	11.830	26200	/16843595//136581936/11989483/11.79/11.28//2008-9-18 14:55:22
809/600048/保利地产/11.770	11080	11.760	1100	11.750	15521	11.740	10500	11.730	11200	11.780	3400	11.790	75199	11.800	12700	11.810	18200	11.820	13800	/16843595//136778032/12006133/11.77/11.28//2008-9-18 14:56:23
809/600048/保利地产/11.770	3382	11.760	1100	11.750	15521	11.740	10500	11.730	11200	11.780	200	11.850	3800	11.860	10000	11.880	6800	11.890	7200	/16843595//139351104/12224031/11.77/11.28//2008-9-18 14:57:23
809/600048/保利地产/11.920	3100	11.910	8000	11.900	7700	11.890	8000	11.880	8000	11.940	2000	11.950	318900	11.970	1101	11.980	36170	11.990	15700	/16843595//140604336/12329571/11.92/11.28//2008-9-18 14:58:24
809/600048/保利地产/11.940	3900	11.930	1000	11.920	100	11.910	45700	11.900	47700	11.950	306200	11.970	901	11.980	36470	11.990	17700	12.000	157599	/16843595//141375664/12394171/11.94/11.28//2008-9-18 14:59:25
809/600048/保利地产/11.930	17100	11.920	20000	11.910	45200	11.900	47700	11.890	8000	11.940	5300	11.950	270447	11.970	901	11.980	37470	11.990	18500	/16843595//142658336/12501571/11.94/11.28//2008-9-18 15:0:26
809/600048/保利地产/11.930	17100	11.920	20000	11.910	45200	11.900	47700	11.890	8000	11.940	5300	11.950	270447	11.970	901	11.980	37470	11.990	18500	/16843595//142658336/12501571/11.94/11.28//2008-9-18 15:1:26
809/600048/保利地产/11.930	17100	11.920	20000	11.910	45200	11.900	47700	11.890	8000	11.940	5300	11.950	270447	11.970	901	11.980	37470	11.990	18500	/16843595//142658336/12501571/11.94/11.28//2008-9-18 15:2:27
