703/600031/三一重工/13.550	18900	13.540	400	13.520	1800	13.510	24100	13.500	32000	13.600	8630	13.630	200	13.650	9850	13.660	25850	13.690	1800	/16843488//1520635/111700/13.55/13.91//2008-9-18 9:31:34
703/600031/三一重工/13.610	400	13.560	1600	13.550	10713	13.540	400	13.530	600	13.650	530	13.660	16930	13.690	1300	13.700	39150	13.710	10000	/16843488//2402741/176587/13.6/13.91//2008-9-18 9:32:35
703/600031/三一重工/13.570	200	13.560	7900	13.550	11813	13.540	400	13.530	600	13.590	300	13.600	15800	13.610	300	13.650	1330	13.660	15930	/16843488//2659824/195487/13.6/13.91//2008-9-18 9:33:35
703/600031/三一重工/13.540	600	13.530	500	13.520	3900	13.510	23200	13.500	43600	13.550	590406	13.590	250	13.600	10200	13.650	3880	13.660	15930	/16843488//3164573/232687/13.55/13.91//2008-9-18 9:34:35
703/600031/三一重工/13.480	2000	13.470	700	13.460	1600	13.450	2600	13.410	5400	13.500	7900	13.510	1700	13.520	2100	13.530	2300	13.540	71350	/16843488//4539152/334387/13.5/13.91//2008-9-18 9:35:35
703/600031/三一重工/13.360	2000	13.350	2400	13.330	1500	13.320	3000	13.310	5500	13.380	30	13.400	25850	13.410	1000	13.420	1000	13.430	2700	/16843488//6134414/452987/13.38/13.91//2008-9-18 9:36:36
703/600031/三一重工/13.380	3600	13.370	100	13.360	1100	13.350	600	13.330	200	13.400	100	13.450	1200	13.490	1200	13.500	22050	13.510	31800	/16843488//8648274/639987/13.4/13.91//2008-9-18 9:37:36
703/600031/三一重工/13.410	200	13.380	2350	13.370	200	13.360	1000	13.350	3200	13.500	650	13.510	1100	13.520	800	13.530	1000	13.540	13100	/16843488//10015026/741737/13.5/13.91//2008-9-18 9:38:36
703/600031/三一重工/13.400	35700	13.380	6550	13.370	200	13.360	1300	13.350	3600	13.480	10000	13.550	16056	13.560	6900	13.580	1100	13.590	550	/16843488//11169935/827237/13.4/13.91//2008-9-18 9:39:36
703/600031/三一重工/13.500	9700	13.480	15000	13.460	500	13.450	9600	13.420	1400	13.510	21800	13.540	3700	13.550	23856	13.560	6900	13.580	1100	/16843488//12141602/899137/13.5/13.91//2008-9-18 9:40:36
703/600031/三一重工/13.450	2200	13.420	1400	13.410	13200	13.400	33600	13.380	4400	13.480	5900	13.500	34000	13.510	1700	13.540	4300	13.550	24056	/16843488//12810597/948737/13.48/13.91//2008-9-18 9:41:37
703/600031/三一重工/13.480	1200	13.450	6000	13.420	9700	13.410	19400	13.400	45400	13.500	22000	13.510	1700	13.540	1300	13.550	24056	13.560	6900	/16843488//13068027/967837/13.5/13.91//2008-9-18 9:42:37
703/600031/三一重工/13.480	5200	13.470	200	13.460	500	13.450	6400	13.430	1900	13.500	5300	13.540	1300	13.550	19056	13.560	6900	13.580	1100	/16843488//13406476/992937/13.5/13.91//2008-9-18 9:43:37
703/600031/三一重工/13.520	100	13.510	2100	13.500	10700	13.490	10100	13.480	4400	13.540	16000	13.550	9256	13.560	6900	13.580	1100	13.590	250	/16843488//14187276/1050737/13.55/13.91//2008-9-18 9:44:37
703/600031/三一重工/13.530	600	13.520	500	13.510	1000	13.500	6150	13.490	2700	13.540	7600	13.550	9256	13.560	6900	13.580	1100	13.590	250	/16843488//14534034/1076387/13.54/13.91//2008-9-18 9:45:37
703/600031/三一重工/13.520	500	13.500	7750	13.480	6700	13.470	200	13.460	1500	13.530	1506	13.540	25000	13.550	35056	13.560	6900	13.580	1100	/16843488//15147532/1121787/13.52/13.91//2008-9-18 9:46:38
703/600031/三一重工/13.510	800	13.500	31650	13.490	100	13.480	7800	13.470	200	13.520	4500	13.530	3306	13.540	25000	13.550	35556	13.560	6900	/16843488//15270596/1130887/13.52/13.91//2008-9-18 9:47:38
703/600031/三一重工/13.500	23700	13.490	100	13.480	17800	13.470	200	13.460	2200	13.510	6700	13.530	2606	13.540	20100	13.550	35556	13.560	6900	/16843488//15590083/1154537/13.51/13.91//2008-9-18 9:48:38
703/600031/三一重工/13.510	2100	13.500	21380	13.490	100	13.480	17800	13.470	200	13.550	35356	13.560	3900	13.580	1100	13.590	250	13.600	44400	/16843488//16077821/1190657/13.55/13.91//2008-9-18 9:49:39
703/600031/三一重工/13.510	5900	13.500	3500	13.490	200	13.480	17300	13.470	200	13.540	1850	13.550	83156	13.560	3900	13.580	1100	13.590	250	/16843488//16159049/1196657/13.54/13.91//2008-9-18 9:50:39
703/600031/三一重工/13.480	17400	13.470	200	13.460	2200	13.450	4600	13.430	400	13.490	1400	13.500	6300	13.520	300	13.530	500	13.540	2850	/16843488//16772051/1242057/13.49/13.91//2008-9-18 9:51:39
703/600031/三一重工/13.420	600	13.410	20200	13.400	39700	13.390	300	13.380	4900	13.450	6900	13.460	3700	13.470	11500	13.480	3500	13.490	33000	/16843488//17267874/1278857/13.45/13.91//2008-9-18 9:52:39
703/600031/三一重工/13.350	6800	13.330	2600	13.320	5900	13.310	7700	13.300	42800	13.360	3500	13.380	4400	13.390	5500	13.400	72200	13.410	18700	/16843488//18254054/1352457/13.35/13.91//2008-9-18 9:53:40
703/600031/三一重工/13.250	8700	13.220	20000	13.210	8100	13.200	13800	13.190	100	13.280	1400	13.290	100	13.310	200	13.320	1400	13.330	3400	/16843488//19928910/1478357/13.28/13.91//2008-9-18 9:54:40
703/600031/三一重工/13.210	3900	13.200	3600	13.190	100	13.180	1400	13.170	500	13.220	10700	13.230	16100	13.250	3400	13.280	7850	13.290	4400	/16843488//20911998/1552657/13.22/13.91//2008-9-18 9:55:40
703/600031/三一重工/13.220	4900	13.210	400	13.200	39600	13.190	3000	13.180	1900	13.250	1900	13.280	4150	13.290	2400	13.300	16600	13.350	1100	/16843488//21811668/1620757/13.22/13.91//2008-9-18 9:56:41
703/600031/三一重工/13.210	5300	13.200	400	13.180	600	13.170	300	13.150	900	13.220	1500	13.250	1800	13.280	4150	13.290	2400	13.300	17900	/16843488//22945658/1706657/13.22/13.91//2008-9-18 9:57:41
703/600031/三一重工/13.250	7500	13.220	7800	13.210	300	13.200	3300	13.180	17100	13.280	1550	13.290	1500	13.300	13900	13.350	1000	13.390	1300	/16843488//23292886/1732857/13.28/13.91//2008-9-18 9:58:41
703/600031/三一重工/13.290	850	13.280	2800	13.270	100	13.260	500	13.250	6100	13.300	13400	13.350	1000	13.390	1300	13.400	23200	13.450	54400	/16843488//23424420/1742757/13.29/13.91//2008-9-18 9:59:41
703/600031/三一重工/13.290	749	13.220	6100	13.210	500	13.200	10600	13.180	22500	13.370	200	13.390	700	13.400	18900	13.440	2000	13.450	55100	/16843488//24002886/1786258/13.26/13.91//2008-9-18 10:0:42
703/600031/三一重工/13.250	500	13.230	2500	13.220	5750	13.210	5000	13.200	12700	13.290	251	13.370	1600	13.390	30200	13.400	20000	13.440	2000	/16843488//24168978/1798757/13.28/13.91//2008-9-18 10:1:42
703/600031/三一重工/13.290	6249	13.280	100	13.250	1500	13.230	7500	13.220	12050	13.300	1400	13.310	400	13.350	52500	13.360	700	13.370	1800	/16843488//24419560/1817608/13.29/13.29//2008-9-18 10:2:42
703/600031/三一重工/13.230	6549	13.220	12050	13.210	5000	13.200	14000	13.180	25100	13.280	1000	13.290	8600	13.300	19400	13.340	300	13.350	27800	/16843488//24932566/1856108/13.29/13.29//2008-9-18 10:3:42
703/600031/三一重工/13.250	15000	13.230	2149	13.220	11050	13.210	5800	13.200	13700	13.270	550	13.280	3400	13.290	7900	13.300	15700	13.340	400	/16843488//25146924/1872308/13.23/13.29//2008-9-18 10:4:43
703/600031/三一重工/13.220	6799	13.210	5800	13.200	12100	13.180	25300	13.170	1800	13.230	3100	13.250	100	13.270	1100	13.280	3400	13.290	7000	/16843488//25491350/1898308/13.23/13.29//2008-9-18 10:5:43
703/600031/三一重工/13.250	3700	13.230	12200	13.220	6799	13.210	6300	13.200	13800	13.270	3800	13.280	3400	13.290	5500	13.300	13300	13.340	400	/16843488//25761240/1918708/13.25/13.29//2008-9-18 10:6:43
703/600031/三一重工/13.230	2850	13.220	8200	13.210	3899	13.200	17800	13.180	22700	13.250	1000	13.270	3800	13.280	3400	13.290	5500	13.300	13300	/16843488//26246102/1955358/13.23/13.29//2008-9-18 10:7:44
703/600031/三一重工/13.250	12600	13.230	9900	13.220	21900	13.210	4199	13.200	14700	13.270	3800	13.280	3400	13.290	5000	13.300	13300	13.340	400	/16843488//26367226/1964508/13.25/13.29//2008-9-18 10:8:44
703/600031/三一重工/13.280	3100	13.270	6500	13.260	1000	13.250	15200	13.230	17200	13.290	200	13.300	8200	13.340	400	13.350	200	13.360	700	/16843488//26660554/1986608/13.28/13.29//2008-9-18 10:9:44
703/600031/三一重工/13.280	4100	13.270	7100	13.260	1000	13.250	11800	13.230	16600	13.290	2100	13.340	400	13.350	200	13.360	700	13.370	400	/16843488//26837566/1999921/13.29/13.29//2008-9-18 10:10:44
703/600031/三一重工/13.350	350	13.310	9200	13.300	15000	13.290	1200	13.280	3400	13.360	700	13.370	700	13.380	600	13.390	1300	13.400	21850	/16843488//26976800/2010371/13.35/13.29//2008-9-18 10:11:45
703/600031/三一重工/13.360	5200	13.350	950	13.320	700	13.310	30900	13.300	14600	13.370	600	13.380	1700	13.390	1700	13.400	20350	13.440	2000	/16843488//27242492/2030271/13.36/13.29//2008-9-18 10:12:45
703/600031/三一重工/13.340	100	13.320	4200	13.310	28700	13.300	15400	13.290	1700	13.350	9050	13.360	4500	13.370	300	13.380	1700	13.390	1100	/16843488//27356710/2038821/13.35/13.29//2008-9-18 10:13:45
703/600031/三一重工/13.310	28900	13.300	14900	13.290	1700	13.280	3100	13.270	6000	13.320	500	13.330	300	13.340	6000	13.350	5550	13.360	5400	/16843488//27530066/2051821/13.32/13.29//2008-9-18 10:14:46
703/600031/三一重工/13.320	7000	13.310	21750	13.300	15300	13.290	1000	13.280	3000	13.340	5000	13.350	4850	13.360	5400	13.370	300	13.380	1600	/16843488//27851672/2075971/13.32/13.29//2008-9-18 10:15:46
703/600031/三一重工/13.310	21750	13.300	15300	13.290	1000	13.280	3100	13.270	6000	13.320	2450	13.350	4850	13.360	5500	13.370	300	13.380	1600	/16843488//28264158/2106921/13.32/13.29//2008-9-18 10:16:46
703/600031/三一重工/13.320	14900	13.310	21700	13.300	15300	13.290	1000	13.280	3100	13.330	2950	13.350	4850	13.360	5500	13.370	300	13.380	1300	/16843488//28322772/2111321/13.33/13.29//2008-9-18 10:17:47
703/600031/三一重工/13.330	3000	13.320	22100	13.310	21800	13.300	15500	13.290	1000	13.350	48000	13.360	5500	13.370	300	13.380	2200	13.390	800	/16843488//28497522/2124421/13.35/13.29//2008-9-18 10:18:47
703/600031/三一重工/13.350	47350	13.340	2500	13.330	3800	13.320	19000	13.310	21800	13.360	3200	13.370	300	13.380	2200	13.390	300	13.400	19183	/16843488//29203078/2177271/13.36/13.29//2008-9-18 10:19:47
703/600031/三一重工/13.410	400	13.400	5517	13.390	600	13.380	2100	13.370	1000	13.450	50000	13.470	49	13.480	1100	13.490	1600	13.500	21150	/16843488//29809434/2222537/13.4/13.29//2008-9-18 10:20:48
703/600031/三一重工/13.400	22617	13.390	800	13.360	23200	13.350	3800	13.330	2600	13.410	1400	13.420	1000	13.430	100	13.440	200	13.450	54600	/16843488//29697198/2214154/13.41/13.29//2008-9-18 10:21:48
703/600031/三一重工/13.410	20300	13.400	3797	13.390	300	13.360	23000	13.350	3800	13.440	200	13.450	60500	13.460	1000	13.470	49	13.480	1100	/16843488//30148016/2247774/13.44/13.29//2008-9-18 10:22:48
703/600031/三一重工/13.410	17863	13.400	3797	13.390	300	13.360	23200	13.350	3400	13.430	4300	13.440	2100	13.450	104398	13.470	49	13.480	1100	/16843488//30245244/2255011/13.41/13.29//2008-9-18 10:23:48
703/600031/三一重工/13.360	22135	13.350	3100	13.340	1000	13.330	1600	13.320	15400	13.410	300	13.430	4300	13.440	4200	13.450	103500	13.470	49	/16843488//30370696/2264373/13.4/13.29//2008-9-18 10:24:49
703/600031/三一重工/13.350	4475	13.330	1600	13.320	15400	13.310	21200	13.300	15000	13.360	2589	13.400	900	13.410	4500	13.430	1700	13.440	4200	/16843488//31182484/2325133/13.36/13.29//2008-9-18 10:25:49
703/600031/三一重工/13.350	4524	13.340	6400	13.330	11600	13.320	15400	13.310	21200	13.410	600	13.430	1700	13.440	4200	13.450	103600	13.470	49	/16843488//31399712/2341384/13.35/13.29//2008-9-18 10:26:49
703/600031/三一重工/13.350	3062	13.340	9800	13.330	11600	13.320	15900	13.310	21300	13.380	800	13.400	1000	13.410	600	13.430	6600	13.440	8500	/16843488//31443270/2344646/13.35/13.29//2008-9-18 10:27:50
703/600031/三一重工/13.350	5300	13.340	8475	13.330	11600	13.320	15900	13.310	21300	13.380	1900	13.400	600	13.410	600	13.430	8600	13.440	8500	/16843488//31556572/2353133/13.35/13.29//2008-9-18 10:28:50
703/600031/三一重工/13.350	2338	13.340	9475	13.330	11600	13.320	15900	13.310	21300	13.380	2500	13.400	600	13.410	600	13.420	600	13.430	8600	/16843488//31694944/2363495/13.35/13.29//2008-9-18 10:29:50
703/600031/三一重工/13.350	22945	13.340	10575	13.330	11600	13.320	15900	13.310	21300	13.380	2700	13.400	600	13.410	600	13.420	600	13.430	8600	/16843488//31737584/2366688/13.35/13.29//2008-9-18 10:30:51
703/600031/三一重工/13.380	2447	13.360	5810	13.350	25745	13.340	7175	13.330	11600	13.400	59600	13.410	600	13.420	600	13.430	8300	13.440	3500	/16843488//31779632/2369831/13.38/13.29//2008-9-18 10:31:51
703/600031/三一重工/13.320	5047	13.310	14687	13.300	14600	13.290	1000	13.280	2000	13.350	2000	13.370	500	13.380	600	13.400	59600	13.410	600	/16843488//32991550/2460674/13.32/13.29//2008-9-18 10:32:51
703/600031/三一重工/13.320	1954	13.310	14687	13.300	14600	13.290	1000	13.280	2000	13.340	500	13.350	4400	13.380	600	13.390	1000	13.400	61600	/16843488//33032748/2463767/13.32/13.29//2008-9-18 10:33:52
703/600031/三一重工/13.300	14447	13.290	1000	13.280	2200	13.260	1200	13.250	3200	13.310	4749	13.320	400	13.350	2400	13.380	600	13.390	1000	/16843488//33266958/2481361/13.3/13.29//2008-9-18 10:34:52
703/600031/三一重工/13.290	947	13.280	7200	13.260	1200	13.250	2800	13.240	1700	13.300	2943	13.310	2849	13.320	100	13.350	2400	13.380	200	/16843488//33522340/2500561/13.29/13.29//2008-9-18 10:35:52
703/600031/三一重工/13.290	4604	13.280	7200	13.260	15200	13.250	2800	13.240	1700	13.300	3343	13.310	2449	13.320	100	13.350	3150	13.380	200	/16843488//33554808/2503004/13.29/13.29//2008-9-18 10:36:53
703/600031/三一重工/13.290	6761	13.280	9300	13.270	500	13.260	15800	13.250	3200	13.300	60643	13.310	2449	13.320	100	13.350	3150	13.380	100	/16843488//33631168/2508747/13.29/13.29//2008-9-18 10:37:53
703/600031/三一重工/13.280	14300	13.270	800	13.260	16000	13.250	3200	13.240	1700	13.290	227	13.300	61343	13.310	2749	13.320	100	13.350	1550	/16843488//33730332/2516208/13.29/13.29//2008-9-18 10:38:53
703/600031/三一重工/13.290	1847	13.280	14410	13.270	5800	13.260	16000	13.250	3200	13.300	54270	13.310	3049	13.320	100	13.340	1200	13.350	2050	/16843488//33770148/2519204/13.29/13.29//2008-9-18 10:39:54
703/600031/三一重工/13.280	9314	13.270	5800	13.260	16000	13.250	3200	13.240	1700	13.290	100	13.300	48970	13.310	2749	13.320	100	13.340	1200	/16843488//33964052/2533794/13.28/13.29//2008-9-18 10:40:54
703/600031/三一重工/13.250	600	13.230	1000	13.220	10314	13.210	12499	13.200	36500	13.270	3353	13.280	7940	13.290	400	13.300	48470	13.310	2749	/16843488//34687840/2588394/13.27/13.29//2008-9-18 10:41:54
703/600031/三一重工/13.250	8157	13.230	1100	13.220	10914	13.210	12999	13.200	37300	13.270	3153	13.280	8240	13.290	400	13.300	48470	13.310	2749	/16843488//34726844/2591337/13.25/13.29//2008-9-18 10:42:55
703/600031/三一重工/13.270	9616	13.260	1800	13.250	10157	13.230	1200	13.220	11114	13.280	3840	13.290	100	13.300	48670	13.310	2749	13.320	100	/16843488//34958880/2608821/13.28/13.29//2008-9-18 10:43:55
703/600031/三一重工/13.180	19097	13.170	5400	13.150	9600	13.130	500	13.120	2600	13.200	36414	13.220	137	13.270	100	13.280	4040	13.290	3000	/16843488//36189224/2701910/13.2/13.29//2008-9-18 10:44:56
703/600031/三一重工/13.160	5700	13.150	10500	13.130	500	13.120	3100	13.110	11900	13.170	2102	13.180	7896	13.200	37714	13.220	137	13.280	4340	/16843488//36606844/2733607/13.16/13.29//2008-9-18 10:45:56
703/600031/三一重工/13.120	4600	13.050	7610	13.020	2600	13.010	28900	13.000	44100	13.150	4700	13.160	15790	13.170	1602	13.180	8396	13.200	39014	/16843488//37449816/2797897/13.1/13.29//2008-9-18 10:46:56
703/600031/三一重工/12.930	1257	12.900	17300	12.890	900	12.880	1100	12.870	400	12.980	2400	12.990	6000	13.000	103890	13.050	2200	13.100	41000	/16843488//38967080/2914550/13.0/13.29//2008-9-18 10:47:57
703/600031/三一重工/12.880	147	12.810	8800	12.800	17800	12.780	300	12.770	500	12.890	7600	12.900	4133	12.920	200	12.930	100	12.960	1150	/16843488//39469864/2953560/12.89/13.29//2008-9-18 10:48:57
703/600031/三一重工/12.850	29907	12.830	2500	12.820	11700	12.810	23757	12.800	20300	12.880	8650	12.890	2000	12.900	6933	12.920	200	12.930	100	/16843488//39855080/2983543/12.85/13.29//2008-9-18 10:49:57
703/600031/三一重工/12.890	2773	12.880	7448	12.860	12225	12.850	21317	12.840	100	12.900	5433	12.920	200	12.960	1050	12.970	12500	12.980	3600	/16843488//40389544/3025087/12.89/13.29//2008-9-18 10:50:58
703/600031/三一重工/12.850	21152	12.840	1300	12.830	10100	12.820	8100	12.810	27857	12.890	3700	12.900	1000	12.920	200	12.960	1950	12.970	12500	/16843488//41294272/3095413/12.89/13.29//2008-9-18 10:51:58
703/600031/三一重工/12.900	1300	12.890	100	12.870	300	12.850	17602	12.840	3300	12.940	8100	12.950	900	12.960	1950	12.970	12500	12.980	3600	/16843488//41784292/3133463/12.89/13.29//2008-9-18 10:52:58
703/600031/三一重工/12.860	3700	12.850	18297	12.840	2700	12.830	1800	12.820	3310	12.900	56047	12.940	150	12.950	900	12.960	2050	12.970	12500	/16843488//43016764/3229358/12.86/13.29//2008-9-18 10:53:59
703/600031/三一重工/12.900	13753	12.890	200	12.880	5397	12.870	2111	12.860	5800	12.940	150	12.960	2350	12.970	12500	12.980	3600	12.990	1300	/16843488//44211264/3322094/12.9/13.29//2008-9-18 10:54:59
703/600031/三一重工/12.940	4400	12.910	1897	12.900	17063	12.890	23800	12.880	5897	12.960	2350	12.970	12500	12.980	3600	12.990	1300	13.000	600	/16843488//44346732/3332587/12.91/13.29//2008-9-18 10:56:0
703/600031/三一重工/12.910	6454	12.900	16463	12.890	23000	12.880	5697	12.870	1611	12.960	300	12.970	11700	12.980	3600	12.990	400	13.000	4700	/16843488//44548016/3348130/12.96/13.29//2008-9-18 10:57:0
703/600031/三一重工/12.920	100	12.910	6754	12.900	16863	12.890	24000	12.880	5697	12.950	2838	12.960	10500	12.970	12000	12.980	3600	12.990	100	/16843488//44680092/3358330/12.95/13.29//2008-9-18 10:58:0
703/600031/三一重工/12.930	31500	12.920	10000	12.910	1700	12.900	8661	12.890	24000	12.950	6100	12.960	10500	12.970	13600	12.980	3600	12.990	100	/16843488//44954528/3379586/12.93/13.29//2008-9-18 10:59:1
703/600031/三一重工/12.940	500	12.930	22581	12.920	10000	12.910	1500	12.900	11761	12.950	7500	12.960	10500	12.970	13600	12.980	3600	12.990	100	/16843488//45111248/3391705/12.95/13.29//2008-9-18 11:0:1
703/600031/三一重工/12.890	4051	12.880	5697	12.870	1611	12.860	3900	12.850	41500	12.900	3900	12.920	6000	12.930	16639	12.940	500	12.950	11000	/16843488//46230872/3478396/12.9/13.29//2008-9-18 11:1:2
703/600031/三一重工/12.860	1000	12.830	406	12.820	13210	12.810	29857	12.800	63800	12.880	3600	12.890	2091	12.920	2900	12.930	16639	12.940	500	/16843488//47147488/3549649/12.89/13.29//2008-9-18 11:2:2
703/600031/三一重工/12.820	416	12.810	31404	12.800	62900	12.780	1300	12.770	3000	12.860	2503	12.880	8400	12.890	2491	12.920	400	12.930	16639	/16843488//47566408/3582302/12.82/13.29//2008-9-18 11:3:2
703/600031/三一重工/12.620	800	12.610	1000	12.600	33000	12.580	108800	12.570	100	12.650	90033	12.770	900	12.800	1953	12.810	500	12.820	1200	/16843488//50394056/3804075/12.65/13.29//2008-9-18 11:4:3
703/600031/三一重工/12.620	200	12.610	6047	12.600	36300	12.590	1000	12.580	109800	12.650	58583	12.700	2201	12.750	5100	12.800	500	12.820	700	/16843488//50938276/3847128/12.65/13.29//2008-9-18 11:5:3
703/600031/三一重工/12.640	1200	12.630	25646	12.620	27594	12.610	15447	12.600	43900	12.650	12583	12.700	100000	12.750	3100	12.800	500	12.820	700	/16843488//51769660/3912888/12.65/13.29//2008-9-18 11:6:4
703/600031/三一重工/12.680	447	12.670	200	12.660	3300	12.650	60964	12.640	8800	12.700	62500	12.750	3100	12.800	500	12.820	700	12.840	400	/16843488//52870940/3999777/12.7/13.29//2008-9-18 11:7:4
703/600031/三一重工/12.750	200	12.700	105	12.640	4500	12.630	28446	12.620	10694	12.800	74500	12.820	700	12.840	300	12.850	200	12.860	300	/16843488//55130452/4177983/12.65/13.29//2008-9-18 11:8:4
703/600031/三一重工/12.720	4847	12.710	300	12.700	21200	12.690	100	12.680	4200	12.790	200	12.800	44948	12.820	700	12.840	300	12.850	200	/16843488//55925680/4240341/12.79/13.29//2008-9-18 11:9:5
703/600031/三一重工/12.710	100	12.700	11394	12.690	847	12.680	4900	12.670	1500	12.720	550	12.790	100	12.800	44448	12.820	200	12.840	300	/16843488//56591492/4292747/12.7/13.29//2008-9-18 11:10:5
703/600031/三一重工/12.720	200	12.710	100	12.700	15847	12.690	1547	12.680	5300	12.780	1953	12.800	45898	12.820	200	12.840	300	12.860	400	/16843488//56689540/4300453/12.72/13.29//2008-9-18 11:11:6
703/600031/三一重工/12.790	300	12.780	500	12.750	9947	12.730	1100	12.720	2747	12.800	20551	12.820	200	12.840	300	12.860	400	12.880	7000	/16843488//57022368/4326459/12.8/13.29//2008-9-18 11:12:6
703/600031/三一重工/12.780	400	12.720	1000	12.700	19297	12.690	1047	12.680	5500	12.790	4153	12.800	20051	12.820	200	12.840	300	12.860	400	/16843488//57547796/4367703/12.7/13.29//2008-9-18 11:13:7
703/600031/三一重工/12.690	100	12.610	14595	12.600	69400	12.590	2600	12.580	114100	12.700	45459	12.710	1000	12.780	300	12.790	5053	12.800	20051	/16843488//58863544/4471639/12.7/13.29//2008-9-18 11:14:7
703/600031/三一重工/12.620	417	12.610	100	12.600	4400	12.590	2900	12.580	114600	12.650	55500	12.700	29817	12.710	1000	12.780	300	12.790	5053	/16843488//60257524/4582217/12.62/13.29//2008-9-18 11:15:7
703/600031/三一重工/12.620	10500	12.610	3000	12.600	10000	12.590	31200	12.580	114600	12.640	13400	12.650	34783	12.700	30017	12.710	1000	12.780	300	/16843488//60674676/4615234/12.64/13.29//2008-9-18 11:16:8
703/600031/三一重工/12.640	15100	12.620	10300	12.610	8200	12.600	18900	12.590	40500	12.650	15683	12.700	30017	12.710	1000	12.780	300	12.790	12153	/16843488//61128640/4651134/12.65/13.29//2008-9-18 11:17:8
703/600031/三一重工/12.610	13400	12.600	22400	12.590	41900	12.580	115000	12.570	3700	12.620	3500	12.700	30017	12.710	1000	12.780	2800	12.790	11653	/16843488//61616644/4689734/12.62/13.29//2008-9-18 11:18:9
703/600031/三一重工/12.630	500	12.620	21500	12.610	15000	12.600	24500	12.590	41400	12.650	1500	12.700	30317	12.780	2800	12.790	11653	12.800	20351	/16843488//61893048/4711634/12.62/13.29//2008-9-18 11:19:9
703/600031/三一重工/12.620	900	12.610	15200	12.600	29300	12.590	33400	12.580	117500	12.700	24917	12.780	2800	12.790	11653	12.800	23151	12.820	200	/16843488//62873316/4789234/12.62/13.29//2008-9-18 11:20:10
703/600031/三一重工/12.610	7200	12.600	42200	12.590	23900	12.580	118000	12.570	4600	12.620	8700	12.650	300	12.680	100	12.700	24717	12.780	2800	/16843488//63261936/4820034/12.62/13.29//2008-9-18 11:21:10
703/600031/三一重工/12.600	38400	12.590	24100	12.580	120500	12.570	7700	12.560	4700	12.620	4300	12.650	900	12.680	5600	12.700	24717	12.780	2800	/16843488//63909044/4871334/12.62/13.29//2008-9-18 11:22:10
703/600031/三一重工/12.590	19100	12.580	120500	12.570	7700	12.560	4700	12.550	24800	12.600	3250	12.620	8100	12.650	8400	12.680	7100	12.700	24717	/16843488//64860716/4946834/12.6/13.29//2008-9-18 11:23:11
703/600031/三一重工/12.590	7800	12.580	50700	12.570	11700	12.560	4700	12.550	25900	12.620	7000	12.640	300	12.650	8200	12.680	7100	12.700	24717	/16843488//66134268/5048034/12.59/13.29//2008-9-18 11:24:11
703/600031/三一重工/12.590	100	12.580	52100	12.570	8200	12.560	6800	12.550	25900	12.600	900	12.620	10900	12.640	300	12.650	8200	12.680	7100	/16843488//66619060/5086534/12.6/13.29//2008-9-18 11:25:12
703/600031/三一重工/12.580	42300	12.570	8700	12.560	6800	12.550	28800	12.540	5600	12.600	3850	12.620	8500	12.640	300	12.650	8200	12.680	5900	/16843488//67106256/5125234/12.58/13.29//2008-9-18 11:26:12
703/600031/三一重工/12.570	8900	12.560	7600	12.550	29900	12.540	5600	12.530	20100	12.580	7500	12.590	600	12.600	2250	12.620	8500	12.640	300	/16843488//67829656/5182734/12.58/13.29//2008-9-18 11:27:13
703/600031/三一重工/12.590	100	12.560	1700	12.550	21800	12.540	4800	12.530	21200	12.600	3050	12.620	7000	12.640	300	12.650	8200	12.680	100	/16843488//68608920/5244734/12.59/13.29//2008-9-18 11:28:13
703/600031/三一重工/12.520	37000	0.000	0	0.000	0	0.000	0	0.000	0	12.590	2300	12.600	7880	12.620	7000	12.640	300	12.650	8200	/16843488//71168504/5449034/12.52/13.29//2008-9-18 11:29:14
703/600031/三一重工/12.530	75800	12.520	53009	0.000	0	0.000	0	0.000	0	12.590	3200	12.600	7780	12.620	7000	12.640	300	12.650	8200	/16843488//71475376/5473525/12.53/13.29//2008-9-18 11:30:14
703/600031/三一重工/12.530	75800	12.520	53009	0.000	0	0.000	0	0.000	0	12.590	3200	12.600	7780	12.620	7000	12.640	300	12.650	8200	/16843488//71475376/5473525/12.53/13.29//2008-9-18 11:31:15
703/600031/三一重工/12.520	104009	0.000	0	0.000	0	0.000	0	0.000	0	12.520	140294	12.530	21900	12.540	300	12.550	500	12.580	1600	/16843488//76178864/5849034/12.52/13.29//2008-9-18 13:1:15
703/600031/三一重工/12.520	104009	0.000	0	0.000	0	0.000	0	0.000	0	12.520	149694	12.530	21900	12.540	300	12.550	500	12.580	1600	/16843488//76275272/5856734/12.52/13.29//2008-9-18 13:2:16
703/600031/三一重工/12.520	104009	0.000	0	0.000	0	0.000	0	0.000	0	12.520	139744	12.530	21900	12.540	300	12.550	500	12.580	1600	/16843488//76540696/5877934/12.52/13.29//2008-9-18 13:3:16
703/600031/三一重工/12.520	104009	0.000	0	0.000	0	0.000	0	0.000	0	12.520	118244	12.530	41917	12.540	300	12.550	500	12.580	1600	/16843488//76876232/5904734/12.52/13.29//2008-9-18 13:4:17
703/600031/三一重工/12.520	104009	0.000	0	0.000	0	0.000	0	0.000	0	12.520	69844	12.530	40917	12.540	300	12.550	1000	12.580	1600	/16843488//77306920/5939134/12.52/13.29//2008-9-18 13:5:17
703/600031/三一重工/12.520	104009	0.000	0	0.000	0	0.000	0	0.000	0	12.520	31244	12.530	40917	12.540	300	12.550	1000	12.580	1600	/16843488//77815232/5979734/12.52/13.29//2008-9-18 13:6:18
703/600031/三一重工/12.520	23856	0.000	0	0.000	0	0.000	0	0.000	0	12.530	40417	12.540	300	12.550	1000	12.580	1600	12.590	6450	/16843488//78207656/6011078/12.52/13.29//2008-9-18 13:7:18
703/600031/三一重工/12.520	28256	0.000	0	0.000	0	0.000	0	0.000	0	12.530	9017	12.540	300	12.550	1000	12.580	1600	12.590	6450	/16843488//78624864/6044378/12.53/13.29//2008-9-18 13:8:19
703/600031/三一重工/12.540	4400	12.530	17300	12.520	36539	0.000	0	0.000	0	12.550	1000	12.580	1600	12.590	6450	12.600	850	12.650	7600	/16843488//78831808/6060895/12.54/13.29//2008-9-18 13:9:19
703/600031/三一重工/12.560	1000	12.540	10100	12.530	10200	12.520	47939	0.000	0	12.580	1600	12.590	6250	12.600	1750	12.650	7600	12.700	650	/16843488//79075000/6080295/12.54/13.29//2008-9-18 13:10:20
703/600031/三一重工/12.550	1650	12.540	3200	12.530	9600	12.520	66439	0.000	0	12.580	400	12.590	6100	12.600	1750	12.650	8600	12.700	1150	/16843488//79129648/6084645/12.55/13.29//2008-9-18 13:11:20
703/600031/三一重工/12.520	61789	0.000	0	0.000	0	0.000	0	0.000	0	12.530	30450	12.550	1100	12.580	2000	12.590	6100	12.600	2750	/16843488//79620912/6123845/12.52/13.29//2008-9-18 13:12:21
703/600031/三一重工/12.520	58189	0.000	0	0.000	0	0.000	0	0.000	0	12.580	300	12.590	6100	12.600	2750	12.650	8600	12.700	1150	/16843488//80125624/6164145/12.52/13.29//2008-9-18 13:13:21
703/600031/三一重工/12.520	2939	0.000	0	0.000	0	0.000	0	0.000	0	12.520	111	12.530	14467	12.570	2300	12.580	1850	12.590	6100	/16843488//81045736/6237634/12.52/13.29//2008-9-18 13:14:22
703/600031/三一重工/12.520	2589	0.000	0	0.000	0	0.000	0	0.000	0	12.520	4261	12.530	6200	12.570	2300	12.580	3350	12.590	6100	/16843488//81468912/6271434/12.52/13.29//2008-9-18 13:15:22
703/600031/三一重工/12.520	1919	0.000	0	0.000	0	0.000	0	0.000	0	12.520	26281	12.530	6200	12.550	100	12.570	100	12.580	2900	/16843488//81664224/6287034/12.52/13.29//2008-9-18 13:16:23
703/600031/三一重工/12.520	1919	0.000	0	0.000	0	0.000	0	0.000	0	12.520	19131	12.530	6200	12.550	200	12.570	100	12.580	2900	/16843488//81790672/6297134/12.52/13.29//2008-9-18 13:17:23
703/600031/三一重工/12.520	1919	0.000	0	0.000	0	0.000	0	0.000	0	12.520	7981	12.530	6200	12.550	200	12.570	100	12.580	2900	/16843488//81980976/6312334/12.52/13.29//2008-9-18 13:18:24
703/600031/三一重工/12.520	38319	0.000	0	0.000	0	0.000	0	0.000	0	12.530	5800	12.550	200	12.570	100	12.580	2900	12.590	6100	/16843488//82158528/6326515/12.53/13.29//2008-9-18 13:19:24
703/600031/三一重工/12.530	300	12.520	2700	0.000	0	0.000	0	0.000	0	12.520	2400	12.550	200	12.570	100	12.580	2900	12.590	6100	/16843488//82708864/6370465/12.52/13.29//2008-9-18 13:20:25
703/600031/三一重工/12.520	600	0.000	0	0.000	0	0.000	0	0.000	0	12.550	200	12.570	100	12.580	2900	12.590	6100	12.600	2450	/16843488//82989312/6392865/12.52/13.29//2008-9-18 13:21:25
703/600031/三一重工/12.550	1200	12.530	3000	12.520	25300	0.000	0	0.000	0	12.580	2500	12.590	6100	12.600	8450	12.650	7600	12.690	500	/16843488//83228568/6411965/12.55/13.29//2008-9-18 13:22:26
703/600031/三一重工/12.650	150	12.600	500	12.590	1200	12.580	8610	12.570	1400	12.690	500	12.700	1150	12.710	1200	12.750	200	12.780	9700	/16843488//83475024/6431505/12.65/13.29//2008-9-18 13:23:26
703/600031/三一重工/12.720	400	12.710	1100	12.700	5750	12.690	400	12.650	150	12.750	200	12.780	9700	12.790	11153	12.800	19601	12.820	1100	/16843488//83509960/6434255/12.72/13.29//2008-9-18 13:24:27
703/600031/三一重工/12.760	1600	12.750	4100	12.730	4800	12.720	1100	12.710	2900	12.790	10753	12.800	19001	12.820	1100	12.850	3000	12.860	300	/16843488//83710464/6449955/12.79/13.29//2008-9-18 13:25:27
703/600031/三一重工/12.740	600	12.730	3000	12.720	500	12.710	1900	12.700	5950	12.760	2800	12.780	400	12.790	10953	12.800	18901	12.820	1100	/16843488//84049728/6476555/12.76/13.29//2008-9-18 13:26:28
703/600031/三一重工/12.730	4500	12.720	500	12.710	1300	12.700	6550	12.690	200	12.740	43176	12.780	13632	12.790	3553	12.800	18901	12.820	1100	/16843488//84455360/6508355/12.74/13.29//2008-9-18 13:27:28
703/600031/三一重工/12.710	1400	12.700	8750	12.690	2000	12.680	1300	12.650	150	12.730	100	12.740	20076	12.760	1000	12.780	1200	12.790	7103	/16843488//84860400/6540155/12.73/13.29//2008-9-18 13:28:29
703/600031/三一重工/12.730	2200	12.710	5600	12.700	8350	12.690	2000	12.680	1300	12.740	16826	12.750	200	12.780	1200	12.790	6453	12.800	19301	/16843488//85009368/6551855/12.73/13.29//2008-9-18 13:29:29
703/600031/三一重工/12.710	6600	12.700	8550	12.690	2000	12.650	150	12.610	200	12.730	3764	12.740	18076	12.750	200	12.780	700	12.790	5153	/16843488//85075560/6557055/12.73/13.29//2008-9-18 13:30:30
703/600031/三一重工/12.720	12800	12.710	5100	12.700	8750	12.690	2000	12.650	1250	12.730	2864	12.740	32676	12.750	200	12.780	700	12.790	5353	/16843488//85137896/6561955/12.72/13.29//2008-9-18 13:31:30
703/600031/三一重工/12.730	936	12.720	2433	12.710	6600	12.700	9050	12.690	2000	12.740	30576	12.750	200	12.780	700	12.790	5353	12.800	19601	/16843488//85352024/6578786/12.74/13.29//2008-9-18 13:32:31
703/600031/三一重工/12.790	2400	12.760	500	12.750	3800	12.740	15174	12.730	8836	12.800	8254	12.820	1100	12.860	300	12.880	7200	12.890	800	/16843488//85980080/6628012/12.8/13.29//2008-9-18 13:33:31
703/600031/三一重工/12.820	200	12.810	200	12.800	25746	12.790	700	12.770	400	12.860	2500	12.880	7200	12.890	800	12.900	500	12.920	200	/16843488//86099832/6637366/12.82/13.29//2008-9-18 13:34:32
703/600031/三一重工/12.900	4900	12.890	4200	12.880	19590	12.870	2500	12.860	9500	12.910	800	12.920	400	12.930	1044	12.940	500	12.950	4200	/16843488//86277560/6651176/12.9/13.29//2008-9-18 13:35:32
703/600031/三一重工/12.930	7256	12.920	5854	12.910	17000	12.900	12900	12.890	6300	12.950	2600	12.960	1800	12.970	13300	12.980	4900	12.990	5500	/16843488//86378272/6658966/12.93/13.29//2008-9-18 13:36:33
703/600031/三一重工/12.970	100	12.960	3400	12.950	10900	12.940	2500	12.930	10756	12.980	3600	12.990	5500	13.000	10190	13.050	300	13.060	550	/16843488//86768456/6689066/12.98/13.29//2008-9-18 13:37:34
703/600031/三一重工/12.970	1000	12.960	1354	12.950	9700	12.940	1000	12.930	9256	12.980	581	12.990	6200	13.000	11290	13.050	300	13.090	1300	/16843488//87082928/6713312/12.98/13.29//2008-9-18 13:38:34
703/600031/三一重工/12.950	7700	12.940	1000	12.930	8156	12.920	1200	12.910	1200	12.960	3446	12.980	4000	12.990	4681	13.000	11190	13.050	300	/16843488//87262656/6727166/12.96/13.29//2008-9-18 13:39:35
703/600031/三一重工/12.930	5600	12.920	1200	12.910	1000	12.900	14400	12.890	2200	12.950	8146	12.960	2646	12.970	800	12.980	4900	12.990	5981	/16843488//87381792/6736366/12.95/13.29//2008-9-18 13:40:35
703/600031/三一重工/12.910	500	12.900	15400	12.890	2100	12.880	8000	12.870	1000	12.920	200	12.930	2000	12.950	4809	12.960	946	12.970	1450	/16843488//87681784/6759566/12.91/13.29//2008-9-18 13:41:36
703/600031/三一重工/12.910	700	12.900	12500	12.890	2100	12.880	7400	12.870	1000	12.920	3246	12.950	2496	12.960	946	12.970	1450	12.980	4900	/16843488//87842080/6771966/12.92/13.29//2008-9-18 13:42:36
703/600031/三一重工/12.970	1400	12.950	200	12.920	5000	12.910	7013	12.900	11900	12.980	4300	12.990	6981	13.000	14440	13.050	400	13.080	400	/16843488//88035160/6786895/12.96/13.29//2008-9-18 13:43:37
703/600031/三一重工/13.000	1939	12.990	3350	12.980	34454	12.970	5500	12.960	500	13.050	400	13.080	400	13.090	1850	13.100	1500	13.150	600	/16843488//88481952/6821302/13.0/13.29//2008-9-18 13:44:37
703/600031/三一重工/13.150	12100	13.100	6850	13.090	2100	13.080	600	13.060	500	13.160	6700	13.170	500	13.180	12100	13.190	300	13.200	2890	/16843488//88614976/6831451/13.15/13.29//2008-9-18 13:45:38
703/600031/三一重工/13.180	22500	13.170	20032	13.160	17854	13.150	7800	13.100	14650	13.200	490	13.230	200	13.280	200	13.290	400	13.300	8300	/16843488//88952440/6857065/13.18/13.29//2008-9-18 13:46:39
703/600031/三一重工/13.320	8500	13.310	1700	13.300	20610	13.280	300	13.250	6200	13.330	11700	13.340	1200	13.350	1750	13.370	400	13.380	500	/16843488//89351504/6887055/13.32/13.29//2008-9-18 13:47:39
703/600031/三一重工/13.370	1750	13.340	2800	13.310	1100	13.300	25710	13.280	100	13.380	600	13.390	2300	13.400	3800	13.410	200	13.420	4999	/16843488//89968104/6933305/13.37/13.29//2008-9-18 13:48:40
703/600031/三一重工/13.350	28100	13.340	5450	13.330	200	13.310	1100	13.300	20400	13.370	1000	13.380	300	13.390	1100	13.400	3800	13.410	500	/16843488//90243344/6953905/13.35/13.29//2008-9-18 13:49:40
703/600031/三一重工/13.350	8000	13.340	4450	13.330	200	13.310	600	13.300	20100	13.380	24080	13.390	1800	13.400	5700	13.410	700	13.420	4999	/16843488//90868824/7000705/13.35/13.29//2008-9-18 13:50:41
703/600031/三一重工/13.300	20100	13.280	100	13.230	100	13.200	25200	13.180	1400	13.310	2500	13.330	300	13.340	21630	13.350	22400	13.370	5000	/16843488//91125736/7019955/13.31/13.29//2008-9-18 13:51:41
703/600031/三一重工/13.200	22100	13.180	1400	13.160	900	13.150	2100	13.100	1900	13.250	1100	13.260	500	13.270	300	13.280	7600	13.290	3300	/16843488//91371560/7038455/13.2/13.29//2008-9-18 13:52:42
703/600031/三一重工/13.180	1400	13.160	1900	13.150	2100	13.110	2000	13.100	1300	13.190	100	13.200	18799	13.220	100	13.230	1100	13.250	3100	/16843488//91689688/7062555/13.2/13.29//2008-9-18 13:53:42
703/600031/三一重工/13.110	1500	13.100	300	13.050	1200	13.010	900	13.000	19600	13.160	9600	13.170	7000	13.180	6672	13.190	1300	13.200	15299	/16843488//91783064/7069655/13.11/13.29//2008-9-18 13:54:43
703/600031/三一重工/13.120	550	13.020	100	13.010	2500	13.000	16100	12.980	13754	13.150	1500	13.160	7500	13.170	100	13.180	3925	13.190	1300	/16843488//91891096/7077905/13.12/13.29//2008-9-18 13:55:44
703/600031/三一重工/13.120	850	13.050	1000	13.030	700	13.020	8620	13.010	10200	13.130	100	13.150	1000	13.160	700	13.170	100	13.180	2025	/16843488//91936672/7081385/13.12/13.29//2008-9-18 13:56:44
703/600031/三一重工/13.160	800	13.150	4800	13.140	300	13.130	200	13.120	5350	13.170	100	13.180	2025	13.190	600	13.200	9649	13.250	1000	/16843488//91997096/7085985/13.16/13.29//2008-9-18 13:57:45
703/600031/三一重工/13.260	500	13.200	24146	13.170	4100	13.160	2600	13.150	5900	13.280	1150	13.290	2800	13.300	20822	13.310	22700	13.320	200	/16843488//92195928/7101039/13.26/13.29//2008-9-18 13:58:45
703/600031/三一重工/13.280	5050	13.250	100	13.220	1000	13.210	4600	13.200	900	13.290	3700	13.300	18022	13.310	21200	13.320	200	13.340	4900	/16843488//92248376/7104989/13.28/13.29//2008-9-18 13:59:46
703/600031/三一重工/13.250	490	13.210	1700	13.200	800	13.180	300	13.160	2400	13.280	2300	13.290	1000	13.300	6222	13.310	21200	13.320	200	/16843488//92596760/7131199/13.25/13.29//2008-9-18 14:0:47
703/600031/三一重工/13.180	100	13.160	2400	13.150	100	13.140	300	13.130	2100	13.200	1100	13.210	800	13.250	4960	13.280	2100	13.290	1800	/16843488//92644224/7134789/13.18/13.29//2008-9-18 14:1:47
703/600031/三一重工/13.130	820	13.120	6350	13.110	100	13.100	4100	13.060	300	13.150	600	13.160	8325	13.170	1000	13.180	14000	13.190	100	/16843488//92678128/7137369/13.13/13.29//2008-9-18 14:2:48
703/600031/三一重工/13.120	1170	13.110	100	13.100	4200	13.060	300	13.050	300	13.150	1800	13.160	4825	13.170	1000	13.180	12250	13.190	10100	/16843488//92804112/7146969/13.12/13.29//2008-9-18 14:3:48
703/600031/三一重工/13.010	5300	13.000	21500	12.980	12954	12.970	500	12.950	2400	13.100	2600	13.110	18030	13.120	1200	13.130	500	13.140	400	/16843488//92887744/7153359/13.1/13.29//2008-9-18 14:4:49
703/600031/三一重工/13.060	370	13.050	500	13.020	2400	13.010	6500	13.000	24800	13.100	400	13.110	17900	13.120	1200	13.130	500	13.160	3925	/16843488//93026928/7163989/13.06/13.29//2008-9-18 14:5:50
703/600031/三一重工/13.100	2400	13.060	190	13.050	2500	13.030	600	13.020	2500	13.110	8800	13.120	700	13.130	500	13.160	3725	13.170	1000	/16843488//93291368/7184169/13.1/13.29//2008-9-18 14:6:50
703/600031/三一重工/13.130	1900	13.110	12500	13.100	1000	13.070	2500	13.060	7190	13.180	275	13.190	10100	13.240	200	13.250	1700	13.280	1800	/16843488//93620800/7209269/13.18/13.29//2008-9-18 14:7:51
703/600031/三一重工/13.170	3000	13.160	1000	13.150	1000	13.140	1200	13.130	2500	13.190	6375	13.240	200	13.250	1100	13.280	1800	13.290	300	/16843488//93708840/7215949/13.19/13.29//2008-9-18 14:8:51
703/600031/三一重工/13.250	400	13.240	3000	13.210	3300	13.200	1400	13.190	3000	13.280	1100	13.300	9422	13.310	1000	13.320	1200	13.330	100	/16843488//93807896/7223449/13.25/13.29//2008-9-18 14:9:52
703/600031/三一重工/13.250	1520	13.240	3100	13.210	3300	13.200	2200	13.190	2000	13.270	500	13.280	700	13.300	6122	13.310	1000	13.320	1200	/16843488//93997464/7237729/13.27/13.29//2008-9-18 14:10:53
703/600031/三一重工/13.310	11928	13.280	500	13.250	1420	13.240	100	13.200	2200	13.320	1100	13.330	450	13.340	600	13.350	4200	13.360	1000	/16843488//94314952/7261601/13.31/13.29//2008-9-18 14:11:53
703/600031/三一重工/13.350	1200	13.320	11400	13.310	13348	13.300	4100	13.280	1500	13.360	1000	13.370	2300	13.380	1847	13.390	1600	13.400	11450	/16843488//94571888/7280881/13.35/13.29//2008-9-18 14:12:54
703/600031/三一重工/13.350	18653	13.330	1700	13.320	9400	13.310	12248	13.300	4100	13.370	2300	13.380	1900	13.390	1800	13.400	12950	13.410	800	/16843488//94656640/7287228/13.35/13.29//2008-9-18 14:13:55
703/600031/三一重工/13.370	600	13.360	20200	13.350	17173	13.330	1700	13.320	9400	13.380	2900	13.390	2900	13.400	12950	13.410	600	13.420	4999	/16843488//94851416/7301808/13.37/13.29//2008-9-18 14:14:55
703/600031/三一重工/13.390	5700	13.380	34400	13.370	200	13.360	20500	13.350	20873	13.400	12050	13.410	600	13.420	5099	13.430	1100	13.450	48300	/16843488//95152392/7324308/13.4/13.29//2008-9-18 14:15:56
703/600031/三一重工/13.420	3850	13.410	6200	13.400	7100	13.390	8100	13.380	5000	13.430	300	13.450	9699	13.460	100	13.470	49	13.480	1300	/16843488//96073464/7392888/13.43/13.29//2008-9-18 14:16:56
703/600031/三一重工/13.490	43351	13.470	1000	13.460	2000	13.450	9901	13.440	50000	13.500	21790	13.510	9000	13.520	5700	13.540	3800	13.550	40456	/16843488//97950008/7532236/13.49/13.29//2008-9-18 14:17:57
703/600031/三一重工/13.500	24210	13.490	42821	13.470	2900	13.460	2000	13.450	9101	13.510	3900	13.520	4700	13.540	3800	13.550	41356	13.560	2000	/16843488//98312128/7559056/13.51/13.29//2008-9-18 14:18:58
703/600031/三一重工/13.540	9600	13.520	5400	13.510	23100	13.500	10410	13.490	42821	13.550	2256	13.560	2000	13.580	400	13.590	650	13.600	62700	/16843488//99020376/7611356/13.55/13.29//2008-9-18 14:19:58
703/600031/三一重工/13.590	14500	13.580	17600	13.570	21600	13.560	2020	13.550	11044	13.600	41050	13.650	10176	13.660	930	13.680	7849	13.690	500	/16843488//99461112/7643792/13.6/13.29//2008-9-18 14:20:59
703/600031/三一重工/13.670	770	13.650	19724	13.620	3000	13.610	21500	13.600	33950	13.680	7449	13.690	500	13.700	15400	13.710	10000	13.720	600	/16843488//100714608/7735948/13.68/13.29//2008-9-18 14:22:0
703/600031/三一重工/13.690	5400	13.680	10951	13.670	1200	13.650	4020	13.620	3000	13.700	12300	13.710	10000	13.720	500	13.750	22000	13.770	100	/16843488//101297152/7778577/13.69/13.29//2008-9-18 14:23:0
703/600031/三一重工/13.700	12100	13.690	18100	13.680	17751	13.670	3200	13.650	1820	13.750	22700	13.760	100	13.770	100	13.780	1250	13.790	201	/16843488//102255880/7848527/13.75/13.29//2008-9-18 14:24:1
703/600031/三一重工/13.730	4700	13.720	8000	13.710	6420	13.700	6800	13.690	5600	13.750	23810	13.770	400	13.780	1250	13.790	201	13.800	16890	/16843488//102843432/7891307/13.73/13.29//2008-9-18 14:25:2
703/600031/三一重工/13.690	3970	13.680	10951	13.670	2000	13.650	1820	13.620	3000	13.730	6013	13.740	5900	13.750	16010	13.770	400	13.780	1250	/16843488//104357912/8001657/13.69/13.29//2008-9-18 14:26:2
703/600031/三一重工/13.650	320	13.620	3000	13.610	100	13.600	23550	13.590	100	13.660	900	13.670	2689	13.680	55100	13.690	1900	13.700	24700	/16843488//104644056/8022578/13.65/13.29//2008-9-18 14:27:3
703/600031/三一重工/13.600	4957	13.590	100	13.580	3000	13.570	400	13.560	2520	13.610	3000	13.620	8400	13.630	1100	13.650	1000	13.660	3650	/16843488//105246176/8066796/13.6/13.29//2008-9-18 14:28:4
703/600031/三一重工/13.550	4100	13.540	2400	13.520	4000	13.510	300	13.500	56810	13.560	480	13.580	6000	13.590	700	13.600	38593	13.610	4900	/16843488//105381480/8076753/13.56/13.29//2008-9-18 14:29:4
703/600031/三一重工/13.560	4000	13.550	2600	13.520	4000	13.510	700	13.500	57710	13.580	10500	13.590	300	13.600	34943	13.610	3100	13.620	7500	/16843488//106118664/8131153/13.56/13.29//2008-9-18 14:30:5
703/600031/三一重工/13.550	1300	13.520	13720	13.510	700	13.500	8410	13.470	1900	13.560	3800	13.580	12900	13.590	800	13.600	33243	13.610	1900	/16843488//106360992/8149033/13.56/13.29//2008-9-18 14:31:6
703/600031/三一重工/13.520	1620	13.510	1000	13.500	7810	13.470	1900	13.460	2000	13.530	100	13.560	4600	13.580	11400	13.590	1100	13.600	32543	/16843488//106651920/8170533/13.53/13.29//2008-9-18 14:32:6
703/600031/三一重工/13.550	1600	13.530	25151	13.520	3040	13.510	1800	13.500	7810	13.560	8300	13.570	500	13.580	10600	13.590	1100	13.600	32943	/16843488//106912408/8189762/13.55/13.29//2008-9-18 14:33:7
703/600031/三一重工/13.570	3400	13.560	8875	13.550	9600	13.540	3300	13.530	23651	13.580	4600	13.590	1100	13.600	33443	13.610	1400	13.620	8200	/16843488//107273464/8216387/13.58/13.29//2008-9-18 14:34:8
703/600031/三一重工/13.600	26157	13.590	2700	13.580	9350	13.570	6900	13.560	3375	13.610	1400	13.620	8200	13.630	100	13.650	1600	13.660	1150	/16843488//108108880/8277860/13.6/13.29//2008-9-18 14:35:8
703/600031/三一重工/13.590	5800	13.580	8350	13.570	3600	13.560	2900	13.550	3800	13.600	4543	13.610	100	13.620	5500	13.630	100	13.650	2500	/16843488//108766752/8326217/13.6/13.29//2008-9-18 14:36:9
703/600031/三一重工/13.580	11100	13.570	1800	13.560	2600	13.550	3300	13.540	3500	13.590	6080	13.600	10150	13.610	13543	13.620	5900	13.630	100	/16843488//109347376/8368917/13.58/13.29//2008-9-18 14:37:10
703/600031/三一重工/13.540	200	13.520	700	13.510	2300	13.500	8210	13.470	1900	13.550	6300	13.570	3600	13.580	14015	13.590	7280	13.600	19550	/16843488//109608008/8388117/13.55/13.29//2008-9-18 14:38:10
703/600031/三一重工/13.520	10920	13.510	1800	13.500	8310	13.470	1900	13.460	2000	13.530	9180	13.540	5400	13.550	24300	13.560	5001	13.570	1800	/16843488//109970736/8414897/13.52/13.29//2008-9-18 14:39:11
703/600031/三一重工/13.500	6010	13.480	400	13.470	1900	13.460	2000	13.450	5000	13.510	1300	13.520	8581	13.530	14480	13.540	15500	13.550	24300	/16843488//110219688/8433317/13.5/13.29//2008-9-18 14:40:12
703/600031/三一重工/13.470	11500	13.460	2000	13.410	1050	13.400	3600	13.390	1100	13.480	4200	13.490	3900	13.500	35970	13.510	1900	13.520	10081	/16843488//110571936/8459427/13.47/13.29//2008-9-18 14:41:12
703/600031/三一重工/13.410	1950	13.400	3900	13.390	1100	13.360	2300	13.350	8500	13.450	1000	13.460	4600	13.470	1550	13.480	400	13.490	4900	/16843488//110853496/8480327/13.46/13.29//2008-9-18 14:42:13
703/600031/三一重工/13.390	1200	13.360	2300	13.350	8600	13.330	700	13.320	2000	13.400	9500	13.410	7090	13.450	500	13.460	6200	13.470	1450	/16843488//110973480/8489277/13.4/13.29//2008-9-18 14:43:14
703/600031/三一重工/13.370	1720	13.360	2400	13.350	8600	13.340	1000	13.330	700	13.390	900	13.400	700	13.410	5690	13.450	500	13.460	6200	/16843488//111245176/8509557/13.39/13.29//2008-9-18 14:44:14
703/600031/三一重工/13.380	3000	13.370	2210	13.360	2400	13.350	9600	13.340	1000	13.400	1800	13.410	5680	13.420	200	13.450	700	13.460	5100	/16843488//111363144/8518367/13.4/13.29//2008-9-18 14:45:15
703/600031/三一重工/13.360	1820	13.350	9600	13.340	1000	13.330	700	13.320	2000	13.370	1340	13.380	6700	13.390	10100	13.400	4000	13.410	5680	/16843488//111490064/8527857/13.36/13.29//2008-9-18 14:46:16
703/600031/三一重工/13.280	1100	13.260	500	13.250	620	13.240	100	13.210	300	13.300	200	13.350	22231	13.360	21700	13.370	5200	13.380	5000	/16843488//112149640/8577377/13.3/13.29//2008-9-18 14:47:16
703/600031/三一重工/13.260	220	13.250	520	13.240	100	13.210	300	13.200	4200	13.280	7640	13.300	150	13.340	7800	13.350	26931	13.360	22400	/16843488//112060312/8570657/13.26/13.29//2008-9-18 14:48:17
703/600031/三一重工/13.180	1000	13.170	200	13.160	200	13.150	200	13.130	2000	13.200	1800	13.240	3200	13.250	23683	13.260	2680	13.280	6000	/16843488//112179832/8579697/13.2/13.29//2008-9-18 14:49:18
703/600031/三一重工/13.160	100	13.130	1020	13.120	200	13.110	2100	13.100	9800	13.180	7590	13.190	600	13.200	13700	13.240	3900	13.250	12783	/16843488//112251992/8585177/13.13/13.29//2008-9-18 14:50:18
703/600031/三一重工/13.080	1300	13.070	1500	13.060	590	13.020	300	13.010	8900	13.100	4280	13.130	20100	13.140	500	13.150	1200	13.170	700	/16843488//112569672/8609397/13.1/13.29//2008-9-18 14:51:19
703/600031/三一重工/13.100	7020	13.080	300	13.070	1500	13.060	590	13.050	1000	13.110	1650	13.120	100	13.130	20100	13.140	500	13.150	1400	/16843488//112793424/8626477/13.11/13.29//2008-9-18 14:52:20
703/600031/三一重工/13.130	12900	13.120	4700	13.110	3600	13.100	12690	13.080	3500	13.180	1300	13.190	2600	13.200	12600	13.240	2700	13.250	13133	/16843488//113279424/8663507/13.13/13.29//2008-9-18 14:53:21
703/600031/三一重工/13.190	5196	13.180	5900	13.160	400	13.150	2000	13.130	12700	13.200	12600	13.240	2700	13.250	16133	13.260	2200	13.280	600	/16843488//113555736/8684511/13.19/13.29//2008-9-18 14:54:21
703/600031/三一重工/13.190	1300	13.180	7000	13.160	300	13.150	2100	13.140	500	13.200	2384	13.220	200	13.240	2700	13.250	16133	13.260	2200	/16843488//113878936/8709007/13.2/13.29//2008-9-18 14:55:22
703/600031/三一重工/13.210	300	13.200	7300	13.190	927	13.180	4800	13.160	200	13.220	1200	13.240	3200	13.250	17333	13.260	2200	13.280	300	/16843488//113997384/8717980/13.21/13.29//2008-9-18 14:56:23
703/600031/三一重工/13.240	1800	13.230	100	13.220	300	13.210	800	13.200	16300	13.250	4133	13.260	2200	13.280	300	13.300	1900	13.310	400	/16843488//114331032/8743180/13.24/13.29//2008-9-18 14:57:23
703/600031/三一重工/13.240	4500	13.230	500	13.110	1527	13.100	18990	13.090	6100	13.250	5400	13.260	3933	13.270	1000	13.280	5330	13.300	7400	/16843488//115195440/8808680/13.25/13.29//2008-9-18 14:58:24
703/600031/三一重工/13.120	1800	13.110	1000	13.100	15917	13.090	6100	13.080	2800	13.240	8500	13.250	9050	13.260	11233	13.270	1000	13.280	5330	/16843488//115691456/8846280/13.24/13.29//2008-9-18 14:59:25
703/600031/三一重工/13.180	800	13.150	600	13.130	1500	13.120	2400	13.110	3800	13.220	9000	13.230	6200	13.240	8400	13.250	8250	13.260	11233	/16843488//115769424/8852180/13.22/13.29//2008-9-18 15:0:26
703/600031/三一重工/13.180	800	13.150	600	13.130	1500	13.120	2400	13.110	3800	13.220	9000	13.230	6200	13.240	8400	13.250	8250	13.260	11233	/16843488//115769424/8852180/13.22/13.29//2008-9-18 15:1:26
703/600031/三一重工/13.180	800	13.150	600	13.130	1500	13.120	2400	13.110	3800	13.220	9000	13.230	6200	13.240	8400	13.250	8250	13.260	11233	/16843488//115769424/8852180/13.22/13.29//2008-9-18 15:2:27
