4/600005/武钢股份/6.530	700	6.520	2000	6.510	24500	6.500	26700	6.490	1200	6.550	136200	6.580	1800	6.590	5300	6.600	132600	6.610	5000	/16842757//3992852/609460/6.55/6.76//2008-9-18 9:31:34
4/600005/武钢股份/6.590	600	6.550	63500	6.540	5300	6.530	9400	6.520	40200	6.600	109200	6.610	5000	6.640	300	6.650	4300	6.660	900	/16842757//5421929/827460/6.6/6.76//2008-9-18 9:32:35
4/600005/武钢股份/6.600	4214	6.590	2300	6.580	2000	6.560	9500	6.550	79300	6.610	5000	6.630	2000	6.640	300	6.650	6300	6.660	1650	/16842757//6535994/996446/6.6/6.76//2008-9-18 9:33:35
4/600005/武钢股份/6.580	2100	6.570	4200	6.560	18100	6.550	82600	6.540	4700	6.590	7300	6.600	11486	6.620	1400	6.630	2000	6.640	16900	/16842757//6918605/1054460/6.59/6.76//2008-9-18 9:34:35
4/600005/武钢股份/6.560	2000	6.550	20863	6.540	2100	6.530	11300	6.520	14900	6.570	32458	6.580	4000	6.590	74900	6.600	57486	6.620	4500	/16842757//7927676/1208297/6.56/6.76//2008-9-18 9:35:35
4/600005/武钢股份/6.540	400	6.530	11500	6.520	13700	6.510	81600	6.500	89800	6.550	34437	6.560	36100	6.570	44458	6.580	2100	6.590	70600	/16842757//8699999/1326160/6.55/6.76//2008-9-18 9:36:36
4/600005/武钢股份/6.540	2200	6.530	16100	6.520	15000	6.510	84500	6.500	105100	6.550	29437	6.560	56000	6.570	44458	6.580	2400	6.590	69500	/16842757//8853709/1349660/6.54/6.76//2008-9-18 9:37:36
4/600005/武钢股份/6.530	20000	6.520	68600	6.510	92400	6.500	121400	6.490	4200	6.540	33300	6.550	24937	6.560	56000	6.570	44458	6.580	2400	/16842757//9334001/1423060/6.54/6.76//2008-9-18 9:38:36
4/600005/武钢股份/6.530	300	6.520	51500	6.510	93000	6.500	137300	6.490	4200	6.540	36912	6.550	25037	6.560	56200	6.570	44458	6.580	7600	/16842757//10655440/1625360/6.53/6.76//2008-9-18 9:39:36
4/600005/武钢股份/6.530	4000	6.520	7100	6.510	101000	6.500	165400	6.490	4100	6.540	1700	6.550	23700	6.560	7449	6.570	32458	6.580	7600	/16842757//11996768/1830660/6.54/6.76//2008-9-18 9:40:36
4/600005/武钢股份/6.550	1900	6.540	25600	6.530	40000	6.520	32000	6.510	98800	6.560	17449	6.570	32458	6.580	8750	6.590	14399	6.600	28686	/16842757//12471959/1903260/6.55/6.76//2008-9-18 9:41:37
4/600005/武钢股份/6.550	21690	6.540	41900	6.530	36000	6.520	30900	6.510	68800	6.560	22649	6.570	32458	6.580	8750	6.590	2900	6.600	27686	/16842757//12995306/1983170/6.55/6.76//2008-9-18 9:42:37
4/600005/武钢股份/6.550	33090	6.540	44500	6.530	35300	6.520	34900	6.510	68300	6.560	36749	6.570	32458	6.580	10450	6.590	900	6.600	26886	/16842757//13404219/2045570/6.55/6.76//2008-9-18 9:43:37
4/600005/武钢股份/6.560	32551	6.550	55390	6.540	12400	6.530	32500	6.520	34400	6.570	26358	6.580	10450	6.590	1900	6.600	19586	6.610	1000	/16842757//13913025/2123119/6.57/6.76//2008-9-18 9:44:37
4/600005/武钢股份/6.560	1300	6.550	17351	6.540	12700	6.530	39500	6.520	32500	6.570	19058	6.580	9950	6.590	11000	6.600	17486	6.610	1000	/16842757//14900212/2273609/6.57/6.76//2008-9-18 9:45:37
4/600005/武钢股份/6.570	4000	6.560	15042	6.550	16151	6.540	12700	6.530	40800	6.580	10250	6.590	11000	6.600	18086	6.610	1000	6.620	32900	/16842757//15549759/2372567/6.57/6.76//2008-9-18 9:46:38
4/600005/武钢股份/6.560	7442	6.550	35751	6.540	11200	6.530	40900	6.520	33100	6.570	900	6.580	35812	6.590	8850	6.600	18886	6.610	1000	/16842757//16127673/2460467/6.57/6.76//2008-9-18 9:47:38
4/600005/武钢股份/6.560	8100	6.550	46493	6.540	11700	6.530	42200	6.520	37500	6.570	26084	6.580	58112	6.590	10250	6.600	68486	6.610	1000	/16842757//16525580/2521067/6.56/6.76//2008-9-18 9:48:38
4/600005/武钢股份/6.550	35500	6.540	13000	6.530	42700	6.520	36600	6.510	70000	6.560	4407	6.570	17184	6.580	62712	6.590	11549	6.600	71586	/16842757//17506826/2670760/6.55/6.76//2008-9-18 9:49:39
4/600005/武钢股份/6.550	6500	6.540	24100	6.530	47000	6.520	37700	6.510	79900	6.560	17307	6.570	16184	6.580	62712	6.590	11549	6.600	77986	/16842757//18029668/2750560/6.55/6.76//2008-9-18 9:50:39
4/600005/武钢股份/6.540	7500	6.530	42200	6.520	36900	6.510	86000	6.500	369200	6.560	10207	6.570	17584	6.580	62712	6.590	11549	6.600	79186	/16842757//18697340/2852560/6.54/6.76//2008-9-18 9:51:39
4/600005/武钢股份/6.500	66500	6.490	5300	6.480	29600	6.470	2000	6.460	6500	6.520	34200	6.530	6200	6.540	500	6.550	62800	6.560	7907	/16842757//25546778/3901860/6.52/6.76//2008-9-18 9:52:39
4/600005/武钢股份/6.480	3501	6.470	1500	6.460	6000	6.450	31900	6.440	100	6.490	1900	6.500	142299	6.510	18200	6.520	11500	6.530	3000	/16842757//27111018/4142459/6.49/6.76//2008-9-18 9:53:40
4/600005/武钢股份/6.430	10030	6.420	39700	6.410	23700	6.400	171300	6.390	100	6.450	1300	6.460	11300	6.470	14800	6.480	20299	6.490	11700	/16842757//27730756/4238430/6.45/6.76//2008-9-18 9:54:40
4/600005/武钢股份/6.390	35200	6.380	175900	6.370	3800	6.360	8600	6.350	24100	6.400	4569	6.410	3200	6.420	1800	6.430	4829	6.450	24800	/16842757//30248588/4631460/6.4/6.76//2008-9-18 9:55:40
4/600005/武钢股份/6.410	24800	6.400	170300	6.390	9741	6.380	195500	6.370	53900	6.420	900	6.430	7329	6.450	18800	6.460	10100	6.470	14200	/16842757//31323100/4799319/6.41/6.76//2008-9-18 9:56:41
4/600005/武钢股份/6.420	1800	6.410	15501	6.400	90501	6.390	19341	6.380	200500	6.430	2528	6.450	149098	6.460	9600	6.470	13200	6.480	8599	/16842757//33121824/5080117/6.43/6.76//2008-9-18 9:57:41
4/600005/武钢股份/6.420	22100	6.410	121300	6.400	29874	6.390	27841	6.380	201300	6.430	3500	6.440	5600	6.450	121997	6.460	12700	6.470	13200	/16842757//35008288/5373545/6.42/6.76//2008-9-18 9:58:41
4/600005/武钢股份/6.430	10500	6.420	46500	6.410	158426	6.400	45074	6.390	29041	6.450	88497	6.460	12700	6.470	13200	6.480	7099	6.490	37900	/16842757//35859260/5505819/6.43/6.76//2008-9-18 9:59:41
4/600005/武钢股份/6.410	8027	6.400	52474	6.390	37141	6.380	219200	6.370	51300	6.420	34100	6.440	50800	6.450	113297	6.460	62700	6.470	13200	/16842757//38179768/5867318/6.42/6.76//2008-9-18 10:0:42
4/600005/武钢股份/6.390	8716	6.380	222100	6.370	51300	6.360	93800	6.350	85200	6.400	4400	6.410	28699	6.420	37200	6.430	1200	6.440	52300	/16842757//39343088/6049044/6.4/6.76//2008-9-18 10:1:42
4/600005/武钢股份/6.340	8800	6.330	4400	6.320	13300	6.310	31000	6.300	149100	6.350	189500	6.360	100	6.370	33200	6.380	266416	6.390	2800	/16842757//42596992/6559844/6.35/6.38//2008-9-18 10:2:42
4/600005/武钢股份/6.320	1700	6.310	15000	6.300	108900	6.290	20000	6.280	7000	6.330	12299	6.340	9600	6.350	73300	6.370	15500	6.380	200	/16842757//44957372/6932644/6.32/6.38//2008-9-18 10:3:42
4/600005/武钢股份/6.300	65800	6.290	20400	6.280	12300	6.270	20500	6.260	13100	6.310	21800	6.320	27010	6.330	39036	6.340	10500	6.350	62800	/16842757//46526800/7181444/6.31/6.38//2008-9-18 10:4:43
4/600005/武钢股份/6.290	43000	6.280	56100	6.270	25000	6.260	13300	6.250	84200	6.300	53999	6.310	4398	6.320	25910	6.330	26000	6.340	10500	/16842757//47845008/7390644/6.3/6.38//2008-9-18 10:5:43
4/600005/武钢股份/6.300	87301	6.290	93690	6.280	68300	6.270	25200	6.260	18600	6.310	5298	6.320	21000	6.330	24700	6.340	10500	6.350	62000	/16842757//49045040/7581153/6.3/6.38//2008-9-18 10:6:43
4/600005/武钢股份/6.320	9600	6.310	22501	6.300	58704	6.290	71590	6.280	75100	6.330	24700	6.340	10500	6.350	62000	6.360	6000	6.370	11300	/16842757//50107900/7749649/6.32/6.38//2008-9-18 10:7:44
4/600005/武钢股份/6.320	11501	6.310	79602	6.300	59204	6.290	82490	6.280	76200	6.330	1000	6.350	38296	6.360	1400	6.370	11100	6.380	10200	/16842757//50870080/7870047/6.32/6.38//2008-9-18 10:8:44
4/600005/武钢股份/6.360	1100	6.350	6200	6.340	23800	6.330	7500	6.320	15901	6.370	7393	6.380	90198	6.390	2300	6.400	19300	6.410	23300	/16842757//51969788/8043247/6.36/6.38//2008-9-18 10:9:44
4/600005/武钢股份/6.350	500	6.340	1100	6.320	200	6.310	65230	6.300	65204	6.370	21200	6.380	86998	6.390	2300	6.400	17800	6.410	23300	/16842757//52862920/8184020/6.37/6.38//2008-9-18 10:10:44
4/600005/武钢股份/6.350	5900	6.330	100	6.320	9400	6.310	76730	6.300	57300	6.370	28000	6.380	123798	6.390	1800	6.400	41600	6.410	53300	/16842757//53256748/8246020/6.35/6.38//2008-9-18 10:11:45
4/600005/武钢股份/6.330	2001	6.320	30300	6.310	65630	6.300	80100	6.290	92490	6.340	13637	6.350	9400	6.360	4700	6.370	26600	6.380	130598	/16842757//53457792/8277719/6.34/6.38//2008-9-18 10:12:45
4/600005/武钢股份/6.310	6800	6.300	28332	6.290	92590	6.280	83000	6.270	21900	6.330	25099	6.340	47137	6.350	7100	6.360	4700	6.370	27899	/16842757//54853444/8498818/6.33/6.38//2008-9-18 10:13:45
4/600005/武钢股份/6.310	7000	6.300	59632	6.290	93590	6.280	83300	6.270	23400	6.320	800	6.330	27499	6.340	50137	6.350	9300	6.360	9200	/16842757//55272324/8565118/6.32/6.38//2008-9-18 10:14:46
4/600005/武钢股份/6.320	1200	6.310	3500	6.300	51846	6.290	97990	6.280	93300	6.330	1399	6.340	67437	6.350	9300	6.360	26100	6.370	11700	/16842757//57001036/8839204/6.33/6.38//2008-9-18 10:15:46
4/600005/武钢股份/6.310	1000	6.300	4148	6.290	112090	6.280	93400	6.270	22400	6.340	37036	6.350	9400	6.360	26100	6.370	16700	6.380	71900	/16842757//58437412/9066902/6.34/6.38//2008-9-18 10:16:46
4/600005/武钢股份/6.350	42765	6.340	5500	6.330	700	6.320	5101	6.310	7600	6.360	26100	6.370	15100	6.380	71900	6.390	8800	6.400	90800	/16842757//59483512/9231936/6.35/6.38//2008-9-18 10:17:47
4/600005/武钢股份/6.330	700	6.320	6301	6.310	10300	6.300	45348	6.290	66590	6.340	500	6.350	33698	6.370	15100	6.380	76900	6.390	8800	/16842757//60085788/9326736/6.35/6.38//2008-9-18 10:18:47
4/600005/武钢股份/6.360	8000	6.340	14500	6.330	2600	6.320	32000	6.310	3000	6.370	14198	6.380	76900	6.390	12100	6.400	194099	6.410	53800	/16842757//61037924/9476836/6.36/6.38//2008-9-18 10:19:47
4/600005/武钢股份/6.380	28205	6.370	100	6.360	181200	6.350	3200	6.340	500	6.390	24899	6.400	193198	6.410	23500	6.420	58300	6.430	4500	/16842757//62705472/9738631/6.38/6.38//2008-9-18 10:20:48
4/600005/武钢股份/6.360	178905	6.350	5300	6.330	2000	6.320	16900	6.310	16600	6.370	3000	6.380	24499	6.390	28798	6.400	183998	6.410	24300	/16842757//65271124/10142031/6.36/6.38//2008-9-18 10:21:48
4/600005/武钢股份/6.330	7000	6.320	33300	6.310	28200	6.300	117849	6.290	68090	6.350	700	6.360	39383	6.370	1400	6.380	97298	6.390	28998	/16842757//66711732/10368536/6.35/6.38//2008-9-18 10:22:48
4/600005/武钢股份/6.330	2800	6.320	1000	6.300	111264	6.290	58090	6.280	74200	6.350	7027	6.360	7383	6.370	900	6.380	96398	6.390	33498	/16842757//67657952/10518021/6.33/6.38//2008-9-18 10:23:48
4/600005/武钢股份/6.320	590	6.310	900	6.300	116579	6.290	58790	6.280	80700	6.350	7227	6.360	6183	6.370	10800	6.380	82598	6.390	27899	/16842757//67968888/10567216/6.31/6.38//2008-9-18 10:24:49
4/600005/武钢股份/6.290	59590	6.280	85500	6.270	27700	6.260	75700	6.250	98200	6.300	5716	6.320	610	6.330	5500	6.340	10100	6.350	8727	/16842757//69119424/10749785/6.3/6.38//2008-9-18 10:25:49
4/600005/武钢股份/6.290	200	6.280	42779	6.270	29800	6.260	76200	6.250	100900	6.300	22788	6.310	1800	6.320	6010	6.330	6300	6.340	10600	/16842757//70192144/10920296/6.3/6.38//2008-9-18 10:26:49
4/600005/武钢股份/6.280	4800	6.270	19600	6.260	82100	6.250	187400	6.240	2500	6.290	1000	6.300	8300	6.310	500	6.320	6010	6.330	6300	/16842757//70972760/11044475/6.28/6.38//2008-9-18 10:27:50
4/600005/武钢股份/6.290	300	6.280	14401	6.270	25000	6.260	109000	6.250	197100	6.300	1899	6.330	1000	6.340	10600	6.350	12727	6.360	17183	/16842757//71647320/11151674/6.28/6.38//2008-9-18 10:28:50
4/600005/武钢股份/6.250	157016	6.240	4600	6.230	2600	6.220	18300	6.210	74300	6.300	28000	6.320	500	6.330	32000	6.340	10600	6.350	16527	/16842757//73473800/11443159/6.29/6.38//2008-9-18 10:29:50
4/600005/武钢股份/6.230	25167	6.220	18300	6.210	76400	6.200	156200	6.190	8600	6.240	6000	6.250	118201	6.270	45500	6.300	21700	6.320	1100	/16842757//74869288/11666308/6.24/6.38//2008-9-18 10:30:51
4/600005/武钢股份/6.220	41467	6.210	4582	6.200	22800	6.190	8600	6.180	20400	6.230	26700	6.240	14332	6.250	117201	6.270	45500	6.300	31800	/16842757//77126696/12029826/6.23/6.38//2008-9-18 10:31:51
4/600005/武钢股份/6.190	54200	6.180	500	6.160	100	6.150	9800	6.140	731	6.200	88500	6.220	55100	6.230	26100	6.240	23133	6.250	20501	/16842757//78863992/12310544/6.19/6.38//2008-9-18 10:32:51
4/600005/武钢股份/6.120	14500	6.110	179400	6.100	627300	6.090	54000	6.080	545400	6.150	19401	6.160	6500	6.170	3500	6.180	23900	6.190	111932	/16842757//80651536/12601075/6.15/6.38//2008-9-18 10:33:52
4/600005/武钢股份/6.090	2869	6.080	644267	0.000	0	0.000	0	0.000	0	6.100	53299	6.110	4000	6.120	35300	6.130	2200	6.140	51000	/16842757//88780248/13932739/6.1/6.38//2008-9-18 10:34:52
4/600005/武钢股份/6.100	1300	6.090	303622	6.080	906167	0.000	0	0.000	0	6.110	2433	6.120	28300	6.130	7100	6.140	51400	6.150	7701	/16842757//93044752/14632386/6.1/6.38//2008-9-18 10:35:52
4/600005/武钢股份/6.120	22600	6.110	2500	6.100	1237902	6.090	2382837	6.080	1352167	6.130	7700	6.140	50400	6.150	7901	6.160	2000	6.170	3000	/16842757//94448232/14862269/6.12/6.38//2008-9-18 10:36:53
4/600005/武钢股份/6.130	73267	6.120	37582	6.110	106000	6.100	1211202	6.090	2399037	6.140	33700	6.150	8701	6.160	2000	6.170	3000	6.180	44200	/16842757//94854392/14928520/6.14/6.38//2008-9-18 10:37:53
4/600005/武钢股份/6.140	18818	6.130	11100	6.120	31582	6.110	135000	6.100	1233602	6.150	3201	6.160	7000	6.170	8000	6.180	43300	6.190	73619	/16842757//95823944/15086569/6.15/6.38//2008-9-18 10:38:53
4/600005/武钢股份/6.170	11600	6.160	12100	6.150	51367	6.140	21600	6.130	22500	6.180	37300	6.190	74819	6.200	73600	6.210	2400	6.220	200	/16842757//96203944/15148320/6.17/6.38//2008-9-18 10:39:54
4/600005/武钢股份/6.190	15632	6.180	1400	6.170	2200	6.160	4200	6.150	10469	6.200	108699	6.210	3900	6.220	3300	6.230	5900	6.240	3000	/16842757//98149496/15463286/6.19/6.38//2008-9-18 10:40:54
4/600005/武钢股份/6.150	16469	6.140	25100	6.130	22400	6.120	50482	6.110	132100	6.160	14819	6.170	50500	6.180	800	6.190	15600	6.200	8300	/16842757//98442456/15510703/6.15/6.38//2008-9-18 10:41:54
4/600005/武钢股份/6.140	6400	6.130	500	6.120	50701	6.110	142000	6.100	1262302	6.150	8900	6.160	20119	6.170	50700	6.180	800	6.190	10900	/16842757//98994112/15600553/6.15/6.38//2008-9-18 10:42:55
4/600005/武钢股份/6.150	26868	6.140	4400	6.130	25785	6.120	23400	6.110	150600	6.160	4700	6.170	50700	6.180	800	6.190	10400	6.200	12500	/16842757//99980480/15761301/6.15/6.38//2008-9-18 10:43:55
4/600005/武钢股份/6.180	1100	6.170	300	6.150	300	6.140	3000	6.130	17403	6.190	7400	6.200	16000	6.210	3900	6.220	3800	6.230	4700	/16842757//100607112/15863151/6.18/6.38//2008-9-18 10:44:56
4/600005/武钢股份/6.140	4900	6.130	7554	6.120	85000	6.110	163200	6.100	1313702	6.150	35300	6.170	800	6.180	1100	6.190	2000	6.200	16690	/16842757//101220112/15963000/6.13/6.38//2008-9-18 10:45:56
4/600005/武钢股份/6.100	2800	6.090	2234789	6.080	2181167	0.000	0	0.000	0	6.120	3500	6.130	2200	6.140	500	6.150	47400	6.170	800	/16842757//111709064/17681968/6.09/6.38//2008-9-18 10:46:56
4/600005/武钢股份/6.090	1731739	6.080	2233167	0.000	0	0.000	0	0.000	0	6.100	115599	6.110	2000	6.120	32600	6.130	15700	6.140	1800	/16842757//115669736/18332116/6.1/6.38//2008-9-18 10:47:57
4/600005/武钢股份/6.080	3831634	0.000	0	0.000	0	0.000	0	0.000	0	6.090	135678	6.100	112998	6.130	113700	6.140	3800	6.150	10200	/16842757//128099312/20372588/6.09/6.38//2008-9-18 10:48:57
4/600005/武钢股份/6.080	3787951	0.000	0	0.000	0	0.000	0	0.000	0	6.090	119278	6.100	22998	6.130	14100	6.140	3800	6.150	9500	/16842757//130851280/20824972/6.09/6.38//2008-9-18 10:49:57
4/600005/武钢股份/6.080	3602800	0.000	0	0.000	0	0.000	0	0.000	0	6.090	96853	6.100	145832	6.130	2800	6.140	3800	6.150	12300	/16842757//133921632/21329324/6.08/6.38//2008-9-18 10:50:58
4/600005/武钢股份/6.080	3490049	0.000	0	0.000	0	0.000	0	0.000	0	6.090	1841200	6.100	172551	6.130	800	6.140	1800	6.150	13000	/16842757//136262144/21713774/6.09/6.38//2008-9-18 10:51:58
4/600005/武钢股份/6.080	3464498	0.000	0	0.000	0	0.000	0	0.000	0	6.090	3202663	6.100	1700	6.130	800	6.140	1800	6.150	13000	/16842757//142896096/22803424/6.08/6.38//2008-9-18 10:52:58
4/600005/武钢股份/6.080	3424846	0.000	0	0.000	0	0.000	0	0.000	0	6.090	3154763	6.100	3700	6.130	800	6.140	1800	6.150	14000	/16842757//143714736/22937976/6.09/6.38//2008-9-18 10:53:59
4/600005/武钢股份/6.080	3343795	0.000	0	0.000	0	0.000	0	0.000	0	6.090	3085463	6.100	4500	6.130	800	6.140	1800	6.150	14000	/16842757//144666048/23094328/6.08/6.38//2008-9-18 10:54:59
4/600005/武钢股份/6.080	3393744	0.000	0	0.000	0	0.000	0	0.000	0	6.090	27463	6.100	56499	6.130	800	6.140	1800	6.150	14000	/16842757//163714496/26222180/6.09/6.38//2008-9-18 10:56:0
4/600005/武钢股份/6.090	50886	6.080	3402544	0.000	0	0.000	0	0.000	0	6.100	21699	6.140	1600	6.150	9000	6.170	2800	6.180	3000	/16842757//165541632/26522092/6.1/6.38//2008-9-18 10:57:0
4/600005/武钢股份/6.090	101810	6.080	3381244	0.000	0	0.000	0	0.000	0	6.100	18196	6.140	3100	6.150	8500	6.170	2800	6.180	3000	/16842757//166483264/26676568/6.1/6.38//2008-9-18 10:58:0
4/600005/武钢股份/6.100	234500	6.090	215949	6.080	3397044	0.000	0	0.000	0	6.140	3700	6.150	58698	6.160	100	6.170	2800	6.180	3000	/16842757//166917312/26747730/6.1/6.38//2008-9-18 10:59:1
4/600005/武钢股份/6.120	3990	6.110	1400	6.100	109148	6.090	238849	6.080	3410044	6.140	192440	6.150	58098	6.160	900	6.170	800	6.180	4000	/16842757//168336208/26980092/6.14/6.38//2008-9-18 11:0:1
4/600005/武钢股份/6.080	3482911	0.000	0	0.000	0	0.000	0	0.000	0	6.090	1574046	6.120	17200	6.130	1600	6.140	176740	6.150	6600	/16842757//171185296/27447512/6.09/6.38//2008-9-18 11:1:2
4/600005/武钢股份/6.080	3450646	0.000	0	0.000	0	0.000	0	0.000	0	6.090	1725329	6.100	5000	6.120	2000	6.130	1600	6.140	178540	/16842757//172036128/27587276/6.09/6.38//2008-9-18 11:2:2
4/600005/武钢股份/6.080	3241096	0.000	0	0.000	0	0.000	0	0.000	0	6.090	1352046	6.120	2800	6.130	2600	6.140	175740	6.150	8700	/16842757//174231344/27948128/6.08/6.38//2008-9-18 11:3:2
4/600005/武钢股份/6.080	3206830	0.000	0	0.000	0	0.000	0	0.000	0	6.090	1257046	6.120	2800	6.130	2600	6.140	176240	6.150	8700	/16842757//175200640/28107392/6.09/6.38//2008-9-18 11:4:3
4/600005/武钢股份/6.080	3178665	0.000	0	0.000	0	0.000	0	0.000	0	6.090	2994346	6.100	11500	6.120	2800	6.130	2600	6.140	176240	/16842757//177303136/28452758/6.08/6.38//2008-9-18 11:5:3
4/600005/武钢股份/6.080	3102199	0.000	0	0.000	0	0.000	0	0.000	0	6.090	2877746	6.100	11200	6.120	2800	6.130	2600	6.140	176240	/16842757//178901536/28715424/6.09/6.38//2008-9-18 11:6:4
4/600005/武钢股份/6.080	3096433	0.000	0	0.000	0	0.000	0	0.000	0	6.090	2547746	6.100	15200	6.120	2800	6.130	2600	6.140	176240	/16842757//180951104/29051990/6.09/6.38//2008-9-18 11:7:4
4/600005/武钢股份/6.080	2944267	0.000	0	0.000	0	0.000	0	0.000	0	6.090	2246746	6.100	15200	6.120	2800	6.130	2600	6.140	137600	/16842757//182982304/29385556/6.09/6.38//2008-9-18 11:8:4
4/600005/武钢股份/6.090	41454	6.080	2911701	0.000	0	0.000	0	0.000	0	6.100	23700	6.120	2800	6.130	2600	6.140	137600	6.150	7700	/16842757//197183472/31717568/6.09/6.38//2008-9-18 11:9:5
4/600005/武钢股份/6.080	2954001	0.000	0	0.000	0	0.000	0	0.000	0	6.090	1380451	6.100	4600	6.120	30000	6.130	1300	6.140	135800	/16842757//201405440/32410522/6.09/6.38//2008-9-18 11:10:5
4/600005/武钢股份/6.080	2912725	0.000	0	0.000	0	0.000	0	0.000	0	6.090	100451	6.100	400	6.120	1000	6.130	500	6.140	136400	/16842757//203292192/32720398/6.09/6.38//2008-9-18 11:11:6
4/600005/武钢股份/6.100	103300	6.090	93816	6.080	2909892	0.000	0	0.000	0	6.120	1000	6.130	50500	6.140	137400	6.150	17700	6.160	8100	/16842757//204109712/32854616/6.1/6.38//2008-9-18 11:12:6
4/600005/武钢股份/6.100	3834	6.090	144616	6.080	2927892	0.000	0	0.000	0	6.120	13900	6.140	133700	6.150	18600	6.160	7800	6.170	2800	/16842757//204925552/32987780/6.12/6.38//2008-9-18 11:13:7
4/600005/武钢股份/6.100	4268	6.090	162316	6.080	2959292	0.000	0	0.000	0	6.130	116900	6.140	138400	6.150	19800	6.160	7800	6.170	2800	/16842757//205522512/33085448/6.1/6.38//2008-9-18 11:14:7
4/600005/武钢股份/6.110	400	6.100	6237	6.090	177916	6.080	2906292	0.000	0	6.120	37465	6.130	118600	6.140	138500	6.150	19400	6.160	7800	/16842757//205696240/33113878/6.11/6.38//2008-9-18 11:15:7
4/600005/武钢股份/6.110	5000	6.100	66437	6.090	236416	6.080	2931692	0.000	0	6.120	36265	6.130	118600	6.140	138200	6.150	20400	6.160	7800	/16842757//205975184/33159578/6.12/6.38//2008-9-18 11:16:8
4/600005/武钢股份/6.110	1000	6.100	21337	6.090	236516	6.080	2959692	0.000	0	6.120	70365	6.130	119500	6.140	136200	6.150	20400	6.160	7800	/16842757//206484640/33243078/6.12/6.38//2008-9-18 11:17:8
4/600005/武钢股份/6.100	3967	6.090	229916	6.080	2938392	0.000	0	0.000	0	6.110	1100	6.120	72565	6.130	119500	6.140	136200	6.150	20400	/16842757//206837200/33300848/6.11/6.38//2008-9-18 11:18:9
4/600005/武钢股份/6.120	42335	6.110	113300	6.100	9967	6.090	231616	6.080	2938592	6.130	119300	6.140	136200	6.150	20200	6.160	7800	6.170	2800	/16842757//207812848/33460412/6.12/6.38//2008-9-18 11:19:9
4/600005/武钢股份/6.100	2100	6.090	257916	6.080	2920292	0.000	0	0.000	0	6.110	3498	6.120	21200	6.130	22200	6.140	136200	6.150	20200	/16842757//208955088/33647316/6.11/6.38//2008-9-18 11:20:10
4/600005/武钢股份/6.110	75102	6.100	800	6.090	236816	6.080	2911292	0.000	0	6.120	1200	6.130	22800	6.140	135700	6.150	20200	6.160	7800	/16842757//209384960/33717812/6.11/6.38//2008-9-18 11:21:10
4/600005/武钢股份/6.100	1802	6.090	257816	6.080	2901692	0.000	0	0.000	0	6.110	3800	6.120	600	6.130	72800	6.140	135900	6.150	21200	/16842757//209936160/33808012/6.1/6.38//2008-9-18 11:22:10
4/600005/武钢股份/6.090	252518	6.080	2903892	0.000	0	0.000	0	0.000	0	6.100	1000	6.110	103401	6.120	9700	6.130	72800	6.140	135900	/16842757//210306992/33868812/6.11/6.38//2008-9-18 11:23:11
4/600005/武钢股份/6.090	253018	6.080	2899192	0.000	0	0.000	0	0.000	0	6.100	32800	6.110	255301	6.120	41200	6.130	72800	6.140	135900	/16842757//210590544/33915312/6.1/6.38//2008-9-18 11:24:11
4/600005/武钢股份/6.100	13700	6.090	5300	6.080	2442010	0.000	0	0.000	0	6.110	255301	6.120	56800	6.130	75800	6.140	134900	6.150	12200	/16842757//215634576/34744412/6.1/6.38//2008-9-18 11:25:12
4/600005/武钢股份/6.090	2400	6.080	2431310	0.000	0	0.000	0	0.000	0	6.100	49800	6.110	254501	6.120	61800	6.130	75800	6.140	134900	/16842757//215874720/34783812/6.09/6.38//2008-9-18 11:26:12
4/600005/武钢股份/6.080	2439810	0.000	0	0.000	0	0.000	0	0.000	0	6.090	36700	6.100	45600	6.110	252001	6.120	61800	6.130	75800	/16842757//216035584/34810212/6.09/6.38//2008-9-18 11:27:13
4/600005/武钢股份/6.080	2322210	0.000	0	0.000	0	0.000	0	0.000	0	6.090	44300	6.100	48800	6.110	119101	6.120	62000	6.130	75800	/16842757//216383632/34867412/6.09/6.38//2008-9-18 11:28:13
4/600005/武钢股份/6.090	800	6.080	2218810	0.000	0	0.000	0	0.000	0	6.100	48200	6.110	120101	6.120	61400	6.130	59000	6.140	116900	/16842757//217316192/35020712/6.09/6.38//2008-9-18 11:29:14
4/600005/武钢股份/6.090	3400	6.080	2260410	0.000	0	0.000	0	0.000	0	6.100	46700	6.110	120101	6.120	61400	6.130	59000	6.140	116900	/16842757//217819952/35103512/6.09/6.38//2008-9-18 11:30:14
4/600005/武钢股份/6.090	3400	6.080	2260410	0.000	0	0.000	0	0.000	0	6.100	46700	6.110	120101	6.120	61400	6.130	59000	6.140	116900	/16842757//217819952/35103512/6.09/6.38//2008-9-18 11:31:15
4/600005/武钢股份/6.090	73800	6.080	2457270	0.000	0	0.000	0	0.000	0	6.100	51700	6.110	108201	6.120	64200	6.130	64000	6.140	116900	/16842757//222611904/35890652/6.1/6.38//2008-9-18 13:1:15
4/600005/武钢股份/6.090	644200	6.080	2443570	0.000	0	0.000	0	0.000	0	6.100	72300	6.110	108201	6.120	64200	6.130	64000	6.140	116900	/16842757//222748384/35913052/6.09/6.38//2008-9-18 13:2:16
4/600005/武钢股份/6.090	740701	6.080	2443070	0.000	0	0.000	0	0.000	0	6.100	39090	6.110	108201	6.120	64400	6.130	64000	6.140	116900	/16842757//223012336/35956352/6.09/6.38//2008-9-18 13:3:16
4/600005/武钢股份/6.090	628338	6.080	2441570	0.000	0	0.000	0	0.000	0	6.100	63742	6.110	108201	6.120	63800	6.130	64000	6.140	114900	/16842757//225009392/36284216/6.1/6.38//2008-9-18 13:4:17
4/600005/武钢股份/6.090	732538	6.080	2444470	0.000	0	0.000	0	0.000	0	6.100	110242	6.110	108501	6.120	63800	6.130	64000	6.140	114900	/16842757//225269200/36326816/6.09/6.38//2008-9-18 13:5:17
4/600005/武钢股份/6.090	725938	6.080	2447070	0.000	0	0.000	0	0.000	0	6.100	75942	6.110	108501	6.120	64100	6.130	64000	6.140	114900	/16842757//225535680/36370516/6.1/6.38//2008-9-18 13:6:18
4/600005/武钢股份/6.090	335238	6.080	2444370	0.000	0	0.000	0	0.000	0	6.100	84742	6.110	108501	6.120	64100	6.130	64000	6.140	114900	/16842757//229014576/36941716/6.1/6.38//2008-9-18 13:7:18
4/600005/武钢股份/6.090	301608	6.080	2515470	0.000	0	0.000	0	0.000	0	6.100	66542	6.110	108501	6.120	62500	6.130	64000	6.140	114900	/16842757//232398176/37497244/6.09/6.38//2008-9-18 13:8:19
4/600005/武钢股份/6.090	573008	6.080	2510470	0.000	0	0.000	0	0.000	0	6.100	64092	6.110	108501	6.120	62500	6.130	64000	6.140	114900	/16842757//232915920/37582144/6.1/6.38//2008-9-18 13:9:19
4/600005/武钢股份/6.090	693308	6.080	2513770	0.000	0	0.000	0	0.000	0	6.100	80369	6.110	108501	6.120	62500	6.130	64000	6.140	114900	/16842757//233452128/37670144/6.1/6.38//2008-9-18 13:10:20
4/600005/武钢股份/6.090	675908	6.080	2513070	0.000	0	0.000	0	0.000	0	6.100	153992	6.110	108501	6.120	62500	6.130	64000	6.140	114900	/16842757//233740976/37717544/6.09/6.38//2008-9-18 13:11:20
4/600005/武钢股份/6.090	684608	6.080	2517870	0.000	0	0.000	0	0.000	0	6.100	126392	6.110	108501	6.120	62500	6.130	64000	6.140	114900	/16842757//234048928/37768044/6.1/6.38//2008-9-18 13:12:21
4/600005/武钢股份/6.090	965808	6.080	2518270	0.000	0	0.000	0	0.000	0	6.100	161992	6.110	108501	6.120	62500	6.130	64400	6.140	114900	/16842757//234279888/37805944/6.1/6.38//2008-9-18 13:13:21
4/600005/武钢股份/6.090	955599	6.080	2524870	0.000	0	0.000	0	0.000	0	6.100	138792	6.110	108501	6.120	62500	6.130	66400	6.140	114900	/16842757//234562816/37852352/6.1/6.38//2008-9-18 13:14:22
4/600005/武钢股份/6.090	1955799	6.080	2526270	0.000	0	0.000	0	0.000	0	6.100	23042	6.110	108501	6.120	62500	6.130	66400	6.140	114900	/16842757//235484400/38003456/6.1/6.38//2008-9-18 13:15:22
4/600005/武钢股份/6.100	158	6.090	1958699	6.080	2531670	0.000	0	0.000	0	6.110	99301	6.120	68000	6.130	66400	6.140	114900	6.150	19477	/16842757//235790976/38053696/6.1/6.38//2008-9-18 13:16:23
4/600005/武钢股份/6.100	9758	6.090	1966499	6.080	2518770	0.000	0	0.000	0	6.110	105501	6.120	68000	6.130	66400	6.140	114900	6.150	19477	/16842757//236121648/38107896/6.11/6.38//2008-9-18 13:17:23
4/600005/武钢股份/6.100	276653	6.090	1973899	6.080	2507170	0.000	0	0.000	0	6.110	114600	6.120	67500	6.130	67400	6.140	115900	6.150	18777	/16842757//237255520/38293600/6.11/6.38//2008-9-18 13:18:24
4/600005/武钢股份/6.100	255453	6.090	1968999	6.080	2444070	0.000	0	0.000	0	6.110	90400	6.120	65500	6.130	66800	6.140	115900	6.150	18277	/16842757//237697424/38366000/6.1/6.38//2008-9-18 13:19:24
4/600005/武钢股份/6.100	275263	6.090	1960399	6.080	2447170	0.000	0	0.000	0	6.110	60900	6.120	65500	6.130	69500	6.140	115900	6.150	18777	/16842757//238017968/38418492/6.11/6.38//2008-9-18 13:20:25
4/600005/武钢股份/6.100	257363	6.090	1963899	6.080	2456670	0.000	0	0.000	0	6.110	34200	6.120	65500	6.130	69500	6.140	115900	6.150	18777	/16842757//238494192/38496492/6.11/6.38//2008-9-18 13:21:25
4/600005/武钢股份/6.100	231463	6.090	1966999	6.080	2459470	0.000	0	0.000	0	6.120	65500	6.130	69500	6.140	115900	6.150	18777	6.160	4500	/16842757//239431440/38649992/6.1/6.38//2008-9-18 13:22:26
4/600005/武钢股份/6.120	3400	6.110	129400	6.100	240763	6.090	1970299	6.080	2478570	6.130	67500	6.140	115900	6.150	14277	6.160	4500	6.170	3100	/16842757//239651456/38685792/6.12/6.38//2008-9-18 13:23:26
4/600005/武钢股份/6.150	2800	6.140	28600	6.130	1200	6.120	19700	6.110	36023	6.170	400	6.180	5300	6.190	22000	6.200	42299	6.210	5000	/16842757//242253824/39110072/6.17/6.38//2008-9-18 13:24:27
4/600005/武钢股份/6.170	1500	6.150	25400	6.140	8100	6.130	2900	6.120	23800	6.180	102500	6.190	30700	6.200	38697	6.210	5000	6.220	32300	/16842757//242879536/39211768/6.18/6.38//2008-9-18 13:25:27
4/600005/武钢股份/6.170	37200	6.160	1900	6.150	42400	6.140	13200	6.130	3000	6.180	105700	6.190	17400	6.200	37897	6.210	5000	6.220	32300	/16842757//243919120/39379968/6.18/6.38//2008-9-18 13:26:28
4/600005/武钢股份/6.160	300	6.150	32300	6.140	7600	6.130	2900	6.120	31200	6.170	10577	6.180	176000	6.190	18400	6.200	37597	6.210	5000	/16842757//244373440/39453568/6.17/6.38//2008-9-18 13:27:28
4/600005/武钢股份/6.120	5100	6.110	39123	6.100	262263	6.090	1966199	6.080	1861970	6.140	18900	6.150	32802	6.170	61876	6.180	176800	6.190	19000	/16842757//245069856/39566968/6.14/6.38//2008-9-18 13:28:29
4/600005/武钢股份/6.100	268763	6.090	1960699	6.080	1869770	0.000	0	0.000	0	6.110	200	6.120	4677	6.140	8500	6.150	47602	6.160	1100	/16842757//245775168/39682292/6.12/6.38//2008-9-18 13:29:29
4/600005/武钢股份/6.120	3100	6.110	23923	6.100	274163	6.090	1963899	6.080	1876170	6.150	37002	6.160	200	6.170	62176	6.180	182400	6.190	21600	/16842757//246031792/39724168/6.15/6.38//2008-9-18 13:30:30
4/600005/武钢股份/6.150	4898	6.130	14700	6.120	76600	6.110	48023	6.100	285863	6.160	1700	6.170	62176	6.180	183900	6.190	23600	6.200	71097	/16842757//246399440/39783972/6.16/6.38//2008-9-18 13:31:30
4/600005/武钢股份/6.160	10900	6.150	17000	6.140	1900	6.130	4800	6.120	73000	6.170	8977	6.180	183900	6.190	22600	6.200	140297	6.210	5000	/16842757//246928864/39869872/6.17/6.38//2008-9-18 13:32:31
4/600005/武钢股份/6.180	62323	6.170	24300	6.160	30100	6.150	12100	6.140	1900	6.190	18300	6.200	131397	6.210	5000	6.220	35300	6.230	5600	/16842757//248889008/40187248/6.19/6.38//2008-9-18 13:33:31
4/600005/武钢股份/6.200	175500	6.190	40103	6.180	60200	6.170	13700	6.160	17500	6.220	33800	6.230	3900	6.240	7600	6.250	36300	6.260	800	/16842757//250274384/40410744/6.2/6.38//2008-9-18 13:34:32
4/600005/武钢股份/6.250	98900	6.240	59600	6.230	91100	6.220	18700	6.210	33200	6.260	1500	6.270	7300	6.280	11600	6.290	33500	6.300	69500	/16842757//251477776/40604248/6.25/6.38//2008-9-18 13:35:32
4/600005/武钢股份/6.270	32700	6.260	103800	6.250	122600	6.240	46300	6.230	90000	6.280	6190	6.290	62200	6.300	66600	6.310	3500	6.320	25900	/16842757//252067120/40698248/6.27/6.38//2008-9-18 13:36:33
4/600005/武钢股份/6.290	700	6.280	34800	6.270	43100	6.260	19000	6.250	52000	6.300	62100	6.310	3900	6.320	26100	6.330	5400	6.340	7000	/16842757//253219472/40881536/6.3/6.38//2008-9-18 13:37:34
4/600005/武钢股份/6.330	599	6.320	21300	6.310	21200	6.300	135900	6.290	50800	6.340	6700	6.350	17100	6.360	14300	6.370	3800	6.380	35900	/16842757//254426672/41072936/6.34/6.38//2008-9-18 13:38:34
4/600005/武钢股份/6.330	3000	6.320	3300	6.300	74599	6.290	49700	6.280	39100	6.340	6800	6.350	65400	6.360	15300	6.370	10400	6.380	46200	/16842757//255897568/41305336/6.32/6.38//2008-9-18 13:39:35
4/600005/武钢股份/6.330	6500	6.320	5200	6.310	5600	6.300	12400	6.290	49700	6.340	3800	6.350	44300	6.360	29800	6.370	12800	6.380	52500	/16842757//257421216/41546336/6.33/6.38//2008-9-18 13:40:35
4/600005/武钢股份/6.300	18377	6.290	42300	6.280	36200	6.270	30500	6.260	33600	6.320	1400	6.330	500	6.340	15000	6.350	38700	6.360	25600	/16842757//258344960/41692456/6.32/6.38//2008-9-18 13:41:36
4/600005/武钢股份/6.290	3700	6.280	34700	6.270	30500	6.260	33800	6.250	76200	6.300	42324	6.310	11000	6.320	800	6.330	6600	6.340	7300	/16842757//259368336/41854936/6.29/6.38//2008-9-18 13:42:36
4/600005/武钢股份/6.290	44376	6.280	46000	6.270	28300	6.260	33800	6.250	76400	6.300	47100	6.310	1000	6.320	2300	6.330	7900	6.340	10600	/16842757//259983200/41952660/6.3/6.38//2008-9-18 13:43:37
4/600005/武钢股份/6.320	17100	6.310	4900	6.300	108500	6.290	24276	6.280	60600	6.350	91400	6.360	28100	6.370	11800	6.380	53400	6.390	32700	/16842757//261158688/42138760/6.32/6.38//2008-9-18 13:44:37
4/600005/武钢股份/6.340	21400	6.330	33500	6.320	7300	6.310	2500	6.300	54000	6.350	61400	6.360	7300	6.370	10200	6.380	48500	6.390	37700	/16842757//264090000/42601560/6.35/6.38//2008-9-18 13:45:38
4/600005/武钢股份/6.350	6700	6.340	47100	6.330	1400	6.320	200	6.310	7000	6.370	9900	6.380	16500	6.390	39200	6.400	39000	6.410	2100	/16842757//265946016/42894560/6.35/6.38//2008-9-18 13:46:39
4/600005/武钢股份/6.350	1300	6.340	600	6.310	500	6.300	46300	6.290	13276	6.360	53400	6.370	13400	6.380	16500	6.390	40400	6.400	37900	/16842757//269151520/43401760/6.35/6.38//2008-9-18 13:47:39
4/600005/武钢股份/6.330	2500	6.310	3600	6.300	259400	6.290	12076	6.280	11200	6.340	7900	6.350	16000	6.360	51000	6.370	13100	6.380	16700	/16842757//269630176/43477160/6.33/6.38//2008-9-18 13:48:40
4/600005/武钢股份/6.310	7800	6.300	226400	6.290	12076	6.280	12500	6.270	37400	6.330	3300	6.340	4020	6.350	39600	6.360	49891	6.370	9000	/16842757//270063200/43545560/6.33/6.38//2008-9-18 13:49:40
4/600005/武钢股份/6.290	17751	6.280	22200	6.270	35500	6.260	28300	6.250	91300	6.300	700	6.310	5100	6.320	2100	6.330	1000	6.340	20800	/16842757//272570176/43943484/6.29/6.38//2008-9-18 13:50:41
4/600005/武钢股份/6.280	21900	6.270	35500	6.260	28300	6.250	93300	6.240	10900	6.290	12149	6.300	43100	6.310	4200	6.320	2100	6.330	2100	/16842757//273441056/44081836/6.29/6.38//2008-9-18 13:51:41
4/600005/武钢股份/6.290	7000	6.280	21500	6.270	56500	6.260	28600	6.250	94100	6.300	77249	6.310	5200	6.320	2100	6.330	2100	6.340	8000	/16842757//273981824/44167836/6.29/6.38//2008-9-18 13:52:42
4/600005/武钢股份/6.270	23200	6.260	31000	6.250	93900	6.240	800	6.230	1600	6.280	4999	6.290	51200	6.300	89049	6.310	36600	6.320	2100	/16842757//274424320/44238336/6.27/6.38//2008-9-18 13:53:42
4/600005/武钢股份/6.100	103163	6.090	2307999	6.080	1162770	0.000	0	0.000	0	6.250	3500	6.260	11300	6.270	48200	6.280	38099	6.290	24700	/16842757//277882976/44798836/6.1/6.38//2008-9-18 13:54:43
4/600005/武钢股份/6.150	19800	6.140	200	6.130	1300	6.120	26500	6.100	182800	6.200	97700	6.220	13600	6.240	1700	6.250	6500	6.260	13600	/16842757//284606464/45902176/6.15/6.38//2008-9-18 13:55:44
4/600005/武钢股份/6.150	1000	6.120	600	6.110	29700	6.100	108300	6.090	1443922	6.190	92699	6.200	112200	6.220	13000	6.240	1900	6.250	47400	/16842757//292019168/47117416/6.11/6.38//2008-9-18 13:56:44
4/600005/武钢股份/6.150	11200	6.120	15860	6.110	109400	6.100	656500	6.090	1599122	6.180	3200	6.190	106000	6.200	114800	6.220	13000	6.240	3500	/16842757//293009760/47279356/6.18/6.38//2008-9-18 13:57:45
4/600005/武钢股份/6.150	14500	6.130	11500	6.120	37220	6.110	155200	6.100	972700	6.180	19100	6.190	90401	6.200	104600	6.220	13000	6.240	800	/16842757//293417344/47345496/6.18/6.38//2008-9-18 13:58:45
4/600005/武钢股份/6.160	200	6.150	14400	6.140	2900	6.130	16400	6.120	73620	6.180	10240	6.190	73501	6.200	103700	6.220	12000	6.240	1300	/16842757//293882240/47420896/6.18/6.38//2008-9-18 13:59:46
4/600005/武钢股份/6.160	8220	6.150	8600	6.140	3600	6.130	17000	6.120	70120	6.170	500	6.190	64001	6.200	101200	6.220	12000	6.240	1300	/16842757//294505056/47521776/6.16/6.38//2008-9-18 14:0:47
4/600005/武钢股份/6.140	7400	6.130	3600	6.120	43000	6.110	12200	6.100	615360	6.150	5200	6.160	49140	6.170	16800	6.180	32419	6.190	67001	/16842757//298040192/48099956/6.15/6.38//2008-9-18 14:1:47
4/600005/武钢股份/6.130	1600	6.120	104960	6.110	62500	6.100	624060	6.090	1701322	6.150	4600	6.160	18240	6.170	16800	6.180	27220	6.190	67001	/16842757//298595104/48190496/6.13/6.38//2008-9-18 14:2:48
4/600005/武钢股份/6.140	10860	6.130	18600	6.120	45160	6.110	94800	6.100	626260	6.150	500	6.160	18240	6.170	15000	6.180	29320	6.190	67001	/16842757//299227904/48293836/6.15/6.38//2008-9-18 14:3:48
4/600005/武钢股份/6.140	5020	6.130	300	6.120	7400	6.110	100000	6.100	630260	6.160	8740	6.170	15000	6.180	14820	6.190	67001	6.200	103500	/16842757//300063072/48430076/6.14/6.38//2008-9-18 14:4:49
4/600005/武钢股份/6.180	15000	6.170	10800	6.150	1500	6.140	100	6.130	100	6.190	52461	6.200	103500	6.220	9300	6.240	800	6.250	50800	/16842757//301467136/48658900/6.18/6.38//2008-9-18 14:5:50
4/600005/武钢股份/6.190	37000	6.180	1000	6.170	4200	6.160	27400	6.150	1500	6.200	32150	6.220	9300	6.240	1900	6.250	50400	6.260	14400	/16842757//302708384/48859400/6.2/6.38//2008-9-18 14:6:50
4/600005/武钢股份/6.190	900	6.170	4000	6.160	1500	6.150	700	6.140	45200	6.200	80629	6.220	9400	6.240	2400	6.250	43100	6.260	14400	/16842757//303679904/49016400/6.2/6.38//2008-9-18 14:7:51
4/600005/武钢股份/6.210	400	6.200	25371	6.170	3600	6.160	300	6.150	7060	6.220	3600	6.240	2400	6.250	48100	6.260	14400	6.270	15000	/16842757//305343168/49285072/6.22/6.38//2008-9-18 14:8:51
4/600005/武钢股份/6.220	1000	6.200	7631	6.190	1200	6.170	3600	6.150	4160	6.250	77800	6.260	14400	6.270	13500	6.280	15500	6.290	43000	/16842757//306223232/49426512/6.25/6.38//2008-9-18 14:9:52
4/600005/武钢股份/6.240	183500	6.230	1200	6.220	15600	6.210	1800	6.200	1100	6.280	2000	6.300	85249	6.310	3800	6.320	4900	6.330	3900	/16842757//307751776/49670652/6.24/6.38//2008-9-18 14:10:53
4/600005/武钢股份/6.280	8300	6.260	5400	6.250	9500	6.240	122800	6.230	200	6.290	201	6.300	67329	6.310	2300	6.320	5800	6.330	6400	/16842757//309206176/49902352/6.29/6.38//2008-9-18 14:11:53
4/600005/武钢股份/6.290	4900	6.280	22900	6.270	1000	6.260	38860	6.250	14200	6.300	74430	6.310	3300	6.320	6100	6.330	21100	6.340	13900	/16842757//310786624/50153692/6.3/6.38//2008-9-18 14:12:54
4/600005/武钢股份/6.290	1200	6.280	800	6.270	4100	6.260	11500	6.250	3300	6.300	243630	6.310	3300	6.320	9100	6.330	23600	6.340	14400	/16842757//313351360/50562432/6.3/6.38//2008-9-18 14:13:55
4/600005/武钢股份/6.300	233070	6.240	7280	6.230	1400	6.220	14400	6.210	14000	6.310	3300	6.320	7300	6.330	26100	6.340	15000	6.350	85280	/16842757//315565312/50914300/6.3/6.38//2008-9-18 14:14:55
4/600005/武钢股份/6.320	400	6.310	500	6.300	500	6.290	10600	6.280	3300	6.330	4370	6.340	15700	6.350	187880	6.360	20091	6.370	6000	/16842757//317544928/51228372/6.32/6.38//2008-9-18 14:15:56
4/600005/武钢股份/6.330	2000	6.320	2700	6.310	3400	6.300	212100	6.290	9300	6.340	38200	6.350	46190	6.360	21591	6.370	20800	6.380	17100	/16842757//319613760/51554372/6.34/6.38//2008-9-18 14:16:56
4/600005/武钢股份/6.350	210	6.340	84500	6.330	15500	6.320	21160	6.310	32900	6.360	2891	6.370	22200	6.380	24100	6.390	71200	6.400	54100	/16842757//321536928/51858232/6.35/6.38//2008-9-18 14:17:57
4/600005/武钢股份/6.350	23800	6.330	33160	6.320	1160	6.310	48100	6.300	154670	6.360	93200	6.380	62891	6.390	52000	6.400	54901	6.410	2400	/16842757//322833184/52061772/6.36/6.38//2008-9-18 14:18:58
4/600005/武钢股份/6.390	12200	6.380	7300	6.370	21400	6.360	69060	6.350	33709	6.400	70301	6.410	2000	6.420	23000	6.430	11500	6.440	8800	/16842757//325180704/52429704/6.4/6.38//2008-9-18 14:19:58
4/600005/武钢股份/6.430	46000	6.420	2300	6.410	96500	6.400	96100	6.390	24500	6.450	70400	6.460	4800	6.470	14300	6.480	26500	6.490	9900	/16842757//326880032/52694844/6.45/6.38//2008-9-18 14:20:59
4/600005/武钢股份/6.480	90100	6.470	6500	6.460	79900	6.450	245600	6.440	9100	6.490	9200	6.500	231950	6.510	3300	6.520	1200	6.530	2300	/16842757//328095808/52883084/6.48/6.38//2008-9-18 14:22:0
4/600005/武钢股份/6.510	114400	6.500	285310	6.490	27300	6.480	39000	6.470	36800	6.530	500	6.540	200	6.550	8600	6.560	7307	6.570	10850	/16842757//333398464/53698272/6.51/6.38//2008-9-18 14:23:0
4/600005/武钢股份/6.570	29000	6.560	15300	6.550	96200	6.540	28760	6.530	24500	6.580	5447	6.590	24850	6.600	96500	6.610	5100	6.620	27400	/16842757//335299392/53988312/6.58/6.38//2008-9-18 14:24:1
4/600005/武钢股份/6.540	20000	6.530	19100	6.520	17200	6.510	73600	6.500	76700	6.550	20936	6.570	100	6.580	52186	6.590	100	6.600	374300	/16842757//338886624/54533812/6.55/6.38//2008-9-18 14:25:2
4/600005/武钢股份/6.540	10600	6.530	17600	6.520	49900	6.510	58900	6.500	81100	6.550	81230	6.560	2100	6.570	152600	6.580	90700	6.590	79922	/16842757//340759264/54819212/6.55/6.38//2008-9-18 14:26:2
4/600005/武钢股份/6.520	32600	6.510	55900	6.500	84600	6.490	7300	6.480	27900	6.530	163900	6.540	32400	6.550	123000	6.560	31200	6.570	159700	/16842757//343178784/55189212/6.52/6.38//2008-9-18 14:27:3
4/600005/武钢股份/6.500	51400	6.490	6100	6.480	26100	6.470	4100	6.460	15100	6.510	25940	6.520	58400	6.530	71822	6.540	26400	6.550	112500	/16842757//346479744/55695412/6.5/6.38//2008-9-18 14:28:4
4/600005/武钢股份/6.410	3500	6.400	67700	6.390	2400	6.380	2600	6.370	24500	6.430	1000	6.440	2500	6.450	79550	6.460	2000	6.470	6600	/16842757//348251616/55969312/6.45/6.38//2008-9-18 14:29:4
4/600005/武钢股份/6.390	4300	6.380	2800	6.370	23700	6.360	4000	6.350	20600	6.400	8159	6.410	5400	6.430	14400	6.440	6100	6.450	116850	/16842757//348921536/56073912/6.4/6.38//2008-9-18 14:30:5
4/600005/武钢股份/6.390	500	6.380	34760	6.370	24300	6.360	4000	6.350	24400	6.400	285300	6.430	6459	6.440	9100	6.450	114650	6.460	3000	/16842757//350095840/56256952/6.4/6.38//2008-9-18 14:31:6
4/600005/武钢股份/6.310	1800	6.300	288820	6.290	1900	6.280	5600	6.270	400	6.390	1300	6.400	259300	6.410	200	6.430	16659	6.440	8100	/16842757//353165472/56742684/6.31/6.38//2008-9-18 14:32:6
4/600005/武钢股份/6.390	9500	6.320	34500	6.310	135300	6.300	345380	6.290	4700	6.400	156600	6.410	200	6.430	18659	6.440	5100	6.450	83850	/16842757//354214336/56907224/6.4/6.38//2008-9-18 14:33:7
4/600005/武钢股份/6.390	2200	6.360	7700	6.350	17060	6.340	3600	6.330	74300	6.400	28800	6.410	200	6.430	17959	6.440	5100	6.450	85850	/16842757//355642400/57130664/6.39/6.38//2008-9-18 14:34:8
4/600005/武钢股份/6.430	19200	6.420	2300	6.410	35800	6.400	80000	6.390	2100	6.440	2000	6.450	65409	6.460	2400	6.470	700	6.480	500	/16842757//356610976/57281604/6.43/6.38//2008-9-18 14:35:8
4/600005/武钢股份/6.400	50800	6.390	4800	6.380	200	6.360	14260	6.350	26760	6.430	1200	6.440	1100	6.450	122249	6.460	3400	6.470	500	/16842757//358296864/57543904/6.41/6.38//2008-9-18 14:36:9
4/600005/武钢股份/6.400	1460	6.390	3800	6.380	3400	6.360	14260	6.350	40660	6.410	13300	6.420	2400	6.430	20200	6.440	31100	6.450	116349	/16842757//358875232/57634144/6.41/6.38//2008-9-18 14:37:10
4/600005/武钢股份/6.350	38774	6.340	56600	6.330	65700	6.320	41500	6.310	69100	6.360	4200	6.390	1900	6.400	87000	6.410	12000	6.420	11500	/16842757//359665024/57758248/6.35/6.38//2008-9-18 14:38:10
4/600005/武钢股份/6.330	7567	6.320	30900	6.310	70200	6.300	319180	6.290	5500	6.340	700	6.350	161798	6.360	4300	6.370	500	6.380	400	/16842757//360871552/57948456/6.34/6.38//2008-9-18 14:39:11
4/600005/武钢股份/6.330	2300	6.320	25667	6.310	94400	6.300	284280	6.290	5400	6.340	33986	6.350	165798	6.360	3200	6.370	500	6.380	1300	/16842757//361403648/58032464/6.34/6.38//2008-9-18 14:40:12
4/600005/武钢股份/6.340	300	6.330	2300	6.320	100	6.310	11100	6.300	19941	6.350	11633	6.360	3200	6.370	500	6.380	1300	6.390	14999	/16842757//366337888/58812768/6.34/6.38//2008-9-18 14:41:12
4/600005/武钢股份/6.330	4922	6.320	14800	6.310	33227	6.300	59341	6.290	18200	6.340	1500	6.350	9500	6.360	8200	6.370	500	6.380	5200	/16842757//366781824/58882820/6.33/6.38//2008-9-18 14:42:13
4/600005/武钢股份/6.300	44979	6.290	18200	6.280	22600	6.270	2400	6.260	7500	6.330	40000	6.340	6870	6.350	529000	6.360	12700	6.370	1500	/16842757//368018496/59078528/6.33/6.38//2008-9-18 14:43:14
4/600005/武钢股份/6.290	8573	6.280	28300	6.270	2400	6.260	7500	6.250	37300	6.300	16300	6.320	8700	6.330	40600	6.340	10570	6.350	528600	/16842757//368912512/59220336/6.3/6.38//2008-9-18 14:44:14
4/600005/武钢股份/6.220	34027	6.210	12818	6.200	177000	6.190	200	6.180	10100	6.300	1400	6.320	9900	6.330	50600	6.340	14570	6.350	528600	/16842757//371418784/59619644/6.3/6.38//2008-9-18 14:45:15
4/600005/武钢股份/6.220	7527	6.210	27718	6.200	174700	6.190	200	6.180	10600	6.290	600	6.300	202000	6.320	1850	6.330	51100	6.340	15370	/16842757//372065472/59722648/6.22/6.38//2008-9-18 14:46:16
4/600005/武钢股份/6.230	1000	6.200	78641	6.190	700	6.180	11800	6.170	29600	6.280	8200	6.290	52095	6.300	205500	6.310	100	6.320	2350	/16842757//374430848/60103052/6.2/6.38//2008-9-18 14:47:16
4/600005/武钢股份/6.220	14894	6.210	37500	6.200	105941	6.190	4300	6.180	42600	6.250	3900	6.260	1000	6.270	4700	6.280	99400	6.290	66600	/16842757//374860096/60171760/6.25/6.38//2008-9-18 14:48:17
4/600005/武钢股份/6.200	3162	6.190	400	6.180	40327	6.170	4300	6.160	5300	6.220	16800	6.230	4700	6.240	1000	6.250	6700	6.270	17400	/16842757//376526784/60440304/6.2/6.38//2008-9-18 14:49:18
4/600005/武钢股份/6.210	4827	6.200	945	6.190	7500	6.180	900	6.150	3500	6.220	200	6.230	4300	6.250	18800	6.260	400	6.270	16400	/16842757//379068288/60851968/6.21/6.38//2008-9-18 14:50:18
4/600005/武钢股份/6.170	2000	6.160	2300	6.150	11000	6.140	12127	6.130	50956	6.190	34696	6.200	395461	6.210	1000	6.220	4500	6.230	4300	/16842757//380781344/61129112/6.19/6.38//2008-9-18 14:51:19
4/600005/武钢股份/6.170	600	6.160	7200	6.150	45967	6.140	49000	6.130	43300	6.180	4600	6.190	4500	6.200	394557	6.210	500	6.220	4700	/16842757//383728224/61609944/6.17/6.38//2008-9-18 14:52:20
4/600005/武钢股份/6.190	26194	6.180	57000	6.170	18800	6.160	168700	6.150	46800	6.200	330857	6.210	500	6.220	4500	6.230	600	6.250	23300	/16842757//384668448/61761824/6.19/6.38//2008-9-18 14:53:21
4/600005/武钢股份/6.220	200	6.210	23000	6.200	337037	6.190	114094	6.180	41100	6.230	6100	6.250	20300	6.260	100	6.270	13500	6.280	21400	/16842757//388282080/62344488/6.23/6.38//2008-9-18 14:54:21
4/600005/武钢股份/6.230	6200	6.220	2100	6.200	48008	6.190	98594	6.180	40900	6.250	8800	6.260	3600	6.270	7900	6.280	22900	6.290	34100	/16842757//391836576/62917216/6.25/6.38//2008-9-18 14:55:22
4/600005/武钢股份/6.230	12100	6.220	3800	6.210	32500	6.200	255791	6.190	125294	6.250	25600	6.260	6300	6.270	9500	6.280	21700	6.290	39200	/16842757//393877216/63245832/6.23/6.38//2008-9-18 14:56:23
4/600005/武钢股份/6.260	33100	6.250	120700	6.240	2100	6.230	38500	6.220	15900	6.270	32500	6.280	15700	6.290	41700	6.300	69000	6.310	100	/16842757//394352032/63321732/6.27/6.38//2008-9-18 14:57:23
4/600005/武钢股份/6.270	800	6.260	48118	6.250	96000	6.240	11700	6.230	18300	6.280	13470	6.290	31300	6.300	74300	6.310	100	6.320	12150	/16842757//395723904/63540512/6.28/6.38//2008-9-18 14:58:24
4/600005/武钢股份/6.280	24698	6.230	17300	6.220	14000	6.210	21800	6.200	359391	6.290	22900	6.300	71800	6.310	600	6.320	12350	6.330	11100	/16842757//397994592/63903032/6.28/6.38//2008-9-18 14:59:25
4/600005/武钢股份/6.270	500	6.260	10200	6.250	18200	6.240	26800	6.230	33000	6.280	899	6.290	19600	6.300	81000	6.310	600	6.320	13350	/16842757//398947520/64054832/6.28/6.38//2008-9-18 15:0:26
4/600005/武钢股份/6.270	500	6.260	10200	6.250	18200	6.240	26800	6.230	33000	6.280	899	6.290	19600	6.300	81000	6.310	600	6.320	13350	/16842757//398947520/64054832/6.28/6.38//2008-9-18 15:1:26
4/600005/武钢股份/6.270	500	6.260	10200	6.250	18200	6.240	26800	6.230	33000	6.280	899	6.290	19600	6.300	81000	6.310	600	6.320	13350	/16842757//398947520/64054832/6.28/6.38//2008-9-18 15:2:27
