36/600072/中船股份/7.950	10000	7.910	400	7.900	12100	7.880	1000	7.850	100	7.990	15310	8.000	34720	8.010	900	8.020	1500	8.030	1400	/16842790//551858/69000/7.9/8.27//2008-9-18 9:31:34
36/600072/中船股份/7.990	10090	7.950	9800	7.920	4000	7.910	2600	7.900	13200	8.000	33920	8.010	900	8.020	1500	8.030	1400	8.050	500	/16842790//688568/86110/8.0/8.27//2008-9-18 9:32:35
36/600072/中船股份/7.990	5900	7.980	200	7.950	10000	7.920	1000	7.910	1600	8.000	21020	8.010	900	8.020	1500	8.030	1400	8.060	3000	/16842790//858110/107310/8.0/8.27//2008-9-18 9:33:35
36/600072/中船股份/8.000	17780	7.990	6600	7.980	1200	7.950	10000	7.920	1000	8.060	3000	8.080	4100	8.100	13100	8.170	1400	8.190	2000	/16842790//1092015/136530/8.0/8.27//2008-9-18 9:34:35
36/600072/中船股份/8.070	100	8.060	2700	8.050	5000	8.030	6200	8.000	21380	8.080	6000	8.100	13500	8.170	1400	8.190	2000	8.200	2100	/16842790//1125052/140630/8.06/8.27//2008-9-18 9:35:35
36/600072/中船股份/8.030	1000	8.000	17980	7.990	1400	7.980	3200	7.970	500	8.050	51366	8.060	1000	8.070	4200	8.080	3800	8.090	4000	/16842790//1299742/162330/8.05/8.27//2008-9-18 9:36:36
36/600072/中船股份/8.000	4900	7.990	800	7.980	3400	7.970	500	7.950	10400	8.020	600	8.030	900	8.040	200	8.050	55466	8.070	1300	/16842790//1405466/175530/8.0/8.27//2008-9-18 9:37:36
36/600072/中船股份/7.980	3200	7.970	500	7.950	9900	7.910	1600	7.900	4300	8.000	5400	8.030	3600	8.040	200	8.050	55466	8.070	1000	/16842790//1476656/184430/7.99/8.27//2008-9-18 9:38:36
36/600072/中船股份/7.980	1900	7.970	500	7.950	10300	7.910	1600	7.900	7900	7.990	200	8.030	3600	8.040	200	8.050	56966	8.070	1000	/16842790//1598225/199630/8.0/8.27//2008-9-18 9:39:36
36/600072/中船股份/7.980	1300	7.970	500	7.950	10300	7.910	1600	7.900	7900	7.990	1000	8.000	65400	8.010	500	8.020	300	8.030	900	/16842790//1678082/209630/7.98/8.27//2008-9-18 9:40:36
36/600072/中船股份/7.970	1000	7.960	800	7.950	8600	7.910	2200	7.900	8900	8.000	64900	8.010	500	8.020	300	8.030	900	8.040	800	/16842790//1737077/217030/8.0/8.27//2008-9-18 9:41:37
36/600072/中船股份/7.990	3000	7.980	1000	7.970	1000	7.960	1000	7.950	8800	8.000	60700	8.010	500	8.030	900	8.040	800	8.050	55066	/16842790//1816981/227030/8.0/8.27//2008-9-18 9:42:37
36/600072/中船股份/7.960	3000	7.950	9500	7.910	2300	7.900	10400	7.890	700	8.000	62200	8.010	500	8.030	900	8.040	700	8.050	54566	/16842790//1887294/235830/7.99/8.27//2008-9-18 9:43:37
36/600072/中船股份/7.970	1700	7.960	2600	7.950	9600	7.910	4600	7.900	9500	8.000	40000	8.010	500	8.040	1100	8.050	54566	8.080	2300	/16842790//2105673/263130/8.0/8.27//2008-9-18 9:44:37
36/600072/中船股份/7.990	2900	7.980	700	7.970	3200	7.960	4100	7.950	9000	8.000	8700	8.010	500	8.040	3800	8.050	54566	8.080	2400	/16842790//2357672/294630/8.0/8.27//2008-9-18 9:45:37
36/600072/中船股份/8.000	4500	7.990	2900	7.980	2300	7.970	1300	7.960	5100	8.010	500	8.040	2100	8.050	3800	8.080	2400	8.100	2400	/16842790//2511186/313830/8.0/8.27//2008-9-18 9:46:38
36/600072/中船股份/8.020	200	8.010	2700	8.000	4500	7.990	3300	7.980	2800	8.030	400	8.040	2100	8.050	3800	8.080	2400	8.100	2400	/16842790//2536825/317030/8.01/8.27//2008-9-18 9:47:38
36/600072/中船股份/8.040	900	8.030	4599	8.010	5000	8.000	5100	7.990	3300	8.050	400	8.080	2400	8.100	2400	8.170	1500	8.190	6700	/16842790//2594738/324231/8.04/8.27//2008-9-18 9:48:38
36/600072/中船股份/8.030	4499	8.010	5000	8.000	7200	7.990	3300	7.980	2700	8.040	500	8.050	23300	8.080	2400	8.100	2400	8.170	1400	/16842790//2670328/333631/8.05/8.27//2008-9-18 9:49:39
36/600072/中船股份/8.040	100	8.030	4499	8.010	5200	8.000	8500	7.990	1600	8.050	23300	8.080	1900	8.100	2300	8.170	1400	8.180	4000	/16842790//2675952/334331/8.04/8.27//2008-9-18 9:50:39
36/600072/中船股份/8.030	1899	8.010	5200	8.000	10000	7.990	1600	7.980	3700	8.040	500	8.050	31300	8.080	1900	8.100	2300	8.170	1400	/16842790//2711299/338731/8.03/8.27//2008-9-18 9:51:39
36/600072/中船股份/8.030	1199	8.010	5500	8.000	10000	7.990	1600	7.980	3800	8.050	29900	8.080	1900	8.100	2300	8.170	1400	8.180	4400	/16842790//2757133/344431/8.03/8.27//2008-9-18 9:52:39
36/600072/中船股份/8.010	3700	8.000	9800	7.990	1600	7.980	3800	7.970	1300	8.020	500	8.030	1901	8.040	5600	8.050	30900	8.080	1900	/16842790//2783582/347730/8.01/8.27//2008-9-18 9:53:40
36/600072/中船股份/8.000	7500	7.990	1600	7.980	3600	7.970	1300	7.960	1100	8.010	3000	8.020	400	8.030	1901	8.040	7600	8.050	31300	/16842790//2876466/359330/8.0/8.27//2008-9-18 9:54:40
36/600072/中船股份/7.990	1400	7.980	4000	7.970	1300	7.960	1100	7.950	10200	8.000	8300	8.010	1600	8.020	900	8.030	1901	8.040	7600	/16842790//2942866/367630/7.99/8.27//2008-9-18 9:55:40
36/600072/中船股份/8.000	3900	7.990	300	7.980	4500	7.970	1300	7.960	2100	8.010	1600	8.020	5400	8.030	1901	8.040	7600	8.050	32600	/16842790//2992457/373830/8.0/8.27//2008-9-18 9:56:41
36/600072/中船股份/7.980	1000	7.970	1300	7.960	2600	7.950	9900	7.930	1200	8.000	1900	8.010	2200	8.020	5400	8.030	1901	8.040	8000	/16842790//3073179/383930/7.98/8.27//2008-9-18 9:57:41
36/600072/中船股份/7.980	800	7.970	100	7.960	2600	7.950	9900	7.930	1200	8.000	1000	8.010	2200	8.020	5400	8.030	801	8.040	8000	/16842790//3093959/386530/8.0/8.27//2008-9-18 9:58:41
36/600072/中船股份/7.960	2000	7.950	9900	7.930	1200	7.910	3400	7.900	14600	7.970	1900	8.000	2000	8.010	2200	8.020	5400	8.030	801	/16842790//3125799/390530/7.96/8.27//2008-9-18 9:59:41
36/600072/中船股份/7.960	800	7.950	9900	7.930	1000	7.910	3600	7.900	14900	7.970	700	7.990	1000	8.000	3800	8.010	2200	8.020	5400	/16842790//3167999/395830/7.96/8.27//2008-9-18 10:0:42
36/600072/中船股份/7.950	9400	7.930	1200	7.910	4600	7.900	15700	7.890	2400	7.960	4200	7.970	700	7.980	100	7.990	1400	8.000	4100	/16842790//3192670/398930/7.96/8.27//2008-9-18 10:1:42
36/600072/中船股份/7.930	1200	7.910	5600	7.900	15600	7.890	2400	7.880	2000	7.950	40230	7.960	1300	7.970	700	7.980	100	7.990	1400	/16842790//3292072/411430/7.95/7.96//2008-9-18 10:2:42
36/600072/中船股份/7.890	1500	7.880	1600	7.870	2000	7.860	200	7.850	700	7.900	13600	7.910	2100	7.920	5000	7.930	52600	7.950	40660	/16842790//3480193/435230/7.89/7.96//2008-9-18 10:3:42
36/600072/中船股份/7.830	900	7.820	100	7.810	4700	7.800	20900	7.790	7100	7.850	2030	7.860	5700	7.880	1900	7.890	12300	7.900	5800	/16842790//3547863/443830/7.85/7.96//2008-9-18 10:4:43
36/600072/中船股份/7.800	16700	7.790	7100	7.780	22000	7.750	1500	7.710	400	7.810	1400	7.850	15230	7.880	700	7.890	1600	7.900	11100	/16842790//3710300/464630/7.81/7.96//2008-9-18 10:5:43
36/600072/中船股份/7.780	22000	7.750	1500	7.710	400	7.700	9600	7.690	800	7.790	3400	7.800	20500	7.810	14100	7.850	12730	7.880	400	/16842790//3970781/498030/7.79/7.96//2008-9-18 10:6:43
36/600072/中船股份/7.750	1600	7.710	400	7.700	9900	7.690	800	7.680	6800	7.780	8900	7.790	4500	7.800	9700	7.810	12000	7.850	12730	/16842790//4207343/528430/7.78/7.96//2008-9-18 10:7:44
36/600072/中船股份/7.790	900	7.780	4800	7.770	21300	7.740	100	7.710	6200	7.800	11100	7.810	2200	7.850	13730	7.880	400	7.890	1900	/16842790//4404880/553830/7.79/7.96//2008-9-18 10:8:44
36/600072/中船股份/7.800	4200	7.780	1100	7.770	17500	7.760	300	7.750	3000	7.810	1900	7.850	13730	7.880	400	7.890	300	7.900	10100	/16842790//4574689/575630/7.81/7.96//2008-9-18 10:9:44
36/600072/中船股份/7.820	800	7.810	11000	7.800	1700	7.780	6900	7.770	14700	7.850	12730	7.880	400	7.890	300	7.900	8700	7.910	1300	/16842790//4675994/588630/7.81/7.96//2008-9-18 10:10:44
36/600072/中船股份/7.820	2100	7.810	6500	7.800	1900	7.780	7600	7.770	14700	7.850	12630	7.890	300	7.900	8700	7.910	1300	7.950	35230	/16842790//4788506/603030/7.81/7.96//2008-9-18 10:11:45
36/600072/中船股份/7.830	500	7.820	9600	7.810	7500	7.800	3100	7.780	3300	7.840	1000	7.850	12130	7.890	300	7.900	8700	7.910	1300	/16842790//4819045/606930/7.83/7.96//2008-9-18 10:12:45
36/600072/中船股份/7.830	3800	7.820	1000	7.810	6300	7.800	4700	7.790	2000	7.850	9000	7.910	2300	7.940	1000	7.950	36030	7.960	600	/16842790//5164821/650960/7.85/7.96//2008-9-18 10:13:45
36/600072/中船股份/7.830	500	7.810	3700	7.800	4500	7.790	2000	7.780	3100	7.850	17800	7.900	7000	7.910	2300	7.940	4000	7.950	36030	/16842790//5245454/661260/7.85/7.96//2008-9-18 10:14:46
36/600072/中船股份/7.810	3800	7.800	4600	7.790	2000	7.780	4100	7.770	2100	7.830	100	7.840	1600	7.850	22900	7.900	7000	7.910	2300	/16842790//5294812/667560/7.83/7.96//2008-9-18 10:15:46
36/600072/中船股份/7.890	500	7.880	11100	7.850	400	7.830	1400	7.810	3800	7.900	6500	7.910	1300	7.940	4000	7.950	36030	7.960	600	/16842790//5692020/718060/7.88/7.96//2008-9-18 10:16:46
36/600072/中船股份/7.890	12400	7.880	9100	7.850	400	7.830	1400	7.810	3600	7.900	2500	7.910	1300	7.940	5700	7.950	35230	7.960	600	/16842790//5751220/725560/7.9/7.96//2008-9-18 10:17:47
36/600072/中船股份/7.900	2500	7.890	12400	7.880	9100	7.850	700	7.830	1400	7.910	1300	7.940	6200	7.950	35230	7.960	600	7.970	700	/16842790//5774920/728560/7.9/7.96//2008-9-18 10:18:47
36/600072/中船股份/7.900	4700	7.890	12400	7.880	9100	7.850	700	7.830	1400	8.000	14997	8.010	1300	8.020	4900	8.030	600	8.040	600	/16842790//6428151/810360/8.0/7.96//2008-9-18 10:19:47
36/600072/中船股份/7.880	2600	7.850	300	7.830	1400	7.810	5200	7.800	15400	7.900	3100	7.990	4000	8.000	15397	8.010	1300	8.020	4900	/16842790//6749387/851060/7.9/7.96//2008-9-18 10:20:48
36/600072/中船股份/7.900	3200	7.890	200	7.880	7300	7.850	300	7.830	1400	7.990	400	8.000	16397	8.010	1300	8.020	4900	8.030	600	/16842790//6824764/860560/7.9/7.96//2008-9-18 10:21:48
36/600072/中船股份/7.930	100	7.900	5000	7.890	200	7.880	2900	7.850	1100	7.980	100	7.990	1800	8.000	16797	8.010	1300	8.020	4900	/16842790//6850894/863860/7.93/7.96//2008-9-18 10:22:48
36/600072/中船股份/7.910	1400	7.900	2700	7.880	2900	7.850	1100	7.830	3000	7.970	1000	7.980	2000	7.990	1800	8.000	17097	8.010	1300	/16842790//6869090/866160/7.91/7.96//2008-9-18 10:23:48
36/600072/中船股份/7.920	1800	7.910	1000	7.900	5400	7.880	2700	7.850	1500	7.950	400	7.970	1000	7.990	2800	8.000	17897	8.010	600	/16842790//6900842/870160/7.92/7.96//2008-9-18 10:24:49
36/600072/中船股份/7.910	1000	7.900	6500	7.880	2700	7.850	1500	7.830	3000	7.920	300	7.970	11700	7.980	3000	7.990	2800	8.000	18897	/16842790//6953184/876760/7.92/7.96//2008-9-18 10:25:49
36/600072/中船股份/7.920	1200	7.910	1000	7.900	5700	7.880	2700	7.850	1500	7.950	3200	7.960	1200	7.970	11700	7.980	3000	7.990	2400	/16842790//6955560/877060/7.92/7.96//2008-9-18 10:26:49
36/600072/中船股份/7.910	300	7.900	3900	7.880	2700	7.850	2500	7.830	3000	7.920	1000	7.940	1000	7.950	3800	7.960	1200	7.970	11700	/16842790//6987194/881060/7.9/7.96//2008-9-18 10:27:50
36/600072/中船股份/7.920	485	7.910	2800	7.900	3900	7.880	2700	7.850	2900	7.940	1000	7.950	4300	7.960	1200	7.970	11700	7.980	3000	/16842790//7007889/883675/7.92/7.96//2008-9-18 10:28:50
36/600072/中船股份/7.910	3200	7.900	5000	7.880	2700	7.850	2500	7.830	3000	7.920	315	7.940	500	7.950	4100	7.960	1200	7.970	11800	/16842790//7017284/884860/7.92/7.96//2008-9-18 10:29:50
36/600072/中船股份/7.910	3200	7.900	4500	7.880	2700	7.850	3200	7.830	3000	7.920	8000	7.940	15	7.950	4100	7.960	3200	7.970	11800	/16842790//7045024/888360/7.92/7.96//2008-9-18 10:30:51
36/600072/中船股份/7.920	300	7.910	400	7.900	7900	7.880	2700	7.850	3200	7.940	15	7.950	4100	7.960	3200	7.970	10600	7.980	3000	/16842790//7167784/903860/7.92/7.96//2008-9-18 10:31:51
36/600072/中船股份/7.900	6700	7.880	2700	7.850	3200	7.830	3000	7.810	4000	7.940	15	7.950	4100	7.960	3200	7.970	10600	7.980	3000	/16842790//7117869/897560/7.9/7.96//2008-9-18 10:32:51
36/600072/中船股份/7.900	5500	7.880	2700	7.850	3200	7.830	3000	7.810	4000	7.920	17000	7.940	15	7.950	4100	7.960	3200	7.970	11300	/16842790//7128165/898860/7.92/7.96//2008-9-18 10:33:52
36/600072/中船股份/7.880	3000	7.850	3200	7.830	3000	7.810	4000	7.800	37300	7.900	600	7.910	1200	7.920	16600	7.940	15	7.950	4100	/16842790//7180315/905460/7.9/7.96//2008-9-18 10:34:52
36/600072/中船股份/7.850	2700	7.830	3000	7.810	3700	7.800	38500	7.790	2000	7.900	4000	7.910	1200	7.920	11500	7.940	15	7.950	4100	/16842790//7227615/911460/7.9/7.96//2008-9-18 10:35:52
36/600072/中船股份/7.880	23800	7.850	2700	7.830	3000	7.810	4200	7.800	38400	7.900	7900	7.910	1200	7.920	11500	7.940	15	7.950	4100	/16842790//7238647/912860/7.88/7.96//2008-9-18 10:36:53
36/600072/中船股份/7.880	19900	7.850	4000	7.830	3000	7.810	4700	7.800	37400	7.900	9500	7.920	11500	7.940	15	7.950	3600	7.960	3200	/16842790//7272539/917160/7.88/7.96//2008-9-18 10:37:53
36/600072/中船股份/7.890	100	7.880	13739	7.850	3800	7.830	3000	7.810	5500	7.900	2400	7.910	500	7.920	11500	7.940	15	7.950	3600	/16842790//7346368/926521/7.88/7.96//2008-9-18 10:38:53
36/600072/中船股份/7.880	21039	7.850	3800	7.830	3000	7.810	8100	7.800	37900	7.890	100	7.900	2400	7.910	500	7.920	11500	7.940	15	/16842790//7384200/931321/7.88/7.96//2008-9-18 10:39:54
36/600072/中船股份/7.880	3839	7.850	3800	7.830	3000	7.810	8100	7.800	37900	7.890	200	7.900	2400	7.910	500	7.940	15	7.950	3600	/16842790//7526040/949321/7.88/7.96//2008-9-18 10:40:54
36/600072/中船股份/7.850	3800	7.830	3000	7.810	6900	7.800	38500	7.790	2000	7.890	861	7.900	2400	7.910	500	7.940	115	7.950	3600	/16842790//7582308/956460/7.89/7.96//2008-9-18 10:41:54
36/600072/中船股份/7.850	300	7.830	3000	7.810	6900	7.800	38500	7.790	2000	7.880	100	7.890	861	7.900	2400	7.910	500	7.940	115	/16842790//7613723/960460/7.88/7.96//2008-9-18 10:42:55
36/600072/中船股份/7.850	800	7.800	13600	7.790	2000	7.780	4300	7.770	1600	7.880	2400	7.890	661	7.900	2600	7.910	500	7.940	4915	/16842790//7898678/996960/7.8/7.96//2008-9-18 10:43:55
36/600072/中船股份/7.850	700	7.810	1500	7.800	15500	7.790	2000	7.780	4300	7.880	2400	7.890	661	7.900	2600	7.910	600	7.940	5015	/16842790//7912808/998760/7.85/7.96//2008-9-18 10:44:56
36/600072/中船股份/7.810	1400	7.800	10800	7.790	2000	7.780	4300	7.770	1600	7.850	9300	7.880	2200	7.890	661	7.900	2900	7.910	600	/16842790//7920664/999760/7.85/7.96//2008-9-18 10:45:56
36/600072/中船股份/7.820	1900	7.810	1400	7.800	11800	7.790	2000	7.780	4300	7.850	13000	7.870	500	7.880	2200	7.890	661	7.900	2900	/16842790//7919876/999660/7.82/7.96//2008-9-18 10:46:56
36/600072/中船股份/7.800	5600	7.790	2000	7.780	3400	7.770	1600	7.760	4000	7.820	9900	7.850	12800	7.870	500	7.880	2200	7.890	661	/16842790//7989348/1008560/7.8/7.96//2008-9-18 10:47:57
36/600072/中船股份/7.790	300	7.780	3400	7.770	1600	7.760	4000	7.750	8700	7.800	2400	7.820	2400	7.850	7800	7.880	2200	7.890	661	/16842790//8077481/1019860/7.8/7.96//2008-9-18 10:48:57
36/600072/中船股份/7.770	1600	7.760	3500	7.750	8700	7.740	100	7.720	200	7.780	100	7.790	2700	7.800	2900	7.820	2000	7.850	7900	/16842790//8145991/1028660/7.79/7.96//2008-9-18 10:49:57
36/600072/中船股份/7.760	1700	7.750	7600	7.740	100	7.720	200	7.710	3000	7.770	500	7.790	2400	7.800	5900	7.820	2000	7.850	7900	/16842790//8234631/1040060/7.77/7.96//2008-9-18 10:50:58
36/600072/中船股份/7.740	100	7.720	200	7.710	3800	7.700	12100	7.690	500	7.750	400	7.790	2200	7.800	5900	7.820	2000	7.850	7900	/16842790//8351767/1055160/7.75/7.96//2008-9-18 10:51:58
36/600072/中船股份/7.740	1600	7.710	5600	7.700	11500	7.690	500	7.680	8300	7.760	600	7.790	2200	7.800	5900	7.820	1900	7.850	7900	/16842790//8389691/1060060/7.76/7.96//2008-9-18 10:52:58
36/600072/中船股份/7.750	1200	7.740	500	7.720	2000	7.710	5200	7.700	13300	7.760	500	7.790	2200	7.800	7400	7.820	1900	7.850	7900	/16842790//8447668/1067560/7.75/7.96//2008-9-18 10:53:59
36/600072/中船股份/7.730	3300	7.720	2600	7.710	7700	7.700	13600	7.690	500	7.760	1600	7.790	2200	7.800	10600	7.820	1900	7.850	8300	/16842790//8467818/1070160/7.76/7.96//2008-9-18 10:54:59
36/600072/中船股份/7.740	300	7.730	200	7.720	3500	7.710	14900	7.700	13600	7.750	2800	7.760	8800	7.790	2200	7.800	10600	7.820	1200	/16842790//8499539/1074260/7.73/7.96//2008-9-18 10:56:0
36/600072/中船股份/7.720	100	7.710	13300	7.700	13000	7.690	1000	7.680	9800	7.730	600	7.740	400	7.750	2800	7.760	1500	7.800	15600	/16842790//8559027/1081960/7.73/7.96//2008-9-18 10:57:0
36/600072/中船股份/7.700	4000	7.690	1000	7.680	9800	7.670	300	7.660	800	7.710	900	7.730	3200	7.740	400	7.750	2900	7.760	1500	/16842790//8719357/1102760/7.7/7.96//2008-9-18 10:58:0
36/600072/中船股份/7.680	6400	7.670	300	7.660	800	7.650	6700	7.640	300	7.700	2200	7.730	3200	7.740	400	7.750	200	7.760	900	/16842790//8799360/1113160/7.69/7.96//2008-9-18 10:59:1
36/600072/中船股份/7.650	4700	7.640	300	7.630	1500	7.610	500	7.600	18400	7.660	2800	7.670	200	7.680	5000	7.700	2100	7.730	3200	/16842790//8922102/1129160/7.65/7.96//2008-9-18 11:0:1
36/600072/中船股份/7.610	1000	7.600	18500	7.590	500	7.580	2900	7.560	1700	7.650	23000	7.660	8700	7.680	500	7.700	2200	7.750	200	/16842790//9021497/1142160/7.65/7.96//2008-9-18 11:1:2
36/600072/中船股份/7.660	3000	7.650	7000	7.610	16400	7.600	19500	7.590	1000	7.680	500	7.700	2200	7.750	200	7.760	100	7.800	10900	/16842790//9353243/1185560/7.65/7.96//2008-9-18 11:2:2
36/600072/中船股份/7.660	5600	7.650	9400	7.620	2700	7.610	21400	7.600	20100	7.680	500	7.700	2200	7.750	200	7.760	2100	7.790	500	/16842790//9413760/1193460/7.66/7.96//2008-9-18 11:3:2
36/600072/中船股份/7.670	3900	7.660	5700	7.650	5500	7.620	3100	7.610	24000	7.700	1600	7.730	1000	7.750	200	7.760	2100	7.790	2100	/16842790//9491183/1203560/7.65/7.96//2008-9-18 11:4:3
36/600072/中船股份/7.680	4900	7.670	800	7.660	500	7.650	8800	7.620	3100	7.700	7900	7.730	1000	7.750	200	7.760	2100	7.790	2100	/16842790//9532664/1208960/7.68/7.96//2008-9-18 11:5:3
36/600072/中船股份/7.700	6600	7.680	4900	7.670	1800	7.660	1600	7.650	5100	7.730	600	7.800	8400	7.820	200	7.850	6000	7.890	661	/16842790//9712131/1232160/7.73/7.96//2008-9-18 11:6:4
36/600072/中船股份/7.750	4700	7.740	500	7.710	6200	7.700	6800	7.680	5300	7.820	200	7.850	3700	7.880	100	7.890	661	7.900	18900	/16842790//9737829/1235460/7.8/7.96//2008-9-18 11:7:4
36/600072/中船股份/7.790	1600	7.770	4800	7.760	3200	7.750	4700	7.740	1100	7.850	1500	7.880	500	7.890	3861	7.900	18900	7.910	100	/16842790//9770657/1239660/7.81/7.96//2008-9-18 11:8:4
36/600072/中船股份/7.820	4100	7.790	1600	7.770	5300	7.760	3000	7.750	4700	7.850	300	7.880	5500	7.890	6061	7.900	29400	7.910	100	/16842790//9802027/1243660/7.85/7.96//2008-9-18 11:9:5
36/600072/中船股份/7.790	1600	7.770	500	7.760	3000	7.750	4700	7.740	600	7.800	100	7.820	1300	7.830	200	7.850	15400	7.870	100	/16842790//9810632/1244760/7.82/7.96//2008-9-18 11:10:5
36/600072/中船股份/7.770	500	7.760	3000	7.750	4700	7.740	500	7.710	1700	7.790	900	7.830	1700	7.840	1800	7.850	17900	7.880	5500	/16842790//9851985/1250060/7.79/7.96//2008-9-18 11:11:6
36/600072/中船股份/7.750	4700	7.740	500	7.710	1700	7.700	3300	7.670	1800	7.790	2400	7.800	600	7.810	100	7.820	1000	7.830	1700	/16842790//9851985/1250060/7.79/7.96//2008-9-18 11:12:6
36/600072/中船股份/7.710	401	7.700	3300	7.670	1800	7.660	1600	7.650	4800	7.770	600	7.780	300	7.790	2500	7.800	600	7.820	1500	/16842790//9927806/1259859/7.71/7.96//2008-9-18 11:13:7
36/600072/中船股份/7.770	2701	7.670	1800	7.660	1100	7.650	5700	7.640	10000	7.780	100	7.790	2500	7.800	700	7.820	1500	7.830	2700	/16842790//10013350/1270959/7.7/7.96//2008-9-18 11:14:7
36/600072/中船股份/7.770	1501	7.700	4500	7.680	5800	7.670	2400	7.660	1100	7.780	100	7.790	2500	7.800	700	7.820	2500	7.830	1500	/16842790//10022674/1272159/7.77/7.96//2008-9-18 11:15:7
36/600072/中船股份/7.770	1001	7.710	5600	7.700	4600	7.680	5800	7.670	2400	7.780	2100	7.790	2000	7.800	3700	7.820	2500	7.830	1500	/16842790//10029667/1273059/7.77/7.96//2008-9-18 11:16:8
36/600072/中船股份/7.780	5600	7.770	801	7.720	6500	7.710	5600	7.700	4600	7.790	2000	7.800	3700	7.820	2500	7.830	1500	7.840	2100	/16842790//10067004/1277859/7.78/7.96//2008-9-18 11:17:8
36/600072/中船股份/7.720	6500	7.710	5600	7.700	5600	7.680	5800	7.670	2400	7.770	300	7.780	9399	7.790	2000	7.800	6700	7.820	2500	/16842790//10143924/1287760/7.78/7.96//2008-9-18 11:18:9
36/600072/中船股份/7.730	8000	7.720	6500	7.710	5600	7.700	5700	7.680	5800	7.770	500	7.780	2399	7.790	2100	7.800	9400	7.820	2500	/16842790//10211597/1296460/7.78/7.96//2008-9-18 11:19:9
36/600072/中船股份/7.730	500	7.720	6000	7.710	5600	7.700	5700	7.680	5800	7.770	1000	7.780	2000	7.790	2100	7.800	6700	7.820	2500	/16842790//10283529/1305760/7.73/7.96//2008-9-18 11:20:10
36/600072/中船股份/7.720	6000	7.710	5600	7.700	5700	7.680	5800	7.670	2500	7.730	900	7.760	100	7.770	1000	7.780	2000	7.790	2100	/16842790//10302854/1308260/7.73/7.96//2008-9-18 11:21:10
36/600072/中船股份/7.730	1500	7.720	2500	7.710	5600	7.700	5800	7.680	5800	7.760	100	7.770	1000	7.780	2000	7.790	2100	7.800	6700	/16842790//10339150/1312960/7.72/7.96//2008-9-18 11:22:10
36/600072/中船股份/7.720	2500	7.710	5600	7.700	5800	7.680	5800	7.670	2500	7.730	2900	7.750	400	7.760	100	7.770	1800	7.780	2000	/16842790//10378573/1318060/7.73/7.96//2008-9-18 11:23:11
36/600072/中船股份/7.710	3600	7.700	5800	7.680	5800	7.670	2500	7.660	1100	7.720	2378	7.730	700	7.760	100	7.770	1800	7.780	2000	/16842790//10453496/1327760/7.71/7.96//2008-9-18 11:24:11
36/600072/中船股份/7.700	3300	7.680	5800	7.670	2500	7.660	1100	7.650	3800	7.710	1500	7.730	1300	7.760	100	7.770	1800	7.780	2000	/16842790//10483565/1331660/7.71/7.96//2008-9-18 11:25:12
36/600072/中船股份/7.660	1100	7.650	3800	7.620	1600	7.610	10800	7.600	20400	7.670	700	7.680	8400	7.700	5700	7.710	3300	7.730	1300	/16842790//10577284/1343860/7.67/7.96//2008-9-18 11:26:12
36/600072/中船股份/7.650	3100	7.620	4200	7.610	10700	7.600	20400	7.590	1300	7.660	400	7.680	8300	7.700	600	7.710	800	7.730	1300	/16842790//10654732/1353960/7.66/7.96//2008-9-18 11:27:13
36/600072/中船股份/7.660	6200	7.650	100	7.620	4400	7.610	11200	7.600	20400	7.680	6300	7.700	600	7.710	800	7.730	1300	7.760	100	/16842790//10711386/1361360/7.66/7.96//2008-9-18 11:28:13
36/600072/中船股份/7.650	900	7.620	4400	7.610	11200	7.600	20400	7.590	1300	7.660	200	7.710	300	7.730	1300	7.760	100	7.770	1800	/16842790//10819567/1375460/7.66/7.96//2008-9-18 11:29:14
36/600072/中船股份/7.680	1700	7.660	26200	7.650	900	7.620	4400	7.610	11800	7.710	100	7.730	1300	7.760	1100	7.770	1800	7.780	2000	/16842790//10828771/1376660/7.71/7.96//2008-9-18 11:30:14
36/600072/中船股份/7.680	1700	7.660	26200	7.650	900	7.620	4400	7.610	11800	7.710	100	7.730	1300	7.760	1100	7.770	1800	7.780	2000	/16842790//10828771/1376660/7.71/7.96//2008-9-18 11:31:15
36/600072/中船股份/7.660	1048	7.650	400	7.630	2100	7.620	6400	7.610	11700	7.700	3500	7.710	1500	7.730	4729	7.750	700	7.760	100	/16842790//11071458/1408312/7.66/7.96//2008-9-18 13:1:15
36/600072/中船股份/7.630	2100	7.620	6400	7.610	12800	7.600	21000	7.590	1300	7.650	7700	7.660	52	7.700	3500	7.710	1400	7.730	4729	/16842790//11087901/1410460/7.65/7.96//2008-9-18 13:2:16
36/600072/中船股份/7.630	100	7.620	6400	7.610	12800	7.600	11100	7.590	1300	7.650	13219	7.660	52	7.700	3600	7.710	1400	7.730	4729	/16842790//11133750/1416460/7.63/7.96//2008-9-18 13:3:16
36/600072/中船股份/7.610	10181	7.600	11100	7.590	1300	7.580	1600	7.560	2700	7.620	13300	7.630	5300	7.650	13300	7.660	52	7.700	5100	/16842790//11227619/1428779/7.62/7.96//2008-9-18 13:4:17
36/600072/中船股份/7.610	2721	7.600	11100	7.590	1300	7.580	1600	7.560	2700	7.620	7500	7.630	4300	7.650	13200	7.660	52	7.700	5100	/16842790//11327061/1441839/7.61/7.96//2008-9-18 13:5:17
36/600072/中船股份/7.600	11300	7.590	1300	7.580	1600	7.560	2700	7.550	4400	7.610	6542	7.620	15200	7.630	4300	7.650	12700	7.660	52	/16842790//11414739/1453360/7.61/7.96//2008-9-18 13:6:18
36/600072/中船股份/7.600	11800	7.590	1300	7.580	1800	7.560	2700	7.550	5400	7.610	2642	7.620	14200	7.650	12700	7.660	52	7.700	5100	/16842790//11484751/1462560/7.61/7.96//2008-9-18 13:7:18
36/600072/中船股份/7.650	14358	7.600	4000	7.590	1300	7.580	1800	7.560	2700	7.660	52	7.700	5100	7.710	1400	7.730	1229	7.750	600	/16842790//11869050/1513002/7.65/7.96//2008-9-18 13:8:19
36/600072/中船股份/7.680	1000	7.660	100	7.650	5706	7.600	5500	7.590	1300	7.690	4000	7.700	5100	7.710	1400	7.730	1229	7.750	600	/16842790//11940594/1522354/7.65/7.96//2008-9-18 13:9:19
36/600072/中船股份/7.650	3306	7.600	6000	7.590	1300	7.580	1800	7.560	2700	7.680	600	7.690	4000	7.700	5600	7.710	1400	7.730	1229	/16842790//11979660/1527454/7.68/7.96//2008-9-18 13:10:20
36/600072/中船股份/7.650	6	7.600	6400	7.590	1300	7.580	1800	7.560	2700	7.660	1900	7.680	600	7.690	4000	7.700	8600	7.710	1400	/16842790//12022510/1533054/7.66/7.96//2008-9-18 13:11:20
36/600072/中船股份/7.600	5600	7.590	1300	7.580	1800	7.560	2700	7.550	7600	7.650	5994	7.660	1900	7.680	1100	7.690	4000	7.700	8500	/16842790//12035561/1534760/7.65/7.96//2008-9-18 13:12:21
36/600072/中船股份/7.610	100	7.600	5400	7.590	1300	7.580	1800	7.560	2700	7.640	2300	7.650	5294	7.660	2100	7.680	1100	7.690	4000	/16842790//12043976/1535860/7.65/7.96//2008-9-18 13:13:21
36/600072/中船股份/7.600	2500	7.590	1300	7.580	1800	7.560	2700	7.550	7600	7.610	33730	7.630	200	7.650	10894	7.660	2100	7.680	600	/16842790//12066023/1538760/7.61/7.96//2008-9-18 13:14:22
36/600072/中船股份/7.590	1300	7.580	2300	7.560	2700	7.550	7700	7.540	500	7.600	3300	7.610	33730	7.630	200	7.650	9894	7.660	200	/16842790//12088063/1541660/7.6/7.96//2008-9-18 13:15:22
36/600072/中船股份/7.580	2100	7.560	2700	7.550	7700	7.540	500	7.530	5000	7.590	2000	7.600	4200	7.610	33430	7.630	200	7.650	8894	/16842790//12127556/1546860/7.58/7.96//2008-9-18 13:16:23
36/600072/中船股份/7.580	900	7.560	2700	7.550	7700	7.540	600	7.530	5000	7.590	2000	7.600	2900	7.610	33430	7.630	200	7.650	7794	/16842790//12145748/1549260/7.58/7.96//2008-9-18 13:17:23
36/600072/中船股份/7.560	1300	7.550	7700	7.540	600	7.530	5000	7.520	3600	7.580	3932	7.590	1900	7.600	5200	7.610	33430	7.630	200	/16842790//12194246/1555660/7.56/7.96//2008-9-18 13:18:24
36/600072/中船股份/7.550	7800	7.540	1600	7.530	5000	7.520	3600	7.510	5600	7.560	600	7.580	5632	7.590	1900	7.600	4400	7.610	33430	/16842790//12223780/1559560/7.56/7.96//2008-9-18 13:19:24
36/600072/中船股份/7.540	1700	7.530	5000	7.520	3600	7.510	6600	7.500	30600	7.550	7500	7.560	1400	7.580	2732	7.590	1900	7.600	2300	/16842790//12261535/1564560/7.55/7.96//2008-9-18 13:20:25
36/600072/中船股份/7.550	2600	7.540	1300	7.530	5000	7.520	3600	7.510	6800	7.560	14400	7.580	1732	7.590	1900	7.600	2300	7.610	33430	/16842790//12364201/1578160/7.55/7.96//2008-9-18 13:21:25
36/600072/中船股份/7.600	168	7.560	12000	7.550	10300	7.540	1200	7.530	5000	7.630	200	7.650	5900	7.690	4000	7.700	4500	7.710	1400	/16842790//12654569/1616524/7.6/7.96//2008-9-18 13:22:26
36/600072/中船股份/7.620	1700	7.610	1900	7.580	500	7.560	8900	7.550	10500	7.630	200	7.650	5900	7.700	4500	7.710	1400	7.730	1229	/16842790//12558660/1603860/7.6/7.96//2008-9-18 13:23:26
36/600072/中船股份/7.640	4000	7.630	3400	7.620	700	7.610	1900	7.600	400	7.650	5900	7.700	4500	7.710	1400	7.730	1229	7.750	600	/16842790//12590696/1608060/7.63/7.96//2008-9-18 13:24:27
36/600072/中船股份/7.640	2900	7.630	3400	7.620	1000	7.610	1900	7.600	400	7.650	2000	7.700	4200	7.710	1400	7.730	1229	7.740	400	/16842790//12651880/1616060/7.65/7.96//2008-9-18 13:25:27
36/600072/中船股份/7.650	1000	7.640	3300	7.630	500	7.620	1000	7.610	1900	7.690	1000	7.700	4200	7.710	1500	7.730	1229	7.740	400	/16842790//12669474/1618360/7.65/7.96//2008-9-18 13:26:28
36/600072/中船股份/7.640	3600	7.630	500	7.620	1000	7.610	2000	7.600	700	7.650	100	7.690	8300	7.700	4200	7.710	1500	7.730	1229	/16842790//12739889/1627560/7.65/7.96//2008-9-18 13:27:28
36/600072/中船股份/7.640	799	7.630	500	7.620	1100	7.610	1900	7.600	700	7.680	5100	7.690	10300	7.700	4200	7.710	1500	7.730	1229	/16842790//12768203/1631261/7.68/7.96//2008-9-18 13:28:29
36/600072/中船股份/7.650	100	7.640	1799	7.630	100	7.620	1100	7.610	1900	7.670	1200	7.680	5100	7.690	10300	7.700	4200	7.710	1500	/16842790//12788877/1633961/7.67/7.96//2008-9-18 13:29:29
36/600072/中船股份/7.640	1799	7.630	300	7.620	100	7.610	3900	7.600	1700	7.650	2400	7.690	7500	7.700	4200	7.710	1500	7.730	1229	/16842790//12876380/1645361/7.65/7.96//2008-9-18 13:30:30
36/600072/中船股份/7.630	300	7.620	100	7.610	3900	7.600	4200	7.580	600	7.640	17901	7.650	600	7.690	7500	7.700	4200	7.710	1500	/16842790//12929126/1652260/7.64/7.96//2008-9-18 13:31:30
36/600072/中船股份/7.630	1000	7.620	2100	7.610	3900	7.600	3800	7.580	600	7.640	4701	7.650	900	7.690	7500	7.700	4200	7.710	1500	/16842790//13029974/1665460/7.64/7.96//2008-9-18 13:32:31
36/600072/中船股份/7.670	8100	7.650	4900	7.640	3199	7.630	7500	7.620	2100	7.690	1800	7.700	4200	7.710	1500	7.730	1229	7.740	400	/16842790//13143312/1680261/7.69/7.96//2008-9-18 13:33:31
36/600072/中船股份/7.700	2700	7.690	8100	7.650	6100	7.640	1300	7.630	8200	7.780	279	7.790	2100	7.800	6350	7.810	4300	7.820	1500	/16842790//13256044/1694861/7.78/7.96//2008-9-18 13:34:32
36/600072/中船股份/7.790	2600	7.780	1300	7.730	1100	7.710	5900	7.700	11000	7.800	6150	7.810	4300	7.820	1500	7.830	1500	7.840	2100	/16842790//13283837/1698440/7.8/7.96//2008-9-18 13:35:32
36/600072/中船股份/7.800	30150	7.790	1296	7.780	1100	7.730	1100	7.710	300	7.810	3100	7.820	1500	7.830	1500	7.840	1200	7.850	3400	/16842790//13361470/1708394/7.8/7.96//2008-9-18 13:36:33
36/600072/中船股份/7.800	28450	7.790	5996	7.780	300	7.730	600	7.710	300	7.810	1900	7.820	3900	7.830	1500	7.840	3200	7.850	3400	/16842790//13434802/1717794/7.81/7.96//2008-9-18 13:37:34
36/600072/中船股份/7.810	14509	7.800	31250	7.790	5996	7.780	300	7.730	600	7.820	3900	7.830	1500	7.840	3200	7.850	3400	7.870	300	/16842790//13492521/1725185/7.81/7.96//2008-9-18 13:38:34
36/600072/中船股份/7.810	11909	7.800	25250	7.790	5996	7.780	300	7.730	600	7.820	5600	7.830	2500	7.840	1200	7.850	3400	7.870	300	/16842790//13535484/1730685/7.81/7.96//2008-9-18 13:39:35
36/600072/中船股份/7.790	5996	7.780	300	7.730	600	7.710	200	7.700	6700	7.800	11700	7.810	5041	7.820	5100	7.830	2500	7.840	1200	/16842790//13907436/1778344/7.81/7.96//2008-9-18 13:40:35
36/600072/中船股份/7.780	400	7.730	600	7.710	1200	7.700	3200	7.690	2500	7.790	8404	7.800	7600	7.810	1841	7.820	9600	7.830	2500	/16842790//13942421/1782840/7.79/7.96//2008-9-18 13:41:36
36/600072/中船股份/7.730	600	7.710	11200	7.700	2900	7.690	2500	7.650	3500	7.750	2000	7.780	2900	7.790	7904	7.800	5600	7.810	6241	/16842790//13982019/1787940/7.75/7.96//2008-9-18 13:42:36
36/600072/中船股份/7.780	4500	7.760	100	7.730	10600	7.720	300	7.710	11200	7.790	7904	7.800	3600	7.810	6241	7.820	7600	7.830	2500	/16842790//14027861/1793840/7.78/7.96//2008-9-18 13:43:37
36/600072/中船股份/7.800	296	7.790	13200	7.780	5000	7.760	1000	7.740	900	7.810	1441	7.820	7600	7.830	2500	7.840	1200	7.850	3500	/16842790//14112836/1804744/7.8/7.96//2008-9-18 13:44:37
36/600072/中船股份/7.810	20059	7.800	18696	7.790	2400	7.780	2000	7.760	1000	7.820	2100	7.830	1500	7.840	1200	7.850	5500	7.860	1700	/16842790//14150679/1809585/7.82/7.96//2008-9-18 13:45:38
36/600072/中船股份/7.840	1100	7.830	4200	7.820	4500	7.810	3300	7.800	11396	7.850	3900	7.860	1700	7.870	300	7.880	2900	7.890	1000	/16842790//14227387/1819385/7.85/7.96//2008-9-18 13:46:39
36/600072/中船股份/7.850	22100	7.840	1900	7.830	4200	7.820	4500	7.810	3300	7.860	3000	7.890	1000	7.900	7097	7.910	100	7.940	2015	/16842790//0/0/7.86/7.96//2008-9-18 13:47:39
36/600072/中船股份/7.890	300	7.880	5100	7.870	10000	7.860	1400	7.850	17800	7.900	1297	7.910	100	7.940	2015	7.950	1000	7.960	1200	/16842790//14772236/1888485/7.89/7.96//2008-9-18 13:48:40
36/600072/中船股份/7.860	1900	7.850	14900	7.840	1900	7.830	900	7.820	1000	7.880	400	7.890	1700	7.900	1800	7.940	912	7.950	1000	/16842790//14894524/1903985/7.89/7.96//2008-9-18 13:49:40
36/600072/中船股份/7.850	13000	7.840	1900	7.830	900	7.820	1000	7.810	1100	7.860	400	7.890	7300	7.900	1800	7.940	3412	7.950	1200	/16842790//14952726/1911385/7.86/7.96//2008-9-18 13:50:41
36/600072/中船股份/7.830	700	7.820	1000	7.810	1000	7.800	12196	7.780	2700	7.840	1500	7.850	29200	7.860	6160	7.870	300	7.880	5700	/16842790//15086943/1928485/7.84/7.96//2008-9-18 13:51:41
36/600072/中船股份/7.800	9196	7.780	1200	7.730	200	7.720	300	7.710	1200	7.820	1500	7.830	2200	7.840	10100	7.850	10200	7.860	5360	/16842790//15205060/1943585/7.8/7.96//2008-9-18 13:52:42
36/600072/中船股份/7.780	1100	7.730	200	7.720	300	7.710	1200	7.700	2000	7.800	4104	7.820	1700	7.830	2100	7.840	8600	7.850	10900	/16842790//15290837/1954581/7.78/7.96//2008-9-18 13:53:42
36/600072/中船股份/7.730	3500	7.720	300	7.710	1700	7.700	2000	7.690	300	7.760	800	7.780	1600	7.800	4504	7.820	1700	7.830	1900	/16842790//15367433/1964481/7.73/7.96//2008-9-18 13:54:43
36/600072/中船股份/7.720	300	7.710	11700	7.700	2000	7.690	300	7.650	4000	7.730	3404	7.760	800	7.780	900	7.800	800	7.820	1200	/16842790//15394490/1967981/7.74/7.96//2008-9-18 13:55:44
36/600072/中船股份/7.710	4900	7.700	2000	7.690	300	7.650	4000	7.640	800	7.720	2604	7.760	800	7.780	800	7.800	800	7.820	200	/16842790//15511806/1983181/7.72/7.96//2008-9-18 13:56:44
36/600072/中船股份/7.720	5996	7.710	4900	7.700	2000	7.690	11100	7.650	4600	7.760	800	7.780	800	7.800	800	7.820	200	7.830	200	/16842790//15539628/1986785/7.72/7.96//2008-9-18 13:57:45
36/600072/中船股份/7.730	700	7.720	6296	7.710	5300	7.700	5900	7.690	11600	7.740	500	7.760	500	7.780	800	7.790	2000	7.800	500	/16842790//15545052/1987485/7.76/7.96//2008-9-18 13:58:45
36/600072/中船股份/7.800	500	7.790	4000	7.760	500	7.740	400	7.730	1100	7.820	600	7.830	200	7.840	4800	7.850	6500	7.860	4260	/16842790//15597976/1994285/7.8/7.96//2008-9-18 13:59:46
36/600072/中船股份/7.800	3000	7.790	14000	7.740	400	7.730	300	7.720	5196	7.820	600	7.830	1200	7.850	1500	7.860	4260	7.870	400	/16842790//15613588/1996285/7.8/7.96//2008-9-18 14:0:47
36/600072/中船股份/7.820	1500	7.790	10000	7.740	400	7.730	700	7.720	5196	7.830	1200	7.850	1900	7.860	4260	7.870	400	7.880	300	/16842790//15670617/2003585/7.82/7.96//2008-9-18 14:1:47
36/600072/中船股份/7.790	10000	7.740	400	7.730	400	7.720	5196	7.710	5300	7.800	5900	7.820	4400	7.830	1200	7.840	2000	7.850	400	/16842790//15734611/2011785/7.8/7.96//2008-9-18 14:2:48
36/600072/中船股份/7.790	5200	7.740	300	7.730	400	7.720	5196	7.710	5300	7.800	12400	7.820	3200	7.830	1200	7.850	400	7.860	4260	/16842790//15781363/2017785/7.79/7.96//2008-9-18 14:3:48
36/600072/中船股份/7.740	300	7.730	400	7.720	4396	7.710	5300	7.700	6700	7.780	1000	7.790	3490	7.800	12200	7.820	3100	7.830	1200	/16842790//15834351/2024585/7.79/7.96//2008-9-18 14:4:49
36/600072/中船股份/7.790	3410	7.750	200	7.740	200	7.730	800	7.720	3496	7.800	7700	7.820	2100	7.830	200	7.850	8800	7.860	4260	/16842790//15887213/2031375/7.79/7.96//2008-9-18 14:5:50
36/600072/中船股份/7.790	1310	7.750	200	7.730	400	7.720	3396	7.710	5300	7.800	6400	7.820	2100	7.830	200	7.850	13800	7.860	4260	/16842790//15906692/2033875/7.79/7.96//2008-9-18 14:6:50
36/600072/中船股份/7.810	300	7.800	14400	7.790	1310	7.750	300	7.730	1400	7.820	900	7.830	200	7.850	13800	7.860	4260	7.870	400	/16842790//15965208/2041375/7.82/7.96//2008-9-18 14:7:51
36/600072/中船股份/7.840	1000	7.820	1400	7.810	800	7.800	14400	7.790	1310	7.860	2360	7.870	400	7.880	300	7.890	2800	7.900	500	/16842790//16117396/2060775/7.82/7.96//2008-9-18 14:8:51
36/600072/中船股份/7.860	10240	7.840	1000	7.830	100	7.820	1400	7.810	800	7.870	400	7.880	300	7.890	2500	7.900	500	7.920	1000	/16842790//16128123/2062135/7.86/7.96//2008-9-18 14:9:52
36/600072/中船股份/7.890	600	7.880	800	7.870	12800	7.860	10740	7.850	1300	7.900	2200	7.920	1000	7.940	3112	7.950	1000	7.960	1200	/16842790//16158076/2065935/7.89/7.96//2008-9-18 14:10:53
36/600072/中船股份/7.900	4100	7.890	4200	7.880	1300	7.870	2700	7.860	1100	7.920	3000	7.940	412	7.950	4000	7.960	1200	7.970	10000	/16842790//16203896/2071735/7.9/7.96//2008-9-18 14:11:53
36/600072/中船股份/7.900	6800	7.890	4700	7.880	1300	7.870	1200	7.860	1100	7.910	2000	7.940	412	7.950	4000	7.960	1900	7.970	10000	/16842790//16241110/2076435/7.9/7.96//2008-9-18 14:12:54
36/600072/中船股份/7.910	1340	7.900	6200	7.890	1700	7.880	500	7.870	1200	7.930	1100	7.940	1812	7.950	1000	7.960	5400	7.970	10000	/16842790//16281130/2081495/7.93/7.96//2008-9-18 14:13:55
36/600072/中船股份/7.910	40	7.900	3200	7.890	1700	7.880	500	7.870	1200	7.930	412	7.940	1900	7.950	4800	7.960	5400	7.970	10000	/16842790//16347731/2089895/7.93/7.96//2008-9-18 14:14:55
36/600072/中船股份/7.900	1800	7.890	1700	7.880	700	7.870	1200	7.860	500	7.910	3100	7.920	2672	7.930	10100	7.940	4900	7.950	6668	/16842790//16370186/2092735/7.9/7.96//2008-9-18 14:15:56
36/600072/中船股份/7.890	300	7.880	700	7.870	1200	7.860	500	7.850	1400	7.900	7900	7.910	13100	7.920	2872	7.930	10100	7.940	1900	/16842790//16404932/2097135/7.89/7.96//2008-9-18 14:16:56
36/600072/中船股份/7.890	800	7.880	1900	7.870	1100	7.860	500	7.850	1900	7.900	4400	7.910	10800	7.920	2900	7.930	10100	7.940	1900	/16842790//16508354/2110235/7.9/7.96//2008-9-18 14:17:57
36/600072/中船股份/7.920	300	7.910	10000	7.900	15410	7.890	2000	7.880	700	7.930	6500	7.940	1900	7.950	3000	7.960	1900	7.970	10000	/16842790//16658646/2129225/7.93/7.96//2008-9-18 14:18:58
36/600072/中船股份/7.960	2700	7.950	2300	7.940	4400	7.930	10600	7.920	700	7.980	600	7.990	7600	8.000	10350	8.020	5000	8.030	600	/16842790//16918706/2161925/7.98/7.96//2008-9-18 14:19:58
36/600072/中船股份/8.020	4200	8.010	2800	8.000	20400	7.990	2600	7.980	16900	8.030	600	8.040	400	8.050	25900	8.070	9000	8.080	2900	/16842790//17095140/2183975/8.02/7.96//2008-9-18 14:20:59
36/600072/中船股份/8.070	12000	8.060	13600	8.050	9100	8.030	3000	8.020	1000	8.100	2400	8.120	700	8.150	600	8.170	1600	8.180	6400	/16842790//17410158/2223075/8.1/7.96//2008-9-18 14:22:0
36/600072/中船股份/8.150	900	8.120	28200	8.100	10700	8.090	4000	8.080	5400	8.180	1800	8.190	7600	8.200	2500	8.230	300	8.240	100	/16842790//17548392/2240075/8.18/7.96//2008-9-18 14:23:0
36/600072/中船股份/8.200	1200	8.190	16099	8.180	500	8.170	3900	8.120	16200	8.230	300	8.240	100	8.250	400	8.260	3400	8.270	2200	/16842790//17716168/2260576/8.2/7.96//2008-9-18 14:24:1
36/600072/中船股份/8.250	5500	8.240	2000	8.230	9690	8.200	1200	8.190	14400	8.260	400	8.270	3120	8.280	7100	8.300	900	8.340	500	/16842790//17840720/2275686/8.25/7.96//2008-9-18 14:25:2
36/600072/中船股份/8.200	1200	8.190	12800	8.180	200	8.170	3900	8.120	2500	8.230	19606	8.250	11210	8.260	3400	8.270	3320	8.280	7100	/16842790//18044146/2300376/8.23/7.96//2008-9-18 14:26:2
36/600072/中船股份/8.100	8000	8.090	3000	8.080	300	8.070	6800	8.050	2100	8.150	400	8.190	22348	8.200	5200	8.220	9300	8.230	19410	/16842790//18198188/2319176/8.12/7.96//2008-9-18 14:27:3
36/600072/中船股份/8.070	6800	8.050	2100	8.030	800	8.020	500	8.010	100	8.080	2700	8.100	5100	8.120	6580	8.150	2500	8.180	2200	/16842790//18258124/2326576/8.08/7.96//2008-9-18 14:28:4
36/600072/中船股份/8.030	800	8.020	500	8.010	100	8.000	4400	7.990	100	8.050	600	8.070	11900	8.080	3500	8.100	8800	8.110	500	/16842790//18383138/2342076/8.05/7.96//2008-9-18 14:29:4
36/600072/中船股份/8.020	100	8.010	5900	8.000	9100	7.990	1100	7.980	500	8.030	1100	8.050	11700	8.070	11900	8.080	3600	8.100	7000	/16842790//18372580/2340776/8.03/7.96//2008-9-18 14:30:5
36/600072/中船股份/8.000	6500	7.990	1300	7.980	2200	7.960	1000	7.950	800	8.010	1000	8.030	1000	8.050	3200	8.080	1700	8.100	7000	/16842790//18507238/2357576/8.01/7.96//2008-9-18 14:31:6
36/600072/中船股份/8.030	3500	8.020	1200	8.010	3900	8.000	5100	7.990	1300	8.040	200	8.050	2800	8.070	2000	8.080	1700	8.100	7000	/16842790//18592262/2368176/8.03/7.96//2008-9-18 14:32:6
36/600072/中船股份/8.050	700	8.040	2900	8.030	3800	8.020	1200	8.010	4900	8.070	2000	8.080	1700	8.100	7400	8.110	500	8.120	2380	/16842790//18626906/2372476/8.05/7.96//2008-9-18 14:33:7
36/600072/中船股份/8.050	600	8.020	6500	8.010	4400	8.000	7300	7.990	1300	8.070	500	8.080	1700	8.100	7400	8.110	500	8.120	2380	/16842790//18750594/2387876/8.05/7.96//2008-9-18 14:34:8
36/600072/中船股份/8.050	1200	8.020	5500	8.010	3700	8.000	21500	7.990	1300	8.070	700	8.080	1700	8.100	7200	8.110	500	8.120	2380	/16842790//18810164/2395276/8.05/7.96//2008-9-18 14:35:8
36/600072/中船股份/8.050	24200	8.040	400	8.030	500	8.020	5100	8.010	4600	8.080	2700	8.100	7500	8.110	500	8.120	2380	8.150	700	/16842790//18802932/2394376/8.05/7.96//2008-9-18 14:36:9
36/600072/中船股份/8.050	25600	8.040	400	8.030	1500	8.020	10100	8.010	4500	8.060	2300	8.070	1600	8.080	4200	8.100	7600	8.110	500	/16842790//18828742/2397576/8.06/7.96//2008-9-18 14:37:10
36/600072/中船股份/8.050	20900	8.040	400	8.030	1500	8.020	9600	8.010	4500	8.060	3000	8.070	2600	8.080	4200	8.100	7600	8.110	500	/16842790//18872222/2402976/8.05/7.96//2008-9-18 14:38:10
36/600072/中船股份/8.030	400	8.020	8600	8.010	7800	8.000	23700	7.990	1300	8.050	16700	8.060	7600	8.070	2600	8.080	4200	8.100	6600	/16842790//19077478/2428476/8.03/7.96//2008-9-18 14:39:11
36/600072/中船股份/8.010	7500	8.000	22400	7.990	1300	7.980	2200	7.970	1000	8.030	2100	8.040	1000	8.050	6600	8.060	7700	8.070	2600	/16842790//19163298/2439176/8.01/7.96//2008-9-18 14:40:12
36/600072/中船股份/8.000	23700	7.990	1300	7.980	2200	7.960	500	7.950	800	8.010	1500	8.020	300	8.030	9000	8.050	6000	8.060	6800	/16842790//19252216/2450276/8.01/7.96//2008-9-18 14:41:12
36/600072/中船股份/8.000	24100	7.990	1300	7.980	2200	7.960	900	7.950	1300	8.010	400	8.020	300	8.030	7400	8.050	6000	8.060	6800	/16842790//19273842/2452976/8.01/7.96//2008-9-18 14:42:13
36/600072/中船股份/8.010	1800	8.000	12900	7.990	1200	7.980	2400	7.960	1100	8.020	400	8.030	2400	8.050	6000	8.060	6800	8.070	1500	/16842790//19424318/2471776/8.01/7.96//2008-9-18 14:43:14
36/600072/中船股份/8.010	600	8.000	12900	7.990	1200	7.980	2400	7.960	1100	8.030	2400	8.050	6500	8.060	6800	8.070	1500	8.080	2700	/16842790//19476398/2478276/8.02/7.96//2008-9-18 14:44:14
36/600072/中船股份/8.000	12000	7.990	1200	7.980	1900	7.960	1100	7.950	2600	8.030	6100	8.050	5100	8.060	6800	8.070	1500	8.080	2700	/16842790//19524470/2484276/8.0/7.96//2008-9-18 14:45:15
36/600072/中船股份/8.000	6500	7.990	1200	7.980	1900	7.960	1100	7.950	2600	8.010	500	8.020	1000	8.030	6100	8.050	5100	8.060	6800	/16842790//19590898/2492576/8.01/7.96//2008-9-18 14:46:16
36/600072/中船股份/8.000	500	7.990	1200	7.980	1900	7.960	1100	7.950	2600	8.010	5000	8.020	1000	8.030	7100	8.050	4600	8.060	6800	/16842790//19658922/2501076/8.0/7.96//2008-9-18 14:47:16
36/600072/中船股份/7.960	1100	7.950	2600	7.930	3100	7.900	13510	7.890	1500	7.980	900	8.000	8950	8.010	38430	8.020	1050	8.030	6800	/16842790//19675678/2503176/7.98/7.96//2008-9-18 14:48:17
36/600072/中船股份/7.930	3100	7.900	13510	7.890	1500	7.880	300	7.870	1000	7.950	2000	7.960	1100	7.970	1500	7.980	5200	8.000	11378	/16842790//19729810/2509976/7.95/7.96//2008-9-18 14:49:18
36/600072/中船股份/7.900	12510	7.890	1500	7.880	300	7.870	1000	7.860	500	7.930	800	7.940	200	7.950	2100	7.960	500	7.970	1500	/16842790//19767050/2514676/7.93/7.96//2008-9-18 14:50:18
36/600072/中船股份/7.900	6610	7.890	1500	7.880	300	7.870	1000	7.860	500	7.910	2700	7.930	2800	7.940	1000	7.950	1600	7.960	500	/16842790//19869792/2527676/7.91/7.96//2008-9-18 14:51:19
36/600072/中船股份/7.900	300	7.890	1500	7.880	400	7.870	1000	7.860	500	7.910	200	7.930	1200	7.940	1000	7.950	1600	7.960	500	/16842790//19950482/2537886/7.91/7.96//2008-9-18 14:52:20
36/600072/中船股份/7.910	1900	7.900	6600	7.890	3400	7.880	500	7.870	1000	7.930	1200	7.950	1500	7.960	900	7.990	100	8.000	10528	/16842790//19977364/2541286/7.91/7.96//2008-9-18 14:53:21
36/600072/中船股份/7.940	200	7.930	900	7.910	5000	7.900	8300	7.890	3600	7.950	1000	7.960	900	7.990	100	8.000	10528	8.010	35930	/16842790//19992408/2543186/7.94/7.96//2008-9-18 14:54:21
36/600072/中船股份/7.930	400	7.920	900	7.910	5200	7.900	8600	7.890	3600	7.940	3800	7.990	8500	8.000	10528	8.010	35930	8.020	1000	/16842790//20139382/2561686/7.94/7.96//2008-9-18 14:55:22
36/600072/中船股份/7.960	17200	7.950	5400	7.940	2300	7.930	800	7.920	900	7.990	5200	8.000	12008	8.010	35930	8.020	1000	8.030	1800	/16842790//20193666/2568486/7.99/7.96//2008-9-18 14:56:23
36/600072/中船股份/7.980	3268	7.960	15300	7.940	2300	7.930	800	7.920	900	7.990	7900	8.000	15008	8.010	35930	8.020	1000	8.030	1800	/16842790//20232190/2573318/7.98/7.96//2008-9-18 14:57:23
36/600072/中船股份/7.980	68	7.960	1500	7.940	2300	7.930	800	7.920	900	8.000	15008	8.010	35930	8.020	1000	8.030	1800	8.060	1300	/16842790//20463620/2602350/7.96/7.96//2008-9-18 14:58:24
36/600072/中船股份/7.970	2700	7.960	2600	7.950	200	7.940	2300	7.930	800	7.980	8200	7.990	3622	8.000	17208	8.010	35930	8.020	1000	/16842790//20472696/2603486/7.98/7.96//2008-9-18 14:59:25
36/600072/中船股份/7.960	1200	7.940	2300	7.930	800	7.920	1300	7.910	4200	7.970	2500	7.980	3050	7.990	2422	8.000	16728	8.010	35430	/16842790//20579600/2616886/7.98/7.96//2008-9-18 15:0:26
36/600072/中船股份/7.960	1200	7.940	2300	7.930	800	7.920	1300	7.910	4200	7.970	2500	7.980	3050	7.990	2422	8.000	16728	8.010	35430	/16842790//20579600/2616886/7.98/7.96//2008-9-18 15:1:26
36/600072/中船股份/7.960	1200	7.940	2300	7.930	800	7.920	1300	7.910	4200	7.970	2500	7.980	3050	7.990	2422	8.000	16728	8.010	35430	/16842790//20579600/2616886/7.98/7.96//2008-9-18 15:2:27
