790/600022/济南钢铁/6.220	5400	6.210	10800	6.200	13800	6.190	29300	6.180	51000	6.240	31488	6.250	60400	6.260	19000	6.270	16600	6.280	6300	/16843575//1058767/170199/6.22/6.45//2008-9-18 9:31:34
790/600022/济南钢铁/6.210	13200	6.200	16200	6.190	29300	6.180	53100	6.170	600	6.220	10500	6.240	31488	6.250	27300	6.260	3200	6.270	600	/16843575//1268391/203899/6.22/6.45//2008-9-18 9:32:35
790/600022/济南钢铁/6.220	91200	6.210	13100	6.200	33800	6.190	29300	6.180	54100	6.240	12988	6.250	23400	6.260	3200	6.270	600	6.280	6300	/16843575//1487743/239099/6.22/6.45//2008-9-18 9:33:35
790/600022/济南钢铁/6.250	1700	6.240	1000	6.230	700	6.220	64612	6.210	11500	6.260	3200	6.280	6300	6.300	30900	6.350	11800	6.380	1900	/16843575//1858234/298487/6.25/6.45//2008-9-18 9:34:35
790/600022/济南钢铁/6.240	500	6.230	800	6.220	47712	6.210	11000	6.200	97400	6.250	2500	6.260	3500	6.270	5300	6.280	5672	6.290	4300	/16843575//2307285/370287/6.25/6.45//2008-9-18 9:35:35
790/600022/济南钢铁/6.220	20700	6.210	12100	6.200	95500	6.190	28300	6.180	53000	6.230	3800	6.250	32500	6.260	5600	6.270	5000	6.280	6172	/16843575//2518909/404287/6.22/6.45//2008-9-18 9:36:36
790/600022/济南钢铁/6.220	500	6.210	8700	6.200	96900	6.190	27600	6.180	55000	6.230	10000	6.240	1700	6.250	2900	6.260	3300	6.270	5000	/16843575//2745917/440787/6.21/6.45//2008-9-18 9:37:36
790/600022/济南钢铁/6.220	19900	6.210	7400	6.200	64800	6.190	27600	6.180	56600	6.230	9500	6.240	2800	6.250	1400	6.260	4300	6.270	5000	/16843575//3003551/482287/6.22/6.45//2008-9-18 9:38:36
790/600022/济南钢铁/6.200	3000	6.190	26500	6.180	57400	6.170	2400	6.160	7800	6.220	10000	6.230	12900	6.240	2800	6.250	1400	6.260	4300	/16843575//3717249/597287/6.22/6.45//2008-9-18 9:39:36
790/600022/济南钢铁/6.180	54400	6.170	2500	6.160	8300	6.150	25000	6.130	3000	6.190	600	6.200	100	6.210	100	6.220	10900	6.230	6100	/16843575//4367768/702287/6.19/6.45//2008-9-18 9:40:36
790/600022/济南钢铁/6.190	63700	6.180	57200	6.170	2500	6.160	9000	6.150	20100	6.200	7400	6.220	41700	6.230	5500	6.240	2300	6.250	5500	/16843575//4661962/749687/6.2/6.45//2008-9-18 9:41:37
790/600022/济南钢铁/6.200	13600	6.190	44510	6.180	56500	6.170	2500	6.160	9000	6.220	42900	6.230	5500	6.240	2300	6.250	5500	6.260	3000	/16843575//4941413/794777/6.22/6.45//2008-9-18 9:42:37
790/600022/济南钢铁/6.200	52900	6.190	41410	6.180	61300	6.170	2500	6.160	9000	6.210	12300	6.230	5500	6.240	2300	6.250	4500	6.260	1500	/16843575//5508001/885877/6.21/6.45//2008-9-18 9:43:37
790/600022/济南钢铁/6.210	26900	6.200	24300	6.190	41410	6.180	63300	6.170	2500	6.220	30000	6.230	5500	6.240	2300	6.250	3500	6.260	1500	/16843575//5661428/910577/6.22/6.45//2008-9-18 9:44:37
790/600022/济南钢铁/6.210	32000	6.200	44400	6.190	40910	6.180	65100	6.170	2500	6.220	16100	6.230	5500	6.240	2300	6.250	4500	6.260	1500	/16843575//5785146/930477/6.22/6.45//2008-9-18 9:45:37
790/600022/济南钢铁/6.240	1800	6.230	10300	6.220	17300	6.210	13800	6.200	48600	6.250	4300	6.260	1500	6.270	5000	6.280	6672	6.290	2300	/16843575//6070283/976277/6.24/6.45//2008-9-18 9:46:38
790/600022/济南钢铁/6.230	18100	6.220	17900	6.210	13800	6.200	48000	6.190	57010	6.240	6000	6.250	10900	6.260	1500	6.270	5000	6.280	6672	/16843575//6256279/1006077/6.24/6.45//2008-9-18 9:47:38
790/600022/济南钢铁/6.230	1700	6.220	14800	6.210	18000	6.200	50200	6.190	57010	6.240	2000	6.250	10900	6.260	2500	6.270	5000	6.280	6672	/16843575//6555356/1054077/6.22/6.45//2008-9-18 9:48:38
790/600022/济南钢铁/6.230	13700	6.220	25600	6.210	17800	6.200	57000	6.190	22910	6.240	6100	6.250	40900	6.260	2500	6.280	6872	6.290	2300	/16843575//6602761/1061677/6.24/6.45//2008-9-18 9:49:39
790/600022/济南钢铁/6.390	1000	6.380	8500	6.370	5000	6.360	10000	6.350	4800	6.550	4300	6.570	6850	6.580	6300	6.590	48600	6.600	36000	/16843575//8475920/1353749/6.39/6.45//2008-9-18 9:50:39
790/600022/济南钢铁/6.370	5000	6.360	10000	6.350	4800	6.340	10000	6.330	10000	6.380	15800	6.390	44800	6.410	500	6.420	26200	6.470	6000	/16843575//8581294/1370249/6.38/6.45//2008-9-18 9:51:39
790/600022/济南钢铁/6.290	7528	6.250	1500	6.240	14300	6.230	12900	6.220	36300	6.300	18900	6.310	17700	6.340	2000	6.350	1000	6.360	63400	/16843575//9082393/1449349/6.3/6.45//2008-9-18 9:52:39
790/600022/济南钢铁/6.280	1700	6.260	2000	6.250	3300	6.240	14300	6.230	12600	6.290	23872	6.300	29300	6.310	17700	6.340	2000	6.350	2000	/16843575//9162394/1462077/6.28/6.45//2008-9-18 9:53:40
790/600022/济南钢铁/6.280	9100	6.270	500	6.260	2000	6.250	7400	6.240	14300	6.290	3200	6.300	29300	6.310	17700	6.340	2000	6.350	1000	/16843575//9296245/1483377/6.28/6.45//2008-9-18 9:54:40
790/600022/济南钢铁/6.290	800	6.280	9600	6.270	1000	6.260	2000	6.250	7600	6.300	27800	6.310	17700	6.340	2000	6.350	1000	6.360	41000	/16843575//9362964/1493977/6.29/6.45//2008-9-18 9:55:40
790/600022/济南钢铁/6.260	2000	6.250	8100	6.240	14300	6.230	17400	6.220	36000	6.270	28900	6.280	8500	6.290	2000	6.300	32100	6.340	2000	/16843575//9472880/1511477/6.27/6.45//2008-9-18 9:56:41
790/600022/济南钢铁/6.270	3400	6.260	6300	6.250	13600	6.240	14300	6.230	17600	6.280	9100	6.300	32100	6.340	4000	6.350	2500	6.360	41000	/16843575//9669774/1542877/6.28/6.45//2008-9-18 9:57:41
790/600022/济南钢铁/6.300	2500	6.280	2600	6.270	7400	6.260	8300	6.250	12900	6.340	4000	6.350	8500	6.360	41000	6.370	11900	6.380	75000	/16843575//9949289/1587277/6.3/6.45//2008-9-18 9:58:41
790/600022/济南钢铁/6.280	3700	6.270	6700	6.260	7300	6.250	12600	6.240	14300	6.290	30979	6.330	1800	6.340	6300	6.350	32000	6.360	41000	/16843575//10110726/1612877/6.29/6.45//2008-9-18 9:59:41
790/600022/济南钢铁/6.280	2600	6.270	6100	6.260	8100	6.250	13100	6.240	14300	6.290	28479	6.300	18700	6.330	19800	6.340	6300	6.350	25000	/16843575//10157223/1620277/6.29/6.45//2008-9-18 10:0:42
790/600022/济南钢铁/6.260	15400	6.250	10500	6.240	14300	6.230	16700	6.220	41500	6.270	11200	6.280	22100	6.290	28479	6.300	18700	6.330	18400	/16843575//10264496/1637377/6.27/6.45//2008-9-18 10:1:42
790/600022/济南钢铁/6.240	11600	6.230	16700	6.220	41000	6.210	39100	6.200	76800	6.260	10600	6.270	17000	6.280	21200	6.290	28479	6.300	18700	/16843575//10501508/1675277/6.24/6.26//2008-9-18 10:2:42
790/600022/济南钢铁/6.230	17900	6.220	41200	6.210	39100	6.200	78600	6.190	3710	6.240	23500	6.250	3400	6.260	13400	6.270	11600	6.280	21200	/16843575//10616328/1693677/6.23/6.26//2008-9-18 10:3:42
790/600022/济南钢铁/6.200	60400	6.190	3710	6.180	77000	6.170	5000	6.160	39400	6.210	12700	6.220	2200	6.230	58900	6.240	20800	6.250	1600	/16843575//11342952/1810577/6.2/6.26//2008-9-18 10:4:43
790/600022/济南钢铁/6.210	41800	6.200	55100	6.190	7910	6.180	79600	6.170	5300	6.220	17000	6.230	47500	6.240	20800	6.250	1400	6.260	13100	/16843575//11495638/1835177/6.21/6.26//2008-9-18 10:5:43
790/600022/济南钢铁/6.150	74900	6.130	3500	6.120	5400	6.110	7500	6.100	33000	6.160	16790	6.200	300	6.210	4100	6.220	16800	6.230	47600	/16843575//13009425/2079887/6.16/6.26//2008-9-18 10:6:43
790/600022/济南钢铁/6.160	5010	6.150	81300	6.130	3500	6.120	5400	6.110	7600	6.190	500	6.200	5100	6.210	4700	6.220	16800	6.230	47600	/16843575//13264664/2121277/6.16/6.26//2008-9-18 10:7:44
790/600022/济南钢铁/6.190	15200	6.180	1600	6.170	19100	6.160	95510	6.150	76600	6.200	30500	6.210	5700	6.220	16800	6.230	46600	6.240	19500	/16843575//13348924/2134877/6.19/6.26//2008-9-18 10:8:44
790/600022/济南钢铁/6.200	62599	6.190	18900	6.180	10700	6.170	13700	6.160	88810	6.210	2600	6.220	16800	6.230	46600	6.240	19500	6.250	6200	/16843575//13472977/2154878/6.2/6.26//2008-9-18 10:9:44
790/600022/济南钢铁/6.190	20700	6.180	10000	6.170	8700	6.160	86810	6.150	110800	6.200	66201	6.230	14900	6.240	19500	6.250	13800	6.260	12100	/16843575//14324996/2292077/6.2/6.26//2008-9-18 10:10:44
790/600022/济南钢铁/6.200	24099	6.190	17900	6.180	8300	6.170	13900	6.160	87610	6.230	14900	6.240	19500	6.250	13000	6.260	12100	6.270	9800	/16843575//14736688/2358479/6.2/6.26//2008-9-18 10:11:45
790/600022/济南钢铁/6.210	12100	6.200	81699	6.190	17900	6.180	9000	6.170	27800	6.220	1600	6.230	14600	6.240	19500	6.250	13000	6.260	12100	/16843575//14741659/2359278/6.22/6.26//2008-9-18 10:12:45
790/600022/济南钢铁/6.210	9300	6.200	72699	6.190	17900	6.180	9500	6.170	8900	6.220	9700	6.230	2500	6.240	5700	6.250	9400	6.260	5400	/16843575//15072805/2412478/6.22/6.26//2008-9-18 10:13:45
790/600022/济南钢铁/6.200	11099	6.190	17900	6.180	16400	6.170	8900	6.160	87210	6.220	9500	6.230	2500	6.240	5700	6.250	9400	6.260	5400	/16843575//15713998/2515878/6.2/6.26//2008-9-18 10:14:46
790/600022/济南钢铁/6.200	799	6.190	6300	6.180	16300	6.170	33800	6.160	90410	6.220	9500	6.230	30900	6.240	5700	6.250	13300	6.260	2500	/16843575//15940228/2552378/6.2/6.26//2008-9-18 10:15:46
790/600022/济南钢铁/6.210	6300	6.200	68599	6.190	7700	6.180	15300	6.170	34400	6.220	8600	6.230	30900	6.240	5700	6.250	13300	6.260	2500	/16843575//15953273/2554478/6.22/6.26//2008-9-18 10:16:46
790/600022/济南钢铁/6.220	2700	6.210	6400	6.200	76899	6.190	16700	6.180	15800	6.230	30900	6.240	5700	6.250	6700	6.260	2500	6.270	41800	/16843575//16021068/2565378/6.22/6.26//2008-9-18 10:17:47
790/600022/济南钢铁/6.230	33600	6.220	12200	6.210	9700	6.200	83499	6.190	16700	6.240	5700	6.250	6700	6.260	2500	6.270	41300	6.290	28479	/16843575//16219795/2597278/6.23/6.26//2008-9-18 10:18:47
790/600022/济南钢铁/6.240	3000	6.230	2900	6.220	21600	6.210	11700	6.200	82299	6.250	6400	6.270	41300	6.290	28479	6.300	4100	6.330	15400	/16843575//16907050/2707578/6.24/6.26//2008-9-18 10:19:47
790/600022/济南钢铁/6.250	11700	6.240	800	6.230	15400	6.220	20600	6.210	9600	6.270	41300	6.290	28479	6.300	5100	6.330	15400	6.340	10000	/16843575//16952052/2714778/6.25/6.26//2008-9-18 10:20:48
790/600022/济南钢铁/6.250	11700	6.240	14300	6.230	14400	6.220	20200	6.210	9600	6.260	4000	6.270	39700	6.290	28479	6.300	4100	6.320	21000	/16843575//17014046/2724678/6.26/6.26//2008-9-18 10:21:48
790/600022/济南钢铁/6.250	13700	6.240	3600	6.230	14400	6.220	12700	6.210	11200	6.260	28400	6.270	39700	6.290	28479	6.300	4100	6.320	21000	/16843575//17084158/2735878/6.26/6.26//2008-9-18 10:22:48
790/600022/济南钢铁/6.240	3600	6.230	13400	6.220	11300	6.210	11200	6.200	87699	6.250	24500	6.260	26000	6.270	39700	6.290	28479	6.300	5300	/16843575//17217332/2757178/6.25/6.26//2008-9-18 10:23:48
790/600022/济南钢铁/6.240	300	6.230	12400	6.220	11300	6.210	11200	6.200	37699	6.250	18500	6.260	2400	6.270	39700	6.290	28479	6.300	5300	/16843575//17262904/2764478/6.24/6.26//2008-9-18 10:24:49
790/600022/济南钢铁/6.230	12400	6.220	11300	6.210	10300	6.200	36099	6.190	6700	6.240	30600	6.250	16900	6.260	3500	6.270	39700	6.290	28479	/16843575//17279128/2767078/6.24/6.26//2008-9-18 10:25:49
790/600022/济南钢铁/6.220	11300	6.210	4300	6.200	36899	6.190	6700	6.180	19900	6.230	42900	6.240	26900	6.250	16900	6.260	3500	6.270	7400	/16843575//17337104/2776378/6.23/6.26//2008-9-18 10:26:49
790/600022/济南钢铁/6.190	7200	6.180	18900	6.170	32600	6.160	57910	6.150	121700	6.200	35801	6.230	47900	6.240	26900	6.250	17200	6.260	3500	/16843575//17735408/2840577/6.2/6.26//2008-9-18 10:27:50
790/600022/济南钢铁/6.200	13499	6.190	17450	6.180	21700	6.170	32600	6.160	59610	6.220	1200	6.230	46400	6.240	26900	6.250	17200	6.260	3500	/16843575//17970682/2878528/6.2/6.26//2008-9-18 10:28:50
790/600022/济南钢铁/6.200	25199	6.190	27450	6.180	20900	6.170	22900	6.160	59610	6.230	39400	6.240	25400	6.250	16200	6.260	3500	6.270	7400	/16843575//18162414/2909428/6.2/6.26//2008-9-18 10:29:50
790/600022/济南钢铁/6.200	36099	6.190	24750	6.180	21800	6.170	21900	6.160	59610	6.210	5300	6.230	39400	6.240	25400	6.250	16200	6.260	3500	/16843575//18264242/2925828/6.2/6.26//2008-9-18 10:30:51
790/600022/济南钢铁/6.190	24750	6.180	31800	6.170	31900	6.160	59610	6.150	121700	6.200	22601	6.210	27400	6.220	800	6.230	44800	6.240	25400	/16843575//18515968/2966427/6.2/6.26//2008-9-18 10:31:51
790/600022/济南钢铁/6.150	128700	6.130	4600	6.120	7400	6.110	60300	6.100	42800	6.160	72990	6.190	20250	6.200	14001	6.210	24300	6.220	3800	/16843575//19458850/3119187/6.16/6.26//2008-9-18 10:32:51
790/600022/济南钢铁/6.150	111700	6.130	5600	6.120	7400	6.110	60300	6.100	43200	6.160	42790	6.190	22250	6.200	14001	6.210	24300	6.220	4000	/16843575//19734672/3163987/6.16/6.26//2008-9-18 10:33:52
790/600022/济南钢铁/6.140	800	6.130	5600	6.120	15800	6.110	60500	6.100	47200	6.150	34840	6.160	52500	6.180	5000	6.190	27550	6.200	15501	/16843575//21097820/3385487/6.15/6.26//2008-9-18 10:34:52
790/600022/济南钢铁/6.060	3000	6.050	4100	6.040	200	6.030	2800	6.020	15500	6.080	23900	6.090	2000	6.100	294500	6.110	8400	6.120	500	/16843575//22207228/3567187/6.06/6.26//2008-9-18 10:35:52
790/600022/济南钢铁/6.050	10900	6.040	19100	6.030	4900	6.020	38260	6.010	147600	6.080	47800	6.090	76000	6.100	290900	6.120	500	6.130	30100	/16843575//22590474/3630627/6.05/6.26//2008-9-18 10:36:53
790/600022/济南钢铁/6.060	500	6.050	2300	6.030	1000	6.020	700	6.010	41160	6.070	2800	6.080	11300	6.090	97100	6.100	290900	6.130	30100	/16843575//24281434/3911327/6.06/6.26//2008-9-18 10:37:53
790/600022/济南钢铁/6.050	500	6.040	1000	6.030	1300	6.020	72100	6.010	53060	6.060	12400	6.070	3800	6.080	10000	6.090	75100	6.100	290900	/16843575//24400038/3930927/6.06/6.26//2008-9-18 10:38:53
790/600022/济南钢铁/6.050	14400	6.040	25500	6.030	53700	6.020	77900	6.010	59860	6.060	5200	6.070	3700	6.080	10000	6.090	74100	6.100	290900	/16843575//24580216/3960727/6.06/6.26//2008-9-18 10:39:54
790/600022/济南钢铁/6.040	29700	6.030	49700	6.020	68900	6.010	56260	6.000	124400	6.050	17200	6.070	33600	6.080	10000	6.090	74100	6.100	290900	/16843575//25129784/4051527/6.05/6.26//2008-9-18 10:40:54
790/600022/济南钢铁/6.060	300	6.050	72000	6.040	34400	6.030	48800	6.020	68800	6.070	34600	6.080	10000	6.090	74100	6.100	290900	6.130	30100	/16843575//25247746/4071027/6.05/6.26//2008-9-18 10:41:54
790/600022/济南钢铁/6.070	24100	6.060	23000	6.050	70300	6.040	36200	6.030	12100	6.080	10000	6.090	74100	6.100	290900	6.130	30100	6.140	100	/16843575//25511638/4114527/6.07/6.26//2008-9-18 10:42:55
790/600022/济南钢铁/6.070	15800	6.060	23000	6.050	72700	6.040	11900	6.030	12300	6.090	25500	6.100	290900	6.130	30100	6.140	100	6.150	500	/16843575//25713404/4147727/6.07/6.26//2008-9-18 10:43:55
790/600022/济南钢铁/6.090	66500	6.080	6000	6.070	14800	6.060	22200	6.050	71800	6.100	289600	6.130	30100	6.140	100	6.150	30500	6.160	37000	/16843575//26027540/4199327/6.1/6.26//2008-9-18 10:44:56
790/600022/济南钢铁/6.070	12300	6.060	21800	6.050	70400	6.040	11900	6.030	10000	6.090	42700	6.100	279600	6.130	30100	6.140	2100	6.150	30500	/16843575//26502668/4277327/6.09/6.26//2008-9-18 10:45:56
790/600022/济南钢铁/6.040	1900	6.030	10200	6.020	55800	6.010	78960	6.000	136300	6.050	172800	6.060	9600	6.070	30300	6.080	6900	6.090	33050	/16843575//27318032/4412027/6.04/6.26//2008-9-18 10:46:56
790/600022/济南钢铁/6.000	28160	5.990	2200	5.980	22900	5.960	2000	5.950	31600	6.010	14000	6.020	25300	6.030	16300	6.040	18500	6.050	57300	/16843575//28802594/4659127/6.01/6.26//2008-9-18 10:47:57
790/600022/济南钢铁/5.980	12900	5.960	7100	5.950	8100	5.940	400	5.930	2100	5.990	19700	6.000	231240	6.010	58756	6.020	35000	6.040	2700	/16843575//29133264/4714287/5.98/6.26//2008-9-18 10:48:57
790/600022/济南钢铁/5.930	6100	5.920	2400	5.910	19400	5.900	10200	5.880	27000	5.950	27900	5.960	54900	5.970	5600	5.980	5450	5.990	49400	/16843575//29415372/4761587/5.95/6.26//2008-9-18 10:49:57
790/600022/济南钢铁/5.930	4900	5.920	17800	5.910	21500	5.900	20700	5.880	54600	5.940	2900	5.950	20600	5.960	54400	5.970	5600	5.980	4250	/16843575//29645272/4800287/5.94/6.26//2008-9-18 10:50:58
790/600022/济南钢铁/5.930	2400	5.920	26800	5.910	24500	5.900	37900	5.890	800	5.950	14700	5.960	54100	5.970	5600	5.980	9250	5.990	22400	/16843575//30345158/4918387/5.93/6.26//2008-9-18 10:51:58
790/600022/济南钢铁/5.960	150200	5.950	13800	5.930	47700	5.920	42800	5.910	26300	5.970	5600	5.980	9250	5.990	22400	6.000	195240	6.010	15456	/16843575//30939888/5018287/5.96/6.26//2008-9-18 10:52:58
790/600022/济南钢铁/5.930	54400	5.920	16500	5.910	22300	5.900	44600	5.890	2800	5.950	2200	5.960	79200	5.970	2000	5.980	4350	5.990	20400	/16843575//32575704/5292787/5.95/6.26//2008-9-18 10:53:59
790/600022/济南钢铁/5.950	109700	5.940	500	5.930	47600	5.920	23200	5.910	22400	5.960	28800	5.970	2000	5.980	4350	5.990	22800	6.000	193440	/16843575//32895104/5346387/5.96/6.26//2008-9-18 10:54:59
790/600022/济南钢铁/5.940	500	5.930	47200	5.920	23700	5.910	21800	5.900	47400	5.950	26321	5.960	16100	5.970	2000	5.980	4350	5.990	22500	/16843575//33622320/5468587/5.95/6.26//2008-9-18 10:56:0
790/600022/济南钢铁/5.940	7800	5.930	47400	5.920	23700	5.910	31800	5.900	48600	5.950	25021	5.960	16100	5.970	2000	5.980	4350	5.990	21100	/16843575//33688292/5479687/5.94/6.26//2008-9-18 10:57:0
790/600022/济南钢铁/5.930	24000	5.920	23900	5.910	30800	5.900	53800	5.890	2800	5.940	12000	5.950	23021	5.960	16100	5.970	2000	5.980	4750	/16843575//33808348/5499887/5.95/6.26//2008-9-18 10:58:0
790/600022/济南钢铁/5.930	47400	5.920	29200	5.910	31600	5.900	56500	5.890	2800	5.940	7300	5.950	21121	5.960	15800	5.970	2000	5.980	6750	/16843575//34144288/5556487/5.93/6.26//2008-9-18 10:59:1
790/600022/济南钢铁/5.890	2000	5.880	53200	5.870	3000	5.860	6700	5.850	53400	5.900	41700	5.930	3000	5.950	9021	5.960	15700	5.970	2000	/16843575//36420536/5941087/5.9/6.26//2008-9-18 11:0:1
790/600022/济南钢铁/5.900	10500	5.890	18200	5.880	72700	5.870	3000	5.860	7500	5.930	4100	5.950	9021	5.960	15700	5.970	2000	5.980	6750	/16843575//35600128/5802587/5.9/6.26//2008-9-18 11:1:2
790/600022/济南钢铁/5.900	7100	5.890	37600	5.880	70900	5.870	2000	5.860	7500	5.920	7000	5.930	12900	5.950	9021	5.960	16700	5.970	2000	/16843575//35743504/5826887/5.9/6.26//2008-9-18 11:2:2
790/600022/济南钢铁/5.910	1100	5.900	18400	5.890	37600	5.880	43000	5.870	2000	5.920	1800	5.930	12800	5.950	7021	5.960	16700	5.970	2000	/16843575//35879260/5849887/5.92/6.26//2008-9-18 11:3:2
790/600022/济南钢铁/5.910	15680	5.900	54100	5.890	38400	5.880	42600	5.870	2000	5.920	2200	5.930	2800	5.950	9021	5.960	16700	5.970	2000	/16843575//35962116/5863907/5.92/6.26//2008-9-18 11:4:3
790/600022/济南钢铁/5.930	11700	5.920	19500	5.910	21980	5.900	46200	5.890	20900	5.950	9021	5.960	16700	5.970	2000	5.980	6000	5.990	26300	/16843575//36056204/5879807/5.93/6.26//2008-9-18 11:5:3
790/600022/济南钢铁/5.960	1000	5.930	14379	5.920	24000	5.910	41080	5.900	26200	5.970	2000	5.980	4000	5.990	18100	6.000	195540	6.010	1200	/16843575//36286060/5918428/5.93/6.26//2008-9-18 11:6:4
790/600022/济南钢铁/5.950	62600	5.930	11079	5.920	24900	5.910	33580	5.900	31300	5.970	17000	5.980	6700	5.990	19100	6.000	195540	6.010	4100	/16843575//36351772/5929428/5.97/6.26//2008-9-18 11:7:4
790/600022/济南钢铁/5.960	2100	5.950	61800	5.940	1400	5.930	10579	5.920	24100	5.970	520	5.980	5000	5.990	19100	6.000	195540	6.010	4100	/16843575//36596200/5970328/5.97/6.26//2008-9-18 11:8:4
790/600022/济南钢铁/5.960	3000	5.950	7500	5.940	1600	5.930	10379	5.920	24100	5.970	45820	5.980	12200	5.990	19100	6.000	195540	6.010	4100	/16843575//36723964/5991728/5.97/6.26//2008-9-18 11:9:5
790/600022/济南钢铁/5.950	9200	5.940	2800	5.930	10379	5.920	24100	5.910	32880	5.960	15100	5.970	40820	5.980	7500	5.990	19600	6.000	195940	/16843575//36769244/5999328/5.96/6.26//2008-9-18 11:10:5
790/600022/济南钢铁/5.960	7300	5.950	6900	5.940	12800	5.930	12879	5.920	24500	5.970	40820	5.980	5500	5.990	18600	6.000	195940	6.010	1200	/16843575//36817508/6007428/5.95/6.26//2008-9-18 11:11:6
790/600022/济南钢铁/5.950	1200	5.940	12800	5.930	12579	5.920	24500	5.910	12980	5.960	14200	5.970	40820	5.980	5500	5.990	19100	6.000	195940	/16843575//36962772/6031828/5.95/6.26//2008-9-18 11:12:6
790/600022/济南钢铁/5.950	1300	5.940	900	5.930	11400	5.920	29900	5.910	2980	5.960	14300	5.970	40820	5.980	5500	5.990	17100	6.000	196140	/16843575//37176888/6067828/5.96/6.26//2008-9-18 11:13:7
790/600022/济南钢铁/5.940	19100	5.930	11400	5.920	29500	5.910	2980	5.900	42100	5.950	12100	5.960	14300	5.970	40820	5.980	5500	5.990	17100	/16843575//37208420/6073128/5.95/6.26//2008-9-18 11:14:7
790/600022/济南钢铁/5.930	1400	5.920	29500	5.910	4080	5.900	40800	5.890	40900	5.950	900	5.960	14300	5.970	40820	5.980	5500	5.990	17100	/16843575//37459672/6115428/5.93/6.26//2008-9-18 11:15:7
790/600022/济南钢铁/5.930	13600	5.920	29500	5.910	4380	5.900	44300	5.890	42400	5.950	82800	5.960	14300	5.970	40820	5.980	5500	5.990	17100	/16843575//37561872/6132628/5.95/6.26//2008-9-18 11:16:8
790/600022/济南钢铁/5.930	15300	5.920	29500	5.910	8480	5.900	43900	5.890	42400	5.940	4800	5.950	79700	5.960	14300	5.970	40820	5.980	5500	/16843575//37586848/6136828/5.94/6.26//2008-9-18 11:17:8
790/600022/济南钢铁/5.940	200	5.910	19400	5.900	25780	5.890	42400	5.880	26100	5.950	79200	5.960	4700	5.970	40820	5.980	5500	5.990	17100	/16843575//38843632/6348728/5.95/6.26//2008-9-18 11:18:9
790/600022/济南钢铁/5.930	28300	5.920	21000	5.910	31600	5.900	31880	5.890	42400	5.940	13800	5.950	1400	5.960	4700	5.970	40820	5.980	5500	/16843575//38919068/6361428/5.94/6.26//2008-9-18 11:19:9
790/600022/济南钢铁/5.930	24900	5.920	22000	5.910	31600	5.900	33780	5.890	42400	5.940	11200	5.950	1400	5.960	8700	5.970	40820	5.980	5500	/16843575//39019408/6378328/5.94/6.26//2008-9-18 11:20:10
790/600022/济南钢铁/5.930	8600	5.920	12000	5.910	23100	5.900	35180	5.890	42400	5.940	5700	5.950	1400	5.960	1000	5.970	40820	5.980	5500	/16843575//39101296/6392128/5.94/6.26//2008-9-18 11:21:10
790/600022/济南钢铁/5.920	13000	5.910	23100	5.900	29880	5.890	42700	5.880	26200	5.930	4400	5.940	7000	5.950	1400	5.960	1000	5.970	40820	/16843575//39162392/6402428/5.93/6.26//2008-9-18 11:22:10
790/600022/济南钢铁/5.920	13300	5.910	23100	5.900	31780	5.890	43100	5.880	45700	5.930	3000	5.940	6000	5.950	1400	5.960	1000	5.970	40820	/16843575//39272692/6421028/5.93/6.26//2008-9-18 11:23:11
790/600022/济南钢铁/5.930	3910	5.920	24500	5.910	22100	5.900	32780	5.890	43100	5.940	6700	5.950	1400	5.960	1000	5.970	40820	5.980	5500	/16843575//39315924/6428318/5.93/6.26//2008-9-18 11:24:11
790/600022/济南钢铁/5.940	5600	5.930	17110	5.920	24500	5.910	22100	5.900	32780	5.950	1400	5.960	1000	5.970	40820	5.980	500	5.990	22100	/16843575//39416864/6445318/5.94/6.26//2008-9-18 11:25:12
790/600022/济南钢铁/5.940	12500	5.930	17110	5.920	24500	5.910	22900	5.900	32780	5.950	16800	5.960	10200	5.970	40220	5.980	500	5.990	22100	/16843575//39417544/6445418/5.95/6.26//2008-9-18 11:26:12
790/600022/济南钢铁/5.940	9800	5.930	17110	5.920	24000	5.910	22900	5.900	32680	5.950	17322	5.960	20700	5.970	40220	5.980	1500	5.990	22100	/16843575//39566316/6470418/5.94/6.26//2008-9-18 11:27:13
790/600022/济南钢铁/5.940	4078	5.930	1310	5.920	23700	5.910	23400	5.900	32480	5.950	1000	5.960	3400	5.970	40220	5.980	2200	5.990	24600	/16843575//39884932/6524040/5.94/6.26//2008-9-18 11:28:13
790/600022/济南钢铁/5.910	568	5.900	30000	5.890	43100	5.880	50400	5.870	600	5.930	2000	5.940	7800	5.950	1000	5.960	17400	5.970	40220	/16843575//40480256/6624772/5.9/6.26//2008-9-18 11:29:14
790/600022/济南钢铁/5.910	5068	5.900	58200	5.890	43200	5.880	50400	5.870	600	5.930	2200	5.940	7800	5.950	1000	5.960	17400	5.970	40220	/16843575//40483028/6625240/5.91/6.26//2008-9-18 11:30:14
790/600022/济南钢铁/5.910	5068	5.900	58200	5.890	43200	5.880	50400	5.870	600	5.930	2200	5.940	7800	5.950	1000	5.960	17400	5.970	40220	/16843575//40483028/6625240/5.91/6.26//2008-9-18 11:31:15
790/600022/济南钢铁/5.920	5000	5.910	35968	5.900	48900	5.890	53200	5.880	75600	5.930	700	5.940	5600	5.950	78200	5.960	37500	5.970	40220	/16843575//40776060/6674740/5.91/6.26//2008-9-18 13:1:15
790/600022/济南钢铁/5.920	12000	5.910	39668	5.900	48900	5.890	53200	5.880	75600	5.930	3000	5.940	5100	5.950	78200	5.960	37500	5.970	40220	/16843575//40786144/6676440/5.93/6.26//2008-9-18 13:2:16
790/600022/济南钢铁/5.930	13300	5.920	11400	5.910	36668	5.900	49400	5.890	54000	5.940	4000	5.950	78200	5.960	37500	5.970	40220	5.980	2200	/16843575//40840712/6685640/5.94/6.26//2008-9-18 13:3:16
790/600022/济南钢铁/5.940	6900	5.930	6300	5.920	12200	5.910	35668	5.900	49300	5.950	78200	5.960	37500	5.970	40220	5.980	4200	5.990	20600	/16843575//40895332/6694840/5.94/6.26//2008-9-18 13:4:17
790/600022/济南钢铁/5.930	4500	5.920	12200	5.910	33668	5.900	47400	5.890	54000	5.940	7000	5.950	79100	5.960	37500	5.970	40220	5.980	4200	/16843575//40957684/6705340/5.94/6.26//2008-9-18 13:5:17
790/600022/济南钢铁/5.940	8700	5.930	4100	5.920	16200	5.910	33668	5.900	30400	5.950	79100	5.960	37500	5.970	40220	5.980	4200	5.990	20600	/16843575//41025396/6716740/5.94/6.26//2008-9-18 13:6:18
790/600022/济南钢铁/5.920	17500	5.910	30268	5.900	35800	5.890	54000	5.880	76000	5.930	37300	5.940	1900	5.950	73900	5.960	37500	5.970	40220	/16843575//41151320/6737940/5.93/6.26//2008-9-18 13:7:18
790/600022/济南钢铁/5.920	19400	5.910	30268	5.900	35700	5.890	54000	5.880	76000	5.930	2800	5.940	3900	5.950	86900	5.960	37500	5.970	40220	/16843575//41358864/6772940/5.93/6.26//2008-9-18 13:8:19
790/600022/济南钢铁/5.940	4900	5.930	5800	5.920	19500	5.910	30268	5.900	34800	5.950	86900	5.960	37500	5.970	40220	5.980	4200	5.990	18100	/16843575//41524928/6800940/5.94/6.26//2008-9-18 13:9:19
790/600022/济南钢铁/5.920	21500	5.910	27268	5.900	35400	5.890	56500	5.880	76700	5.930	2600	5.940	200	5.950	86900	5.960	37500	5.970	40220	/16843575//41627612/6818240/5.93/6.26//2008-9-18 13:10:20
790/600022/济南钢铁/5.920	17800	5.910	27268	5.900	36300	5.890	56500	5.880	76700	5.930	400	5.940	400	5.950	87200	5.960	37500	5.970	40220	/16843575//41674420/6826140/5.92/6.26//2008-9-18 13:11:20
790/600022/济南钢铁/5.920	18400	5.910	27268	5.900	35300	5.890	59600	5.880	76700	5.930	2400	5.940	400	5.950	15300	5.960	37500	5.970	40220	/16843575//41714148/6832840/5.93/6.26//2008-9-18 13:12:21
790/600022/济南钢铁/5.930	3100	5.920	20000	5.910	31468	5.900	37600	5.890	57100	5.940	1400	5.950	15000	5.960	37500	5.970	40220	5.980	4200	/16843575//41746160/6838240/5.93/6.26//2008-9-18 13:13:21
790/600022/济南钢铁/5.920	6900	5.910	33468	5.900	37700	5.890	57400	5.880	78000	5.940	1400	5.950	18000	5.960	37500	5.970	40220	5.980	4200	/16843575//41852200/6856140/5.92/6.26//2008-9-18 13:14:22
790/600022/济南钢铁/5.910	24168	5.900	34400	5.890	57400	5.880	79400	5.870	7800	5.920	59000	5.930	1100	5.940	1700	5.950	18000	5.960	37500	/16843575//42012536/6883240/5.91/6.26//2008-9-18 13:15:22
790/600022/济南钢铁/5.910	14568	5.900	38900	5.890	57900	5.880	79400	5.870	7800	5.920	38500	5.930	1100	5.940	1400	5.950	17500	5.960	37500	/16843575//42225508/6919240/5.92/6.26//2008-9-18 13:16:23
790/600022/济南钢铁/5.910	10179	5.900	41500	5.890	58400	5.880	80400	5.870	7800	5.920	39300	5.930	1100	5.940	51000	5.950	17500	5.960	37500	/16843575//42256772/6924529/5.91/6.26//2008-9-18 13:17:23
790/600022/济南钢铁/5.910	14779	5.900	41000	5.890	58200	5.880	80400	5.870	7800	5.920	36700	5.930	1100	5.940	51000	5.950	17700	5.960	37500	/16843575//42323584/6935829/5.92/6.26//2008-9-18 13:18:24
790/600022/济南钢铁/5.910	22979	5.900	41800	5.890	58200	5.880	80500	5.870	7800	5.920	35900	5.930	1100	5.940	51400	5.950	17700	5.960	37500	/16843575//42342504/6939029/5.92/6.26//2008-9-18 13:19:24
790/600022/济南钢铁/5.920	21000	5.910	15779	5.900	42400	5.890	58200	5.880	82500	5.930	3600	5.940	1800	5.950	17700	5.960	34600	5.970	40220	/16843575//42470856/6960729/5.92/6.26//2008-9-18 13:20:25
790/600022/济南钢铁/5.940	600	5.930	3700	5.920	48300	5.910	15779	5.900	44900	5.950	16900	5.960	34600	5.970	40220	5.980	4200	5.990	24600	/16843575//42524264/6969729/5.95/6.26//2008-9-18 13:21:25
790/600022/济南钢铁/5.950	4700	5.940	3600	5.930	14500	5.920	45300	5.910	13879	5.960	26600	5.970	39220	5.980	4200	5.990	18100	6.000	206340	/16843575//42721368/7002829/5.96/6.26//2008-9-18 13:22:26
790/600022/济南钢铁/5.950	5040	5.940	4200	5.930	22400	5.920	42600	5.910	14379	5.960	2700	5.970	39220	5.980	2200	5.990	18200	6.000	206340	/16843575//42832556/7021489/5.95/6.26//2008-9-18 13:23:26
790/600022/济南钢铁/5.960	23000	5.950	55740	5.940	3500	5.930	12300	5.920	50800	5.970	30220	5.980	2200	5.990	24200	6.000	206340	6.040	500	/16843575//42905952/7033789/5.97/6.26//2008-9-18 13:24:27
790/600022/济南钢铁/5.980	1500	5.970	23080	5.960	15600	5.950	55740	5.940	3500	5.990	10400	6.000	206240	6.040	600	6.050	300	6.060	3000	/16843575//43228196/7087709/5.99/6.26//2008-9-18 13:25:27
790/600022/济南钢铁/5.990	27500	5.980	27600	5.970	3580	5.960	7900	5.950	5240	6.000	190640	6.040	600	6.050	300	6.060	2000	6.070	900	/16843575//43421232/7119909/6.0/6.26//2008-9-18 13:26:28
790/600022/济南钢铁/5.990	19500	5.980	1000	5.970	3080	5.960	7900	5.950	4440	6.000	126140	6.040	600	6.050	300	6.060	2000	6.070	900	/16843575//43845680/7190659/5.99/6.26//2008-9-18 13:27:28
790/600022/济南钢铁/5.980	1000	5.970	2480	5.960	7900	5.950	4440	5.940	700	5.990	6500	6.000	101840	6.040	600	6.050	300	6.060	2000	/16843575//44174772/7245559/5.99/6.26//2008-9-18 13:28:29
790/600022/济南钢铁/5.960	3400	5.950	4440	5.940	10700	5.930	12500	5.920	28900	5.970	9820	5.980	5600	5.990	5300	6.000	105840	6.040	600	/16843575//44329192/7271439/5.96/6.26//2008-9-18 13:29:29
790/600022/济南钢铁/5.980	300	5.970	500	5.960	880	5.950	19540	5.940	22900	5.990	2500	6.000	105840	6.040	600	6.050	300	6.060	2000	/16843575//44479876/7296659/5.99/6.26//2008-9-18 13:30:30
790/600022/济南钢铁/5.980	1500	5.970	11500	5.960	2080	5.950	19540	5.940	22900	6.000	52140	6.020	200	6.040	600	6.050	300	6.060	2000	/16843575//44826624/7354459/6.0/6.26//2008-9-18 13:31:30
790/600022/济南钢铁/6.020	200	6.010	1000	6.000	22600	5.990	200	5.980	11680	6.060	1000	6.070	3800	6.080	3600	6.090	45600	6.100	217572	/16843575//45768236/7511799/6.02/6.26//2008-9-18 13:32:31
790/600022/济南钢铁/6.070	800	6.060	2000	6.030	10100	6.020	1900	6.010	600	6.080	19900	6.090	79480	6.100	216672	6.110	700	6.120	300	/16843575//45873916/7529199/6.07/6.26//2008-9-18 13:33:31
790/600022/济南钢铁/6.070	800	6.030	10400	6.020	1900	6.010	1600	6.000	20200	6.080	22100	6.090	500	6.100	215172	6.110	700	6.120	300	/16843575//46530036/7636999/6.08/6.26//2008-9-18 13:34:32
790/600022/济南钢铁/6.080	49100	6.070	2300	6.040	16400	6.030	5900	6.020	1900	6.090	500	6.100	215172	6.110	200	6.120	300	6.130	3100	/16843575//46868184/7692599/6.08/6.26//2008-9-18 13:35:32
790/600022/济南钢铁/6.090	13200	6.080	47200	6.070	1500	6.040	16400	6.030	5900	6.100	215072	6.110	200	6.120	300	6.130	100	6.140	200	/16843575//47091068/7729199/6.09/6.26//2008-9-18 13:36:33
790/600022/济南钢铁/6.080	48100	6.070	800	6.040	16400	6.030	5300	6.020	500	6.090	15900	6.100	211872	6.110	200	6.120	300	6.130	100	/16843575//47220208/7750399/6.09/6.26//2008-9-18 13:37:34
790/600022/济南钢铁/6.080	4660	6.070	800	6.040	16400	6.030	5300	6.020	500	6.090	13330	6.100	212872	6.110	200	6.120	300	6.130	100	/16843575//47602468/7813239/6.09/6.26//2008-9-18 13:38:34
790/600022/济南钢铁/6.060	300	6.050	5300	6.040	16400	6.030	5300	6.020	500	6.070	570	6.090	100	6.100	210872	6.110	200	6.120	300	/16843575//47958948/7871829/6.07/6.26//2008-9-18 13:39:35
790/600022/济南钢铁/6.080	2500	6.070	10200	6.060	300	6.050	5400	6.040	16700	6.090	1970	6.100	209872	6.110	200	6.120	300	6.130	5200	/16843575//47982472/7875699/6.07/6.26//2008-9-18 13:40:35
790/600022/济南钢铁/6.090	1500	6.080	9700	6.070	10000	6.060	7300	6.050	2800	6.100	205642	6.110	200	6.120	300	6.130	7200	6.140	200	/16843575//48044020/7885799/6.1/6.26//2008-9-18 13:41:36
790/600022/济南钢铁/6.090	600	6.080	8900	6.070	10000	6.060	7300	6.050	4100	6.100	191242	6.120	300	6.130	2100	6.140	200	6.150	400	/16843575//48170852/7906599/6.1/6.26//2008-9-18 13:42:36
790/600022/济南钢铁/6.090	4000	6.080	15300	6.070	10000	6.060	7300	6.050	4100	6.100	94642	6.120	300	6.130	100	6.140	200	6.150	400	/16843575//48772908/8005299/6.1/6.26//2008-9-18 13:43:37
790/600022/济南钢铁/6.110	3000	6.100	123058	6.090	9500	6.080	9900	6.070	8700	6.150	17000	6.180	4100	6.190	2100	6.200	9799	6.210	100	/16843575//49382748/8105241/6.15/6.26//2008-9-18 13:44:37
790/600022/济南钢铁/6.180	2800	6.150	15300	6.120	4500	6.110	16900	6.100	76700	6.190	7700	6.200	32399	6.210	400	6.230	8300	6.240	24200	/16843575//49566800/8135141/6.18/6.26//2008-9-18 13:45:38
790/600022/济南钢铁/6.170	500	6.160	8600	6.150	25800	6.120	5100	6.110	16000	6.180	2600	6.190	19200	6.200	29699	6.210	5500	6.230	8100	/16843575//49755292/8165641/6.18/6.26//2008-9-18 13:46:39
790/600022/济南钢铁/6.180	4500	6.170	22000	6.160	3000	6.150	20700	6.120	6200	6.200	27599	6.210	5500	6.230	8100	6.240	24200	6.250	4600	/16843575//50196832/8237041/6.18/6.26//2008-9-18 13:47:39
790/600022/济南钢铁/6.180	10001	6.170	22000	6.160	2800	6.150	23000	6.120	6200	6.200	6500	6.210	1000	6.220	11500	6.230	11000	6.240	24200	/16843575//50759832/8327840/6.18/6.26//2008-9-18 13:48:40
790/600022/济南钢铁/6.160	3800	6.150	23000	6.120	9700	6.110	7800	6.100	45200	6.170	16490	6.180	25379	6.190	14900	6.200	24200	6.210	1000	/16843575//51230972/8404141/6.17/6.26//2008-9-18 13:49:40
790/600022/济南钢铁/6.150	700	6.120	9700	6.110	6200	6.100	13900	6.080	4100	6.160	7500	6.170	6390	6.180	22279	6.190	13900	6.200	14000	/16843575//51440888/8438241/6.15/6.26//2008-9-18 13:50:41
790/600022/济南钢铁/6.120	10000	6.110	6200	6.100	12400	6.080	5700	6.070	27500	6.130	6500	6.140	6000	6.150	24700	6.160	5300	6.170	6290	/16843575//51499120/8447741/6.12/6.26//2008-9-18 13:51:41
790/600022/济南钢铁/6.100	1100	6.080	7300	6.070	27500	6.060	7300	6.050	2600	6.110	500	6.120	5100	6.130	3500	6.140	6000	6.150	23700	/16843575//51734988/8486341/6.1/6.26//2008-9-18 13:52:42
790/600022/济南钢铁/6.100	2300	6.090	1400	6.080	48600	6.070	900	6.060	7800	6.110	500	6.120	4100	6.130	1200	6.140	6000	6.150	23400	/16843575//51800236/8497041/6.11/6.26//2008-9-18 13:53:42
790/600022/济南钢铁/6.110	900	6.100	1800	6.090	7400	6.080	47900	6.070	200	6.120	4100	6.130	1200	6.140	7000	6.150	28400	6.160	1400	/16843575//51808780/8498441/6.11/6.26//2008-9-18 13:54:43
790/600022/济南钢铁/6.070	200	6.060	7800	6.050	3200	6.030	300	6.020	1300	6.080	28400	6.130	1200	6.140	7000	6.150	28400	6.160	1400	/16843575//52308984/8580541/6.08/6.26//2008-9-18 13:55:44
790/600022/济南钢铁/6.070	10200	6.060	7800	6.050	2800	6.030	300	6.020	3300	6.080	25800	6.100	200	6.120	1100	6.130	2700	6.140	7000	/16843575//52327224/8583541/6.08/6.26//2008-9-18 13:56:44
790/600022/济南钢铁/6.070	8100	6.060	8900	6.050	6200	6.030	300	6.020	3300	6.080	15200	6.100	200	6.120	1100	6.130	2700	6.140	17000	/16843575//52445692/8603041/6.08/6.26//2008-9-18 13:57:45
790/600022/济南钢铁/6.100	1799	6.080	22400	6.070	8200	6.060	9100	6.050	6200	6.120	2400	6.130	2700	6.140	17000	6.150	22400	6.160	1400	/16843575//52546044/8619542/6.1/6.26//2008-9-18 13:58:45
790/600022/济南钢铁/6.110	2000	6.100	11299	6.090	4600	6.080	22400	6.070	7100	6.120	700	6.140	17000	6.150	22400	6.160	1400	6.170	6490	/16843575//52615232/8630842/6.12/6.26//2008-9-18 13:59:46
790/600022/济南钢铁/6.100	13599	6.090	4600	6.080	18300	6.070	7100	6.060	8600	6.110	18000	6.120	3700	6.130	14500	6.140	16000	6.150	22400	/16843575//52664764/8638942/6.11/6.26//2008-9-18 14:0:47
790/600022/济南钢铁/6.090	6100	6.080	18300	6.070	7100	6.060	8600	6.050	4200	6.100	15301	6.110	600	6.120	5300	6.140	6000	6.150	19400	/16843575//52844808/8668441/6.1/6.26//2008-9-18 14:1:47
790/600022/济南钢铁/6.080	11900	6.070	7100	6.060	8600	6.050	4200	6.030	2300	6.090	12292	6.100	13001	6.110	600	6.120	5300	6.130	5000	/16843575//52969616/8688941/6.08/6.26//2008-9-18 14:2:48
790/600022/济南钢铁/6.080	7200	6.070	7200	6.060	7500	6.050	4200	6.030	2300	6.090	6892	6.100	15201	6.110	800	6.120	5300	6.130	5000	/16843575//53038380/8700241/6.08/6.26//2008-9-18 14:3:48
790/600022/济南钢铁/6.080	5908	6.070	7200	6.060	7500	6.050	25700	6.030	2300	6.100	14001	6.110	800	6.120	5300	6.130	5000	6.140	6000	/16843575//53101032/8710533/6.08/6.26//2008-9-18 14:4:49
790/600022/济南钢铁/6.030	2300	6.020	800	6.010	19500	6.000	47100	5.980	2600	6.050	2593	6.110	200	6.120	3200	6.130	5000	6.140	6000	/16843575//53596840/8792141/6.05/6.26//2008-9-18 14:5:50
790/600022/济南钢铁/6.110	100	6.080	4000	6.070	7500	6.060	600	6.050	21607	6.130	500	6.140	6000	6.150	20800	6.160	1400	6.170	6490	/16843575//53667636/8803734/6.13/6.26//2008-9-18 14:6:50
790/600022/济南钢铁/6.100	3000	6.090	1700	6.080	25900	6.060	5300	6.050	17000	6.140	4100	6.150	20800	6.160	1400	6.170	6490	6.180	7779	/16843575//53715952/8811634/6.14/6.26//2008-9-18 14:7:51
790/600022/济南钢铁/6.130	100	6.110	2600	6.100	15600	6.090	6600	6.080	24200	6.140	10500	6.150	20800	6.160	1400	6.170	6490	6.180	7779	/16843575//53757084/8818334/6.14/6.26//2008-9-18 14:8:51
790/600022/济南钢铁/6.110	11100	6.100	10500	6.090	11600	6.080	21700	6.060	7900	6.130	300	6.140	13700	6.150	20200	6.160	1400	6.170	4290	/16843575//53888684/8839834/6.11/6.26//2008-9-18 14:9:52
790/600022/济南钢铁/6.130	1100	6.120	12300	6.110	11100	6.100	10800	6.090	8900	6.140	1300	6.150	20200	6.160	1400	6.170	4290	6.180	7279	/16843575//53966656/8852534/6.14/6.26//2008-9-18 14:10:53
790/600022/济南钢铁/6.200	28000	6.190	1600	6.180	22731	6.170	5000	6.160	5300	6.290	3579	6.300	26100	6.310	2500	6.320	1800	6.330	11600	/16843575//55486236/9095903/6.2/6.26//2008-9-18 14:11:53
790/600022/济南钢铁/6.200	13431	6.180	5500	6.170	5000	6.160	11300	6.150	29100	6.280	5500	6.290	31579	6.300	27800	6.310	2500	6.320	3300	/16843575//56114108/9197403/6.2/6.26//2008-9-18 14:12:54
790/600022/济南钢铁/6.210	11200	6.200	18731	6.180	11300	6.170	5000	6.160	6300	6.240	3500	6.250	2400	6.260	5700	6.270	24100	6.280	26300	/16843575//56198872/9211003/6.25/6.26//2008-9-18 14:13:55
790/600022/济南钢铁/6.220	7400	6.210	13400	6.200	19531	6.180	16200	6.170	5000	6.230	500	6.240	1300	6.250	3700	6.260	8100	6.270	24800	/16843575//56229404/9215903/6.24/6.26//2008-9-18 14:14:55
790/600022/济南钢铁/6.250	6500	6.240	3700	6.230	500	6.220	8800	6.210	15200	6.260	3800	6.270	11300	6.280	50000	6.290	40279	6.300	67200	/16843575//56475108/9255203/6.25/6.26//2008-9-18 14:15:56
790/600022/济南钢铁/6.350	5000	6.340	5000	6.330	5000	6.320	5000	6.310	4000	6.360	20700	6.370	88700	6.380	21600	6.390	41104	6.400	13200	/16843575//59066336/9665003/6.36/6.26//2008-9-18 14:16:56
790/600022/济南钢铁/6.300	4000	6.290	5000	6.280	5000	6.270	3400	6.240	3700	6.320	200	6.330	24700	6.340	48700	6.350	20300	6.360	35399	/16843575//59301856/9702203/6.33/6.26//2008-9-18 14:17:57
790/600022/济南钢铁/6.300	16900	6.290	5000	6.280	5000	6.270	3400	6.240	3700	6.310	1100	6.320	19700	6.330	26400	6.340	47900	6.350	16400	/16843575//59362988/9711903/6.3/6.26//2008-9-18 14:18:58
790/600022/济南钢铁/6.320	115400	6.310	10100	6.300	15400	6.290	5000	6.280	5000	6.330	14700	6.340	46500	6.350	14100	6.360	14700	6.370	3000	/16843575//59592092/9748203/6.33/6.26//2008-9-18 14:19:58
790/600022/济南钢铁/6.460	600	6.450	10000	6.440	10000	6.430	10000	6.420	10000	6.470	92304	6.510	200	6.520	4400	6.530	14400	6.540	21900	/16843575//61779052/10088303/6.47/6.26//2008-9-18 14:20:59
790/600022/济南钢铁/6.510	5000	6.500	10800	6.490	19446	6.480	10000	6.470	10300	6.650	31950	6.660	68372	6.680	7400	6.690	62700	6.700	6700	/16843575//65866736/10713857/6.51/6.26//2008-9-18 14:22:0
790/600022/济南钢铁/6.490	19446	6.480	10000	6.470	57800	6.460	12000	6.450	10500	6.500	11700	6.510	2000	6.570	500	6.580	7300	6.610	5500	/16843575//67022492/10891357/6.5/6.26//2008-9-18 14:23:0
790/600022/济南钢铁/6.490	21146	6.480	13400	6.470	57800	6.460	12000	6.450	21400	6.500	2000	6.540	800	6.550	14800	6.560	600	6.570	11800	/16843575//67457576/10958257/6.5/6.26//2008-9-18 14:24:1
790/600022/济南钢铁/6.480	9400	6.470	57800	6.460	12500	6.450	21400	6.440	22400	6.490	23633	6.500	8000	6.510	3100	6.540	49900	6.550	13800	/16843575//67735952/11001103/6.49/6.26//2008-9-18 14:25:2
790/600022/济南钢铁/6.490	5967	6.480	8000	6.470	50700	6.460	11700	6.450	21200	6.500	94500	6.510	9800	6.530	1300	6.540	32800	6.550	17500	/16843575//68260024/11081836/6.49/6.26//2008-9-18 14:26:2
790/600022/济南钢铁/6.480	300	6.450	19800	6.440	19700	6.430	40000	6.420	20000	6.490	4500	6.500	1100	6.510	700	6.530	4700	6.540	1000	/16843575//75575392/12186703/6.48/6.26//2008-9-18 14:27:3
790/600022/济南钢铁/6.640	3000	6.630	5000	6.620	5000	6.610	5000	6.600	5000	6.650	6300	6.660	1300	6.670	52400	6.680	11100	6.690	3700	/16843575//75951744/12243603/6.64/6.26//2008-9-18 14:28:4
790/600022/济南钢铁/6.580	5000	6.570	5000	6.560	4700	6.550	5000	6.540	4000	6.600	153000	6.610	13500	6.620	23600	6.630	4300	6.640	60200	/16843575//76238464/12286903/6.6/6.26//2008-9-18 14:29:4
790/600022/济南钢铁/6.490	20600	6.480	13400	6.470	14400	6.460	24400	6.450	21300	6.500	34100	6.550	100	6.560	12800	6.570	32400	6.580	9200	/16843575//76627640/12346403/6.5/6.26//2008-9-18 14:30:5
790/600022/济南钢铁/6.510	2600	6.500	28700	6.490	6000	6.480	12400	6.470	14400	6.540	7900	6.550	8900	6.560	12000	6.570	20300	6.580	4800	/16843575//77130816/12423803/6.52/6.26//2008-9-18 14:31:6
790/600022/济南钢铁/6.490	24000	6.480	12500	6.470	14400	6.460	54400	6.450	22300	6.500	23690	6.520	1000	6.540	5700	6.550	4600	6.560	12300	/16843575//77632808/12500903/6.5/6.26//2008-9-18 14:32:6
790/600022/济南钢铁/6.500	42200	6.490	5010	6.480	12100	6.470	32900	6.460	54400	6.520	43500	6.530	2300	6.540	5700	6.550	2700	6.560	12000	/16843575//78324400/12607393/6.5/6.26//2008-9-18 14:33:7
790/600022/济南钢铁/6.490	50500	6.480	29900	6.470	29900	6.460	43600	6.450	32000	6.500	21600	6.520	32900	6.530	3700	6.540	6600	6.550	3100	/16843575//78927400/12700093/6.5/6.26//2008-9-18 14:34:8
790/600022/济南钢铁/6.480	30000	6.470	27500	6.460	43600	6.450	31000	6.440	20700	6.490	5750	6.500	39600	6.510	32000	6.520	5000	6.530	1600	/16843575//79723072/12822593/6.49/6.26//2008-9-18 14:35:8
790/600022/济南钢铁/6.500	98850	6.490	8200	6.480	31200	6.470	28000	6.460	43600	6.510	33000	6.520	2400	6.530	800	6.540	6600	6.550	3900	/16843575//80067768/12875643/6.5/6.26//2008-9-18 14:36:9
790/600022/济南钢铁/6.480	32200	6.470	27500	6.460	43600	6.450	31000	6.440	20700	6.490	9500	6.500	120350	6.510	51000	6.520	3400	6.530	800	/16843575//80851904/12996293/6.49/6.26//2008-9-18 14:37:10
790/600022/济南钢铁/6.470	27500	6.460	8600	6.450	34200	6.440	19700	6.430	40000	6.480	115200	6.490	19900	6.500	72550	6.510	50000	6.520	3400	/16843575//81151272/13042493/6.48/6.26//2008-9-18 14:38:10
790/600022/济南钢铁/6.400	11300	6.390	10000	6.380	12000	6.370	10500	6.360	11300	6.440	100	6.450	34800	6.460	9200	6.470	126900	6.480	68500	/16843575//83752720/13446993/6.4/6.26//2008-9-18 14:39:11
790/600022/济南钢铁/6.390	2600	6.380	11000	6.370	10000	6.360	11300	6.350	10200	6.400	19500	6.430	1900	6.440	12000	6.450	36500	6.460	23700	/16843575//83009272/13331293/6.39/6.26//2008-9-18 14:40:12
790/600022/济南钢铁/6.300	35900	6.280	300	6.260	1000	6.250	8600	6.240	300	6.380	5800	6.390	12300	6.400	13300	6.430	1900	6.440	12000	/16843575//85655040/13750593/6.3/6.26//2008-9-18 14:41:12
790/600022/济南钢铁/6.350	5500	6.330	100	6.320	7100	6.310	24300	6.300	50800	6.380	4300	6.390	12500	6.400	13100	6.430	1900	6.440	12000	/16843575//85769200/13768593/6.35/6.26//2008-9-18 14:42:13
790/600022/济南钢铁/6.360	3500	6.350	2000	6.340	200	6.320	9500	6.310	26600	6.380	11200	6.390	12500	6.400	13100	6.440	12000	6.450	21700	/16843575//85801168/13773593/6.38/6.26//2008-9-18 14:43:14
790/600022/济南钢铁/6.350	3800	6.340	5200	6.320	44000	6.310	27600	6.300	50200	6.360	600	6.380	9400	6.390	12500	6.400	13400	6.440	12000	/16843575//85867968/13784093/6.36/6.26//2008-9-18 14:44:14
790/600022/济南钢铁/6.360	300	6.350	5800	6.340	5000	6.330	17900	6.320	43900	6.380	7700	6.390	14500	6.400	13600	6.450	21200	6.460	21200	/16843575//85937960/13795093/6.36/6.26//2008-9-18 14:45:15
790/600022/济南钢铁/6.360	3100	6.350	5800	6.340	5000	6.330	17900	6.320	41900	6.370	23500	6.380	6900	6.390	5600	6.400	13600	6.450	22300	/16843575//85993376/13803793/6.36/6.26//2008-9-18 14:46:16
790/600022/济南钢铁/6.310	2600	6.300	44400	6.290	300	6.280	6600	6.260	1400	6.320	500	6.330	200	6.350	3300	6.360	1000	6.370	23500	/16843575//86595560/13898993/6.31/6.26//2008-9-18 14:47:16
790/600022/济南钢铁/6.310	4900	6.300	50700	6.290	10300	6.280	6600	6.260	1400	6.360	1000	6.370	22900	6.380	2600	6.390	6000	6.400	13600	/16843575//86633720/13904993/6.31/6.26//2008-9-18 14:48:17
790/600022/济南钢铁/6.330	5600	6.310	6800	6.300	39500	6.290	10300	6.280	7300	6.350	2100	6.360	32700	6.370	22600	6.380	2600	6.390	6000	/16843575//86975320/13959093/6.35/6.26//2008-9-18 14:49:18
790/600022/济南钢铁/6.330	3251	6.310	15700	6.300	40700	6.290	10300	6.280	7300	6.350	7700	6.360	34700	6.370	21200	6.380	4100	6.390	5500	/16843575//87042264/13969642/6.35/6.26//2008-9-18 14:50:18
790/600022/济南钢铁/6.320	4100	6.310	52000	6.300	59500	6.290	10300	6.280	4300	6.330	18249	6.340	100	6.350	25100	6.360	34700	6.370	21200	/16843575//87097088/13978293/6.33/6.26//2008-9-18 14:51:19
790/600022/济南钢铁/6.320	9501	6.310	8000	6.300	69500	6.290	10300	6.280	4300	6.330	17749	6.340	4800	6.350	24000	6.360	35400	6.370	21200	/16843575//87442984/14033092/6.32/6.26//2008-9-18 14:52:20
790/600022/济南钢铁/6.470	7150	6.460	10000	6.450	10000	6.440	10000	6.430	10000	6.500	8900	6.510	49000	6.520	4100	6.530	200	6.540	7100	/16843575//91022952/14587491/6.47/6.26//2008-9-18 14:53:21
790/600022/济南钢铁/6.460	4000	6.450	13000	6.440	10000	6.430	10000	6.420	10000	6.470	26350	6.480	2000	6.490	55900	6.500	165400	6.510	50000	/16843575//91210216/14616441/6.46/6.26//2008-9-18 14:54:21
790/600022/济南钢铁/6.440	9600	6.430	10000	6.420	10000	6.410	37000	6.400	10300	6.450	34000	6.460	19500	6.470	23850	6.480	2200	6.490	60500	/16843575//91437416/14651641/6.45/6.26//2008-9-18 14:55:22
790/600022/济南钢铁/6.410	1300	6.400	10300	6.390	10500	6.380	10000	6.370	10000	6.430	28500	6.440	22500	6.450	38000	6.460	24700	6.470	22850	/16843575//91951096/14731641/6.43/6.26//2008-9-18 14:56:23
790/600022/济南钢铁/6.410	3000	6.400	12400	6.390	10000	6.380	10000	6.370	10000	6.420	1000	6.430	1200	6.440	21700	6.450	41800	6.460	23200	/16843575//92154872/14763341/6.41/6.26//2008-9-18 14:57:23
790/600022/济南钢铁/6.420	500	6.410	8700	6.400	12900	6.390	10000	6.380	10000	6.430	13450	6.440	27500	6.450	11200	6.460	23200	6.470	10100	/16843575//92324904/14789841/6.43/6.26//2008-9-18 14:58:24
790/600022/济南钢铁/6.500	521785	6.430	39300	6.420	50000	6.410	8400	6.400	25100	6.510	25100	6.520	1500	6.530	1400	6.540	8200	6.550	6100	/16843575//95590240/15292956/6.51/6.26//2008-9-18 14:59:25
790/600022/济南钢铁/6.500	300516	6.440	5400	6.430	39300	6.420	50000	6.410	8400	6.510	3300	6.520	300	6.540	6200	6.550	13000	6.560	88000	/16843575//97364384/15565825/6.5/6.26//2008-9-18 15:0:26
790/600022/济南钢铁/6.500	300516	6.440	5400	6.430	39300	6.420	50000	6.410	8400	6.510	3300	6.520	300	6.540	6200	6.550	13000	6.560	88000	/16843575//97364384/15565825/6.5/6.26//2008-9-18 15:1:26
790/600022/济南钢铁/6.500	300516	6.440	5400	6.430	39300	6.420	50000	6.410	8400	6.510	3300	6.520	300	6.540	6200	6.550	13000	6.560	88000	/16843575//97364384/15565825/6.5/6.26//2008-9-18 15:2:27
