61/600098/广州控股/4.720	3000	4.710	25800	4.700	16100	4.690	1000	4.680	3700	4.750	1600	4.760	3700	4.780	5300	4.800	1500	4.810	300	/16842816//386927/80400/4.75/4.93//2008-9-18 9:31:34
61/600098/广州控股/4.690	4100	4.680	3700	4.670	1500	4.660	7700	4.650	6100	4.700	59454	4.760	900	4.780	2400	4.800	1500	4.830	12400	/16842816//1003809/211200/4.7/4.93//2008-9-18 9:32:35
61/600098/广州控股/4.830	1600	4.800	5600	4.720	3000	4.710	1300	4.700	27100	4.840	400	4.850	34000	4.860	2714	4.870	5490	4.880	19600	/16842816//1143156/240300/4.83/4.93//2008-9-18 9:33:35
61/600098/广州控股/4.800	4600	4.760	6300	4.750	200	4.720	13000	4.710	7100	4.830	12600	4.840	18200	4.850	11000	4.860	2714	4.870	5490	/16842816//1391245/291500/4.83/4.93//2008-9-18 9:34:35
61/600098/广州控股/4.740	500	4.720	14000	4.710	10500	4.700	39700	4.690	3000	4.760	5900	4.790	4500	4.800	59500	4.820	2000	4.830	12800	/16842816//1533232/321200/4.76/4.93//2008-9-18 9:35:35
61/600098/广州控股/4.730	100	4.720	14971	4.710	11500	4.700	41600	4.690	2000	4.760	71654	4.770	500	4.790	1000	4.800	16000	4.820	2000	/16842816//1880941/393829/4.76/4.93//2008-9-18 9:36:36
61/600098/广州控股/4.770	500	4.760	1046	4.730	4100	4.720	14871	4.710	9100	4.790	1000	4.800	26200	4.820	2800	4.830	16200	4.840	8100	/16842816//2308829/483783/4.77/4.93//2008-9-18 9:37:36
61/600098/广州控股/4.760	1546	4.750	2500	4.740	600	4.730	6300	4.720	64771	4.770	6600	4.800	15200	4.820	6500	4.830	4600	4.840	8100	/16842816//2365198/495583/4.76/4.93//2008-9-18 9:38:36
61/600098/广州控股/4.830	8500	4.800	13300	4.770	1000	4.760	1546	4.750	2500	4.840	500	4.850	30700	4.860	2700	4.870	5490	4.880	6600	/16842816//2581891/540583/4.83/4.93//2008-9-18 9:39:36
61/600098/广州控股/4.830	3000	4.800	13300	4.770	1000	4.760	1546	4.750	3000	4.850	1700	4.860	2700	4.870	5490	4.880	6600	4.890	11200	/16842816//3122772/652283/4.85/4.93//2008-9-18 9:40:36
61/600098/广州控股/4.800	15300	4.770	1000	4.760	1046	4.750	1000	4.740	2200	4.820	1100	4.830	9100	4.840	14600	4.850	1000	4.860	1100	/16842816//3019739/631083/4.82/4.93//2008-9-18 9:41:37
61/600098/广州控股/4.800	900	4.770	6000	4.760	1246	4.750	1000	4.740	2200	4.830	10700	4.840	15100	4.850	2800	4.860	1100	4.870	300	/16842816//3152867/658783/4.8/4.93//2008-9-18 9:42:37
61/600098/广州控股/4.820	400	4.800	3700	4.780	1500	4.770	7800	4.760	1246	4.830	6200	4.840	15100	4.850	4800	4.860	1100	4.870	300	/16842816//3206891/669983/4.82/4.93//2008-9-18 9:43:37
61/600098/广州控股/4.830	2500	4.810	1600	4.800	4700	4.780	1500	4.770	7800	4.840	15100	4.850	5000	4.860	1100	4.870	300	4.880	6600	/16842816//3373872/704583/4.83/4.93//2008-9-18 9:44:37
61/600098/广州控股/4.840	7700	4.830	300	4.820	600	4.800	4600	4.780	1500	4.850	5000	4.860	1100	4.870	500	4.880	6600	4.890	13200	/16842816//3511221/732983/4.84/4.93//2008-9-18 9:45:37
61/600098/广州控股/4.850	5100	4.840	4200	4.830	300	4.820	1000	4.810	100	4.860	1100	4.870	1500	4.880	6600	4.890	13200	4.900	17100	/16842816//3596996/750683/4.85/4.93//2008-9-18 9:46:38
61/600098/广州控股/4.850	23090	4.840	2600	4.830	300	4.820	1000	4.810	100	4.870	700	4.880	6700	4.890	13200	4.900	19500	4.920	9300	/16842816//3811924/794993/4.85/4.93//2008-9-18 9:47:38
61/600098/广州控股/4.850	7100	4.840	2600	4.830	300	4.820	600	4.810	10100	4.870	3800	4.880	6700	4.890	13200	4.900	19200	4.920	9300	/16842816//3859544/804793/4.85/4.93//2008-9-18 9:48:38
61/600098/广州控股/4.830	300	4.820	600	4.810	10100	4.800	13800	4.780	1500	4.850	3800	4.870	15500	4.880	9899	4.890	4200	4.900	19200	/16842816//3943465/822093/4.85/4.93//2008-9-18 9:49:39
61/600098/广州控股/4.830	2100	4.820	3700	4.810	10100	4.800	13800	4.780	8500	4.840	10000	4.850	18300	4.860	2900	4.870	15500	4.880	9899	/16842816//4034513/840893/4.83/4.93//2008-9-18 9:50:39
61/600098/广州控股/4.830	1700	4.820	2700	4.810	10000	4.800	13800	4.780	8500	4.850	9000	4.860	3100	4.870	15500	4.880	10699	4.890	10800	/16842816//4247765/884893/4.85/4.93//2008-9-18 9:51:39
61/600098/广州控股/4.830	9700	4.820	3200	4.810	10000	4.800	15100	4.780	1500	4.840	13300	4.850	14300	4.860	3500	4.870	15500	4.880	10399	/16842816//4268075/889093/4.84/4.93//2008-9-18 9:52:39
61/600098/广州控股/4.810	7300	4.800	15100	4.770	2000	4.760	346	4.750	13500	4.820	2300	4.830	2600	4.840	8100	4.850	20800	4.860	3500	/16842816//4379953/912293/4.81/4.93//2008-9-18 9:53:40
61/600098/广州控股/4.780	6000	4.770	2000	4.760	346	4.750	13500	4.740	10300	4.800	30900	4.810	8600	4.820	8600	4.830	11300	4.840	9300	/16842816//4602315/958593/4.8/4.93//2008-9-18 9:54:40
61/600098/广州控股/4.780	7400	4.770	1000	4.760	1846	4.750	13500	4.740	2200	4.790	500	4.800	41600	4.810	6400	4.820	8600	4.830	900	/16842816//4567247/951293/4.78/4.93//2008-9-18 9:55:40
61/600098/广州控股/4.800	4400	4.780	12600	4.770	1000	4.760	1846	4.750	13900	4.810	6400	4.820	8600	4.830	900	4.840	5200	4.850	67275	/16842816//4786124/996893/4.8/4.93//2008-9-18 9:56:41
61/600098/广州控股/4.800	2500	4.780	13500	4.770	1000	4.760	1846	4.750	14900	4.810	5400	4.820	10100	4.830	900	4.840	6200	4.850	67875	/16842816//4874458/1015293/4.8/4.93//2008-9-18 9:57:41
61/600098/广州控股/4.800	23700	4.780	13400	4.770	1000	4.760	1846	4.750	15900	4.810	6000	4.820	8800	4.830	1000	4.840	5400	4.850	67375	/16842816//4940192/1028993/4.8/4.93//2008-9-18 9:58:41
61/600098/广州控股/4.780	10200	4.770	1000	4.760	2846	4.750	14900	4.740	2200	4.800	8200	4.810	5500	4.820	10000	4.830	1000	4.840	5900	/16842816//5100993/1062493/4.8/4.93//2008-9-18 9:59:41
61/600098/广州控股/4.820	9800	4.800	1100	4.780	10400	4.770	1000	4.760	1846	4.830	1000	4.840	7899	4.850	66375	4.860	5200	4.870	16500	/16842816//5241353/1091693/4.82/4.93//2008-9-18 10:0:42
61/600098/广州控股/4.800	5226	4.780	11900	4.770	1000	4.760	1846	4.750	14900	4.830	1100	4.840	400	4.860	7100	4.870	16500	4.880	2900	/16842816//5721874/1190967/4.8/4.93//2008-9-18 10:1:42
61/600098/广州控股/4.790	2000	4.780	7000	4.770	1000	4.760	1846	4.750	15900	4.800	17974	4.820	700	4.830	1100	4.840	3929	4.850	100	/16842816//5836103/1214719/4.8/4.8//2008-9-18 10:2:42
61/600098/广州控股/4.780	7000	4.770	1000	4.760	3846	4.750	16500	4.740	2200	4.790	14800	4.800	1774	4.810	2100	4.820	3100	4.830	3900	/16842816//5992347/1247293/4.79/4.8//2008-9-18 10:3:42
61/600098/广州控股/4.790	2000	4.780	2800	4.770	6300	4.760	4246	4.750	16000	4.810	1274	4.820	3100	4.830	4700	4.840	3529	4.850	3700	/16842816//6192988/1289193/4.79/4.8//2008-9-18 10:4:43
61/600098/广州控股/4.770	6300	4.760	1846	4.750	31000	4.740	17200	4.730	4100	4.780	5400	4.800	7000	4.810	2674	4.820	3100	4.830	4700	/16842816//6246101/1300293/4.78/4.8//2008-9-18 10:5:43
61/600098/广州控股/4.760	1846	4.750	31000	4.740	17500	4.730	4100	4.720	73871	4.770	900	4.780	3500	4.790	1500	4.800	21200	4.810	3674	/16842816//6333399/1318593/4.77/4.8//2008-9-18 10:6:43
61/600098/广州控股/4.750	2700	4.740	14500	4.730	4100	4.720	67471	4.710	15400	4.760	3128	4.770	2700	4.780	7500	4.790	1000	4.800	21700	/16842816//6585183/1371539/4.76/4.8//2008-9-18 10:7:44
61/600098/广州控股/4.760	24172	4.750	11200	4.740	14500	4.730	4100	4.720	66871	4.780	5400	4.790	1500	4.800	22200	4.810	1000	4.820	5200	/16842816//6673899/1390167/4.78/4.8//2008-9-18 10:8:44
61/600098/广州控股/4.780	6400	4.770	23700	4.760	200	4.750	10100	4.740	14500	4.790	1500	4.800	22700	4.810	1000	4.820	8200	4.830	4700	/16842816//6749814/1406067/4.78/4.8//2008-9-18 10:9:44
61/600098/广州控股/4.780	16000	4.770	21500	4.760	300	4.750	10700	4.740	14500	4.800	25200	4.810	11000	4.820	8200	4.830	5200	4.840	13129	/16842816//6770864/1410467/4.78/4.8//2008-9-18 10:10:44
61/600098/广州控股/4.780	11000	4.770	21500	4.760	300	4.750	10700	4.740	14500	4.800	11100	4.810	11000	4.820	8200	4.830	5200	4.840	13129	/16842816//6871550/1431467/4.78/4.8//2008-9-18 10:11:45
61/600098/广州控股/4.790	4500	4.780	15100	4.770	21500	4.760	100	4.750	10700	4.800	5000	4.810	11000	4.820	6200	4.830	5200	4.840	12529	/16842816//6973753/1452767/4.78/4.8//2008-9-18 10:12:45
61/600098/广州控股/4.800	13700	4.790	4500	4.780	7800	4.770	21500	4.760	600	4.810	11000	4.820	6200	4.830	11700	4.840	12529	4.850	38800	/16842816//7014081/1461167/4.8/4.8//2008-9-18 10:13:45
61/600098/广州控股/4.800	9600	4.790	6200	4.780	7800	4.770	21500	4.760	600	4.810	12000	4.820	6200	4.830	10800	4.840	13429	4.850	38800	/16842816//7207521/1501467/4.8/4.8//2008-9-18 10:14:46
61/600098/广州控股/4.790	2050	4.780	8300	4.770	21500	4.760	800	4.750	11700	4.800	9500	4.810	12000	4.820	23100	4.830	10800	4.840	13429	/16842816//7312811/1523417/4.8/4.8//2008-9-18 10:15:46
61/600098/广州控股/4.790	1150	4.780	7900	4.770	21500	4.760	800	4.750	11700	4.800	10700	4.810	7000	4.820	22900	4.830	10800	4.840	9900	/16842816//0/0/4.8/4.8//2008-9-18 10:16:46
61/600098/广州控股/4.790	4100	4.780	13900	4.770	21500	4.760	800	4.750	11700	4.800	24450	4.810	8800	4.820	22900	4.830	10800	4.840	9900	/16842816//7486679/1559667/4.79/4.8//2008-9-18 10:17:47
61/600098/广州控股/4.790	8250	4.780	14900	4.760	1200	4.750	14800	4.740	14500	4.810	9300	4.820	22400	4.830	10800	4.840	9900	4.850	18100	/16842816//7645740/1592817/4.79/4.8//2008-9-18 10:18:47
61/600098/广州控股/4.800	2200	4.790	7450	4.780	13900	4.760	2200	4.750	14800	4.810	1800	4.820	22100	4.830	10800	4.840	9900	4.850	18100	/16842816//7745199/1613517/4.81/4.8//2008-9-18 10:19:47
61/600098/广州控股/4.830	5200	4.810	4800	4.800	2400	4.790	7450	4.780	13900	4.840	10200	4.850	18100	4.860	2100	4.870	8800	4.880	5400	/16842816//7971848/1660517/4.83/4.8//2008-9-18 10:20:48
61/600098/广州控股/4.830	23900	4.820	500	4.810	4800	4.800	4300	4.790	7650	4.840	16600	4.850	15100	4.860	2100	4.870	8600	4.880	8400	/16842816//8040640/1674717/4.83/4.8//2008-9-18 10:21:48
61/600098/广州控股/4.830	18700	4.820	500	4.810	4800	4.800	5700	4.790	9950	4.840	14700	4.850	13100	4.860	2100	4.870	8600	4.880	8000	/16842816//8189637/1705517/4.83/4.8//2008-9-18 10:22:48
61/600098/广州控股/4.850	222400	4.830	13100	4.810	4800	4.800	5500	4.790	9950	4.860	4329	4.870	8600	4.880	13300	4.890	13000	4.900	26600	/16842816//8366882/1742117/4.85/4.8//2008-9-18 10:23:48
61/600098/广州控股/4.850	223021	4.810	4800	4.800	5600	4.790	6900	4.780	2900	4.860	5000	4.870	52190	4.880	13300	4.890	13000	4.900	28100	/16842816//8495072/1768496/4.87/4.8//2008-9-18 10:24:49
61/600098/广州控股/4.850	204821	4.840	400	4.830	10000	4.810	4800	4.800	4000	4.870	53690	4.880	22200	4.890	12600	4.900	22600	4.910	5000	/16842816//8657199/1801896/4.85/4.8//2008-9-18 10:25:49
61/600098/广州控股/4.880	11300	4.870	15010	4.860	9100	4.850	169371	4.840	400	4.890	10600	4.900	21600	4.910	5000	4.920	9900	4.930	22100	/16842816//9230067/1919636/4.88/4.8//2008-9-18 10:26:49
61/600098/广州控股/4.880	100	4.870	6560	4.860	200	4.850	165871	4.840	400	4.890	1000	4.900	21600	4.920	11900	4.930	22100	4.940	99	/16842816//9404545/1955386/4.89/4.8//2008-9-18 10:27:50
61/600098/广州控股/4.890	200	4.850	169731	4.840	400	4.830	10000	4.820	1500	4.900	3000	4.910	250	4.920	7500	4.930	21800	4.940	2099	/16842816//9703685/2016586/4.85/4.8//2008-9-18 10:28:50
61/600098/广州控股/4.870	2600	4.860	1400	4.850	172081	4.840	400	4.830	10000	4.910	10600	4.920	25650	4.930	21800	4.940	7299	4.950	14300	/16842816//9797114/2035736/4.91/4.8//2008-9-18 10:29:50
61/600098/广州控股/4.900	4500	4.890	300	4.870	5200	4.860	10500	4.850	170581	4.920	42150	4.930	21900	4.940	11399	4.950	22900	4.960	11600	/16842816//9900707/2056836/4.9/4.8//2008-9-18 10:30:51
61/600098/广州控股/4.900	4400	4.890	300	4.870	2600	4.860	10500	4.850	170481	4.910	8700	4.920	42150	4.930	21900	4.940	12899	4.950	22900	/16842816//9962950/2069536/4.9/4.8//2008-9-18 10:31:51
61/600098/广州控股/4.870	5300	4.860	8200	4.850	171281	4.840	400	4.830	10000	4.900	30350	4.910	14300	4.920	42150	4.930	21900	4.940	12899	/16842816//10034481/2084136/4.9/4.8//2008-9-18 10:32:51
61/600098/广州控股/4.850	181281	4.840	400	4.830	10000	4.820	500	4.810	4800	4.860	6550	4.900	300	4.910	900	4.920	42750	4.930	22600	/16842816//10376365/2154036/4.86/4.8//2008-9-18 10:33:52
61/600098/广州控股/4.860	2200	4.850	167031	4.840	400	4.830	10000	4.820	500	4.870	2000	4.900	6300	4.910	19700	4.920	43750	4.930	25900	/16842816//10557698/2191286/4.86/4.8//2008-9-18 10:34:52
61/600098/广州控股/4.870	4000	4.860	7300	4.850	161431	4.840	400	4.830	10000	4.900	22300	4.910	23900	4.920	43750	4.930	25900	4.940	12899	/16842816//10572298/2194286/4.87/4.8//2008-9-18 10:35:52
61/600098/广州控股/4.860	3500	4.850	161431	4.840	400	4.830	10000	4.820	600	4.900	9906	4.910	27900	4.920	44550	4.930	26400	4.940	13399	/16842816//10727336/2225986/4.9/4.8//2008-9-18 10:36:53
61/600098/广州控股/4.880	1300	4.870	2400	4.860	3500	4.850	161431	4.840	400	4.900	20406	4.910	28200	4.920	45050	4.930	26400	4.940	13399	/16842816//10727336/2225986/4.9/4.8//2008-9-18 10:37:53
61/600098/广州控股/4.900	7494	4.880	2500	4.870	100	4.860	3500	4.850	161431	4.910	33600	4.920	44550	4.930	27600	4.940	13399	4.950	38600	/16842816//10918923/2265092/4.91/4.8//2008-9-18 10:38:53
61/600098/广州控股/4.880	2500	4.870	1000	4.860	4300	4.850	161431	4.840	400	4.900	23906	4.910	31700	4.920	45550	4.930	28100	4.940	13399	/16842816//10983084/2278186/4.9/4.8//2008-9-18 10:39:54
61/600098/广州控股/4.870	1000	4.860	4300	4.850	160831	4.840	400	4.830	10000	4.880	1900	4.890	1700	4.900	28690	4.910	27500	4.920	45550	/16842816//11065558/2295086/4.88/4.8//2008-9-18 10:40:54
61/600098/广州控股/4.860	1000	4.850	144631	4.840	400	4.830	10000	4.820	600	4.900	2389	4.910	27300	4.920	48450	4.930	30600	4.940	11999	/16842816//11381920/2360086/4.85/4.8//2008-9-18 10:41:54
61/600098/广州控股/4.860	100	4.850	148731	4.840	400	4.830	10000	4.820	600	4.890	10800	4.900	8989	4.910	27300	4.920	50250	4.930	30600	/16842816//11349954/2353486/4.85/4.8//2008-9-18 10:42:55
61/600098/广州控股/4.860	6100	4.850	145931	4.840	400	4.830	10000	4.820	600	4.890	5800	4.900	36089	4.910	28300	4.920	48450	4.930	30600	/16842816//11374404/2358486/4.89/4.8//2008-9-18 10:43:55
61/600098/广州控股/4.860	7600	4.850	145931	4.840	400	4.830	10000	4.820	600	4.870	6300	4.880	900	4.890	13100	4.900	35689	4.910	38600	/16842816//11384668/2360586/4.86/4.8//2008-9-18 10:44:56
61/600098/广州控股/4.860	1800	4.850	147931	4.840	400	4.830	10000	4.820	600	4.870	2000	4.880	1100	4.890	13400	4.900	42289	4.910	38600	/16842816//11468766/2377886/4.86/4.8//2008-9-18 10:45:56
61/600098/广州控股/4.850	133731	4.840	400	4.830	10000	4.820	600	4.800	11100	4.860	18200	4.870	2000	4.880	1100	4.890	14500	4.900	43989	/16842816//11546384/2393886/4.85/4.8//2008-9-18 10:46:56
61/600098/广州控股/4.840	400	4.830	10000	4.820	600	4.800	11100	4.790	4600	4.850	78469	4.860	42400	4.870	2000	4.880	1600	4.890	10600	/16842816//12204699/2529617/4.85/4.8//2008-9-18 10:47:57
61/600098/广州控股/4.790	2600	4.780	2400	4.760	700	4.750	17600	4.740	15500	4.800	19900	4.830	20900	4.840	4400	4.850	113769	4.860	21400	/16842816//12365359/2563017/4.8/4.8//2008-9-18 10:48:57
61/600098/广州控股/4.790	800	4.780	700	4.760	5500	4.750	17600	4.740	15500	4.800	34900	4.820	500	4.830	21000	4.840	1500	4.850	36569	/16842816//12422695/2575017/4.79/4.8//2008-9-18 10:49:57
61/600098/广州控股/4.760	23650	4.750	17600	4.740	15500	4.730	4100	4.720	65671	4.790	1000	4.800	17000	4.820	4000	4.830	6400	4.850	35569	/16842816//12590500/2610117/4.76/4.8//2008-9-18 10:50:58
61/600098/广州控股/4.770	1000	4.760	9905	4.750	18800	4.740	16500	4.730	4300	4.780	6000	4.790	2000	4.800	7100	4.820	4000	4.830	6400	/16842816//12799492/2653962/4.76/4.8//2008-9-18 10:51:58
61/600098/广州控股/4.760	18505	4.750	18800	4.740	16500	4.730	4300	4.720	59200	4.770	1200	4.780	5200	4.790	300	4.800	7100	4.820	4000	/16842816//12829317/2660212/4.76/4.8//2008-9-18 10:52:58
61/600098/广州控股/4.760	13105	4.750	19800	4.740	15500	4.730	6300	4.720	59700	4.780	34700	4.800	8100	4.820	7000	4.830	16400	4.850	34469	/16842816//12923878/2680012/4.76/4.8//2008-9-18 10:53:59
61/600098/广州控股/4.760	3305	4.750	21200	4.740	15500	4.730	6300	4.720	59700	4.770	300	4.780	34700	4.790	1000	4.800	8100	4.820	7000	/16842816//12980046/2691812/4.76/4.8//2008-9-18 10:54:59
61/600098/广州控股/4.770	200	4.760	10105	4.750	21200	4.740	15500	4.730	6300	4.780	35200	4.790	1000	4.800	8100	4.820	7000	4.830	16400	/16842816//12981953/2692212/4.77/4.8//2008-9-18 10:56:0
61/600098/广州控股/4.750	18100	4.740	15500	4.730	7300	4.720	59800	4.710	20700	4.760	7595	4.770	3900	4.780	34900	4.790	1000	4.800	8200	/16842816//13061457/2708917/4.75/4.8//2008-9-18 10:57:0
61/600098/广州控股/4.740	11300	4.730	7300	4.720	59300	4.710	20700	4.700	60400	4.750	1200	4.760	3695	4.770	4400	4.780	14200	4.790	1000	/16842816//13224810/2743317/4.74/4.8//2008-9-18 10:58:0
61/600098/广州控股/4.750	3205	4.740	5200	4.730	9200	4.720	59500	4.710	20700	4.760	500	4.770	4400	4.780	14200	4.790	1000	4.800	9600	/16842816//13330703/2765612/4.75/4.8//2008-9-18 10:59:1
61/600098/广州控股/4.720	36400	4.710	20700	4.700	59900	4.690	7000	4.680	21000	4.740	4500	4.750	20095	4.760	500	4.770	4400	4.780	13700	/16842816//13559072/2813917/4.72/4.8//2008-9-18 11:0:1
61/600098/广州控股/4.720	16600	4.710	21700	4.700	60900	4.690	17000	4.680	21500	4.730	15700	4.740	7300	4.750	25374	4.760	500	4.770	4400	/16842816//13659608/2835217/4.72/4.8//2008-9-18 11:1:2
61/600098/广州控股/4.720	1200	4.710	22700	4.700	61400	4.690	22000	4.680	22900	4.730	3400	4.740	6300	4.750	5979	4.760	500	4.770	4400	/16842816//13788587/2862517/4.72/4.8//2008-9-18 11:2:2
61/600098/广州控股/4.720	48300	4.710	23300	4.700	72200	4.690	22000	4.680	22400	4.730	3800	4.740	6300	4.750	4779	4.760	700	4.770	4400	/16842816//13858879/2877417/4.72/4.8//2008-9-18 11:3:2
61/600098/广州控股/4.730	1200	4.720	67056	4.710	30200	4.700	75400	4.690	25800	4.740	3900	4.750	4779	4.760	700	4.770	4400	4.780	3700	/16842816//14045633/2916961/4.74/4.8//2008-9-18 11:4:3
61/600098/广州控股/4.710	30200	4.700	75900	4.690	45800	4.680	21600	4.670	500	4.720	15044	4.730	2500	4.740	2000	4.750	1779	4.760	700	/16842816//14452525/3003117/4.72/4.8//2008-9-18 11:5:3
61/600098/广州控股/4.730	1200	4.720	24056	4.710	30200	4.700	74900	4.690	45800	4.740	2000	4.750	12379	4.760	700	4.770	500	4.780	6400	/16842816//14731769/3062261/4.72/4.8//2008-9-18 11:6:4
61/600098/广州控股/4.730	10591	4.720	33656	4.710	19400	4.700	68500	4.690	45800	4.740	2500	4.750	12379	4.760	700	4.770	500	4.780	6400	/16842816//14678553/3050970/4.73/4.8//2008-9-18 11:7:4
61/600098/广州控股/4.740	18200	4.730	13391	4.720	33456	4.710	19300	4.700	68600	4.750	9279	4.760	700	4.770	500	4.780	8900	4.790	1300	/16842816//14708920/3057370/4.75/4.8//2008-9-18 11:8:4
61/600098/广州控股/4.760	1300	4.750	9321	4.740	17400	4.730	13391	4.720	34856	4.780	8900	4.790	1300	4.800	23200	4.810	600	4.820	8500	/16842816//14820638/3080849/4.76/4.8//2008-9-18 11:9:5
61/600098/广州控股/4.750	9821	4.740	17400	4.730	13691	4.720	34556	4.710	19300	4.760	600	4.780	7600	4.790	1300	4.800	23200	4.810	500	/16842816//14835421/3083949/4.76/4.8//2008-9-18 11:10:5
61/600098/广州控股/4.760	6400	4.750	8821	4.740	13600	4.730	16491	4.720	35156	4.770	300	4.780	14600	4.790	1300	4.800	23700	4.810	500	/16842816//14867779/3090749/4.76/4.8//2008-9-18 11:11:6
61/600098/广州控股/4.720	40768	4.710	19300	4.700	69600	4.690	45900	4.680	21200	4.760	8500	4.770	10300	4.780	14600	4.790	1800	4.800	23700	/16842816//15150937/3150549/4.72/4.8//2008-9-18 11:12:6
61/600098/广州控股/4.730	200	4.720	41068	4.710	19300	4.700	72200	4.690	45900	4.750	3400	4.760	7476	4.770	10300	4.780	14600	4.790	2800	/16842816//15172817/3155149/4.75/4.8//2008-9-18 11:13:7
61/600098/广州控股/4.720	21168	4.710	19300	4.700	71200	4.690	41100	4.680	21200	4.730	4400	4.750	4000	4.760	5676	4.770	10300	4.780	14600	/16842816//15186547/3158049/4.75/4.8//2008-9-18 11:14:7
61/600098/广州控股/4.720	68	4.710	19300	4.700	71200	4.690	41100	4.680	21200	4.730	3100	4.750	3700	4.760	9376	4.770	10300	4.780	14600	/16842816//15292760/3180549/4.72/4.8//2008-9-18 11:15:7
61/600098/广州控股/4.710	2800	4.700	67100	4.690	41100	4.680	20500	4.670	900	4.730	6632	4.750	3700	4.760	9376	4.770	10300	4.780	14600	/16842816//15421716/3207917/4.71/4.8//2008-9-18 11:16:8
61/600098/广州控股/4.700	64900	4.690	41100	4.680	20500	4.670	900	4.660	3800	4.710	3600	4.730	6632	4.750	4200	4.760	11199	4.770	10300	/16842816//15451372/3214217/4.71/4.8//2008-9-18 11:17:8
61/600098/广州控股/4.700	66400	4.690	42100	4.680	20500	4.670	900	4.660	3800	4.710	300	4.730	7332	4.750	4200	4.760	11199	4.770	11000	/16842816//15479160/3220117/4.71/4.8//2008-9-18 11:18:9
61/600098/广州控股/4.710	4200	4.700	68400	4.690	42100	4.680	20500	4.670	900	4.730	2332	4.750	4200	4.760	9823	4.770	11000	4.780	14600	/16842816//15483870/3221117/4.71/4.8//2008-9-18 11:19:9
61/600098/广州控股/4.710	4225	4.700	69400	4.690	42100	4.680	20500	4.670	1900	4.720	2000	4.730	2032	4.750	4200	4.760	10123	4.770	10000	/16842816//15502592/3225092/4.71/4.8//2008-9-18 11:20:10
61/600098/广州控股/4.700	69300	4.690	42100	4.680	20500	4.670	1900	4.660	25600	4.710	4475	4.720	2000	4.730	2032	4.750	4500	4.760	9823	/16842816//15527672/3230417/4.7/4.8//2008-9-18 11:21:10
61/600098/广州控股/4.700	68300	4.690	42100	4.680	20500	4.670	1900	4.660	25600	4.710	175	4.730	2032	4.750	4500	4.760	9823	4.770	10000	/16842816//15572835/3240017/4.7/4.8//2008-9-18 11:22:10
61/600098/广州控股/4.700	49000	4.690	42100	4.680	20500	4.670	1900	4.660	25600	4.710	14075	4.730	2032	4.750	4500	4.760	9823	4.770	11200	/16842816//15676235/3262017/4.7/4.8//2008-9-18 11:23:11
61/600098/广州控股/4.700	22600	4.690	42100	4.680	20500	4.670	2400	4.660	33900	4.710	13575	4.730	2032	4.750	4500	4.760	9823	4.770	11200	/16842816//15810660/3290617/4.7/4.8//2008-9-18 11:24:11
61/600098/广州控股/4.700	2600	4.690	42100	4.680	20500	4.670	3900	4.660	33900	4.710	13475	4.730	2032	4.750	5500	4.760	9823	4.770	11200	/16842816//15909831/3311717/4.7/4.8//2008-9-18 11:25:12
61/600098/广州控股/4.690	6700	4.680	20500	4.670	3900	4.660	33900	4.650	15800	4.700	8100	4.710	13475	4.720	1000	4.730	2032	4.750	5500	/16842816//16137897/3360317/4.7/4.8//2008-9-18 11:26:12
61/600098/广州控股/4.690	12600	4.680	14600	4.670	4200	4.660	33800	4.650	15800	4.700	9500	4.710	13475	4.730	2032	4.750	5500	4.760	9823	/16842816//16249014/3384017/4.69/4.8//2008-9-18 11:27:13
61/600098/广州控股/4.680	9600	4.670	4200	4.660	25500	4.650	15800	4.630	1500	4.690	19000	4.700	9300	4.710	13475	4.730	2032	4.750	5500	/16842816//16344171/3404317/4.69/4.8//2008-9-18 11:28:13
61/600098/广州控股/4.680	1600	4.670	3200	4.660	25500	4.650	15300	4.640	5000	4.690	18700	4.700	9300	4.710	13475	4.730	2032	4.750	5500	/16842816//16381611/3412317/4.68/4.8//2008-9-18 11:29:14
61/600098/广州控股/4.670	3201	4.660	25500	4.650	15300	4.640	5000	4.630	1500	4.680	6475	4.690	18700	4.700	5100	4.710	10000	4.730	1632	/16842816//16403129/3416916/4.67/4.8//2008-9-18 11:30:14
61/600098/广州控股/4.670	3201	4.660	25500	4.650	15300	4.640	5000	4.630	1500	4.680	6475	4.690	18700	4.700	5100	4.710	10000	4.730	1632	/16842816//16403129/3416916/4.67/4.8//2008-9-18 11:31:15
61/600098/广州控股/4.620	24600	4.610	17800	4.600	44200	4.590	3600	4.580	6900	4.630	4200	4.640	2200	4.650	15900	4.660	31100	4.670	37599	/16842816//16656436/3471316/4.63/4.8//2008-9-18 13:1:15
61/600098/广州控股/4.610	17800	4.600	44200	4.590	3600	4.580	6900	4.570	300	4.620	3500	4.630	2200	4.640	1200	4.650	14900	4.660	22800	/16842816//16687787/3478116/4.62/4.8//2008-9-18 13:2:16
61/600098/广州控股/4.610	2800	4.600	44600	4.590	8600	4.580	6900	4.570	300	4.620	6500	4.630	2200	4.640	1200	4.650	14900	4.660	2800	/16842816//16792932/3500916/4.61/4.8//2008-9-18 13:3:16
61/600098/广州控股/4.590	5800	4.580	900	4.570	300	4.560	2000	4.550	10600	4.600	7700	4.610	61195	4.620	5800	4.630	2200	4.640	400	/16842816//17015994/3549416/4.6/4.8//2008-9-18 13:4:17
61/600098/广州控股/4.580	2500	4.570	1300	4.560	2000	4.550	10600	4.540	400	4.590	2400	4.600	11400	4.610	60895	4.620	5800	4.640	300	/16842816//17120816/3572216/4.59/4.8//2008-9-18 13:5:17
61/600098/广州控股/4.580	7500	4.570	4400	4.560	1500	4.550	11600	4.540	400	4.590	8300	4.600	14300	4.610	60895	4.620	5800	4.640	300	/16842816//17163404/3581516/4.58/4.8//2008-9-18 13:6:18
61/600098/广州控股/4.580	800	4.570	4400	4.560	2600	4.550	27500	4.540	400	4.590	6100	4.600	13200	4.610	60895	4.620	5800	4.640	300	/16842816//17213358/3592416/4.58/4.8//2008-9-18 13:7:18
61/600098/广州控股/4.580	14500	4.570	10000	4.560	4900	4.550	29500	4.540	5400	4.590	6100	4.600	14200	4.610	61595	4.620	5800	4.640	300	/16842816//17276104/3606116/4.58/4.8//2008-9-18 13:8:19
61/600098/广州控股/4.590	4300	4.580	9100	4.570	2800	4.560	4900	4.550	29600	4.600	4200	4.610	61595	4.620	800	4.640	300	4.650	14900	/16842816//17403242/3633816/4.6/4.8//2008-9-18 13:9:19
61/600098/广州控股/4.550	23600	4.540	5400	4.530	8400	4.520	5900	4.510	4000	4.560	100	4.590	6000	4.600	3000	4.610	61595	4.620	800	/16842816//17576310/3671716/4.56/4.8//2008-9-18 13:10:20
61/600098/广州控股/4.560	22400	4.550	16200	4.540	5400	4.530	9900	4.520	6000	4.590	6200	4.600	3600	4.610	62595	4.640	300	4.650	14900	/16842816//17601904/3677316/4.56/4.8//2008-9-18 13:11:20
61/600098/广州控股/4.560	14200	4.550	16700	4.540	5400	4.530	8400	4.520	13600	4.570	800	4.580	1100	4.590	6200	4.600	13600	4.610	62595	/16842816//17678608/3694116/4.58/4.8//2008-9-18 13:12:21
61/600098/广州控股/4.550	700	4.540	6900	4.530	8400	4.520	13600	4.510	5000	4.560	30500	4.580	2600	4.590	4100	4.600	23600	4.610	62595	/16842816//17842154/3730016/4.55/4.8//2008-9-18 13:13:21
61/600098/广州控股/4.520	3400	4.510	6700	4.500	53300	4.490	32000	4.480	500	4.530	30600	4.550	900	4.560	30500	4.580	1100	4.590	4100	/16842816//17947308/3753216/4.52/4.8//2008-9-18 13:14:22
61/600098/广州控股/4.520	6877	4.500	53300	4.490	35000	4.480	500	4.460	8700	4.530	30500	4.550	900	4.560	30500	4.580	1900	4.590	4100	/16842816//18024604/3770339/4.52/4.8//2008-9-18 13:15:22
61/600098/广州控股/4.520	177	4.510	11200	4.500	55300	4.490	35000	4.480	1500	4.530	50200	4.550	10200	4.560	30500	4.580	11900	4.590	4100	/16842816//18081158/3782839/4.52/4.8//2008-9-18 13:16:23
61/600098/广州控股/4.510	14600	4.500	57200	4.490	35000	4.480	8000	4.470	2900	4.520	8018	4.530	30100	4.550	11200	4.560	30500	4.580	11900	/16842816//18152922/3798716/4.52/4.8//2008-9-18 13:17:23
61/600098/广州控股/4.510	9500	4.500	57400	4.490	35000	4.480	8000	4.470	2900	4.520	1118	4.530	30100	4.550	11200	4.560	30300	4.580	11900	/16842816//18222924/3814216/4.52/4.8//2008-9-18 13:18:24
61/600098/广州控股/4.520	2282	4.510	13200	4.500	53700	4.490	35000	4.480	8500	4.530	40100	4.550	11200	4.560	30300	4.580	11900	4.590	4100	/16842816//18246494/3819434/4.52/4.8//2008-9-18 13:19:24
61/600098/广州控股/4.520	5982	4.510	21000	4.500	53700	4.490	35000	4.480	9500	4.530	35900	4.550	11200	4.560	32300	4.580	11900	4.590	2000	/16842816//18275484/3825834/4.53/4.8//2008-9-18 13:20:25
61/600098/广州控股/4.530	25700	4.520	40782	4.510	20300	4.500	54800	4.490	35000	4.550	1200	4.560	32300	4.580	14900	4.590	2000	4.600	11800	/16842816//18470276/3868834/4.53/4.8//2008-9-18 13:21:25
61/600098/广州控股/4.550	39100	4.540	1700	4.530	30800	4.520	41282	4.510	20500	4.560	6200	4.580	14900	4.600	11800	4.610	36500	4.640	300	/16842816//18644900/3907134/4.56/4.8//2008-9-18 13:22:26
61/600098/广州控股/4.560	23600	4.550	24000	4.540	1700	4.530	27800	4.520	21282	4.580	500	4.600	10800	4.610	36500	4.640	300	4.650	15900	/16842816//18654136/3909134/4.58/4.8//2008-9-18 13:23:26
61/600098/广州控股/4.600	9800	4.580	8700	4.570	6800	4.560	8400	4.550	23300	4.610	33500	4.640	1300	4.650	15900	4.660	600	4.670	35299	/16842816//18747076/3929334/4.6/4.8//2008-9-18 13:24:27
61/600098/广州控股/4.600	18200	4.580	5500	4.570	6800	4.560	7600	4.550	14300	4.610	27200	4.640	2500	4.650	15900	4.660	600	4.670	35299	/16842816//18776576/3935734/4.61/4.8//2008-9-18 13:25:27
61/600098/广州控股/4.610	2800	4.600	16800	4.580	5000	4.570	6800	4.560	7400	4.640	7000	4.650	15900	4.660	10600	4.670	35299	4.680	3475	/16842816//18912556/3965234/4.61/4.8//2008-9-18 13:26:28
61/600098/广州控股/4.620	1300	4.610	13300	4.600	17100	4.580	5000	4.570	6800	4.640	2400	4.650	15900	4.660	10600	4.670	35299	4.680	3475	/16842816//18956048/3974634/4.64/4.8//2008-9-18 13:27:28
61/600098/广州控股/4.620	1400	4.610	13400	4.600	16000	4.580	5000	4.570	7900	4.630	15700	4.640	13400	4.650	16200	4.660	10600	4.670	35299	/16842816//18982892/3980434/4.63/4.8//2008-9-18 13:28:29
61/600098/广州控股/4.610	8200	4.600	14900	4.580	5000	4.570	7900	4.560	7400	4.620	300	4.630	10600	4.640	3400	4.650	16400	4.660	10600	/16842816//19045780/3994034/4.62/4.8//2008-9-18 13:29:29
61/600098/广州控股/4.600	12900	4.580	5000	4.570	7900	4.560	7400	4.550	7800	4.610	4700	4.620	14100	4.630	10600	4.640	2900	4.650	15400	/16842816//19049880/3994934/4.6/4.8//2008-9-18 13:30:30
61/600098/广州控股/4.600	13500	4.580	6000	4.570	7900	4.560	5400	4.550	7800	4.620	12100	4.630	10600	4.640	2900	4.650	500	4.660	10600	/16842816//19083496/4002234/4.6/4.8//2008-9-18 13:31:30
61/600098/广州控股/4.610	13700	4.600	14500	4.580	6000	4.570	6800	4.560	5400	4.620	7900	4.630	5600	4.640	2400	4.650	500	4.660	10600	/16842816//19152660/4017234/4.61/4.8//2008-9-18 13:32:31
61/600098/广州控股/4.640	6600	4.630	1300	4.620	62500	4.610	29100	4.600	16000	4.650	2500	4.660	10600	4.670	35299	4.680	3975	4.690	11900	/16842816//19263292/4041134/4.64/4.8//2008-9-18 13:33:31
61/600098/广州控股/4.650	15800	4.640	8000	4.630	1300	4.620	61700	4.610	13300	4.660	700	4.670	35299	4.680	3975	4.690	11900	4.700	19700	/16842816//19305276/4050134/4.66/4.8//2008-9-18 13:34:32
61/600098/广州控股/4.680	1725	4.670	42701	4.660	10800	4.650	10900	4.640	2500	4.690	11900	4.700	4700	4.710	10500	4.730	500	4.750	6800	/16842816//19551202/4102782/4.68/4.8//2008-9-18 13:35:32
61/600098/广州控股/4.690	23100	4.680	1225	4.670	36301	4.660	8600	4.650	4000	4.700	2700	4.710	10500	4.730	500	4.750	21900	4.760	6660	/16842816//19611492/4115608/4.69/4.8//2008-9-18 13:36:33
61/600098/广州控股/4.700	600	4.690	7000	4.680	2225	4.670	36001	4.660	8600	4.710	10500	4.730	500	4.750	21900	4.760	20700	4.770	5600	/16842816//19675842/4129308/4.7/4.8//2008-9-18 13:37:34
61/600098/广州控股/4.690	4300	4.680	2225	4.670	4901	4.660	8600	4.650	700	4.700	900	4.710	1000	4.730	2300	4.740	200	4.750	31900	/16842816//19797656/4155208/4.7/4.8//2008-9-18 13:38:34
61/600098/广州控股/4.680	2225	4.670	5101	4.660	8600	4.650	700	4.640	2500	4.690	2550	4.700	1700	4.730	2600	4.740	2200	4.750	34200	/16842816//19836596/4163508/4.69/4.8//2008-9-18 13:39:35
61/600098/广州控股/4.670	3326	4.660	8600	4.650	700	4.640	2500	4.630	30300	4.680	7350	4.720	1000	4.730	2600	4.740	12200	4.750	33700	/16842816//19912594/4179708/4.7/4.8//2008-9-18 13:40:35
61/600098/广州控股/4.690	5050	4.680	1000	4.670	5826	4.660	8600	4.650	1000	4.700	600	4.710	500	4.720	1000	4.730	6600	4.740	12200	/16842816//19927252/4182858/4.69/4.8//2008-9-18 13:41:36
61/600098/广州控股/4.710	600	4.690	3950	4.680	10000	4.670	5826	4.660	8600	4.730	2500	4.740	6500	4.750	33700	4.760	6700	4.770	500	/16842816//19942276/4186058/4.71/4.8//2008-9-18 13:42:36
61/600098/广州控股/4.690	1300	4.680	10000	4.670	5826	4.660	8600	4.650	1000	4.730	700	4.740	12900	4.750	23700	4.760	6700	4.770	500	/16842816//19991972/4196558/4.74/4.8//2008-9-18 13:43:37
61/600098/广州控股/4.690	42900	4.680	10000	4.670	5826	4.660	8600	4.650	1000	4.730	6400	4.740	14900	4.750	23700	4.760	5700	4.770	500	/16842816//20005652/4199458/4.73/4.8//2008-9-18 13:44:37
61/600098/广州控股/4.700	11500	4.690	42900	4.680	10000	4.670	5826	4.660	9600	4.730	8400	4.740	14900	4.750	24700	4.760	5700	4.770	500	/16842816//20056374/4210208/4.73/4.8//2008-9-18 13:45:38
61/600098/广州控股/4.710	6500	4.700	16800	4.690	42100	4.680	10000	4.670	5826	4.720	600	4.730	6800	4.740	14900	4.750	24700	4.760	5700	/16842816//20072930/4213708/4.73/4.8//2008-9-18 13:46:39
61/600098/广州控股/4.720	1000	4.710	4200	4.700	18400	4.690	45000	4.680	11000	4.730	5800	4.740	14900	4.750	24400	4.760	5200	4.770	500	/16842816//20104032/4220308/4.71/4.8//2008-9-18 13:47:39
61/600098/广州控股/4.730	2200	4.720	4000	4.710	5800	4.700	22100	4.690	45000	4.740	10400	4.750	24400	4.760	5200	4.770	800	4.780	15700	/16842816//20174016/4235108/4.73/4.8//2008-9-18 13:48:40
61/600098/广州控股/4.730	3400	4.720	4800	4.710	6300	4.700	22100	4.690	45000	4.750	13910	4.760	4200	4.770	1800	4.780	15700	4.790	2550	/16842816//20431062/4289308/4.75/4.8//2008-9-18 13:49:40
61/600098/广州控股/4.730	12700	4.720	3800	4.710	3300	4.700	22100	4.690	35200	4.740	10300	4.750	13910	4.760	4200	4.770	1500	4.780	15700	/16842816//20358424/4274008/4.74/4.8//2008-9-18 13:50:41
61/600098/广州控股/4.730	790	4.720	3800	4.710	3300	4.700	16800	4.690	35200	4.740	7500	4.750	13910	4.760	5200	4.770	2000	4.780	15700	/16842816//20444610/4292218/4.74/4.8//2008-9-18 13:51:41
61/600098/广州控股/4.710	3300	4.700	17800	4.690	35200	4.680	11000	4.670	4826	4.720	10400	4.730	6309	4.740	8000	4.750	22410	4.760	10200	/16842816//20482332/4300208/4.72/4.8//2008-9-18 13:52:42
61/600098/广州控股/4.700	17800	4.690	35200	4.680	11000	4.670	7826	4.660	9900	4.710	2900	4.720	14100	4.730	5809	4.740	27600	4.750	22910	/16842816//20496466/4303208/4.71/4.8//2008-9-18 13:53:42
61/600098/广州控股/4.690	32000	4.680	1800	4.670	6326	4.660	9600	4.650	1000	4.700	6360	4.710	4000	4.720	18799	4.730	7809	4.740	27600	/16842816//20580126/4321008/4.7/4.8//2008-9-18 13:54:43
61/600098/广州控股/4.690	28690	4.680	3800	4.670	6326	4.660	9600	4.650	1000	4.700	7260	4.710	1600	4.720	15799	4.730	7309	4.740	27300	/16842816//20605500/4326418/4.7/4.8//2008-9-18 13:55:44
61/600098/广州控股/4.690	2200	4.680	3000	4.670	6326	4.660	9600	4.650	500	4.700	7860	4.710	1600	4.720	15799	4.730	6809	4.740	27300	/16842816//20652870/4336518/4.69/4.8//2008-9-18 13:56:44
61/600098/广州控股/4.690	700	4.680	3000	4.670	6326	4.660	9600	4.650	10500	4.700	7960	4.710	600	4.720	15799	4.730	6809	4.740	19900	/16842816//20684802/4343318/4.7/4.8//2008-9-18 13:57:45
61/600098/广州控股/4.690	8500	4.680	4000	4.670	6326	4.660	9600	4.650	11500	4.700	4560	4.710	600	4.720	15799	4.730	6809	4.740	19900	/16842816//20700306/4346618/4.69/4.8//2008-9-18 13:58:45
61/600098/广州控股/4.700	1940	4.690	8000	4.680	5000	4.670	6326	4.660	9600	4.710	600	4.720	15799	4.730	6110	4.740	19900	4.750	28710	/16842816//20743164/4355738/4.7/4.8//2008-9-18 13:59:46
61/600098/广州控股/4.690	7500	4.680	5000	4.670	6326	4.660	10600	4.650	11500	4.700	269	4.710	1250	4.720	11799	4.730	6110	4.740	19900	/16842816//20744946/4356118/4.7/4.8//2008-9-18 14:0:47
61/600098/广州控股/4.690	12690	4.680	5000	4.670	6326	4.660	10600	4.650	11500	4.710	4219	4.720	11799	4.730	6110	4.740	19900	4.750	27710	/16842816//20759084/4359128/4.69/4.8//2008-9-18 14:1:47
61/600098/广州控股/4.690	2090	4.680	5000	4.670	6326	4.660	10600	4.650	11700	4.700	3900	4.710	4169	4.720	11799	4.730	7110	4.740	19900	/16842816//20782066/4364028/4.69/4.8//2008-9-18 14:2:48
61/600098/广州控股/4.680	9500	4.670	6326	4.660	2000	4.650	11700	4.640	1500	4.690	10510	4.700	8900	4.710	4169	4.720	11799	4.730	7110	/16842816//20794676/4366718/4.68/4.8//2008-9-18 14:3:48
61/600098/广州控股/4.680	200	4.670	6326	4.660	2000	4.650	11700	4.640	1500	4.690	9910	4.700	7900	4.710	3869	4.720	11799	4.730	6510	/16842816//20839136/4376218/4.68/4.8//2008-9-18 14:4:49
61/600098/广州控股/4.670	6326	4.660	4000	4.650	11700	4.640	1500	4.630	30000	4.690	3600	4.700	7300	4.710	3869	4.720	11799	4.730	6510	/16842816//20867698/4382318/4.69/4.8//2008-9-18 14:5:50
61/600098/广州控股/4.690	2500	4.670	6926	4.660	4000	4.650	11700	4.640	1500	4.700	500	4.710	3869	4.720	11799	4.730	6510	4.740	1100	/16842816//20919826/4393418/4.7/4.8//2008-9-18 14:6:50
61/600098/广州控股/4.710	2800	4.700	9600	4.690	300	4.680	500	4.670	6326	4.720	8668	4.730	6510	4.740	1100	4.750	30910	4.760	10700	/16842816//20977814/4405718/4.72/4.8//2008-9-18 14:7:51
61/600098/广州控股/4.720	36632	4.710	1200	4.700	2500	4.690	300	4.680	500	4.730	6510	4.740	1500	4.750	30610	4.760	10700	4.770	2100	/16842816//21029448/4416654/4.72/4.8//2008-9-18 14:8:51
61/600098/广州控股/4.750	4790	4.730	16090	4.720	35632	4.700	5500	4.690	300	4.760	8100	4.770	2100	4.780	18000	4.790	4050	4.800	38900	/16842816//21194160/4451306/4.76/4.8//2008-9-18 14:9:52
61/600098/广州控股/4.750	9090	4.730	9090	4.720	37632	4.700	7200	4.690	300	4.760	2210	4.770	12100	4.780	18000	4.790	5050	4.800	38900	/16842816//21241274/4461206/4.76/4.8//2008-9-18 14:10:53
61/600098/广州控股/4.750	12990	4.730	6890	4.720	37632	4.700	7200	4.690	300	4.760	500	4.770	330	4.780	18000	4.790	5550	4.800	38900	/16842816//21455706/4506206/4.77/4.8//2008-9-18 14:11:53
61/600098/广州控股/4.760	7400	4.750	15590	4.730	6890	4.720	17632	4.700	7300	4.770	630	4.780	18000	4.790	5050	4.800	39400	4.820	1500	/16842816//21362772/4486706/4.76/4.8//2008-9-18 14:12:54
61/600098/广州控股/4.760	7420	4.750	15590	4.730	6890	4.720	17632	4.700	6300	4.780	19000	4.790	5250	4.800	39900	4.820	1500	4.830	5800	/16842816//21415578/4497786/4.76/4.8//2008-9-18 14:13:55
61/600098/广州控股/4.770	1400	4.760	17420	4.750	15890	4.730	6890	4.720	17632	4.780	17600	4.790	5250	4.800	40900	4.820	1500	4.830	5800	/16842816//21401782/4494886/4.78/4.8//2008-9-18 14:14:55
61/600098/广州控股/4.780	6400	4.770	100	4.760	17420	4.750	15990	4.730	6890	4.790	5750	4.800	40900	4.820	1500	4.830	5800	4.840	500	/16842816//21545540/4524986/4.78/4.8//2008-9-18 14:15:56
61/600098/广州控股/4.790	23840	4.780	6400	4.770	100	4.760	17420	4.750	15990	4.800	36900	4.820	1500	4.830	5800	4.840	500	4.850	17100	/16842816//21591836/4534646/4.79/4.8//2008-9-18 14:16:56
61/600098/广州控股/4.790	19640	4.780	6400	4.770	100	4.760	17420	4.750	12190	4.800	30200	4.820	2000	4.830	5800	4.840	4000	4.850	17100	/16842816//21660432/4548946/4.8/4.8//2008-9-18 14:17:57
61/600098/广州控股/4.790	24940	4.780	6400	4.770	100	4.760	18120	4.750	12190	4.800	9200	4.810	10	4.820	2500	4.830	5800	4.840	4000	/16842816//21789962/4575946/4.8/4.8//2008-9-18 14:18:58
61/600098/广州控股/4.810	15490	4.800	14400	4.790	34740	4.780	6400	4.770	100	4.820	1000	4.830	5800	4.840	5000	4.850	17400	4.860	4000	/16842816//21839472/4586256/4.82/4.8//2008-9-18 14:19:58
61/600098/广州控股/4.850	15100	4.840	200	4.830	13000	4.820	1100	4.810	15290	4.860	1000	4.870	1500	4.880	8476	4.890	1400	4.900	113589	/16842816//21976000/4614456/4.85/4.8//2008-9-18 14:20:59
61/600098/广州控股/4.890	524	4.880	3300	4.870	1400	4.860	3900	4.850	12100	4.900	110405	4.910	20900	4.920	28750	4.930	36600	4.940	8500	/16842816//22054350/4630532/4.89/4.8//2008-9-18 14:22:0
61/600098/广州控股/4.880	11800	4.870	2100	4.860	3900	4.850	12100	4.840	10200	4.900	49581	4.910	20900	4.920	26250	4.930	36600	4.940	8500	/16842816//22247426/4669956/4.89/4.8//2008-9-18 14:23:0
61/600098/广州控股/4.890	13400	4.880	11100	4.870	2100	4.860	2400	4.850	13100	4.900	75781	4.910	21900	4.920	26250	4.930	36500	4.940	8300	/16842816//22427550/4706756/4.89/4.8//2008-9-18 14:24:1
61/600098/广州控股/4.880	19710	4.870	1600	4.860	2400	4.850	14100	4.840	1600	4.890	2000	4.900	55081	4.910	22900	4.920	26750	4.930	36600	/16842816//22631604/4748446/4.88/4.8//2008-9-18 14:25:2
61/600098/广州控股/4.860	1300	4.850	14100	4.840	1600	4.830	8100	4.820	1000	4.870	2200	4.880	8540	4.890	26600	4.900	64381	4.910	21900	/16842816//22793602/4781656/4.88/4.8//2008-9-18 14:26:2
61/600098/广州控股/4.830	8100	4.820	1000	4.810	100	4.800	4600	4.790	12300	4.840	1200	4.850	200	4.860	900	4.880	7140	4.890	31300	/16842816//22910614/4805756/4.84/4.8//2008-9-18 14:27:3
61/600098/广州控股/4.830	6000	4.820	1000	4.810	100	4.800	6700	4.790	12300	4.840	1700	4.860	600	4.880	10340	4.890	35500	4.900	76481	/16842816//22927532/4809256/4.83/4.8//2008-9-18 14:28:4
61/600098/广州控股/4.810	5100	4.800	10000	4.790	12300	4.770	1100	4.760	13620	4.820	6300	4.830	24100	4.840	3100	4.850	500	4.860	700	/16842816//23009432/4826256/4.81/4.8//2008-9-18 14:29:4
61/600098/广州控股/4.800	13000	4.790	12300	4.780	1000	4.770	1100	4.760	13620	4.810	7700	4.820	9900	4.830	6400	4.840	3100	4.850	500	/16842816//23046008/4833856/4.81/4.8//2008-9-18 14:30:5
61/600098/广州控股/4.790	19200	4.780	1000	4.770	1000	4.760	13620	4.750	8890	4.800	1000	4.810	12700	4.820	6900	4.830	3800	4.840	3100	/16842816//23146758/4854856/4.79/4.8//2008-9-18 14:31:6
61/600098/广州控股/4.810	6100	4.800	21800	4.790	19700	4.780	500	4.770	1000	4.820	7400	4.830	9400	4.840	3100	4.850	500	4.860	600	/16842816//23272316/4880956/4.81/4.8//2008-9-18 14:32:6
61/600098/广州控股/4.820	18900	4.810	8100	4.800	21800	4.790	19700	4.780	1100	4.830	9400	4.840	1600	4.850	600	4.860	1600	4.870	800	/16842816//23242098/4874656/4.82/4.8//2008-9-18 14:33:7
61/600098/广州控股/4.830	2900	4.820	31300	4.810	6000	4.800	21400	4.790	19000	4.840	2400	4.850	600	4.860	1600	4.870	800	4.880	10340	/16842816//23479974/4923956/4.83/4.8//2008-9-18 14:34:8
61/600098/广州控股/4.840	18000	4.830	10400	4.820	7400	4.810	6000	4.800	21400	4.850	600	4.860	1600	4.870	1800	4.880	20340	4.890	35400	/16842816//23460680/4919956/4.84/4.8//2008-9-18 14:35:8
61/600098/广州控股/4.850	15600	4.840	21100	4.830	20400	4.820	8600	4.810	6000	4.860	500	4.870	2800	4.880	20840	4.890	33900	4.900	72681	/16842816//23485912/4925156/4.85/4.8//2008-9-18 14:36:9
61/600098/广州控股/4.850	32900	4.840	18100	4.830	18200	4.820	8600	4.810	8000	4.860	400	4.870	12800	4.880	19940	4.890	33900	4.900	56881	/16842816//23570400/4942556/4.86/4.8//2008-9-18 14:37:10
61/600098/广州控股/4.840	18100	4.830	14200	4.820	6600	4.810	8000	4.800	21000	4.850	3000	4.860	26400	4.870	11310	4.880	19940	4.890	34900	/16842816//23722754/4973956/4.85/4.8//2008-9-18 14:38:10
61/600098/广州控股/4.830	14200	4.820	6600	4.810	8000	4.800	21000	4.790	18500	4.840	5040	4.850	3900	4.860	31500	4.870	3810	4.880	19440	/16842816//23839448/4998056/4.84/4.8//2008-9-18 14:39:11
61/600098/广州控股/4.820	6600	4.810	8000	4.800	21000	4.790	18500	4.780	600	4.830	15300	4.840	12940	4.850	10700	4.860	27500	4.870	5910	/16842816//23909966/5012656/4.83/4.8//2008-9-18 14:40:12
61/600098/广州控股/4.810	5500	4.800	21000	4.790	18500	4.780	600	4.770	1000	4.830	23000	4.840	10940	4.850	9900	4.860	27500	4.870	5910	/16842816//23982758/5027756/4.81/4.8//2008-9-18 14:41:12
61/600098/广州控股/4.810	4700	4.800	21100	4.790	18500	4.780	600	4.770	1500	4.820	1000	4.830	22800	4.840	9940	4.850	11600	4.860	27500	/16842816//24003960/5032156/4.83/4.8//2008-9-18 14:42:13
61/600098/广州控股/4.820	2000	4.810	5700	4.800	21100	4.790	18500	4.780	600	4.830	13800	4.840	9940	4.850	11100	4.860	32200	4.870	5910	/16842816//24054660/5042656/4.82/4.8//2008-9-18 14:43:14
61/600098/广州控股/4.820	9500	4.810	4900	4.800	1300	4.790	18500	4.780	600	4.830	10800	4.840	7440	4.850	11100	4.860	32200	4.870	5910	/16842816//0/0/4.82/4.8//2008-9-18 14:44:14
61/600098/广州控股/4.820	7900	4.810	4600	4.800	1800	4.790	18500	4.780	600	4.830	13900	4.840	7440	4.850	16100	4.860	32200	4.870	5910	/16842816//24132330/5058756/4.82/4.8//2008-9-18 14:45:15
61/600098/广州控股/4.820	21000	4.810	8600	4.800	800	4.790	18500	4.780	600	4.830	12500	4.840	5440	4.850	14400	4.860	32200	4.870	5910	/16842816//24186320/5069956/4.83/4.8//2008-9-18 14:46:16
61/600098/广州控股/4.810	5900	4.800	11600	4.790	18500	4.780	3600	4.770	1500	4.820	10000	4.830	14300	4.840	8440	4.850	16900	4.860	32200	/16842816//24307284/5095056/4.82/4.8//2008-9-18 14:47:16
61/600098/广州控股/4.800	14400	4.790	18500	4.780	3600	4.770	1500	4.760	12920	4.810	9600	4.820	14400	4.830	16300	4.840	8440	4.850	16400	/16842816//24461424/5127156/4.8/4.8//2008-9-18 14:48:17
61/600098/广州控股/4.790	5400	4.780	3600	4.770	2500	4.760	12920	4.750	15690	4.800	11500	4.810	3900	4.820	14500	4.830	18000	4.840	18840	/16842816//24633200/5162956/4.8/4.8//2008-9-18 14:49:18
61/600098/广州控股/4.770	4500	4.760	12920	4.750	16690	4.740	100	4.730	9090	4.790	11600	4.800	18400	4.810	9900	4.820	13900	4.830	17000	/16842816//24684902/5173756/4.79/4.8//2008-9-18 14:50:18
61/600098/广州控股/4.770	7500	4.760	12920	4.750	16690	4.740	100	4.730	9090	4.780	2900	4.790	15200	4.800	7900	4.810	9900	4.820	13900	/16842816//24789412/5195656/4.77/4.8//2008-9-18 14:51:19
61/600098/广州控股/4.750	17390	4.740	100	4.730	9090	4.720	2032	4.710	400	4.760	15649	4.770	14300	4.780	4900	4.790	9700	4.800	7900	/16842816//24914818/5221976/4.75/4.8//2008-9-18 14:52:20
61/600098/广州控股/4.750	11490	4.740	400	4.730	9090	4.720	2032	4.710	400	4.760	14249	4.770	8800	4.780	4600	4.790	8700	4.800	9300	/16842816//24965680/5232676/4.76/4.8//2008-9-18 14:53:21
61/600098/广州控股/4.760	1151	4.750	6390	4.740	7300	4.730	9090	4.720	2032	4.770	3000	4.780	4600	4.790	9600	4.800	9300	4.810	13100	/16842816//25066260/5253825/4.76/4.8//2008-9-18 14:54:21
61/600098/广州控股/4.770	10700	4.760	1300	4.750	6990	4.740	7200	4.730	9090	4.800	3500	4.810	6300	4.820	6500	4.830	15500	4.840	18840	/16842816//25236866/5289525/4.77/4.8//2008-9-18 14:55:22
61/600098/广州控股/4.820	14100	4.780	1200	4.770	10600	4.750	4990	4.740	4800	4.840	18840	4.850	24800	4.860	22900	4.870	9910	4.880	10640	/16842816//25535760/5351525/4.82/4.8//2008-9-18 14:56:23
61/600098/广州控股/4.820	34211	4.810	3400	4.800	1000	4.780	1400	4.770	10400	4.830	1700	4.840	18240	4.850	25800	4.860	22900	4.870	9910	/16842816//25567606/5358114/4.83/4.8//2008-9-18 14:57:23
61/600098/广州控股/4.820	53911	4.810	2300	4.800	1000	4.790	2000	4.780	1200	4.830	3800	4.840	16140	4.850	26500	4.860	26400	4.870	9910	/16842816//25738680/5393514/4.83/4.8//2008-9-18 14:58:24
61/600098/广州控股/4.820	51211	4.810	2300	4.800	1800	4.790	2000	4.780	1200	4.830	18700	4.840	25040	4.850	29500	4.860	23700	4.870	9510	/16842816//25870030/5420714/4.83/4.8//2008-9-18 14:59:25
61/600098/广州控股/4.820	45011	4.810	2300	4.800	1800	4.780	1200	4.770	10400	4.830	38600	4.840	24140	4.850	12500	4.860	22700	4.870	9510	/16842816//25938060/5434814/4.83/4.8//2008-9-18 15:0:26
61/600098/广州控股/4.820	45011	4.810	2300	4.800	1800	4.780	1200	4.770	10400	4.830	38600	4.840	24140	4.850	12500	4.860	22700	4.870	9510	/16842816//25938060/5434814/4.83/4.8//2008-9-18 15:1:26
61/600098/广州控股/4.820	45011	4.810	2300	4.800	1800	4.780	1200	4.770	10400	4.830	38600	4.840	24140	4.850	12500	4.860	22700	4.870	9510	/16842816//25938060/5434814/4.83/4.8//2008-9-18 15:2:27
