40/600076/ST华光/1.930	5000	1.920	6000	1.910	2200	1.900	19300	1.890	2000	1.950	22500	1.960	7300	1.970	1500	1.980	9300	1.990	26100	/16842794//57069/29300/1.93/1.97//2008-9-18 9:31:34
40/600076/ST华光/1.910	4500	1.890	2000	1.880	4500	1.870	110700	0.000	0	1.920	262800	1.930	18600	1.950	22100	1.960	7300	1.970	1500	/16842794//124074/64400/1.9/1.97//2008-9-18 9:32:35
40/600076/ST华光/1.900	10700	1.890	2000	1.880	4500	1.870	95900	0.000	0	1.910	51700	1.920	268400	1.930	18300	1.950	10600	1.960	7300	/16842794//136093/70700/1.9/1.97//2008-9-18 9:33:35
40/600076/ST华光/1.880	9600	1.870	106000	0.000	0	0.000	0	0.000	0	1.900	31700	1.910	11900	1.920	262800	1.930	18300	1.950	8600	/16842794//171952/89600/1.88/1.97//2008-9-18 9:34:35
40/600076/ST华光/1.870	95700	0.000	0	0.000	0	0.000	0	0.000	0	1.870	162800	1.880	42900	1.890	300	1.900	23100	1.910	26400	/16842794//415923/219900/1.87/1.97//2008-9-18 9:35:35
40/600076/ST华光/1.870	95700	0.000	0	0.000	0	0.000	0	0.000	0	1.870	229800	1.880	45600	1.890	300	1.900	17500	1.910	26400	/16842794//429574/227200/1.87/1.97//2008-9-18 9:36:36
40/600076/ST华光/1.870	95700	0.000	0	0.000	0	0.000	0	0.000	0	1.870	146000	1.880	44600	1.890	300	1.900	17500	1.910	26000	/16842794//523448/277400/1.87/1.97//2008-9-18 9:37:36
40/600076/ST华光/1.870	8200	0.000	0	0.000	0	0.000	0	0.000	0	1.880	23100	1.890	300	1.900	13500	1.910	26000	1.920	5000	/16842794//780947/415100/1.87/1.97//2008-9-18 9:38:36
40/600076/ST华光/1.870	58700	0.000	0	0.000	0	0.000	0	0.000	0	1.880	19100	1.890	300	1.900	16800	1.910	26000	1.920	5000	/16842794//759856/403800/1.88/1.97//2008-9-18 9:39:36
40/600076/ST华光/1.880	9200	1.870	49000	0.000	0	0.000	0	0.000	0	1.890	300	1.900	16800	1.910	15500	1.920	15500	1.930	13400	/16842794//867984/461500/1.88/1.97//2008-9-18 9:40:36
40/600076/ST华光/1.880	600	1.870	60100	0.000	0	0.000	0	0.000	0	1.900	9900	1.910	15500	1.920	15500	1.930	18400	1.950	7400	/16842794//882057/468900/1.88/1.97//2008-9-18 9:41:37
40/600076/ST华光/1.880	3300	1.870	60100	0.000	0	0.000	0	0.000	0	1.890	2800	1.900	9900	1.910	15500	1.920	15500	1.930	18400	/16842794//890737/473500/1.88/1.97//2008-9-18 9:42:37
40/600076/ST华光/1.900	10200	1.890	6300	1.880	600	1.870	81100	0.000	0	1.910	15500	1.920	15500	1.930	18400	1.950	13000	1.960	7400	/16842794//924427/491300/1.9/1.97//2008-9-18 9:43:37
40/600076/ST华光/1.890	6300	1.880	600	1.870	93900	0.000	0	0.000	0	1.900	19700	1.910	8500	1.920	15500	1.930	18400	1.940	7000	/16842794//943807/501500/1.9/1.97//2008-9-18 9:44:37
40/600076/ST华光/1.880	700	1.870	101400	0.000	0	0.000	0	0.000	0	1.890	5100	1.900	17200	1.910	13500	1.920	15700	1.930	18400	/16842794//961784/511000/1.89/1.97//2008-9-18 9:45:37
40/600076/ST华光/1.880	400	1.870	113500	0.000	0	0.000	0	0.000	0	1.890	600	1.900	17200	1.910	13500	1.920	15700	1.930	63100	/16842794//970853/515800/1.88/1.97//2008-9-18 9:46:38
40/600076/ST华光/1.880	3000	1.870	109300	0.000	0	0.000	0	0.000	0	1.890	9700	1.900	17200	1.910	13500	1.920	22700	1.930	63100	/16842794//1027971/546200/1.89/1.97//2008-9-18 9:47:38
40/600076/ST华光/1.880	3700	1.870	97200	0.000	0	0.000	0	0.000	0	1.890	9700	1.900	17500	1.910	13500	1.920	22700	1.930	63100	/16842794//1086719/577600/1.87/1.97//2008-9-18 9:48:38
40/600076/ST华光/1.880	15400	1.870	112600	0.000	0	0.000	0	0.000	0	1.890	9400	1.900	17500	1.910	13500	1.920	22700	1.930	63100	/16842794//1091422/580100/1.88/1.97//2008-9-18 9:49:39
40/600076/ST华光/1.880	18600	1.870	115700	0.000	0	0.000	0	0.000	0	1.890	9400	1.900	17500	1.910	10500	1.920	22500	1.930	63100	/16842794//1091422/580100/1.88/1.97//2008-9-18 9:50:39
40/600076/ST华光/1.880	18800	1.870	116800	0.000	0	0.000	0	0.000	0	1.890	9400	1.900	17500	1.910	10500	1.920	22500	1.930	63100	/16842794//1098566/583900/1.88/1.97//2008-9-18 9:51:39
40/600076/ST华光/1.870	119800	0.000	0	0.000	0	0.000	0	0.000	0	1.880	20400	1.890	9400	1.900	13500	1.910	10500	1.920	22500	/16842794//1141430/606700/1.88/1.97//2008-9-18 9:52:39
40/600076/ST华光/1.870	144150	0.000	0	0.000	0	0.000	0	0.000	0	1.880	12300	1.890	9400	1.900	13500	1.910	125200	1.920	22500	/16842794//1168681/621250/1.88/1.97//2008-9-18 9:53:40
40/600076/ST华光/1.870	111350	0.000	0	0.000	0	0.000	0	0.000	0	1.880	2300	1.890	9400	1.900	20500	1.910	125200	1.920	15500	/16842794//1218630/647950/1.87/1.97//2008-9-18 9:54:40
40/600076/ST华光/1.870	113050	0.000	0	0.000	0	0.000	0	0.000	0	1.880	13400	1.890	9400	1.900	27500	1.910	125200	1.920	15500	/16842794//1226526/652150/1.88/1.97//2008-9-18 9:55:40
40/600076/ST华光/1.880	7000	1.870	113250	0.000	0	0.000	0	0.000	0	1.890	9700	1.900	27800	1.910	125200	1.920	15500	1.930	23400	/16842794//1251718/665550/1.88/1.97//2008-9-18 9:56:41
40/600076/ST华光/1.880	2500	1.870	113250	0.000	0	0.000	0	0.000	0	1.890	9700	1.900	27800	1.910	125200	1.920	15500	1.930	23400	/16842794//1264690/672450/1.88/1.97//2008-9-18 9:57:41
40/600076/ST华光/1.870	2650	0.000	0	0.000	0	0.000	0	0.000	0	1.880	7900	1.890	9700	1.900	20800	1.910	10500	1.920	15500	/16842794//1480326/787750/1.87/1.97//2008-9-18 9:58:41
40/600076/ST华光/1.870	22310	0.000	0	0.000	0	0.000	0	0.000	0	1.880	3600	1.890	9700	1.900	22800	1.910	10500	1.920	18800	/16842794//1534443/816690/1.87/1.97//2008-9-18 9:59:41
40/600076/ST华光/1.870	46410	0.000	0	0.000	0	0.000	0	0.000	0	1.890	9700	1.900	22500	1.910	10500	1.920	28800	1.930	23400	/16842794//1541211/820290/1.88/1.97//2008-9-18 10:0:42
40/600076/ST华光/1.870	43910	0.000	0	0.000	0	0.000	0	0.000	0	1.880	400	1.890	14700	1.900	27500	1.910	10500	1.920	28800	/16842794//1562716/831790/1.87/1.97//2008-9-18 10:1:42
40/600076/ST华光/1.870	46010	0.000	0	0.000	0	0.000	0	0.000	0	1.880	300	1.890	14700	1.900	27500	1.910	10500	1.920	28800	/16842794//1563280/832090/1.88/1.87//2008-9-18 10:2:42
40/600076/ST华光/1.870	42310	0.000	0	0.000	0	0.000	0	0.000	0	1.880	52400	1.890	14700	1.900	27500	1.910	10500	1.920	28800	/16842794//1624133/864590/1.88/1.87//2008-9-18 10:3:42
40/600076/ST华光/1.870	82510	0.000	0	0.000	0	0.000	0	0.000	0	1.880	53900	1.890	14700	1.900	27500	1.910	10500	1.920	28800	/16842794//1624133/864590/1.88/1.87//2008-9-18 10:4:43
40/600076/ST华光/1.870	39810	0.000	0	0.000	0	0.000	0	0.000	0	1.880	58900	1.890	5300	1.900	27500	1.910	10500	1.920	28800	/16842794//1635572/870690/1.88/1.87//2008-9-18 10:5:43
40/600076/ST华光/1.870	35910	0.000	0	0.000	0	0.000	0	0.000	0	1.880	58400	1.890	5300	1.900	27500	1.910	10500	1.920	28800	/16842794//1647919/877290/1.87/1.87//2008-9-18 10:6:43
40/600076/ST华光/1.870	57310	0.000	0	0.000	0	0.000	0	0.000	0	1.880	59500	1.890	5300	1.900	25500	1.910	10500	1.920	18800	/16842794//1666432/887190/1.87/1.87//2008-9-18 10:7:44
40/600076/ST华光/1.870	45110	0.000	0	0.000	0	0.000	0	0.000	0	1.880	13800	1.890	6800	1.900	25500	1.910	10500	1.920	18800	/16842794//1769552/942090/1.87/1.87//2008-9-18 10:8:44
40/600076/ST华光/1.870	18510	0.000	0	0.000	0	0.000	0	0.000	0	1.880	3500	1.890	6800	1.900	25500	1.910	10500	1.920	18800	/16842794//1859976/990390/1.88/1.87//2008-9-18 10:9:44
40/600076/ST华光/1.870	38410	0.000	0	0.000	0	0.000	0	0.000	0	1.880	4800	1.890	6800	1.900	25500	1.910	10500	1.920	18800	/16842794//1860539/990690/1.88/1.87//2008-9-18 10:10:44
40/600076/ST华光/1.870	32510	0.000	0	0.000	0	0.000	0	0.000	0	1.880	7700	1.890	1800	1.900	25500	1.910	10500	1.920	18800	/16842794//1867085/994190/1.88/1.87//2008-9-18 10:11:45
40/600076/ST华光/1.870	28910	0.000	0	0.000	0	0.000	0	0.000	0	1.880	7500	1.890	6200	1.900	25500	1.910	10500	1.920	18800	/16842794//1881299/1001790/1.87/1.87//2008-9-18 10:12:45
40/600076/ST华光/1.870	25710	0.000	0	0.000	0	0.000	0	0.000	0	1.880	7500	1.890	6200	1.900	25500	1.910	10500	1.920	18800	/16842794//1892706/1007890/1.87/1.87//2008-9-18 10:13:45
40/600076/ST华光/1.870	38410	0.000	0	0.000	0	0.000	0	0.000	0	1.880	6500	1.890	6200	1.900	25500	1.910	10500	1.920	18800	/16842794//1898316/1010890/1.87/1.87//2008-9-18 10:14:46
40/600076/ST华光/1.880	6200	1.870	36310	0.000	0	0.000	0	0.000	0	1.890	12200	1.900	25500	1.910	10500	1.920	18800	1.930	33400	/16842794//1911471/1017890/1.88/1.87//2008-9-18 10:15:46
40/600076/ST华光/1.880	6800	1.870	36310	0.000	0	0.000	0	0.000	0	1.890	12200	1.900	25500	1.910	10500	1.920	18800	1.930	33400	/16842794//1926511/1025890/1.88/1.87//2008-9-18 10:16:46
40/600076/ST华光/1.880	8600	1.870	36310	0.000	0	0.000	0	0.000	0	1.890	16800	1.900	25500	1.910	10500	1.920	18800	1.930	23400	/16842794//1927267/1026290/1.89/1.87//2008-9-18 10:17:47
40/600076/ST华光/1.880	8400	1.870	31310	0.000	0	0.000	0	0.000	0	1.890	15100	1.900	25500	1.910	10500	1.920	19300	1.930	23400	/16842794//1930856/1028190/1.89/1.87//2008-9-18 10:18:47
40/600076/ST华光/1.880	10200	1.870	46510	0.000	0	0.000	0	0.000	0	1.890	12000	1.900	25500	1.910	10500	1.920	19300	1.930	23400	/16842794//1951835/1039290/1.89/1.87//2008-9-18 10:19:47
40/600076/ST华光/1.870	48710	0.000	0	0.000	0	0.000	0	0.000	0	1.880	7900	1.890	7000	1.900	25500	1.910	10500	1.920	19300	/16842794//1961749/1044590/1.88/1.87//2008-9-18 10:20:48
40/600076/ST华光/1.870	48710	0.000	0	0.000	0	0.000	0	0.000	0	1.880	4100	1.890	7000	1.900	25500	1.910	10500	1.920	19300	/16842794//1968893/1048390/1.88/1.87//2008-9-18 10:21:48
40/600076/ST华光/1.870	4710	0.000	0	0.000	0	0.000	0	0.000	0	1.880	54000	1.890	7000	1.900	25500	1.910	10500	1.920	19300	/16842794//2056410/1095190/1.87/1.87//2008-9-18 10:22:48
40/600076/ST华光/1.870	1400	0.000	0	0.000	0	0.000	0	0.000	0	1.880	4000	1.890	7200	1.900	25500	1.910	10500	1.920	19300	/16842794//2066153/1100400/1.87/1.87//2008-9-18 10:23:48
40/600076/ST华光/1.870	8400	0.000	0	0.000	0	0.000	0	0.000	0	1.880	4000	1.890	7200	1.900	25500	1.910	10500	1.920	19300	/16842794//2081113/1108400/1.87/1.87//2008-9-18 10:24:49
40/600076/ST华光/1.870	7400	0.000	0	0.000	0	0.000	0	0.000	0	1.880	3800	1.890	7200	1.900	25500	1.910	10500	1.920	19300	/16842794//2085229/1110600/1.88/1.87//2008-9-18 10:25:49
40/600076/ST华光/1.870	17500	0.000	0	0.000	0	0.000	0	0.000	0	1.880	2900	1.890	7200	1.900	25500	1.910	10500	1.920	19300	/16842794//2086921/1111500/1.88/1.87//2008-9-18 10:26:49
40/600076/ST华光/1.870	16300	0.000	0	0.000	0	0.000	0	0.000	0	1.880	7900	1.890	7200	1.900	25500	1.910	10500	1.920	19300	/16842794//2098752/1117800/1.88/1.87//2008-9-18 10:27:50
40/600076/ST华光/1.870	17300	0.000	0	0.000	0	0.000	0	0.000	0	1.880	7000	1.890	7200	1.900	25500	1.910	10500	1.920	19300	/16842794//2100444/1118700/1.88/1.87//2008-9-18 10:28:50
40/600076/ST华光/1.870	37400	0.000	0	0.000	0	0.000	0	0.000	0	1.880	7000	1.890	7200	1.900	25500	1.910	10500	1.920	19300	/16842794//2100631/1118800/1.87/1.87//2008-9-18 10:29:50
40/600076/ST华光/1.870	37400	0.000	0	0.000	0	0.000	0	0.000	0	1.880	6700	1.890	7700	1.900	25500	1.910	10500	1.920	19300	/16842794//2101759/1119400/1.88/1.87//2008-9-18 10:30:51
40/600076/ST华光/1.870	40400	0.000	0	0.000	0	0.000	0	0.000	0	1.880	6600	1.890	700	1.900	25500	1.910	10500	1.920	19300	/16842794//2105684/1121500/1.87/1.87//2008-9-18 10:31:51
40/600076/ST华光/1.870	500	0.000	0	0.000	0	0.000	0	0.000	0	1.880	6600	1.890	10700	1.900	25500	1.910	10500	1.920	19300	/16842794//2197501/1170600/1.87/1.87//2008-9-18 10:32:51
40/600076/ST华光/1.870	16300	0.000	0	0.000	0	0.000	0	0.000	0	1.880	6100	1.890	10700	1.900	25500	1.910	10500	1.920	19300	/16842794//2209287/1176900/1.88/1.87//2008-9-18 10:33:52
40/600076/ST华光/1.870	19300	0.000	0	0.000	0	0.000	0	0.000	0	1.880	5700	1.890	10200	1.900	25500	1.910	10500	1.920	19300	/16842794//2217519/1181300/1.87/1.87//2008-9-18 10:34:52
40/600076/ST华光/1.870	21600	0.000	0	0.000	0	0.000	0	0.000	0	1.880	4000	1.890	10200	1.900	25500	1.910	10500	1.920	19300	/16842794//2231750/1188900/1.87/1.87//2008-9-18 10:35:52
40/600076/ST华光/1.870	21200	0.000	0	0.000	0	0.000	0	0.000	0	1.880	3300	1.890	10200	1.900	25500	1.910	10500	1.920	19300	/16842794//2233625/1189900/1.87/1.87//2008-9-18 10:36:53
40/600076/ST华光/1.870	21400	0.000	0	0.000	0	0.000	0	0.000	0	1.880	3300	1.890	10200	1.900	25500	1.910	10500	1.920	19300	/16842794//2233625/1189900/1.87/1.87//2008-9-18 10:37:53
40/600076/ST华光/1.870	26400	0.000	0	0.000	0	0.000	0	0.000	0	1.880	7700	1.890	10200	1.900	25500	1.910	10500	1.920	19300	/16842794//2233625/1189900/1.87/1.87//2008-9-18 10:38:53
40/600076/ST华光/1.870	26400	0.000	0	0.000	0	0.000	0	0.000	0	1.880	7700	1.890	10200	1.900	26000	1.910	10500	1.920	19300	/16842794//2233625/1189900/1.87/1.87//2008-9-18 10:39:54
40/600076/ST华光/1.870	52800	0.000	0	0.000	0	0.000	0	0.000	0	1.880	7700	1.890	10200	1.900	26000	1.910	10500	1.920	19300	/16842794//2247650/1197400/1.87/1.87//2008-9-18 10:40:54
40/600076/ST华光/1.870	52600	0.000	0	0.000	0	0.000	0	0.000	0	1.880	7700	1.890	10200	1.900	26000	1.910	10500	1.920	19300	/16842794//2249894/1198600/1.87/1.87//2008-9-18 10:41:54
40/600076/ST华光/1.870	45700	0.000	0	0.000	0	0.000	0	0.000	0	1.880	14700	1.890	13500	1.900	28000	1.910	10500	1.920	16000	/16842794//2260553/1204300/1.87/1.87//2008-9-18 10:42:55
40/600076/ST华光/1.870	45700	0.000	0	0.000	0	0.000	0	0.000	0	1.880	11000	1.890	13500	1.900	28000	1.910	10500	1.920	16000	/16842794//2261304/1204700/1.88/1.87//2008-9-18 10:43:55
40/600076/ST华光/1.870	28300	0.000	0	0.000	0	0.000	0	0.000	0	1.880	7800	1.890	13500	1.900	28000	1.910	10500	1.920	16000	/16842794//2299858/1225300/1.87/1.87//2008-9-18 10:44:56
40/600076/ST华光/1.870	1990	0.000	0	0.000	0	0.000	0	0.000	0	1.880	24100	1.890	13500	1.900	29000	1.910	10500	1.920	16000	/16842794//2349058/1251610/1.87/1.87//2008-9-18 10:45:56
40/600076/ST华光/1.870	1990	0.000	0	0.000	0	0.000	0	0.000	0	1.870	3410	1.880	24100	1.890	13500	1.900	29000	1.910	10500	/16842794//2356500/1255590/1.87/1.87//2008-9-18 10:46:56
40/600076/ST华光/1.870	17590	0.000	0	0.000	0	0.000	0	0.000	0	1.880	8800	1.890	13500	1.900	39000	1.910	10500	1.920	16000	/16842794//2359156/1257010/1.87/1.87//2008-9-18 10:47:57
40/600076/ST华光/1.870	18090	0.000	0	0.000	0	0.000	0	0.000	0	1.870	9610	1.880	8800	1.890	18500	1.900	39000	1.910	10500	/16842794//2427747/1293690/1.87/1.87//2008-9-18 10:48:57
40/600076/ST华光/1.870	18090	0.000	0	0.000	0	0.000	0	0.000	0	1.870	15610	1.880	8800	1.890	20000	1.900	39200	1.910	10500	/16842794//2403269/1280600/1.87/1.87//2008-9-18 10:49:57
40/600076/ST华光/1.870	18090	0.000	0	0.000	0	0.000	0	0.000	0	1.870	36910	1.880	15800	1.890	20000	1.900	29200	1.910	10500	/16842794//2409066/1283700/1.87/1.87//2008-9-18 10:50:58
40/600076/ST华光/1.870	18090	0.000	0	0.000	0	0.000	0	0.000	0	1.870	46810	1.880	18800	1.890	20000	1.900	29200	1.910	10500	/16842794//2409066/1283700/1.87/1.87//2008-9-18 10:51:58
40/600076/ST华光/1.870	18090	0.000	0	0.000	0	0.000	0	0.000	0	1.870	49110	1.880	18800	1.890	20000	1.900	29200	1.910	10500	/16842794//2409253/1283800/1.87/1.87//2008-9-18 10:52:58
40/600076/ST华光/1.870	18090	0.000	0	0.000	0	0.000	0	0.000	0	1.870	37110	1.880	25800	1.890	20000	1.900	29200	1.910	10500	/16842794//2411684/1285100/1.87/1.87//2008-9-18 10:53:59
40/600076/ST华光/1.870	18090	0.000	0	0.000	0	0.000	0	0.000	0	1.870	46510	1.880	26800	1.890	20000	1.900	29200	1.910	10500	/16842794//2413554/1286100/1.87/1.87//2008-9-18 10:54:59
40/600076/ST华光/1.870	18090	0.000	0	0.000	0	0.000	0	0.000	0	1.870	49610	1.880	18800	1.890	20000	1.900	29200	1.910	10500	/16842794//2413554/1286100/1.87/1.87//2008-9-18 10:56:0
40/600076/ST华光/1.870	18090	0.000	0	0.000	0	0.000	0	0.000	0	1.870	48910	1.880	18900	1.890	20000	1.900	29100	1.910	10500	/16842794//2415237/1287000/1.87/1.87//2008-9-18 10:57:0
40/600076/ST华光/1.870	18090	0.000	0	0.000	0	0.000	0	0.000	0	1.870	39110	1.880	25900	1.890	20000	1.900	29100	1.910	10500	/16842794//2415237/1287000/1.87/1.87//2008-9-18 10:58:0
40/600076/ST华光/1.870	18090	0.000	0	0.000	0	0.000	0	0.000	0	1.870	39110	1.880	25900	1.890	20000	1.900	29100	1.910	10500	/16842794//2415237/1287000/1.87/1.87//2008-9-18 10:59:1
40/600076/ST华光/1.870	18090	0.000	0	0.000	0	0.000	0	0.000	0	1.870	51210	1.880	18800	1.890	20000	1.900	29100	1.910	10500	/16842794//2415237/1287000/1.87/1.87//2008-9-18 11:0:1
40/600076/ST华光/1.870	18090	0.000	0	0.000	0	0.000	0	0.000	0	1.870	85110	1.880	18800	1.890	20000	1.900	29100	1.910	10500	/16842794//2415237/1287000/1.87/1.87//2008-9-18 11:1:2
40/600076/ST华光/1.870	18090	0.000	0	0.000	0	0.000	0	0.000	0	1.870	81810	1.880	18800	1.890	20000	1.900	29100	1.910	10500	/16842794//2415237/1287000/1.87/1.87//2008-9-18 11:2:2
40/600076/ST华光/1.870	18090	0.000	0	0.000	0	0.000	0	0.000	0	1.870	174710	1.880	18800	1.890	20000	1.900	31100	1.910	10500	/16842794//2416359/1287600/1.87/1.87//2008-9-18 11:3:2
40/600076/ST华光/1.870	18090	0.000	0	0.000	0	0.000	0	0.000	0	1.870	174610	1.880	18800	1.890	20000	1.900	31100	1.910	10500	/16842794//2415985/1287400/1.87/1.87//2008-9-18 11:4:3
40/600076/ST华光/1.870	18090	0.000	0	0.000	0	0.000	0	0.000	0	1.870	174710	1.880	18800	1.890	20000	1.900	31100	1.910	10500	/16842794//2415985/1287400/1.87/1.87//2008-9-18 11:5:3
40/600076/ST华光/1.870	18090	0.000	0	0.000	0	0.000	0	0.000	0	1.870	179810	1.880	18800	1.890	20000	1.900	31100	1.910	10500	/16842794//2416546/1287700/1.87/1.87//2008-9-18 11:6:4
40/600076/ST华光/1.870	18090	0.000	0	0.000	0	0.000	0	0.000	0	1.870	180710	1.880	18800	1.890	20000	1.900	31100	1.910	10500	/16842794//2417107/1288000/1.87/1.87//2008-9-18 11:7:4
40/600076/ST华光/1.870	18090	0.000	0	0.000	0	0.000	0	0.000	0	1.870	195010	1.880	18800	1.890	20000	1.900	31100	1.910	10500	/16842794//2426457/1293000/1.87/1.87//2008-9-18 11:8:4
40/600076/ST华光/1.870	18090	0.000	0	0.000	0	0.000	0	0.000	0	1.870	188210	1.880	18800	1.890	20000	1.900	31100	1.910	10500	/16842794//2426831/1293200/1.87/1.87//2008-9-18 11:9:5
40/600076/ST华光/1.870	18090	0.000	0	0.000	0	0.000	0	0.000	0	1.870	189410	1.880	18800	1.890	20000	1.900	31100	1.910	10500	/16842794//2426831/1293200/1.87/1.87//2008-9-18 11:10:5
40/600076/ST华光/1.870	18090	0.000	0	0.000	0	0.000	0	0.000	0	1.870	192610	1.880	18800	1.890	20000	1.900	31100	1.910	10500	/16842794//2426831/1293200/1.87/1.87//2008-9-18 11:11:6
40/600076/ST华光/1.870	18090	0.000	0	0.000	0	0.000	0	0.000	0	1.870	187610	1.880	18800	1.890	20000	1.900	31100	1.910	10500	/16842794//2435994/1298100/1.87/1.87//2008-9-18 11:12:6
40/600076/ST华光/1.870	18090	0.000	0	0.000	0	0.000	0	0.000	0	1.870	187910	1.880	18800	1.890	20000	1.900	31100	1.910	10500	/16842794//2435994/1298100/1.87/1.87//2008-9-18 11:13:7
40/600076/ST华光/1.870	18090	0.000	0	0.000	0	0.000	0	0.000	0	1.870	187910	1.880	18800	1.890	20000	1.900	31100	1.910	10500	/16842794//2435994/1298100/1.87/1.87//2008-9-18 11:14:7
40/600076/ST华光/1.870	18090	0.000	0	0.000	0	0.000	0	0.000	0	1.870	197710	1.880	18800	1.890	20000	1.900	31100	1.910	10500	/16842794//2436368/1298300/1.87/1.87//2008-9-18 11:15:7
40/600076/ST华光/1.870	18090	0.000	0	0.000	0	0.000	0	0.000	0	1.870	197510	1.880	18800	1.890	20000	1.900	31100	1.910	10500	/16842794//2436742/1298500/1.87/1.87//2008-9-18 11:16:8
40/600076/ST华光/1.870	18090	0.000	0	0.000	0	0.000	0	0.000	0	1.870	197310	1.880	18800	1.890	20000	1.900	31100	1.910	10500	/16842794//2436929/1298600/1.87/1.87//2008-9-18 11:17:8
40/600076/ST华光/1.870	18090	0.000	0	0.000	0	0.000	0	0.000	0	1.870	197010	1.880	18800	1.890	20000	1.900	31100	1.910	10500	/16842794//2441791/1301200/1.87/1.87//2008-9-18 11:18:9
40/600076/ST华光/1.870	18090	0.000	0	0.000	0	0.000	0	0.000	0	1.870	197010	1.880	18800	1.890	20000	1.900	31100	1.910	10500	/16842794//2441791/1301200/1.87/1.87//2008-9-18 11:19:9
40/600076/ST华光/1.870	18090	0.000	0	0.000	0	0.000	0	0.000	0	1.870	191610	1.880	18800	1.890	20000	1.900	31100	1.910	10500	/16842794//2449645/1305400/1.87/1.87//2008-9-18 11:20:10
40/600076/ST华光/1.870	18090	0.000	0	0.000	0	0.000	0	0.000	0	1.870	190810	1.880	18800	1.890	20000	1.900	31100	1.910	10500	/16842794//2451515/1306400/1.87/1.87//2008-9-18 11:21:10
40/600076/ST华光/1.870	18090	0.000	0	0.000	0	0.000	0	0.000	0	1.870	190810	1.880	18800	1.890	20000	1.900	31100	1.910	10500	/16842794//2451515/1306400/1.87/1.87//2008-9-18 11:22:10
40/600076/ST华光/1.870	18090	0.000	0	0.000	0	0.000	0	0.000	0	1.870	190810	1.880	18800	1.890	20000	1.900	31100	1.910	10500	/16842794//2451515/1306400/1.87/1.87//2008-9-18 11:23:11
40/600076/ST华光/1.870	18090	0.000	0	0.000	0	0.000	0	0.000	0	1.870	190710	1.880	18800	1.890	20000	1.900	31100	1.910	10500	/16842794//2451515/1306400/1.87/1.87//2008-9-18 11:24:11
40/600076/ST华光/1.870	18090	0.000	0	0.000	0	0.000	0	0.000	0	1.870	216110	1.880	18800	1.890	20000	1.900	31100	1.910	10500	/16842794//2458995/1310400/1.87/1.87//2008-9-18 11:25:12
40/600076/ST华光/1.870	18090	0.000	0	0.000	0	0.000	0	0.000	0	1.870	246910	1.880	18800	1.890	20000	1.900	31100	1.910	10500	/16842794//2458995/1310400/1.87/1.87//2008-9-18 11:26:12
40/600076/ST华光/1.870	18090	0.000	0	0.000	0	0.000	0	0.000	0	1.870	281910	1.880	18800	1.890	20000	1.900	31100	1.910	10500	/16842794//2458995/1310400/1.87/1.87//2008-9-18 11:27:13
40/600076/ST华光/1.870	18090	0.000	0	0.000	0	0.000	0	0.000	0	1.870	300510	1.880	18800	1.890	20000	1.900	31100	1.910	10500	/16842794//2455442/1308500/1.87/1.87//2008-9-18 11:28:13
40/600076/ST华光/1.870	18090	0.000	0	0.000	0	0.000	0	0.000	0	1.870	301210	1.880	18800	1.890	20000	1.900	31100	1.910	10500	/16842794//2458808/1310300/1.87/1.87//2008-9-18 11:29:14
40/600076/ST华光/1.870	18090	0.000	0	0.000	0	0.000	0	0.000	0	1.870	301510	1.880	18800	1.890	20000	1.900	31100	1.910	10500	/16842794//2457312/1309500/1.87/1.87//2008-9-18 11:30:14
40/600076/ST华光/1.870	18090	0.000	0	0.000	0	0.000	0	0.000	0	1.870	301510	1.880	18800	1.890	20000	1.900	31100	1.910	10500	/16842794//2457312/1309500/1.87/1.87//2008-9-18 11:31:15
40/600076/ST华光/1.870	18090	0.000	0	0.000	0	0.000	0	0.000	0	1.870	354510	1.880	8800	1.890	20000	1.900	31100	1.910	40500	/16842794//2462922/1312500/1.87/1.87//2008-9-18 13:1:15
40/600076/ST华光/1.870	18090	0.000	0	0.000	0	0.000	0	0.000	0	1.870	354410	1.880	9400	1.890	20000	1.900	31100	1.910	40500	/16842794//2471150/1316900/1.87/1.87//2008-9-18 13:2:16
40/600076/ST华光/1.870	18090	0.000	0	0.000	0	0.000	0	0.000	0	1.870	356210	1.880	9400	1.890	20400	1.900	31100	1.910	40500	/16842794//2465540/1313900/1.87/1.87//2008-9-18 13:3:16
40/600076/ST华光/1.870	18090	0.000	0	0.000	0	0.000	0	0.000	0	1.870	356310	1.880	9400	1.890	20400	1.900	31400	1.910	41400	/16842794//2465540/1313900/1.87/1.87//2008-9-18 13:4:17
40/600076/ST华光/1.870	18090	0.000	0	0.000	0	0.000	0	0.000	0	1.870	386210	1.880	9400	1.890	20400	1.900	34900	1.910	41400	/16842794//2465727/1314000/1.87/1.87//2008-9-18 13:5:17
40/600076/ST华光/1.870	18090	0.000	0	0.000	0	0.000	0	0.000	0	1.870	386210	1.880	9400	1.890	20400	1.900	34900	1.910	41400	/16842794//2465727/1314000/1.87/1.87//2008-9-18 13:6:18
40/600076/ST华光/1.870	18090	0.000	0	0.000	0	0.000	0	0.000	0	1.870	390110	1.880	9400	1.890	20400	1.900	34900	1.910	41400	/16842794//2466288/1314300/1.87/1.87//2008-9-18 13:7:18
40/600076/ST华光/1.870	18090	0.000	0	0.000	0	0.000	0	0.000	0	1.870	389610	1.880	9400	1.890	20400	1.900	33900	1.910	41400	/16842794//2466662/1314500/1.87/1.87//2008-9-18 13:8:19
40/600076/ST华光/1.870	18090	0.000	0	0.000	0	0.000	0	0.000	0	1.870	389710	1.880	9400	1.890	20400	1.900	33900	1.910	41400	/16842794//2467410/1314900/1.87/1.87//2008-9-18 13:9:19
40/600076/ST华光/1.870	18090	0.000	0	0.000	0	0.000	0	0.000	0	1.870	387710	1.880	9400	1.890	20400	1.900	37600	1.910	41400	/16842794//2467410/1314900/1.87/1.87//2008-9-18 13:10:20
40/600076/ST华光/1.870	18090	0.000	0	0.000	0	0.000	0	0.000	0	1.870	387510	1.880	9400	1.890	20400	1.900	37600	1.910	41400	/16842794//2467223/1314800/1.87/1.87//2008-9-18 13:11:20
40/600076/ST华光/1.870	18090	0.000	0	0.000	0	0.000	0	0.000	0	1.870	387310	1.880	9400	1.890	20400	1.900	37600	1.910	41400	/16842794//2467597/1315000/1.87/1.87//2008-9-18 13:12:21
40/600076/ST华光/1.870	18090	0.000	0	0.000	0	0.000	0	0.000	0	1.870	387210	1.880	9400	1.890	20400	1.900	37600	1.910	41400	/16842794//2467597/1315000/1.87/1.87//2008-9-18 13:13:21
40/600076/ST华光/1.870	18090	0.000	0	0.000	0	0.000	0	0.000	0	1.870	391710	1.880	9400	1.890	20400	1.900	37600	1.910	41400	/16842794//2469093/1315800/1.87/1.87//2008-9-18 13:14:22
40/600076/ST华光/1.870	18090	0.000	0	0.000	0	0.000	0	0.000	0	1.870	417410	1.880	9400	1.890	20400	1.900	37800	1.910	41400	/16842794//2469093/1315800/1.87/1.87//2008-9-18 13:15:22
40/600076/ST华光/1.870	18090	0.000	0	0.000	0	0.000	0	0.000	0	1.870	419910	1.880	9400	1.890	20400	1.900	37800	1.910	41400	/16842794//2469093/1315800/1.87/1.87//2008-9-18 13:16:23
40/600076/ST华光/1.870	18090	0.000	0	0.000	0	0.000	0	0.000	0	1.870	411210	1.880	9400	1.890	20400	1.900	37800	1.910	41400	/16842794//2472833/1317800/1.87/1.87//2008-9-18 13:17:23
40/600076/ST华光/1.870	18090	0.000	0	0.000	0	0.000	0	0.000	0	1.870	411210	1.880	9400	1.890	20400	1.900	37800	1.910	41400	/16842794//2472833/1317800/1.87/1.87//2008-9-18 13:18:24
40/600076/ST华光/1.870	18090	0.000	0	0.000	0	0.000	0	0.000	0	1.870	413210	1.880	9400	1.890	20400	1.900	37800	1.910	41400	/16842794//2473020/1317900/1.87/1.87//2008-9-18 13:19:24
40/600076/ST华光/1.870	18090	0.000	0	0.000	0	0.000	0	0.000	0	1.870	433210	1.880	9400	1.890	20400	1.900	37800	1.910	41400	/16842794//2473020/1317900/1.87/1.87//2008-9-18 13:20:25
40/600076/ST华光/1.870	18090	0.000	0	0.000	0	0.000	0	0.000	0	1.870	433210	1.880	9400	1.890	20400	1.900	37800	1.910	41400	/16842794//2473020/1317900/1.87/1.87//2008-9-18 13:21:25
40/600076/ST华光/1.870	18090	0.000	0	0.000	0	0.000	0	0.000	0	1.870	433910	1.880	9400	1.890	20400	1.900	37800	1.910	41400	/16842794//2473581/1318200/1.87/1.87//2008-9-18 13:22:26
40/600076/ST华光/1.870	18090	0.000	0	0.000	0	0.000	0	0.000	0	1.870	435610	1.880	9400	1.890	20400	1.900	37800	1.910	41400	/16842794//2473955/1318400/1.87/1.87//2008-9-18 13:23:26
40/600076/ST华光/1.870	18090	0.000	0	0.000	0	0.000	0	0.000	0	1.870	431210	1.880	9400	1.890	20400	1.900	38300	1.910	41400	/16842794//2492655/1328400/1.87/1.87//2008-9-18 13:24:27
40/600076/ST华光/1.870	18090	0.000	0	0.000	0	0.000	0	0.000	0	1.870	429510	1.880	9400	1.890	20400	1.900	38300	1.910	41400	/16842794//2495834/1330100/1.87/1.87//2008-9-18 13:25:27
40/600076/ST华光/1.870	18090	0.000	0	0.000	0	0.000	0	0.000	0	1.870	424110	1.880	9400	1.890	20400	1.900	38300	1.910	41400	/16842794//2505932/1335500/1.87/1.87//2008-9-18 13:26:28
40/600076/ST华光/1.870	18090	0.000	0	0.000	0	0.000	0	0.000	0	1.870	398210	1.880	8400	1.890	20400	1.900	38300	1.910	41400	/16842794//2506493/1335800/1.87/1.87//2008-9-18 13:27:28
40/600076/ST华光/1.870	18090	0.000	0	0.000	0	0.000	0	0.000	0	1.870	377210	1.880	8400	1.890	20400	1.900	38300	1.910	41400	/16842794//2506493/1335800/1.87/1.87//2008-9-18 13:28:29
40/600076/ST华光/1.870	18090	0.000	0	0.000	0	0.000	0	0.000	0	1.870	377210	1.880	8400	1.890	20400	1.900	38300	1.910	41400	/16842794//2506493/1335800/1.87/1.87//2008-9-18 13:29:29
40/600076/ST华光/1.870	18090	0.000	0	0.000	0	0.000	0	0.000	0	1.870	366810	1.880	8400	1.890	20400	1.900	38300	1.910	41400	/16842794//2525754/1346100/1.87/1.87//2008-9-18 13:30:30
40/600076/ST华光/1.870	18090	0.000	0	0.000	0	0.000	0	0.000	0	1.870	357310	1.880	8400	1.890	20400	1.900	38300	1.910	41400	/16842794//2543519/1355600/1.87/1.87//2008-9-18 13:31:30
40/600076/ST华光/1.870	18090	0.000	0	0.000	0	0.000	0	0.000	0	1.870	355010	1.880	7400	1.890	20400	1.900	38300	1.910	41400	/16842794//2544828/1356300/1.87/1.87//2008-9-18 13:32:31
40/600076/ST华光/1.870	18090	0.000	0	0.000	0	0.000	0	0.000	0	1.870	348410	1.880	7400	1.890	20400	1.900	38300	1.910	41400	/16842794//2546511/1357200/1.87/1.87//2008-9-18 13:33:31
40/600076/ST华光/1.870	18090	0.000	0	0.000	0	0.000	0	0.000	0	1.870	348410	1.880	7400	1.890	20400	1.900	38300	1.910	41400	/16842794//2546511/1357200/1.87/1.87//2008-9-18 13:34:32
40/600076/ST华光/1.870	18090	0.000	0	0.000	0	0.000	0	0.000	0	1.870	335410	1.880	7400	1.890	20400	1.900	38300	1.910	41400	/16842794//2561471/1365200/1.87/1.87//2008-9-18 13:35:32
40/600076/ST华光/1.870	18090	0.000	0	0.000	0	0.000	0	0.000	0	1.870	277810	1.880	7400	1.890	20400	1.900	38300	1.910	41400	/16842794//2753333/1467800/1.87/1.87//2008-9-18 13:36:33
40/600076/ST华光/1.870	18090	0.000	0	0.000	0	0.000	0	0.000	0	1.870	47600	1.880	6800	1.890	20000	1.900	38000	1.910	40500	/16842794//3158188/1684300/1.87/1.87//2008-9-18 13:37:34
40/600076/ST华光/1.870	67200	0.000	0	0.000	0	0.000	0	0.000	0	1.890	15700	1.900	38000	1.910	10500	1.920	15500	1.930	20000	/16842794//3220666/1717700/1.89/1.87//2008-9-18 13:38:34
40/600076/ST华光/1.880	500	1.870	67500	0.000	0	0.000	0	0.000	0	1.890	1300	1.900	38000	1.910	10500	1.920	15500	1.930	15000	/16842794//3238432/1727100/1.89/1.87//2008-9-18 13:39:35
40/600076/ST华光/1.890	7600	1.880	2600	1.870	51700	0.000	0	0.000	0	1.900	53300	1.910	10500	1.920	15500	1.930	15000	1.950	20400	/16842794//3247504/1731900/1.89/1.87//2008-9-18 13:40:35
40/600076/ST华光/1.880	2600	1.870	64200	0.000	0	0.000	0	0.000	0	1.890	400	1.900	34500	1.910	10500	1.920	15500	1.930	15000	/16842794//3257332/1737100/1.89/1.87//2008-9-18 13:41:36
40/600076/ST华光/1.870	78300	0.000	0	0.000	0	0.000	0	0.000	0	1.880	49600	1.890	13410	1.900	38800	1.910	10500	1.920	15500	/16842794//3268425/1743000/1.88/1.87//2008-9-18 13:42:36
40/600076/ST华光/1.870	63500	0.000	0	0.000	0	0.000	0	0.000	0	1.880	44300	1.890	13410	1.900	34500	1.910	10500	1.920	15700	/16842794//3316163/1768500/1.88/1.87//2008-9-18 13:43:37
40/600076/ST华光/1.880	2100	1.870	72300	0.000	0	0.000	0	0.000	0	1.890	17710	1.900	34500	1.910	10500	1.920	15700	1.930	15000	/16842794//3406186/1816400/1.87/1.87//2008-9-18 13:44:37
40/600076/ST华光/1.880	7200	1.870	84600	0.000	0	0.000	0	0.000	0	1.890	8410	1.900	34500	1.910	10500	1.920	15700	1.930	15000	/16842794//3407696/1817200/1.89/1.87//2008-9-18 13:45:38
40/600076/ST华光/1.890	24490	1.880	7100	1.870	84800	0.000	0	0.000	0	1.900	34500	1.910	10500	1.920	15700	1.930	15000	1.950	40500	/16842794//3423591/1825610/1.89/1.87//2008-9-18 13:46:39
40/600076/ST华光/1.890	9700	1.880	7100	1.870	85800	0.000	0	0.000	0	1.900	22400	1.910	10500	1.920	15700	1.930	15000	1.950	40500	/16842794//3490461/1860810/1.9/1.87//2008-9-18 13:47:39
40/600076/ST华光/1.890	9700	1.880	7200	1.870	85800	0.000	0	0.000	0	1.900	51800	1.910	4900	1.920	15700	1.930	15000	1.950	50500	/16842794//3552457/1893410/1.9/1.87//2008-9-18 13:48:40
40/600076/ST华光/1.890	9200	1.880	5400	1.870	79800	0.000	0	0.000	0	1.900	62100	1.910	6000	1.920	16700	1.930	15000	1.950	50500	/16842794//3554547/1894510/1.9/1.87//2008-9-18 13:49:40
40/600076/ST华光/1.870	65800	0.000	0	0.000	0	0.000	0	0.000	0	1.880	100	1.890	4600	1.900	63500	1.910	6000	1.920	17700	/16842794//3581899/1909010/1.88/1.87//2008-9-18 13:50:41
40/600076/ST华光/1.870	86300	0.000	0	0.000	0	0.000	0	0.000	0	1.880	1600	1.890	2500	1.900	61200	1.910	6000	1.920	17700	/16842794//3600324/1918810/1.88/1.87//2008-9-18 13:51:41
40/600076/ST华光/1.870	56600	0.000	0	0.000	0	0.000	0	0.000	0	1.880	6500	1.890	2500	1.900	59800	1.910	6000	1.920	17700	/16842794//3661799/1951710/1.87/1.87//2008-9-18 13:52:42
40/600076/ST华光/1.870	52600	0.000	0	0.000	0	0.000	0	0.000	0	1.880	4500	1.890	2500	1.900	59800	1.910	6000	1.920	17700	/16842794//3685174/1964210/1.87/1.87//2008-9-18 13:53:42
40/600076/ST华光/1.870	75000	0.000	0	0.000	0	0.000	0	0.000	0	1.880	5400	1.890	2500	1.900	54800	1.910	6000	1.920	17700	/16842794//3685362/1964310/1.88/1.87//2008-9-18 13:54:43
40/600076/ST华光/1.870	47700	0.000	0	0.000	0	0.000	0	0.000	0	1.880	15400	1.890	4500	1.900	54800	1.910	7000	1.920	17700	/16842794//3711542/1978310/1.87/1.87//2008-9-18 13:55:44
40/600076/ST华光/1.870	49900	0.000	0	0.000	0	0.000	0	0.000	0	1.880	15400	1.890	4500	1.900	54800	1.910	7000	1.920	17700	/16842794//3701070/1972710/1.87/1.87//2008-9-18 13:56:44
40/600076/ST华光/1.870	70600	0.000	0	0.000	0	0.000	0	0.000	0	1.880	14800	1.890	4400	1.900	54800	1.910	7000	1.920	17700	/16842794//3702572/1973510/1.88/1.87//2008-9-18 13:57:45
40/600076/ST华光/1.870	68800	0.000	0	0.000	0	0.000	0	0.000	0	1.880	15300	1.890	4400	1.900	54800	1.910	7000	1.920	17700	/16842794//3706312/1975510/1.87/1.87//2008-9-18 13:58:45
40/600076/ST华光/1.870	53500	0.000	0	0.000	0	0.000	0	0.000	0	1.880	13000	1.890	12200	1.900	54800	1.910	7000	1.920	17700	/16842794//3735110/1990910/1.87/1.87//2008-9-18 13:59:46
40/600076/ST华光/1.870	43500	0.000	0	0.000	0	0.000	0	0.000	0	1.880	1000	1.890	12200	1.900	56800	1.910	7000	1.920	17700	/16842794//3758979/2003610/1.87/1.87//2008-9-18 14:0:47
40/600076/ST华光/1.870	18400	0.000	0	0.000	0	0.000	0	0.000	0	1.880	900	1.890	12200	1.900	56800	1.910	7000	1.920	17700	/16842794//3773753/2011510/1.87/1.87//2008-9-18 14:1:47
40/600076/ST华光/1.870	30900	0.000	0	0.000	0	0.000	0	0.000	0	1.880	900	1.890	12200	1.900	56800	1.910	7000	1.920	17700	/16842794//3791705/2021110/1.87/1.87//2008-9-18 14:2:48
40/600076/ST华光/1.870	48900	0.000	0	0.000	0	0.000	0	0.000	0	1.880	2100	1.890	12200	1.900	56800	1.910	7000	1.920	17700	/16842794//3799205/2025110/1.87/1.87//2008-9-18 14:3:48
40/600076/ST华光/1.870	59000	0.000	0	0.000	0	0.000	0	0.000	0	1.880	2500	1.890	12400	1.900	58200	1.910	7000	1.920	17500	/16842794//3800521/2025810/1.88/1.87//2008-9-18 14:4:49
40/600076/ST华光/1.870	60600	0.000	0	0.000	0	0.000	0	0.000	0	1.880	2600	1.890	12400	1.900	58200	1.910	7000	1.920	17500	/16842794//3800521/2025810/1.88/1.87//2008-9-18 14:5:50
40/600076/ST华光/1.870	50600	0.000	0	0.000	0	0.000	0	0.000	0	1.880	2600	1.890	14400	1.900	62300	1.910	7000	1.920	17500	/16842794//3800521/2025810/1.88/1.87//2008-9-18 14:6:50
40/600076/ST华光/1.870	35700	0.000	0	0.000	0	0.000	0	0.000	0	1.880	4300	1.890	14400	1.900	11600	1.910	7000	1.920	17500	/16842794//3834587/2044010/1.87/1.87//2008-9-18 14:7:51
40/600076/ST华光/1.870	60000	0.000	0	0.000	0	0.000	0	0.000	0	1.880	3350	1.890	14400	1.900	11600	1.910	7000	1.920	17500	/16842794//3836655/2045110/1.88/1.87//2008-9-18 14:8:51
40/600076/ST华光/1.870	60000	0.000	0	0.000	0	0.000	0	0.000	0	1.880	2550	1.890	14400	1.900	11600	1.910	7000	1.920	17500	/16842794//3840039/2046910/1.88/1.87//2008-9-18 14:9:52
40/600076/ST华光/1.880	37550	1.870	60000	0.000	0	0.000	0	0.000	0	1.890	12200	1.900	11600	1.910	7000	1.920	17500	1.930	15000	/16842794//3849743/2052060/1.89/1.87//2008-9-18 14:10:53
40/600076/ST华光/1.890	19400	1.880	20000	1.870	60000	0.000	0	0.000	0	1.900	17300	1.910	7000	1.920	16500	1.930	15000	1.950	33700	/16842794//3872801/2064260/1.89/1.87//2008-9-18 14:11:53
40/600076/ST华光/1.880	20300	1.870	60200	0.000	0	0.000	0	0.000	0	1.900	800	1.910	37000	1.920	16500	1.930	15000	1.950	33700	/16842794//3906981/2082260/1.9/1.87//2008-9-18 14:12:54
40/600076/ST华光/1.900	500	1.880	20300	1.870	60200	0.000	0	0.000	0	1.910	6600	1.920	16500	1.930	15000	1.940	500	1.950	33700	/16842794//3914965/2086460/1.91/1.87//2008-9-18 14:13:55
40/600076/ST华光/1.900	600	1.880	25400	1.870	67500	0.000	0	0.000	0	1.910	1300	1.920	46500	1.930	15000	1.940	5500	1.950	33700	/16842794//3928330/2093460/1.91/1.87//2008-9-18 14:14:55
40/600076/ST华光/1.900	100	1.880	25600	1.870	69500	0.000	0	0.000	0	1.910	1500	1.920	4000	1.930	15000	1.940	5500	1.950	33700	/16842794//4040194/2151860/1.92/1.87//2008-9-18 14:15:56
40/600076/ST华光/1.910	1000	1.900	100	1.890	400	1.880	27600	1.870	69500	1.920	4000	1.930	15000	1.940	5500	1.950	33700	1.960	5100	/16842794//4040576/2152060/1.91/1.87//2008-9-18 14:16:56
40/600076/ST华光/1.900	100	1.890	1400	1.880	27700	1.870	69400	0.000	0	1.920	34000	1.930	15000	1.940	6500	1.950	34700	1.960	5100	/16842794//4044396/2154060/1.91/1.87//2008-9-18 14:17:57
40/600076/ST华光/1.910	600	1.900	100	1.890	1400	1.880	48500	1.870	65600	1.920	37200	1.930	15000	1.940	6500	1.950	34700	1.960	5100	/16842794//4044396/2154060/1.91/1.87//2008-9-18 14:18:58
40/600076/ST华光/1.880	26400	1.870	65600	0.000	0	0.000	0	0.000	0	1.890	18800	1.920	33000	1.930	15000	1.940	6500	1.950	34700	/16842794//4051810/2157960/1.89/1.87//2008-9-18 14:19:58
40/600076/ST华光/1.890	20400	1.880	24400	1.870	76100	0.000	0	0.000	0	1.910	5000	1.920	34000	1.930	15000	1.940	8000	1.950	50500	/16842794//4095847/2181260/1.89/1.87//2008-9-18 14:20:59
40/600076/ST华光/1.910	22000	1.900	21800	1.890	29100	1.880	34400	1.870	76100	1.920	32700	1.930	15000	1.940	8000	1.950	33700	1.960	5400	/16842794//4107893/2187560/1.92/1.87//2008-9-18 14:22:0
40/600076/ST华光/1.910	42300	1.900	6400	1.890	28300	1.880	34400	1.870	83700	1.920	33700	1.930	15000	1.940	5500	1.950	33700	1.960	5400	/16842794//4121525/2194660/1.92/1.87//2008-9-18 14:23:0
40/600076/ST华光/1.910	71200	1.900	8400	1.890	19800	1.880	34300	1.870	83700	1.920	30300	1.930	15000	1.940	5500	1.950	32700	1.960	5400	/16842794//4130727/2199460/1.92/1.87//2008-9-18 14:24:1
40/600076/ST华光/1.920	2800	1.910	44800	1.900	8300	1.890	19800	1.880	34300	1.930	14900	1.940	5500	1.950	24700	1.960	5400	1.970	10870	/16842794//4187758/2229160/1.93/1.87//2008-9-18 14:25:2
40/600076/ST华光/1.910	50400	1.900	3300	1.890	19800	1.880	29300	1.870	79900	1.920	9700	1.930	15050	1.940	6600	1.950	24700	1.960	5400	/16842794//4204850/2238060/1.92/1.87//2008-9-18 14:26:2
40/600076/ST华光/1.930	11800	1.920	500	1.910	20400	1.900	3300	1.890	19800	1.940	5850	1.950	24700	1.960	5400	1.970	11170	1.980	20600	/16842794//4288370/2281360/1.94/1.87//2008-9-18 14:27:3
40/600076/ST华光/1.930	8200	1.910	20400	1.900	6100	1.890	35400	1.880	29300	1.940	11950	1.950	24700	1.960	9800	1.970	11170	1.980	20600	/16842794//4295513/2285060/1.94/1.87//2008-9-18 14:28:4
40/600076/ST华光/1.930	1150	1.910	17800	1.900	6100	1.890	35400	1.880	29300	1.940	13200	1.950	25700	1.960	10800	1.970	16170	1.980	20600	/16842794//4377009/2327110/1.93/1.87//2008-9-18 14:29:4
40/600076/ST华光/1.910	14800	1.900	19200	1.890	9400	1.880	29300	1.870	80200	1.930	16200	1.940	20100	1.950	25700	1.960	10800	1.970	17170	/16842794//4375848/2326560/1.93/1.87//2008-9-18 14:30:5
40/600076/ST华光/1.910	7400	1.900	19200	1.890	9400	1.880	29300	1.870	85200	1.930	21700	1.940	21500	1.950	25700	1.960	10800	1.970	17170	/16842794//4379668/2328560/1.91/1.87//2008-9-18 14:31:6
40/600076/ST华光/1.920	100	1.910	5300	1.900	26700	1.890	9300	1.880	29300	1.930	21650	1.940	21500	1.950	25700	1.960	10800	1.970	17170	/16842794//4385973/2331860/1.91/1.87//2008-9-18 14:32:6
40/600076/ST华光/1.920	100	1.910	12300	1.900	26700	1.890	14300	1.880	29300	1.930	20950	1.940	31500	1.950	48500	1.960	10800	1.970	17170	/16842794//4383313/2330460/1.93/1.87//2008-9-18 14:33:7
40/600076/ST华光/1.910	14800	1.900	25600	1.890	14300	1.880	39300	1.870	83200	1.930	21850	1.940	34500	1.950	48500	1.960	10800	1.970	30970	/16842794//4386976/2332360/1.93/1.87//2008-9-18 14:34:8
40/600076/ST华光/1.910	15800	1.900	25600	1.890	14300	1.880	39800	1.870	83200	1.920	2850	1.940	34500	1.950	48500	1.960	10500	1.970	30970	/16842794//4428664/2353960/1.93/1.87//2008-9-18 14:35:8
40/600076/ST华光/1.910	14800	1.900	25500	1.890	15100	1.880	39800	1.870	83200	1.920	1850	1.930	20500	1.940	34500	1.950	48500	1.960	10500	/16842794//4434424/2356960/1.92/1.87//2008-9-18 14:36:9
40/600076/ST华光/1.910	12500	1.900	16500	1.890	11100	1.880	39800	1.870	83200	1.920	1150	1.930	24900	1.940	31100	1.950	48500	1.960	10500	/16842794//4438264/2358960/1.92/1.87//2008-9-18 14:37:10
40/600076/ST华光/1.910	8100	1.900	16900	1.890	11100	1.880	39800	1.870	83200	1.920	750	1.930	24900	1.940	31100	1.950	49000	1.960	10500	/16842794//4444940/2362460/1.92/1.87//2008-9-18 14:38:10
40/600076/ST华光/1.910	8100	1.900	16900	1.890	10200	1.880	39800	1.870	83300	1.920	3850	1.930	24400	1.940	30100	1.950	49000	1.960	10500	/16842794//4446284/2363160/1.92/1.87//2008-9-18 14:39:11
40/600076/ST华光/1.900	17900	1.890	10200	1.880	39800	1.870	86100	0.000	0	1.910	4800	1.920	18250	1.930	21000	1.940	20100	1.950	49000	/16842794//4461946/2371360/1.91/1.87//2008-9-18 14:40:12
40/600076/ST华光/1.900	15200	1.890	10200	1.880	41800	1.870	86100	0.000	0	1.910	38000	1.920	18100	1.930	21000	1.940	20100	1.950	49800	/16842794//4471072/2376160/1.9/1.87//2008-9-18 14:41:12
40/600076/ST华光/1.890	11600	1.880	41300	1.870	86100	0.000	0	0.000	0	1.900	17300	1.910	20000	1.920	15600	1.930	21000	1.940	20100	/16842794//4498622/2390660/1.9/1.87//2008-9-18 14:42:13
40/600076/ST华光/1.880	7700	1.870	90000	0.000	0	0.000	0	0.000	0	1.900	3300	1.910	10000	1.920	19600	1.930	21000	1.940	20100	/16842794//4602138/2445660/1.88/1.87//2008-9-18 14:43:14
40/600076/ST华光/1.870	122700	0.000	0	0.000	0	0.000	0	0.000	0	1.880	4100	1.900	3300	1.910	10000	1.920	19600	1.930	21800	/16842794//4612102/2450960/1.88/1.87//2008-9-18 14:44:14
40/600076/ST华光/1.880	13600	1.870	129700	0.000	0	0.000	0	0.000	0	1.900	3300	1.910	10000	1.920	9600	1.930	21800	1.940	20100	/16842794//4619810/2455060/1.88/1.87//2008-9-18 14:45:15
40/600076/ST华光/1.880	42900	1.870	129500	0.000	0	0.000	0	0.000	0	1.890	10000	1.900	3300	1.910	10000	1.920	19600	1.930	21800	/16842794//4638610/2465060/1.88/1.87//2008-9-18 14:46:16
40/600076/ST华光/1.880	11300	1.870	125600	0.000	0	0.000	0	0.000	0	1.890	4900	1.900	4100	1.910	10000	1.920	20600	1.930	21800	/16842794//4710289/2503160/1.88/1.87//2008-9-18 14:47:16
40/600076/ST华光/1.870	124300	0.000	0	0.000	0	0.000	0	0.000	0	1.880	27600	1.890	4900	1.900	4100	1.910	10000	1.920	23600	/16842794//4733599/2515560/1.87/1.87//2008-9-18 14:48:17
40/600076/ST华光/1.870	81300	0.000	0	0.000	0	0.000	0	0.000	0	1.880	24100	1.890	12900	1.900	5100	1.910	12000	1.920	23600	/16842794//4852567/2579160/1.88/1.87//2008-9-18 14:49:18
40/600076/ST华光/1.870	81400	0.000	0	0.000	0	0.000	0	0.000	0	1.880	26000	1.890	12900	1.900	5100	1.910	12000	1.920	23600	/16842794//4852943/2579360/1.88/1.87//2008-9-18 14:50:18
40/600076/ST华光/1.870	8200	0.000	0	0.000	0	0.000	0	0.000	0	1.880	22400	1.890	12900	1.900	5100	1.910	12000	1.920	23600	/16842794//5011064/2663860/1.87/1.87//2008-9-18 14:51:19
40/600076/ST华光/1.870	8200	0.000	0	0.000	0	0.000	0	0.000	0	1.870	43600	1.880	17200	1.890	13900	1.900	1800	1.910	12000	/16842794//5026959/2672360/1.87/1.87//2008-9-18 14:52:20
40/600076/ST华光/1.870	8200	0.000	0	0.000	0	0.000	0	0.000	0	1.870	16200	1.880	17200	1.890	13900	1.900	1800	1.910	12000	/16842794//5089791/2705960/1.87/1.87//2008-9-18 14:53:21
40/600076/ST华光/1.870	45800	0.000	0	0.000	0	0.000	0	0.000	0	1.880	11600	1.890	13900	1.900	1800	1.910	12000	1.920	18600	/16842794//5130426/2727660/1.88/1.87//2008-9-18 14:54:21
40/600076/ST华光/1.870	40300	0.000	0	0.000	0	0.000	0	0.000	0	1.880	1000	1.890	13900	1.900	1800	1.910	12000	1.920	19600	/16842794//5152234/2739260/1.88/1.87//2008-9-18 14:55:22
40/600076/ST华光/1.870	47100	0.000	0	0.000	0	0.000	0	0.000	0	1.880	20500	1.890	3000	1.900	1800	1.910	12000	1.920	49600	/16842794//5190774/2759760/1.88/1.87//2008-9-18 14:56:23
40/600076/ST华光/1.870	30900	0.000	0	0.000	0	0.000	0	0.000	0	1.870	49100	1.880	40400	1.890	1000	1.900	1800	1.910	12000	/16842794//5253617/2793360/1.87/1.87//2008-9-18 14:57:23
40/600076/ST华光/1.870	30900	0.000	0	0.000	0	0.000	0	0.000	0	1.870	54700	1.880	41600	1.890	1000	1.900	1800	1.910	12000	/16842794//5299432/2817860/1.87/1.87//2008-9-18 14:58:24
40/600076/ST华光/1.870	30900	0.000	0	0.000	0	0.000	0	0.000	0	1.870	11200	1.880	41600	1.890	6000	1.900	1800	1.910	12000	/16842794//5380777/2861360/1.87/1.87//2008-9-18 14:59:25
40/600076/ST华光/1.870	40100	0.000	0	0.000	0	0.000	0	0.000	0	1.880	41500	1.890	8000	1.900	1800	1.910	12000	1.920	49600	/16842794//5408267/2876060/1.87/1.87//2008-9-18 15:0:26
40/600076/ST华光/1.870	40100	0.000	0	0.000	0	0.000	0	0.000	0	1.880	41500	1.890	8000	1.900	1800	1.910	12000	1.920	49600	/16842794//5408267/2876060/1.87/1.87//2008-9-18 15:1:26
40/600076/ST华光/1.870	40100	0.000	0	0.000	0	0.000	0	0.000	0	1.880	41500	1.890	8000	1.900	1800	1.910	12000	1.920	49600	/16842794//5408267/2876060/1.87/1.87//2008-9-18 15:2:27
