53/600089/特变电工/15.000	11200	14.960	500	14.950	5900	14.900	13600	14.880	4300	15.020	22887	15.100	300	15.130	100	15.140	3100	15.150	11900	/16842807//671660/44800/15.0/15.17//2008-9-18 9:31:34
53/600089/特变电工/14.960	500	14.950	6200	14.900	16100	14.880	4100	14.870	3800	15.000	16020	15.020	8787	15.100	550	15.130	200	15.140	3100	/16842807//1055844/70400/15.0/15.17//2008-9-18 9:32:35
53/600089/特变电工/14.950	9080	14.900	14300	14.880	5100	14.870	3800	14.850	900	14.960	1170	15.000	1100	15.020	3887	15.100	550	15.130	500	/16842807//1438450/95920/15.0/15.17//2008-9-18 9:33:35
53/600089/特变电工/14.960	9910	14.950	8080	14.910	2000	14.900	19000	14.880	8100	15.000	8120	15.020	3887	15.100	550	15.130	500	15.140	2100	/16842807//1483198/98910/15.0/15.17//2008-9-18 9:34:35
53/600089/特变电工/15.000	61180	14.970	300	14.960	10010	14.950	8880	14.910	2200	15.020	4587	15.100	550	15.130	500	15.140	2100	15.150	10000	/16842807//1992038/132830/15.0/15.17//2008-9-18 9:35:35
53/600089/特变电工/14.970	300	14.960	9910	14.950	8880	14.910	2300	14.900	20100	15.000	46160	15.020	2499	15.100	550	15.130	1500	15.140	1800	/16842807//3134980/209010/15.0/15.17//2008-9-18 9:36:36
53/600089/特变电工/14.960	5210	14.950	8980	14.910	2200	14.900	22600	14.880	8100	15.000	30501	15.010	500	15.020	2699	15.050	600	15.100	5650	/16842807//3296721/219810/14.96/15.17//2008-9-18 9:37:36
53/600089/特变电工/15.000	3799	14.970	100	14.960	2990	14.950	8280	14.910	3700	15.010	500	15.020	6699	15.050	2260	15.100	7150	15.130	1500	/16842807//4630427/308731/15.0/15.17//2008-9-18 9:38:36
53/600089/特变电工/14.960	3190	14.950	8380	14.910	4200	14.900	22600	14.880	5700	15.000	14525	15.010	800	15.020	6699	15.050	2260	15.090	2000	/16842807//4909339/327330/14.96/15.17//2008-9-18 9:39:36
53/600089/特变电工/14.980	1255	14.970	200	14.960	5390	14.950	8480	14.910	5800	15.000	36675	15.010	800	15.020	6699	15.050	2260	15.090	2000	/16842807//5073491/338275/14.98/15.17//2008-9-18 9:40:36
53/600089/特变电工/14.970	1300	14.950	5770	14.910	5800	14.900	25700	14.880	5700	14.980	6500	15.000	41620	15.010	800	15.020	6699	15.050	2260	/16842807//5651094/376830/14.95/15.17//2008-9-18 9:41:37
53/600089/特变电工/15.000	62380	14.980	600	14.960	200	14.950	5650	14.910	9700	15.010	800	15.020	4300	15.050	2260	15.100	5080	15.130	1500	/16842807//7363219/490990/15.0/15.17//2008-9-18 9:42:37
53/600089/特变电工/14.980	500	14.960	900	14.950	5650	14.910	9400	14.900	24300	15.000	12520	15.020	3800	15.050	32260	15.100	3600	15.130	1300	/16842807//8013652/534350/14.98/15.17//2008-9-18 9:43:37
53/600089/特变电工/15.080	2700	15.050	2840	15.020	16200	15.010	1200	15.000	155080	15.100	3600	15.130	1300	15.140	1800	15.150	10000	15.170	2600	/16842807//8822081/588130/15.08/15.17//2008-9-18 9:44:37
53/600089/特变电工/15.100	5300	15.080	3000	15.050	3340	15.040	1000	15.020	17900	15.130	1300	15.140	1300	15.150	10000	15.170	3600	15.180	16990	/16842807//8964014/597530/15.1/15.17//2008-9-18 9:45:37
53/600089/特变电工/15.080	3000	15.050	3340	15.040	1000	15.020	11700	15.010	4000	15.100	13150	15.140	600	15.150	10000	15.170	3600	15.180	16690	/16842807//9346351/622830/15.1/15.17//2008-9-18 9:46:38
53/600089/特变电工/15.050	3840	15.040	1000	15.020	700	15.010	4000	15.000	162880	15.080	16790	15.140	800	15.150	10000	15.170	5100	15.180	16690	/16842807//9670937/644330/15.1/15.17//2008-9-18 9:47:38
53/600089/特变电工/15.050	1440	15.040	1000	15.020	700	15.010	4200	15.000	166580	15.080	15190	15.100	30000	15.140	600	15.150	10100	15.170	5700	/16842807//9747755/649430/15.08/15.17//2008-9-18 9:48:38
53/600089/特变电工/15.040	500	15.020	700	15.010	4200	15.000	170280	14.980	6800	15.050	26050	15.080	20699	15.100	32600	15.120	100	15.140	900	/16842807//10277576/684570/15.05/15.17//2008-9-18 9:49:39
53/600089/特变电工/15.000	54030	14.980	7500	14.960	700	14.950	6850	14.910	9000	15.100	4099	15.120	100	15.140	900	15.150	10200	15.170	5700	/16842807//13672534/910420/15.0/15.17//2008-9-18 9:50:39
53/600089/特变电工/15.010	5000	15.000	107030	14.980	7500	14.960	700	14.950	7350	15.070	600	15.080	2600	15.100	34299	15.120	100	15.140	1900	/16842807//13683074/911120/15.04/15.17//2008-9-18 9:51:39
53/600089/特变电工/15.040	500	15.020	500	15.010	9000	15.000	107530	14.980	7500	15.050	300	15.060	200	15.070	4400	15.080	3200	15.090	3200	/16842807//13698120/912120/15.04/15.17//2008-9-18 9:52:39
53/600089/特变电工/15.010	5700	15.000	98730	14.980	7500	14.960	500	14.950	7350	15.020	2400	15.030	100	15.040	1300	15.060	4140	15.070	6400	/16842807//13734187/914520/15.02/15.17//2008-9-18 9:53:40
53/600089/特变电工/15.000	11100	14.980	7500	14.960	500	14.950	6950	14.920	500	15.010	100	15.020	15300	15.030	100	15.040	300	15.060	5140	/16842807//15135696/1007950/15.0/15.17//2008-9-18 9:54:40
53/600089/特变电工/15.000	122400	14.950	5650	14.920	500	14.910	5400	14.900	67800	15.010	400	15.020	13300	15.030	100	15.040	300	15.060	2140	/16842807//15882364/1057750/15.0/15.17//2008-9-18 9:55:40
53/600089/特变电工/15.000	103076	14.960	100	14.950	2750	14.920	700	14.910	6100	15.020	15100	15.030	100	15.040	300	15.050	500	15.060	1940	/16842807//16238260/1081474/15.0/15.17//2008-9-18 9:56:41
53/600089/特变电工/15.010	1500	15.000	95116	14.960	100	14.950	2750	14.920	700	15.020	15100	15.030	100	15.040	300	15.050	500	15.060	2440	/16842807//16413174/1093134/15.0/15.17//2008-9-18 9:57:41
53/600089/特变电工/15.010	2627	15.000	93116	14.960	300	14.950	12150	14.920	900	15.100	1339	15.120	200	15.130	1000	15.140	1100	15.150	10900	/16842807//17641708/1174607/15.1/15.17//2008-9-18 9:58:41
53/600089/特变电工/15.020	3000	15.010	2727	15.000	93116	14.960	400	14.950	12850	15.100	4039	15.120	400	15.140	1700	15.150	10900	15.170	3500	/16842807//17689948/1177807/15.02/15.17//2008-9-18 9:59:41
53/600089/特变电工/15.030	1000	15.020	12500	15.010	2727	15.000	94116	14.960	600	15.080	1690	15.090	300	15.100	43359	15.120	2400	15.140	1700	/16842807//17701972/1178607/15.09/15.17//2008-9-18 10:0:42
53/600089/特变电工/15.000	40513	14.960	2100	14.950	13050	14.920	1600	14.910	17000	15.020	100	15.030	1300	15.070	200	15.080	1000	15.090	2150	/16842807//18776748/1250237/15.02/15.17//2008-9-18 10:1:42
53/600089/特变电工/14.960	600	14.950	10150	14.920	900	14.910	17000	14.900	68300	15.000	32117	15.020	10800	15.030	1100	15.070	1000	15.090	2250	/16842807//19492204/1297950/14.95/15.0//2008-9-18 10:2:42
53/600089/特变电工/14.960	3000	14.950	610	14.920	1000	14.910	17000	14.900	68200	14.980	320	14.990	1300	15.000	34517	15.020	14000	15.030	1100	/16842807//19832198/1320690/14.96/15.0//2008-9-18 10:3:42
53/600089/特变电工/14.990	700	14.980	3800	14.960	2300	14.950	10210	14.920	6300	15.000	39457	15.020	14000	15.030	1100	15.050	2000	15.070	1500	/16842807//19964026/1329490/14.99/15.0//2008-9-18 10:4:43
53/600089/特变电工/14.900	30700	14.880	6300	14.860	1000	14.850	19700	14.840	100	14.950	7090	14.980	3000	14.990	1460	15.000	39657	15.020	14000	/16842807//21210088/1413020/14.9/15.0//2008-9-18 10:5:43
53/600089/特变电工/14.880	1000	14.850	5100	14.830	4600	14.810	2000	14.800	240000	14.900	24900	14.940	7260	14.950	5090	14.980	6200	14.990	1460	/16842807//22843554/1522720/14.88/15.0//2008-9-18 10:6:43
53/600089/特变电工/14.850	2390	14.830	4600	14.820	3000	14.810	23200	14.800	241900	14.900	7500	14.940	3001	14.950	5590	14.960	5000	14.980	6200	/16842807//23932880/1595830/14.94/15.0//2008-9-18 10:7:44
53/600089/特变电工/14.830	4600	14.820	3700	14.810	29900	14.800	242400	14.790	100	14.850	710	14.890	2500	14.900	11000	14.940	3001	14.950	5590	/16842807//23937936/1596210/14.85/15.0//2008-9-18 10:8:44
53/600089/特变电工/14.850	28425	14.830	300	14.820	42300	14.810	35500	14.800	244100	14.890	2530	14.900	11600	14.940	1201	14.950	5590	14.960	5000	/16842807//24289258/1619895/14.85/15.0//2008-9-18 10:9:44
53/600089/特变电工/14.900	35770	14.860	300	14.850	40005	14.830	9800	14.820	42300	14.940	1201	14.950	5590	14.960	5000	14.980	6200	14.990	3960	/16842807//24715424/1648545/14.9/15.0//2008-9-18 10:10:44
53/600089/特变电工/14.900	49089	14.860	6300	14.850	46205	14.830	10200	14.820	13600	14.950	1000	15.000	1221	15.020	13900	15.030	200	15.050	2000	/16842807//26106632/1741626/15.0/15.0//2008-9-18 10:11:45
53/600089/特变电工/14.960	30000	14.950	20000	14.900	63289	14.880	500	14.860	7600	14.990	800	15.000	5421	15.010	8400	15.020	13900	15.030	200	/16842807//26269572/1752526/14.95/15.0//2008-9-18 10:12:45
53/600089/特变电工/14.960	22592	14.950	19600	14.900	63989	14.880	500	14.870	200	14.980	1000	14.990	700	15.000	1181	15.010	9700	15.020	13900	/16842807//26485384/1766934/15.0/15.0//2008-9-18 10:13:45
53/600089/特变电工/15.000	19879	14.980	30600	14.950	19600	14.900	15900	14.880	500	15.010	9700	15.020	13900	15.030	200	15.050	2000	15.070	500	/16842807//26667178/1779055/15.0/15.0//2008-9-18 10:14:46
53/600089/特变电工/15.000	48379	14.980	30600	14.960	200	14.950	19600	14.900	14200	15.010	8600	15.020	12900	15.030	1200	15.050	2000	15.070	500	/16842807//26884696/1793555/15.0/15.0//2008-9-18 10:15:46
53/600089/特变电工/15.000	45799	14.980	30600	14.960	200	14.950	19600	14.900	14200	15.010	7660	15.020	13700	15.030	200	15.050	2000	15.070	500	/16842807//27220416/1815935/15.0/15.0//2008-9-18 10:16:46
53/600089/特变电工/15.000	216309	14.980	30600	14.960	200	14.950	19600	14.900	14100	15.010	14760	15.020	12900	15.030	200	15.050	2000	15.060	400	/16842807//27317800/1822425/15.01/15.0//2008-9-18 10:17:47
53/600089/特变电工/15.010	8400	15.000	197309	14.980	30000	14.960	200	14.950	19600	15.020	2760	15.030	200	15.050	2000	15.060	400	15.070	500	/16842807//28192880/1880725/15.01/15.0//2008-9-18 10:18:47
53/600089/特变电工/15.020	5340	15.010	5000	15.000	217509	14.980	30000	14.960	200	15.050	2000	15.060	1000	15.070	500	15.080	3500	15.090	3050	/16842807//28306404/1888285/15.03/15.0//2008-9-18 10:19:47
53/600089/特变电工/14.960	200	14.950	19500	14.900	14200	14.880	500	14.870	5700	15.000	309881	15.020	300	15.030	200	15.080	3000	15.090	3050	/16842807//32557534/2171734/14.98/15.0//2008-9-18 10:20:48
53/600089/特变电工/14.950	113200	14.900	15200	14.880	700	14.870	5700	14.860	5900	14.960	150600	14.980	23700	14.990	600	15.000	152181	15.020	500	/16842807//34805980/2321634/14.96/15.0//2008-9-18 10:21:48
53/600089/特变电工/15.000	12959	14.960	300	14.950	2700	14.910	1000	14.900	16200	15.020	500	15.030	200	15.080	3200	15.090	4050	15.100	73909	/16842807//41551616/2772175/15.0/15.0//2008-9-18 10:22:48
53/600089/特变电工/15.020	1000	15.000	3259	14.990	5100	14.960	300	14.950	1800	15.030	700	15.050	500	15.080	4900	15.090	11450	15.100	64689	/16842807//41733136/2784275/15.0/15.0//2008-9-18 10:23:48
53/600089/特变电工/14.960	300	14.950	1300	14.910	1500	14.900	18300	14.880	700	14.990	3800	15.000	80550	15.020	1330	15.030	900	15.050	500	/16842807//41947056/2798534/14.99/15.0//2008-9-18 10:24:49
53/600089/特变电工/14.950	1300	14.920	500	14.910	3500	14.900	18300	14.880	700	14.960	1200	14.990	3600	15.000	80810	15.020	1230	15.030	900	/16842807//41954540/2799034/14.96/15.0//2008-9-18 10:25:49
53/600089/特变电工/14.960	400	14.950	1300	14.920	500	14.910	3500	14.900	18200	14.990	4900	15.000	82810	15.020	1430	15.030	900	15.050	500	/16842807//41972492/2800234/14.96/15.0//2008-9-18 10:26:49
53/600089/特变电工/14.950	1300	14.920	500	14.910	3500	14.900	18900	14.880	3000	14.960	5700	14.990	5610	15.000	82810	15.020	1430	15.030	900	/16842807//41981476/2800834/14.96/15.0//2008-9-18 10:27:50
53/600089/特变电工/14.950	1900	14.920	500	14.910	4000	14.900	19200	14.880	3200	14.960	3700	14.980	450	14.990	15160	15.000	85150	15.020	2430	/16842807//42139968/2811434/14.95/15.0//2008-9-18 10:28:50
53/600089/特变电工/14.920	600	14.910	4600	14.900	19200	14.880	3200	14.870	5800	14.930	2520	14.980	450	14.990	16560	15.000	85650	15.010	1900	/16842807//42116040/2809834/14.93/15.0//2008-9-18 10:29:50
53/600089/特变电工/14.930	1000	14.920	7580	14.910	4600	14.900	18700	14.880	3200	14.950	910	14.980	450	14.990	16560	15.000	88210	15.010	1900	/16842807//42162912/2812974/14.92/15.0//2008-9-18 10:30:51
53/600089/特变电工/14.920	8480	14.910	4300	14.900	19700	14.880	1200	14.870	5800	14.930	4400	14.950	810	14.980	450	14.990	16560	15.000	88210	/16842807//42211888/2816254/14.93/15.0//2008-9-18 10:31:51
53/600089/特变电工/14.920	7680	14.910	4300	14.900	19700	14.880	1300	14.870	5800	14.930	4500	14.950	1010	14.980	950	14.990	16560	15.000	88210	/16842807//42211880/2816254/14.93/15.0//2008-9-18 10:32:51
53/600089/特变电工/14.920	880	14.910	4300	14.900	19500	14.880	1300	14.870	5800	14.930	4400	14.950	1010	14.980	950	14.990	16560	15.000	88210	/16842807//42314828/2823154/14.92/15.0//2008-9-18 10:33:52
53/600089/特变电工/14.910	4300	14.900	19700	14.880	1300	14.870	5800	14.860	6900	14.920	4620	14.930	3400	14.950	810	14.980	2550	14.990	16560	/16842807//42327956/2824034/14.92/15.0//2008-9-18 10:34:52
53/600089/特变电工/14.910	2100	14.900	20100	14.880	1000	14.870	5800	14.860	6900	14.920	5570	14.930	3400	14.950	1310	14.980	2100	14.990	16560	/16842807//42377160/2827334/14.91/15.0//2008-9-18 10:35:52
53/600089/特变电工/14.900	20500	14.880	800	14.870	5800	14.860	6900	14.850	28905	14.910	900	14.920	5470	14.930	4500	14.950	1310	14.980	2600	/16842807//42424872/2830534/14.91/15.0//2008-9-18 10:36:53
53/600089/特变电工/14.900	12700	14.880	800	14.870	5800	14.860	6900	14.850	28905	14.910	3400	14.920	6470	14.930	4500	14.950	1310	14.980	2600	/16842807//42530676/2837634/14.9/15.0//2008-9-18 10:37:53
53/600089/特变电工/14.900	19	14.880	1100	14.870	5800	14.860	1900	14.850	28905	14.910	2900	14.920	3020	14.930	4500	14.950	1310	14.960	1456	/16842807//42731552/2851115/14.9/15.0//2008-9-18 10:38:53
53/600089/特变电工/14.900	4239	14.880	1100	14.870	5800	14.860	2200	14.850	28905	14.910	600	14.920	3020	14.930	4500	14.950	1310	14.960	1456	/16842807//42862376/2859895/14.9/15.0//2008-9-18 10:39:54
53/600089/特变电工/14.890	200	14.880	1000	14.870	4839	14.860	2200	14.850	29405	14.910	2400	14.920	3000	14.930	4500	14.940	800	14.950	1310	/16842807//43008248/2869695/14.87/15.0//2008-9-18 10:40:54
53/600089/特变电工/14.900	46	14.880	1043	14.870	4839	14.860	7200	14.850	29105	14.910	3400	14.920	4000	14.930	4500	14.940	800	14.950	2310	/16842807//43079880/2874506/14.9/15.0//2008-9-18 10:41:54
53/600089/特变电工/14.880	1443	14.870	4839	14.860	7300	14.850	29105	14.830	6600	14.900	2654	14.910	3400	14.920	4000	14.930	4500	14.950	2310	/16842807//43260856/2886652/14.9/15.0//2008-9-18 10:42:55
53/600089/特变电工/14.880	443	14.870	4839	14.860	7300	14.850	29705	14.830	6600	14.890	3800	14.900	2154	14.910	3000	14.920	4000	14.930	4500	/16842807//43296616/2889052/14.89/15.0//2008-9-18 10:43:55
53/600089/特变电工/14.890	4167	14.880	2300	14.870	4739	14.860	7300	14.850	28705	14.900	2254	14.910	1000	14.920	4000	14.930	4500	14.950	2310	/16842807//43393036/2895528/14.89/15.0//2008-9-18 10:44:56
53/600089/特变电工/14.890	9467	14.880	2300	14.870	7839	14.860	8300	14.850	29105	14.900	3954	14.910	1000	14.920	4000	14.930	4500	14.950	2310	/16842807//43409420/2896628/14.89/15.0//2008-9-18 10:45:56
53/600089/特变电工/14.890	2867	14.880	2900	14.870	7839	14.860	8400	14.850	29105	14.900	5554	14.910	1000	14.920	4100	14.930	4500	14.950	2310	/16842807//43521108/2904128/14.89/15.0//2008-9-18 10:46:56
53/600089/特变电工/14.870	3639	14.860	8400	14.850	29105	14.830	7600	14.820	14900	14.880	610	14.890	33	14.900	6254	14.910	2000	14.920	4100	/16842807//43778100/2921395/14.87/15.0//2008-9-18 10:47:57
53/600089/特变电工/14.860	6097	14.850	28605	14.830	7600	14.820	14900	14.810	19000	14.870	6200	14.880	4370	14.890	3433	14.900	8454	14.910	1000	/16842807//43856036/2926637/14.86/15.0//2008-9-18 10:48:57
53/600089/特变电工/14.830	7600	14.820	14900	14.810	19000	14.800	151000	14.790	400	14.850	38385	14.860	6239	14.870	4200	14.880	2710	14.890	3433	/16842807//44371424/2961339/14.85/15.0//2008-9-18 10:49:57
53/600089/特变电工/14.820	14400	14.810	19000	14.800	148600	14.790	400	14.780	1400	14.830	340	14.850	36885	14.860	3339	14.870	4200	14.880	2400	/16842807//44511720/2970799/14.83/15.0//2008-9-18 10:50:58
53/600089/特变电工/14.820	5830	14.810	19500	14.800	149100	14.790	400	14.780	1800	14.830	8160	14.850	34965	14.860	3203	14.870	4200	14.880	400	/16842807//44790792/2989609/14.82/15.0//2008-9-18 10:51:58
53/600089/特变电工/14.820	1310	14.810	1630	14.800	154300	14.790	400	14.780	1800	14.830	1580	14.850	39165	14.860	3203	14.870	4200	14.880	800	/16842807//45239524/3019899/14.82/15.0//2008-9-18 10:52:58
53/600089/特变电工/14.800	6022	14.790	100	14.780	1500	14.770	300	14.750	2800	14.810	3749	14.820	16590	14.830	460	14.850	38465	14.860	3003	/16842807//47416916/3167017/14.81/15.0//2008-9-18 10:53:59
53/600089/特变电工/14.770	9380	14.750	3500	14.740	10900	14.710	2800	14.700	5900	14.780	9300	14.790	400	14.800	10828	14.810	4749	14.820	15536	/16842807//47665896/3183859/14.77/15.0//2008-9-18 10:54:59
53/600089/特变电工/14.740	1910	14.710	4600	14.700	23300	14.680	200	14.660	27800	14.750	14100	14.770	1123	14.780	6500	14.790	600	14.800	6848	/16842807//48205680/3220429/14.75/15.0//2008-9-18 10:56:0
53/600089/特变电工/14.710	4700	14.700	24300	14.680	200	14.660	27800	14.650	300	14.740	12090	14.750	23700	14.770	4123	14.780	5300	14.790	600	/16842807//48323652/3228439/14.71/15.0//2008-9-18 10:57:0
53/600089/特变电工/14.680	200	14.670	500	14.660	27800	14.650	600	14.630	5300	14.700	22869	14.710	24720	14.720	5700	14.740	7690	14.750	27849	/16842807//48843080/3263770/14.7/15.0//2008-9-18 10:58:0
53/600089/特变电工/14.660	7700	14.630	15000	14.620	1500	14.610	2300	14.600	62000	14.680	2530	14.690	2000	14.700	33829	14.710	18420	14.720	5700	/16842807//49270784/3292939/14.68/15.0//2008-9-18 10:59:1
53/600089/特变电工/14.630	4940	14.620	4500	14.610	2800	14.600	62100	14.590	500	14.650	200	14.660	17800	14.670	2900	14.680	22075	14.690	4200	/16842807//49586540/3314499/14.63/15.0//2008-9-18 11:0:1
53/600089/特变电工/14.600	12388	14.590	500	14.580	5900	14.570	1000	14.560	400	14.610	5600	14.620	20652	14.630	7047	14.640	3000	14.650	8800	/16842807//50559992/3381151/14.6/15.0//2008-9-18 11:1:2
53/600089/特变电工/14.570	3480	14.560	400	14.550	17400	14.530	1300	14.520	400	14.590	10890	14.600	63061	14.610	35500	14.620	22952	14.630	2400	/16842807//51031380/3413459/14.59/15.0//2008-9-18 11:2:2
53/600089/特变电工/14.500	15048	14.450	2500	14.420	5200	14.410	500	14.400	4000	14.510	5260	14.520	500	14.540	2505	14.550	13200	14.560	14100	/16842807//51988788/3479391/14.5/15.0//2008-9-18 11:3:2
53/600089/特变电工/14.310	1070	14.300	3000	14.280	7200	14.210	3200	14.200	2600	14.350	86889	14.400	400	14.420	1500	14.450	14301	14.490	5800	/16842807//52463828/3512269/14.31/15.0//2008-9-18 11:4:3
53/600089/特变电工/14.210	3200	14.200	13700	14.180	14200	14.160	300	14.150	28700	14.280	28140	14.290	500	14.300	8010	14.310	3624	14.340	2000	/16842807//53093508/3556339/14.28/15.0//2008-9-18 11:5:3
53/600089/特变电工/14.220	400	14.210	300	14.200	12456	14.180	19700	14.160	1100	14.250	1600	14.260	2300	14.270	130	14.280	9057	14.300	10010	/16842807//53973988/3618283/14.25/15.0//2008-9-18 11:6:4
53/600089/特变电工/14.260	15300	14.250	3050	14.240	2100	14.230	700	14.220	3130	14.280	4720	14.300	10610	14.310	1900	14.390	200	14.400	3700	/16842807//54366380/3645827/14.25/15.0//2008-9-18 11:7:4
53/600089/特变电工/14.300	35601	14.280	18438	14.260	17540	14.250	6450	14.240	15600	14.310	1100	14.390	1200	14.400	3200	14.450	1	14.490	5000	/16842807//54742412/3672148/14.3/15.0//2008-9-18 11:8:4
53/600089/特变电工/14.400	21556	14.390	4200	14.350	2900	14.330	1000	14.320	12700	14.450	101	14.490	5000	14.500	14767	14.510	5000	14.540	19000	/16842807//55102108/3697236/14.4/15.0//2008-9-18 11:9:5
53/600089/特变电工/14.450	12749	14.430	1000	14.410	6700	14.400	22756	14.390	5500	14.480	2600	14.490	500	14.500	12417	14.510	5000	14.540	19000	/16842807//55215176/3705043/14.48/15.0//2008-9-18 11:10:5
53/600089/特变电工/14.450	2239	14.430	2000	14.410	6700	14.400	21856	14.390	5300	14.490	17900	14.500	14817	14.510	5000	14.540	19000	14.550	700	/16842807//55520536/3726153/14.49/15.0//2008-9-18 11:11:6
53/600089/特变电工/14.430	2000	14.410	7700	14.400	21156	14.390	5200	14.350	100	14.450	10421	14.470	2200	14.480	15730	14.490	33200	14.500	14817	/16842807//55613652/3732592/14.45/15.0//2008-9-18 11:12:6
53/600089/特变电工/14.390	5200	14.350	9200	14.330	500	14.320	11500	14.310	14700	14.400	10404	14.410	20454	14.450	25460	14.470	3100	14.480	11070	/16842807//56241484/3776148/14.4/15.0//2008-9-18 11:13:7
53/600089/特变电工/14.310	10160	14.300	37301	14.280	2438	14.260	14540	14.250	3650	14.350	7700	14.400	7760	14.410	5230	14.440	500	14.450	25300	/16842807//57141984/3838888/14.31/15.0//2008-9-18 11:14:7
53/600089/特变电工/14.260	13518	14.250	3250	14.240	13600	14.230	2500	14.220	19630	14.280	2200	14.300	50486	14.350	600	14.380	1300	14.390	900	/16842807//57932552/3894169/14.26/15.0//2008-9-18 11:15:7
53/600089/特变电工/14.280	3500	14.270	500	14.260	16918	14.250	12750	14.240	13600	14.300	686	14.350	600	14.380	500	14.390	300	14.400	8600	/16842807//58802348/3955009/14.28/15.0//2008-9-18 11:16:8
53/600089/特变电工/14.350	100	14.310	2800	14.300	59644	14.290	100	14.280	4400	14.380	500	14.400	8600	14.440	500	14.450	25300	14.470	1200	/16842807//58886136/3960865/14.35/15.0//2008-9-18 11:17:8
53/600089/特变电工/14.350	30000	14.320	200	14.310	10400	14.300	77444	14.290	100	14.390	8750	14.400	2000	14.440	500	14.450	24800	14.470	1200	/16842807//59068936/3973565/14.39/15.0//2008-9-18 11:18:9
53/600089/特变电工/14.350	24780	14.320	8200	14.310	10400	14.300	77644	14.290	100	14.400	310	14.440	1500	14.450	25800	14.470	1200	14.480	2100	/16842807//59388468/3995785/14.4/15.0//2008-9-18 11:19:9
53/600089/特变电工/14.360	100	14.310	1800	14.300	22024	14.290	100	14.280	6500	14.390	200	14.400	14770	14.410	200	14.440	1500	14.450	25800	/16842807//60549852/4076885/14.4/15.0//2008-9-18 11:20:10
53/600089/特变电工/14.320	6700	14.310	4300	14.300	35224	14.290	100	14.280	16800	14.350	1500	14.360	39600	14.380	2000	14.390	2200	14.400	14970	/16842807//60704928/4087685/14.32/15.0//2008-9-18 11:21:10
53/600089/特变电工/14.320	12700	14.310	4300	14.300	35124	14.290	300	14.280	16800	14.360	2400	14.380	2000	14.390	2200	14.400	20870	14.410	200	/16842807//61338056/4131785/14.32/15.0//2008-9-18 11:22:10
53/600089/特变电工/14.290	300	14.280	16800	14.270	10600	14.260	20518	14.250	5750	14.300	476	14.310	11600	14.320	430	14.350	10000	14.360	2400	/16842807//62103784/4185309/14.3/15.0//2008-9-18 11:23:11
53/600089/特变电工/14.310	7124	14.290	400	14.280	16800	14.270	10600	14.260	19718	14.320	430	14.350	10000	14.360	2400	14.390	2200	14.400	20270	/16842807//63036104/4250485/14.31/15.0//2008-9-18 11:24:11
53/600089/特变电工/14.300	1100	14.280	1428	14.270	10600	14.260	19718	14.250	6150	14.310	930	14.320	2860	14.350	10000	14.360	2400	14.390	2200	/16842807//63447268/4279251/14.32/15.0//2008-9-18 11:25:12
53/600089/特变电工/14.300	15300	14.280	1428	14.270	10600	14.260	19718	14.250	5950	14.310	1400	14.320	1890	14.350	10000	14.360	2900	14.390	2000	/16842807//63605032/4290281/14.3/15.0//2008-9-18 11:26:12
53/600089/特变电工/14.260	13526	14.250	5950	14.240	13600	14.230	300	14.220	18530	14.300	10500	14.310	6600	14.320	1390	14.350	10260	14.360	2900	/16842807//64112404/4325801/14.26/15.0//2008-9-18 11:27:13
53/600089/特变电工/14.260	52626	14.240	10400	14.230	300	14.220	18530	14.210	4876	14.300	5300	14.310	3000	14.320	2390	14.350	10460	14.360	2900	/16842807//64948936/4384451/14.26/15.0//2008-9-18 11:28:13
53/600089/特变电工/14.260	37602	14.250	2000	14.240	10300	14.230	2000	14.220	18530	14.300	6570	14.310	1000	14.320	2390	14.340	1800	14.350	10460	/16842807//65272996/4407175/14.26/15.0//2008-9-18 11:29:14
53/600089/特变电工/14.260	32102	14.250	2000	14.240	10300	14.230	2000	14.220	18030	14.300	7310	14.310	1000	14.320	2390	14.340	1800	14.350	10460	/16842807//65502900/4423275/14.26/15.0//2008-9-18 11:30:14
53/600089/特变电工/14.260	32102	14.250	2000	14.240	10300	14.230	2000	14.220	18030	14.300	7310	14.310	1000	14.320	2390	14.340	1800	14.350	10460	/16842807//65502900/4423275/14.26/15.0//2008-9-18 11:31:15
53/600089/特变电工/14.220	17330	14.210	3176	14.200	60000	14.190	26600	14.180	14900	14.230	5983	14.240	20130	14.250	1505	14.260	24685	14.290	2500	/16842807//66361064/4483477/14.23/15.0//2008-9-18 13:1:15
53/600089/特变电工/14.250	28069	14.240	33000	14.220	11730	14.210	3176	14.200	59800	14.260	7613	14.290	2500	14.300	9105	14.320	1390	14.340	500	/16842807//67190608/4541708/14.25/15.0//2008-9-18 13:2:16
53/600089/特变电工/14.240	33000	14.230	500	14.220	12530	14.210	4176	14.200	59600	14.250	5183	14.260	1677	14.290	2500	14.300	9105	14.320	1390	/16842807//68065424/4603094/14.25/15.0//2008-9-18 13:3:16
53/600089/特变电工/14.300	4618	14.250	22117	14.240	33200	14.230	800	14.220	12530	14.320	1390	14.340	500	14.350	12060	14.360	2900	14.390	1000	/16842807//68321760/4621042/14.3/15.0//2008-9-18 13:4:17
53/600089/特变电工/14.260	600	14.250	12035	14.240	33200	14.230	800	14.220	12630	14.300	1000	14.320	1390	14.330	400	14.340	500	14.350	12060	/16842807//68609912/4641242/14.26/15.0//2008-9-18 13:5:17
53/600089/特变电工/14.260	2050	14.250	9875	14.240	36800	14.230	800	14.220	12630	14.300	1300	14.310	2000	14.320	2390	14.330	400	14.340	500	/16842807//68846768/4657852/14.26/15.0//2008-9-18 13:6:18
53/600089/特变电工/14.250	15433	14.240	3600	14.230	800	14.220	12630	14.210	3176	14.310	1700	14.320	2390	14.330	400	14.340	500	14.350	13359	/16842807//69232104/4684844/14.25/15.0//2008-9-18 13:7:18
53/600089/特变电工/14.350	34091	14.310	300	14.300	200	14.260	2100	14.250	15333	14.360	1200	14.390	1000	14.400	17210	14.410	200	14.440	1700	/16842807//69556368/4707453/14.36/15.0//2008-9-18 13:8:19
53/600089/特变电工/14.350	30021	14.310	500	14.300	20800	14.260	4100	14.250	15933	14.360	3000	14.390	1000	14.400	17210	14.410	200	14.440	1700	/16842807//69642056/4713423/14.35/15.0//2008-9-18 13:9:19
53/600089/特变电工/14.350	31433	14.310	500	14.300	32200	14.260	3100	14.250	29633	14.380	3100	14.390	1200	14.400	17210	14.410	200	14.440	1200	/16842807//69769648/4722311/14.35/15.0//2008-9-18 13:10:20
53/600089/特变电工/14.350	25321	14.310	500	14.300	33500	14.260	1100	14.250	29933	14.380	210	14.390	1100	14.400	17210	14.410	200	14.440	1200	/16842807//70146392/4748523/14.35/15.0//2008-9-18 13:11:20
53/600089/特变电工/14.410	1700	14.400	38880	14.380	5300	14.360	700	14.350	25321	14.440	500	14.450	3300	14.460	800	14.470	1200	14.480	7006	/16842807//70486504/4772143/14.41/15.0//2008-9-18 13:12:21
53/600089/特变电工/14.400	41480	14.380	4800	14.360	700	14.350	25321	14.320	500	14.410	660	14.440	9300	14.450	3300	14.460	1300	14.470	1200	/16842807//70525408/4774843/14.41/15.0//2008-9-18 13:13:21
53/600089/特变电工/14.440	3300	14.400	36027	14.360	700	14.350	25721	14.320	500	14.450	5300	14.460	1300	14.470	1200	14.480	7106	14.490	12910	/16842807//71022664/4809296/14.44/15.0//2008-9-18 13:14:22
53/600089/特变电工/14.400	50927	14.360	700	14.350	25721	14.320	500	14.310	500	14.420	5500	14.430	300	14.440	14342	14.450	5600	14.460	1600	/16842807//71094856/4814296/14.4/15.0//2008-9-18 13:15:22
53/600089/特变电工/14.400	25279	14.360	700	14.350	25721	14.320	500	14.310	300	14.410	1500	14.420	5000	14.440	14052	14.450	4900	14.460	6600	/16842807//71478600/4840944/14.41/15.0//2008-9-18 13:16:23
53/600089/特变电工/14.360	1240	14.350	25221	14.320	500	14.310	300	14.300	33400	14.400	44931	14.410	2000	14.420	5000	14.430	200	14.440	12880	/16842807//71967312/4874883/14.4/15.0//2008-9-18 13:17:23
53/600089/特变电工/14.400	28583	14.360	940	14.350	24921	14.320	500	14.310	400	14.420	5000	14.430	200	14.440	13380	14.450	6700	14.460	7600	/16842807//73043224/4949600/14.4/15.0//2008-9-18 13:18:24
53/600089/特变电工/14.400	31283	14.360	1240	14.350	24921	14.320	500	14.310	400	14.420	10830	14.430	200	14.440	13380	14.450	4820	14.460	7600	/16842807//73103712/4953800/14.4/15.0//2008-9-18 13:19:24
53/600089/特变电工/14.360	342	14.350	24921	14.320	500	14.310	800	14.300	33400	14.400	16750	14.410	2000	14.420	10830	14.430	200	14.440	12880	/16842807//73597320/4988081/14.36/15.0//2008-9-18 13:20:25
53/600089/特变电工/14.360	922	14.350	24921	14.310	800	14.300	33500	14.280	500	14.400	5130	14.440	10	14.450	4820	14.460	7600	14.470	1200	/16842807//74368728/5041601/14.4/15.0//2008-9-18 13:21:25
53/600089/特变电工/14.360	922	14.350	24921	14.310	800	14.300	34500	14.290	100	14.390	4229	14.400	5890	14.440	610	14.450	4620	14.460	2600	/16842807//74424736/5045501/14.36/15.0//2008-9-18 13:22:26
53/600089/特变电工/14.400	37324	14.360	500	14.350	500	14.310	16400	14.300	34600	14.440	610	14.450	4620	14.460	2600	14.470	1200	14.480	7106	/16842807//75973928/5153420/14.4/15.0//2008-9-18 13:23:26
53/600089/特变电工/14.410	100	14.400	28424	14.360	1800	14.350	800	14.310	600	14.440	210	14.450	2320	14.460	2600	14.470	1200	14.480	7106	/16842807//76133792/5164520/14.44/15.0//2008-9-18 13:24:27
53/600089/特变电工/14.460	52300	14.450	30700	14.440	1090	14.410	1300	14.400	29324	14.500	2127	14.510	6400	14.550	700	14.560	6100	14.570	600	/16842807//76716208/5204730/14.46/15.0//2008-9-18 13:25:27
53/600089/特变电工/14.510	4300	14.500	2173	14.480	4400	14.470	700	14.460	54100	14.520	500	14.550	1000	14.560	6100	14.570	600	14.580	500	/16842807//76883408/5216257/14.51/15.0//2008-9-18 13:26:28
53/600089/特变电工/14.530	100	14.520	7900	14.510	8800	14.500	61473	14.480	4400	14.550	800	14.560	6100	14.570	600	14.580	500	14.590	1300	/16842807//76929872/5219457/14.52/15.0//2008-9-18 13:27:28
53/600089/特变电工/14.520	2900	14.510	8300	14.500	60273	14.480	4400	14.470	700	14.530	2700	14.550	4000	14.560	5000	14.570	600	14.580	500	/16842807//77060584/5228457/14.52/15.0//2008-9-18 13:28:29
53/600089/特变电工/14.510	6400	14.500	60173	14.470	700	14.460	11300	14.450	30000	14.520	100	14.530	3430	14.550	3900	14.560	5000	14.570	600	/16842807//77173832/5236257/14.51/15.0//2008-9-18 13:29:29
53/600089/特变电工/14.500	59510	14.470	700	14.460	11300	14.450	30000	14.440	9300	14.530	1900	14.550	2300	14.560	5000	14.570	600	14.580	1000	/16842807//77260744/5242247/14.5/15.0//2008-9-18 13:30:30
53/600089/特变电工/14.500	58310	14.480	200	14.470	600	14.460	11300	14.450	30000	14.510	600	14.520	200	14.530	1900	14.550	1800	14.560	5000	/16842807//77310056/5245647/14.5/15.0//2008-9-18 13:31:30
53/600089/特变电工/14.480	200	14.470	600	14.460	11300	14.450	30000	14.440	9300	14.500	22790	14.510	2200	14.530	1900	14.550	1800	14.560	5000	/16842807//78206312/5307457/14.5/15.0//2008-9-18 13:32:31
53/600089/特变电工/14.500	24710	14.480	600	14.470	1100	14.460	11900	14.450	30000	14.510	2100	14.520	500	14.530	1900	14.550	1930	14.560	5000	/16842807//78863016/5352747/14.51/15.0//2008-9-18 13:33:31
53/600089/特变电工/14.510	2010	14.500	2400	14.480	1100	14.470	1000	14.460	11300	14.520	500	14.530	1900	14.550	51930	14.560	5000	14.570	600	/16842807//79641688/5406447/14.51/15.0//2008-9-18 13:34:32
53/600089/特变电工/14.500	4110	14.490	600	14.480	11900	14.470	600	14.460	11700	14.530	1700	14.550	1430	14.560	5000	14.570	600	14.580	1000	/16842807//81188896/5513147/14.5/15.0//2008-9-18 13:35:32
53/600089/特变电工/14.550	1070	14.540	500	14.530	47800	14.500	30310	14.490	100	14.600	30542	14.610	1000	14.620	10010	14.660	1548	14.680	2100	/16842807//81545056/5537577/14.6/15.0//2008-9-18 13:36:33
53/600089/特变电工/14.580	200	14.570	200	14.560	200	14.550	6500	14.540	500	14.600	17102	14.610	1000	14.620	8110	14.660	1548	14.680	2100	/16842807//81820968/5556477/14.58/15.0//2008-9-18 13:37:34
53/600089/特变电工/14.560	8600	14.550	3600	14.540	600	14.530	47800	14.500	30800	14.600	5902	14.610	1000	14.620	8110	14.660	2548	14.680	2100	/16842807//82028240/5570677/14.56/15.0//2008-9-18 13:38:34
53/600089/特变电工/14.580	1800	14.570	100	14.560	10000	14.550	4100	14.540	600	14.590	600	14.600	10202	14.610	1000	14.620	8110	14.660	2548	/16842807//82140600/5578377/14.59/15.0//2008-9-18 13:39:35
53/600089/特变电工/14.620	11090	14.610	700	14.600	6668	14.590	600	14.580	27300	14.660	1948	14.680	1600	14.690	400	14.700	5469	14.710	15000	/16842807//82518080/5604219/14.66/15.0//2008-9-18 13:40:35
53/600089/特变电工/14.620	25190	14.610	800	14.600	18968	14.590	300	14.580	26800	14.660	448	14.680	1600	14.690	3000	14.700	5869	14.710	15000	/16842807//82569312/5607719/14.66/15.0//2008-9-18 13:41:36
53/600089/特变电工/14.630	852	14.620	24970	14.610	700	14.600	18968	14.590	100	14.640	1000	14.670	100	14.680	1600	14.690	3000	14.700	8469	/16842807//82614216/5610787/14.63/15.0//2008-9-18 13:42:36
53/600089/特变电工/14.680	2300	14.650	800	14.640	700	14.630	1652	14.620	24270	14.700	6369	14.710	15000	14.740	10000	14.750	10600	14.770	1500	/16842807//82684664/5615587/14.7/15.0//2008-9-18 13:43:37
53/600089/特变电工/14.710	13800	14.700	10931	14.690	3300	14.680	3100	14.660	300	14.740	10000	14.750	10600	14.770	1500	14.780	6640	14.790	2370	/16842807//83057680/5640956/14.7/15.0//2008-9-18 13:44:37
53/600089/特变电工/14.770	5000	14.760	100	14.750	21800	14.740	5800	14.720	3000	14.800	8758	14.810	1200	14.820	600	14.830	260	14.840	200	/16842807//83973640/5703006/14.77/15.0//2008-9-18 13:45:38
53/600089/特变电工/14.810	8700	14.800	17042	14.790	1000	14.780	6300	14.770	8200	14.820	300	14.830	260	14.840	5200	14.850	9000	14.860	2753	/16842807//84115144/5712564/14.82/15.0//2008-9-18 13:46:39
53/600089/特变电工/14.850	240	14.840	500	14.820	12100	14.810	5600	14.800	17942	14.860	1753	14.880	1400	14.890	4333	14.900	2454	14.910	1000	/16842807//84476568/5736924/14.85/15.0//2008-9-18 13:47:39
53/600089/特变电工/14.850	1440	14.840	1300	14.820	13600	14.810	5000	14.800	4542	14.860	3173	14.890	200	14.900	2554	14.910	1000	14.920	3000	/16842807//84834840/5761024/14.86/15.0//2008-9-18 13:48:40
53/600089/特变电工/14.890	6100	14.880	14727	14.870	2000	14.860	6300	14.850	1440	14.900	3554	14.910	1000	14.920	5000	14.930	3600	14.940	1200	/16842807//85115760/5779897/14.9/15.0//2008-9-18 13:49:40
53/600089/特变电工/14.860	4627	14.850	1440	14.840	300	14.820	7900	14.810	3000	14.880	200	14.890	5300	14.900	18344	14.910	2200	14.920	5000	/16842807//85505672/5806097/14.86/15.0//2008-9-18 13:50:41
53/600089/特变电工/14.810	1400	14.800	4042	14.790	1000	14.780	3500	14.770	1500	14.850	110	14.860	26962	14.870	200	14.880	15900	14.890	10200	/16842807//85757384/5823064/14.85/15.0//2008-9-18 13:51:41
53/600089/特变电工/14.790	6000	14.780	3500	14.770	21000	14.760	300	14.750	21900	14.800	8158	14.810	2900	14.820	600	14.830	2000	14.850	3300	/16842807//86471376/5871206/14.8/15.0//2008-9-18 13:52:42
53/600089/特变电工/14.740	5000	14.720	1701	14.710	2100	14.700	10100	14.690	3300	14.750	18380	14.790	2900	14.800	10058	14.810	1150	14.830	3800	/16842807//87712592/5955305/14.72/15.0//2008-9-18 13:53:42
53/600089/特变电工/14.720	5201	14.710	7600	14.700	14500	14.690	3400	14.680	3200	14.740	22727	14.750	19800	14.790	2900	14.800	9558	14.810	1150	/16842807//87948440/5971305/14.74/15.0//2008-9-18 13:54:43
53/600089/特变电工/14.730	1300	14.720	2301	14.710	8600	14.700	14600	14.690	3400	14.740	20127	14.750	20550	14.790	2900	14.800	9558	14.810	1150	/16842807//88066288/5979305/14.74/15.0//2008-9-18 13:55:44
53/600089/特变电工/14.720	1500	14.710	7174	14.700	15600	14.690	3400	14.680	3200	14.730	25200	14.740	500	14.750	17650	14.790	2900	14.800	9158	/16842807//88822488/6030632/14.73/15.0//2008-9-18 13:56:44
53/600089/特变电工/14.720	2600	14.710	11174	14.700	15700	14.690	3400	14.680	3200	14.730	12100	14.750	45330	14.790	2900	14.800	9158	14.810	1150	/16842807//89442680/6072732/14.73/15.0//2008-9-18 13:57:45
53/600089/特变电工/14.690	3400	14.680	3200	14.650	20700	14.610	700	14.600	11068	14.700	2926	14.720	4400	14.730	7400	14.750	45430	14.800	9158	/16842807//90076200/6115806/14.7/15.0//2008-9-18 13:58:45
53/600089/特变电工/14.710	1300	14.700	44074	14.690	3400	14.680	3200	14.650	21000	14.750	6730	14.800	9158	14.810	1150	14.830	2300	14.850	2600	/16842807//90841744/6167732/14.75/15.0//2008-9-18 13:59:46
53/600089/特变电工/14.700	7974	14.690	3100	14.680	4200	14.650	21100	14.640	200	14.750	29659	14.800	9158	14.810	1150	14.830	2300	14.850	2500	/16842807//91694872/6225732/14.75/15.0//2008-9-18 14:0:47
53/600089/特变电工/14.730	500	14.720	1600	14.710	600	14.700	7474	14.690	3100	14.740	800	14.750	34659	14.800	6158	14.810	1150	14.830	2300	/16842807//92081120/6251932/14.73/15.0//2008-9-18 14:1:47
53/600089/特变电工/14.710	1000	14.700	53074	14.690	3400	14.680	25200	14.650	21100	14.720	200	14.730	1000	14.740	800	14.750	34659	14.800	6158	/16842807//92708904/6294632/14.71/15.0//2008-9-18 14:2:48
53/600089/特变电工/14.690	2100	14.680	25200	14.650	21100	14.610	20900	14.600	9068	14.700	81024	14.710	1300	14.720	2600	14.740	1300	14.750	34859	/16842807//93611160/6356006/14.7/15.0//2008-9-18 14:3:48
53/600089/特变电工/14.700	287	14.690	2500	14.680	13376	14.650	20500	14.610	21100	14.750	1200	14.800	6158	14.810	1150	14.830	2300	14.850	2600	/16842807//97839224/6643543/14.7/15.0//2008-9-18 14:4:49
53/600089/特变电工/14.680	13576	14.650	20500	14.610	21200	14.600	9468	14.590	100	14.750	36313	14.800	58988	14.810	1150	14.830	2300	14.850	2600	/16842807//100863016/6849230/14.75/15.0//2008-9-18 14:5:50
53/600089/特变电工/14.700	1600	14.690	16300	14.680	13776	14.650	20500	14.610	21500	14.740	24300	14.750	38113	14.800	58988	14.810	1150	14.830	2300	/16842807//101883256/6918630/14.7/15.0//2008-9-18 14:6:50
53/600089/特变电工/14.740	1000	14.710	4600	14.700	15600	14.690	17300	14.680	13776	14.750	40000	14.800	43201	14.810	1150	14.830	2300	14.850	2600	/16842807//103666008/7039530/14.8/15.0//2008-9-18 14:7:51
53/600089/特变电工/14.740	21100	14.720	3700	14.710	6500	14.700	53600	14.690	16300	14.800	521	14.810	500	14.830	2300	14.850	2800	14.860	1000	/16842807//104985408/7128830/14.8/15.0//2008-9-18 14:8:51
53/600089/特变电工/14.780	500	14.770	1000	14.750	4900	14.740	1100	14.720	700	14.790	200	14.800	41981	14.810	1500	14.830	2300	14.850	12700	/16842807//105575408/7168830/14.75/15.0//2008-9-18 14:9:52
53/600089/特变电工/14.790	6000	14.770	1100	14.750	6700	14.740	1100	14.720	200	14.800	43981	14.810	1500	14.830	4300	14.850	12700	14.860	1000	/16842807//106787528/7250730/14.8/15.0//2008-9-18 14:10:53
53/600089/特变电工/14.790	4500	14.770	1100	14.750	7500	14.740	1100	14.720	200	14.800	17181	14.810	1500	14.830	4300	14.850	11700	14.870	200	/16842807//107203408/7278830/14.8/15.0//2008-9-18 14:11:53
53/600089/特变电工/14.790	4200	14.770	1100	14.750	7300	14.740	1100	14.720	200	14.800	2881	14.810	400	14.830	4300	14.850	11700	14.870	200	/16842807//107603024/7305830/14.8/15.0//2008-9-18 14:12:54
53/600089/特变电工/14.790	1200	14.770	1100	14.750	4500	14.740	1100	14.720	200	14.800	40681	14.810	400	14.830	4300	14.850	11700	14.870	200	/16842807//107679960/7311030/14.79/15.0//2008-9-18 14:13:55
53/600089/特变电工/14.740	1200	14.720	200	14.710	1100	14.700	14600	14.680	13776	14.750	41400	14.780	200	14.790	10000	14.800	40681	14.810	400	/16842807//107833448/7321430/14.75/15.0//2008-9-18 14:14:55
53/600089/特变电工/14.720	2500	14.710	2500	14.700	11600	14.680	14376	14.650	500	14.740	7900	14.750	41400	14.780	200	14.790	10000	14.800	681	/16842807//107861456/7323330/14.74/15.0//2008-9-18 14:15:56
53/600089/特变电工/14.700	640	14.680	14376	14.650	500	14.620	700	14.610	1300	14.740	10200	14.750	41400	14.780	200	14.790	10000	14.800	681	/16842807//108171176/7344390/14.7/15.0//2008-9-18 14:16:56
53/600089/特变电工/14.710	2840	14.700	3340	14.690	1000	14.680	16776	14.650	500	14.740	10000	14.750	41400	14.780	200	14.790	10000	14.800	681	/16842807//108177952/7344850/14.74/15.0//2008-9-18 14:17:57
53/600089/特变电工/14.720	1300	14.710	500	14.700	3600	14.690	3200	14.680	17176	14.740	9900	14.750	24300	14.780	200	14.790	10000	14.800	681	/16842807//108727600/7382150/14.74/15.0//2008-9-18 14:18:58
53/600089/特变电工/14.730	500	14.720	3900	14.710	1500	14.700	2800	14.690	2800	14.750	12700	14.780	200	14.790	10000	14.800	981	14.810	400	/16842807//109345320/7424050/14.75/15.0//2008-9-18 14:19:58
53/600089/特变电工/14.740	3600	14.730	1400	14.720	3200	14.710	1300	14.700	3400	14.750	30400	14.810	81	14.830	4300	14.850	11500	14.870	200	/16842807//110421536/7496950/14.75/15.0//2008-9-18 14:20:59
53/600089/特变电工/14.810	5600	14.800	55519	14.790	11200	14.780	1000	14.760	700	14.870	2000	14.900	4600	14.910	1000	14.920	3000	14.930	3600	/16842807//111555408/7573531/14.9/15.0//2008-9-18 14:22:0
53/600089/特变电工/14.920	1900	14.910	3400	14.900	8800	14.890	400	14.870	10200	14.930	2900	14.940	1000	14.950	1000	14.960	1456	14.970	1400	/16842807//111714872/7584231/14.93/15.0//2008-9-18 14:23:0
53/600089/特变电工/14.990	1000	14.950	5900	14.940	2200	14.930	73300	14.920	10400	15.000	6335	15.010	1900	15.020	1400	15.030	400	15.050	200	/16842807//113519856/7704631/15.0/15.0//2008-9-18 14:24:1
53/600089/特变电工/15.020	200	15.010	700	15.000	11265	14.990	4400	14.950	5400	15.030	400	15.050	100	15.070	300	15.080	3600	15.090	2750	/16842807//112986504/7669066/15.02/15.0//2008-9-18 14:25:2
53/600089/特变电工/15.050	1800	15.030	1100	15.020	3100	15.010	200	15.000	26065	15.080	200	15.090	2850	15.100	30120	15.120	100	15.130	2300	/16842807//113238040/7685766/15.08/15.0//2008-9-18 14:26:2
53/600089/特变电工/15.010	500	15.000	15600	14.990	1800	14.950	4900	14.940	3700	15.020	2200	15.070	2100	15.080	3710	15.090	1350	15.100	30220	/16842807//113543528/7706066/15.05/15.0//2008-9-18 14:27:3
53/600089/特变电工/15.000	33510	14.990	1800	14.950	1400	14.940	1500	14.930	9300	15.020	2099	15.030	1100	15.050	4890	15.070	2100	15.080	5410	/16842807//113636416/7712256/15.01/15.0//2008-9-18 14:28:4
53/600089/特变电工/15.010	2940	15.000	13409	14.990	1100	14.950	1400	14.940	1100	15.020	600	15.030	1100	15.050	6290	15.070	2100	15.080	5110	/16842807//114028912/7738417/15.01/15.0//2008-9-18 14:29:4
53/600089/特变电工/15.000	12159	14.990	1100	14.950	1600	14.940	1100	14.930	6300	15.010	1300	15.020	1100	15.030	1000	15.050	9890	15.070	100	/16842807//114165336/7747507/15.0/15.0//2008-9-18 14:30:5
53/600089/特变电工/15.000	2859	14.950	21600	14.940	1100	14.930	6300	14.920	8700	15.010	1500	15.020	4000	15.030	1000	15.050	6730	15.070	100	/16842807//114910800/7797207/15.0/15.0//2008-9-18 14:31:6
53/600089/特变电工/14.950	22000	14.940	1100	14.930	6300	14.920	8700	14.910	2900	15.000	21151	15.010	1100	15.020	2100	15.030	1000	15.050	17230	/16842807//114971680/7801266/14.95/15.0//2008-9-18 14:32:6
53/600089/特变电工/15.000	26440	14.950	21900	14.940	1100	14.930	6300	14.920	8700	15.010	400	15.020	2100	15.030	1000	15.050	16730	15.070	100	/16842807//115394064/7829426/15.01/15.0//2008-9-18 14:33:7
53/600089/特变电工/14.990	1000	14.960	200	14.950	23300	14.940	1100	14.930	6300	15.000	3401	15.010	400	15.020	1800	15.030	1000	15.050	16830	/16842807//115849168/7859766/15.0/15.0//2008-9-18 14:34:8
53/600089/特变电工/14.990	500	14.950	13200	14.940	1100	14.930	6300	14.920	8700	15.000	6281	15.010	1700	15.020	1500	15.030	1300	15.040	200	/16842807//116511616/7903966/15.0/15.0//2008-9-18 14:35:8
53/600089/特变电工/14.990	1200	14.960	3000	14.950	13200	14.940	1100	14.930	6300	15.000	2501	15.010	1200	15.020	1500	15.030	1300	15.040	200	/16842807//117345616/7959566/14.99/15.0//2008-9-18 14:36:9
53/600089/特变电工/15.000	26699	14.990	1200	14.960	3000	14.950	13600	14.940	1100	15.010	1200	15.020	1500	15.030	1300	15.040	200	15.050	15830	/16842807//117411632/7963967/15.0/15.0//2008-9-18 14:37:10
53/600089/特变电工/14.990	1100	14.960	700	14.950	13600	14.940	1100	14.930	6800	15.000	11691	15.010	1600	15.020	6500	15.030	1300	15.040	200	/16842807//117866112/7994266/14.99/15.0//2008-9-18 14:38:10
53/600089/特变电工/14.960	600	14.950	13600	14.940	1100	14.930	6800	14.920	8700	14.990	1111	15.000	30600	15.010	1700	15.020	6800	15.030	1700	/16842807//118190088/8015866/14.96/15.0//2008-9-18 14:39:11
53/600089/特变电工/14.950	13800	14.940	1100	14.930	6000	14.920	8700	14.910	3100	14.960	2600	14.990	3111	15.000	34000	15.010	1700	15.020	7000	/16842807//118248512/8019766/14.99/15.0//2008-9-18 14:40:12
53/600089/特变电工/14.930	6000	14.920	8700	14.910	3100	14.900	4200	14.870	200	14.940	800	14.950	9900	14.960	2000	14.990	9511	15.000	58840	/16842807//118486200/8035666/14.94/15.0//2008-9-18 14:41:12
53/600089/特变电工/14.920	8700	14.910	3100	14.900	31200	14.870	200	14.850	100	14.930	1700	14.940	8900	14.990	2400	15.000	55755	15.010	1700	/16842807//118912696/8064166/15.0/15.0//2008-9-18 14:42:13
53/600089/特变电工/14.930	900	14.920	8700	14.910	4100	14.900	31200	14.870	200	14.940	9500	14.980	300	14.990	1800	15.000	55955	15.010	1700	/16842807//118933600/8065566/14.94/15.0//2008-9-18 14:43:14
53/600089/特变电工/14.920	9100	14.910	3100	14.900	31200	14.870	200	14.850	100	14.930	1741	14.940	6900	14.980	300	14.990	2400	15.000	60655	/16842807//118988872/8069266/14.93/15.0//2008-9-18 14:44:14
53/600089/特变电工/14.930	13659	14.920	5600	14.910	3500	14.900	31700	14.870	300	14.940	6400	14.980	300	14.990	2700	15.000	69715	15.010	1700	/16842807//119032784/8072207/14.94/15.0//2008-9-18 14:45:15
53/600089/特变电工/14.930	10500	14.920	5600	14.910	4000	14.900	31800	14.870	500	14.940	5000	14.980	300	14.990	2700	15.000	86115	15.010	1700	/16842807//119185112/8082407/14.94/15.0//2008-9-18 14:46:16
53/600089/特变电工/14.930	4100	14.920	5200	14.910	4000	14.900	31800	14.870	400	14.940	1900	14.960	3000	14.980	300	14.990	2800	15.000	89365	/16842807//119300104/8090107/14.93/15.0//2008-9-18 14:47:16
53/600089/特变电工/14.870	400	14.850	600	14.820	500	14.810	600	14.800	14400	14.900	14000	14.930	12932	14.940	100	14.980	1800	14.990	4228	/16842807//119967896/8134907/14.9/15.0//2008-9-18 14:48:17
53/600089/特变电工/14.820	500	14.810	700	14.800	15000	14.790	600	14.760	300	14.840	300	14.850	900	14.870	400	14.900	75720	14.920	4930	/16842807//119997632/8136907/14.85/15.0//2008-9-18 14:49:18
53/600089/特变电工/14.750	1400	14.740	1600	14.730	200	14.700	3300	14.690	600	14.790	1000	14.800	33000	14.820	300	14.840	850	14.850	12832	/16842807//120296472/8157107/14.79/15.0//2008-9-18 14:50:18
53/600089/特变电工/14.700	1550	14.690	400	14.680	1600	14.650	500	14.630	200	14.750	500	14.790	1510	14.800	36500	14.820	200	14.840	800	/16842807//120428328/8166057/14.7/15.0//2008-9-18 14:51:19
53/600089/特变电工/14.690	900	14.680	1600	14.650	500	14.630	200	14.620	700	14.700	31550	14.740	100	14.750	2300	14.790	1510	14.800	38800	/16842807//120571696/8175807/14.7/15.0//2008-9-18 14:52:20
53/600089/特变电工/14.680	3500	14.660	2000	14.650	500	14.630	200	14.620	1400	14.700	20850	14.740	100	14.750	4300	14.790	1510	14.800	39300	/16842807//120743672/8187507/14.7/15.0//2008-9-18 14:53:21
53/600089/特变电工/14.690	100	14.680	5400	14.660	2000	14.650	1500	14.630	200	14.700	10150	14.740	100	14.750	4300	14.780	200	14.790	2310	/16842807//121074392/8210007/14.7/15.0//2008-9-18 14:54:21
53/600089/特变电工/14.660	2000	14.650	2500	14.630	3000	14.620	900	14.610	3400	14.690	960	14.700	14130	14.740	100	14.750	55300	14.780	200	/16842807//121237424/8221107/14.69/15.0//2008-9-18 14:55:22
53/600089/特变电工/14.700	400	14.690	200	14.680	2200	14.670	600	14.660	4900	14.710	1000	14.740	1100	14.750	55000	14.780	200	14.790	800	/16842807//121524048/8240607/14.7/15.0//2008-9-18 14:56:23
53/600089/特变电工/14.690	800	14.680	3200	14.670	1900	14.660	4800	14.650	3500	14.700	7800	14.710	1000	14.740	1800	14.750	56000	14.780	200	/16842807//121638704/8248407/14.7/15.0//2008-9-18 14:57:23
53/600089/特变电工/14.680	7600	14.670	1900	14.660	4600	14.650	2700	14.630	1000	14.700	21091	14.710	400	14.730	200	14.740	1800	14.750	56400	/16842807//121782632/8258207/14.68/15.0//2008-9-18 14:58:24
53/600089/特变电工/14.670	1900	14.660	4600	14.650	2700	14.630	1000	14.620	2000	14.680	4306	14.700	19891	14.730	200	14.740	3000	14.750	56400	/16842807//122111496/8280607/14.68/15.0//2008-9-18 14:59:25
53/600089/特变电工/14.660	4000	14.650	2700	14.630	1200	14.620	1800	14.610	2900	14.670	10	14.680	106	14.690	500	14.700	22891	14.730	200	/16842807//122255344/8290407/14.68/15.0//2008-9-18 15:0:26
53/600089/特变电工/14.660	4000	14.650	2700	14.630	1200	14.620	1800	14.610	2900	14.670	10	14.680	106	14.690	500	14.700	22891	14.730	200	/16842807//122255344/8290407/14.68/15.0//2008-9-18 15:1:26
53/600089/特变电工/14.660	4000	14.650	2700	14.630	1200	14.620	1800	14.610	2900	14.670	10	14.680	106	14.690	500	14.700	22891	14.730	200	/16842807//122255344/8290407/14.68/15.0//2008-9-18 15:2:27
