50/600086/东方金钰/3.750	2100	3.730	2800	3.710	1000	3.680	16900	3.670	10400	3.800	3000	3.870	3109	3.890	5000	3.900	19100	3.910	19300	/16842804//342292/92300/3.8/3.8//2008-9-18 9:31:34
50/600086/东方金钰/3.790	3000	3.760	2000	3.750	2600	3.730	2800	3.710	1300	3.800	15600	3.850	10000	3.860	11000	3.870	12809	3.880	10500	/16842804//357633/96300/3.8/3.8//2008-9-18 9:32:35
50/600086/东方金钰/3.790	1500	3.760	1900	3.750	2300	3.730	5800	3.720	300	3.800	13300	3.840	500	3.850	10600	3.860	12000	3.870	17909	/16842804//377389/101500/3.8/3.8//2008-9-18 9:33:35
50/600086/东方金钰/3.760	2400	3.750	2300	3.730	5800	3.720	300	3.710	4100	3.800	19900	3.840	900	3.850	11800	3.860	12500	3.870	17909	/16842804//412320/110700/3.8/3.8//2008-9-18 9:34:35
50/600086/东方金钰/3.760	2700	3.750	1800	3.730	5800	3.720	300	3.710	4100	3.790	6000	3.800	20000	3.840	5900	3.850	11800	3.860	2500	/16842804//424075/113800/3.79/3.8//2008-9-18 9:35:35
50/600086/东方金钰/3.790	9600	3.770	600	3.730	5800	3.720	800	3.710	4100	3.800	19000	3.840	5900	3.850	11800	3.860	6500	3.870	13609	/16842804//513555/137500/3.79/3.8//2008-9-18 9:36:36
50/600086/东方金钰/3.770	600	3.750	1700	3.730	7000	3.720	800	3.710	4100	3.790	9000	3.800	18000	3.840	5900	3.850	11800	3.860	6500	/16842804//553729/148100/3.79/3.8//2008-9-18 9:37:36
50/600086/东方金钰/3.780	2600	3.770	600	3.750	1700	3.730	7000	3.720	800	3.790	8800	3.800	18800	3.830	4500	3.840	900	3.850	11800	/16842804//555245/148500/3.79/3.8//2008-9-18 9:38:36
50/600086/东方金钰/3.750	1700	3.730	2000	3.720	300	3.710	4100	3.700	8900	3.770	100	3.780	5600	3.790	8000	3.800	18800	3.830	4500	/16842804//563931/150800/3.77/3.8//2008-9-18 9:39:36
50/600086/东方金钰/3.770	16100	3.760	1900	3.750	3100	3.730	1200	3.720	300	3.780	8300	3.790	8000	3.800	18300	3.830	4500	3.840	900	/16842804//585384/156500/3.77/3.8//2008-9-18 9:40:36
50/600086/东方金钰/3.770	14300	3.760	1900	3.750	6100	3.740	1000	3.730	1200	3.790	2600	3.800	17800	3.830	4500	3.840	1400	3.850	12100	/16842804//647412/172900/3.77/3.8//2008-9-18 9:41:37
50/600086/东方金钰/3.770	14300	3.760	1900	3.750	3600	3.740	700	3.730	1200	3.780	400	3.790	3650	3.800	17800	3.830	4500	3.840	1400	/16842804//664076/177300/3.78/3.8//2008-9-18 9:42:37
50/600086/东方金钰/3.770	14800	3.760	1900	3.750	3600	3.740	700	3.730	1200	3.790	300	3.800	11850	3.830	4500	3.840	1400	3.850	12100	/16842804//706580/188500/3.79/3.8//2008-9-18 9:43:37
50/600086/东方金钰/3.780	300	3.770	14800	3.760	1900	3.750	3600	3.740	700	3.790	3300	3.800	10450	3.830	4500	3.840	1400	3.850	11700	/16842804//714167/190500/3.79/3.8//2008-9-18 9:44:37
50/600086/东方金钰/3.800	10550	3.780	300	3.770	14800	3.760	1900	3.750	3600	3.840	1400	3.850	10700	3.860	500	3.870	13609	3.880	23500	/16842804//771694/205650/3.8/3.8//2008-9-18 9:45:37
50/600086/东方金钰/3.800	1650	3.790	1000	3.780	300	3.770	14800	3.750	3600	3.850	6900	3.860	1000	3.870	13009	3.880	23500	3.890	500	/16842804//847332/225450/3.85/3.8//2008-9-18 9:46:38
50/600086/东方金钰/3.800	3850	3.790	1000	3.780	300	3.770	14800	3.750	3800	3.850	6800	3.860	7500	3.870	13009	3.880	25000	3.890	500	/16842804//887372/235850/3.85/3.8//2008-9-18 9:47:38
50/600086/东方金钰/3.810	1800	3.800	7750	3.780	1100	3.770	14800	3.750	4100	3.840	3400	3.850	26100	3.860	5000	3.870	13009	3.880	24500	/16842804//905852/240650/3.85/3.8//2008-9-18 9:48:38
50/600086/东方金钰/3.840	8600	3.810	800	3.800	10750	3.780	1600	3.770	14800	3.850	12300	3.860	3700	3.870	13709	3.880	23100	3.890	6300	/16842804//1005866/266650/3.84/3.8//2008-9-18 9:49:39
50/600086/东方金钰/3.820	1000	3.810	2600	3.800	10650	3.780	1600	3.770	14800	3.850	12000	3.860	3500	3.870	13709	3.880	27800	3.890	800	/16842804//1013549/268650/3.85/3.8//2008-9-18 9:50:39
50/600086/东方金钰/3.840	4700	3.820	1400	3.810	5200	3.800	8650	3.780	1700	3.850	11000	3.860	4000	3.870	5009	3.880	27800	3.890	800	/16842804//1021623/270750/3.84/3.8//2008-9-18 9:51:39
50/600086/东方金钰/3.820	800	3.810	2600	3.800	8650	3.780	14300	3.770	14800	3.840	2609	3.850	22900	3.860	4000	3.870	4900	3.880	27800	/16842804//1111467/294150/3.82/3.8//2008-9-18 9:52:39
50/600086/东方金钰/3.800	8100	3.780	14300	3.770	14800	3.750	3900	3.740	200	3.810	800	3.820	5150	3.840	3408	3.850	22900	3.860	4000	/16842804//1125957/297950/3.81/3.8//2008-9-18 9:53:40
50/600086/东方金钰/3.800	7600	3.780	14300	3.770	15100	3.750	3600	3.740	200	3.810	3100	3.820	4750	3.840	3408	3.850	20900	3.860	4000	/16842804//1146877/303450/3.81/3.8//2008-9-18 9:54:40
50/600086/东方金钰/3.780	14200	3.770	15100	3.750	3600	3.740	200	3.730	2200	3.800	500	3.810	4400	3.820	4250	3.840	3408	3.850	20900	/16842804//1186034/313750/3.8/3.8//2008-9-18 9:55:40
50/600086/东方金钰/3.770	1100	3.750	6100	3.740	200	3.730	2200	3.720	1200	3.780	2500	3.800	3700	3.810	4400	3.820	1700	3.840	3408	/16842804//1304954/345250/3.78/3.8//2008-9-18 9:56:41
50/600086/东方金钰/3.760	6300	3.750	7800	3.740	200	3.730	1200	3.720	2200	3.770	10900	3.780	2500	3.800	700	3.810	4400	3.820	1700	/16842804//1356226/358850/3.77/3.8//2008-9-18 9:57:41
50/600086/东方金钰/3.750	1700	3.740	200	3.730	1200	3.720	2200	3.710	11300	3.770	6700	3.780	2500	3.800	700	3.810	7600	3.820	1700	/16842804//1431788/378950/3.77/3.8//2008-9-18 9:58:41
50/600086/东方金钰/3.790	2600	3.780	2800	3.770	3600	3.750	1900	3.740	200	3.810	5100	3.820	1700	3.840	11608	3.850	21500	3.860	4600	/16842804//1495808/395850/3.81/3.8//2008-9-18 9:59:41
50/600086/东方金钰/3.790	12800	3.780	4800	3.770	2800	3.750	1900	3.740	200	3.810	5100	3.820	1700	3.840	11608	3.850	21500	3.860	5100	/16842804//1496187/395950/3.79/3.8//2008-9-18 10:0:42
50/600086/东方金钰/3.800	3400	3.790	16200	3.780	3800	3.770	2800	3.750	1900	3.810	2100	3.820	1700	3.830	600	3.840	30208	3.850	21000	/16842804//1508760/399250/3.81/3.8//2008-9-18 10:1:42
50/600086/东方金钰/3.810	1300	3.780	3400	3.770	1900	3.750	1900	3.740	10500	3.820	1700	3.830	16100	3.840	29299	3.850	21000	3.860	10100	/16842804//1601353/423650/3.81/3.78//2008-9-18 10:2:42
50/600086/东方金钰/3.750	1900	3.740	10800	3.730	1200	3.720	2200	3.710	1000	3.770	6100	3.780	6700	3.810	3309	3.820	2899	3.830	29100	/16842804//1622527/429250/3.77/3.78//2008-9-18 10:3:42
50/600086/东方金钰/3.730	1200	3.720	1200	3.710	1000	3.700	8800	3.690	13700	3.740	600	3.760	1000	3.770	6000	3.780	1000	3.800	300	/16842804//1669300/441750/3.74/3.78//2008-9-18 10:4:43
50/600086/东方金钰/3.720	15400	3.710	1000	3.700	11800	3.690	13700	3.680	20100	3.740	200	3.760	1000	3.780	1000	3.800	300	3.810	12309	/16842804//1696848/449150/3.72/3.78//2008-9-18 10:5:43
50/600086/东方金钰/3.740	1600	3.730	11000	3.720	16300	3.710	1000	3.700	18200	3.760	1000	3.780	1000	3.800	37400	3.810	12309	3.820	7999	/16842804//1702084/450550/3.74/3.78//2008-9-18 10:6:43
50/600086/东方金钰/3.720	16800	3.710	1000	3.700	18100	3.690	14700	3.680	20600	3.740	1000	3.760	1000	3.780	1000	3.790	500	3.800	51400	/16842804//1766684/467850/3.74/3.78//2008-9-18 10:7:44
50/600086/东方金钰/3.730	500	3.720	1500	3.710	1000	3.700	18100	3.690	14700	3.740	300	3.760	1000	3.780	1000	3.790	5799	3.800	51400	/16842804//1829938/484850/3.72/3.78//2008-9-18 10:8:44
50/600086/东方金钰/3.740	1800	3.710	2900	3.700	20400	3.690	14700	3.680	20600	3.760	1000	3.780	1000	3.790	5799	3.800	41300	3.810	12309	/16842804//1857543/492250/3.74/3.78//2008-9-18 10:9:44
50/600086/东方金钰/3.720	700	3.710	5400	3.700	20400	3.690	14700	3.680	20600	3.740	8700	3.780	5400	3.790	8899	3.800	41300	3.810	12309	/16842804//1904005/504550/3.74/3.78//2008-9-18 10:10:44
50/600086/东方金钰/3.750	3700	3.740	10300	3.720	700	3.710	7400	3.700	21500	3.780	5400	3.790	8899	3.800	41300	3.810	8309	3.820	2800	/16842804//1961293/519850/3.75/3.78//2008-9-18 10:11:45
50/600086/东方金钰/3.700	3500	3.690	1000	3.680	20600	3.670	100	3.660	200	3.800	37900	3.810	12309	3.820	2800	3.830	24600	3.840	27400	/16842804//2237399/593550/3.8/3.78//2008-9-18 10:12:45
50/600086/东方金钰/3.700	3700	3.690	1000	3.680	20700	3.670	100	3.660	400	3.740	400	3.790	25449	3.800	22180	3.810	12309	3.820	2800	/16842804//2217980/588650/3.7/3.78//2008-9-18 10:13:45
50/600086/东方金钰/3.710	2000	3.700	14800	3.690	1700	3.680	21700	3.660	400	3.780	3700	3.790	22449	3.800	33380	3.810	12309	3.820	2800	/16842804//2267720/602050/3.71/3.78//2008-9-18 10:14:46
50/600086/东方金钰/3.690	4300	3.680	21700	3.660	200	3.650	47500	3.620	4500	3.700	20200	3.740	200	3.770	2000	3.780	3700	3.790	22449	/16842804//2410580/640650/3.7/3.78//2008-9-18 10:15:46
50/600086/东方金钰/3.620	4500	3.610	500	3.600	2600	3.580	800	3.560	500	3.650	27498	3.690	2500	3.700	17200	3.740	900	3.780	4199	/16842804//2636563/702550/3.65/3.78//2008-9-18 10:16:46
50/600086/东方金钰/3.620	4800	3.610	3600	3.600	4100	3.580	800	3.560	4800	3.690	2500	3.700	17200	3.740	900	3.780	4199	3.790	8949	/16842804//2702809/720850/3.62/3.78//2008-9-18 10:17:47
50/600086/东方金钰/3.650	1000	3.620	202	3.610	4200	3.600	11400	3.580	800	3.690	2500	3.700	17200	3.740	1900	3.780	22999	3.790	8949	/16842804//2862585/764946/3.62/3.78//2008-9-18 10:18:47
50/600086/东方金钰/3.630	7900	3.620	6302	3.610	5300	3.600	14000	3.580	1600	3.700	17200	3.740	1900	3.770	3599	3.780	23499	3.790	4800	/16842804//2816270/752148/3.63/3.78//2008-9-18 10:19:47
50/600086/东方金钰/3.680	200	3.650	1800	3.630	13100	3.620	5302	3.610	5300	3.780	20998	3.790	5300	3.800	37480	3.810	12100	3.820	2700	/16842804//2856827/762948/3.78/3.78//2008-9-18 10:20:48
50/600086/东方金钰/3.700	300	3.680	1000	3.650	13800	3.630	12200	3.620	5302	3.770	5600	3.780	2198	3.790	24100	3.800	37480	3.810	11000	/16842804//2860139/763848/3.68/3.78//2008-9-18 10:21:48
50/600086/东方金钰/3.680	91	3.660	1000	3.650	13800	3.640	10000	3.630	15000	3.770	8800	3.780	8298	3.790	21600	3.800	38780	3.810	24100	/16842804//2864595/765057/3.68/3.78//2008-9-18 10:22:48
50/600086/东方金钰/3.680	100	3.660	3000	3.650	28400	3.640	10000	3.630	15000	3.760	4000	3.770	9700	3.780	8298	3.790	21600	3.800	38780	/16842804//2864595/765057/3.68/3.78//2008-9-18 10:23:48
50/600086/东方金钰/3.680	100	3.660	3500	3.650	28400	3.640	10000	3.630	27400	3.750	1100	3.760	4000	3.770	8600	3.780	8598	3.790	22600	/16842804//2864595/765057/3.68/3.78//2008-9-18 10:24:49
50/600086/东方金钰/3.660	3500	3.650	13400	3.640	10000	3.630	15000	3.620	10302	3.740	2000	3.760	8000	3.770	8600	3.780	8598	3.790	22600	/16842804//2866067/765457/3.68/3.78//2008-9-18 10:25:49
50/600086/东方金钰/3.660	3800	3.650	13400	3.640	10000	3.630	15000	3.620	11302	3.680	1100	3.700	100	3.740	2000	3.750	1000	3.760	8000	/16842804//2866067/765457/3.68/3.78//2008-9-18 10:26:49
50/600086/东方金钰/3.650	100	3.640	10000	3.630	15000	3.620	11302	3.610	2500	3.760	7000	3.770	7600	3.780	12798	3.790	22600	3.800	41380	/16842804//2952344/788957/3.76/3.78//2008-9-18 10:27:50
50/600086/东方金钰/3.660	1300	3.650	500	3.640	10000	3.630	13900	3.620	11302	3.700	1000	3.760	7000	3.770	7600	3.780	12798	3.790	22600	/16842804//2962949/791857/3.65/3.78//2008-9-18 10:28:50
50/600086/东方金钰/3.680	1000	3.660	1300	3.650	8600	3.640	10000	3.630	13400	3.750	5300	3.760	9700	3.770	9600	3.780	15798	3.790	22600	/16842804//2962949/791857/3.65/3.78//2008-9-18 10:29:50
50/600086/东方金钰/3.680	1000	3.660	1300	3.650	12200	3.640	10000	3.630	13200	3.740	1100	3.750	5300	3.760	9700	3.770	9600	3.780	15798	/16842804//2962949/791857/3.65/3.78//2008-9-18 10:30:51
50/600086/东方金钰/3.690	4000	3.680	1000	3.660	3000	3.650	9600	3.640	10000	3.730	15500	3.740	1100	3.750	5300	3.760	9700	3.770	9600	/16842804//2962949/791857/3.65/3.78//2008-9-18 10:31:51
50/600086/东方金钰/3.660	3000	3.650	10200	3.640	10000	3.630	13200	3.620	11202	3.730	15500	3.740	1100	3.750	5300	3.760	9700	3.770	9700	/16842804//2981389/796857/3.68/3.78//2008-9-18 10:32:51
50/600086/东方金钰/3.660	3000	3.650	10200	3.640	10000	3.630	13200	3.620	11202	3.730	15500	3.740	1100	3.750	5300	3.760	9700	3.770	9700	/16842804//2981389/796857/3.68/3.78//2008-9-18 10:33:52
50/600086/东方金钰/3.680	600	3.660	2800	3.650	10200	3.640	10000	3.630	11700	3.700	5000	3.720	1300	3.730	15500	3.750	15300	3.760	9900	/16842804//2981389/796857/3.68/3.78//2008-9-18 10:34:52
50/600086/东方金钰/3.660	2800	3.650	10200	3.640	10000	3.630	11700	3.620	11702	3.700	5000	3.720	1300	3.730	15500	3.750	15300	3.760	9900	/16842804//2981389/796857/3.68/3.78//2008-9-18 10:35:52
50/600086/东方金钰/3.660	1900	3.650	10200	3.640	10000	3.630	11900	3.620	11702	3.690	600	3.700	5000	3.720	1300	3.730	15500	3.750	15300	/16842804//2984683/797757/3.66/3.78//2008-9-18 10:36:53
50/600086/东方金钰/3.660	900	3.650	10200	3.640	10000	3.630	11900	3.620	11202	3.690	600	3.700	5000	3.720	1300	3.730	15500	3.750	15300	/16842804//2988343/798757/3.66/3.78//2008-9-18 10:37:53
50/600086/东方金钰/3.660	100	3.650	10200	3.640	10000	3.630	11900	3.620	11202	3.690	600	3.700	5000	3.720	1300	3.730	15500	3.740	3300	/16842804//2991271/799557/3.66/3.78//2008-9-18 10:38:53
50/600086/东方金钰/3.660	100	3.650	10200	3.640	11000	3.630	11700	3.620	11202	3.690	100	3.700	5000	3.720	1300	3.730	15500	3.740	3300	/16842804//2994961/800557/3.69/3.78//2008-9-18 10:39:54
50/600086/东方金钰/3.690	500	3.660	600	3.650	1200	3.640	11000	3.630	11700	3.700	5000	3.720	2400	3.730	15500	3.740	3800	3.750	15300	/16842804//3031121/810457/3.69/3.78//2008-9-18 10:40:54
50/600086/东方金钰/3.690	500	3.650	4800	3.640	11000	3.630	11700	3.620	11202	3.730	7900	3.750	15300	3.760	9900	3.770	9900	3.780	25198	/16842804//3086897/825457/3.73/3.78//2008-9-18 10:41:54
50/600086/东方金钰/3.690	500	3.660	1300	3.650	5600	3.640	11000	3.630	11700	3.730	11000	3.750	5300	3.760	9900	3.770	20400	3.780	14698	/16842804//3086897/825457/3.73/3.78//2008-9-18 10:42:55
50/600086/东方金钰/3.690	500	3.650	5600	3.640	11000	3.630	11700	3.620	10802	3.730	12200	3.750	5300	3.760	9900	3.770	20400	3.780	14698	/16842804//3086897/825457/3.73/3.78//2008-9-18 10:43:55
50/600086/东方金钰/3.690	500	3.650	2500	3.640	11000	3.630	11700	3.620	10802	3.720	1199	3.730	11700	3.750	5300	3.760	9900	3.770	20400	/16842804//3088762/825957/3.73/3.78//2008-9-18 10:44:56
50/600086/东方金钰/3.690	500	3.650	2500	3.640	11000	3.630	11900	3.620	10802	3.720	1199	3.730	12100	3.750	5300	3.760	28700	3.770	20400	/16842804//3088762/825957/3.73/3.78//2008-9-18 10:45:56
50/600086/东方金钰/3.650	2500	3.640	11000	3.630	11400	3.620	10802	3.610	1600	3.690	550	3.720	1199	3.730	12100	3.750	5300	3.760	28700	/16842804//3090607/826457/3.69/3.78//2008-9-18 10:46:56
50/600086/东方金钰/3.690	1050	3.650	1900	3.640	11000	3.630	10900	3.620	14302	3.710	4200	3.720	6999	3.730	12100	3.750	5300	3.760	28700	/16842804//3096302/828007/3.69/3.78//2008-9-18 10:47:57
50/600086/东方金钰/3.650	800	3.640	50	3.630	8900	3.620	16302	3.610	1600	3.710	4200	3.720	6999	3.730	12100	3.750	5400	3.760	28700	/16842804//3146970/841907/3.64/3.78//2008-9-18 10:48:57
50/600086/东方金钰/3.630	6850	3.620	15502	3.610	1800	3.600	21100	3.580	1600	3.650	3300	3.710	4700	3.720	6999	3.730	10000	3.750	5400	/16842804//3152425/843407/3.63/3.78//2008-9-18 10:49:57
50/600086/东方金钰/3.630	3250	3.620	15402	3.610	1800	3.600	21100	3.580	1600	3.650	3300	3.710	4900	3.720	8499	3.730	10000	3.750	5400	/16842804//3167308/847507/3.63/3.78//2008-9-18 10:50:58
50/600086/东方金钰/3.650	500	3.630	3450	3.620	14402	3.610	6600	3.600	21100	3.710	9500	3.720	8499	3.730	10000	3.740	3900	3.750	16400	/16842804//3179353/850807/3.65/3.78//2008-9-18 10:51:58
50/600086/东方金钰/3.630	3150	3.620	14402	3.610	6600	3.600	21100	3.580	1600	3.700	4600	3.710	9300	3.720	8499	3.730	10000	3.740	9900	/16842804//3185546/852507/3.63/3.78//2008-9-18 10:52:58
50/600086/东方金钰/3.620	352	3.610	6600	3.600	21400	3.580	1600	3.560	1100	3.650	1300	3.680	1300	3.690	300	3.700	5100	3.710	9300	/16842804//3249098/870055/3.62/3.78//2008-9-18 10:53:59
50/600086/东方金钰/3.610	952	3.600	21400	3.580	1600	3.560	1100	3.550	59500	3.650	1298	3.690	300	3.700	5100	3.710	9300	3.720	8499	/16842804//3289231/881107/3.65/3.78//2008-9-18 10:54:59
50/600086/东方金钰/3.600	20200	3.580	1600	3.560	1100	3.550	59500	3.530	1000	3.610	2948	3.650	1298	3.690	2300	3.700	15600	3.710	9300	/16842804//3301681/884559/3.6/3.78//2008-9-18 10:56:0
50/600086/东方金钰/3.600	17800	3.580	1600	3.560	1100	3.550	59500	3.530	1000	3.610	148	3.650	1298	3.690	4300	3.700	15600	3.710	9300	/16842804//3320075/889659/3.62/3.78//2008-9-18 10:57:0
50/600086/东方金钰/3.610	3100	3.600	1652	3.580	1600	3.560	2100	3.550	59700	3.650	1398	3.690	3300	3.700	15600	3.710	9300	3.720	8499	/16842804//3390274/909155/3.6/3.78//2008-9-18 10:58:0
50/600086/东方金钰/3.610	100	3.600	2152	3.580	1600	3.560	2100	3.550	58400	3.640	1700	3.650	1398	3.680	2550	3.690	3300	3.700	15700	/16842804//3407430/913907/3.61/3.78//2008-9-18 10:59:1
50/600086/东方金钰/3.600	1152	3.580	1600	3.560	2100	3.550	6400	3.530	1000	3.610	5300	3.640	1700	3.650	3298	3.680	2000	3.690	7500	/16842804//3408152/914107/3.61/3.78//2008-9-18 11:0:1
50/600086/东方金钰/3.600	1602	3.580	1600	3.560	2100	3.550	6400	3.530	1000	3.610	5200	3.640	1700	3.650	3298	3.680	2000	3.690	7500	/16842804//3408688/914257/3.61/3.78//2008-9-18 11:1:2
50/600086/东方金钰/3.600	702	3.580	1600	3.560	2100	3.550	6400	3.530	1000	3.640	1700	3.650	3298	3.680	2000	3.690	7500	3.700	15600	/16842804//3430700/920357/3.61/3.78//2008-9-18 11:2:2
50/600086/东方金钰/3.560	2100	3.550	6200	3.530	1000	3.510	3400	3.500	2400	3.600	4600	3.640	100	3.650	1496	3.680	2000	3.690	3300	/16842804//3488817/936459/3.6/3.78//2008-9-18 11:3:2
50/600086/东方金钰/3.580	1100	3.570	4700	3.560	1100	3.550	7200	3.530	1000	3.600	8650	3.640	100	3.650	1496	3.680	2400	3.690	3300	/16842804//3502865/940359/3.6/3.78//2008-9-18 11:4:3
50/600086/东方金钰/3.580	100	3.570	4700	3.560	7700	3.550	7200	3.530	1000	3.600	5350	3.640	100	3.650	1496	3.680	2400	3.690	3300	/16842804//3514725/943659/3.6/3.78//2008-9-18 11:5:3
50/600086/东方金钰/3.590	2900	3.580	5400	3.570	2700	3.560	7700	3.550	7200	3.600	350	3.640	100	3.650	1496	3.680	2400	3.690	3300	/16842804//3525515/946659/3.6/3.78//2008-9-18 11:6:4
50/600086/东方金钰/3.600	13750	3.590	2900	3.580	7900	3.570	2700	3.560	7700	3.640	100	3.650	1496	3.680	2400	3.690	3400	3.700	5100	/16842804//3526775/947009/3.6/3.78//2008-9-18 11:7:4
50/600086/东方金钰/3.640	2000	3.610	1200	3.600	20950	3.590	2000	3.580	2900	3.650	1296	3.680	2400	3.690	3400	3.700	5100	3.710	600	/16842804//3535821/949509/3.65/3.78//2008-9-18 11:8:4
50/600086/东方金钰/3.640	1200	3.610	1200	3.600	23550	3.590	7000	3.580	2900	3.650	496	3.680	2000	3.690	3400	3.700	5100	3.710	700	/16842804//3538733/950309/3.64/3.78//2008-9-18 11:9:5
50/600086/东方金钰/3.610	1200	3.600	23550	3.590	7000	3.580	2900	3.570	2700	3.640	1300	3.650	196	3.680	2000	3.690	3400	3.700	4600	/16842804//3544196/951809/3.64/3.78//2008-9-18 11:10:5
50/600086/东方金钰/3.610	6800	3.600	23550	3.590	7000	3.580	2900	3.570	2700	3.740	1195	3.750	15100	3.760	26700	3.770	2800	3.780	13998	/16842804//3659254/982809/3.74/3.78//2008-9-18 11:11:6
50/600086/东方金钰/3.630	1000	3.620	3700	3.610	4000	3.600	2350	3.590	7000	3.700	2000	3.720	1700	3.730	2600	3.740	9595	3.750	43200	/16842804//3776424/1015209/3.62/3.78//2008-9-18 11:12:6
50/600086/东方金钰/3.610	6000	3.600	12700	3.590	7000	3.580	2900	3.570	2700	3.620	500	3.720	5100	3.730	12186	3.740	10095	3.750	42000	/16842804//3846905/1034409/3.63/3.78//2008-9-18 11:13:7
50/600086/东方金钰/3.620	13200	3.610	2000	3.600	12300	3.590	12700	3.580	2900	3.690	500	3.700	15000	3.710	10500	3.720	34400	3.730	13186	/16842804//3985531/1072809/3.62/3.78//2008-9-18 11:14:7
50/600086/东方金钰/3.620	13900	3.610	14500	3.600	10600	3.590	12700	3.580	2900	3.690	2500	3.700	20500	3.710	10500	3.720	34400	3.730	13186	/16842804//3985531/1072809/3.62/3.78//2008-9-18 11:15:7
50/600086/东方金钰/3.620	17900	3.610	14500	3.600	10600	3.590	12700	3.580	2400	3.630	3400	3.690	2700	3.700	20500	3.710	10500	3.720	34400	/16842804//3937272/1059409/3.63/3.78//2008-9-18 11:16:8
50/600086/东方金钰/3.620	17900	3.610	14500	3.600	13600	3.590	7000	3.580	2900	3.690	1000	3.700	20500	3.710	10500	3.720	34900	3.730	13586	/16842804//3963810/1066609/3.69/3.78//2008-9-18 11:17:8
50/600086/东方金钰/3.620	1000	3.610	14500	3.600	13600	3.590	7000	3.580	2900	3.630	1700	3.690	6700	3.700	20500	3.710	10500	3.720	34900	/16842804//4060568/1093309/3.63/3.78//2008-9-18 11:18:9
50/600086/东方金钰/3.620	4600	3.610	14500	3.600	14800	3.590	7000	3.580	12900	3.630	1300	3.690	9700	3.700	20500	3.710	10500	3.720	34900	/16842804//4062744/1093909/3.62/3.78//2008-9-18 11:19:9
50/600086/东方金钰/3.630	300	3.620	4600	3.610	14500	3.600	14800	3.590	7000	3.690	9700	3.700	20500	3.710	10500	3.720	34900	3.730	13586	/16842804//4062744/1093909/3.62/3.78//2008-9-18 11:20:10
50/600086/东方金钰/3.610	10991	3.600	14800	3.590	7000	3.580	13600	3.570	2700	3.690	9700	3.700	20500	3.710	10500	3.720	34900	3.730	13586	/16842804//4093152/1102318/3.61/3.78//2008-9-18 11:21:10
50/600086/东方金钰/3.610	21191	3.600	15100	3.590	7000	3.580	13600	3.570	2700	3.680	1000	3.690	13400	3.700	20500	3.710	10500	3.720	34900	/16842804//4093152/1102318/3.61/3.78//2008-9-18 11:22:10
50/600086/东方金钰/3.610	91	3.600	15600	3.590	7000	3.580	13600	3.570	2700	3.690	13400	3.700	20500	3.710	10500	3.720	34900	3.730	13486	/16842804//4174836/1124918/3.61/3.78//2008-9-18 11:23:11
50/600086/东方金钰/3.610	1191	3.600	13900	3.590	10000	3.580	13600	3.570	2700	3.670	1000	3.680	6800	3.690	13400	3.700	20000	3.710	14700	/16842804//4182056/1126918/3.61/3.78//2008-9-18 11:24:11
50/600086/东方金钰/3.610	3900	3.600	9791	3.590	11000	3.580	13600	3.570	2700	3.670	1000	3.680	7300	3.690	14100	3.700	21500	3.710	14700	/16842804//4251204/1146118/3.6/3.78//2008-9-18 11:25:12
50/600086/东方金钰/3.600	5691	3.590	9000	3.580	14700	3.570	6300	3.560	7700	3.610	11100	3.670	1000	3.680	7300	3.690	14100	3.700	21500	/16842804//4230709/1140418/3.61/3.78//2008-9-18 11:26:12
50/600086/东方金钰/3.600	2691	3.590	9000	3.580	14700	3.570	6300	3.560	7700	3.610	13100	3.650	100	3.670	1400	3.680	7300	3.690	11100	/16842804//4243309/1143918/3.6/3.78//2008-9-18 11:27:13
50/600086/东方金钰/3.590	391	3.580	18100	3.570	6300	3.560	7700	3.550	6400	3.610	12800	3.650	100	3.670	1400	3.680	7300	3.690	8100	/16842804//4290022/1156918/3.59/3.78//2008-9-18 11:28:13
50/600086/东方金钰/3.580	12800	3.570	6300	3.560	7700	3.550	6400	3.530	1500	3.610	11800	3.650	100	3.670	1400	3.680	7300	3.690	8100	/16842804//4299006/1159418/3.58/3.78//2008-9-18 11:29:14
50/600086/东方金钰/3.580	7700	3.570	12700	3.560	7700	3.550	10600	3.530	1500	3.600	400	3.610	12300	3.650	100	3.670	1400	3.680	7300	/16842804//4335522/1169618/3.58/3.78//2008-9-18 11:30:14
50/600086/东方金钰/3.580	7700	3.570	12700	3.560	7700	3.550	10600	3.530	1500	3.600	400	3.610	12300	3.650	100	3.670	1400	3.680	7300	/16842804//4335522/1169618/3.58/3.78//2008-9-18 11:31:15
50/600086/东方金钰/3.560	23900	3.550	6700	3.530	1500	3.510	4900	3.500	2500	3.570	100	3.580	13200	3.590	600	3.600	8200	3.610	500	/16842804//4393341/1185818/3.56/3.78//2008-9-18 13:1:15
50/600086/东方金钰/3.560	8900	3.550	6700	3.530	1500	3.510	4900	3.500	2500	3.580	13200	3.590	600	3.600	8200	3.610	500	3.650	100	/16842804//4449597/1201618/3.56/3.78//2008-9-18 13:2:16
50/600086/东方金钰/3.560	8200	3.550	5500	3.530	1500	3.510	4900	3.500	2500	3.580	13200	3.590	600	3.600	8200	3.610	500	3.650	100	/16842804//4491949/1213518/3.56/3.78//2008-9-18 13:3:16
50/600086/东方金钰/3.560	300	3.550	5500	3.530	1500	3.510	4900	3.500	4500	3.580	13200	3.590	600	3.600	8200	3.610	500	3.650	100	/16842804//4528261/1223718/3.56/3.78//2008-9-18 13:4:17
50/600086/东方金钰/3.550	3500	3.530	1500	3.510	4900	3.500	4500	3.490	1000	3.560	15200	3.580	14200	3.590	600	3.600	8200	3.610	500	/16842804//4536429/1226018/3.55/3.78//2008-9-18 13:5:17
50/600086/东方金钰/3.550	3100	3.530	1500	3.510	4900	3.500	4500	3.490	1000	3.560	2100	3.580	14600	3.590	600	3.600	8200	3.610	500	/16842804//4584485/1239518/3.56/3.78//2008-9-18 13:6:18
50/600086/东方金钰/3.560	1000	3.510	6900	3.500	4500	3.490	1000	3.480	3500	3.580	11600	3.590	600	3.600	8200	3.610	500	3.630	2100	/16842804//4610041/1246718/3.56/3.78//2008-9-18 13:7:18
50/600086/东方金钰/3.510	7900	3.500	4500	3.490	1000	3.480	3500	3.460	1300	3.560	6400	3.580	11600	3.590	600	3.600	8200	3.610	500	/16842804//4617161/1248718/3.56/3.78//2008-9-18 13:8:19
50/600086/东方金钰/3.510	6100	3.500	4500	3.490	1000	3.480	3500	3.460	1300	3.560	6400	3.580	11200	3.590	600	3.600	8200	3.610	500	/16842804//4619919/1249518/3.51/3.78//2008-9-18 13:9:19
50/600086/东方金钰/3.510	6100	3.500	4500	3.490	1000	3.480	3500	3.470	300	3.550	3000	3.560	8400	3.580	11200	3.590	600	3.600	8200	/16842804//4620270/1249618/3.51/3.78//2008-9-18 13:10:20
50/600086/东方金钰/3.510	1600	3.500	4500	3.490	1000	3.480	3500	3.470	300	3.550	3000	3.560	8400	3.580	11200	3.590	600	3.600	8200	/16842804//4635714/1254018/3.51/3.78//2008-9-18 13:11:20
50/600086/东方金钰/3.500	3200	3.490	1000	3.480	3500	3.470	300	3.460	5700	3.510	1900	3.560	8300	3.580	11200	3.590	600	3.600	6400	/16842804//4646934/1257218/3.52/3.78//2008-9-18 13:12:21
50/600086/东方金钰/3.500	7000	3.490	1000	3.480	3500	3.470	300	3.460	5700	3.510	1000	3.520	500	3.560	8300	3.580	11200	3.590	600	/16842804//4662697/1261718/3.51/3.78//2008-9-18 13:13:21
50/600086/东方金钰/3.580	96300	3.510	2300	3.500	8100	3.490	1000	3.480	3500	3.590	600	3.600	6400	3.610	500	3.630	2100	3.650	100	/16842804//4770189/1291818/3.58/3.78//2008-9-18 13:14:22
50/600086/东方金钰/3.580	94950	3.510	300	3.500	8100	3.490	1000	3.480	3500	3.590	300	3.600	6400	3.630	2100	3.650	100	3.670	1000	/16842804//4776099/1293468/3.58/3.78//2008-9-18 13:15:22
50/600086/东方金钰/3.520	200	3.510	400	3.500	10100	3.490	1000	3.480	3500	3.570	200	3.580	11250	3.590	1400	3.600	6600	3.630	2100	/16842804//5118836/1389218/3.52/3.78//2008-9-18 13:16:23
50/600086/东方金钰/3.510	400	3.500	10000	3.490	1000	3.480	3500	3.470	700	3.520	800	3.570	1000	3.580	11250	3.590	1500	3.600	6700	/16842804//5120244/1389618/3.52/3.78//2008-9-18 13:17:23
50/600086/东方金钰/3.510	2200	3.490	1000	3.480	3500	3.470	700	3.460	5700	3.520	6600	3.570	1050	3.580	10300	3.590	3500	3.600	6700	/16842804//5174248/1405018/3.52/3.78//2008-9-18 13:18:24
50/600086/东方金钰/3.500	200	3.490	600	3.480	3500	3.470	700	3.460	5700	3.510	100	3.520	6600	3.570	1050	3.580	10300	3.590	3500	/16842804//5185465/1408218/3.49/3.78//2008-9-18 13:19:24
50/600086/东方金钰/3.520	3300	3.510	2000	3.500	200	3.490	2000	3.480	3500	3.570	1050	3.580	9800	3.590	3500	3.600	6900	3.630	2100	/16842804//5209048/1414918/3.52/3.78//2008-9-18 13:20:25
50/600086/东方金钰/3.520	900	3.510	1900	3.500	8400	3.490	1500	3.480	3500	3.570	550	3.580	9800	3.590	3500	3.600	6900	3.630	2100	/16842804//5224936/1419418/3.57/3.78//2008-9-18 13:21:25
50/600086/东方金钰/3.500	1600	3.490	2800	3.480	3500	3.470	700	3.460	5700	3.570	10950	3.580	8900	3.590	1500	3.600	6900	3.630	2100	/16842804//5295010/1439418/3.5/3.78//2008-9-18 13:22:26
50/600086/东方金钰/3.530	2200	3.510	2700	3.500	6900	3.490	2800	3.480	3500	3.570	550	3.580	8900	3.590	1500	3.600	6900	3.630	2100	/16842804//5266327/1431218/3.53/3.78//2008-9-18 13:23:26
50/600086/东方金钰/3.540	1000	3.530	100	3.510	1300	3.500	3000	3.490	2800	3.570	550	3.580	8900	3.590	1500	3.600	6900	3.630	2100	/16842804//5266327/1431218/3.53/3.78//2008-9-18 13:24:27
50/600086/东方金钰/3.510	1400	3.500	3600	3.490	2800	3.480	3500	3.470	700	3.520	9600	3.580	6450	3.590	1500	3.600	6900	3.630	2100	/16842804//5280145/1435118/3.52/3.78//2008-9-18 13:25:27
50/600086/东方金钰/3.520	12500	3.510	1800	3.500	3400	3.490	2800	3.480	3500	3.570	300	3.580	6450	3.590	1500	3.600	6900	3.630	2100	/16842804//5337159/1451318/3.52/3.78//2008-9-18 13:26:28
50/600086/东方金钰/3.530	300	3.520	8000	3.510	1800	3.500	3100	3.490	1800	3.560	600	3.570	300	3.580	850	3.590	4500	3.600	6900	/16842804//5339271/1451918/3.52/3.78//2008-9-18 13:27:28
50/600086/东方金钰/3.560	500	3.530	400	3.510	1800	3.500	5300	3.490	1800	3.590	4250	3.600	8000	3.630	3086	3.650	5100	3.670	1000	/16842804//5377045/1462618/3.59/3.78//2008-9-18 13:28:29
50/600086/东方金钰/3.560	500	3.530	400	3.510	2200	3.500	5300	3.490	1800	3.590	4150	3.600	21400	3.630	2100	3.650	5100	3.670	1000	/16842804//5377763/1462818/3.59/3.78//2008-9-18 13:29:29
50/600086/东方金钰/3.500	1650	3.490	1800	3.480	3500	3.470	700	3.460	5700	3.590	3750	3.600	21400	3.630	2100	3.650	5100	3.670	1000	/16842804//5413091/1472868/3.56/3.78//2008-9-18 13:30:30
50/600086/东方金钰/3.510	3900	3.500	16948	3.490	1800	3.480	3500	3.470	700	3.560	2000	3.580	590	3.590	5750	3.600	22400	3.630	2100	/16842804//5414848/1473370/3.5/3.78//2008-9-18 13:31:30
50/600086/东方金钰/3.520	5000	3.510	14900	3.500	19748	3.490	1800	3.480	3500	3.560	2800	3.590	2750	3.600	22400	3.630	2100	3.650	5100	/16842804//5420464/1474970/3.51/3.78//2008-9-18 13:32:31
50/600086/东方金钰/3.560	600	3.540	100	3.530	3500	3.520	13100	3.510	12200	3.590	750	3.600	22400	3.630	2100	3.650	5100	3.670	1000	/16842804//5428288/1477170/3.56/3.78//2008-9-18 13:33:31
50/600086/东方金钰/3.560	3300	3.550	500	3.540	100	3.530	4300	3.520	9300	3.600	19350	3.630	2100	3.650	5100	3.670	1000	3.680	10200	/16842804//5441961/1480970/3.6/3.78//2008-9-18 13:34:32
50/600086/东方金钰/3.550	500	3.540	5100	3.530	1800	3.520	8900	3.510	12600	3.560	500	3.600	8650	3.630	2100	3.650	5100	3.670	1000	/16842804//5492238/1494970/3.6/3.78//2008-9-18 13:35:32
50/600086/东方金钰/3.550	11600	3.540	5100	3.530	1800	3.520	8900	3.510	12600	3.600	6050	3.630	2100	3.650	5100	3.670	1000	3.680	10200	/16842804//5510218/1499970/3.6/3.78//2008-9-18 13:36:33
50/600086/东方金钰/3.600	10000	3.560	5200	3.550	12200	3.540	5100	3.530	1800	3.680	3950	3.690	900	3.700	4590	3.710	6200	3.720	5600	/16842804//5621613/1530470/3.68/3.78//2008-9-18 13:37:34
50/600086/东方金钰/3.670	500	3.590	400	3.560	3000	3.550	13100	3.540	5100	3.680	9380	3.710	4000	3.720	4640	3.730	13400	3.740	21500	/16842804//5659001/1540770/3.68/3.78//2008-9-18 13:38:34
50/600086/东方金钰/3.670	300	3.610	5000	3.590	400	3.560	7700	3.550	14000	3.680	9180	3.710	9000	3.720	11840	3.730	15400	3.740	21500	/16842804//5664141/1542170/3.68/3.78//2008-9-18 13:39:35
50/600086/东方金钰/3.610	5000	3.560	8400	3.550	13600	3.540	5100	3.530	800	3.680	2880	3.710	5000	3.720	8200	3.730	14400	3.740	21500	/16842804//5702005/1552470/3.68/3.78//2008-9-18 13:40:35
50/600086/东方金钰/3.620	1900	3.610	5000	3.570	1000	3.560	10000	3.550	13600	3.660	3000	3.670	300	3.680	3280	3.690	2000	3.710	5000	/16842804//5702005/1552470/3.68/3.78//2008-9-18 13:41:36
50/600086/东方金钰/3.610	1900	3.570	9100	3.560	10000	3.550	13600	3.540	7100	3.660	800	3.670	300	3.680	7280	3.690	2600	3.700	3000	/16842804//5732884/1560970/3.66/3.78//2008-9-18 13:42:36
50/600086/东方金钰/3.660	1700	3.620	300	3.610	1900	3.600	10000	3.580	3300	3.690	180	3.700	3000	3.710	5000	3.720	8200	3.730	9200	/16842804//5771535/1571470/3.69/3.78//2008-9-18 13:43:37
50/600086/东方金钰/3.600	1200	3.580	3300	3.570	6500	3.560	10000	3.550	13600	3.700	3500	3.710	5000	3.720	8200	3.730	9200	3.740	21700	/16842804//5864544/1597270/3.6/3.78//2008-9-18 13:44:37
50/600086/东方金钰/3.620	23000	3.610	15100	3.600	14400	3.580	25300	3.570	19600	3.690	300	3.710	3140	3.720	1000	3.740	7600	3.750	31500	/16842804//6013598/1637270/3.74/3.78//2008-9-18 13:45:38
50/600086/东方金钰/3.720	3360	3.640	1000	3.630	6700	3.620	11000	3.610	19700	3.730	500	3.740	12700	3.750	31500	3.760	2500	3.770	2600	/16842804//6125736/1667810/3.73/3.78//2008-9-18 13:46:39
50/600086/东方金钰/3.640	1900	3.630	4400	3.620	7660	3.610	9700	3.600	21800	3.720	300	3.730	3500	3.740	16700	3.750	31500	3.760	2500	/16842804//6234906/1697810/3.62/3.78//2008-9-18 13:47:39
50/600086/东方金钰/3.640	2900	3.630	8400	3.620	9160	3.610	13900	3.600	42200	3.720	5300	3.730	8500	3.740	8400	3.750	31500	3.760	1500	/16842804//6238562/1698810/3.65/3.78//2008-9-18 13:48:40
50/600086/东方金钰/3.640	1900	3.630	8400	3.620	7400	3.610	13400	3.600	38200	3.720	13600	3.730	8000	3.740	9200	3.750	31500	3.760	1500	/16842804//6282086/1710510/3.72/3.78//2008-9-18 13:49:40
50/600086/东方金钰/3.640	4700	3.630	8400	3.620	7100	3.610	13400	3.600	38300	3.710	4300	3.720	11100	3.730	3000	3.740	8700	3.750	31900	/16842804//6280210/1710010/3.64/3.78//2008-9-18 13:50:41
50/600086/东方金钰/3.630	11400	3.620	6600	3.610	12400	3.600	35300	3.590	500	3.700	5000	3.710	1000	3.720	9300	3.730	4500	3.740	8000	/16842804//6420375/1748610/3.63/3.78//2008-9-18 13:51:41
50/600086/东方金钰/3.630	23600	3.620	7600	3.610	12400	3.600	35300	3.590	500	3.700	5000	3.710	1000	3.720	9300	3.730	4500	3.740	10000	/16842804//6392061/1740810/3.63/3.78//2008-9-18 13:52:42
50/600086/东方金钰/3.640	1000	3.630	800	3.620	6100	3.610	12400	3.600	35300	3.690	3000	3.700	6000	3.710	1000	3.720	9300	3.730	4500	/16842804//6474825/1763610/3.63/3.78//2008-9-18 13:53:42
50/600086/东方金钰/3.640	2200	3.630	800	3.620	6100	3.610	12400	3.600	34100	3.680	500	3.700	6000	3.710	1000	3.720	9300	3.730	13500	/16842804//6474825/1763610/3.63/3.78//2008-9-18 13:54:43
50/600086/东方金钰/3.620	100	3.610	12400	3.600	30100	3.590	500	3.580	24300	3.700	5600	3.710	1000	3.720	9300	3.730	14500	3.740	13200	/16842804//6510777/1773510/3.7/3.78//2008-9-18 13:55:44
50/600086/东方金钰/3.620	10100	3.610	9200	3.600	30100	3.590	500	3.580	4300	3.690	3000	3.700	5600	3.710	2000	3.720	8900	3.730	14800	/16842804//6510777/1773510/3.7/3.78//2008-9-18 13:56:44
50/600086/东方金钰/3.630	500	3.620	16200	3.610	9800	3.600	30100	3.590	500	3.690	3000	3.700	14600	3.710	2000	3.720	8900	3.730	10500	/16842804//6510777/1773510/3.7/3.78//2008-9-18 13:57:45
50/600086/东方金钰/3.630	6600	3.620	10500	3.610	6700	3.600	30100	3.590	500	3.690	3000	3.700	10600	3.710	2000	3.720	9300	3.730	10500	/16842804//6510777/1773510/3.7/3.78//2008-9-18 13:58:45
50/600086/东方金钰/3.600	1000	3.590	500	3.580	4300	3.570	19600	3.560	6800	3.680	4400	3.690	3000	3.700	14600	3.710	1000	3.720	9200	/16842804//6705655/1827510/3.6/3.78//2008-9-18 13:59:46
50/600086/东方金钰/3.610	13800	3.600	4800	3.590	1000	3.580	5300	3.570	19600	3.670	4100	3.680	4500	3.690	3600	3.700	14600	3.710	1000	/16842804//6716105/1830410/3.6/3.78//2008-9-18 14:0:47
50/600086/东方金钰/3.610	13800	3.600	10100	3.590	1000	3.580	5300	3.570	7200	3.670	4200	3.690	3600	3.700	14600	3.710	1000	3.720	12400	/16842804//6716105/1830410/3.6/3.78//2008-9-18 14:1:47
50/600086/东方金钰/3.610	400	3.590	3100	3.580	5300	3.570	7200	3.560	6800	3.670	4200	3.690	5400	3.700	14600	3.710	1000	3.720	12400	/16842804//6798328/1853210/3.6/3.78//2008-9-18 14:2:48
50/600086/东方金钰/3.610	400	3.600	2100	3.590	500	3.580	25300	3.570	1000	3.670	4200	3.690	5400	3.700	19600	3.710	1000	3.720	12400	/16842804//6798328/1853210/3.6/3.78//2008-9-18 14:3:48
50/600086/东方金钰/3.610	400	3.600	300	3.590	500	3.580	25300	3.570	1000	3.660	300	3.670	4200	3.690	5400	3.700	19600	3.710	1000	/16842804//6798328/1853210/3.6/3.78//2008-9-18 14:4:49
50/600086/东方金钰/3.590	4500	3.580	25300	3.570	1000	3.560	6800	3.550	13100	3.600	2400	3.650	4000	3.660	2200	3.670	4200	3.690	4900	/16842804//6799772/1853610/3.61/3.78//2008-9-18 14:5:50
50/600086/东方金钰/3.580	6600	3.570	1100	3.560	2300	3.550	2100	3.540	5000	3.650	4000	3.660	300	3.670	4200	3.690	4900	3.700	21100	/16842804//6933781/1891010/3.58/3.78//2008-9-18 14:6:50
50/600086/东方金钰/3.580	6900	3.570	2100	3.560	2300	3.550	2300	3.540	5000	3.640	4100	3.650	4000	3.660	300	3.670	100	3.690	1900	/16842804//6961698/1898810/3.57/3.78//2008-9-18 14:7:51
50/600086/东方金钰/3.600	8200	3.590	4100	3.580	10300	3.570	33100	3.560	4600	3.650	5000	3.660	300	3.670	100	3.690	6000	3.700	17100	/16842804//6986400/1905710/3.58/3.78//2008-9-18 14:8:51
50/600086/东方金钰/3.600	18700	3.590	22100	3.580	37000	3.570	32900	3.560	4600	3.650	5000	3.660	300	3.670	100	3.680	5000	3.690	6000	/16842804//7026003/1916710/3.6/3.78//2008-9-18 14:9:52
50/600086/东方金钰/3.610	8400	3.600	12000	3.590	22000	3.580	37000	3.570	32800	3.650	4600	3.670	100	3.680	5000	3.690	5600	3.700	16100	/16842804//7107023/1939210/3.65/3.78//2008-9-18 14:10:53
50/600086/东方金钰/3.620	10200	3.610	8400	3.600	12000	3.590	22000	3.580	36600	3.670	4200	3.690	1000	3.700	16100	3.710	1000	3.720	12400	/16842804//7231099/1973210/3.62/3.78//2008-9-18 14:11:53
50/600086/东方金钰/3.630	19600	3.620	10200	3.610	8400	3.600	11000	3.590	1000	3.690	4200	3.700	17500	3.710	1000	3.720	11900	3.730	6500	/16842804//7185126/1960610/3.63/3.78//2008-9-18 14:12:54
50/600086/东方金钰/3.650	10000	3.630	19600	3.620	10200	3.610	300	3.600	11000	3.690	4200	3.700	18500	3.710	1000	3.720	11400	3.730	6500	/16842804//7185126/1960610/3.63/3.78//2008-9-18 14:13:55
50/600086/东方金钰/3.650	7500	3.630	19600	3.620	10200	3.610	300	3.600	11000	3.680	1900	3.690	4200	3.700	18500	3.710	1000	3.720	11400	/16842804//7194251/1963110/3.65/3.78//2008-9-18 14:14:55
50/600086/东方金钰/3.650	8000	3.630	19600	3.620	9900	3.610	300	3.600	11000	3.670	3200	3.680	1900	3.690	1500	3.700	18500	3.710	1000	/16842804//7197901/1964110/3.65/3.78//2008-9-18 14:15:56
50/600086/东方金钰/3.650	7900	3.630	19600	3.620	9900	3.610	300	3.600	11000	3.670	200	3.680	1600	3.690	1500	3.700	28500	3.710	1000	/16842804//7209641/1967310/3.67/3.78//2008-9-18 14:16:56
50/600086/东方金钰/3.650	8900	3.630	19600	3.620	9900	3.610	300	3.600	11000	3.670	400	3.690	1500	3.700	28000	3.710	1000	3.720	12900	/16842804//7216620/1969210/3.67/3.78//2008-9-18 14:17:57
50/600086/东方金钰/3.650	8900	3.630	19600	3.620	9900	3.610	5300	3.600	11000	3.700	28000	3.710	1000	3.720	12900	3.730	6500	3.740	4600	/16842804//7224724/1971410/3.69/3.78//2008-9-18 14:18:58
50/600086/东方金钰/3.680	800	3.660	2000	3.650	9200	3.630	20100	3.620	9900	3.700	11400	3.710	1000	3.720	5600	3.730	6500	3.740	3000	/16842804//7266119/1982610/3.65/3.78//2008-9-18 14:19:58
50/600086/东方金钰/3.700	8900	3.680	2300	3.660	2000	3.650	9700	3.630	20100	3.720	2600	3.730	1500	3.740	3000	3.750	31400	3.760	500	/16842804//7310149/1994510/3.7/3.78//2008-9-18 14:20:59
50/600086/东方金钰/3.740	1700	3.730	2700	3.720	5700	3.700	5000	3.680	2300	3.750	27000	3.760	500	3.770	500	3.780	3800	3.800	44600	/16842804//7347521/2004510/3.75/3.78//2008-9-18 14:22:0
50/600086/东方金钰/3.750	4900	3.740	2000	3.730	4900	3.720	4700	3.700	5000	3.770	500	3.780	3800	3.800	40100	3.810	2000	3.820	23100	/16842804//7471586/2037610/3.75/3.78//2008-9-18 14:23:0
50/600086/东方金钰/3.770	300	3.750	53600	3.740	2000	3.730	3300	3.720	4400	3.800	10900	3.810	4500	3.820	23100	3.830	15400	3.840	25200	/16842804//7588526/2068410/3.77/3.78//2008-9-18 14:24:1
50/600086/东方金钰/3.790	500	3.780	400	3.770	5300	3.750	53600	3.740	1000	3.800	3600	3.810	5600	3.820	23600	3.830	16400	3.840	25200	/16842804//7672861/2090610/3.8/3.78//2008-9-18 14:25:2
50/600086/东方金钰/3.770	2800	3.750	4400	3.740	1000	3.730	3300	3.720	4400	3.780	1000	3.790	1500	3.800	6100	3.810	5600	3.820	23300	/16842804//7676651/2091610/3.79/3.78//2008-9-18 14:26:2
50/600086/东方金钰/3.770	400	3.750	4400	3.730	3300	3.720	4400	3.700	5000	3.790	10800	3.800	9100	3.810	15995	3.820	23300	3.830	16400	/16842804//7703151/2098610/3.79/3.78//2008-9-18 14:27:3
50/600086/东方金钰/3.750	4400	3.730	3300	3.720	2000	3.700	5000	3.680	1800	3.770	16500	3.780	3100	3.790	1300	3.800	15900	3.810	17395	/16842804//7741422/2108710/3.77/3.78//2008-9-18 14:28:4
50/600086/东方金钰/3.730	3300	3.720	2000	3.680	1800	3.650	3900	3.640	15000	3.750	5300	3.760	500	3.770	16500	3.780	1000	3.790	9900	/16842804//7757922/2113110/3.75/3.78//2008-9-18 14:29:4
50/600086/东方金钰/3.720	2000	3.690	1000	3.680	1800	3.650	5900	3.640	15000	3.730	1400	3.750	1000	3.760	500	3.770	19500	3.790	9900	/16842804//7770231/2116410/3.73/3.78//2008-9-18 14:30:5
50/600086/东方金钰/3.690	1000	3.680	1000	3.670	4000	3.660	2000	3.650	7900	3.720	800	3.730	1900	3.750	3000	3.760	500	3.770	14100	/16842804//7777671/2118410/3.72/3.78//2008-9-18 14:31:6
50/600086/东方金钰/3.690	300	3.680	9700	3.670	4000	3.660	2300	3.650	7900	3.730	1900	3.750	3000	3.760	500	3.770	14100	3.790	9900	/16842804//7782114/2119610/3.69/3.78//2008-9-18 14:32:6
50/600086/东方金钰/3.700	3000	3.690	2800	3.680	9000	3.670	4000	3.660	2300	3.730	200	3.750	3000	3.760	500	3.770	13100	3.790	9900	/16842804//7783979/2120110/3.73/3.78//2008-9-18 14:33:7
50/600086/东方金钰/3.720	900	3.710	2700	3.700	12600	3.690	2800	3.680	9300	3.760	500	3.770	10100	3.790	9900	3.800	19600	3.810	15995	/16842804//7792225/2122310/3.75/3.78//2008-9-18 14:34:8
50/600086/东方金钰/3.750	5500	3.740	700	3.720	2700	3.710	7000	3.700	11600	3.760	500	3.770	10100	3.790	9900	3.800	17600	3.810	15995	/16842804//7792225/2122310/3.75/3.78//2008-9-18 14:35:8
50/600086/东方金钰/3.750	7600	3.720	1800	3.710	7000	3.700	11600	3.690	2800	3.760	500	3.770	10100	3.790	9900	3.800	18400	3.810	15995	/16842804//7819600/2129610/3.75/3.78//2008-9-18 14:36:9
50/600086/东方金钰/3.750	3300	3.720	1500	3.710	2000	3.700	11600	3.690	2800	3.760	1900	3.770	10100	3.790	9800	3.800	17900	3.810	14895	/16842804//7843977/2136110/3.75/3.78//2008-9-18 14:37:10
50/600086/东方金钰/3.720	500	3.710	2000	3.700	11600	3.690	2800	3.680	8300	3.750	10700	3.760	2900	3.770	10100	3.790	9800	3.800	17900	/16842804//7854477/2138910/3.75/3.78//2008-9-18 14:38:10
50/600086/东方金钰/3.720	500	3.710	2000	3.700	10400	3.690	2800	3.680	8300	3.740	2800	3.750	12500	3.760	2900	3.770	10100	3.790	9800	/16842804//7855977/2139310/3.75/3.78//2008-9-18 14:39:11
50/600086/东方金钰/3.700	1400	3.690	2800	3.680	8000	3.670	4500	3.660	2300	3.710	12500	3.720	3995	3.740	3000	3.750	5600	3.760	1900	/16842804//7942997/2162810/3.7/3.78//2008-9-18 14:40:12
50/600086/东方金钰/3.680	6600	3.670	4500	3.660	2300	3.650	5100	3.630	500	3.700	9768	3.710	12500	3.720	3695	3.740	5000	3.750	5400	/16842804//7925529/2158110/3.68/3.78//2008-9-18 14:41:12
50/600086/东方金钰/3.680	3600	3.670	4500	3.660	2300	3.650	5100	3.630	2500	3.700	1200	3.710	700	3.720	3695	3.740	5000	3.750	5400	/16842804//7940249/2162110/3.68/3.78//2008-9-18 14:42:13
50/600086/东方金钰/3.680	4632	3.670	4500	3.660	3300	3.650	5100	3.630	2500	3.700	1200	3.710	700	3.720	3695	3.740	5300	3.750	5400	/16842804//7965891/2169078/3.68/3.78//2008-9-18 14:43:14
50/600086/东方金钰/3.700	1400	3.680	3632	3.670	6000	3.660	3300	3.650	5100	3.710	700	3.720	3695	3.740	5300	3.750	3900	3.760	1900	/16842804//7970331/2170278/3.7/3.78//2008-9-18 14:44:14
50/600086/东方金钰/3.680	3632	3.670	6000	3.660	3300	3.650	5100	3.630	2500	3.700	700	3.710	700	3.720	2000	3.740	5300	3.750	3900	/16842804//7976991/2172078/3.7/3.78//2008-9-18 14:45:15
50/600086/东方金钰/3.700	1100	3.690	10000	3.680	3532	3.670	6000	3.660	2300	3.710	700	3.720	2000	3.730	2000	3.740	5300	3.750	2900	/16842804//7985499/2174378/3.7/3.78//2008-9-18 14:46:16
50/600086/东方金钰/3.700	2400	3.690	10000	3.680	3532	3.670	6000	3.660	2300	3.710	1700	3.720	2000	3.730	2000	3.740	500	3.750	2900	/16842804//7985869/2174478/3.7/3.78//2008-9-18 14:47:16
50/600086/东方金钰/3.690	10000	3.680	3532	3.670	6000	3.660	2300	3.650	3100	3.700	3000	3.710	1700	3.720	2000	3.730	2000	3.740	4195	/16842804//7998079/2177778/3.7/3.78//2008-9-18 14:48:17
50/600086/东方金钰/3.680	1532	3.670	6000	3.660	7300	3.650	3100	3.630	2500	3.690	3800	3.700	5700	3.710	1700	3.720	2000	3.730	2000	/16842804//8042339/2189778/3.68/3.78//2008-9-18 14:49:18
50/600086/东方金钰/3.670	2000	3.660	7300	3.650	3100	3.630	2000	3.620	9900	3.680	5868	3.690	3800	3.700	4300	3.710	1700	3.720	2000	/16842804//8062657/2195310/3.67/3.78//2008-9-18 14:50:18
50/600086/东方金钰/3.660	6530	3.650	3100	3.630	2000	3.620	9900	3.610	7500	3.670	900	3.680	5268	3.690	2800	3.700	3900	3.710	1700	/16842804//8069145/2197080/3.66/3.78//2008-9-18 14:51:19
50/600086/东方金钰/3.670	600	3.660	6530	3.650	6100	3.630	2000	3.620	9900	3.680	4468	3.690	2800	3.700	3900	3.710	1700	3.720	2000	/16842804//8080532/2200180/3.68/3.78//2008-9-18 14:52:20
50/600086/东方金钰/3.670	4800	3.660	6530	3.650	6100	3.630	2000	3.620	9900	3.680	1068	3.690	2800	3.700	5800	3.710	1700	3.720	2000	/16842804//8097092/2204680/3.68/3.78//2008-9-18 14:53:21
50/600086/东方金钰/3.690	2200	3.680	5032	3.670	1900	3.660	6530	3.650	5100	3.700	5300	3.710	1700	3.720	2000	3.730	2000	3.740	4195	/16842804//8113930/2209248/3.69/3.78//2008-9-18 14:54:21
50/600086/东方金钰/3.700	2100	3.690	900	3.680	2132	3.670	1900	3.660	6530	3.710	700	3.720	2000	3.730	2000	3.740	4195	3.750	2500	/16842804//8149807/2218948/3.7/3.78//2008-9-18 14:55:22
50/600086/东方金钰/3.710	900	3.700	4100	3.690	12200	3.680	1000	3.670	3000	3.720	2000	3.730	2000	3.740	3695	3.750	2500	3.760	1900	/16842804//8155001/2220348/3.71/3.78//2008-9-18 14:56:23
50/600086/东方金钰/3.690	5300	3.680	1000	3.670	3000	3.660	5530	3.650	5100	3.720	2200	3.730	4000	3.740	3695	3.750	2500	3.760	1900	/16842804//8196374/2231548/3.69/3.78//2008-9-18 14:57:23
50/600086/东方金钰/3.690	3200	3.680	1000	3.670	3400	3.660	5530	3.650	5100	3.710	2095	3.720	2600	3.730	4000	3.740	400	3.750	1900	/16842804//8207444/2234548/3.69/3.78//2008-9-18 14:58:24
50/600086/东方金钰/3.670	3400	3.660	5530	3.650	5100	3.620	9900	3.610	7500	3.680	7000	3.690	27595	3.710	2495	3.720	2400	3.730	4000	/16842804//8229943/2240648/3.68/3.78//2008-9-18 14:59:25
50/600086/东方金钰/3.670	1400	3.660	5530	3.650	5100	3.620	9900	3.610	7500	3.680	7900	3.690	27995	3.700	1000	3.710	3095	3.720	2200	/16842804//8249427/2245948/3.68/3.78//2008-9-18 15:0:26
50/600086/东方金钰/3.670	1400	3.660	5530	3.650	5100	3.620	9900	3.610	7500	3.680	7900	3.690	27995	3.700	1000	3.710	3095	3.720	2200	/16842804//8249427/2245948/3.68/3.78//2008-9-18 15:1:26
50/600086/东方金钰/3.670	1400	3.660	5530	3.650	5100	3.620	9900	3.610	7500	3.680	7900	3.690	27995	3.700	1000	3.710	3095	3.720	2200	/16842804//8249427/2245948/3.68/3.78//2008-9-18 15:2:27
