1/600000/浦发银行/12.880	222740	12.830	4700	12.820	57200	12.810	437100	12.800	196700	12.890	145260	12.900	44900	12.910	6000	12.920	12400	12.930	2900	/16842753//58807900/4574997/12.88/13.34//2008-9-18 9:31:34
1/600000/浦发银行/12.920	19700	12.910	6800	12.900	428155	12.890	119800	12.880	7200	12.970	1900	12.980	73500	12.990	474517	13.000	197471	13.010	50600	/16842753//71498920/5556502/12.97/13.34//2008-9-18 9:32:35
1/600000/浦发银行/12.890	60700	12.880	5400	12.870	4500	12.860	15700	12.850	27600	12.900	40900	12.940	41500	12.950	429608	12.960	42400	12.970	91500	/16842753//85887312/6669457/12.9/13.34//2008-9-18 9:33:35
1/600000/浦发银行/12.830	1600	12.820	14100	12.810	226000	12.800	280500	12.780	10500	12.850	19700	12.860	200	12.870	6800	12.880	50539	12.890	81119	/16842753//90562128/7032357/12.85/13.34//2008-9-18 9:34:35
1/600000/浦发银行/12.800	206994	12.780	8200	12.770	9000	12.760	31500	12.750	33463	12.820	3500	12.830	6600	12.860	19099	12.870	3100	12.880	53606	/16842753//98047872/7616363/12.8/13.34//2008-9-18 9:35:35
1/600000/浦发银行/12.750	102400	12.740	20000	12.730	27143	12.720	109200	12.710	648700	12.770	200	12.780	5000	12.800	359929	12.820	50420	12.850	27100	/16842753//105463792/8196277/12.77/13.34//2008-9-18 9:36:36
1/600000/浦发银行/12.760	32001	12.750	26600	12.730	19100	12.720	32000	12.710	402930	12.790	1300	12.800	131326	12.820	29720	12.850	3200	12.860	19099	/16842753//120379008/9365889/12.8/13.34//2008-9-18 9:37:36
1/600000/浦发银行/12.770	76400	12.760	49000	12.750	27000	12.740	400	12.730	177500	12.790	2100	12.800	435090	12.810	21250	12.820	61830	12.850	500	/16842753//138511344/10782184/12.79/13.34//2008-9-18 9:38:36
1/600000/浦发银行/12.900	1062614	12.880	100000	12.870	121000	12.860	1700	12.850	941650	12.920	1500	12.930	20200	12.940	1230	12.950	449458	12.960	10000	/16842753//160416976/12490330/12.9/13.34//2008-9-18 9:39:36
1/600000/浦发银行/12.960	800	12.950	297720	12.940	4000	12.930	21000	12.920	33500	12.980	509712	12.990	468617	13.000	540465	13.010	2200	13.020	6900	/16842753//175105552/13624478/12.98/13.34//2008-9-18 9:40:36
1/600000/浦发银行/12.970	105200	12.950	33000	12.940	22100	12.930	3400	12.920	27300	12.980	90622	12.990	21000	13.000	534925	13.010	2200	13.020	6900	/16842753//193071696/15010098/12.97/13.34//2008-9-18 9:41:37
1/600000/浦发银行/12.960	86200	12.950	80500	12.940	21800	12.930	9800	12.920	26000	12.980	2200	13.000	397737	13.010	3700	13.020	6900	13.030	2500	/16842753//201014224/15621898/12.96/13.34//2008-9-18 9:42:37
1/600000/浦发银行/13.000	9009	12.980	1200	12.970	41900	12.960	67022	12.950	18800	13.010	3300	13.020	6900	13.030	4000	13.050	6000	13.060	200	/16842753//216288096/16797668/13.0/13.34//2008-9-18 9:43:37
1/600000/浦发银行/13.020	4700	13.010	15400	13.000	133180	12.980	40014	12.970	137900	13.030	700	13.040	700	13.050	6200	13.060	53600	13.070	600	/16842753//220140016/17093882/13.02/13.34//2008-9-18 9:44:37
1/600000/浦发银行/12.980	36114	12.970	110000	12.960	68122	12.950	33700	12.940	2200	13.000	76500	13.020	55700	13.030	36800	13.040	300	13.050	24500	/16842753//224245056/17409562/13.0/13.34//2008-9-18 9:45:37
1/600000/浦发银行/13.000	217601	12.990	500	12.980	400	12.970	700	12.960	19336	13.020	6700	13.030	22600	13.040	13900	13.050	23050	13.060	54700	/16842753//233415712/18115660/13.0/13.34//2008-9-18 9:46:38
1/600000/浦发银行/12.990	400	12.980	7200	12.970	20700	12.960	11300	12.950	33800	13.000	20049	13.020	4900	13.030	57598	13.040	4000	13.050	13080	/16842753//238917312/18538662/13.0/13.34//2008-9-18 9:47:38
1/600000/浦发银行/13.020	12600	13.000	158600	12.990	25151	12.980	6500	12.970	15900	13.030	51900	13.040	2100	13.050	30380	13.060	56200	13.070	5300	/16842753//242420880/18808112/13.02/13.34//2008-9-18 9:48:38
1/600000/浦发银行/13.070	88200	13.060	37100	13.050	6300	13.040	70120	13.030	86000	13.080	800	13.090	300	13.100	239130	13.110	2300	13.120	1300	/16842753//248927744/19306292/13.08/13.34//2008-9-18 9:49:39
1/600000/浦发银行/13.090	2000	13.070	32846	13.060	19000	13.050	8300	13.040	70120	13.100	69135	13.130	90386	13.140	47200	13.150	30350	13.160	7700	/16842753//256332592/19871844/13.1/13.34//2008-9-18 9:50:39
1/600000/浦发银行/12.990	20751	12.980	5100	12.970	6200	12.960	11000	12.950	21400	13.000	10000	13.010	50400	13.020	31000	13.030	47700	13.040	195100	/16842753//263132736/20393992/13.0/13.34//2008-9-18 9:51:39
1/600000/浦发银行/12.910	100	12.900	229700	12.890	2500	12.880	20500	12.860	18800	12.970	200	12.980	35500	12.990	109119	13.000	69500	13.010	2000	/16842753//266658240/20666542/12.9/13.34//2008-9-18 9:52:39
1/600000/浦发银行/12.920	94200	12.910	6400	12.900	131418	12.890	11400	12.880	30000	12.950	2700	12.970	3900	12.980	71990	12.990	61500	13.000	147200	/16842753//271925440/21074324/12.95/13.34//2008-9-18 9:53:40
1/600000/浦发银行/12.950	24166	12.930	43000	12.920	183470	12.910	57200	12.900	348618	12.970	15000	12.980	59590	12.990	65700	13.000	125800	13.010	1000	/16842753//273142752/21168388/12.97/13.34//2008-9-18 9:54:40
1/600000/浦发银行/12.980	25000	12.970	2200	12.960	213701	12.950	6666	12.940	100	12.990	27390	13.000	129500	13.010	3700	13.020	1200	13.030	4900	/16842753//275658912/21362388/12.98/13.34//2008-9-18 9:55:40
1/600000/浦发银行/13.010	600	13.000	294090	12.990	45900	12.980	28710	12.970	45200	13.040	1000	13.050	23100	13.060	2100	13.080	4100	13.090	400	/16842753//280214144/21712788/13.0/13.34//2008-9-18 9:56:41
1/600000/浦发银行/13.050	2800	13.040	4000	13.030	800	13.020	2800	13.010	3700	13.070	600	13.080	11300	13.090	61000	13.100	259860	13.110	5300	/16842753//284020608/22005200/13.05/13.34//2008-9-18 9:57:41
1/600000/浦发银行/13.020	3200	13.010	4600	13.000	1900	12.990	43500	12.980	28710	13.040	9900	13.050	2200	13.060	297000	13.070	104100	13.080	18700	/16842753//295426112/22879676/13.02/13.34//2008-9-18 9:58:41
1/600000/浦发银行/13.010	1200	13.000	132900	12.990	42700	12.980	28110	12.970	38800	13.030	1500	13.040	9500	13.050	7600	13.060	1200	13.070	3500	/16842753//295914016/22917176/13.01/13.34//2008-9-18 9:59:41
1/600000/浦发银行/13.040	100000	13.030	270	13.020	23000	13.010	158100	13.000	456500	13.050	4500	13.060	1200	13.070	3500	13.080	3500	13.090	5900	/16842753//298220800/23094108/13.03/13.34//2008-9-18 10:0:42
1/600000/浦发银行/13.070	600	13.060	2500	13.050	19100	13.040	49961	13.030	7000	13.080	200	13.090	4900	13.100	57713	13.110	3300	13.120	5600	/16842753//301385984/23336176/13.07/13.34//2008-9-18 10:1:42
1/600000/浦发银行/13.020	15200	13.010	154100	13.000	456000	12.990	43600	12.980	27610	13.030	329	13.040	9200	13.050	42396	13.060	84400	13.070	2490	/16842753//303109088/23468236/13.02/13.06//2008-9-18 10:2:42
1/600000/浦发银行/13.010	5073	13.000	558200	12.990	38600	12.980	27210	12.970	127700	13.060	83900	13.070	90	13.080	11100	13.090	1600	13.100	167423	/16842753//307406880/23798264/13.01/13.06//2008-9-18 10:3:42
1/600000/浦发银行/13.020	669447	13.010	150800	13.000	716573	12.990	4900	12.980	37210	13.030	10400	13.050	31100	13.060	19300	13.070	290	13.080	11100	/16842753//327422656/25337316/13.02/13.06//2008-9-18 10:4:43
1/600000/浦发银行/13.060	100	13.030	20955	13.020	153700	13.010	2000	13.000	219000	13.080	98500	13.090	13000	13.100	92513	13.110	3200	13.120	3900	/16842753//337412064/26102862/13.08/13.06//2008-9-18 10:5:43
1/600000/浦发银行/13.200	6800	13.150	135503	13.140	5800	13.130	26500	13.120	9687	13.210	700	13.230	3100	13.240	29499	13.250	12100	13.260	1300	/16842753//348727136/26965400/13.2/13.06//2008-9-18 10:6:43
1/600000/浦发银行/13.300	171170	13.290	3300	13.280	1100	13.260	13257	13.250	5600	13.330	10790	13.340	72600	13.350	66850	13.380	21000	13.390	12900	/16842753//370111968/28578360/13.3/13.06//2008-9-18 10:7:44
1/600000/浦发银行/13.320	9600	13.310	500	13.300	47290	13.290	8600	13.260	100	13.330	60499	13.340	51991	13.350	55840	13.360	9000	13.370	500	/16842753//377940224/29166040/13.33/13.06//2008-9-18 10:8:44
1/600000/浦发银行/13.220	4500	13.210	2200	13.200	19200	13.190	100	13.180	8400	13.280	2300	13.290	6300	13.300	206500	13.320	5000	13.330	3300	/16842753//386061888/29776228/13.28/13.06//2008-9-18 10:9:44
1/600000/浦发银行/13.200	97300	13.190	978	13.180	8500	13.170	55500	13.160	70200	13.220	41400	13.250	99200	13.270	24560	13.290	14210	13.300	208400	/16842753//390942816/30144652/13.22/13.06//2008-9-18 10:10:44
1/600000/浦发银行/13.250	1800	13.240	29069	13.230	7400	13.220	35100	13.210	33200	13.260	1600	13.270	27460	13.280	53200	13.290	17210	13.300	214000	/16842753//393643616/30348692/13.24/13.06//2008-9-18 10:11:45
1/600000/浦发银行/13.280	47440	13.260	22190	13.250	68700	13.240	30469	13.230	10900	13.300	197610	13.310	200	13.320	1500	13.330	2300	13.340	21300	/16842753//397192576/30616062/13.3/13.06//2008-9-18 10:12:45
1/600000/浦发银行/13.300	71400	13.290	17500	13.280	47600	13.270	16700	13.260	35790	13.310	300	13.330	3000	13.340	13810	13.350	34280	13.360	14500	/16842753//400626144/30874192/13.31/13.06//2008-9-18 10:13:45
1/600000/浦发银行/13.190	6178	13.180	11800	13.170	66100	13.160	26500	13.150	18600	13.200	46231	13.220	500	13.280	14200	13.290	82500	13.300	224510	/16842753//407357984/31381752/13.2/13.06//2008-9-18 10:14:46
1/600000/浦发银行/13.200	47124	13.180	16378	13.170	63100	13.160	16400	13.150	18100	13.240	2031	13.250	161600	13.260	1700	13.280	20600	13.290	43334	/16842753//409051200/31510028/13.24/13.06//2008-9-18 10:15:46
1/600000/浦发银行/13.220	25300	13.210	43800	13.200	178300	13.190	80500	13.180	39578	13.250	59667	13.280	5900	13.290	39000	13.300	225610	13.310	100	/16842753//412283456/31754484/13.25/13.06//2008-9-18 10:16:46
1/600000/浦发银行/13.300	218070	13.290	34900	13.280	69300	13.270	500	13.260	11400	13.320	50780	13.330	2500	13.340	136750	13.350	38780	13.360	14600	/16842753//416914944/32102982/13.3/13.06//2008-9-18 10:17:47
1/600000/浦发银行/13.380	76870	13.370	1000	13.360	3500	13.350	37680	13.340	138600	13.390	113890	13.400	71900	13.410	700	13.420	4500	13.430	106900	/16842753//421237088/32426992/13.39/13.06//2008-9-18 10:18:47
1/600000/浦发银行/13.380	25500	13.360	1500	13.350	7780	13.340	24000	13.330	9600	13.390	70200	13.400	150180	13.410	21301	13.420	154000	13.430	60000	/16842753//432300096/33252792/13.39/13.06//2008-9-18 10:19:47
1/600000/浦发银行/13.340	1100	13.330	6800	13.320	3400	13.310	10200	13.300	63710	13.350	68200	13.360	8100	13.370	12300	13.380	59220	13.390	48900	/16842753//439059616/33759372/13.35/13.06//2008-9-18 10:20:48
1/600000/浦发银行/13.320	10000	13.310	15100	13.300	97210	13.290	10500	13.280	5300	13.340	3500	13.350	56200	13.360	10600	13.370	7800	13.380	23720	/16842753//441915232/33973472/13.34/13.06//2008-9-18 10:21:48
1/600000/浦发银行/13.300	2700	13.280	5100	13.260	6400	13.250	45800	13.240	2400	13.330	16300	13.340	177543	13.350	25820	13.360	10800	13.370	7300	/16842753//449388640/34534784/13.29/13.06//2008-9-18 10:22:48
1/600000/浦发银行/13.230	8000	13.220	17600	13.210	22900	13.200	67900	13.190	2300	13.250	6768	13.260	1800	13.280	16709	13.300	2400	13.310	2000	/16842753//451714400/34710080/13.25/13.06//2008-9-18 10:23:48
1/600000/浦发银行/13.270	1700	13.260	59200	13.250	41000	13.230	67000	13.220	56700	13.290	3600	13.300	153190	13.310	1300	13.320	19300	13.330	38500	/16842753//452933888/34802028/13.27/13.06//2008-9-18 10:24:49
1/600000/浦发银行/13.280	7300	13.270	25400	13.260	52732	13.250	58000	13.240	600	13.290	2200	13.300	105090	13.310	2300	13.320	18300	13.330	37700	/16842753//454332800/34907296/13.28/13.06//2008-9-18 10:25:49
1/600000/浦发银行/13.270	17300	13.260	21200	13.250	57500	13.240	1100	13.230	74600	13.280	6200	13.290	11900	13.300	66058	13.310	2300	13.320	16200	/16842753//458301056/35205896/13.28/13.06//2008-9-18 10:26:49
1/600000/浦发银行/13.290	17877	13.270	5200	13.260	18032	13.250	48900	13.240	15200	13.300	60758	13.310	2300	13.320	17100	13.330	12500	13.340	108920	/16842753//459921440/35327888/13.29/13.06//2008-9-18 10:27:50
1/600000/浦发银行/13.270	10900	13.260	46932	13.250	48100	13.240	15200	13.230	32800	13.280	109400	13.290	34521	13.300	13458	13.310	2300	13.320	17100	/16842753//462354752/35510964/13.28/13.06//2008-9-18 10:28:50
1/600000/浦发银行/13.290	25379	13.280	114632	13.270	7270	13.260	49032	13.250	50000	13.300	1000	13.320	15558	13.330	12700	13.340	109340	13.350	19920	/16842753//465276192/35730880/13.29/13.06//2008-9-18 10:29:50
1/600000/浦发银行/13.270	870	13.260	15432	13.250	32100	13.240	15400	13.230	35800	13.280	151744	13.300	5700	13.310	300	13.320	4019	13.330	22200	/16842753//469759264/36068260/13.28/13.06//2008-9-18 10:30:51
1/600000/浦发银行/13.200	43107	13.190	1600	13.180	18478	13.170	5800	13.160	14100	13.230	201559	13.240	35700	13.250	67400	13.260	54400	13.270	1000	/16842753//474008832/36389156/13.23/13.06//2008-9-18 10:31:51
1/600000/浦发银行/13.130	9407	13.120	2400	13.110	3000	13.100	26100	13.090	2200	13.150	3087	13.160	800	13.170	17900	13.180	5200	13.190	54244	/16842753//475858560/36529536/13.15/13.06//2008-9-18 10:32:51
1/600000/浦发银行/13.130	66300	13.120	12107	13.110	20539	13.100	44807	13.090	2100	13.140	1500	13.150	3587	13.160	460	13.170	8900	13.180	300	/16842753//476983648/36615288/13.13/13.06//2008-9-18 10:33:52
1/600000/浦发银行/13.170	100	13.160	15147	13.150	98000	13.140	83000	13.130	59551	13.180	200	13.190	50744	13.200	120000	13.230	1259	13.240	2000	/16842753//477958624/36689488/13.18/13.06//2008-9-18 10:34:52
1/600000/浦发银行/13.180	1100	13.170	51000	13.160	300	13.150	63749	13.140	81700	13.200	75300	13.240	2000	13.250	1000	13.270	300	13.290	1300	/16842753//480451008/36878588/13.18/13.06//2008-9-18 10:35:52
1/600000/浦发银行/13.250	900	13.240	1500	13.210	1000	13.200	70446	13.190	25500	13.270	300	13.280	10000	13.290	103000	13.300	10200	13.310	2000	/16842753//481861600/36985440/13.25/13.06//2008-9-18 10:36:53
1/600000/浦发银行/13.190	25000	13.180	3300	13.170	11800	13.160	4000	13.150	13700	13.200	4388	13.240	21900	13.250	34600	13.260	8100	13.270	41800	/16842753//484168704/37159688/13.2/13.06//2008-9-18 10:37:53
1/600000/浦发银行/13.200	86358	13.190	19000	13.180	3800	13.170	11800	13.160	4100	13.240	2900	13.250	49900	13.260	8600	13.270	31000	13.280	5300	/16842753//485236288/37240528/13.2/13.06//2008-9-18 10:38:53
1/600000/浦发银行/13.220	2300	13.210	5107	13.200	54096	13.190	19500	13.180	3700	13.240	1500	13.250	49300	13.260	8600	13.270	31000	13.280	5300	/16842753//485882752/37289484/13.22/13.06//2008-9-18 10:39:54
1/600000/浦发银行/13.180	3500	13.170	11800	13.160	4200	13.150	14000	13.140	20300	13.190	19993	13.200	103915	13.210	3000	13.220	18493	13.230	300	/16842753//488103968/37457688/13.19/13.06//2008-9-18 10:40:54
1/600000/浦发银行/13.190	36562	13.180	1100	13.170	6300	13.160	9600	13.150	19700	13.200	97665	13.210	3200	13.220	18493	13.230	300	13.240	1200	/16842753//489225120/37542728/13.2/13.06//2008-9-18 10:41:54
1/600000/浦发银行/13.180	16300	13.170	2907	13.160	6000	13.150	22100	13.140	18600	13.190	100	13.200	27484	13.210	3000	13.220	18493	13.230	300	/16842753//491043936/37680580/13.19/13.06//2008-9-18 10:42:55
1/600000/浦发银行/13.200	8323	13.190	52200	13.180	26539	13.170	12400	13.160	9100	13.210	1400	13.220	18493	13.230	300	13.240	500	13.250	26000	/16842753//492023552/37754820/13.2/13.06//2008-9-18 10:43:55
1/600000/浦发银行/13.180	29739	13.170	1400	13.160	9100	13.150	30700	13.140	15800	13.190	108454	13.200	51300	13.210	23427	13.220	17893	13.230	300	/16842753//493426528/37861144/13.19/13.06//2008-9-18 10:44:56
1/600000/浦发银行/13.110	2746	13.090	2100	13.080	5500	13.070	6800	13.060	5200	13.120	500	13.130	5300	13.150	6800	13.170	56000	13.180	60161	/16842753//496943840/38128840/13.1/13.06//2008-9-18 10:45:56
1/600000/浦发银行/13.050	200	13.000	205214	12.990	4200	12.980	7300	12.970	1600	13.100	41100	13.120	10700	13.130	1900	13.150	7100	13.170	56200	/16842753//504267872/38690344/13.1/13.06//2008-9-18 10:46:56
1/600000/浦发银行/13.020	500	13.010	12100	13.000	11560	12.990	3900	12.980	8400	13.060	31560	13.070	1500	13.090	53000	13.100	223100	13.120	10700	/16842753//510215008/39147200/13.05/13.06//2008-9-18 10:47:57
1/600000/浦发银行/13.010	34710	13.000	33417	12.990	43900	12.980	36739	12.970	138900	13.030	590	13.040	100	13.050	2000	13.060	30860	13.080	2700	/16842753//511833856/39271696/13.01/13.06//2008-9-18 10:48:57
1/600000/浦发银行/13.010	78166	13.000	128417	12.990	44100	12.980	9039	12.970	108800	13.030	800	13.040	300	13.050	101300	13.060	29160	13.080	2700	/16842753//514092960/39445240/13.05/13.06//2008-9-18 10:49:57
1/600000/浦发银行/13.010	4900	13.000	38100	12.990	44100	12.980	9639	12.970	56200	13.030	2000	13.040	300	13.050	35420	13.060	7700	13.080	2700	/16842753//520427456/39932020/13.01/13.06//2008-9-18 10:50:58
1/600000/浦发银行/13.030	200	13.020	900	13.010	21107	13.000	125439	12.990	45500	13.050	9620	13.060	3700	13.080	2900	13.090	40450	13.100	208200	/16842753//521910208/40045876/13.05/13.06//2008-9-18 10:51:58
1/600000/浦发银行/13.060	3800	13.050	2000	13.040	200	13.030	10007	13.020	66219	13.080	6500	13.090	10650	13.100	209113	13.110	1500	13.120	4900	/16842753//524562048/40249648/13.06/13.06//2008-9-18 10:52:58
1/600000/浦发银行/13.070	600	13.060	13462	13.050	4707	13.040	14000	13.030	30107	13.080	400	13.100	173863	13.110	1500	13.120	4900	13.150	5000	/16842753//526565312/40402880/13.08/13.06//2008-9-18 10:53:59
1/600000/浦发银行/13.010	145493	13.000	178046	12.990	45400	12.980	10439	12.970	105100	13.050	50199	13.060	1300	13.090	92400	13.100	125763	13.110	1500	/16842753//529867200/40655844/13.05/13.06//2008-9-18 10:54:59
1/600000/浦发银行/13.050	14707	13.040	600	13.020	34100	13.010	37800	13.000	222878	13.060	200	13.070	700	13.080	1800	13.090	94000	13.100	124963	/16842753//534772704/41032796/13.06/13.06//2008-9-18 10:56:0
1/600000/浦发银行/13.020	28857	13.010	48500	13.000	529378	12.990	45400	12.980	10539	13.030	5200	13.040	800	13.050	1000	13.070	52354	13.080	27300	/16842753//535862880/41116348/13.03/13.06//2008-9-18 10:57:0
1/600000/浦发银行/12.990	47200	12.980	9439	12.970	102100	12.960	311800	12.950	32500	13.000	54639	13.010	1400	13.030	2130	13.040	6700	13.050	2800	/16842753//542072704/41593880/13.0/13.06//2008-9-18 10:58:0
1/600000/浦发银行/12.980	44147	12.970	102400	12.960	303800	12.950	30600	12.940	81500	12.990	20686	13.000	412899	13.020	20700	13.030	2130	13.040	3500	/16842753//543126400/41674976/12.99/13.06//2008-9-18 10:59:1
1/600000/浦发银行/12.960	109207	12.950	200	12.910	153000	12.900	295500	12.890	4200	12.980	19400	12.990	129808	13.000	29839	13.020	20700	13.030	1199	/16842753//553535744/42478512/12.98/13.06//2008-9-18 11:0:1
1/600000/浦发银行/12.930	15707	12.920	61800	12.910	277700	12.900	325300	12.890	4200	12.950	200	12.960	11200	12.970	1000	12.980	1100	12.990	27594	/16842753//556792000/42729512/12.96/13.06//2008-9-18 11:1:2
1/600000/浦发银行/13.000	38467	12.990	3600	12.980	22407	12.970	48600	12.960	97407	13.020	10700	13.030	1199	13.040	1500	13.050	4500	13.070	55354	/16842753//558226304/42839932/13.0/13.06//2008-9-18 11:2:2
1/600000/浦发银行/13.060	21937	13.050	199960	13.020	18100	13.010	8500	13.000	232267	13.070	3100	13.080	3000	13.090	100	13.100	26903	13.120	5400	/16842753//561796224/43112784/13.07/13.06//2008-9-18 11:3:2
1/600000/浦发银行/13.020	14500	13.010	58500	13.000	98567	12.990	101200	12.980	83000	13.050	36700	13.060	4500	13.070	122193	13.080	56330	13.090	700	/16842753//569147200/43675480/13.05/13.06//2008-9-18 11:4:3
1/600000/浦发银行/13.050	61500	13.030	3000	13.020	2500	13.010	34507	13.000	275400	13.060	5400	13.070	117393	13.080	5600	13.090	2700	13.100	87107	/16842753//575604288/44171440/13.05/13.06//2008-9-18 11:5:3
1/600000/浦发银行/13.050	36358	13.030	4600	13.020	27500	13.010	63400	13.000	387607	13.060	1500	13.070	117093	13.080	3700	13.090	2700	13.100	87507	/16842753//580084864/44515512/13.06/13.06//2008-9-18 11:6:4
1/600000/浦发银行/13.100	38865	13.090	3000	13.080	14807	13.070	34281	13.060	69707	13.120	5600	13.140	100	13.150	6600	13.160	300	13.170	3600	/16842753//583249664/44757420/13.1/13.06//2008-9-18 11:7:4
1/600000/浦发银行/13.120	121607	13.100	52172	13.090	101800	13.080	12807	13.070	37581	13.130	3130	13.150	123000	13.160	25040	13.170	1200	13.180	2500	/16842753//584184320/44828608/13.13/13.06//2008-9-18 11:8:4
1/600000/浦发银行/13.140	22500	13.130	9407	13.120	119214	13.100	44972	13.090	101800	13.150	88500	13.160	7500	13.180	30140	13.190	52130	13.200	20900	/16842753//586848512/45031192/13.14/13.06//2008-9-18 11:9:5
1/600000/浦发银行/13.150	143398	13.140	13257	13.130	8007	13.120	119214	13.100	46272	13.160	48400	13.180	38940	13.190	50360	13.200	29200	13.210	23227	/16842753//588710080/45172736/13.16/13.06//2008-9-18 11:10:5
1/600000/浦发银行/13.130	2297	13.120	119214	13.100	46972	13.090	101800	13.080	12200	13.140	22100	13.150	15000	13.160	59300	13.170	10470	13.180	49340	/16842753//591847488/45411304/13.14/13.06//2008-9-18 11:11:6
1/600000/浦发银行/13.110	8000	13.100	15700	13.090	100800	13.080	11300	13.070	36481	13.120	200	13.130	5175	13.140	200	13.150	56800	13.160	66500	/16842753//594145472/45586416/13.13/13.06//2008-9-18 11:12:6
1/600000/浦发银行/13.090	800	13.080	11300	13.070	36381	13.060	23207	13.050	6600	13.100	1068	13.130	12700	13.140	4120	13.150	56464	13.160	60500	/16842753//595188224/45665912/13.1/13.06//2008-9-18 11:13:7
1/600000/浦发银行/13.100	40952	13.090	300	13.080	10507	13.070	36381	13.060	23207	13.110	400	13.130	13500	13.140	18720	13.150	54864	13.160	60500	/16842753//595645120/45700756/13.1/13.06//2008-9-18 11:14:7
1/600000/浦发银行/13.110	6577	13.100	44659	13.090	1300	13.080	10507	13.070	36381	13.130	12300	13.140	12420	13.150	58564	13.160	60500	13.170	7470	/16842753//596904256/45796772/13.11/13.06//2008-9-18 11:15:7
1/600000/浦发银行/13.120	9100	13.110	22117	13.100	28059	13.090	1300	13.080	10507	13.130	11600	13.140	21220	13.150	54564	13.160	60500	13.170	7470	/16842753//597899904/45872732/13.12/13.06//2008-9-18 11:16:8
1/600000/浦发银行/13.150	2300	13.140	1000	13.130	68116	13.120	3400	13.110	21900	13.160	104100	13.170	7470	13.180	9600	13.190	50430	13.200	301800	/16842753//600233472/46050316/13.13/13.06//2008-9-18 11:17:8
1/600000/浦发银行/13.150	7000	13.140	2700	13.130	59816	13.120	3100	13.110	4200	13.160	15940	13.170	7470	13.180	23100	13.190	52429	13.200	254300	/16842753//602094720/46191716/13.16/13.06//2008-9-18 11:18:9
1/600000/浦发银行/13.120	3100	13.110	4300	13.100	24959	13.090	1300	13.080	8007	13.130	15700	13.140	14400	13.150	60900	13.160	7540	13.170	12300	/16842753//602537984/46225416/13.13/13.06//2008-9-18 11:19:9
1/600000/浦发银行/13.150	91690	13.130	20800	13.120	1100	13.110	2100	13.100	102659	13.200	11719	13.210	24827	13.220	15993	13.240	2000	13.250	500	/16842753//609444800/46749624/13.2/13.06//2008-9-18 11:20:10
1/600000/浦发银行/13.180	2500	13.170	500	13.160	2700	13.150	57990	13.130	20000	13.190	3600	13.200	38869	13.210	24827	13.220	15993	13.230	2000	/16842753//610055168/46796024/13.18/13.06//2008-9-18 11:21:10
1/600000/浦发银行/13.180	200	13.170	1400	13.160	9000	13.150	56590	13.130	20000	13.190	2899	13.200	1700	13.210	24827	13.220	15993	13.230	2000	/16842753//613096896/47026524/13.18/13.06//2008-9-18 11:22:10
1/600000/浦发银行/13.200	50000	13.180	13300	13.170	1400	13.160	7800	13.150	108090	13.230	200	13.250	27900	13.260	125800	13.270	30300	13.280	4900	/16842753//616033216/47248464/13.25/13.06//2008-9-18 11:23:11
1/600000/浦发银行/13.210	15500	13.200	14146	13.190	500	13.180	13600	13.170	1400	13.230	12000	13.240	78801	13.250	53288	13.260	126400	13.270	31300	/16842753//616915008/47315216/13.21/13.06//2008-9-18 11:24:11
1/600000/浦发银行/13.190	1500	13.180	14600	13.170	2400	13.160	8000	13.150	106290	13.200	2454	13.210	3300	13.220	21100	13.230	5500	13.240	85601	/16842753//617504640/47359864/13.2/13.06//2008-9-18 11:25:12
1/600000/浦发银行/13.170	1900	13.160	8900	13.150	106890	13.130	20000	13.120	600	13.180	8700	13.200	8622	13.210	600	13.220	54500	13.230	10100	/16842753//618447936/47431364/13.17/13.06//2008-9-18 11:26:12
1/600000/浦发银行/13.150	21590	13.130	20000	13.120	600	13.110	2900	13.100	134159	13.160	21740	13.170	32700	13.180	44200	13.190	12400	13.200	47522	/16842753//620253120/47568564/13.15/13.06//2008-9-18 11:27:13
1/600000/浦发银行/13.130	13900	13.120	600	13.110	15600	13.100	134359	13.090	1300	13.150	12800	13.160	24850	13.170	31900	13.180	44500	13.190	12700	/16842753//621115712/47634152/13.13/13.06//2008-9-18 11:28:13
1/600000/浦发银行/13.120	2100	13.110	16800	13.100	140159	13.090	1300	13.080	7907	13.150	67150	13.160	1500	13.170	100	13.180	13200	13.190	2400	/16842753//625891776/47996856/13.15/13.06//2008-9-18 11:29:14
1/600000/浦发银行/13.100	63859	13.090	1300	13.080	7907	13.070	38681	13.060	5800	13.120	5700	13.130	500	13.140	4700	13.150	44340	13.160	2200	/16842753//628225088/48174752/13.12/13.06//2008-9-18 11:30:14
1/600000/浦发银行/13.100	63859	13.090	1300	13.080	7907	13.070	38681	13.060	5800	13.120	5700	13.130	500	13.140	4700	13.150	44340	13.160	2200	/16842753//628225088/48174752/13.12/13.06//2008-9-18 11:31:15
1/600000/浦发银行/12.910	13811	12.900	12500	12.890	39600	12.880	29500	12.870	1000	12.930	500	12.940	7400	12.990	51100	13.000	80900	13.010	3000	/16842753//662929472/50848504/12.91/13.06//2008-9-18 13:1:15
1/600000/浦发银行/12.960	200	12.950	2000	12.940	83000	12.930	3000	12.920	36200	12.970	11400	12.980	113100	13.000	81900	13.070	7100	13.090	1100	/16842753//667226816/51181104/12.96/13.06//2008-9-18 13:2:16
1/600000/浦发银行/12.960	12800	12.950	173200	12.940	193840	12.930	8200	12.920	26300	12.970	56700	12.980	18600	12.990	5500	13.000	81800	13.050	4500	/16842753//669900416/51387264/12.97/13.06//2008-9-18 13:3:16
1/600000/浦发银行/12.980	41100	12.970	31940	12.960	87600	12.950	148500	12.940	53840	12.990	1500	13.000	83600	13.050	4500	13.070	500	13.090	4100	/16842753//672283072/51571024/12.98/13.06//2008-9-18 13:4:17
1/600000/浦发银行/13.070	8400	13.050	1500	13.020	1000	13.010	38900	13.000	297400	13.080	2100	13.090	4000	13.100	258870	13.110	1100	13.120	7700	/16842753//676715840/51911952/13.07/13.06//2008-9-18 13:5:17
1/600000/浦发银行/13.010	17800	13.000	136300	12.990	8070	12.980	27500	12.970	19800	13.040	900	13.050	32100	13.060	1200	13.070	6300	13.080	3790	/16842753//680647040/52213752/13.04/13.06//2008-9-18 13:6:18
1/600000/浦发银行/13.040	47640	13.020	400	13.010	21400	13.000	140300	12.990	8070	13.060	1100	13.070	6400	13.080	7490	13.090	33300	13.100	260170	/16842753//682862464/52383712/13.04/13.06//2008-9-18 13:7:18
1/600000/浦发银行/13.030	1000	13.020	100	13.010	47740	13.000	146900	12.990	8070	13.040	78900	13.050	3300	13.060	1100	13.070	10100	13.080	8290	/16842753//684522752/52511112/13.04/13.06//2008-9-18 13:8:19
1/600000/浦发银行/13.040	30500	13.030	1400	13.020	27100	13.010	28400	13.000	223000	13.050	48300	13.060	200	13.070	1205	13.080	9590	13.090	10000	/16842753//687314112/52725016/13.04/13.06//2008-9-18 13:9:19
1/600000/浦发银行/13.030	5000	13.010	2800	13.000	214400	12.990	6500	12.980	28000	13.050	600	13.060	10100	13.070	2405	13.080	10590	13.090	16000	/16842753//689452992/52889112/13.01/13.06//2008-9-18 13:10:20
1/600000/浦发银行/12.990	3500	12.980	28000	12.970	3800	12.960	37140	12.950	143600	13.010	3100	13.020	272560	13.030	5100	13.040	13000	13.050	27470	/16842753//696955520/53466016/13.0/13.06//2008-9-18 13:11:20
1/600000/浦发银行/12.970	3700	12.960	22740	12.950	128200	12.940	1500	12.930	6500	12.980	6100	12.990	3700	13.000	800	13.010	21700	13.020	1100	/16842753//699623168/53671312/12.98/13.06//2008-9-18 13:12:21
1/600000/浦发银行/12.990	500	12.980	18600	12.970	21300	12.960	26740	12.950	228700	13.000	29600	13.010	21900	13.020	900	13.030	5700	13.040	13000	/16842753//703161728/53943512/13.0/13.06//2008-9-18 13:13:21
1/600000/浦发银行/13.050	19550	13.020	35500	13.010	52011	13.000	358017	12.990	34900	13.060	15560	13.070	1105	13.080	7390	13.090	17800	13.100	252970	/16842753//706307840/54185336/13.05/13.06//2008-9-18 13:14:22
1/600000/浦发银行/13.030	10300	13.020	51500	13.010	125161	13.000	147117	12.990	40700	13.060	33100	13.080	17702	13.090	34755	13.100	261020	13.110	1100	/16842753//708786688/54375336/13.06/13.06//2008-9-18 13:15:22
1/600000/浦发银行/13.020	3500	13.010	71517	13.000	146617	12.990	26000	12.980	30600	13.040	1900	13.050	77100	13.060	28850	13.080	16400	13.090	56155	/16842753//712066944/54626980/13.05/13.06//2008-9-18 13:16:23
1/600000/浦发银行/13.020	26502	13.010	81217	13.000	130117	12.990	26900	12.980	31100	13.040	3800	13.050	3100	13.060	22450	13.080	16900	13.090	57254	/16842753//717676224/55057376/13.02/13.06//2008-9-18 13:17:23
1/600000/浦发银行/13.030	4736	13.010	300	13.000	447100	12.990	13700	12.980	30700	13.050	31800	13.060	30050	13.080	8431	13.090	58454	13.100	257530	/16842753//723982784/55541880/13.05/13.06//2008-9-18 13:18:24
1/600000/浦发银行/13.110	7500	13.100	84845	13.090	1000	13.080	5000	13.070	3000	13.130	16900	13.140	10000	13.150	47640	13.160	10500	13.170	200	/16842753//731298112/56100684/13.11/13.06//2008-9-18 13:19:24
1/600000/浦发银行/13.200	16000	13.180	80900	13.160	900	13.150	152660	13.140	2100	13.210	1800	13.220	58500	13.230	3230	13.240	24901	13.250	28838	/16842753//741019584/56838524/13.2/13.06//2008-9-18 13:20:25
1/600000/浦发银行/13.220	33600	13.210	22200	13.200	11978	13.190	3000	13.180	42700	13.240	116000	13.310	1600	13.320	1219	13.330	5200	13.340	16380	/16842753//752836288/57730444/13.25/13.06//2008-9-18 13:21:25
1/600000/浦发银行/13.260	3000	13.250	25400	13.240	3400	13.220	29500	13.210	20200	13.280	2100	13.300	35062	13.310	600	13.320	14500	13.330	6519	/16842753//758862592/58184244/13.28/13.06//2008-9-18 13:22:26
1/600000/浦发银行/13.340	900	13.330	5100	13.320	8700	13.310	11200	13.300	219200	13.350	49571	13.360	5530	13.370	3600	13.380	22520	13.390	80600	/16842753//768271872/58890364/13.34/13.06//2008-9-18 13:23:26
1/600000/浦发银行/13.400	392406	13.390	66500	13.380	12900	13.370	3300	13.360	17000	13.420	14900	13.430	70851	13.440	13400	13.450	228350	13.460	23400	/16842753//777345216/59568264/13.42/13.06//2008-9-18 13:24:27
1/600000/浦发银行/13.500	230900	13.490	8300	13.470	5800	13.460	61998	13.450	46600	13.550	94130	13.560	11000	13.580	27500	13.590	5400	13.600	318700	/16842753//794118080/60812656/13.5/13.06//2008-9-18 13:25:27
1/600000/浦发银行/13.490	19700	13.480	1000	13.470	9800	13.460	62800	13.450	22700	13.500	40292	13.510	14800	13.520	2000	13.530	168700	13.540	108400	/16842753//805281152/61639056/13.5/13.06//2008-9-18 13:26:28
1/600000/浦发银行/13.430	1800	13.410	18400	13.400	34500	13.390	104400	13.380	14000	13.450	82490	13.460	23600	13.470	101099	13.480	19250	13.490	108300	/16842753//809009792/61915856/13.43/13.06//2008-9-18 13:27:28
1/600000/浦发银行/13.420	12100	13.410	38720	13.400	61800	13.390	104400	13.380	11900	13.430	15250	13.440	2020	13.450	91240	13.460	4650	13.470	32599	/16842753//812607424/62183936/13.42/13.06//2008-9-18 13:28:29
1/600000/浦发银行/13.510	26000	13.500	10950	13.470	96521	13.460	27400	13.450	178800	13.530	920	13.540	22900	13.550	326130	13.560	16100	13.570	105800	/16842753//819236416/62675624/13.53/13.06//2008-9-18 13:29:29
1/600000/浦发银行/13.570	4800	13.550	54320	13.540	53800	13.530	32600	13.520	31700	13.580	800	13.590	24962	13.600	328500	13.610	124500	13.620	3800	/16842753//831477696/63578864/13.55/13.06//2008-9-18 13:30:30
1/600000/浦发银行/13.540	1000	13.520	27700	13.510	4000	13.500	32150	13.490	900	13.550	9801	13.560	100	13.570	200	13.580	63400	13.590	34741	/16842753//856130560/65395384/13.55/13.06//2008-9-18 13:31:30
1/600000/浦发银行/13.590	107400	13.580	700	13.570	76700	13.560	52700	13.550	166790	13.600	93416	13.610	127900	13.620	15600	13.630	5900	13.640	2700	/16842753//866019968/66124196/13.59/13.06//2008-9-18 13:32:31
1/600000/浦发银行/13.570	4650	13.560	132200	13.550	170590	13.540	1800	13.530	1300	13.590	84500	13.600	126778	13.610	26476	13.620	15600	13.630	6000	/16842753//883778112/67430744/13.59/13.06//2008-9-18 13:33:31
1/600000/浦发银行/13.570	40000	13.560	2500	13.550	7190	13.540	1300	13.530	1300	13.580	155108	13.590	3130	13.600	115628	13.610	49476	13.620	20000	/16842753//892526208/68075448/13.58/13.06//2008-9-18 13:34:32
1/600000/浦发银行/13.480	16100	13.470	49000	13.460	2500	13.450	32800	13.440	5200	13.500	1200	13.540	216122	13.550	38020	13.560	2400	13.570	56800	/16842753//904568192/68964384/13.5/13.06//2008-9-18 13:35:32
1/600000/浦发银行/13.580	500	13.570	4670	13.560	48700	13.550	148171	13.540	223800	13.590	10000	13.600	51050	13.610	49376	13.620	24500	13.630	8500	/16842753//912122752/69522160/13.57/13.06//2008-9-18 13:36:33
1/600000/浦发银行/13.640	29000	13.630	9900	13.620	38440	13.610	83700	13.600	196050	13.650	83000	13.670	2000	13.680	40705	13.690	15400	13.700	368098	/16842753//919818880/70086472/13.65/13.06//2008-9-18 13:37:34
1/600000/浦发银行/13.640	11700	13.630	10500	13.620	16940	13.610	63100	13.600	189150	13.650	43000	13.660	38400	13.670	1299600	13.680	88400	13.690	47859	/16842753//940489344/71598072/13.65/13.06//2008-9-18 13:38:34
1/600000/浦发银行/13.560	500	13.540	6360	13.530	5500	13.520	600	13.510	5600	13.580	30600	13.590	519310	13.600	245731	13.610	3200	13.620	21900	/16842753//951276992/72392000/13.56/13.06//2008-9-18 13:39:35
1/600000/浦发银行/13.560	2700	13.550	209700	13.540	27240	13.530	6200	13.520	3500	13.580	3000	13.590	351890	13.600	236900	13.620	9200	13.630	1000	/16842753//957808832/72873320/13.58/13.06//2008-9-18 13:40:35
1/600000/浦发银行/13.690	1200	13.670	1600	13.660	12800	13.650	171063	13.620	7100	13.700	70340	13.710	100	13.720	7600	13.730	81300	13.740	10500	/16842753//969794880/73754128/13.7/13.06//2008-9-18 13:41:36
1/600000/浦发银行/13.800	64718	13.790	3500	13.780	22200	13.770	42200	13.760	76300	13.830	9500	13.870	30000	13.880	66370	13.890	5400	13.900	61660	/16842753//980591616/74536656/13.8/13.06//2008-9-18 13:42:36
1/600000/浦发银行/13.800	139546	13.790	9700	13.780	4200	13.770	1000	13.760	30100	13.830	2900	13.840	1700	13.850	63200	13.860	7900	13.870	33200	/16842753//1002236480/76106496/13.8/13.06//2008-9-18 13:43:37
1/600000/浦发银行/13.810	21150	13.800	11499	13.790	39500	13.780	12400	13.770	11300	13.830	128229	13.840	34700	13.850	162190	13.860	11200	13.870	102310	/16842753//1032284992/78281488/13.83/13.06//2008-9-18 13:44:37
1/600000/浦发银行/13.750	3200	13.740	20200	13.730	22900	13.720	19200	13.710	1900	13.770	36599	13.780	240382	13.790	265560	13.800	73200	13.820	6200	/16842753//1045407296/79233240/13.77/13.06//2008-9-18 13:45:38
1/600000/浦发银行/13.800	21601	13.770	900	13.760	6000	13.750	179350	13.740	1800	13.820	1700	13.830	34300	13.840	7500	13.850	108090	13.860	28800	/16842753//1053119040/79793744/13.8/13.06//2008-9-18 13:46:39
1/600000/浦发银行/13.810	100	13.800	29200	13.790	31600	13.780	284700	13.770	239800	13.820	173938	13.830	32000	13.840	3800	13.850	114090	13.860	27900	/16842753//1065894720/80720048/13.82/13.06//2008-9-18 13:47:39
1/600000/浦发银行/13.830	16800	13.820	14200	13.810	17600	13.800	141500	13.790	52800	13.840	26930	13.850	45920	13.860	29130	13.870	87620	13.880	1378771	/16842753//1073727040/81286944/13.83/13.06//2008-9-18 13:48:40
1/600000/浦发银行/13.770	195500	13.760	65100	13.750	177850	13.740	1100	13.730	10100	13.780	54224	13.790	105400	13.800	276508	13.810	4600	13.820	1600	/16842753//1089369856/82418544/13.78/13.06//2008-9-18 13:49:40
1/600000/浦发银行/13.720	56540	13.710	43300	13.700	149600	13.690	12100	13.680	9700	13.730	300	13.750	249450	13.760	18200	13.770	197198	13.780	142624	/16842753//1094769536/82811000/13.72/13.06//2008-9-18 13:50:41
1/600000/浦发银行/13.680	300	13.670	57542	13.660	33501	13.650	609363	13.630	200	13.700	385759	13.710	700	13.720	159499	13.730	5400	13.740	42900	/16842753//1099329664/83143792/13.68/13.06//2008-9-18 13:51:41
1/600000/浦发银行/13.660	66400	13.650	2300	13.640	3300	13.620	800	13.610	5460	13.670	70158	13.680	13980	13.690	2500	13.700	441759	13.710	2100	/16842753//1115852800/84354288/13.66/13.06//2008-9-18 13:52:42
1/600000/浦发银行/13.640	4200	13.630	3900	13.620	5200	13.610	20560	13.600	52300	13.650	129829	13.660	900	13.670	100	13.680	300	13.690	7903	/16842753//1123440768/84909688/13.65/13.06//2008-9-18 13:53:42
1/600000/浦发银行/13.640	16000	13.630	100	13.600	3900	13.590	30500	13.580	10400	13.650	62608	13.660	5222	13.670	20100	13.680	7601	13.690	10003	/16842753//1128778880/85301344/13.65/13.06//2008-9-18 13:54:43
1/600000/浦发银行/13.620	4000	13.610	7800	13.600	48372	13.590	30500	13.580	8900	13.640	2300	13.650	207708	13.660	5222	13.670	100	13.680	7801	/16842753//1130761472/85446720/13.62/13.06//2008-9-18 13:55:44
1/600000/浦发银行/13.620	1000	13.610	4400	13.600	67126	13.590	30200	13.580	9000	13.650	38046	13.660	3922	13.670	100	13.680	7501	13.690	9903	/16842753//1139100672/86059064/13.65/13.06//2008-9-18 13:56:44
1/600000/浦发银行/13.670	32915	13.660	1600	13.650	12900	13.640	48500	13.630	5800	13.680	3300	13.690	16804	13.700	146485	13.710	2000	13.720	20800	/16842753//1143667072/86393352/13.67/13.06//2008-9-18 13:57:45
1/600000/浦发银行/13.680	22059	13.670	10100	13.660	6700	13.650	800	13.640	1900	13.690	1503	13.700	148285	13.710	2200	13.720	18700	13.730	800	/16842753//1148874752/86774432/13.69/13.06//2008-9-18 13:58:45
1/600000/浦发银行/13.710	7800	13.700	102028	13.690	75297	13.680	18859	13.670	10100	13.730	27700	13.740	316000	13.750	280030	13.760	300	13.770	38499	/16842753//1154993152/87220912/13.73/13.06//2008-9-18 13:59:46
1/600000/浦发银行/13.660	36559	13.650	7500	13.640	1900	13.630	8400	13.620	32472	13.680	16836	13.690	21731	13.700	144472	13.710	22500	13.720	28700	/16842753//1161469184/87693632/13.66/13.06//2008-9-18 14:0:47
1/600000/浦发银行/13.620	1244	13.610	31800	13.600	116526	13.590	30700	13.580	19100	13.640	7430	13.650	4100	13.660	1600	13.670	1300	13.680	65636	/16842753//1164872064/87942920/13.63/13.06//2008-9-18 14:1:47
1/600000/浦发银行/13.610	500	13.600	43446	13.590	29700	13.580	18700	13.570	7200	13.640	13800	13.650	300	13.660	5400	13.670	14300	13.680	55836	/16842753//1168313472/88195520/13.6/13.06//2008-9-18 14:2:48
1/600000/浦发银行/13.630	600	13.620	17500	13.610	58773	13.600	50146	13.590	29700	13.640	3700	13.650	6700	13.660	5200	13.670	11800	13.680	42036	/16842753//1171741824/88447344/13.63/13.06//2008-9-18 14:3:48
1/600000/浦发银行/13.650	20680	13.640	47500	13.630	60400	13.620	16272	13.610	81473	13.660	5900	13.670	11700	13.680	40536	13.690	25631	13.700	108971	/16842753//1173562624/88580896/13.65/13.06//2008-9-18 14:4:49
1/600000/浦发银行/13.700	19162	13.690	20120	13.680	21400	13.670	7700	13.660	73772	13.710	5000	13.720	3400	13.730	4100	13.740	12100	13.750	266830	/16842753//1177210752/88847440/13.7/13.06//2008-9-18 14:5:50
1/600000/浦发银行/13.730	8700	13.720	24900	13.710	6300	13.700	253634	13.690	21720	13.750	162430	13.760	5500	13.770	17800	13.780	8800	13.790	7300	/16842753//1179973120/89048568/13.73/13.06//2008-9-18 14:6:50
1/600000/浦发银行/13.770	26259	13.760	75700	13.750	82500	13.740	100	13.730	4300	13.780	200	13.790	15900	13.800	217640	13.810	1700	13.820	4500	/16842753//1184311808/89364040/13.79/13.06//2008-9-18 14:7:51
1/600000/浦发银行/13.820	1400	13.810	26900	13.800	64660	13.790	22773	13.780	33370	13.830	68460	13.840	7000	13.850	71100	13.860	6400	13.870	149600	/16842753//1192589952/89964040/13.82/13.06//2008-9-18 14:8:51
1/600000/浦发银行/13.850	2300	13.840	4000	13.830	140300	13.820	63100	13.810	56700	13.870	12550	13.880	299989	13.890	25800	13.900	121520	13.910	2500	/16842753//1210537728/91258040/13.87/13.06//2008-9-18 14:9:52
1/600000/浦发银行/13.920	200	13.910	2200	13.900	86171	13.890	11600	13.880	51800	13.940	1100	13.950	85200	13.960	37700	13.970	57880	13.980	101300	/16842753//1221639040/92057592/13.92/13.06//2008-9-18 14:10:53
1/600000/浦发银行/13.960	10900	13.950	41700	13.940	2200	13.920	1023	13.910	62200	13.970	22280	13.980	185900	13.990	152930	14.000	479529	14.010	4200	/16842753//1229330048/92608768/13.96/13.06//2008-9-18 14:11:53
1/600000/浦发银行/13.950	18100	13.940	2700	13.920	5023	13.910	43900	13.900	232100	13.960	5100	13.970	115400	13.980	37172	13.990	500	14.000	442224	/16842753//1240610304/93415872/13.96/13.06//2008-9-18 14:12:54
1/600000/浦发银行/13.890	4200	13.880	99400	13.870	9100	13.860	22000	13.850	9200	13.900	241005	13.920	6500	13.940	17100	13.950	202808	13.960	31500	/16842753//1249258624/94036896/13.89/13.06//2008-9-18 14:13:55
1/600000/浦发银行/13.860	14700	13.850	10600	13.840	2300	13.830	107900	13.820	3600	13.870	16243	13.880	92600	13.890	17730	13.900	339365	13.910	1400	/16842753//1252150528/94245192/13.87/13.06//2008-9-18 14:14:55
1/600000/浦发银行/13.860	6400	13.850	22972	13.840	33400	13.830	106500	13.820	3500	13.880	70901	13.890	27430	13.900	234415	13.910	1400	13.920	14300	/16842753//1254183040/94391720/13.86/13.06//2008-9-18 14:15:56
1/600000/浦发银行/13.910	400	13.900	105154	13.890	600	13.880	77800	13.870	6600	13.930	1500	13.940	13200	13.950	46700	13.960	26300	13.970	56600	/16842753//1263022336/95027896/13.91/13.06//2008-9-18 14:16:56
1/600000/浦发银行/13.990	10200	13.980	2800	13.970	212400	13.960	23600	13.950	132500	14.000	335764	14.010	4600	14.020	27600	14.030	700	14.040	600	/16842753//1269843712/95515944/13.99/13.06//2008-9-18 14:17:57
1/600000/浦发银行/14.150	9520	14.110	500	14.100	2000	14.080	35300	14.070	4550	14.160	800	14.170	500	14.180	28200	14.190	123700	14.200	72904	/16842753//1290404352/96982640/14.15/13.06//2008-9-18 14:18:58
1/600000/浦发银行/14.210	9800	14.200	546001	14.190	29400	14.180	116472	14.170	6200	14.230	400	14.250	11300	14.270	5000	14.280	10000	14.300	500	/16842753//1305437952/98038864/14.21/13.06//2008-9-18 14:19:58
1/600000/浦发银行/14.380	3299	14.360	100	14.350	200	14.330	13900	14.320	1900	14.400	179020	14.420	4000	14.430	100	14.450	239200	14.460	200	/16842753//1317682176/98892096/14.4/13.06//2008-9-18 14:20:59
1/600000/浦发银行/14.290	8800	14.280	16000	14.270	300	14.260	10900	14.250	13300	14.300	32200	14.310	1000	14.320	12900	14.330	28625	14.350	21500	/16842753//1326329216/99494496/14.3/13.06//2008-9-18 14:22:0
1/600000/浦发银行/14.220	113901	14.210	4600	14.200	139400	14.190	7300	14.180	98072	14.230	3300	14.260	100	14.270	1200	14.280	400	14.290	13800	/16842753//1330685568/99799488/14.23/13.06//2008-9-18 14:23:0
1/600000/浦发银行/14.280	200	14.270	7880	14.260	900	14.250	86100	14.230	116400	14.290	58500	14.300	113485	14.310	10400	14.320	3100	14.330	18425	/16842753//1338306304/100332912/14.3/13.06//2008-9-18 14:24:1
1/600000/浦发银行/14.240	200	14.230	102000	14.220	102001	14.210	4100	14.200	178100	14.250	217628	14.260	200	14.270	9500	14.280	38320	14.290	192950	/16842753//1343069696/100666792/14.23/13.06//2008-9-18 14:25:2
1/600000/浦发银行/14.160	20000	14.150	7300	14.130	1000	14.110	1300	14.100	7200	14.170	3500	14.180	15628	14.190	7800	14.200	405348	14.210	8500	/16842753//1350332800/101177864/14.16/13.06//2008-9-18 14:26:2
1/600000/浦发银行/14.060	9200	14.050	32900	14.040	310100	14.030	3600	14.020	9400	14.090	2000	14.100	8390	14.110	1300	14.120	100	14.150	3328	/16842753//1352336896/101319864/14.09/13.06//2008-9-18 14:27:3
1/600000/浦发银行/14.070	700	14.060	51443	14.050	41658	14.040	310400	14.030	3600	14.100	48400	14.110	1900	14.120	400	14.150	300	14.160	27490	/16842753//1355001344/101508960/14.1/13.06//2008-9-18 14:28:4
1/600000/浦发银行/14.050	30258	14.040	310100	14.030	3600	14.020	9900	14.010	26800	14.060	52485	14.080	8300	14.090	6300	14.100	31929	14.110	200	/16842753//1360298752/101884504/14.06/13.06//2008-9-18 14:29:4
1/600000/浦发银行/14.050	1215	14.040	11982	14.030	5900	14.020	15300	14.010	30100	14.080	11900	14.090	2800	14.100	51429	14.140	20000	14.150	1900	/16842753//1368268032/102451864/14.08/13.06//2008-9-18 14:30:5
1/600000/浦发银行/14.090	900	14.050	46115	14.040	400	14.030	200	14.020	200	14.100	38529	14.140	20000	14.150	2000	14.160	14090	14.170	300	/16842753//1372776576/102772896/14.08/13.06//2008-9-18 14:31:6
1/600000/浦发银行/14.040	1600	14.030	50000	14.020	1000	14.010	1000	14.000	15600	14.050	57999	14.080	600	14.090	1800	14.100	100455	14.110	45825	/16842753//1381517568/103395664/14.05/13.06//2008-9-18 14:32:6
1/600000/浦发银行/14.020	26000	14.010	8100	14.000	42200	13.990	1600	13.980	13800	14.040	4127	14.050	102600	14.070	900	14.080	165899	14.090	134900	/16842753//1385186432/103657264/14.04/13.06//2008-9-18 14:33:7
1/600000/浦发银行/14.030	5700	14.020	100	14.000	13775	13.990	1600	13.980	11600	14.040	400	14.070	700	14.080	163199	14.090	134200	14.100	113295	/16842753//1393554432/104254088/14.04/13.06//2008-9-18 14:34:8
1/600000/浦发银行/13.990	9600	13.980	11800	13.970	12800	13.960	29800	13.950	12700	14.000	134291	14.040	4701	14.050	125700	14.060	2550	14.070	14100	/16842753//1400606208/104757592/14.0/13.06//2008-9-18 14:35:8
1/600000/浦发银行/13.990	1000	13.980	58372	13.970	13000	13.960	10300	13.950	8000	14.000	152191	14.010	4000	14.030	7450	14.040	57000	14.050	124601	/16842753//1411558656/105539816/14.0/13.06//2008-9-18 14:36:9
1/600000/浦发银行/13.970	3700	13.960	15100	13.950	11500	13.930	4600	13.920	1300	13.990	300	14.000	214919	14.020	600	14.030	6551	14.040	68376	/16842753//1418186624/106013392/13.99/13.06//2008-9-18 14:37:10
1/600000/浦发银行/13.900	900	13.880	27606	13.870	1600	13.860	43272	13.850	31772	13.930	3000	13.940	14600	13.950	100700	13.960	93300	13.970	19967	/16842753//1421989760/106286280/13.93/13.06//2008-9-18 14:38:10
1/600000/浦发银行/13.890	3700	13.880	48812	13.870	4500	13.860	43872	13.850	27372	13.900	80895	13.910	1700	13.920	10300	13.930	22900	13.940	28200	/16842753//1424275200/106450680/13.9/13.06//2008-9-18 14:39:11
1/600000/浦发银行/13.900	131739	13.890	1200	13.880	109918	13.870	5500	13.860	48872	13.920	8400	13.930	19709	13.940	68600	13.950	100800	13.960	70300	/16842753//1428221312/106734528/13.92/13.06//2008-9-18 14:40:12
1/600000/浦发银行/13.920	500	13.910	31300	13.900	15600	13.890	20700	13.880	40403	13.930	119325	13.940	68100	13.950	101700	13.960	69900	13.970	13767	/16842753//1434212864/107165488/13.91/13.06//2008-9-18 14:41:12
1/600000/浦发银行/13.920	15100	13.910	2684	13.900	31800	13.890	11900	13.880	42203	13.930	53579	13.940	75100	13.950	103100	13.960	69900	13.970	13167	/16842753//1437661696/107413304/13.93/13.06//2008-9-18 14:42:13
1/600000/浦发银行/13.880	37563	13.870	10000	13.860	48472	13.850	24472	13.840	7000	13.900	14800	13.910	2000	13.920	87000	13.930	42579	13.940	74000	/16842753//1444065920/107873824/13.9/13.06//2008-9-18 14:43:14
1/600000/浦发银行/13.880	5703	13.870	12700	13.860	48472	13.850	29772	13.840	2200	13.890	82200	13.900	8000	13.910	5600	13.920	94900	13.930	38179	/16842753//1448414848/108186784/13.88/13.06//2008-9-18 14:44:14
1/600000/浦发银行/13.890	11700	13.880	8900	13.870	13734	13.860	46672	13.850	40072	13.900	30322	13.910	200	13.920	86900	13.930	30479	13.940	74900	/16842753//1453204480/108531456/13.9/13.06//2008-9-18 14:45:15
1/600000/浦发银行/13.860	35046	13.850	93072	13.840	2700	13.830	103100	13.820	5300	13.870	11100	13.880	11600	13.890	20610	13.900	113422	13.910	6100	/16842753//1455742592/108714216/13.87/13.06//2008-9-18 14:46:16
1/600000/浦发银行/13.750	7206	13.740	1100	13.730	3500	13.720	8400	13.710	52800	13.780	31930	13.790	9648	13.800	278600	13.810	5200	13.830	300	/16842753//1463447296/109271496/13.78/13.06//2008-9-18 14:47:16
1/600000/浦发银行/13.730	51506	13.720	43834	13.710	40500	13.700	47100	13.690	1000	13.770	14800	13.780	7372	13.790	16400	13.800	351560	13.830	300	/16842753//1466811264/109516160/13.73/13.06//2008-9-18 14:48:17
1/600000/浦发银行/13.780	2100	13.770	51400	13.760	70200	13.750	126107	13.740	170900	13.790	23400	13.800	352210	13.830	300	13.850	5800	13.860	26400	/16842753//1469730048/109728320/13.78/13.06//2008-9-18 14:49:18
1/600000/浦发银行/13.790	40256	13.780	20100	13.770	64700	13.760	27600	13.750	105207	13.800	124696	13.850	13800	13.860	22200	13.870	22400	13.880	13800	/16842753//1480187136/110486168/13.79/13.06//2008-9-18 14:50:18
1/600000/浦发银行/13.810	6200	13.800	66801	13.790	16800	13.780	1000	13.770	56900	13.840	2739	13.850	18200	13.860	20200	13.870	26400	13.880	53180	/16842753//1485659904/110882824/13.83/13.06//2008-9-18 14:51:19
1/600000/浦发银行/13.820	2780	13.810	64685	13.800	51700	13.790	103600	13.780	86300	13.840	32920	13.850	5600	13.860	11239	13.870	26600	13.880	54180	/16842753//1489360512/111150656/13.84/13.06//2008-9-18 14:52:20
1/600000/浦发银行/13.840	7006	13.820	17938	13.810	32571	13.800	82000	13.790	87700	13.890	78210	13.900	154850	13.910	200	13.920	20700	13.930	13160	/16842753//1497077760/111707904/13.84/13.06//2008-9-18 14:53:21
1/600000/浦发银行/13.860	500	13.850	18206	13.840	7306	13.830	10700	13.820	27738	13.870	62700	13.880	126636	13.890	66110	13.900	174250	13.910	400	/16842753//1501819904/112049904/13.86/13.06//2008-9-18 14:54:21
1/600000/浦发银行/13.840	4206	13.830	112300	13.820	129638	13.810	40171	13.800	230200	13.850	8100	13.860	28293	13.870	39100	13.880	107100	13.890	65410	/16842753//1505837056/112339704/13.86/13.06//2008-9-18 14:55:22
1/600000/浦发银行/13.830	239606	13.820	118938	13.810	32871	13.800	233200	13.790	86200	13.840	58810	13.850	294000	13.860	12093	13.870	38000	13.880	94000	/16842753//1509820416/112627408/13.84/13.06//2008-9-18 14:56:23
1/600000/浦发银行/13.840	72300	13.830	120060	13.820	119238	13.810	32971	13.800	254300	13.850	281010	13.860	18182	13.870	38180	13.880	95800	13.890	32800	/16842753//1515858304/113063752/13.84/13.06//2008-9-18 14:57:23
1/600000/浦发银行/13.850	6500	13.840	76040	13.830	131960	13.820	118338	13.810	36271	13.860	20782	13.870	22880	13.880	91800	13.890	31500	13.900	148850	/16842753//1523826176/113639216/13.85/13.06//2008-9-18 14:58:24
1/600000/浦发银行/13.870	5800	13.860	31800	13.850	24700	13.840	93290	13.830	57000	13.880	56680	13.890	49600	13.900	151250	13.910	2400	13.920	17100	/16842753//1532274304/114249208/13.88/13.06//2008-9-18 14:59:25
1/600000/浦发银行/13.880	25950	13.870	38420	13.860	24500	13.850	80800	13.840	100390	13.890	50600	13.900	158100	13.910	2500	13.920	17100	13.930	9550	/16842753//1535806208/114503832/13.87/13.06//2008-9-18 15:0:26
1/600000/浦发银行/13.880	25950	13.870	38420	13.860	24500	13.850	80800	13.840	100390	13.890	50600	13.900	158100	13.910	2500	13.920	17100	13.930	9550	/16842753//1535806208/114503832/13.87/13.06//2008-9-18 15:1:26
1/600000/浦发银行/13.880	25950	13.870	38420	13.860	24500	13.850	80800	13.840	100390	13.890	50600	13.900	158100	13.910	2500	13.920	17100	13.930	9550	/16842753//1535806208/114503832/13.87/13.06//2008-9-18 15:2:27
