732/600021/上海电力/3.560	16200	3.550	9600	3.540	4000	3.530	3000	3.520	2200	3.580	15100	3.600	8140	3.620	10000	3.630	7000	3.640	23100	/16843517//337989/94500/3.57/3.64//2008-9-18 9:31:34
732/600021/上海电力/3.560	15200	3.550	9600	3.540	4000	3.530	4000	3.520	2200	3.580	4700	3.590	1000	3.600	7140	3.620	10000	3.630	7000	/16843517//397038/111000/3.58/3.64//2008-9-18 9:32:35
732/600021/上海电力/3.580	13000	3.570	3600	3.560	23000	3.550	9600	3.540	17400	3.600	19040	3.620	10000	3.630	7000	3.640	23100	3.650	4740	/16843517//564306/157700/3.58/3.64//2008-9-18 9:33:35
732/600021/上海电力/3.590	33500	3.580	13500	3.570	3600	3.560	27600	3.550	10500	3.600	13540	3.620	10000	3.630	8500	3.640	23100	3.650	5340	/16843517//543692/151900/3.59/3.64//2008-9-18 9:34:35
732/600021/上海电力/3.590	29800	3.580	13700	3.570	5400	3.560	28800	3.550	10500	3.600	4540	3.610	106	3.620	10000	3.630	10500	3.640	23100	/16843517//605560/169100/3.59/3.64//2008-9-18 9:35:35
732/600021/上海电力/3.600	28860	3.590	28406	3.580	13700	3.570	3600	3.560	28800	3.610	3186	3.620	20000	3.630	10500	3.640	25100	3.650	5340	/16843517//701791/195834/3.6/3.64//2008-9-18 9:36:36
732/600021/上海电力/3.590	28406	3.580	13500	3.570	3600	3.560	30600	3.550	10900	3.600	49840	3.610	4986	3.620	21600	3.630	22500	3.640	25300	/16843517//810728/226094/3.6/3.64//2008-9-18 9:37:36
732/600021/上海电力/3.590	9806	3.580	13500	3.570	4600	3.560	30600	3.550	10900	3.600	24300	3.610	1606	3.620	21600	3.630	22500	3.640	25300	/16843517//913812/254794/3.59/3.64//2008-9-18 9:38:36
732/600021/上海电力/3.580	6300	3.570	7900	3.560	21900	3.550	10900	3.540	26800	3.590	23114	3.600	56400	3.610	3206	3.620	28600	3.630	22500	/16843517//980177/273300/3.58/3.64//2008-9-18 9:39:36
732/600021/上海电力/3.560	10200	3.550	11400	3.540	26800	3.530	8000	3.520	2200	3.570	4100	3.580	53326	3.590	24724	3.600	59900	3.610	3200	/16843517//1092226/304700/3.57/3.64//2008-9-18 9:40:36
732/600021/上海电力/3.550	13901	3.540	8000	3.530	8000	3.520	2200	3.510	5500	3.580	21600	3.590	4810	3.600	61500	3.610	3200	3.620	17600	/16843517//1273361/355399/3.55/3.64//2008-9-18 9:41:37
732/600021/上海电力/3.580	1000	3.570	200	3.560	500	3.550	14901	3.540	18300	3.590	1400	3.600	66200	3.610	3200	3.620	25500	3.630	23090	/16843517//1396079/389699/3.58/3.64//2008-9-18 9:42:37
732/600021/上海电力/3.570	12900	3.560	9900	3.550	15501	3.540	18800	3.530	9500	3.580	49100	3.590	3710	3.600	66000	3.610	3300	3.620	35500	/16843517//1435101/400599/3.58/3.64//2008-9-18 9:43:37
732/600021/上海电力/3.560	8800	3.550	16001	3.540	18800	3.530	9500	3.520	5800	3.570	52700	3.580	35600	3.590	3710	3.600	66000	3.610	3300	/16843517//1568742/437999/3.56/3.64//2008-9-18 9:44:37
732/600021/上海电力/3.550	16501	3.540	18800	3.530	9500	3.520	6800	3.510	6500	3.560	12987	3.570	47500	3.580	35700	3.590	3710	3.600	66900	/16843517//1684098/470399/3.56/3.64//2008-9-18 9:45:37
732/600021/上海电力/3.540	16901	3.530	9500	3.520	7800	3.510	6500	3.500	31900	3.560	8487	3.570	57500	3.580	35700	3.590	3710	3.600	67260	/16843517//1829676/511399/3.54/3.64//2008-9-18 9:46:38
732/600021/上海电力/3.520	6800	3.510	60900	3.500	33900	3.490	1300	3.480	13500	3.530	3700	3.550	1700	3.560	6887	3.570	48000	3.580	35700	/16843517//1963056/549100/3.53/3.64//2008-9-18 9:47:38
732/600021/上海电力/3.520	11800	3.500	17100	3.490	11000	3.480	14800	3.460	1000	3.530	4000	3.540	3100	3.550	2200	3.560	5887	3.570	48000	/16843517//2408469/675900/3.52/3.64//2008-9-18 9:48:38
732/600021/上海电力/3.520	6100	3.510	6300	3.500	29500	3.490	15100	3.480	20200	3.540	3300	3.550	1200	3.560	6387	3.570	48000	3.580	42500	/16843517//2507169/703900/3.52/3.64//2008-9-18 9:49:39
732/600021/上海电力/3.530	5200	3.520	4280	3.510	20300	3.500	32900	3.490	16100	3.540	600	3.550	5800	3.560	15387	3.570	49000	3.580	42500	/16843517//2608039/732520/3.52/3.64//2008-9-18 9:50:39
732/600021/上海电力/3.520	4280	3.510	42400	3.500	51100	3.490	16100	3.480	97700	3.540	3511	3.550	7900	3.560	16587	3.570	49000	3.580	44600	/16843517//2716092/763120/3.52/3.64//2008-9-18 9:51:39
732/600021/上海电力/3.520	1980	3.510	45800	3.500	71400	3.490	17100	3.480	88500	3.530	2000	3.540	4711	3.550	10000	3.560	13987	3.570	42100	/16843517//2771818/778920/3.52/3.64//2008-9-18 9:52:39
732/600021/上海电力/3.510	41589	3.500	69300	3.490	18100	3.480	90900	3.470	1300	3.520	3930	3.530	5400	3.540	2400	3.550	12100	3.560	13987	/16843517//2813953/790911/3.51/3.64//2008-9-18 9:53:40
732/600021/上海电力/3.500	66900	3.490	19600	3.480	89700	3.470	4000	3.460	6700	3.510	6511	3.520	7250	3.530	5400	3.540	5000	3.550	15180	/16843517//2975034/836800/3.51/3.64//2008-9-18 9:54:40
732/600021/上海电力/3.500	46890	3.490	22600	3.480	94700	3.470	4000	3.460	6600	3.510	2931	3.520	7330	3.530	4000	3.540	5000	3.550	15280	/16843517//3144585/885210/3.51/3.64//2008-9-18 9:55:40
732/600021/上海电力/3.500	3859	3.490	11400	3.480	95800	3.470	4000	3.460	5600	3.510	500	3.520	12130	3.530	4000	3.540	4000	3.550	15180	/16843517//3494222/985141/3.5/3.64//2008-9-18 9:56:41
732/600021/上海电力/3.460	8700	3.450	15800	3.430	5200	3.420	4600	3.410	5200	3.470	41300	3.480	31841	3.490	2200	3.500	13560	3.510	1100	/16843517//3954549/1117400/3.47/3.64//2008-9-18 9:57:41
732/600021/上海电力/3.460	12840	3.450	23100	3.430	5200	3.420	4600	3.410	6300	3.470	100	3.480	28841	3.490	1300	3.500	14060	3.510	1400	/16843517//4271667/1208860/3.48/3.64//2008-9-18 9:58:41
732/600021/上海电力/3.470	8700	3.460	12740	3.450	24800	3.430	6100	3.420	5200	3.480	19241	3.490	3200	3.500	24360	3.510	1400	3.520	11930	/16843517//4365431/1235860/3.47/3.64//2008-9-18 9:59:41
732/600021/上海电力/3.470	23940	3.460	18940	3.450	26200	3.430	7100	3.420	10200	3.480	12341	3.490	3300	3.500	24400	3.510	1400	3.520	8330	/16843517//4427163/1253620/3.48/3.64//2008-9-18 10:0:42
732/600021/上海电力/3.460	24740	3.450	28100	3.440	1000	3.430	7800	3.420	10200	3.470	17900	3.480	13341	3.490	3200	3.500	24400	3.510	1400	/16843517//4561895/1292420/3.47/3.64//2008-9-18 10:1:42
732/600021/上海电力/3.450	500	3.440	1700	3.430	17800	3.420	10200	3.410	8900	3.460	10760	3.470	15000	3.480	13341	3.490	3800	3.500	23900	/16843517//4840315/1372960/3.46/3.46//2008-9-18 10:2:42
732/600021/上海电力/3.440	3840	3.430	1700	3.420	10200	3.410	9600	3.400	37800	3.450	31700	3.460	11960	3.470	6000	3.480	8241	3.490	3800	/16843517//4934915/1400460/3.44/3.46//2008-9-18 10:3:42
732/600021/上海电力/3.410	2640	3.400	37300	3.380	18600	3.370	2100	3.360	5300	3.430	3400	3.440	48000	3.450	37815	3.460	7100	3.470	5100	/16843517//5065387/1438560/3.41/3.46//2008-9-18 10:4:43
732/600021/上海电力/3.400	13500	3.380	5600	3.370	2800	3.360	5600	3.350	8100	3.410	16060	3.420	14500	3.430	4800	3.440	12400	3.450	34700	/16843517//5167951/1468700/3.4/3.46//2008-9-18 10:5:43
732/600021/上海电力/3.360	2700	3.350	9200	3.330	1100	3.310	15600	3.300	42100	3.370	31900	3.380	57020	3.390	4600	3.400	406600	3.410	18160	/16843517//5340968/1519800/3.36/3.46//2008-9-18 10:6:43
732/600021/上海电力/3.300	51900	3.290	300	3.280	73400	0.000	0	0.000	0	3.310	6100	3.340	43800	3.350	8640	3.360	3600	3.370	38100	/16843517//5491407/1565000/3.31/3.46//2008-9-18 10:7:44
732/600021/上海电力/3.320	2700	3.310	2980	3.300	63100	3.290	5200	3.280	128400	3.350	6040	3.360	2400	3.370	41500	3.380	33420	3.390	2600	/16843517//5904107/1689120/3.32/3.46//2008-9-18 10:8:44
732/600021/上海电力/3.350	16160	3.340	1700	3.330	3900	3.320	5700	3.310	88980	3.360	5600	3.370	2700	3.380	29220	3.390	2600	3.400	435000	/16843517//6029409/1726460/3.36/3.46//2008-9-18 10:9:44
732/600021/上海电力/3.360	2500	3.350	20760	3.340	1700	3.330	17300	3.320	16100	3.380	320	3.390	5800	3.400	423100	3.410	12560	3.420	1500	/16843517//6218314/1782460/3.38/3.46//2008-9-18 10:10:44
732/600021/上海电力/3.390	15500	3.380	26480	3.370	8700	3.360	4000	3.350	21360	3.400	415300	3.410	12560	3.420	1000	3.430	4700	3.440	6000	/16843517//6309391/1809380/3.39/3.46//2008-9-18 10:11:45
732/600021/上海电力/3.380	25180	3.370	8700	3.360	4000	3.350	23460	3.340	2700	3.390	21600	3.400	408640	3.410	12060	3.420	1000	3.430	4700	/16843517//6467081/1855880/3.39/3.46//2008-9-18 10:12:45
732/600021/上海电力/3.380	29180	3.370	7500	3.360	5000	3.350	22860	3.340	2700	3.390	16300	3.400	402740	3.410	12060	3.420	1000	3.430	4700	/16843517//6594896/1893580/3.39/3.46//2008-9-18 10:13:45
732/600021/上海电力/3.390	36600	3.380	14440	3.370	7100	3.360	5000	3.350	25160	3.400	361940	3.410	12060	3.420	1500	3.430	4700	3.440	6000	/16843517//6815430/1958620/3.39/3.46//2008-9-18 10:14:46
732/600021/上海电力/3.390	11900	3.380	19440	3.370	7100	3.360	5000	3.350	25360	3.400	358440	3.410	12060	3.420	1500	3.430	4700	3.440	6000	/16843517//6921577/1989920/3.39/3.46//2008-9-18 10:15:46
732/600021/上海电力/3.390	3500	3.380	17940	3.370	7600	3.360	6000	3.350	25460	3.400	373040	3.410	12060	3.420	1500	3.430	4700	3.440	6000	/16843517//6986694/2009120/3.39/3.46//2008-9-18 10:16:46
732/600021/上海电力/3.370	7600	3.360	12000	3.350	27160	3.340	1700	3.330	19300	3.380	31060	3.390	11800	3.400	412040	3.410	12060	3.420	1500	/16843517//7127950/2050860/3.38/3.46//2008-9-18 10:17:47
732/600021/上海电力/3.360	12000	3.350	28660	3.340	1700	3.330	15600	3.320	46400	3.370	8700	3.380	7460	3.390	9600	3.400	411440	3.410	12060	/16843517//7263353/2090960/3.37/3.46//2008-9-18 10:18:47
732/600021/上海电力/3.380	2140	3.370	34800	3.360	3000	3.350	28260	3.340	8200	3.390	9500	3.400	412940	3.410	12060	3.420	1500	3.430	4700	/16843517//7363133/2120580/3.38/3.46//2008-9-18 10:19:47
732/600021/上海电力/3.390	4800	3.380	4620	3.370	31300	3.360	7200	3.350	28260	3.400	410940	3.410	12060	3.420	1500	3.430	4700	3.440	6400	/16843517//7445706/2144940/3.39/3.46//2008-9-18 10:20:48
732/600021/上海电力/3.380	4500	3.370	13300	3.360	13100	3.350	30360	3.340	2200	3.390	5100	3.400	393740	3.410	12060	3.420	1500	3.430	4700	/16843517//7530262/2169840/3.39/3.46//2008-9-18 10:21:48
732/600021/上海电力/3.380	9200	3.370	13300	3.360	13100	3.350	31260	3.340	2200	3.400	396340	3.410	12060	3.420	1500	3.430	4700	3.440	6400	/16843517//7554336/2176940/3.38/3.46//2008-9-18 10:22:48
732/600021/上海电力/3.380	16900	3.370	13300	3.360	12900	3.350	31360	3.340	2200	3.390	600	3.400	379540	3.410	12060	3.420	1500	3.430	4700	/16843517//7657812/2207440/3.38/3.46//2008-9-18 10:23:48
732/600021/上海电力/3.390	1000	3.380	8600	3.370	5300	3.360	13000	3.350	32360	3.400	379855	3.410	12060	3.420	1500	3.430	4700	3.440	6400	/16843517//7692652/2217740/3.4/3.46//2008-9-18 10:24:49
732/600021/上海电力/3.380	9100	3.370	4900	3.360	13000	3.350	31660	3.340	2200	3.390	8200	3.400	385875	3.410	12060	3.420	1500	3.430	4700	/16843517//7717708/2225140/3.39/3.46//2008-9-18 10:25:49
732/600021/上海电力/3.380	7500	3.370	12900	3.360	13700	3.350	31660	3.340	2200	3.390	6500	3.400	383175	3.410	12160	3.420	1500	3.430	4700	/16843517//7745819/2233440/3.38/3.46//2008-9-18 10:26:49
732/600021/上海电力/3.380	8200	3.370	14400	3.360	13700	3.350	31260	3.340	3200	3.390	6500	3.400	283175	3.410	12160	3.420	1500	3.430	4700	/16843517//7766437/2239540/3.38/3.46//2008-9-18 10:27:50
732/600021/上海电力/3.390	200	3.380	7000	3.370	36500	3.360	14200	3.350	32460	3.400	283260	3.410	12160	3.420	1500	3.430	4700	3.440	6400	/16843517//7828424/2257840/3.39/3.46//2008-9-18 10:28:50
732/600021/上海电力/3.380	8000	3.370	37400	3.360	14200	3.350	32460	3.340	3200	3.390	5415	3.400	281060	3.410	12160	3.420	1500	3.430	4700	/16843517//7845035/2262740/3.39/3.46//2008-9-18 10:29:50
732/600021/上海电力/3.390	3000	3.380	34025	3.370	39400	3.360	14200	3.350	34660	3.400	282960	3.410	12160	3.420	1500	3.430	4700	3.440	6400	/16843517//7895757/2277715/3.4/3.46//2008-9-18 10:30:51
732/600021/上海电力/3.390	11000	3.380	44125	3.370	39400	3.360	49200	3.350	34660	3.400	269380	3.410	12160	3.420	1500	3.430	4700	3.440	6400	/16843517//7948777/2293315/3.4/3.46//2008-9-18 10:31:51
732/600021/上海电力/3.390	8700	3.380	44825	3.370	39400	3.360	49200	3.350	34660	3.400	289180	3.410	12160	3.420	1500	3.430	4700	3.440	6400	/16843517//7995908/2307215/3.4/3.46//2008-9-18 10:32:51
732/600021/上海电力/3.390	4000	3.380	45825	3.370	17800	3.360	49200	3.350	32960	3.400	286580	3.410	12160	3.420	4300	3.430	4700	3.440	6400	/16843517//8028830/2316915/3.4/3.46//2008-9-18 10:33:52
732/600021/上海电力/3.390	8700	3.380	45825	3.370	17800	3.360	49200	3.350	33960	3.400	271680	3.410	12160	3.420	4300	3.430	4700	3.440	6400	/16843517//8032900/2318115/3.39/3.46//2008-9-18 10:34:52
732/600021/上海电力/3.390	2000	3.380	30325	3.370	17800	3.360	49200	3.350	33960	3.400	280680	3.410	12160	3.420	4300	3.430	4700	3.440	6400	/16843517//8079014/2331715/3.39/3.46//2008-9-18 10:35:52
732/600021/上海电力/3.380	30325	3.370	17800	3.360	48400	3.350	34060	3.340	3900	3.390	9800	3.400	274680	3.410	12160	3.420	4300	3.430	4700	/16843517//8077658/2331315/3.39/3.46//2008-9-18 10:36:53
732/600021/上海电力/3.380	25225	3.370	22800	3.360	48400	3.350	34160	3.340	3900	3.390	9400	3.400	274980	3.410	12160	3.420	4300	3.430	5700	/16843517//8115872/2342615/3.38/3.46//2008-9-18 10:37:53
732/600021/上海电力/3.390	1480	3.380	26425	3.370	22800	3.360	48400	3.350	34160	3.400	271460	3.410	12160	3.420	4300	3.430	5700	3.440	6400	/16843517//8203055/2368335/3.39/3.46//2008-9-18 10:38:53
732/600021/上海电力/3.390	5400	3.380	26405	3.370	22800	3.360	48400	3.350	38160	3.400	269560	3.410	12160	3.420	4300	3.430	5700	3.440	6400	/16843517//8229523/2376135/3.4/3.46//2008-9-18 10:39:54
732/600021/上海电力/3.380	27405	3.370	22800	3.360	48400	3.350	38160	3.340	4100	3.390	6600	3.400	269060	3.410	12160	3.420	4300	3.430	5700	/16843517//8253578/2383235/3.39/3.46//2008-9-18 10:40:54
732/600021/上海电力/3.380	44105	3.370	24800	3.360	48400	3.350	38160	3.340	4100	3.390	8900	3.400	269060	3.410	12160	3.420	4300	3.430	5700	/16843517//8271176/2388435/3.39/3.46//2008-9-18 10:41:54
732/600021/上海电力/3.380	45805	3.370	24800	3.360	48400	3.350	38760	3.340	4100	3.390	8900	3.400	267660	3.410	12160	3.420	4300	3.430	5700	/16843517//8294876/2395435/3.38/3.46//2008-9-18 10:42:55
732/600021/上海电力/3.380	40105	3.370	25800	3.360	48400	3.350	38760	3.340	4100	3.390	6900	3.400	267660	3.410	12160	3.420	4300	3.430	5000	/16843517//8333428/2406835/3.38/3.46//2008-9-18 10:43:55
732/600021/上海电力/3.380	31905	3.370	25900	3.360	48400	3.350	37760	3.340	14100	3.390	13500	3.400	268360	3.410	12160	3.420	4300	3.430	5000	/16843517//8412553/2430235/3.38/3.46//2008-9-18 10:44:56
732/600021/上海电力/3.380	30905	3.370	25900	3.360	48400	3.350	39760	3.340	14100	3.390	11000	3.400	267560	3.410	12160	3.420	4300	3.430	5000	/16843517//8393998/2424735/3.39/3.46//2008-9-18 10:45:56
732/600021/上海电力/3.380	22725	3.370	25500	3.360	48400	3.350	39760	3.340	14100	3.390	15800	3.400	266560	3.410	12160	3.420	4300	3.430	5000	/16843517//8440606/2438515/3.38/3.46//2008-9-18 10:46:56
732/600021/上海电力/3.380	6705	3.370	25500	3.360	48400	3.350	39760	3.340	14100	3.390	400	3.400	266260	3.410	12160	3.420	3300	3.430	5000	/16843517//8532043/2465535/3.39/3.46//2008-9-18 10:47:57
732/600021/上海电力/3.360	34700	3.350	40960	3.340	20100	3.330	25400	3.320	48600	3.370	6058	3.380	1100	3.390	5400	3.400	267860	3.410	12160	/16843517//8706196/2517240/3.36/3.46//2008-9-18 10:48:57
732/600021/上海电力/3.360	19720	3.350	40060	3.340	20100	3.330	25400	3.320	48600	3.370	3458	3.380	1254	3.390	8700	3.400	336620	3.410	12160	/16843517//8749869/2530220/3.36/3.46//2008-9-18 10:49:57
732/600021/上海电力/3.310	28660	3.300	190500	3.290	119100	3.280	189600	0.000	0	3.360	2500	3.370	3258	3.380	1254	3.390	8700	3.400	337620	/16843517//9434769/2735720/3.31/3.46//2008-9-18 10:50:58
732/600021/上海电力/3.320	43500	3.310	33460	3.300	185900	3.290	119600	3.280	197200	3.350	500	3.360	5500	3.370	3258	3.380	1254	3.390	9400	/16843517//9496575/2754320/3.32/3.46//2008-9-18 10:51:58
732/600021/上海电力/3.340	600	3.330	10700	3.320	44840	3.310	36260	3.300	189500	3.350	3200	3.360	7500	3.370	3258	3.380	1254	3.390	11400	/16843517//9489538/2752180/3.34/3.46//2008-9-18 10:52:58
732/600021/上海电力/3.320	44340	3.310	49860	3.300	194900	3.290	122600	3.280	215700	3.330	23300	3.350	3300	3.360	3500	3.370	3258	3.380	1154	/16843517//9550458/2770480/3.33/3.46//2008-9-18 10:53:59
732/600021/上海电力/3.330	22820	3.320	43590	3.310	54160	3.300	208600	3.290	123100	3.350	2800	3.360	3500	3.370	3258	3.380	1154	3.390	17399	/16843517//9648443/2799910/3.35/3.46//2008-9-18 10:54:59
732/600021/上海电力/3.330	1820	3.320	53690	3.310	57960	3.300	203000	3.290	123200	3.350	3800	3.360	3500	3.370	3258	3.380	1154	3.390	17399	/16843517//9728364/2823910/3.33/3.46//2008-9-18 10:56:0
732/600021/上海电力/3.340	1500	3.330	21420	3.320	58190	3.310	58460	3.300	214100	3.350	800	3.360	3500	3.370	3258	3.380	1154	3.390	18199	/16843517//9747738/2829710/3.33/3.46//2008-9-18 10:57:0
732/600021/上海电力/3.340	29400	3.330	28420	3.320	36290	3.310	60460	3.300	218900	3.360	3500	3.370	3258	3.380	3154	3.390	9800	3.400	343720	/16843517//9765136/2834910/3.34/3.46//2008-9-18 10:58:0
732/600021/上海电力/3.370	2542	3.350	2300	3.340	29400	3.330	27820	3.320	35790	3.380	3154	3.390	19300	3.400	343720	3.410	12160	3.420	3300	/16843517//9805062/2846768/3.37/3.46//2008-9-18 10:59:1
732/600021/上海电力/3.340	25800	3.330	27820	3.320	35790	3.310	62760	3.300	221600	3.350	15600	3.370	19258	3.380	9154	3.390	20300	3.400	341720	/16843517//9850088/2860210/3.35/3.46//2008-9-18 11:0:1
732/600021/上海电力/3.340	900	3.330	27820	3.320	37090	3.310	63260	3.300	222700	3.350	33500	3.370	14058	3.380	9154	3.390	22300	3.400	341720	/16843517//9947978/2889510/3.35/3.46//2008-9-18 11:1:2
732/600021/上海电力/3.320	37090	3.310	65360	3.300	219100	3.290	123500	3.280	241500	3.330	5680	3.340	3400	3.350	36500	3.370	4058	3.380	9154	/16843517//10036299/2916030/3.33/3.46//2008-9-18 11:2:2
732/600021/上海电力/3.330	6920	3.320	34790	3.310	85460	3.300	204200	3.290	124100	3.350	36300	3.370	2758	3.380	10054	3.390	22300	3.400	342020	/16843517//10076781/2928190/3.33/3.46//2008-9-18 11:3:2
732/600021/上海电力/3.330	1300	3.320	24510	3.310	85960	3.300	209100	3.290	124100	3.350	34300	3.370	2758	3.380	10054	3.390	22300	3.400	355720	/16843517//10189959/2962210/3.35/3.46//2008-9-18 11:4:3
732/600021/上海电力/3.340	2500	3.330	27700	3.320	26510	3.310	85960	3.300	196100	3.350	34000	3.370	3758	3.380	10054	3.390	24880	3.400	357720	/16843517//10197295/2964410/3.34/3.46//2008-9-18 11:5:3
732/600021/上海电力/3.340	29700	3.330	34000	3.320	26510	3.310	86460	3.300	200000	3.350	11300	3.360	300	3.370	3758	3.380	10054	3.390	24880	/16843517//10324774/3002510/3.34/3.46//2008-9-18 11:6:4
732/600021/上海电力/3.350	7800	3.340	17516	3.330	25500	3.320	31510	3.310	85760	3.360	300	3.370	3758	3.380	10554	3.390	24880	3.400	361720	/16843517//10415702/3029694/3.35/3.46//2008-9-18 11:7:4
732/600021/上海电力/3.360	600	3.350	12200	3.340	30816	3.330	26000	3.320	31510	3.370	63758	3.380	10554	3.390	24880	3.400	353720	3.410	12160	/16843517//10457466/3042094/3.37/3.46//2008-9-18 11:8:4
732/600021/上海电力/3.350	12100	3.340	29816	3.330	25900	3.320	31810	3.310	76960	3.360	16600	3.370	63758	3.380	10754	3.390	23280	3.400	353720	/16843517//10468890/3045494/3.36/3.46//2008-9-18 11:9:5
732/600021/上海电力/3.350	6520	3.340	18016	3.330	26700	3.320	32910	3.310	86960	3.360	17900	3.370	63758	3.380	10754	3.390	23880	3.400	340020	/16843517//10553702/3070774/3.35/3.46//2008-9-18 11:10:5
732/600021/上海电力/3.350	10220	3.340	39016	3.330	27100	3.320	33210	3.310	86260	3.360	18300	3.370	63758	3.380	10754	3.390	21880	3.400	340020	/16843517//10635442/3095174/3.35/3.46//2008-9-18 11:11:6
732/600021/上海电力/3.350	16520	3.340	39016	3.330	27100	3.320	34210	3.310	87260	3.360	22100	3.370	63758	3.380	4754	3.390	21880	3.400	340320	/16843517//10679999/3108474/3.35/3.46//2008-9-18 11:12:6
732/600021/上海电力/3.340	37536	3.330	26700	3.320	31210	3.310	87260	3.300	222900	3.350	500	3.360	21800	3.370	63758	3.380	4754	3.390	21880	/16843517//10741292/3126774/3.34/3.46//2008-9-18 11:13:7
732/600021/上海电力/3.350	300	3.340	33036	3.330	26200	3.320	31310	3.310	88260	3.360	16300	3.370	63758	3.380	4754	3.390	21880	3.400	340920	/16843517//10781497/3138774/3.35/3.46//2008-9-18 11:14:7
732/600021/上海电力/3.330	26200	3.320	31310	3.310	88260	3.300	224500	3.290	129800	3.340	14264	3.350	9900	3.360	16300	3.370	63758	3.380	4754	/16843517//10912885/3178110/3.34/3.46//2008-9-18 11:15:7
732/600021/上海电力/3.330	26000	3.320	31310	3.310	88260	3.300	227100	3.290	129800	3.340	13764	3.350	9700	3.360	16300	3.370	64358	3.380	4754	/16843517//10916554/3179210/3.34/3.46//2008-9-18 11:16:8
732/600021/上海电力/3.330	26900	3.320	32710	3.310	88260	3.300	227300	3.290	128700	3.340	14064	3.350	9700	3.360	17700	3.370	64358	3.380	4754	/16843517//10918223/3179710/3.34/3.46//2008-9-18 11:17:8
732/600021/上海电力/3.340	2936	3.330	25300	3.320	33210	3.310	88260	3.300	226600	3.350	9700	3.360	17700	3.370	64358	3.380	4854	3.390	21280	/16843517//11037951/3215574/3.34/3.46//2008-9-18 11:18:9
732/600021/上海电力/3.350	5276	3.340	5000	3.330	27300	3.320	33110	3.310	88260	3.370	64358	3.380	4854	3.390	21280	3.400	340420	3.410	12060	/16843517//11188639/3260534/3.35/3.46//2008-9-18 11:19:9
732/600021/上海电力/3.370	65342	3.360	6476	3.340	5000	3.330	30000	3.320	32810	3.380	4854	3.390	21280	3.400	340420	3.410	12060	3.420	3300	/16843517//11470248/3344192/3.37/3.46//2008-9-18 11:20:10
732/600021/上海电力/3.370	26122	3.350	300	3.340	1000	3.330	30000	3.320	34810	3.380	14399	3.390	3134	3.400	340420	3.410	12060	3.420	3300	/16843517//11587407/3378832/3.37/3.46//2008-9-18 11:21:10
732/600021/上海电力/3.370	23122	3.350	300	3.340	1000	3.330	33000	3.320	32310	3.380	733	3.390	3500	3.400	340820	3.410	12060	3.420	3300	/16843517//11690450/3409312/3.38/3.46//2008-9-18 11:22:10
732/600021/上海电力/3.370	11642	3.350	600	3.340	2000	3.330	34000	3.320	31310	3.380	5100	3.390	2933	3.400	340420	3.410	12060	3.420	3300	/16843517//11770122/3432892/3.38/3.46//2008-9-18 11:23:11
732/600021/上海电力/3.350	600	3.340	8000	3.330	34000	3.320	31310	3.310	59260	3.370	2758	3.380	4000	3.390	5933	3.400	339920	3.410	12060	/16843517//11835379/3452234/3.37/3.46//2008-9-18 11:24:11
732/600021/上海电力/3.340	7500	3.330	33500	3.320	29310	3.310	59760	3.300	241200	3.350	1300	3.370	3558	3.380	4800	3.390	7333	3.400	330920	/16843517//11839394/3453434/3.34/3.46//2008-9-18 11:25:12
732/600021/上海电力/3.370	1642	3.350	100	3.340	7700	3.330	50500	3.320	29310	3.380	6100	3.390	10333	3.400	330920	3.410	12060	3.420	3300	/16843517//11867535/3461792/3.37/3.46//2008-9-18 11:26:12
732/600021/上海电力/3.340	7700	3.330	50500	3.320	29310	3.310	59760	3.300	246800	3.370	3858	3.380	4600	3.390	16633	3.400	330920	3.410	12060	/16843517//11873744/3463634/3.37/3.46//2008-9-18 11:27:13
732/600021/上海电力/3.330	50140	3.320	29310	3.310	59760	3.300	246300	3.290	131800	3.340	4900	3.370	4858	3.380	5500	3.390	20633	3.400	330320	/16843517//11937932/3482854/3.33/3.46//2008-9-18 11:28:13
732/600021/上海电力/3.340	700	3.330	53340	3.320	29310	3.310	61760	3.300	247700	3.350	1000	3.370	4858	3.380	5500	3.390	21633	3.400	330320	/16843517//11968775/3492094/3.34/3.46//2008-9-18 11:29:14
732/600021/上海电力/3.330	48440	3.320	30310	3.310	62260	3.300	249300	3.290	131700	3.350	900	3.370	4858	3.380	5500	3.390	17633	3.400	330320	/16843517//11994760/3499894/3.33/3.46//2008-9-18 11:30:14
732/600021/上海电力/3.330	48440	3.320	30310	3.310	62260	3.300	249300	3.290	131700	3.350	900	3.370	4858	3.380	5500	3.390	17633	3.400	330320	/16843517//11994760/3499894/3.33/3.46//2008-9-18 11:31:15
732/600021/上海电力/3.320	27330	3.310	88660	3.300	293900	3.290	28900	3.280	270000	3.330	123120	3.370	7000	3.380	500	3.390	791	3.400	325920	/16843517//12370909/3612314/3.33/3.46//2008-9-18 13:1:15
732/600021/上海电力/3.320	31930	3.310	88660	3.300	294300	3.290	28900	3.280	270100	3.330	122820	3.370	7000	3.380	500	3.390	1391	3.400	325920	/16843517//12384175/3616314/3.32/3.46//2008-9-18 13:2:16
732/600021/上海电力/3.320	21140	3.310	88660	3.300	293800	3.290	29900	3.280	271100	3.330	142920	3.370	6000	3.380	500	3.390	1391	3.400	325920	/16843517//12441920/3633704/3.32/3.46//2008-9-18 13:3:16
732/600021/上海电力/3.320	18740	3.310	88660	3.300	302200	3.290	30400	3.280	271100	3.330	137320	3.370	6000	3.380	500	3.390	1391	3.400	326020	/16843517//12465548/3640804/3.33/3.46//2008-9-18 13:4:17
732/600021/上海电力/3.320	6540	3.310	88760	3.300	293200	3.290	33400	3.280	271600	3.330	69020	3.370	6000	3.380	500	3.390	1791	3.400	326020	/16843517//12661573/3699704/3.32/3.46//2008-9-18 13:5:17
732/600021/上海电力/3.320	18840	3.310	95160	3.300	294500	3.290	33400	3.280	272400	3.330	64020	3.370	6000	3.380	500	3.390	1791	3.400	326020	/16843517//12709491/3714104/3.33/3.46//2008-9-18 13:6:18
732/600021/上海电力/3.310	96060	3.300	292200	3.290	32400	3.280	274000	0.000	0	3.320	30760	3.330	61920	3.370	6000	3.380	500	3.390	1791	/16843517//12783691/3736444/3.32/3.46//2008-9-18 13:7:18
732/600021/上海电力/3.300	295300	3.290	31500	3.280	274700	0.000	0	0.000	0	3.310	9240	3.320	30960	3.330	66420	3.370	6000	3.380	500	/16843517//13104298/3833304/3.31/3.46//2008-9-18 13:8:19
732/600021/上海电力/3.300	204480	3.290	34100	3.280	280200	0.000	0	0.000	0	3.310	14940	3.320	30760	3.330	12900	3.370	6000	3.380	500	/16843517//13441730/3935524/3.3/3.46//2008-9-18 13:9:19
732/600021/上海电力/3.300	170200	3.290	33600	3.280	282900	0.000	0	0.000	0	3.310	13940	3.320	30760	3.330	17900	3.370	6000	3.380	500	/16843517//13571034/3974704/3.3/3.46//2008-9-18 13:10:20
732/600021/上海电力/3.300	119680	3.290	34700	3.280	292200	0.000	0	0.000	0	3.330	12900	3.370	6000	3.380	500	3.390	2791	3.400	325720	/16843517//13821759/4050624/3.3/3.46//2008-9-18 13:11:20
732/600021/上海电力/3.310	31200	3.300	161180	3.290	38800	3.280	291200	0.000	0	3.330	10900	3.370	6000	3.380	1000	3.390	4291	3.400	325720	/16843517//13861850/4062724/3.31/3.46//2008-9-18 13:12:21
732/600021/上海电力/3.310	33060	3.300	162580	3.290	39300	3.280	297300	0.000	0	3.320	1400	3.330	8900	3.370	7100	3.380	6200	3.390	5491	/16843517//13935835/4085064/3.31/3.46//2008-9-18 13:13:21
732/600021/上海电力/3.310	35560	3.300	170880	3.290	39300	3.280	296600	0.000	0	3.330	13300	3.360	800	3.370	7100	3.380	11200	3.390	5491	/16843517//14002081/4105064/3.31/3.46//2008-9-18 13:14:22
732/600021/上海电力/3.320	29640	3.310	39886	3.300	140080	3.290	41900	3.280	296400	3.330	13300	3.360	800	3.370	6000	3.380	11200	3.390	9291	/16843517//14008689/4107058/3.32/3.46//2008-9-18 13:15:22
732/600021/上海电力/3.320	7340	3.310	71386	3.300	143680	3.290	41400	3.280	333100	3.330	11000	3.360	800	3.370	6000	3.380	11200	3.390	9291	/16843517//14096842/4133598/3.33/3.46//2008-9-18 13:16:23
732/600021/上海电力/3.320	13360	3.310	71386	3.300	145380	3.290	41400	3.280	322800	3.330	7000	3.360	800	3.370	6300	3.380	11200	3.390	9291	/16843517//14117400/4139778/3.33/3.46//2008-9-18 13:17:23
732/600021/上海电力/3.320	12160	3.310	72486	3.300	146380	3.290	41400	3.280	331100	3.360	2100	3.370	6300	3.380	11200	3.390	9291	3.400	326460	/16843517//14192210/4162278/3.35/3.46//2008-9-18 13:18:24
732/600021/上海电力/3.320	33460	3.310	80986	3.300	162380	3.290	40900	3.280	329200	3.330	260	3.350	1000	3.360	8100	3.370	6300	3.380	6200	/16843517//14192543/4162378/3.33/3.46//2008-9-18 13:19:24
732/600021/上海电力/3.330	5000	3.320	30200	3.310	80986	3.300	172180	3.290	40900	3.350	10400	3.360	8400	3.370	6300	3.380	6200	3.390	9291	/16843517//14206716/4166638/3.32/3.46//2008-9-18 13:20:25
732/600021/上海电力/3.330	5000	3.320	36000	3.310	84986	3.300	176180	3.290	40900	3.340	400	3.350	10400	3.360	9600	3.370	6300	3.380	6200	/16843517//14206716/4166638/3.32/3.46//2008-9-18 13:21:25
732/600021/上海电力/3.340	200	3.330	9000	3.320	32900	3.310	86986	3.300	174380	3.350	9800	3.360	10900	3.370	6300	3.380	1200	3.390	10291	/16843517//14227478/4172838/3.33/3.46//2008-9-18 13:22:26
732/600021/上海电力/3.340	6300	3.330	16200	3.320	33900	3.310	62186	3.300	174580	3.350	8500	3.360	9840	3.370	6300	3.380	11300	3.390	9691	/16843517//14232501/4174338/3.35/3.46//2008-9-18 13:23:26
732/600021/上海电力/3.350	8880	3.340	6300	3.330	25000	3.320	32600	3.310	63686	3.370	6040	3.380	5300	3.390	9691	3.400	324960	3.410	12060	/16843517//14404129/4225558/3.37/3.46//2008-9-18 13:24:27
732/600021/上海电力/3.370	13200	3.350	6860	3.340	2900	3.330	19700	3.320	34100	3.380	4888	3.390	9591	3.400	324220	3.410	12060	3.420	3300	/16843517//14444234/4237478/3.37/3.46//2008-9-18 13:25:27
732/600021/上海电力/3.380	3812	3.370	12200	3.360	8500	3.350	9460	3.340	1300	3.390	15891	3.400	325180	3.410	12060	3.420	3300	3.430	5840	/16843517//14477277/4247254/3.38/3.46//2008-9-18 13:26:28
732/600021/上海电力/3.390	1200	3.380	11521	3.370	12200	3.360	8500	3.350	7460	3.400	298300	3.410	12060	3.420	3300	3.430	5840	3.440	7400	/16843517//14541339/4266157/3.38/3.46//2008-9-18 13:27:28
732/600021/上海电力/3.360	8300	3.350	6360	3.340	1300	3.330	19700	3.320	34500	3.370	779	3.380	20300	3.390	6100	3.400	256820	3.410	12060	/16843517//14636284/4294278/3.36/3.46//2008-9-18 13:28:29
732/600021/上海电力/3.370	8021	3.360	8300	3.350	8160	3.340	11300	3.330	22800	3.380	20300	3.390	11400	3.400	255720	3.410	12060	3.420	500	/16843517//14648345/4297857/3.37/3.46//2008-9-18 13:29:29
732/600021/上海电力/3.370	1121	3.360	8300	3.350	8160	3.340	11300	3.330	22800	3.380	10000	3.390	12400	3.400	255720	3.410	12060	3.420	5500	/16843517//14714183/4317357/3.38/3.46//2008-9-18 13:30:30
732/600021/上海电力/3.370	1021	3.360	8300	3.350	8360	3.340	11300	3.330	23900	3.380	12200	3.390	13200	3.400	255420	3.410	12060	3.420	5500	/16843517//14735472/4323657/3.38/3.46//2008-9-18 13:31:30
732/600021/上海电力/3.360	8300	3.350	10160	3.340	11300	3.330	22600	3.320	35700	3.370	23879	3.380	6000	3.390	13200	3.400	255420	3.410	12060	/16843517//14781442/4337278/3.37/3.46//2008-9-18 13:32:31
732/600021/上海电力/3.370	17521	3.360	7820	3.350	10160	3.340	11300	3.330	23400	3.380	5000	3.390	13200	3.400	255420	3.410	12060	3.420	6300	/16843517//14887452/4368737/3.38/3.46//2008-9-18 13:33:31
732/600021/上海电力/3.380	1500	3.370	19021	3.360	9820	3.350	10160	3.340	11300	3.390	13700	3.400	255420	3.410	12060	3.420	6300	3.430	5840	/16843517//14924622/4379737/3.38/3.46//2008-9-18 13:34:32
732/600021/上海电力/3.390	13300	3.380	12100	3.370	15121	3.360	10220	3.350	11660	3.400	253620	3.410	12060	3.420	6300	3.430	5840	3.440	7500	/16843517//14955130/4388737/3.39/3.46//2008-9-18 13:35:32
732/600021/上海电力/3.390	19700	3.380	11300	3.370	7121	3.360	10120	3.350	16660	3.400	236220	3.410	12060	3.420	1000	3.430	6040	3.440	7500	/16843517//15012912/4405737/3.4/3.46//2008-9-18 13:36:33
732/600021/上海电力/3.390	11716	3.380	12400	3.370	7121	3.360	10120	3.350	16660	3.400	227020	3.410	12060	3.420	1000	3.430	6040	3.440	7500	/16843517//15065836/4421321/3.4/3.46//2008-9-18 13:37:34
732/600021/上海电力/3.390	15616	3.380	10900	3.370	8021	3.360	11120	3.350	25760	3.400	199820	3.410	12060	3.420	1000	3.430	6040	3.440	8400	/16843517//15171536/4452421/3.4/3.46//2008-9-18 13:38:34
732/600021/上海电力/3.390	16516	3.380	11100	3.370	8021	3.360	11120	3.350	30760	3.400	196220	3.410	12060	3.420	1000	3.430	6040	3.440	8400	/16843517//15190905/4458121/3.39/3.46//2008-9-18 13:39:35
732/600021/上海电力/3.390	14516	3.380	7800	3.370	8121	3.360	11120	3.350	29760	3.400	196720	3.410	22060	3.420	1000	3.430	6040	3.440	8400	/16843517//15210961/4464021/3.39/3.46//2008-9-18 13:40:35
732/600021/上海电力/3.390	2916	3.380	10100	3.370	8121	3.360	11120	3.350	31360	3.400	196720	3.410	22060	3.420	1000	3.430	6040	3.440	8400	/16843517//15252325/4476221/3.39/3.46//2008-9-18 13:41:36
732/600021/上海电力/3.380	4900	3.370	8121	3.360	11120	3.350	31360	3.340	2300	3.390	2000	3.400	204664	3.410	22060	3.420	1500	3.430	6040	/16843517//15306586/4492237/3.38/3.46//2008-9-18 13:42:36
732/600021/上海电力/3.370	8121	3.360	11520	3.350	30860	3.340	2300	3.330	25400	3.380	15000	3.390	22500	3.400	214264	3.410	22060	3.420	1500	/16843517//15342127/4502737/3.38/3.46//2008-9-18 13:43:37
732/600021/上海电力/3.370	6521	3.360	11520	3.350	30860	3.340	4700	3.330	25400	3.380	2800	3.390	22700	3.400	205164	3.410	22060	3.420	1500	/16843517//15385049/4515437/3.38/3.46//2008-9-18 13:44:37
732/600021/上海电力/3.380	2900	3.370	6021	3.360	10520	3.350	40860	3.340	4700	3.390	20600	3.400	205164	3.410	22060	3.420	1500	3.430	6040	/16843517//15440127/4531737/3.38/3.46//2008-9-18 13:45:38
732/600021/上海电力/3.380	4800	3.370	10621	3.360	8520	3.350	41260	3.340	4700	3.390	2000	3.400	201664	3.410	22060	3.420	1500	3.430	6040	/16843517//15596431/4577837/3.39/3.46//2008-9-18 13:46:39
732/600021/上海电力/3.390	23400	3.380	4400	3.370	15721	3.360	8020	3.350	40560	3.400	199064	3.410	12060	3.420	1500	3.430	6040	3.440	8400	/16843517//15665941/4598337/3.39/3.46//2008-9-18 13:47:39
732/600021/上海电力/3.390	25100	3.380	6900	3.370	16221	3.360	8020	3.350	39600	3.400	128264	3.410	12060	3.420	1500	3.430	6040	3.440	7400	/16843517//15909027/4669837/3.4/3.46//2008-9-18 13:48:40
732/600021/上海电力/3.390	98800	3.380	4700	3.370	16221	3.360	8520	3.350	40200	3.400	96464	3.410	12060	3.420	1500	3.430	6040	3.440	7400	/16843517//16053759/4712437/3.4/3.46//2008-9-18 13:49:40
732/600021/上海电力/3.390	96900	3.380	4400	3.370	16221	3.360	8520	3.350	43600	3.400	77564	3.410	22060	3.420	1500	3.430	6040	3.440	7400	/16843517//16160841/4743937/3.4/3.46//2008-9-18 13:50:41
732/600021/上海电力/3.380	2300	3.370	14600	3.360	8520	3.350	44700	3.340	4700	3.390	2800	3.400	72664	3.410	22060	3.420	1500	3.430	6040	/16843517//16533420/4853837/3.39/3.46//2008-9-18 13:51:41
732/600021/上海电力/3.380	1800	3.370	14100	3.360	8020	3.350	45500	3.340	4700	3.390	2740	3.400	72664	3.410	22860	3.420	1500	3.430	6040	/16843517//16541217/4856137/3.39/3.46//2008-9-18 13:52:42
732/600021/上海电力/3.390	3560	3.380	1800	3.370	14100	3.360	8020	3.350	46500	3.400	74664	3.410	22860	3.420	1500	3.430	6040	3.440	7400	/16843517//16554913/4860177/3.39/3.46//2008-9-18 13:53:42
732/600021/上海电力/3.380	1300	3.370	14100	3.360	8020	3.350	46700	3.340	4700	3.390	5060	3.400	83264	3.410	22860	3.420	1500	3.430	6040	/16843517//16575789/4866337/3.38/3.46//2008-9-18 13:54:43
732/600021/上海电力/3.370	14100	3.360	8020	3.350	46700	3.340	4700	3.330	23400	3.380	1700	3.390	13660	3.400	84364	3.410	12860	3.420	1500	/16843517//16581888/4868137/3.38/3.46//2008-9-18 13:55:44
732/600021/上海电力/3.370	15100	3.360	8020	3.350	46700	3.340	4700	3.330	23500	3.380	4300	3.390	13560	3.400	74864	3.410	12860	3.420	1500	/16843517//16586958/4869637/3.38/3.46//2008-9-18 13:56:44
732/600021/上海电力/3.380	4000	3.370	15000	3.360	9020	3.350	46700	3.340	4700	3.390	13160	3.400	74864	3.410	12860	3.420	1500	3.430	6040	/16843517//16620111/4879437/3.38/3.46//2008-9-18 13:57:45
732/600021/上海电力/3.380	3500	3.370	15000	3.360	9420	3.350	46700	3.340	4700	3.390	12960	3.400	80064	3.410	12860	3.420	1500	3.430	6540	/16843517//16624507/4880737/3.39/3.46//2008-9-18 13:58:45
732/600021/上海电力/3.380	39500	3.370	15000	3.360	8620	3.350	47200	3.340	4700	3.390	18560	3.400	80064	3.410	12860	3.420	1500	3.430	6540	/16843517//16636001/4884137/3.38/3.46//2008-9-18 13:59:46
732/600021/上海电力/3.380	11300	3.370	15100	3.360	8620	3.350	46500	3.340	4700	3.390	5160	3.400	80064	3.410	12860	3.420	1500	3.430	6540	/16843517//16700710/4903237/3.39/3.46//2008-9-18 14:0:47
732/600021/上海电力/3.380	5700	3.370	14100	3.360	11620	3.350	49300	3.340	4700	3.390	6260	3.400	69464	3.410	12860	3.420	1500	3.430	6540	/16843517//16716268/4907837/3.38/3.46//2008-9-18 14:1:47
732/600021/上海电力/3.380	15500	3.370	14500	3.360	11620	3.350	49300	3.340	4700	3.390	13560	3.400	71464	3.410	12860	3.420	2000	3.430	6540	/16843517//16726775/4910937/3.39/3.46//2008-9-18 14:2:48
732/600021/上海电力/3.380	11800	3.370	14500	3.360	11620	3.350	49300	3.340	4700	3.390	24840	3.400	61464	3.410	12860	3.420	2000	3.430	6040	/16843517//16745373/4916437/3.39/3.46//2008-9-18 14:3:48
732/600021/上海电力/3.380	13100	3.370	14100	3.360	11620	3.350	49300	3.340	4700	3.390	14840	3.400	61964	3.410	12860	3.420	1500	3.430	6740	/16843517//16783330/4927637/3.38/3.46//2008-9-18 14:4:49
732/600021/上海电力/3.380	10500	3.370	14100	3.360	21520	3.350	49300	3.340	4700	3.390	1940	3.400	63464	3.410	12860	3.420	2500	3.430	6740	/16843517//16850044/4947337/3.39/3.46//2008-9-18 14:5:50
732/600021/上海电力/3.390	3160	3.380	13000	3.370	14100	3.360	21520	3.350	49300	3.400	55864	3.410	12860	3.420	2500	3.430	5540	3.440	7400	/16843517//16909262/4964777/3.4/3.46//2008-9-18 14:6:50
732/600021/上海电力/3.390	4160	3.380	13000	3.370	15300	3.360	21520	3.350	49300	3.400	57064	3.410	12860	3.420	2500	3.430	5540	3.440	7400	/16843517//16916720/4966977/3.39/3.46//2008-9-18 14:7:51
732/600021/上海电力/3.390	6560	3.380	13000	3.370	17100	3.360	20520	3.350	49300	3.400	52264	3.410	12860	3.420	2500	3.430	5540	3.440	7400	/16843517//16949990/4976777/3.39/3.46//2008-9-18 14:8:51
732/600021/上海电力/3.400	127236	3.390	16460	3.380	14000	3.370	19100	3.360	20520	3.410	6960	3.420	2500	3.430	5540	3.440	7400	3.450	9396	/16843517//17151540/5036041/3.41/3.46//2008-9-18 14:9:52
732/600021/上海电力/3.420	3200	3.410	12940	3.400	122800	3.390	16960	3.380	15000	3.430	3040	3.440	7900	3.450	9396	3.460	12900	3.470	1100	/16843517//17185540/5046001/3.43/3.46//2008-9-18 14:10:53
732/600021/上海电力/3.440	2600	3.430	4100	3.420	14900	3.410	6940	3.400	105500	3.450	9396	3.460	12900	3.470	1100	3.480	13641	3.490	1600	/16843517//17238278/5061341/3.44/3.46//2008-9-18 14:11:53
732/600021/上海电力/3.450	1904	3.440	32500	3.430	2800	3.420	3600	3.410	4940	3.460	12900	3.470	1100	3.480	13641	3.490	1600	3.500	17020	/16843517//17255902/5066437/3.45/3.46//2008-9-18 14:12:54
732/600021/上海电力/3.450	1204	3.440	32500	3.430	800	3.420	3600	3.410	4940	3.460	5400	3.470	11100	3.480	13641	3.490	1600	3.500	17520	/16843517//17285302/5074937/3.46/3.46//2008-9-18 14:13:55
732/600021/上海电力/3.440	30900	3.430	800	3.420	3600	3.410	2200	3.400	10300	3.450	12600	3.460	6200	3.470	11100	3.480	13641	3.490	2600	/16843517//17294964/5077737/3.45/3.46//2008-9-18 14:14:55
732/600021/上海电力/3.450	3850	3.440	30400	3.430	500	3.420	500	3.410	2600	3.460	7700	3.470	14060	3.480	12141	3.490	2600	3.500	18520	/16843517//17373152/5100387/3.45/3.46//2008-9-18 14:15:56
732/600021/上海电力/3.450	3650	3.440	30400	3.420	500	3.410	5000	3.400	10300	3.460	17900	3.470	14060	3.480	12141	3.490	2600	3.500	20620	/16843517//17402834/5108987/3.46/3.46//2008-9-18 14:16:56
732/600021/上海电力/3.450	16950	3.440	30400	3.420	500	3.410	5000	3.400	10300	3.460	5100	3.470	14060	3.480	12141	3.490	2600	3.500	25620	/16843517//17459886/5125487/3.45/3.46//2008-9-18 14:17:57
732/600021/上海电力/3.460	8500	3.440	29400	3.430	500	3.420	500	3.410	5000	3.470	11100	3.480	12141	3.490	2600	3.500	25940	3.510	500	/16843517//17478570/5130887/3.46/3.46//2008-9-18 14:18:58
732/600021/上海电力/3.490	300	3.480	15959	3.470	19400	3.460	9100	3.450	6500	3.500	26140	3.510	500	3.520	6510	3.530	13000	3.540	2800	/16843517//17568054/5156628/3.49/3.46//2008-9-18 14:19:58
732/600021/上海电力/3.500	21660	3.490	49700	3.480	700	3.470	2600	3.460	9600	3.510	500	3.520	7710	3.530	13000	3.540	2800	3.550	17440	/16843517//17660586/5183068/3.5/3.46//2008-9-18 14:20:59
732/600021/上海电力/3.520	15290	3.510	19000	3.500	49160	3.490	42900	3.480	2200	3.530	13800	3.540	3400	3.550	17440	3.560	8567	3.570	500	/16843517//17733586/5203878/3.52/3.46//2008-9-18 14:22:0
732/600021/上海电力/3.540	4800	3.530	20900	3.520	32290	3.510	19200	3.500	36500	3.550	13240	3.560	2787	3.570	500	3.580	1200	3.590	2100	/16843517//17792222/5220478/3.55/3.46//2008-9-18 14:23:0
732/600021/上海电力/3.550	25960	3.540	5900	3.530	24300	3.520	26590	3.510	15200	3.560	3587	3.570	500	3.580	1200	3.590	3000	3.600	30180	/16843517//17904146/5252018/3.55/3.46//2008-9-18 14:24:1
732/600021/上海电力/3.570	1800	3.560	5513	3.550	9160	3.540	6100	3.530	22300	3.580	4400	3.590	5500	3.600	31180	3.610	18360	3.620	11600	/16843517//18008778/5281405/3.58/3.46//2008-9-18 14:25:2
732/600021/上海电力/3.550	2160	3.540	7700	3.530	8900	3.520	25300	3.510	9400	3.560	4587	3.570	8200	3.580	5900	3.590	12260	3.600	34180	/16843517//18180088/5329518/3.56/3.46//2008-9-18 14:26:2
732/600021/上海电力/3.530	8900	3.520	25300	3.510	9400	3.500	37900	3.490	42900	3.540	24200	3.560	4327	3.570	8200	3.580	2600	3.590	12260	/16843517//18375836/5384678/3.54/3.46//2008-9-18 14:27:3
732/600021/上海电力/3.520	25200	3.510	9400	3.500	36100	3.490	42900	3.480	200	3.530	3220	3.540	175100	3.550	9500	3.560	5300	3.570	8200	/16843517//18418944/5396878/3.53/3.46//2008-9-18 14:28:4
732/600021/上海电力/3.500	29200	3.490	42900	3.470	2600	3.460	6600	3.450	900	3.510	9500	3.520	11600	3.530	24620	3.540	171400	3.550	6000	/16843517//18538782/5430978/3.5/3.46//2008-9-18 14:29:4
732/600021/上海电力/3.500	12600	3.490	42900	3.470	2600	3.460	6600	3.450	1900	3.520	6100	3.530	12620	3.540	68400	3.550	16400	3.560	5800	/16843517//18627418/5456278/3.5/3.46//2008-9-18 14:30:5
732/600021/上海电力/3.500	27300	3.490	42900	3.480	3000	3.470	2600	3.460	15600	3.510	6000	3.520	11700	3.530	14620	3.540	71200	3.550	14700	/16843517//18700978/5477278/3.5/3.46//2008-9-18 14:31:6
732/600021/上海电力/3.490	42900	3.480	3000	3.470	2800	3.460	15600	3.450	5200	3.510	3000	3.520	10200	3.530	15620	3.540	71200	3.550	18400	/16843517//18866730/5524578/3.52/3.46//2008-9-18 14:32:6
732/600021/上海电力/3.500	14300	3.490	4900	3.480	16500	3.470	2800	3.460	15600	3.510	4000	3.520	10200	3.530	16220	3.540	44100	3.550	16600	/16843517//18858620/5522278/3.5/3.46//2008-9-18 14:33:7
732/600021/上海电力/3.500	16700	3.490	5200	3.480	16500	3.470	2800	3.460	15600	3.510	4500	3.520	18800	3.530	14220	3.540	15400	3.550	17200	/16843517//18876166/5527278/3.5/3.46//2008-9-18 14:34:8
732/600021/上海电力/3.500	7200	3.490	6200	3.480	3000	3.470	2800	3.460	15600	3.520	14700	3.530	14220	3.540	15400	3.550	17200	3.560	7300	/16843517//18919734/5539678/3.52/3.46//2008-9-18 14:35:8
732/600021/上海电力/3.500	4700	3.490	6200	3.480	3200	3.470	2800	3.460	15600	3.520	9400	3.530	12820	3.540	10800	3.550	17200	3.560	2400	/16843517//18956968/5550278/3.52/3.46//2008-9-18 14:36:9
732/600021/上海电力/3.520	1700	3.510	500	3.500	6700	3.490	5200	3.480	3200	3.530	12720	3.540	10800	3.550	17200	3.560	3400	3.570	3200	/16843517//19014664/5566678/3.52/3.46//2008-9-18 14:37:10
732/600021/上海电力/3.510	7400	3.500	16700	3.490	5200	3.480	4200	3.470	4800	3.520	9440	3.530	20960	3.540	10800	3.550	17200	3.560	3400	/16843517//19146304/5604178/3.51/3.46//2008-9-18 14:38:10
732/600021/上海电力/3.500	20500	3.490	5200	3.480	4200	3.470	4800	3.460	15600	3.510	5820	3.520	17440	3.530	17560	3.540	10800	3.550	19200	/16843517//19174390/5612178/3.51/3.46//2008-9-18 14:39:11
732/600021/上海电力/3.500	14600	3.490	5200	3.480	4200	3.470	4800	3.460	15600	3.510	1500	3.520	24540	3.530	17560	3.540	8000	3.550	19100	/16843517//19237144/5630078/3.5/3.46//2008-9-18 14:40:12
732/600021/上海电力/3.480	4200	3.470	2800	3.460	15600	3.450	5200	3.440	2000	3.490	11460	3.500	14700	3.510	4000	3.520	20440	3.530	16560	/16843517//19310240/5650978/3.49/3.46//2008-9-18 14:41:12
732/600021/上海电力/3.470	2800	3.460	15600	3.450	5200	3.430	2000	3.420	1500	3.480	600	3.490	20400	3.500	21100	3.510	6000	3.520	20440	/16843517//19360454/5665378/3.48/3.46//2008-9-18 14:42:13
732/600021/上海电力/3.470	800	3.460	15600	3.450	5200	3.430	2000	3.420	1800	3.480	9300	3.490	20400	3.500	21700	3.510	5100	3.520	20440	/16843517//19369128/5667878/3.47/3.46//2008-9-18 14:43:14
732/600021/上海电力/3.480	2700	3.470	2900	3.460	16100	3.450	4300	3.430	7400	3.490	22000	3.500	21700	3.510	6100	3.520	20440	3.530	16560	/16843517//19466226/5695778/3.48/3.46//2008-9-18 14:44:14
732/600021/上海电力/3.480	3550	3.470	1900	3.460	17100	3.450	4500	3.430	7400	3.490	8000	3.500	22300	3.510	6100	3.520	20440	3.530	14560	/16843517//0/0/3.49/3.46//2008-9-18 14:45:15
732/600021/上海电力/3.480	650	3.470	1900	3.460	17100	3.450	4500	3.430	7400	3.490	6700	3.500	24300	3.510	6100	3.520	20440	3.530	14120	/16843517//19572652/5726328/3.48/3.46//2008-9-18 14:46:16
732/600021/上海电力/3.470	2900	3.460	17100	3.450	4500	3.430	7400	3.420	1800	3.480	5450	3.490	9000	3.500	25300	3.510	6100	3.520	11940	/16843517//19592662/5732078/3.48/3.46//2008-9-18 14:47:16
732/600021/上海电力/3.450	5400	3.430	2000	3.420	1800	3.410	4300	3.400	11200	3.460	82900	3.470	25500	3.480	5450	3.490	17000	3.500	25400	/16843517//19662586/5752278/3.46/3.46//2008-9-18 14:48:17
732/600021/上海电力/3.430	2000	3.420	1800	3.410	7100	3.400	12200	3.390	2160	3.450	6980	3.460	102600	3.470	5500	3.480	4200	3.490	17000	/16843517//19690186/5760278/3.45/3.46//2008-9-18 14:49:18
732/600021/上海电力/3.420	1800	3.410	7000	3.400	12200	3.390	2160	3.380	18300	3.430	44800	3.440	2200	3.450	14380	3.460	101900	3.470	5500	/16843517//19741292/5775178/3.43/3.46//2008-9-18 14:50:18
732/600021/上海电力/3.420	5600	3.410	9500	3.400	12200	3.390	2160	3.380	18300	3.430	12440	3.450	25380	3.460	101900	3.470	5500	3.480	4200	/16843517//19858576/5809378/3.43/3.46//2008-9-18 14:51:19
732/600021/上海电力/3.430	12460	3.420	7100	3.410	12500	3.400	12900	3.390	8260	3.450	25380	3.460	101900	3.470	5500	3.480	3000	3.490	7000	/16843517//19922168/5827918/3.43/3.46//2008-9-18 14:52:20
732/600021/上海电力/3.430	7960	3.420	20900	3.410	12500	3.400	13900	3.390	5060	3.450	27580	3.460	101900	3.470	5500	3.480	3000	3.490	7000	/16843517//19998772/5850218/3.45/3.46//2008-9-18 14:53:21
732/600021/上海电力/3.430	20160	3.420	20900	3.410	7700	3.400	18400	3.390	5060	3.450	17880	3.460	105600	3.470	5500	3.480	3000	3.490	7000	/16843517//20022922/5857218/3.45/3.46//2008-9-18 14:54:21
732/600021/上海电力/3.430	14160	3.420	20900	3.410	7700	3.400	18900	3.390	5060	3.450	17580	3.460	105700	3.470	5500	3.480	3000	3.490	6500	/16843517//20053144/5866018/3.43/3.46//2008-9-18 14:55:22
732/600021/上海电力/3.440	1900	3.430	24540	3.420	21800	3.410	7700	3.400	18900	3.450	17000	3.460	105700	3.470	5500	3.480	3000	3.490	6500	/16843517//20071088/5871238/3.45/3.46//2008-9-18 14:56:23
732/600021/上海电力/3.440	1900	3.430	26840	3.420	21300	3.410	11400	3.400	24500	3.450	14280	3.460	105700	3.470	5500	3.480	5200	3.490	3400	/16843517//20083508/5874838/3.45/3.46//2008-9-18 14:57:23
732/600021/上海电力/3.430	26040	3.420	21400	3.410	11700	3.400	25000	3.390	5060	3.440	1100	3.450	1700	3.460	105700	3.470	5500	3.480	5200	/16843517//20159004/5896738/3.44/3.46//2008-9-18 14:58:24
732/600021/上海电力/3.440	10600	3.430	23940	3.420	21400	3.410	8600	3.400	28700	3.450	4300	3.460	105700	3.470	5500	3.480	5200	3.490	3400	/16843517//20196610/5907638/3.45/3.46//2008-9-18 14:59:25
732/600021/上海电力/3.450	4000	3.440	13300	3.430	28440	3.420	21600	3.410	8600	3.460	105700	3.470	5500	3.480	5200	3.490	3400	3.500	11300	/16843517//20221102/5914738/3.45/3.46//2008-9-18 15:0:26
732/600021/上海电力/3.450	4000	3.440	13300	3.430	28440	3.420	21600	3.410	8600	3.460	105700	3.470	5500	3.480	5200	3.490	3400	3.500	11300	/16843517//20221102/5914738/3.45/3.46//2008-9-18 15:1:26
732/600021/上海电力/3.450	4000	3.440	13300	3.430	28440	3.420	21600	3.410	8600	3.460	105700	3.470	5500	3.480	5200	3.490	3400	3.500	11300	/16843517//20221102/5914738/3.45/3.46//2008-9-18 15:2:27
