7/600008/首创股份/4.500	37900	4.490	2500	4.480	16500	4.470	2500	4.460	23000	4.520	8200	4.530	40782	4.570	5000	4.580	23600	4.590	1200	/16842760//1685117/372500/4.52/4.7//2008-9-18 9:31:34
7/600008/首创股份/4.510	2700	4.500	56300	4.490	10200	4.480	38800	4.470	6700	4.530	19482	4.570	15000	4.580	18600	4.590	1200	4.600	5399	/16842760//1958076/432900/4.53/4.7//2008-9-18 9:32:35
7/600008/首创股份/4.530	1900	4.520	3100	4.510	15118	4.500	68400	4.490	10500	4.550	600	4.570	15000	4.580	18600	4.590	1200	4.600	4099	/16842760//2216897/490082/4.53/4.7//2008-9-18 9:33:35
7/600008/首创股份/4.520	4300	4.510	6518	4.500	74900	4.490	8800	4.480	45800	4.530	2200	4.550	2600	4.560	6700	4.570	15000	4.580	18600	/16842760//2426052/536282/4.55/4.7//2008-9-18 9:34:35
7/600008/首创股份/4.540	10000	4.530	200	4.520	3500	4.510	10500	4.500	85500	4.550	80000	4.560	5700	4.570	15000	4.580	18600	4.600	5399	/16842760//2552550/564182/4.53/4.7//2008-9-18 9:35:35
7/600008/首创股份/4.520	6300	4.510	11400	4.500	94800	4.490	7500	4.480	44000	4.530	18049	4.540	700	4.550	90900	4.560	5700	4.570	10000	/16842760//2667344/589482/4.52/4.7//2008-9-18 9:36:36
7/600008/首创股份/4.500	51651	4.490	7100	4.480	41000	4.470	7300	4.460	37100	4.540	3164	4.550	82200	4.560	4700	4.570	10000	4.580	18600	/16842760//3229660/714031/4.5/4.7//2008-9-18 9:37:36
7/600008/首创股份/4.500	10651	4.490	700	4.480	39900	4.470	5600	4.460	38000	4.510	13600	4.530	300	4.540	11164	4.550	84200	4.560	5100	/16842760//3540315/783031/4.5/4.7//2008-9-18 9:38:36
7/600008/首创股份/4.490	200	4.480	37500	4.470	5600	4.460	38600	4.450	63800	4.500	15448	4.510	14900	4.530	3300	4.540	14164	4.550	85100	/16842760//3718658/822682/4.5/4.7//2008-9-18 9:39:36
7/600008/首创股份/4.510	11800	4.500	34152	4.490	4200	4.480	43800	4.470	4600	4.530	700	4.540	14164	4.550	85500	4.560	5100	4.570	12100	/16842760//3958102/875830/4.51/4.7//2008-9-18 9:40:36
7/600008/首创股份/4.540	16336	4.530	1500	4.520	8600	4.510	21200	4.500	46052	4.550	80600	4.560	4600	4.570	12100	4.580	19900	4.590	500	/16842760//4045550/895094/4.54/4.7//2008-9-18 9:41:37
7/600008/首创股份/4.520	17400	4.510	17500	4.500	52052	4.490	6500	4.480	43200	4.540	10400	4.550	76764	4.560	4200	4.570	12100	4.580	19900	/16842760//4194189/927830/4.54/4.7//2008-9-18 9:42:37
7/600008/首创股份/4.540	22000	4.530	25301	4.520	22700	4.510	17100	4.500	62652	4.550	77464	4.560	6200	4.570	12100	4.580	21900	4.590	500	/16842760//4353436/962929/4.54/4.7//2008-9-18 9:43:37
7/600008/首创股份/4.550	47600	4.540	46955	4.530	27801	4.520	19700	4.510	18600	4.560	14700	4.570	12100	4.580	21900	4.590	500	4.600	4599	/16842760//4481512/991074/4.55/4.7//2008-9-18 9:44:37
7/600008/首创股份/4.550	103200	4.540	29955	4.530	8401	4.520	21200	4.510	17400	4.560	3764	4.580	12300	4.590	3500	4.600	83299	4.620	3400	/16842760//4745734/1048974/4.55/4.7//2008-9-18 9:45:37
7/600008/首创股份/4.580	2000	4.570	26400	4.560	25536	4.550	100700	4.540	28055	4.590	5800	4.610	2000	4.620	7200	4.630	71100	4.640	20500	/16842760//5259861/1160837/4.58/4.7//2008-9-18 9:46:38
7/600008/首创股份/4.600	2000	4.580	13700	4.570	35100	4.560	32736	4.550	104100	4.670	90100	4.680	16100	4.690	57300	4.700	48900	4.710	2000	/16842760//5971078/1314537/4.66/4.7//2008-9-18 9:47:38
7/600008/首创股份/4.610	200	4.600	2300	4.590	1000	4.580	14700	4.570	9400	4.640	3000	4.650	12900	4.660	82400	4.670	93200	4.680	67700	/16842760//6047885/1331037/4.61/4.7//2008-9-18 9:48:38
7/600008/首创股份/4.600	28800	4.590	11900	4.580	13700	4.570	9400	4.560	28536	4.620	7100	4.630	15500	4.640	25600	4.650	36600	4.660	23800	/16842760//6139674/1350937/4.6/4.7//2008-9-18 9:49:39
7/600008/首创股份/4.600	2400	4.590	11900	4.580	14600	4.570	1200	4.560	27736	4.620	11100	4.630	21500	4.640	32400	4.650	36900	4.660	22300	/16842760//6437895/1415637/4.6/4.7//2008-9-18 9:50:39
7/600008/首创股份/4.600	1100	4.550	102436	4.540	23555	4.530	10301	4.520	30100	4.610	4700	4.620	14100	4.630	21000	4.640	25800	4.650	33900	/16842760//6839363/1503337/4.55/4.7//2008-9-18 9:51:39
7/600008/首创股份/4.550	100936	4.540	23000	4.530	10301	4.520	31100	4.510	22700	4.560	3000	4.570	300	4.580	3400	4.590	700	4.600	7600	/16842760//6897639/1516037/4.56/4.7//2008-9-18 9:52:39
7/600008/首创股份/4.550	25716	4.540	28800	4.530	9301	4.520	26600	4.510	20200	4.560	5000	4.570	300	4.580	400	4.590	700	4.600	7100	/16842760//7269981/1597857/4.55/4.7//2008-9-18 9:53:40
7/600008/首创股份/4.560	1000	4.550	30416	4.540	28100	4.530	9401	4.520	27600	4.580	11800	4.590	300	4.600	5000	4.610	3600	4.620	15500	/16842760//7343626/1613957/4.58/4.7//2008-9-18 9:54:40
7/600008/首创股份/4.560	54800	4.550	38266	4.540	28100	4.530	9401	4.520	28800	4.570	3000	4.580	47800	4.590	300	4.600	17000	4.610	3600	/16842760//7363041/1618207/4.56/4.7//2008-9-18 9:55:40
7/600008/首创股份/4.570	9900	4.560	59300	4.550	39066	4.540	28000	4.530	11801	4.580	47800	4.590	300	4.600	17300	4.610	3600	4.620	15500	/16842760//7390440/1624207/4.57/4.7//2008-9-18 9:56:41
7/600008/首创股份/4.570	1900	4.560	58100	4.550	39066	4.540	28000	4.530	12201	4.580	6400	4.590	300	4.600	17300	4.610	3600	4.620	17500	/16842760//7619795/1674307/4.57/4.7//2008-9-18 9:57:41
7/600008/首创股份/4.590	2000	4.580	33900	4.570	1900	4.560	58100	4.550	50066	4.600	17300	4.610	300	4.620	13300	4.630	15800	4.640	14100	/16842760//7726056/1697507/4.58/4.7//2008-9-18 9:58:41
7/600008/首创股份/4.590	1900	4.580	39700	4.570	2400	4.560	50500	4.550	54766	4.600	14700	4.610	300	4.620	13300	4.630	15800	4.640	11800	/16842760//7757750/1704407/4.58/4.7//2008-9-18 9:59:41
7/600008/首创股份/4.580	35800	4.570	900	4.560	50500	4.550	55766	4.540	28000	4.590	13000	4.600	15200	4.610	3600	4.620	13300	4.630	15800	/16842760//7787081/1710807/4.58/4.7//2008-9-18 10:0:42
7/600008/首创股份/4.570	9500	4.560	50500	4.550	55666	4.540	28000	4.530	12701	4.580	36700	4.590	13400	4.600	14700	4.610	300	4.620	13300	/16842760//7960653/1748707/4.57/4.7//2008-9-18 10:1:42
7/600008/首创股份/4.560	13300	4.550	50466	4.540	28200	4.530	12701	4.520	29100	4.580	13900	4.590	13400	4.600	14200	4.610	300	4.620	13300	/16842760//8333335/1830407/4.56/4.56//2008-9-18 10:2:42
7/600008/首创股份/4.550	52566	4.540	28200	4.530	12301	4.520	27800	4.510	21700	4.560	5699	4.570	900	4.580	13700	4.590	13900	4.600	16200	/16842760//8257208/1813707/4.56/4.56//2008-9-18 10:3:42
7/600008/首创股份/4.550	966	4.540	28200	4.530	12001	4.520	25800	4.510	22900	4.560	1049	4.570	2900	4.580	13600	4.590	13400	4.600	24800	/16842760//8575859/1883707/4.56/4.56//2008-9-18 10:4:43
7/600008/首创股份/4.540	9000	4.530	22001	4.520	25800	4.510	28200	4.500	200600	4.550	14534	4.560	1149	4.570	2900	4.580	12200	4.590	13400	/16842760//8641903/1898273/4.54/4.56//2008-9-18 10:5:43
7/600008/首创股份/4.500	150901	4.490	7300	4.480	36800	4.470	2600	4.460	41600	4.510	500	4.530	300	4.540	5500	4.550	15134	4.560	149	/16842760//9368425/2059273/4.51/4.56//2008-9-18 10:6:43
7/600008/首创股份/4.520	500	4.510	3300	4.500	133101	4.490	6600	4.480	35700	4.530	300	4.540	6150	4.550	7000	4.560	749	4.570	44800	/16842760//9674265/2127173/4.51/4.56//2008-9-18 10:7:44
7/600008/首创股份/4.510	13000	4.500	150001	4.490	6600	4.480	69900	4.470	2600	4.520	1900	4.530	200	4.550	3350	4.560	749	4.570	44800	/16842760//9795849/2154073/4.51/4.56//2008-9-18 10:8:44
7/600008/首创股份/4.530	4200	4.520	10400	4.510	46000	4.500	159501	4.490	6600	4.540	500	4.550	4350	4.560	24849	4.570	44800	4.580	27300	/16842760//9900544/2177173/4.53/4.56//2008-9-18 10:9:44
7/600008/首创股份/4.530	2300	4.520	6150	4.510	30800	4.500	168801	4.490	7600	4.550	5350	4.560	24649	4.570	44800	4.580	27300	4.590	12900	/16842760//9994193/2197823/4.54/4.56//2008-9-18 10:10:44
7/600008/首创股份/4.530	12900	4.520	4050	4.510	32500	4.500	181301	4.490	8600	4.540	2799	4.550	15650	4.560	24649	4.570	44800	4.580	27300	/16842760//10061290/2212623/4.53/4.56//2008-9-18 10:11:45
7/600008/首创股份/4.530	8101	4.520	4050	4.510	32600	4.500	180001	4.490	12200	4.540	8000	4.550	10650	4.560	24649	4.570	43900	4.580	29300	/16842760//10108448/2223022/4.53/4.56//2008-9-18 10:12:45
7/600008/首创股份/4.520	4750	4.510	32200	4.500	185901	4.490	12200	4.480	74800	4.530	5339	4.540	6200	4.550	10650	4.560	24649	4.570	43900	/16842760//10161915/2234823/4.52/4.56//2008-9-18 10:13:45
7/600008/首创股份/4.530	4261	4.520	21550	4.510	32500	4.500	183101	4.490	10200	4.540	6200	4.550	11150	4.560	24249	4.570	43900	4.580	28800	/16842760//10256739/2255762/4.53/4.56//2008-9-18 10:14:46
7/600008/首创股份/4.540	19100	4.530	3961	4.520	27550	4.510	32900	4.500	157701	4.550	12050	4.560	24249	4.570	43900	4.580	28800	4.590	10200	/16842760//10311669/2267862/4.55/4.56//2008-9-18 10:15:46
7/600008/首创股份/4.540	19300	4.530	3961	4.520	27550	4.510	31800	4.500	155401	4.550	7730	4.560	23049	4.570	43900	4.580	26800	4.590	14200	/16842760//10323497/2270462/4.55/4.56//2008-9-18 10:16:46
7/600008/首创股份/4.540	19100	4.530	3961	4.520	27550	4.510	30000	4.500	152401	4.550	630	4.560	8249	4.570	43900	4.580	26800	4.590	9000	/16842760//10371723/2281062/4.54/4.56//2008-9-18 10:17:47
7/600008/首创股份/4.550	34670	4.540	19900	4.530	4161	4.520	27650	4.510	32200	4.560	5549	4.570	43900	4.580	26800	4.590	9000	4.600	25700	/16842760//10432036/2294292/4.56/4.56//2008-9-18 10:18:47
7/600008/首创股份/4.550	106921	4.540	19900	4.530	4161	4.520	27650	4.510	32200	4.560	14600	4.570	39600	4.580	25400	4.590	8000	4.600	24700	/16842760//10583232/2327441/4.56/4.56//2008-9-18 10:19:47
7/600008/首创股份/4.560	11100	4.550	98500	4.540	19900	4.530	2261	4.520	27650	4.570	39300	4.580	22800	4.590	8000	4.600	26100	4.610	22800	/16842760//10684008/2349541/4.56/4.56//2008-9-18 10:20:48
7/600008/首创股份/4.550	93600	4.540	19900	4.530	2261	4.520	26950	4.510	26900	4.560	400	4.570	46100	4.580	22800	4.590	8000	4.600	24900	/16842760//10839040/2383541/4.55/4.56//2008-9-18 10:21:48
7/600008/首创股份/4.550	62100	4.540	19900	4.530	1461	4.520	29850	4.510	26300	4.570	46100	4.580	22800	4.590	8000	4.600	24900	4.610	22800	/16842760//11058966/2431841/4.55/4.56//2008-9-18 10:22:48
7/600008/首创股份/4.530	2461	4.520	29850	4.510	26200	4.500	160701	4.490	8800	4.540	600	4.550	12000	4.570	68800	4.580	22800	4.590	8000	/16842760//11245340/2472841/4.54/4.56//2008-9-18 10:23:48
7/600008/首创股份/4.520	24850	4.510	28200	4.500	158401	4.490	16200	4.480	72000	4.530	16039	4.540	600	4.550	11500	4.570	63300	4.580	22800	/16842760//11289951/2482702/4.53/4.56//2008-9-18 10:24:49
7/600008/首创股份/4.520	19250	4.510	27700	4.500	160901	4.490	16200	4.480	71300	4.530	6839	4.540	600	4.550	11500	4.570	61600	4.580	22800	/16842760//11346972/2495302/4.53/4.56//2008-9-18 10:25:49
7/600008/首创股份/4.520	19150	4.510	28600	4.500	164701	4.490	16200	4.480	72000	4.530	7639	4.540	600	4.550	11500	4.570	61600	4.580	22800	/16842760//11374104/2501302/4.52/4.56//2008-9-18 10:26:49
7/600008/首创股份/4.520	19150	4.510	30600	4.500	150300	4.490	16200	4.480	72000	4.530	8239	4.540	5100	4.550	11500	4.570	61600	4.580	22800	/16842760//11392652/2505402/4.53/4.56//2008-9-18 10:27:50
7/600008/首创股份/4.520	21250	4.510	31000	4.500	149600	4.490	16200	4.480	71500	4.530	5739	4.540	5100	4.550	11500	4.570	61600	4.580	22800	/16842760//11471757/2522902/4.52/4.56//2008-9-18 10:28:50
7/600008/首创股份/4.530	500	4.520	22011	4.510	32800	4.500	150500	4.490	16200	4.540	5100	4.550	11500	4.570	61600	4.580	22800	4.590	11000	/16842760//11536180/2537141/4.52/4.56//2008-9-18 10:29:50
7/600008/首创股份/4.530	9800	4.520	33011	4.510	32200	4.500	160100	4.490	17200	4.540	100	4.550	12000	4.560	6100	4.570	61600	4.580	24300	/16842760//11581042/2547041/4.53/4.56//2008-9-18 10:30:51
7/600008/首创股份/4.540	38500	4.530	4050	4.520	29211	4.510	32200	4.500	158000	4.550	12000	4.560	9100	4.570	61600	4.580	24300	4.590	11000	/16842760//11677430/2568291/4.54/4.56//2008-9-18 10:31:51
7/600008/首创股份/4.540	5200	4.530	4850	4.520	40511	4.510	35600	4.500	158000	4.550	21300	4.560	9100	4.570	62200	4.580	20500	4.590	11000	/16842760//11802281/2595791/4.54/4.56//2008-9-18 10:32:51
7/600008/首创股份/4.520	24900	4.510	34900	4.500	158000	4.490	19200	4.480	71700	4.530	4800	4.540	16500	4.550	13900	4.560	9100	4.570	62200	/16842760//11860803/2608691/4.53/4.56//2008-9-18 10:33:52
7/600008/首创股份/4.510	34900	4.500	161100	4.490	19200	4.480	69100	4.470	3500	4.520	13500	4.530	39300	4.540	16150	4.550	13900	4.560	9200	/16842760//11979689/2634991/4.52/4.56//2008-9-18 10:34:52
7/600008/首创股份/4.500	157500	4.490	19200	4.480	69100	4.470	3500	4.460	32700	4.510	13200	4.520	16200	4.530	36600	4.540	16150	4.550	13900	/16842760//12191108/2681891/4.5/4.56//2008-9-18 10:35:52
7/600008/首创股份/4.480	57200	4.470	3500	4.460	32700	4.450	77600	4.440	15500	4.490	2800	4.500	56200	4.510	10700	4.520	14500	4.530	36700	/16842760//13111428/2886491/4.48/4.56//2008-9-18 10:36:53
7/600008/首创股份/4.490	10900	4.480	21500	4.470	3500	4.460	32700	4.450	83600	4.500	55900	4.510	10700	4.520	14500	4.530	36600	4.540	16150	/16842760//13347704/2939191/4.49/4.56//2008-9-18 10:37:53
7/600008/首创股份/4.480	16400	4.470	4000	4.460	37700	4.450	80500	4.440	16500	4.490	6600	4.500	43600	4.510	10700	4.520	16500	4.530	36600	/16842760//13575233/2989891/4.49/4.56//2008-9-18 10:38:53
7/600008/首创股份/4.480	600	4.470	4900	4.460	37700	4.450	78400	4.440	16500	4.490	5200	4.500	12200	4.510	10700	4.520	16500	4.530	36600	/16842760//13882111/3058391/4.47/4.56//2008-9-18 10:39:54
7/600008/首创股份/4.470	4310	4.460	3800	4.450	71800	4.440	16500	4.430	16400	4.480	8400	4.490	5200	4.500	12000	4.510	100	4.520	16500	/16842760//14154312/3119381/4.47/4.56//2008-9-18 10:40:54
7/600008/首创股份/4.450	52800	4.440	16500	4.430	13600	4.420	15500	4.410	5900	4.460	3700	4.470	10290	4.480	10900	4.490	5200	4.500	16300	/16842760//14410249/3176791/4.47/4.56//2008-9-18 10:41:54
7/600008/首创股份/4.430	1300	4.420	16000	4.410	39800	4.400	61100	4.380	10100	4.450	25580	4.460	9400	4.470	400	4.480	9900	4.490	1500	/16842760//14861077/3278191/4.45/4.56//2008-9-18 10:42:55
7/600008/首创股份/4.360	13900	4.350	26700	4.330	12000	4.320	1600	4.310	700	4.400	17650	4.430	67000	4.440	7100	4.450	11100	4.460	2400	/16842760//15470165/3416491/4.36/4.56//2008-9-18 10:43:55
7/600008/首创股份/4.290	3200	4.280	3300	4.260	6000	4.250	24900	4.240	19800	4.300	16250	4.350	14399	4.360	8400	4.370	6000	4.380	13200	/16842760//16068796/3554291/4.3/4.56//2008-9-18 10:44:56
7/600008/首创股份/4.250	16600	4.240	25700	4.230	88300	0.000	0	0.000	0	4.260	800	4.270	7500	4.280	114600	4.290	24200	4.300	14950	/16842760//16428467/3638491/4.26/4.56//2008-9-18 10:45:56
7/600008/首创股份/4.230	205900	0.000	0	0.000	0	0.000	0	0.000	0	4.240	18990	4.250	59500	4.260	7798	4.270	16600	4.280	105000	/16842760//17040286/3782691/4.24/4.56//2008-9-18 10:46:56
7/600008/首创股份/4.230	116160	0.000	0	0.000	0	0.000	0	0.000	0	4.240	43700	4.250	37190	4.260	8498	4.270	17600	4.280	101100	/16842760//18412350/4106831/4.23/4.56//2008-9-18 10:47:57
7/600008/首创股份/4.230	187260	0.000	0	0.000	0	0.000	0	0.000	0	4.240	4080	4.250	40990	4.260	7898	4.270	18600	4.280	64900	/16842760//19048094/4256831/4.24/4.56//2008-9-18 10:48:57
7/600008/首创股份/4.240	25320	4.230	332860	0.000	0	0.000	0	0.000	0	4.250	10290	4.260	6898	4.270	16600	4.280	65600	4.290	9000	/16842760//19287394/4313211/4.25/4.56//2008-9-18 10:49:57
7/600008/首创股份/4.250	8810	4.240	55620	4.230	354360	0.000	0	0.000	0	4.260	2198	4.270	15500	4.280	85800	4.290	11000	4.300	24950	/16842760//19476974/4357801/4.26/4.56//2008-9-18 10:50:58
7/600008/首创股份/4.250	56710	4.240	57420	4.230	390060	0.000	0	0.000	0	4.260	22448	4.270	18200	4.280	85100	4.290	11000	4.300	11500	/16842760//19569012/4379401/4.25/4.56//2008-9-18 10:51:58
7/600008/首创股份/4.260	16509	4.250	64610	4.240	56420	4.230	401660	0.000	0	4.280	62600	4.290	11000	4.300	11500	4.310	500	4.340	8000	/16842760//19945660/4467692/4.26/4.56//2008-9-18 10:52:58
7/600008/首创股份/4.270	800	4.260	23409	4.250	68810	4.240	62020	4.230	392160	4.280	69600	4.290	11800	4.300	16500	4.310	500	4.330	5000	/16842760//19985408/4476992/4.27/4.56//2008-9-18 10:53:59
7/600008/首创股份/4.260	3409	4.250	73810	4.240	64420	4.230	392060	0.000	0	4.270	32700	4.280	69600	4.290	11800	4.300	27500	4.310	500	/16842760//20124860/4509683/4.26/4.56//2008-9-18 10:54:59
7/600008/首创股份/4.250	87410	4.240	77120	4.230	402860	0.000	0	0.000	0	4.260	4891	4.270	34700	4.280	67200	4.290	11800	4.300	29500	/16842760//20171814/4520701/4.26/4.56//2008-9-18 10:56:0
7/600008/首创股份/4.240	76620	4.230	405160	0.000	0	0.000	0	0.000	0	4.250	24990	4.260	37791	4.270	34000	4.280	67200	4.290	11800	/16842760//20582884/4617411/4.25/4.56//2008-9-18 10:57:0
7/600008/首创股份/4.230	321460	0.000	0	0.000	0	0.000	0	0.000	0	4.240	32880	4.250	38076	4.260	43300	4.270	34200	4.280	59200	/16842760//21237146/4771831/4.24/4.56//2008-9-18 10:58:0
7/600008/首创股份/4.230	276260	0.000	0	0.000	0	0.000	0	0.000	0	4.240	12180	4.250	37076	4.260	43300	4.270	3200	4.280	59200	/16842760//21688128/4878331/4.24/4.56//2008-9-18 10:59:1
7/600008/首创股份/4.230	256755	0.000	0	0.000	0	0.000	0	0.000	0	4.240	3080	4.250	19686	4.260	42800	4.270	3100	4.280	59200	/16842760//21922274/4933636/4.23/4.56//2008-9-18 11:0:1
7/600008/首创股份/4.230	239684	0.000	0	0.000	0	0.000	0	0.000	0	4.250	27295	4.260	32000	4.270	3100	4.280	59200	4.290	11800	/16842760//22246840/5010307/4.23/4.56//2008-9-18 11:1:2
7/600008/首创股份/4.230	251584	0.000	0	0.000	0	0.000	0	0.000	0	4.240	13100	4.250	27595	4.260	32300	4.270	3180	4.280	59200	/16842760//22360108/5037007/4.24/4.56//2008-9-18 11:2:2
7/600008/首创股份/4.240	1900	4.230	277484	0.000	0	0.000	0	0.000	0	4.250	4295	4.260	32300	4.270	3180	4.280	59700	4.290	9000	/16842760//22556554/5083307/4.24/4.56//2008-9-18 11:3:2
7/600008/首创股份/4.250	197405	4.240	14900	4.230	395084	0.000	0	0.000	0	4.260	24100	4.270	3180	4.280	59700	4.290	9000	4.300	50900	/16842760//23055958/5200802/4.26/4.56//2008-9-18 11:4:3
7/600008/首创股份/4.260	18000	4.250	197305	4.240	27400	4.230	399684	0.000	0	4.270	4180	4.280	59700	4.290	9000	4.300	51200	4.310	500	/16842760//23190516/5232402/4.26/4.56//2008-9-18 11:5:3
7/600008/首创股份/4.270	400	4.260	17600	4.250	206405	4.240	25900	4.230	432184	4.280	8080	4.290	9000	4.300	13800	4.310	500	4.320	7100	/16842760//23456182/5294502/4.28/4.56//2008-9-18 11:6:4
7/600008/首创股份/4.290	6200	4.280	10600	4.270	1720	4.260	16200	4.250	12400	4.390	2000	4.420	9500	4.430	2900	4.440	8700	4.450	6900	/16842760//23851512/5385782/4.4/4.56//2008-9-18 11:7:4
7/600008/首创股份/4.400	900	4.390	2800	4.310	400	4.300	1510000	4.290	18400	4.450	600	4.480	4000	4.490	2900	4.500	5200	4.510	30600	/16842760//24985772/5638882/4.4/4.56//2008-9-18 11:8:4
7/600008/首创股份/4.330	4500	4.320	1000	4.310	1500	4.300	13800	4.290	16700	4.400	28680	4.430	24000	4.440	5100	4.450	4900	4.470	599	/16842760//25070992/5658282/4.39/4.56//2008-9-18 11:9:5
7/600008/首创股份/4.320	2600	4.310	1500	4.300	13000	4.290	16700	4.280	13400	4.330	9100	4.340	4000	4.380	5000	4.390	9100	4.400	51880	/16842760//25119834/5669482/4.33/4.56//2008-9-18 11:10:5
7/600008/首创股份/4.310	1000	4.300	7200	4.290	13500	4.280	14600	4.270	3520	4.320	8500	4.330	900	4.350	3000	4.380	2200	4.390	17800	/16842760//25174834/5682182/4.32/4.56//2008-9-18 11:11:6
7/600008/首创股份/4.300	3500	4.290	13500	4.280	15100	4.270	3520	4.260	3400	4.310	500	4.320	8100	4.330	1000	4.380	16800	4.390	14600	/16842760//25198520/5687682/4.3/4.56//2008-9-18 11:12:6
7/600008/首创股份/4.290	13600	4.280	15100	4.270	3720	4.260	3400	4.250	17100	4.300	1900	4.310	5800	4.320	4100	4.330	1000	4.380	4800	/16842760//25240246/5697382/4.3/4.56//2008-9-18 11:13:7
7/600008/首创股份/4.300	2200	4.290	13600	4.280	14100	4.270	3420	4.260	3400	4.310	400	4.320	4100	4.330	1000	4.350	100	4.380	4800	/16842760//25336620/5719782/4.3/4.56//2008-9-18 11:14:7
7/600008/首创股份/4.310	4200	4.300	9600	4.290	13600	4.280	15100	4.270	2320	4.320	4100	4.330	1000	4.350	100	4.380	4800	4.390	24200	/16842760//25394674/5733282/4.31/4.56//2008-9-18 11:15:7
7/600008/首创股份/4.320	3300	4.310	4200	4.300	12800	4.290	13600	4.280	15100	4.330	1000	4.350	1600	4.380	9200	4.390	23400	4.400	51490	/16842760//25434376/5742482/4.32/4.56//2008-9-18 11:16:8
7/600008/首创股份/4.310	2800	4.300	12800	4.290	13600	4.280	15400	4.270	2420	4.320	3900	4.330	1000	4.350	3600	4.380	10500	4.390	20900	/16842760//25471542/5751082/4.32/4.56//2008-9-18 11:17:8
7/600008/首创股份/4.320	5900	4.310	3900	4.300	16100	4.290	13600	4.280	15400	4.350	10500	4.370	2600	4.380	9900	4.390	20900	4.400	44690	/16842760//25504030/5758582/4.35/4.56//2008-9-18 11:18:9
7/600008/首创股份/4.320	7400	4.310	3900	4.300	16100	4.290	12600	4.280	15400	4.340	100	4.350	9500	4.380	12800	4.390	21100	4.400	40390	/16842760//25515762/5761282/4.32/4.56//2008-9-18 11:19:9
7/600008/首创股份/4.340	900	4.330	1000	4.320	2200	4.310	2800	4.300	16600	4.350	4700	4.370	4000	4.380	12900	4.390	21100	4.400	40390	/16842760//25573832/5774682/4.34/4.56//2008-9-18 11:20:10
7/600008/首创股份/4.320	1800	4.310	4000	4.300	16600	4.290	12400	4.280	15400	4.330	24800	4.340	1000	4.350	6650	4.370	6800	4.380	10300	/16842760//25588580/5778082/4.32/4.56//2008-9-18 11:21:10
7/600008/首创股份/4.300	10500	4.290	12400	4.280	15400	4.270	2420	4.260	6900	4.320	45600	4.330	22100	4.350	6850	4.370	3700	4.380	10300	/16842760//25653234/5793082/4.3/4.56//2008-9-18 11:22:10
7/600008/首创股份/4.290	12400	4.280	15400	4.270	4420	4.260	6900	4.250	33500	4.300	36000	4.310	4000	4.320	5800	4.330	22100	4.350	17150	/16842760//25710028/5806282/4.3/4.56//2008-9-18 11:23:11
7/600008/首创股份/4.290	5400	4.280	15400	4.270	3420	4.260	6900	4.250	35000	4.300	28000	4.320	6800	4.330	22200	4.350	20450	4.370	3700	/16842760//25771878/5820682/4.3/4.56//2008-9-18 11:24:11
7/600008/首创股份/4.290	1600	4.280	15400	4.270	3420	4.260	7100	4.250	36900	4.300	34500	4.320	6800	4.330	22500	4.350	20250	4.360	2000	/16842760//25793330/5825682/4.3/4.56//2008-9-18 11:25:12
7/600008/首创股份/4.280	14800	4.270	3420	4.260	7100	4.250	36900	4.240	37900	4.290	3030	4.300	43300	4.320	6800	4.330	15400	4.350	20250	/16842760//25809616/5829482/4.29/4.56//2008-9-18 11:26:12
7/600008/首创股份/4.280	1850	4.270	3420	4.260	7100	4.250	38100	4.240	37900	4.290	1030	4.300	44300	4.320	6800	4.330	15400	4.350	18500	/16842760//25868902/5843332/4.29/4.56//2008-9-18 11:27:13
7/600008/首创股份/4.240	40600	4.230	434184	0.000	0	0.000	0	0.000	0	4.270	1700	4.280	2230	4.290	3030	4.300	42400	4.320	6800	/16842760//26151068/5909602/4.26/4.56//2008-9-18 11:28:13
7/600008/首创股份/4.260	700	4.240	2000	4.230	302084	0.000	0	0.000	0	4.270	3600	4.280	7030	4.290	3530	4.300	43400	4.320	6800	/16842760//26942672/6096602/4.27/4.56//2008-9-18 11:29:14
7/600008/首创股份/4.240	1300	4.230	374584	0.000	0	0.000	0	0.000	0	4.250	400	4.260	12100	4.270	3500	4.280	7030	4.290	9930	/16842760//26968568/6102702/4.25/4.56//2008-9-18 11:30:14
7/600008/首创股份/4.240	1300	4.230	374584	0.000	0	0.000	0	0.000	0	4.250	400	4.260	12100	4.270	3500	4.280	7030	4.290	9930	/16842760//26968568/6102702/4.25/4.56//2008-9-18 11:31:15
7/600008/首创股份/4.240	1300	4.230	375084	0.000	0	0.000	0	0.000	0	4.230	1473231	4.240	15900	4.260	1870	4.270	12300	4.280	730	/16842760//29613364/6727586/4.23/4.56//2008-9-18 13:1:15
7/600008/首创股份/4.240	1300	4.230	375084	0.000	0	0.000	0	0.000	0	4.230	1530831	4.240	15900	4.250	300	4.260	1870	4.270	12300	/16842760//29703464/6748886/4.23/4.56//2008-9-18 13:2:16
7/600008/首创股份/4.240	1300	4.230	375084	0.000	0	0.000	0	0.000	0	4.230	1784431	4.240	15700	4.250	300	4.260	1870	4.270	12300	/16842760//29836708/6780386/4.23/4.56//2008-9-18 13:3:16
7/600008/首创股份/4.240	1300	4.230	375084	0.000	0	0.000	0	0.000	0	4.230	1790321	4.240	15700	4.250	3300	4.260	1870	4.270	12300	/16842760//29918770/6799786/4.23/4.56//2008-9-18 13:4:17
7/600008/首创股份/4.240	1300	4.230	375084	0.000	0	0.000	0	0.000	0	4.230	1823221	4.240	15700	4.250	3300	4.260	1870	4.270	12300	/16842760//29994910/6817786/4.23/4.56//2008-9-18 13:5:17
7/600008/首创股份/4.240	1300	4.230	375084	0.000	0	0.000	0	0.000	0	4.230	1816621	4.240	15700	4.250	3300	4.260	1870	4.270	12300	/16842760//30068936/6835286/4.23/4.56//2008-9-18 13:6:18
7/600008/首创股份/4.240	1300	4.230	375084	0.000	0	0.000	0	0.000	0	4.230	1739331	4.240	15700	4.250	3300	4.260	1870	4.270	12300	/16842760//30219100/6870786/4.23/4.56//2008-9-18 13:7:18
7/600008/首创股份/4.240	1300	4.230	375084	0.000	0	0.000	0	0.000	0	4.230	1752831	4.240	15700	4.250	4300	4.260	1870	4.270	12300	/16842760//30315968/6893686/4.23/4.56//2008-9-18 13:8:19
7/600008/首创股份/4.240	1300	4.230	375084	0.000	0	0.000	0	0.000	0	4.230	1741731	4.240	19700	4.250	4300	4.260	1870	4.270	12300	/16842760//30331196/6897286/4.23/4.56//2008-9-18 13:9:19
7/600008/首创股份/4.240	1300	4.230	375084	0.000	0	0.000	0	0.000	0	4.230	1740831	4.240	19700	4.250	4300	4.260	1870	4.270	12300	/16842760//30371804/6906886/4.23/4.56//2008-9-18 13:10:20
7/600008/首创股份/4.240	1300	4.230	375084	0.000	0	0.000	0	0.000	0	4.230	1726831	4.240	19700	4.250	4300	4.260	1870	4.270	12300	/16842760//30464864/6928886/4.23/4.56//2008-9-18 13:11:20
7/600008/首创股份/4.240	1300	4.230	375084	0.000	0	0.000	0	0.000	0	4.230	1738721	4.240	19700	4.250	4300	4.260	1870	4.270	12300	/16842760//30473746/6930986/4.23/4.56//2008-9-18 13:12:21
7/600008/首创股份/4.240	1300	4.230	375084	0.000	0	0.000	0	0.000	0	4.230	1741921	4.240	19700	4.250	4300	4.260	1870	4.270	12300	/16842760//30499550/6937086/4.23/4.56//2008-9-18 13:13:21
7/600008/首创股份/4.240	1300	4.230	375084	0.000	0	0.000	0	0.000	0	4.230	1745121	4.240	19700	4.250	4300	4.260	1870	4.270	12300	/16842760//30526198/6943386/4.23/4.56//2008-9-18 13:14:22
7/600008/首创股份/4.240	1300	4.230	375084	0.000	0	0.000	0	0.000	0	4.230	1769921	4.240	19700	4.250	4300	4.260	1870	4.270	12300	/16842760//30532544/6944886/4.23/4.56//2008-9-18 13:15:22
7/600008/首创股份/4.240	1300	4.230	375084	0.000	0	0.000	0	0.000	0	4.230	1790121	4.240	19700	4.250	4300	4.260	1870	4.270	12300	/16842760//30562154/6951886/4.23/4.56//2008-9-18 13:16:23
7/600008/首创股份/4.240	1300	4.230	375084	0.000	0	0.000	0	0.000	0	4.230	1801521	4.240	21400	4.250	4300	4.260	1870	4.270	12300	/16842760//30598108/6960386/4.23/4.56//2008-9-18 13:17:23
7/600008/首创股份/4.240	1300	4.230	375084	0.000	0	0.000	0	0.000	0	4.230	1810141	4.240	21500	4.250	4300	4.260	1870	4.270	12300	/16842760//30618836/6965286/4.23/4.56//2008-9-18 13:18:24
7/600008/首创股份/4.240	1300	4.230	375084	0.000	0	0.000	0	0.000	0	4.230	1823241	4.240	21500	4.250	4300	4.260	1870	4.270	12300	/16842760//30620104/6965586/4.23/4.56//2008-9-18 13:19:24
7/600008/首创股份/4.240	1300	4.230	375084	0.000	0	0.000	0	0.000	0	4.230	1814341	4.240	21500	4.250	4300	4.260	1870	4.270	12300	/16842760//30664096/6975986/4.23/4.56//2008-9-18 13:20:25
7/600008/首创股份/4.240	1300	4.230	375084	0.000	0	0.000	0	0.000	0	4.230	1797641	4.240	21400	4.250	8000	4.260	1870	4.270	12300	/16842760//30756310/6997786/4.23/4.56//2008-9-18 13:21:25
7/600008/首创股份/4.240	1300	4.230	375084	0.000	0	0.000	0	0.000	0	4.230	1772441	4.240	19700	4.250	8000	4.260	1870	4.270	12300	/16842760//30768154/7000586/4.23/4.56//2008-9-18 13:22:26
7/600008/首创股份/4.240	1300	4.230	375084	0.000	0	0.000	0	0.000	0	4.230	1658741	4.240	15700	4.250	8000	4.260	2370	4.270	12300	/16842760//31227956/7109286/4.23/4.56//2008-9-18 13:23:26
7/600008/首创股份/4.240	1300	4.230	375084	0.000	0	0.000	0	0.000	0	4.230	1560841	4.240	15700	4.250	4800	4.260	2370	4.270	12300	/16842760//31544360/7184086/4.23/4.56//2008-9-18 13:24:27
7/600008/首创股份/4.240	1300	4.230	375084	0.000	0	0.000	0	0.000	0	4.230	1481041	4.240	15700	4.250	4800	4.260	2370	4.270	12300	/16842760//31801120/7244786/4.23/4.56//2008-9-18 13:25:27
7/600008/首创股份/4.240	1300	4.230	375084	0.000	0	0.000	0	0.000	0	4.230	1371141	4.240	15700	4.250	4800	4.260	1870	4.270	12300	/16842760//32260922/7353486/4.23/4.56//2008-9-18 13:26:28
7/600008/首创股份/4.240	1300	4.230	375084	0.000	0	0.000	0	0.000	0	4.230	1289341	4.240	15700	4.250	4800	4.260	1870	4.270	12300	/16842760//32582402/7429486/4.23/4.56//2008-9-18 13:27:28
7/600008/首创股份/4.240	1300	4.230	375084	0.000	0	0.000	0	0.000	0	4.230	1161641	4.240	15700	4.250	5800	4.260	1870	4.270	12300	/16842760//33073082/7545486/4.23/4.56//2008-9-18 13:28:29
7/600008/首创股份/4.240	1300	4.230	375084	0.000	0	0.000	0	0.000	0	4.230	1103841	4.240	19300	4.250	5300	4.260	1870	4.270	12300	/16842760//33317576/7603286/4.23/4.56//2008-9-18 13:29:29
7/600008/首创股份/4.240	1300	4.230	375084	0.000	0	0.000	0	0.000	0	4.230	1067241	4.240	19300	4.250	5300	4.260	1870	4.270	12300	/16842760//33584488/7666386/4.23/4.56//2008-9-18 13:30:30
7/600008/首创股份/4.240	1300	4.230	375084	0.000	0	0.000	0	0.000	0	4.230	976141	4.240	14300	4.250	5300	4.260	1870	4.270	12300	/16842760//33872128/7734386/4.23/4.56//2008-9-18 13:31:30
7/600008/首创股份/4.240	1300	4.230	375084	0.000	0	0.000	0	0.000	0	4.230	671741	4.240	14300	4.250	5300	4.260	26870	4.270	12300	/16842760//35136476/8033286/4.23/4.56//2008-9-18 13:32:31
7/600008/首创股份/4.250	2900	4.240	44800	4.230	514559	0.000	0	0.000	0	4.260	5870	4.270	12300	4.280	730	4.290	9930	4.300	25600	/16842760//38126364/8739927/4.26/4.56//2008-9-18 13:33:31
7/600008/首创股份/4.280	70	4.270	21900	4.260	116130	4.250	56800	4.240	70500	4.290	9930	4.300	25600	4.320	6500	4.330	15700	4.340	1400	/16842760//38211276/8759827/4.28/4.56//2008-9-18 13:34:32
7/600008/首创股份/4.320	7700	4.310	11800	4.300	89500	4.290	28970	4.280	8100	4.330	14700	4.340	3400	4.350	25300	4.360	3300	4.370	4100	/16842760//38399072/8803457/4.33/4.56//2008-9-18 13:35:32
7/600008/首创股份/4.330	2400	4.320	24000	4.310	1500	4.300	86900	4.290	20470	4.340	32300	4.350	23000	4.360	6300	4.370	1900	4.380	10300	/16842760//38739092/8881957/4.33/4.56//2008-9-18 13:36:33
7/600008/首创股份/4.300	76100	4.290	16570	4.280	3300	4.270	30600	4.260	23400	4.320	3000	4.330	24800	4.340	21800	4.350	23400	4.360	5800	/16842760//38956188/8932157/4.3/4.56//2008-9-18 13:37:34
7/600008/首创股份/4.300	63600	4.290	3070	4.280	3700	4.270	30600	4.260	23400	4.310	26100	4.320	17900	4.330	27800	4.340	18300	4.350	23400	/16842760//39107092/8967157/4.31/4.56//2008-9-18 13:38:34
7/600008/首创股份/4.290	1170	4.280	3700	4.270	28500	4.260	23200	4.250	20100	4.300	12900	4.310	17500	4.320	9900	4.330	27000	4.340	17300	/16842760//39425812/9041257/4.3/4.56//2008-9-18 13:39:35
7/600008/首创股份/4.280	2300	4.270	27000	4.260	23200	4.250	19700	4.240	36800	4.290	9330	4.300	22800	4.310	17400	4.320	9900	4.330	25200	/16842760//39479792/9053827/4.28/4.56//2008-9-18 13:40:35
7/600008/首创股份/4.290	15980	4.280	4900	4.270	16500	4.260	24700	4.250	18300	4.300	4400	4.310	17400	4.320	8900	4.330	25200	4.340	4000	/16842760//39596212/9080947/4.3/4.56//2008-9-18 13:41:36
7/600008/首创股份/4.310	2400	4.300	38500	4.290	16780	4.280	19300	4.270	16000	4.320	7900	4.330	24200	4.340	4000	4.350	27300	4.360	6000	/16842760//39770096/9121347/4.3/4.56//2008-9-18 13:42:36
7/600008/首创股份/4.330	35900	4.320	4600	4.310	15600	4.300	40400	4.290	16380	4.340	3100	4.350	29000	4.360	6000	4.370	2100	4.380	10800	/16842760//39923376/9156747/4.34/4.56//2008-9-18 13:43:37
7/600008/首创股份/4.350	2400	4.340	16700	4.330	1000	4.320	1500	4.310	1200	4.360	2800	4.370	7100	4.380	10300	4.390	12300	4.400	63890	/16842760//40188932/9217847/4.35/4.56//2008-9-18 13:44:37
7/600008/首创股份/4.360	4000	4.350	55200	4.340	22700	4.330	1400	4.320	1400	4.370	5500	4.380	12000	4.390	11600	4.400	62890	4.410	3300	/16842760//40257824/9233647/4.37/4.56//2008-9-18 13:45:38
7/600008/首创股份/4.370	39400	4.360	3200	4.350	37300	4.340	21500	4.330	1400	4.380	1800	4.390	12600	4.400	57590	4.410	3300	4.430	10800	/16842760//40429084/9272847/4.38/4.56//2008-9-18 13:46:39
7/600008/首创股份/4.390	15700	4.380	28300	4.370	39800	4.360	4100	4.350	22400	4.400	44090	4.410	3600	4.430	13500	4.440	2600	4.450	24501	/16842760//40741500/9344047/4.39/4.56//2008-9-18 13:47:39
7/600008/首创股份/4.380	4100	4.370	6400	4.360	4100	4.350	11900	4.340	20500	4.390	24300	4.400	44090	4.410	4300	4.430	13700	4.440	3100	/16842760//41034976/9410947/4.38/4.56//2008-9-18 13:48:40
7/600008/首创股份/4.350	8200	4.340	20200	4.330	2400	4.320	1000	4.310	1000	4.360	6600	4.370	6480	4.380	29400	4.390	33900	4.400	45090	/16842760//41201792/9449147/4.35/4.56//2008-9-18 13:49:40
7/600008/首创股份/4.330	2400	4.310	10200	4.300	34400	4.290	6000	4.280	25200	4.340	300	4.350	200	4.360	33200	4.370	8380	4.380	27026	/16842760//41455624/9507547/4.35/4.56//2008-9-18 13:50:41
7/600008/首创股份/4.320	1000	4.310	14600	4.300	34500	4.290	6000	4.280	25200	4.330	13600	4.340	21800	4.350	18700	4.360	36900	4.370	8280	/16842760//41472088/9511347/4.33/4.56//2008-9-18 13:51:41
7/600008/首创股份/4.320	37700	4.310	11200	4.300	36700	4.290	16100	4.280	25200	4.330	13100	4.340	20300	4.350	13500	4.360	36900	4.370	8280	/16842760//41532620/9525347/4.32/4.56//2008-9-18 13:52:42
7/600008/首创股份/4.330	16000	4.320	6000	4.310	11200	4.300	36300	4.290	16100	4.340	20300	4.350	15726	4.360	36000	4.370	8280	4.380	14126	/16842760//41719776/9568647/4.33/4.56//2008-9-18 13:53:42
7/600008/首创股份/4.320	19700	4.310	10198	4.300	37600	4.290	16100	4.280	27900	4.330	3210	4.340	20300	4.350	11626	4.360	36000	4.370	5280	/16842760//41869408/9603249/4.32/4.56//2008-9-18 13:54:43
7/600008/首创股份/4.320	7590	4.310	10798	4.300	38100	4.290	16100	4.280	19900	4.330	18300	4.340	20300	4.350	12526	4.360	36000	4.370	4780	/16842760//41929068/9617059/4.32/4.56//2008-9-18 13:55:44
7/600008/首创股份/4.310	10798	4.300	39000	4.290	15600	4.280	19900	4.270	13400	4.320	6210	4.330	1100	4.340	20300	4.350	12526	4.360	35500	/16842760//42065308/9648549/4.32/4.56//2008-9-18 13:56:44
7/600008/首创股份/4.320	8090	4.310	13098	4.300	39500	4.290	15600	4.280	20000	4.330	99000	4.340	20500	4.350	12726	4.360	17500	4.370	4780	/16842760//42112464/9659459/4.33/4.56//2008-9-18 13:57:45
7/600008/首创股份/4.310	8588	4.300	44500	4.290	15600	4.280	20000	4.270	13400	4.320	2000	4.330	36500	4.340	20500	4.350	12826	4.360	17500	/16842760//42438344/9734759/4.33/4.56//2008-9-18 13:58:45
7/600008/首创股份/4.310	14788	4.300	46300	4.290	15600	4.280	19700	4.270	12900	4.320	4700	4.330	36900	4.340	20300	4.350	10600	4.360	17500	/16842760//42466436/9741259/4.32/4.56//2008-9-18 13:59:46
7/600008/首创股份/4.320	3800	4.310	17188	4.300	46300	4.290	15600	4.280	19700	4.330	32000	4.340	20300	4.350	10600	4.360	17500	4.370	4780	/16842760//42528696/9755659/4.32/4.56//2008-9-18 14:0:47
7/600008/首创股份/4.300	47400	4.290	15600	4.280	21700	4.270	12900	4.260	25800	4.310	14212	4.320	19300	4.330	28000	4.340	20300	4.350	10900	/16842760//42642184/9781947/4.31/4.56//2008-9-18 14:1:47
7/600008/首创股份/4.300	16230	4.290	15600	4.280	20700	4.270	12600	4.260	25800	4.310	13712	4.320	18400	4.330	27600	4.340	21800	4.350	9900	/16842760//42787436/9815717/4.31/4.56//2008-9-18 14:2:48
7/600008/首创股份/4.290	16700	4.280	18700	4.270	12300	4.260	21900	4.250	16900	4.300	6570	4.310	16812	4.320	18400	4.330	27700	4.340	21800	/16842760//42910264/9844277/4.3/4.56//2008-9-18 14:3:48
7/600008/首创股份/4.290	5100	4.280	18800	4.270	12300	4.260	21900	4.250	17200	4.300	30870	4.310	14500	4.320	18400	4.330	27700	4.340	21800	/16842760//42951728/9853947/4.29/4.56//2008-9-18 14:4:49
7/600008/首创股份/4.280	14400	4.270	12300	4.260	21600	4.250	17200	4.240	20500	4.300	18670	4.310	14500	4.320	17200	4.330	27700	4.340	2500	/16842760//43025936/9871247/4.29/4.56//2008-9-18 14:5:50
7/600008/首创股份/4.290	1500	4.280	11400	4.270	11800	4.260	21600	4.250	18900	4.300	17270	4.310	2500	4.320	19300	4.330	27400	4.340	2500	/16842760//43079984/9883847/4.29/4.56//2008-9-18 14:6:50
7/600008/首创股份/4.290	6600	4.280	13100	4.270	16100	4.260	21900	4.250	21200	4.300	3470	4.310	2000	4.320	17300	4.330	26900	4.340	2500	/16842760//43151788/9900547/4.3/4.56//2008-9-18 14:7:51
7/600008/首创股份/4.310	400	4.300	13000	4.290	7730	4.280	11900	4.270	16100	4.320	16800	4.330	26900	4.340	2500	4.350	9200	4.360	17200	/16842760//43220472/9916517/4.31/4.56//2008-9-18 14:8:51
7/600008/首创股份/4.320	6200	4.310	16700	4.300	7800	4.290	6030	4.280	23300	4.330	2900	4.340	2500	4.350	8200	4.360	17200	4.370	4880	/16842760//43448688/9969317/4.33/4.56//2008-9-18 14:9:52
7/600008/首创股份/4.350	10300	4.340	5800	4.330	41800	4.320	5300	4.310	14400	4.360	15200	4.370	4880	4.380	11026	4.390	20500	4.400	80690	/16842760//43520788/9985917/4.35/4.56//2008-9-18 14:10:53
7/600008/首创股份/4.360	15700	4.350	12400	4.340	10800	4.330	21700	4.320	4300	4.370	3280	4.380	16026	4.390	21400	4.400	84890	4.410	4300	/16842760//43632380/10011517/4.37/4.56//2008-9-18 14:11:53
7/600008/首创股份/4.360	1430	4.350	14800	4.340	9500	4.330	21100	4.320	4300	4.380	12526	4.390	22200	4.400	69390	4.410	5800	4.420	1400	/16842760//43771008/10043287/4.36/4.56//2008-9-18 14:12:54
7/600008/首创股份/4.360	8928	4.350	19400	4.340	9500	4.330	18900	4.320	4300	4.370	5700	4.380	13626	4.390	22000	4.400	61490	4.410	5800	/16842760//43874028/10066889/4.36/4.56//2008-9-18 14:13:55
7/600008/首创股份/4.360	528	4.350	20900	4.340	9500	4.330	18900	4.320	4800	4.370	12100	4.380	29126	4.390	22500	4.400	61490	4.410	14800	/16842760//43979136/10090989/4.37/4.56//2008-9-18 14:14:55
7/600008/首创股份/4.350	20700	4.340	9500	4.330	17500	4.320	4800	4.310	14200	4.360	20072	4.370	1500	4.380	29926	4.390	15100	4.400	59490	/16842760//44138644/10127517/4.36/4.56//2008-9-18 14:15:56
7/600008/首创股份/4.360	50228	4.350	21600	4.340	8900	4.330	7500	4.320	4800	4.370	1700	4.380	24926	4.390	14800	4.400	59290	4.410	14300	/16842760//44240540/10150889/4.36/4.56//2008-9-18 14:16:56
7/600008/首创股份/4.370	18000	4.360	62428	4.350	23800	4.340	8900	4.330	5100	4.380	9826	4.390	13800	4.400	55990	4.410	14300	4.430	14000	/16842760//44431616/10194589/4.38/4.56//2008-9-18 14:17:57
7/600008/首创股份/4.390	10274	4.380	44300	4.370	39400	4.360	25928	4.350	30400	4.400	28690	4.410	14300	4.430	14200	4.440	2400	4.450	26801	/16842760//44519892/10214715/4.4/4.56//2008-9-18 14:18:58
7/600008/首创股份/4.450	17599	4.430	10800	4.420	10800	4.410	99400	4.400	92510	4.460	2500	4.470	99	4.480	4400	4.490	7600	4.500	136300	/16842760//45110696/10348127/4.45/4.56//2008-9-18 14:19:58
7/600008/首创股份/4.490	19600	4.480	10600	4.470	4001	4.460	25400	4.450	25899	4.500	17700	4.520	44700	4.530	8000	4.540	10000	4.550	28400	/16842760//45231276/10374525/4.5/4.56//2008-9-18 14:20:59
7/600008/首创股份/4.500	84600	4.490	14700	4.480	11300	4.470	2801	4.460	12200	4.510	11100	4.520	5100	4.530	7500	4.540	5000	4.550	15300	/16842760//45547632/10444625/4.51/4.56//2008-9-18 14:22:0
7/600008/首创股份/4.540	2600	4.530	61600	4.520	31000	4.510	10500	4.500	79800	4.560	17200	4.570	8500	4.580	19200	4.590	40200	4.600	37300	/16842760//45946808/10532725/4.56/4.56//2008-9-18 14:23:0
7/600008/首创股份/4.530	24200	4.520	14900	4.510	9500	4.500	63000	4.490	6400	4.550	10300	4.560	14900	4.570	22600	4.580	25200	4.590	44200	/16842760//46441848/10641725/4.53/4.56//2008-9-18 14:24:1
7/600008/首创股份/4.520	14900	4.510	9500	4.500	56900	4.490	5400	4.480	13200	4.530	23600	4.550	20500	4.560	29400	4.570	17700	4.580	25300	/16842760//46780300/10716225/4.53/4.56//2008-9-18 14:25:2
7/600008/首创股份/4.490	6200	4.480	7400	4.470	3800	4.460	9300	4.450	25299	4.500	39700	4.510	23600	4.520	12220	4.530	10600	4.550	26000	/16842760//47356048/10843925/4.49/4.56//2008-9-18 14:26:2
7/600008/首创股份/4.470	2100	4.460	13300	4.450	25299	4.430	4900	4.420	22700	4.480	23069	4.490	16300	4.500	32100	4.510	20600	4.520	11220	/16842760//47644420/10908225/4.47/4.56//2008-9-18 14:27:3
7/600008/首创股份/4.460	10900	4.450	17999	4.430	1900	4.420	22700	4.410	40200	4.470	2600	4.480	32769	4.490	13300	4.500	35300	4.510	20600	/16842760//47715484/10924125/4.47/4.56//2008-9-18 14:28:4
7/600008/首创股份/4.470	100	4.460	100	4.450	18999	4.430	2900	4.420	22700	4.480	27950	4.490	13600	4.500	35000	4.510	20600	4.520	7420	/16842760//47832456/10950325/4.47/4.56//2008-9-18 14:29:4
7/600008/首创股份/4.430	3200	4.420	22700	4.410	41200	4.400	62210	4.390	12700	4.460	1201	4.470	9400	4.480	29350	4.490	12800	4.500	18500	/16842760//47999448/10987824/4.46/4.56//2008-9-18 14:30:5
7/600008/首创股份/4.440	2100	4.430	7200	4.420	20200	4.410	41200	4.400	63210	4.450	4700	4.460	5200	4.470	9400	4.480	29350	4.490	12800	/16842760//48081080/11006224/4.44/4.56//2008-9-18 14:31:6
7/600008/首创股份/4.450	1600	4.440	8100	4.430	22500	4.420	21600	4.410	41200	4.460	5200	4.470	9400	4.480	38750	4.490	13200	4.500	29300	/16842760//48161444/11024324/4.45/4.56//2008-9-18 14:32:6
7/600008/首创股份/4.460	2900	4.450	52100	4.440	9300	4.430	20300	4.420	21600	4.470	5400	4.480	24950	4.490	13200	4.500	29500	4.510	5200	/16842760//48223868/11038324/4.47/4.56//2008-9-18 14:33:7
7/600008/首创股份/4.460	6800	4.450	47600	4.440	8200	4.430	18300	4.420	20200	4.470	3300	4.480	24750	4.490	13200	4.500	36500	4.510	5200	/16842760//48387420/11074924/4.47/4.56//2008-9-18 14:34:8
7/600008/首创股份/4.450	49300	4.440	8200	4.430	16300	4.420	1000	4.410	31300	4.470	24142	4.480	24150	4.490	13200	4.500	37700	4.510	5400	/16842760//48463688/11092024/4.47/4.56//2008-9-18 14:35:8
7/600008/首创股份/4.500	76300	4.490	900	4.480	1308	4.470	1000	4.460	30700	4.510	5400	4.520	8800	4.530	2700	4.540	2200	4.550	71100	/16842760//49031768/11218616/4.5/4.56//2008-9-18 14:36:9
7/600008/首创股份/4.490	100	4.480	700	4.470	500	4.460	10200	4.450	50800	4.500	49700	4.510	10900	4.520	1000	4.530	2500	4.540	6600	/16842760//49635908/11352716/4.5/4.56//2008-9-18 14:37:10
7/600008/首创股份/4.440	7500	4.430	18300	4.420	1000	4.410	5100	4.400	26010	4.450	3900	4.480	300	4.490	6400	4.500	55200	4.510	11000	/16842760//49789844/11387216/4.45/4.56//2008-9-18 14:38:10
7/600008/首创股份/4.430	3800	4.420	1000	4.410	9500	4.400	25710	4.390	7700	4.440	14200	4.450	1700	4.470	1400	4.480	12400	4.490	30800	/16842760//49890996/11410016/4.44/4.56//2008-9-18 14:39:11
7/600008/首创股份/4.410	31100	4.400	26710	4.390	7700	4.380	9000	4.370	17300	4.420	5200	4.430	27200	4.440	12500	4.450	100	4.460	1600	/16842760//49941012/11421316/4.42/4.56//2008-9-18 14:40:12
7/600008/首创股份/4.410	12100	4.400	24710	4.390	8200	4.380	8000	4.370	17300	4.420	6600	4.430	24300	4.440	5800	4.450	100	4.460	1600	/16842760//50097264/11456716/4.42/4.56//2008-9-18 14:41:12
7/600008/首创股份/4.430	8400	4.420	11900	4.410	33000	4.400	24810	4.390	7700	4.440	5800	4.450	100	4.460	1600	4.470	1000	4.480	11400	/16842760//50280952/11498216/4.43/4.56//2008-9-18 14:42:13
7/600008/首创股份/4.440	500	4.430	4200	4.420	12900	4.410	35000	4.400	25110	4.450	1400	4.460	1700	4.470	1500	4.480	12000	4.490	21300	/16842760//50338200/11511116/4.45/4.56//2008-9-18 14:43:14
7/600008/首创股份/4.430	5800	4.420	11600	4.410	34200	4.400	27410	4.390	7700	4.450	1200	4.460	800	4.470	2500	4.480	12000	4.490	21700	/16842760//50395488/11524016/4.45/4.56//2008-9-18 14:44:14
7/600008/首创股份/4.440	37300	4.430	1700	4.420	11600	4.410	31200	4.400	27910	4.450	1400	4.460	1300	4.470	4800	4.480	11900	4.490	24100	/16842760//50489096/11545115/4.43/4.56//2008-9-18 14:45:15
7/600008/首创股份/4.420	12000	4.410	30900	4.400	27110	4.390	7700	4.380	10200	4.430	5700	4.440	61900	4.450	13340	4.460	8700	4.470	7700	/16842760//50607516/11571775/4.43/4.56//2008-9-18 14:46:16
7/600008/首创股份/4.390	1600	4.380	10200	4.370	14000	4.360	3700	4.350	14600	4.400	1490	4.410	24500	4.420	40719	4.430	20600	4.440	62900	/16842760//50945548/11648485/4.4/4.56//2008-9-18 14:47:16
7/600008/首创股份/4.340	200	4.330	800	4.320	2500	4.310	7700	4.300	22700	4.350	600	4.370	66500	4.380	14841	4.390	9000	4.400	23990	/16842760//51172440/11700485/4.34/4.56//2008-9-18 14:48:17
7/600008/首创股份/4.300	21100	4.290	2430	4.280	7700	4.270	14900	4.260	10000	4.310	1300	4.320	800	4.330	3800	4.340	4500	4.350	800	/16842760//51244532/11717185/4.31/4.56//2008-9-18 14:49:18
7/600008/首创股份/4.300	26100	4.290	8230	4.280	11200	4.270	14900	4.260	10500	4.310	1600	4.320	600	4.330	6200	4.340	1200	4.350	4100	/16842760//51341036/11739585/4.31/4.56//2008-9-18 14:50:18
7/600008/首创股份/4.330	31500	4.320	10000	4.310	75000	4.300	19800	4.290	18730	4.340	11200	4.350	5400	4.370	33000	4.380	11641	4.390	1000	/16842760//51500892/11776685/4.33/4.56//2008-9-18 14:51:19
7/600008/首创股份/4.340	30800	4.330	22200	4.320	11400	4.310	31000	4.300	14200	4.370	32900	4.380	12341	4.390	1000	4.400	27490	4.410	23300	/16842760//51680184/11817985/4.36/4.56//2008-9-18 14:52:20
7/600008/首创股份/4.380	27759	4.370	4300	4.350	12281	4.340	26500	4.330	21100	4.390	2000	4.400	26990	4.410	22300	4.420	22819	4.430	7400	/16842760//51902188/11868745/4.38/4.56//2008-9-18 14:53:21
7/600008/首创股份/4.380	28159	4.370	1000	4.360	14900	4.350	21881	4.340	20100	4.390	5690	4.400	2000	4.410	2300	4.420	4400	4.430	22500	/16842760//52255928/11949145/4.39/4.56//2008-9-18 14:54:21
7/600008/首创股份/4.380	29059	4.360	14900	4.350	18881	4.340	20100	4.330	1100	4.390	27890	4.400	4900	4.410	4500	4.420	10200	4.430	23000	/16842760//52378044/11976945/4.39/4.56//2008-9-18 14:55:22
7/600008/首创股份/4.360	7859	4.350	20281	4.340	20100	4.330	1100	4.320	10000	4.380	1700	4.390	10290	4.400	16800	4.410	11500	4.420	8100	/16842760//52652704/12039645/4.36/4.56//2008-9-18 14:56:23
7/600008/首创股份/4.360	2659	4.350	20781	4.340	20100	4.330	1100	4.320	10000	4.370	1000	4.380	25399	4.390	15890	4.400	13400	4.410	11500	/16842760//52710268/12052845/4.36/4.56//2008-9-18 14:57:23
7/600008/首创股份/4.350	34881	4.340	20100	4.330	6100	4.320	12200	4.310	12400	4.360	5239	4.370	9000	4.380	32741	4.390	16990	4.400	23900	/16842760//52848396/12084504/4.36/4.56//2008-9-18 14:58:24
7/600008/首创股份/4.330	5500	4.320	12800	4.310	12400	4.300	53400	4.290	13030	4.340	16700	4.350	358719	4.360	33500	4.370	16900	4.380	19441	/16842760//53250660/12176985/4.34/4.56//2008-9-18 14:59:25
7/600008/首创股份/4.340	500	4.330	16300	4.320	13300	4.310	12400	4.300	53400	4.350	420958	4.360	34000	4.370	16900	4.380	19441	4.390	13990	/16842760//53751416/12292385/4.34/4.56//2008-9-18 15:0:26
7/600008/首创股份/4.340	500	4.330	16300	4.320	13300	4.310	12400	4.300	53400	4.350	420958	4.360	34000	4.370	16900	4.380	19441	4.390	13990	/16842760//53751416/12292385/4.34/4.56//2008-9-18 15:1:26
7/600008/首创股份/4.340	500	4.330	16300	4.320	13300	4.310	12400	4.300	53400	4.350	420958	4.360	34000	4.370	16900	4.380	19441	4.390	13990	/16842760//53751416/12292385/4.34/4.56//2008-9-18 15:2:27
