583/600028/中国石化/9.020	4600	9.000	141700	8.980	17778	8.970	300	8.950	400	9.100	900	9.110	2600	9.120	21200	9.140	12600	9.150	37100	/16843368//7201661/801222/9.0/9.3//2008-9-18 9:31:34
583/600028/中国石化/9.030	100	9.020	53200	9.010	2400	9.000	190400	8.990	5600	9.050	11200	9.060	8000	9.080	34600	9.090	1000	9.100	61500	/16843368//8266813/918622/9.05/9.3//2008-9-18 9:32:35
583/600028/中国石化/8.980	6900	8.970	300	8.960	3400	8.950	3000	8.940	1000	8.990	2200	9.000	80525	9.010	8100	9.020	32000	9.030	48100	/16843368//12008339/1334222/9.0/9.3//2008-9-18 9:33:35
583/600028/中国石化/8.960	3900	8.950	9200	8.940	4400	8.930	10900	8.920	25600	8.970	7200	8.980	10300	8.990	32570	9.000	104900	9.010	8100	/16843368//12740624/1415722/8.97/9.3//2008-9-18 9:34:35
583/600028/中国石化/8.900	131200	8.890	5200	8.880	20800	8.870	200	8.860	3400	8.910	100233	8.920	300	8.930	14200	8.940	8800	8.950	9900	/16843368//14616984/1625922/8.92/9.3//2008-9-18 9:35:35
583/600028/中国石化/8.880	17500	8.870	1200	8.860	7000	8.850	63500	8.840	3000	8.900	266400	8.910	11000	8.920	7300	8.930	16300	8.940	9300	/16843368//17069964/1901522/8.9/9.3//2008-9-18 9:36:36
583/600028/中国石化/8.860	1000	8.850	38500	8.840	3000	8.830	12300	8.820	7000	8.870	4000	8.880	45951	8.890	4770	8.900	220700	8.910	6000	/16843368//19152856/2136222/8.87/9.3//2008-9-18 9:37:36
583/600028/中国石化/8.810	59100	8.800	16567	8.790	1700	8.780	17600	8.760	2800	8.840	33800	8.850	60600	8.860	2600	8.870	12600	8.880	43100	/16843368//23009882/2573755/8.84/9.3//2008-9-18 9:38:36
583/600028/中国石化/8.830	3000	8.820	125700	8.810	87900	8.800	441666	8.790	213200	8.840	25670	8.850	43900	8.860	3100	8.870	12600	8.880	32800	/16843368//24981730/2797456/8.84/9.3//2008-9-18 9:39:36
583/600028/中国石化/8.850	8200	8.840	55430	8.830	131200	8.820	142100	8.810	129600	8.890	2500	8.900	219500	8.910	6600	8.920	700	8.930	2000	/16843368//26949256/3019734/8.89/9.3//2008-9-18 9:40:36
583/600028/中国石化/8.840	38400	8.830	109100	8.820	141900	8.810	137400	8.800	639766	8.850	5750	8.880	2000	8.890	300	8.900	210323	8.910	5500	/16843368//28529588/3198034/8.85/9.3//2008-9-18 9:41:37
583/600028/中国石化/8.890	21200	8.880	5200	8.860	17300	8.850	138999	8.840	30700	8.900	47423	8.910	5500	8.920	1900	8.930	2192	8.940	5000	/16843368//30809232/3454435/8.9/9.3//2008-9-18 9:42:37
583/600028/中国石化/8.910	2000	8.900	213377	8.890	5600	8.880	38600	8.870	3100	8.920	1900	8.930	192	8.940	5000	8.950	4300	8.960	4300	/16843368//31753862/3560558/8.91/9.3//2008-9-18 9:43:37
583/600028/中国石化/8.940	9400	8.930	20500	8.920	23700	8.910	84500	8.900	360177	8.950	1092	8.960	25400	8.970	11400	8.980	59500	8.990	14100	/16843368//32196940/3610158/8.94/9.3//2008-9-18 9:44:37
583/600028/中国石化/9.000	429708	8.990	14600	8.980	53000	8.970	100	8.960	7100	9.020	7300	9.030	200	9.050	6600	9.060	1700	9.070	12300	/16843368//34549312/3872250/9.02/9.3//2008-9-18 9:45:37
583/600028/中国石化/9.030	300	9.020	11500	9.010	1100	9.000	97908	8.990	11900	9.040	1050	9.050	15900	9.060	221750	9.070	35200	9.080	12700	/16843368//39619440/4434950/9.04/9.3//2008-9-18 9:46:38
583/600028/中国石化/9.020	8575	9.010	4600	9.000	106808	8.990	11800	8.980	3300	9.030	29600	9.040	129740	9.050	26500	9.060	82950	9.070	35200	/16843368//42351696/4736775/9.03/9.3//2008-9-18 9:47:38
583/600028/中国石化/9.000	78200	8.990	10800	8.980	5100	8.970	200	8.960	1400	9.020	80200	9.030	52900	9.050	27165	9.060	82850	9.070	35200	/16843368//49702352/5552650/9.01/9.3//2008-9-18 9:48:38
583/600028/中国石化/8.970	1000	8.960	1600	8.950	15800	8.940	14300	8.930	7100	9.000	30500	9.010	52050	9.020	40600	9.030	54400	9.050	33765	/16843368//51680144/5772450/9.0/9.3//2008-9-18 9:49:39
583/600028/中国石化/8.970	100	8.960	62700	8.950	1018400	8.940	29300	8.930	6600	8.980	6700	8.990	100	9.000	30800	9.010	52150	9.020	40700	/16843368//52034144/5811850/8.98/9.3//2008-9-18 9:50:39
583/600028/中国石化/9.000	1559600	8.990	207200	8.980	24100	8.970	13000	8.960	8700	9.010	27550	9.020	38700	9.030	59800	9.050	32864	9.060	79450	/16843368//54468812/6082850/9.0/9.3//2008-9-18 9:51:39
583/600028/中国石化/9.020	3500	9.010	30400	9.000	2579100	8.990	207200	8.980	63400	9.030	25000	9.050	62300	9.060	78550	9.070	2200	9.080	17500	/16843368//57735268/6444864/9.02/9.3//2008-9-18 9:52:39
583/600028/中国石化/9.000	2550689	8.990	207200	8.980	62400	8.970	11100	8.960	8700	9.010	42100	9.020	15300	9.030	31800	9.040	699	9.050	68500	/16843368//59463088/6636675/9.0/9.3//2008-9-18 9:53:40
583/600028/中国石化/9.020	500	9.010	1100	9.000	1907889	8.990	207600	8.980	63200	9.030	11200	9.040	3699	9.050	19200	9.060	78550	9.070	2200	/16843368//66070084/7370675/9.01/9.3//2008-9-18 9:54:40
583/600028/中国石化/9.010	24800	9.000	1918489	8.990	207600	8.980	61200	8.970	11200	9.020	32300	9.030	12300	9.040	1000	9.050	15699	9.060	78750	/16843368//66983512/7471875/9.02/9.3//2008-9-18 9:55:40
583/600028/中国石化/9.000	415328	8.990	400	8.980	62600	8.970	10900	8.960	28300	9.020	13100	9.030	14000	9.040	1000	9.050	21399	9.060	79150	/16843368//72492648/8083836/9.02/9.3//2008-9-18 9:56:41
583/600028/中国石化/9.000	455928	8.980	57700	8.970	10400	8.960	77800	8.950	81900	9.010	8500	9.020	14700	9.030	17400	9.040	1000	9.050	22799	/16843368//81432888/9077236/9.0/9.3//2008-9-18 9:57:41
583/600028/中国石化/9.010	1400	9.000	738128	8.990	42900	8.980	108500	8.970	400	9.020	1200	9.030	9250	9.040	2000	9.050	24899	9.060	78950	/16843368//82286224/9171936/9.01/9.3//2008-9-18 9:58:41
583/600028/中国石化/9.020	400	9.010	10900	9.000	809428	8.990	52900	8.980	123400	9.040	950	9.050	30599	9.060	82250	9.070	8040	9.080	19600	/16843368//82767912/9225336/9.04/9.3//2008-9-18 9:59:41
583/600028/中国石化/9.020	7000	9.010	29800	9.000	812828	8.990	51900	8.980	124400	9.040	6749	9.050	5100	9.060	82450	9.070	6040	9.080	19600	/16843368//83679200/9326236/9.04/9.3//2008-9-18 10:0:42
583/600028/中国石化/9.020	4850	9.010	32500	9.000	852528	8.990	54900	8.980	124500	9.030	900	9.050	8449	9.060	87750	9.070	8340	9.080	19800	/16843368//84075056/9370086/9.02/9.3//2008-9-18 10:1:42
583/600028/中国石化/9.010	1200	9.000	850628	8.990	53800	8.980	124600	8.970	13600	9.020	16950	9.030	4500	9.040	3100	9.050	24849	9.060	88150	/16843368//84453056/9412036/9.02/9.02//2008-9-18 10:2:42
583/600028/中国石化/9.000	805168	8.990	53800	8.980	124600	8.970	13600	8.960	77200	9.010	2000	9.020	21150	9.030	3200	9.040	3100	9.050	30049	/16843368//85109000/9484896/9.0/9.02//2008-9-18 10:3:42
583/600028/中国石化/9.000	768969	8.990	54500	8.980	124900	8.970	10400	8.960	79200	9.010	200	9.040	10850	9.050	31949	9.060	87950	9.070	10440	/16843368//85976560/9581195/9.0/9.02//2008-9-18 10:4:43
583/600028/中国石化/9.000	708669	8.990	54500	8.980	124900	8.970	10400	8.960	79200	9.020	300	9.040	11550	9.050	32749	9.060	98850	9.070	10440	/16843368//87004824/9695395/9.0/9.02//2008-9-18 10:5:43
583/600028/中国石化/9.000	560369	8.990	51900	8.980	124800	8.970	10200	8.960	80200	9.040	22570	9.050	35549	9.060	97850	9.070	10440	9.080	24700	/16843368//89412568/9962695/9.0/9.02//2008-9-18 10:6:43
583/600028/中国石化/9.010	30500	9.000	540969	8.990	51900	8.980	124800	8.970	10200	9.020	5500	9.030	2800	9.040	22670	9.050	37149	9.060	97950	/16843368//90328864/10064395/9.01/9.02//2008-9-18 10:7:44
583/600028/中国石化/9.010	8600	9.000	548169	8.990	51100	8.980	124800	8.970	11000	9.020	300	9.040	1000	9.050	2749	9.060	98650	9.070	10440	/16843368//91928216/10241495/9.04/9.02//2008-9-18 10:8:44
583/600028/中国石化/9.030	2300	9.020	1900	9.010	109151	9.000	547369	8.990	53000	9.050	5400	9.060	89750	9.070	10440	9.080	25400	9.090	23700	/16843368//92081472/10258444/9.04/9.02//2008-9-18 10:9:44
583/600028/中国石化/9.010	115251	9.000	586769	8.990	58000	8.980	124000	8.970	11000	9.020	2100	9.030	4700	9.040	10600	9.050	4800	9.060	89650	/16843368//92258480/10278044/9.02/9.02//2008-9-18 10:10:44
583/600028/中国石化/9.010	20751	9.000	487669	8.990	30000	8.980	74500	8.970	10700	9.020	1400	9.030	20200	9.040	10400	9.050	15600	9.060	89350	/16843368//92653480/10321844/9.02/9.02//2008-9-18 10:11:45
583/600028/中国石化/9.010	15051	9.000	494269	8.990	31000	8.980	74500	8.970	10700	9.020	77501	9.030	20500	9.040	8200	9.050	17100	9.060	88850	/16843368//92924056/10351844/9.02/9.02//2008-9-18 10:12:45
583/600028/中国石化/9.010	2751	9.000	503569	8.990	31000	8.980	75500	8.970	10700	9.020	61101	9.030	20000	9.040	9200	9.050	19400	9.060	89850	/16843368//93488248/10414444/9.01/9.02//2008-9-18 10:13:45
583/600028/中国石化/9.010	18700	9.000	553269	8.990	30300	8.980	74400	8.970	10700	9.020	22550	9.030	21000	9.040	9200	9.050	20600	9.060	89850	/16843368//94092872/10481495/9.02/9.02//2008-9-18 10:14:46
583/600028/中国石化/9.000	226200	8.990	30800	8.980	74700	8.970	10700	8.960	30300	9.010	11700	9.020	1003	9.030	20050	9.040	8200	9.050	33200	/16843368//95879696/10679895/9.01/9.02//2008-9-18 10:15:46
583/600028/中国石化/9.000	353099	8.990	31100	8.980	76100	8.970	30700	8.960	30800	9.020	1100	9.030	500	9.090	12443	9.100	119280	9.110	3600	/16843368//98929312/11017296/9.0/9.02//2008-9-18 10:16:46
583/600028/中国石化/9.020	6100	9.010	4500	9.000	352999	8.990	31100	8.980	76900	9.040	450	9.050	4400	9.060	1400	9.080	100	9.100	7823	/16843368//100408416/11180196/9.02/9.02//2008-9-18 10:17:47
583/600028/中国石化/9.020	249	9.010	51800	9.000	366599	8.990	30800	8.980	80100	9.050	22700	9.060	1400	9.080	1000	9.100	7923	9.110	3600	/16843368//100579640/11199147/9.05/9.02//2008-9-18 10:18:47
583/600028/中国石化/9.100	23227	9.060	8600	9.050	1000	9.040	700	9.030	1700	9.110	4100	9.120	40730	9.130	24000	9.140	16000	9.150	75280	/16843368//101037112/11249570/9.11/9.02//2008-9-18 10:19:47
583/600028/中国石化/9.050	2027	9.020	6399	9.010	53200	9.000	367999	8.990	30800	9.100	26900	9.110	2497	9.120	43429	9.130	8900	9.140	16700	/16843368//101625976/11314370/9.05/9.02//2008-9-18 10:20:48
583/600028/中国石化/9.100	42200	9.050	300	9.030	4600	9.020	7800	9.010	14800	9.110	13200	9.120	43829	9.130	4100	9.140	16900	9.150	79380	/16843368//102486888/11409370/9.1/9.02//2008-9-18 10:21:48
583/600028/中国石化/9.020	6400	9.010	76700	9.000	379799	8.990	30800	8.980	87000	9.050	400	9.070	1000	9.090	2300	9.100	260740	9.110	36297	/16843368//103825624/11556570/9.02/9.02//2008-9-18 10:22:48
583/600028/中国石化/9.020	400	9.010	75458	9.000	494199	8.990	30800	8.980	88000	9.050	14500	9.070	1000	9.080	1000	9.090	24997	9.100	280190	/16843368//104148256/11592312/9.05/9.02//2008-9-18 10:23:48
583/600028/中国石化/9.020	100	9.010	60666	9.000	506199	8.990	30800	8.980	88000	9.030	5900	9.050	6300	9.070	2800	9.080	8300	9.090	26700	/16843368//104500104/11631304/9.02/9.02//2008-9-18 10:24:49
583/600028/中国石化/9.050	827020	9.030	600	9.020	3500	9.010	5600	9.000	943273	9.110	34100	9.120	21630	9.130	11800	9.140	17000	9.150	80080	/16843368//124821672/13868376/9.05/9.02//2008-9-18 10:25:49
583/600028/中国石化/9.050	803128	9.030	300	9.020	3500	9.010	18400	9.000	1017273	9.100	20200	9.110	2500	9.120	16130	9.130	13900	9.140	17300	/16843368//117737176/13088968/9.05/9.02//2008-9-18 10:26:49
583/600028/中国石化/9.070	500	9.060	2200	9.050	797386	9.030	300	9.020	33400	9.100	36250	9.110	2100	9.120	21030	9.130	13900	9.140	18090	/16843368//118844272/13210710/9.1/9.02//2008-9-18 10:27:50
583/600028/中国石化/9.060	2400	9.050	826843	9.030	1200	9.020	83700	9.010	55600	9.100	42950	9.110	10400	9.120	23330	9.130	11900	9.140	18290	/16843368//119357656/13267353/9.1/9.02//2008-9-18 10:28:50
583/600028/中国石化/9.060	6900	9.050	927852	9.030	2200	9.020	84500	9.010	54600	9.070	1300	9.080	1700	9.090	100	9.100	49950	9.110	6000	/16843368//119658168/13300544/9.06/9.02//2008-9-18 10:29:50
583/600028/中国石化/9.060	100	9.050	922344	9.040	400	9.030	2200	9.020	84500	9.070	200	9.080	1700	9.090	900	9.100	60780	9.110	7000	/16843368//120055888/13344452/9.07/9.02//2008-9-18 10:30:51
583/600028/中国石化/9.050	770636	9.030	2200	9.020	84500	9.010	55000	9.000	966673	9.060	15900	9.100	64080	9.110	7500	9.120	28630	9.130	12400	/16843368//121865440/13544293/9.05/9.02//2008-9-18 10:31:51
583/600028/中国石化/9.050	717128	9.030	2200	9.020	84900	9.010	54300	9.000	984773	9.060	17000	9.080	1000	9.100	70480	9.110	6400	9.120	29130	/16843368//122286056/13590768/9.06/9.02//2008-9-18 10:32:51
583/600028/中国石化/9.050	694920	9.030	2200	9.020	84900	9.010	53700	9.000	983973	9.060	16200	9.080	1000	9.100	61180	9.110	6500	9.120	28130	/16843368//122583912/13623676/9.05/9.02//2008-9-18 10:33:52
583/600028/中国石化/9.050	61512	9.030	2200	9.020	84900	9.010	53600	9.000	986473	9.060	1300	9.070	100	9.080	1000	9.100	66580	9.110	6500	/16843368//128707608/14300284/9.06/9.02//2008-9-18 10:34:52
583/600028/中国石化/9.020	54994	9.010	56500	9.000	1158973	8.990	26600	8.980	87300	9.050	3300	9.060	3000	9.070	700	9.080	1000	9.100	62080	/16843368//129606392/14399702/9.02/9.02//2008-9-18 10:35:52
583/600028/中国石化/9.020	40086	9.010	67500	9.000	1145073	8.990	26600	8.980	88100	9.050	4500	9.060	11100	9.070	6700	9.080	1400	9.090	2000	/16843368//129850192/14426710/9.02/9.02//2008-9-18 10:36:53
583/600028/中国石化/9.020	22268	9.010	66500	9.000	1153373	8.990	26600	8.980	89900	9.050	8900	9.060	2100	9.070	6700	9.080	11000	9.090	3000	/16843368//130068680/14450928/9.05/9.02//2008-9-18 10:37:53
583/600028/中国石化/9.020	567	9.010	60093	9.000	1159073	8.990	26700	8.980	89900	9.030	500	9.040	1400	9.050	10200	9.060	2100	9.070	7500	/16843368//130422320/14490136/9.03/9.02//2008-9-18 10:38:53
583/600028/中国石化/9.010	51885	9.000	1151273	8.990	28700	8.980	89900	8.970	11200	9.020	8000	9.030	1400	9.040	500	9.050	11932	9.060	2100	/16843368//130744264/14525811/9.01/9.02//2008-9-18 10:39:54
583/600028/中国石化/9.050	99935	9.030	200	9.020	37125	9.010	81885	9.000	972873	9.060	2100	9.070	7500	9.080	12000	9.090	3000	9.100	81810	/16843368//134346848/14923951/9.05/9.02//2008-9-18 10:40:54
583/600028/中国石化/9.050	104512	9.030	200	9.020	56625	9.010	84585	9.000	968400	9.060	6100	9.070	1600	9.080	11500	9.090	3500	9.100	85510	/16843368//134718288/14964974/9.05/9.02//2008-9-18 10:41:54
583/600028/中国石化/9.050	77504	9.040	800	9.030	200	9.020	56725	9.010	84585	9.070	1397	9.080	11600	9.090	3500	9.100	89010	9.110	8100	/16843368//135215312/15019882/9.05/9.02//2008-9-18 10:42:55
583/600028/中国石化/9.020	52692	9.010	96885	9.000	976800	8.990	28700	8.980	42900	9.030	100	9.040	1200	9.050	24871	9.060	1200	9.070	1600	/16843368//136016448/15108419/9.03/9.02//2008-9-18 10:43:55
583/600028/中国石化/9.030	2400	9.020	3013	9.010	95985	9.000	978600	8.990	28700	9.040	1398	9.050	28300	9.060	2700	9.070	1600	9.080	11600	/16843368//136627088/15176098/9.03/9.02//2008-9-18 10:44:56
583/600028/中国石化/9.010	58440	9.000	978200	8.990	28700	8.980	41900	8.970	11800	9.030	10700	9.040	3798	9.050	20900	9.060	4700	9.070	1400	/16843368//137077376/15226056/9.01/9.02//2008-9-18 10:45:56
583/600028/中国石化/9.000	980227	8.990	27700	8.980	41300	8.970	11200	8.960	31300	9.010	500	9.020	1000	9.030	18600	9.040	3698	9.050	24900	/16843368//137837088/15310369/9.0/9.02//2008-9-18 10:46:56
583/600028/中国石化/9.000	816219	8.990	17700	8.980	40200	8.970	11200	8.960	35300	9.010	13181	9.020	4600	9.030	19140	9.040	1298	9.050	30790	/16843368//139183408/15459977/9.0/9.02//2008-9-18 10:47:57
583/600028/中国石化/9.000	171005	8.990	16700	8.980	39800	8.970	11200	8.960	32800	9.010	16381	9.020	3400	9.030	10640	9.040	200	9.050	31990	/16843368//145005648/16106891/9.01/9.02//2008-9-18 10:48:57
583/600028/中国石化/8.980	22777	8.970	11200	8.960	32800	8.950	36400	8.940	25300	8.990	39900	9.000	168875	9.010	11481	9.020	1500	9.030	4940	/16843368//146915232/16319119/8.98/9.02//2008-9-18 10:49:57
583/600028/中国石化/8.950	10817	8.940	25300	8.930	2500	8.920	116900	8.910	28100	8.960	22238	8.970	1900	8.980	40250	8.990	41800	9.000	145519	/16843368//147680464/16404479/8.95/9.02//2008-9-18 10:50:58
583/600028/中国石化/8.930	28992	8.920	116700	8.910	49200	8.900	1984800	8.890	7600	8.940	700	8.950	25183	8.960	27119	8.970	1900	8.980	27450	/16843368//148507712/16497004/8.93/9.02//2008-9-18 10:51:58
583/600028/中国石化/8.920	98767	8.910	53500	8.900	1993500	8.890	7600	8.880	40400	8.930	12581	8.940	2240	8.950	29483	8.960	22238	8.970	1900	/16843368//149105168/16563929/8.93/9.02//2008-9-18 10:52:58
583/600028/中国石化/8.920	28176	8.910	54100	8.900	1997100	8.890	15900	8.880	46400	8.930	8281	8.940	2240	8.950	26483	8.960	17938	8.970	1900	/16843368//149874976/16650220/8.93/9.02//2008-9-18 10:53:59
583/600028/中国石化/8.910	1000	8.900	1844627	8.890	9100	8.880	43300	8.870	3000	8.920	13000	8.930	12000	8.940	2940	8.950	23983	8.960	14638	/16843368//152524480/16947668/8.92/9.02//2008-9-18 10:54:59
583/600028/中国石化/8.910	6567	8.900	1713152	8.890	9100	8.880	43300	8.870	3000	8.920	40700	8.930	23600	8.940	2700	8.950	18183	8.960	14638	/16843368//153922256/17104676/8.91/9.02//2008-9-18 10:56:0
583/600028/中国石化/8.900	1034671	8.890	4100	8.880	41600	8.870	3200	8.860	10300	8.910	27149	8.920	222100	8.930	20100	8.940	2700	8.950	13683	/16843368//160314320/17822824/8.9/9.02//2008-9-18 10:57:0
583/600028/中国石化/8.900	810343	8.890	4300	8.880	43300	8.870	3200	8.860	10000	8.910	24949	8.920	236600	8.930	12900	8.940	2100	8.950	10683	/16843368//162611792/18080952/8.91/9.02//2008-9-18 10:58:0
583/600028/中国石化/8.900	353790	8.890	4600	8.880	44100	8.870	3200	8.860	10400	8.910	25149	8.920	36700	8.930	12700	8.940	2100	8.950	11683	/16843368//166830000/18554906/8.91/9.02//2008-9-18 10:59:1
583/600028/中国石化/8.890	38500	8.880	44100	8.870	4000	8.860	10700	8.850	316199	8.900	76946	8.910	28349	8.920	37100	8.930	11700	8.940	2100	/16843368//170064224/18918296/8.9/9.02//2008-9-18 11:0:1
583/600028/中国石化/8.880	43100	8.870	4000	8.860	47300	8.850	316699	8.840	8200	8.890	4500	8.900	53112	8.910	25849	8.920	37100	8.930	12700	/16843368//170991088/19022496/8.89/9.02//2008-9-18 11:1:2
583/600028/中国石化/8.890	35000	8.880	8162	8.870	4000	8.860	59600	8.850	320899	8.900	9700	8.910	20449	8.920	36700	8.930	12700	8.940	2100	/16843368//172289936/19168534/8.88/9.02//2008-9-18 11:2:2
583/600028/中国石化/8.870	22435	8.860	95100	8.850	324599	8.840	8400	8.830	74600	8.880	25771	8.890	1600	8.900	6300	8.910	31449	8.920	26700	/16843368//172827760/19229060/8.87/9.02//2008-9-18 11:3:2
583/600028/中国石化/8.880	6800	8.870	39606	8.860	59202	8.850	319799	8.840	8300	8.900	2950	8.910	31449	8.920	26700	8.930	1700	8.940	2100	/16843368//173876256/19347188/8.88/9.02//2008-9-18 11:4:3
583/600028/中国石化/8.900	295967	8.890	200	8.880	79400	8.870	54606	8.860	61302	8.910	13799	8.920	26700	8.930	1700	8.940	2100	8.950	11883	/16843368//174393696/19405354/8.9/9.02//2008-9-18 11:5:3
583/600028/中国石化/8.910	26700	8.900	294902	8.890	53500	8.880	80600	8.870	53906	8.920	23100	8.930	1700	8.940	2200	8.950	12383	8.960	11218	/16843368//174747088/19445020/8.92/9.02//2008-9-18 11:6:4
583/600028/中国石化/8.910	16035	8.900	319102	8.890	53700	8.880	80500	8.870	55306	8.920	23500	8.930	1700	8.940	2200	8.950	18583	8.960	7218	/16843368//175072960/19481584/8.92/9.02//2008-9-18 11:7:4
583/600028/中国石化/8.950	35628	8.920	134500	8.910	12802	8.900	325202	8.890	53700	8.960	4018	8.970	300	8.980	7550	8.990	3300	9.000	75349	/16843368//175855184/19569088/8.96/9.02//2008-9-18 11:8:4
583/600028/中国石化/8.970	101567	8.960	9182	8.950	34195	8.930	200	8.920	127700	8.980	4450	8.990	3300	9.000	80749	9.010	7200	9.020	6800	/16843368//176150976/19602072/8.98/9.02//2008-9-18 11:9:5
583/600028/中国石化/8.970	95934	8.960	900	8.950	34095	8.940	400	8.930	900	8.980	3883	8.990	5200	9.000	82399	9.010	7200	9.020	3400	/16843368//176599184/19652006/8.97/9.02//2008-9-18 11:10:5
583/600028/中国石化/8.960	600	8.950	33695	8.930	1700	8.920	130500	8.910	12302	8.970	35232	8.980	2984	8.990	6800	9.000	85799	9.010	10000	/16843368//177548608/19757840/8.97/9.02//2008-9-18 11:11:6
583/600028/中国石化/8.930	1700	8.920	130500	8.910	12402	8.900	511302	8.890	53700	8.950	6327	8.960	4200	8.970	42132	8.980	4084	8.990	4500	/16843368//177917376/19799036/8.95/9.02//2008-9-18 11:12:6
583/600028/中国石化/8.920	111957	8.910	12402	8.900	502102	8.890	53700	8.880	84500	8.950	16900	8.960	6200	8.970	40932	8.980	25984	8.990	27200	/16843368//178116752/19821378/8.95/9.02//2008-9-18 11:13:7
583/600028/中国石化/8.920	101491	8.910	17402	8.900	501502	8.890	53700	8.880	85100	8.930	1800	8.950	16000	8.960	6400	8.970	36932	8.980	26984	/16843368//178274400/19839044/8.93/9.02//2008-9-18 11:14:7
583/600028/中国石化/8.930	16937	8.920	102358	8.910	17902	8.900	503202	8.890	54200	8.940	1400	8.950	18400	8.960	6700	8.970	35132	8.980	25484	/16843368//178379712/19850840/8.94/9.02//2008-9-18 11:15:7
583/600028/中国石化/8.920	93458	8.910	17702	8.900	503502	8.890	54200	8.880	87200	8.930	36162	8.940	400	8.950	18200	8.960	6700	8.970	35132	/16843368//178671104/19883476/8.92/9.02//2008-9-18 11:16:8
583/600028/中国石化/8.930	4754	8.920	79358	8.910	23202	8.900	504202	8.890	54100	8.950	11500	8.960	3700	8.970	37532	8.980	25000	8.990	27100	/16843368//179238560/19947024/8.93/9.02//2008-9-18 11:17:8
583/600028/中国石化/8.930	9709	8.920	76558	8.910	23202	8.900	503802	8.890	54100	8.940	4100	8.950	14400	8.960	3700	8.970	37532	8.980	27000	/16843368//179332768/19957568/8.93/9.02//2008-9-18 11:18:9
583/600028/中国石化/8.920	76558	8.910	23202	8.900	506202	8.890	54100	8.880	89100	8.930	10491	8.940	4900	8.950	15290	8.960	3800	8.970	37532	/16843368//179516048/19978076/8.93/9.02//2008-9-18 11:19:9
583/600028/中国石化/8.930	4709	8.920	65958	8.910	23402	8.900	506202	8.890	54100	8.940	3200	8.950	12890	8.960	3800	8.970	37532	8.980	27000	/16843368//179879328/20018768/8.93/9.02//2008-9-18 11:20:10
583/600028/中国石化/8.920	65958	8.910	23402	8.900	506502	8.890	54100	8.880	89600	8.930	6100	8.940	5700	8.950	13790	8.960	4200	8.970	37532	/16843368//179945488/20026176/8.93/9.02//2008-9-18 11:21:10
583/600028/中国石化/8.920	33958	8.910	33402	8.900	507902	8.890	54100	8.880	89900	8.930	1600	8.940	2900	8.950	9590	8.960	4100	8.970	37532	/16843368//180371136/20073876/8.93/9.02//2008-9-18 11:22:10
583/600028/中国石化/8.920	16358	8.910	33402	8.900	511402	8.890	54100	8.880	89400	8.930	23600	8.940	2900	8.950	8600	8.960	5100	8.970	37532	/16843368//180598640/20099376/8.92/9.02//2008-9-18 11:23:11
583/600028/中国石化/8.910	34202	8.900	511002	8.890	54100	8.880	91800	8.870	42906	8.920	2000	8.930	11932	8.940	2900	8.950	8600	8.960	5900	/16843368//180964128/20140336/8.92/9.02//2008-9-18 11:24:11
583/600028/中国石化/8.910	29625	8.900	510402	8.890	54100	8.880	91800	8.870	42906	8.920	800	8.930	18132	8.940	2900	8.950	9100	8.960	4900	/16843368//181282992/20176112/8.91/9.02//2008-9-18 11:25:12
583/600028/中国石化/8.910	9565	8.900	510802	8.890	54100	8.880	91800	8.870	42906	8.920	5000	8.930	28232	8.940	2000	8.950	8128	8.960	5100	/16843368//181533920/20204272/8.91/9.02//2008-9-18 11:26:12
583/600028/中国石化/8.900	506352	8.890	54100	8.880	92300	8.870	43006	8.860	62202	8.910	19535	8.920	14600	8.930	28732	8.940	2000	8.950	6928	/16843368//181697952/20222688/8.9/9.02//2008-9-18 11:27:13
583/600028/中国石化/8.900	107245	8.890	54100	8.880	92800	8.870	42806	8.860	52202	8.910	15135	8.920	14400	8.930	28732	8.940	2000	8.950	5928	/16843368//185280288/20625194/8.9/9.02//2008-9-18 11:28:13
583/600028/中国石化/8.890	58550	8.880	95700	8.870	42806	8.860	52402	8.850	230999	8.900	36964	8.910	15805	8.920	14300	8.930	30232	8.940	2000	/16843368//186404208/20751488/8.89/9.02//2008-9-18 11:29:14
583/600028/中国石化/8.890	38850	8.880	97000	8.870	42806	8.860	52202	8.850	293199	8.900	38564	8.910	12605	8.920	13500	8.930	23732	8.940	2000	/16843368//186676240/20782088/8.9/9.02//2008-9-18 11:30:14
583/600028/中国石化/8.890	38850	8.880	97000	8.870	42806	8.860	52202	8.850	293199	8.900	38564	8.910	12605	8.920	13500	8.930	23732	8.940	2000	/16843368//186676240/20782088/8.9/9.02//2008-9-18 11:31:15
583/600028/中国石化/8.830	59700	8.820	157300	8.810	72800	8.800	575066	8.790	219900	8.840	31000	8.850	182891	8.880	11200	8.890	119400	8.900	100770	/16843368//192720384/21463546/8.83/9.02//2008-9-18 13:1:15
583/600028/中国石化/8.820	157500	8.810	74400	8.800	570866	8.790	219900	8.780	33700	8.830	1454	8.840	8600	8.850	182891	8.880	700	8.890	113300	/16843368//193322656/21531746/8.83/9.02//2008-9-18 13:2:16
583/600028/中国石化/8.840	2200	8.830	187046	8.820	133100	8.810	102500	8.800	600966	8.850	182491	8.880	700	8.890	106400	8.900	104020	8.910	8155	/16843368//194162144/21626800/8.84/9.02//2008-9-18 13:3:16
583/600028/中国石化/8.850	2609	8.840	57700	8.830	181246	8.820	133500	8.810	90800	8.880	1000	8.890	105100	8.900	103020	8.910	8155	8.920	20600	/16843368//196083904/21843992/8.85/9.02//2008-9-18 13:4:17
583/600028/中国石化/8.840	54009	8.830	181246	8.820	132500	8.810	95600	8.800	606766	8.850	39900	8.860	900	8.870	100	8.880	4500	8.890	105100	/16843368//196425312/21882592/8.84/9.02//2008-9-18 13:5:17
583/600028/中国石化/8.830	1000	8.800	133121	8.790	220100	8.780	33900	8.770	5800	8.850	16900	8.860	1900	8.870	100	8.880	54500	8.890	105100	/16843368//204900224/22844092/8.85/9.02//2008-9-18 13:6:18
583/600028/中国石化/8.820	192800	8.810	300	8.800	129421	8.790	220100	8.780	35200	8.830	300	8.840	6100	8.850	47750	8.860	4300	8.870	100	/16843368//205088112/22865392/8.82/9.02//2008-9-18 13:7:18
583/600028/中国石化/8.800	2121	8.790	221000	8.780	35200	8.770	10800	8.760	17200	8.810	1100	8.820	39490	8.830	8800	8.840	9300	8.850	54750	/16843368//208161872/23214192/8.81/9.02//2008-9-18 13:8:19
583/600028/中国石化/8.790	192200	8.780	36900	8.770	11800	8.760	217200	8.750	297100	8.800	53979	8.810	4400	8.820	23200	8.830	9300	8.840	10300	/16843368//208767232/23283012/8.8/9.02//2008-9-18 13:9:19
583/600028/中国石化/8.790	153981	8.780	38300	8.770	11900	8.760	219600	8.750	101100	8.800	2400	8.820	22300	8.830	9300	8.840	8200	8.850	27400	/16843368//211391296/23581232/8.79/9.02//2008-9-18 13:10:20
583/600028/中国石化/8.790	117181	8.780	38400	8.770	13000	8.760	219900	8.750	111800	8.800	26450	8.810	3600	8.820	24240	8.830	9500	8.840	7700	/16843368//212002400/23650732/8.79/9.02//2008-9-18 13:11:20
583/600028/中国石化/8.780	31100	8.770	8000	8.760	224400	8.750	115800	8.740	2500	8.790	8719	8.800	76350	8.810	5900	8.820	24240	8.830	9000	/16843368//213391888/23808812/8.79/9.02//2008-9-18 13:12:21
583/600028/中国石化/8.770	20860	8.760	225100	8.750	113400	8.740	2500	8.730	54400	8.780	5400	8.790	4660	8.800	39469	8.810	8400	8.820	25040	/16843368//214821904/23971452/8.77/9.02//2008-9-18 13:13:21
583/600028/中国石化/8.760	175210	8.750	118600	8.740	13000	8.730	54500	8.720	4200	8.770	11849	8.780	26801	8.790	6060	8.800	80369	8.810	7900	/16843368//215717376/24073602/8.77/9.02//2008-9-18 13:14:22
583/600028/中国石化/8.750	60100	8.740	13000	8.730	54400	8.720	4700	8.710	10200	8.760	47509	8.770	18149	8.780	21400	8.790	17560	8.800	87269	/16843368//218254896/24363312/8.75/9.02//2008-9-18 13:15:22
583/600028/中国石化/8.730	52100	8.720	9000	8.710	12100	8.700	241400	8.690	20000	8.740	300	8.750	45748	8.760	47709	8.770	15200	8.780	21500	/16843368//219263600/24478612/8.73/9.02//2008-9-18 13:16:23
583/600028/中国石化/8.730	48450	8.720	9600	8.710	52200	8.700	261600	8.690	20000	8.740	6000	8.750	34248	8.760	36009	8.770	14400	8.780	21500	/16843368//219667024/24524762/8.73/9.02//2008-9-18 13:17:23
583/600028/中国石化/8.780	2200	8.750	127500	8.740	4000	8.730	32451	8.720	9600	8.800	56393	8.810	900	8.820	22840	8.830	9500	8.840	2500	/16843368//227302544/25393060/8.8/9.02//2008-9-18 13:18:24
583/600028/中国石化/8.790	100	8.780	4800	8.760	400	8.750	105800	8.740	4200	8.800	109883	8.810	2800	8.820	10440	8.830	29500	8.840	2500	/16843368//228482624/25527160/8.8/9.02//2008-9-18 13:19:24
583/600028/中国石化/8.780	5700	8.760	17000	8.750	118900	8.740	5000	8.730	37351	8.800	16483	8.820	1040	8.830	29500	8.840	2500	8.850	13500	/16843368//230747088/25784460/8.8/9.02//2008-9-18 13:20:25
583/600028/中国石化/8.800	2316	8.790	3700	8.780	8400	8.770	130000	8.760	168200	8.820	1740	8.830	29500	8.840	2500	8.850	13500	8.860	3100	/16843368//231906832/25916244/8.8/9.02//2008-9-18 13:21:25
583/600028/中国石化/8.830	70776	8.820	500	8.800	9900	8.790	3300	8.780	10600	8.850	600	8.860	400	8.870	300	8.880	14200	8.890	100000	/16843368//232897888/26028484/8.84/9.02//2008-9-18 13:22:26
583/600028/中国石化/8.900	39904	8.880	101650	8.870	100	8.860	37240	8.850	3400	8.910	9455	8.920	21400	8.930	17632	8.940	2000	8.950	11228	/16843368//235189024/26286192/8.9/9.02//2008-9-18 13:23:26
583/600028/中国石化/8.910	35345	8.900	190824	8.890	4000	8.880	110750	8.870	1600	8.930	21232	8.940	2000	8.950	11428	8.960	8400	8.970	32632	/16843368//236045472/26382326/8.93/9.02//2008-9-18 13:24:27
583/600028/中国石化/8.900	177817	8.890	6700	8.880	105750	8.870	700	8.860	39440	8.910	6509	8.920	18900	8.930	24432	8.940	2000	8.950	16728	/16843368//237228272/26515078/8.9/9.02//2008-9-18 13:25:27
583/600028/中国石化/8.910	15298	8.900	176208	8.890	7400	8.880	107250	8.870	800	8.920	28200	8.930	174432	8.940	2000	8.950	18928	8.960	6700	/16843368//237730224/26571388/8.92/9.02//2008-9-18 13:26:28
583/600028/中国石化/8.910	2700	8.900	177808	8.890	7400	8.880	107750	8.870	1400	8.920	5303	8.930	127832	8.940	2000	8.950	19828	8.960	5300	/16843368//239095376/26724388/8.92/9.02//2008-9-18 13:27:28
583/600028/中国石化/8.940	2400	8.930	31565	8.920	7500	8.910	2100	8.900	142808	8.950	18528	8.960	26800	8.970	32532	8.980	11900	8.990	12600	/16843368//240641056/26897622/8.94/9.02//2008-9-18 13:28:29
583/600028/中国石化/8.930	21465	8.920	20300	8.910	3500	8.900	151008	8.890	6400	8.940	11200	8.950	22428	8.960	28800	8.970	32632	8.980	20300	/16843368//241265216/26967422/8.93/9.02//2008-9-18 13:29:29
583/600028/中国石化/8.920	14800	8.910	11900	8.900	155208	8.890	9200	8.880	108950	8.930	10700	8.940	15684	8.950	33528	8.960	28700	8.970	33232	/16843368//241855216/27033488/8.92/9.02//2008-9-18 13:30:30
583/600028/中国石化/8.900	2200	8.890	8008	8.880	108850	8.870	400	8.860	135940	8.940	8484	8.950	54028	8.960	36700	8.970	33132	8.980	40300	/16843368//244197120/27296388/8.94/9.02//2008-9-18 13:31:30
583/600028/中国石化/8.910	24500	8.900	526600	8.890	8408	8.880	109150	8.870	400	8.950	44512	8.960	46700	8.970	33132	8.980	40300	8.990	15300	/16843368//244619696/27343688/8.95/9.02//2008-9-18 13:32:31
583/600028/中国石化/8.970	500	8.960	33778	8.950	4000	8.940	100	8.930	9100	8.980	21232	8.990	13100	9.000	229553	9.010	7800	9.020	6900	/16843368//245902320/27486808/8.97/9.02//2008-9-18 13:33:31
583/600028/中国石化/9.020	6400	9.010	6300	9.000	74515	8.990	300	8.980	11000	9.030	1800	9.040	1300	9.050	95590	9.060	9500	9.070	3200	/16843368//248649856/27792094/9.02/9.02//2008-9-18 13:34:32
583/600028/中国石化/9.050	41610	9.040	10700	9.030	3700	9.020	6800	9.010	2800	9.060	900	9.070	2200	9.080	16800	9.090	23100	9.100	211459	/16843368//249944976/27935284/9.06/9.02//2008-9-18 13:35:32
583/600028/中国石化/9.040	1000	9.030	3400	9.020	21100	9.010	2800	9.000	112915	9.050	64290	9.060	16200	9.070	15200	9.080	26600	9.090	30399	/16843368//251051792/28057494/9.05/9.02//2008-9-18 13:36:33
583/600028/中国石化/9.000	148715	8.990	13400	8.970	1800	8.960	82078	8.950	2100	9.020	26400	9.030	3800	9.040	1090	9.050	73090	9.060	4400	/16843368//251556896/28113494/9.02/9.02//2008-9-18 13:37:34
583/600028/中国石化/9.000	125615	8.990	20400	8.980	1000	8.970	1800	8.960	82078	9.010	500	9.020	6100	9.040	2190	9.050	75200	9.060	4200	/16843368//252060160/28169394/9.01/9.02//2008-9-18 13:38:34
583/600028/中国石化/9.020	8700	9.010	29950	9.000	126915	8.990	20400	8.980	1000	9.040	3690	9.050	72600	9.060	14400	9.070	7600	9.080	22500	/16843368//252418368/28209144/9.02/9.02//2008-9-18 13:39:35
583/600028/中国石化/9.000	130915	8.990	20400	8.980	1000	8.970	1800	8.960	81978	9.010	54350	9.040	1400	9.050	70190	9.060	14400	9.070	7700	/16843368//253540704/28333544/9.01/9.02//2008-9-18 13:40:35
583/600028/中国石化/9.020	27000	9.010	24450	9.000	42115	8.990	17000	8.980	1000	9.040	6799	9.050	78390	9.060	14700	9.070	7700	9.080	24600	/16843368//254266032/28414144/9.02/9.02//2008-9-18 13:41:36
583/600028/中国石化/9.030	8070	9.020	20601	9.010	29950	9.000	62115	8.990	20000	9.040	700	9.050	64090	9.060	22700	9.070	7700	9.080	24600	/16843368//254884736/28482572/9.05/9.02//2008-9-18 13:42:36
583/600028/中国石化/9.040	11800	9.030	1000	9.020	3871	9.010	30350	9.000	63315	9.050	200	9.060	40140	9.070	7700	9.080	23100	9.090	18099	/16843368//255603392/28562072/9.04/9.02//2008-9-18 13:43:37
583/600028/中国石化/9.010	18621	9.000	60915	8.990	20000	8.980	3800	8.970	1500	9.030	38300	9.050	10400	9.060	31740	9.070	7100	9.080	24200	/16843368//256498416/28661072/9.03/9.02//2008-9-18 13:44:37
583/600028/中国石化/9.100	127601	9.050	1000	9.030	9800	9.020	30190	9.010	76721	9.110	11200	9.120	39290	9.130	16000	9.140	22990	9.150	97990	/16843368//260310048/29080682/9.1/9.02//2008-9-18 13:45:38
583/600028/中国石化/9.120	107300	9.110	23210	9.100	117301	9.080	600	9.050	103300	9.130	13500	9.140	22990	9.150	98490	9.160	15700	9.170	300	/16843368//261635280/29226072/9.12/9.02//2008-9-18 13:46:39
583/600028/中国石化/9.130	1700	9.120	61290	9.110	16810	9.100	119801	9.050	103500	9.140	10500	9.150	19259	9.160	15700	9.170	600	9.180	15700	/16843368//263731552/29455482/9.15/9.02//2008-9-18 13:47:39
583/600028/中国石化/9.140	10600	9.130	38700	9.120	66090	9.110	14910	9.100	119901	9.150	859	9.160	16300	9.170	1600	9.180	14000	9.190	18300	/16843368//264260912/29513382/9.15/9.02//2008-9-18 13:48:40
583/600028/中国石化/9.120	63190	9.110	21010	9.100	121301	9.090	500	9.080	1000	9.130	300	9.140	55300	9.150	31000	9.160	23459	9.170	2600	/16843368//265158208/29611582/9.14/9.02//2008-9-18 13:49:40
583/600028/中国石化/9.110	12810	9.100	117001	9.090	500	9.080	1000	9.060	1000	9.120	119033	9.130	45998	9.140	78200	9.150	23700	9.160	18959	/16843368//265783744/29680172/9.11/9.02//2008-9-18 13:50:41
583/600028/中国石化/9.090	500	9.080	1000	9.060	2000	9.050	103500	9.030	4100	9.100	50399	9.110	49498	9.120	39623	9.130	35300	9.140	76500	/16843368//268090112/29933384/9.1/9.02//2008-9-18 13:51:41
583/600028/中国石化/9.060	1700	9.050	103600	9.030	4100	9.020	119690	9.010	30300	9.070	300	9.080	1300	9.090	40610	9.100	56499	9.110	30348	/16843368//268249600/29950984/9.06/9.02//2008-9-18 13:52:42
583/600028/中国石化/9.050	84790	9.030	4300	9.020	121190	9.010	10300	9.000	72215	9.060	7090	9.070	300	9.080	300	9.090	39610	9.100	69799	/16843368//268505888/29979292/9.05/9.02//2008-9-18 13:53:42
583/600028/中国石化/9.050	67442	9.030	2300	9.020	121890	9.010	11300	9.000	73115	9.060	13490	9.070	400	9.080	2000	9.090	50710	9.100	80399	/16843368//268817696/30013740/9.05/9.02//2008-9-18 13:54:43
583/600028/中国石化/9.050	11362	9.030	6300	9.020	123290	9.010	11300	9.000	74215	9.060	30590	9.070	500	9.080	2200	9.090	41910	9.100	80299	/16843368//269545376/30094120/9.06/9.02//2008-9-18 13:55:44
583/600028/中国石化/9.030	50020	9.020	123290	9.010	11000	9.000	74815	8.990	20000	9.050	3900	9.060	25390	9.070	400	9.080	2200	9.090	42410	/16843368//269880832/30131200/9.05/9.02//2008-9-18 13:56:44
583/600028/中国石化/9.010	39200	9.000	74315	8.990	21000	8.980	11400	8.970	2900	9.020	2970	9.030	1001	9.050	8100	9.060	28590	9.070	400	/16843368//272005344/30366612/9.01/9.02//2008-9-18 13:57:45
583/600028/中国石化/9.020	2020	9.010	700	9.000	82215	8.990	20000	8.980	11400	9.030	1201	9.050	9300	9.060	30390	9.070	900	9.080	2000	/16843368//272220480/30390480/9.02/9.02//2008-9-18 13:58:45
583/600028/中国石化/9.030	60820	9.020	9220	9.010	50300	9.000	344815	8.990	20000	9.050	10100	9.060	29200	9.070	900	9.080	4000	9.090	41710	/16843368//272345760/30404352/9.05/9.02//2008-9-18 13:59:46
583/600028/中国石化/9.040	400	9.030	18440	9.020	9520	9.010	49900	9.000	350815	9.050	4900	9.060	28900	9.070	800	9.080	4100	9.090	40510	/16843368//272790080/30453532/9.05/9.02//2008-9-18 14:0:47
583/600028/中国石化/9.020	6370	9.010	51700	9.000	382915	8.990	20300	8.980	11400	9.030	5000	9.040	1500	9.050	22400	9.060	28900	9.070	900	/16843368//273178112/30496520/9.02/9.02//2008-9-18 14:1:47
583/600028/中国石化/9.010	45890	9.000	381815	8.990	20000	8.980	11400	8.970	4000	9.020	2400	9.030	4965	9.040	1020	9.050	15900	9.060	31300	/16843368//273425024/30523900/9.02/9.02//2008-9-18 14:2:48
583/600028/中国石化/9.000	385115	8.990	17000	8.980	11400	8.970	4000	8.960	82978	9.010	8279	9.020	200	9.030	5165	9.040	1020	9.050	16700	/16843368//273914240/30578192/9.01/9.02//2008-9-18 14:3:48
583/600028/中国石化/9.010	100	9.000	352735	8.990	17400	8.980	11700	8.970	4000	9.050	15685	9.060	9510	9.070	1100	9.080	53100	9.090	40510	/16843368//274385088/30630472/9.05/9.02//2008-9-18 14:4:49
583/600028/中国石化/9.000	69870	8.990	19100	8.980	11700	8.970	5000	8.960	83978	9.010	100	9.050	300	9.060	400	9.080	52010	9.090	40510	/16843368//277780064/31007236/9.07/9.02//2008-9-18 14:5:50
583/600028/中国石化/9.060	1100	9.020	200	9.010	62000	9.000	131690	8.990	17400	9.070	2500	9.080	8400	9.090	16600	9.100	80299	9.110	15400	/16843368//278515104/31088316/9.06/9.02//2008-9-18 14:6:50
583/600028/中国石化/9.070	2500	9.050	54000	9.020	48700	9.010	102300	9.000	139590	9.100	21778	9.110	5100	9.120	12700	9.130	11410	9.140	26000	/16843368//280280320/31282416/9.1/9.02//2008-9-18 14:7:51
583/600028/中国石化/9.100	78942	9.080	4300	9.070	1400	9.050	54000	9.030	1000	9.110	38290	9.120	20300	9.130	12410	9.140	24500	9.150	61646	/16843368//281315648/31396174/9.11/9.02//2008-9-18 14:8:51
583/600028/中国石化/9.050	58320	9.030	1500	9.020	50900	9.010	97400	9.000	141290	9.090	16250	9.100	44368	9.110	37690	9.120	21900	9.130	13010	/16843368//282439264/31519696/9.09/9.02//2008-9-18 14:9:52
583/600028/中国石化/9.070	200	9.050	52090	9.030	2200	9.020	122400	9.010	67900	9.100	58168	9.110	32990	9.120	22950	9.130	13010	9.140	26100	/16843368//282791520/31558526/9.05/9.02//2008-9-18 14:10:53
583/600028/中国石化/9.060	9100	9.050	54110	9.030	4800	9.020	123300	9.010	67900	9.070	500	9.100	40810	9.110	14900	9.120	22850	9.130	13310	/16843368//283042656/31586206/9.06/9.02//2008-9-18 14:11:53
583/600028/中国石化/9.070	200	9.060	2500	9.050	53930	9.030	6500	9.020	125200	9.090	12020	9.100	38710	9.110	14900	9.120	22550	9.130	13010	/16843368//285340864/31838886/9.09/9.02//2008-9-18 14:12:54
583/600028/中国石化/9.070	1100	9.060	500	9.050	117150	9.040	600	9.030	8300	9.080	1800	9.090	13620	9.100	54310	9.110	15000	9.120	22750	/16843368//285530400/31859766/9.08/9.02//2008-9-18 14:13:55
583/600028/中国石化/9.100	234470	9.090	2000	9.080	800	9.070	400	9.060	6500	9.110	16000	9.120	38250	9.130	13010	9.140	27200	9.150	74100	/16843368//288295968/32164076/9.1/9.02//2008-9-18 14:14:55
583/600028/中国石化/9.110	85110	9.100	180189	9.090	100000	9.080	2300	9.070	400	9.120	38050	9.130	17210	9.140	27300	9.150	74500	9.160	22259	/16843368//289133280/32256048/9.11/9.02//2008-9-18 14:15:56
583/600028/中国石化/9.110	16530	9.100	182389	9.090	100000	9.080	2400	9.070	600	9.120	79350	9.130	16210	9.140	27200	9.150	71100	9.160	23659	/16843368//289989536/32350028/9.11/9.02//2008-9-18 14:16:56
583/600028/中国石化/9.110	17400	9.100	183289	9.090	3500	9.080	900	9.070	600	9.140	23860	9.150	74200	9.160	23759	9.170	2800	9.180	31100	/16843368//291302432/32494008/9.11/9.02//2008-9-18 14:17:57
583/600028/中国石化/9.140	5000	9.130	17400	9.120	5000	9.110	40520	9.100	194489	9.150	55000	9.160	22959	9.170	2800	9.180	25700	9.190	13850	/16843368//291970144/32567088/9.15/9.02//2008-9-18 14:18:58
583/600028/中国石化/9.150	116100	9.140	4100	9.130	5800	9.120	6200	9.110	27320	9.160	10459	9.170	2900	9.180	33500	9.190	12350	9.200	135699	/16843368//292723872/32649468/9.15/9.02//2008-9-18 14:19:58
583/600028/中国石化/9.180	20400	9.170	27200	9.160	31300	9.150	125361	9.140	1600	9.190	800	9.200	125860	9.210	4599	9.220	13500	9.230	7500	/16843368//293609312/32746006/9.18/9.02//2008-9-18 14:20:59
583/600028/中国石化/9.220	11001	9.210	14800	9.200	53740	9.190	34600	9.180	38920	9.230	5800	9.240	3450	9.250	59100	9.260	10900	9.270	7400	/16843368//295447104/32945744/9.22/9.02//2008-9-18 14:22:0
583/600028/中国石化/9.260	19600	9.250	66400	9.240	9000	9.230	4900	9.220	32571	9.290	39700	9.300	303320	9.310	5600	9.320	24700	9.330	20100	/16843368//297202048/33135476/9.26/9.02//2008-9-18 14:23:0
583/600028/中国石化/9.260	5500	9.250	900	9.240	1200	9.230	1300	9.220	171	9.290	100	9.300	33440	9.310	5600	9.320	25700	9.330	20100	/16843368//302537248/33710676/9.26/9.02//2008-9-18 14:24:1
583/600028/中国石化/9.260	5300	9.250	10300	9.240	1120	9.230	1500	9.220	6271	9.280	400	9.290	51450	9.300	48518	9.310	6700	9.320	26700	/16843368//303034016/33764156/9.28/9.02//2008-9-18 14:25:2
583/600028/中国石化/9.250	16820	9.240	1120	9.230	1700	9.220	1571	9.210	14900	9.260	800	9.280	25500	9.290	16451	9.300	65618	9.310	9000	/16843368//303745600/33840836/9.26/9.02//2008-9-18 14:26:2
583/600028/中国石化/9.190	27100	9.180	15800	9.170	3000	9.160	17400	9.150	10900	9.200	100000	9.210	14200	9.220	200	9.240	1500	9.250	27600	/16843368//304803840/33955448/9.2/9.02//2008-9-18 14:27:3
583/600028/中国石化/9.180	10100	9.170	3000	9.160	17400	9.150	15500	9.140	1700	9.190	13400	9.200	129880	9.210	16300	9.220	2000	9.240	1700	/16843368//305132000/33991144/9.2/9.02//2008-9-18 14:28:4
583/600028/中国石化/9.190	45700	9.180	500	9.160	22770	9.150	12200	9.140	1800	9.200	140680	9.210	2300	9.220	1800	9.240	1700	9.250	20300	/16843368//305773088/34060976/9.19/9.02//2008-9-18 14:29:4
583/600028/中国石化/9.190	1280	9.180	3900	9.170	1000	9.160	22870	9.150	12800	9.200	145379	9.210	2800	9.220	4100	9.230	200	9.240	1700	/16843368//306275104/34115596/9.19/9.02//2008-9-18 14:30:5
583/600028/中国石化/9.170	1000	9.160	13590	9.150	11700	9.140	1800	9.130	6100	9.180	2900	9.190	15620	9.200	146079	9.210	2600	9.220	4400	/16843368//0/0/9.18/9.02//2008-9-18 14:31:6
583/600028/中国石化/9.170	400	9.160	8610	9.150	12200	9.140	800	9.130	6100	9.190	14520	9.200	147079	9.210	2600	9.220	4400	9.230	600	/16843368//306934304/34187436/9.18/9.02//2008-9-18 14:32:6
583/600028/中国石化/9.160	1330	9.150	22700	9.140	800	9.130	6100	9.120	2600	9.190	9320	9.200	146580	9.210	3300	9.220	4400	9.230	600	/16843368//307268736/34223916/9.19/9.02//2008-9-18 14:33:7
583/600028/中国石化/9.170	2500	9.160	17600	9.150	16750	9.140	800	9.130	6100	9.180	25100	9.190	6620	9.200	142380	9.210	2000	9.220	6800	/16843368//307532704/34252696/9.18/9.02//2008-9-18 14:34:8
583/600028/中国石化/9.160	14920	9.150	36250	9.140	1300	9.130	11100	9.120	3500	9.170	3900	9.180	11600	9.190	10920	9.200	141180	9.210	1400	/16843368//307884672/34291076/9.17/9.02//2008-9-18 14:35:8
583/600028/中国石化/9.180	1200	9.160	1600	9.150	3039	9.140	1300	9.130	11100	9.190	9920	9.200	142580	9.210	1400	9.220	7200	9.230	1300	/16843368//308689376/34378908/9.18/9.02//2008-9-18 14:36:9
583/600028/中国石化/9.150	1500	9.130	1759	9.120	2600	9.110	26300	9.100	24600	9.160	5500	9.170	1900	9.180	5300	9.190	22920	9.200	147580	/16843368//308946240/34406988/9.15/9.02//2008-9-18 14:37:10
583/600028/中国石化/9.110	8900	9.100	26800	9.090	4300	9.080	1200	9.070	1100	9.130	100	9.160	700	9.170	2700	9.180	10100	9.190	24120	/16843368//309334400/34449532/9.11/9.02//2008-9-18 14:38:10
583/600028/中国石化/9.090	4800	9.080	2600	9.070	2100	9.060	3400	9.050	71170	9.100	85746	9.120	3300	9.150	2800	9.160	5200	9.170	2700	/16843368//309838848/34504932/9.1/9.02//2008-9-18 14:39:11
583/600028/中国石化/9.080	11240	9.060	3287	9.050	75070	9.040	1300	9.030	11100	9.100	91346	9.110	2400	9.120	3850	9.130	4600	9.150	3000	/16843368//310155136/34539732/9.08/9.02//2008-9-18 14:40:12
583/600028/中国石化/9.060	800	9.050	74951	9.040	500	9.030	13300	9.020	215800	9.070	235500	9.080	9100	9.090	10100	9.100	93195	9.110	2600	/16843368//310675904/34597152/9.06/9.02//2008-9-18 14:41:12
583/600028/中国石化/9.030	15967	9.020	220500	9.010	86500	9.000	259690	8.990	3900	9.040	2650	9.050	17662	9.060	2600	9.070	235500	9.080	3700	/16843368//311729120/34713536/9.03/9.02//2008-9-18 14:42:13
583/600028/中国石化/9.030	5121	9.000	9977	8.990	3900	8.980	3200	8.970	6500	9.040	1000	9.050	13762	9.060	2400	9.070	236000	9.080	3800	/16843368//317669696/35372796/9.03/9.02//2008-9-18 14:43:14
583/600028/中国石化/9.030	100	9.000	5764	8.990	3100	8.980	21500	8.970	8300	9.050	33375	9.060	3600	9.070	236000	9.080	3800	9.090	10400	/16843368//319320128/35555828/9.05/9.02//2008-9-18 14:44:14
583/600028/中国石化/9.030	100	9.020	800	9.000	9518	8.990	4400	8.980	24500	9.050	40324	9.060	3300	9.070	236000	9.080	3800	9.090	10400	/16843368//320163008/35649276/9.02/9.02//2008-9-18 14:45:15
583/600028/中国石化/8.980	33432	8.970	9500	8.960	23000	8.950	17800	8.940	800	9.000	5100	9.010	11700	9.020	1300	9.040	500	9.050	6800	/16843368//321068672/35749960/8.98/9.02//2008-9-18 14:46:16
583/600028/中国石化/8.970	1000	8.960	21586	8.950	22400	8.940	1900	8.930	1600	8.980	7668	8.990	1600	9.000	45200	9.010	11700	9.020	3300	/16843368//321855488/35837608/8.96/9.02//2008-9-18 14:47:16
583/600028/中国石化/8.960	11341	8.950	39200	8.940	5100	8.930	7700	8.920	11700	8.970	2810	8.980	8568	8.990	16500	9.000	45700	9.010	11450	/16843368//322297088/35886852/8.97/9.02//2008-9-18 14:48:17
583/600028/中国石化/8.950	854	8.940	6900	8.930	9400	8.920	11700	8.910	22000	8.960	17890	8.970	8769	8.980	8568	8.990	17000	9.000	124800	/16843368//323149440/35982040/8.96/9.02//2008-9-18 14:49:18
583/600028/中国石化/8.940	400	8.930	8887	8.920	16400	8.910	23100	8.900	585300	8.950	1300	8.960	9569	8.970	2269	8.980	8668	8.990	17000	/16843368//323600864/36032504/8.94/9.02//2008-9-18 14:50:18
583/600028/中国石化/8.960	21686	8.950	111967	8.940	5300	8.930	18387	8.920	21100	8.980	6607	8.990	16500	9.000	123900	9.010	11450	9.020	5000	/16843368//323956960/36072252/8.96/9.02//2008-9-18 14:51:19
583/600028/中国石化/8.980	96183	8.960	92351	8.950	120567	8.940	5300	8.930	16887	9.000	121600	9.010	11450	9.020	5800	9.040	500	9.050	47900	/16843368//324345312/36115504/8.98/9.02//2008-9-18 14:52:20
583/600028/中国石化/9.000	38737	8.990	2700	8.980	104936	8.970	18600	8.960	97851	9.050	60800	9.060	9100	9.070	236200	9.080	4400	9.090	10900	/16843368//326386656/36342316/9.0/9.02//2008-9-18 14:53:21
583/600028/中国石化/9.000	70341	8.990	14000	8.980	96136	8.970	17600	8.960	90651	9.030	500	9.050	66600	9.060	10100	9.070	700	9.080	4400	/16843368//329584416/36697412/9.0/9.02//2008-9-18 14:54:21
583/600028/中国石化/9.000	128672	8.990	16400	8.980	96736	8.970	19700	8.960	90751	9.030	500	9.040	43000	9.050	88400	9.060	11400	9.070	2500	/16843368//332874080/37062680/9.04/9.02//2008-9-18 14:55:22
583/600028/中国石化/9.050	81945	9.030	100	9.020	5000	9.000	226872	8.990	15600	9.060	15100	9.070	2500	9.080	6600	9.090	12500	9.100	98545	/16843368//338277568/37660736/9.05/9.02//2008-9-18 14:56:23
583/600028/中国石化/9.060	600	9.050	91645	9.040	4000	9.030	600	9.020	17100	9.070	2400	9.080	6600	9.090	17600	9.100	109145	9.110	600	/16843368//340026624/37853936/9.05/9.02//2008-9-18 14:57:23
583/600028/中国石化/9.100	62755	9.090	2600	9.070	19000	9.060	2200	9.050	19500	9.120	7850	9.130	100	9.140	1200	9.150	12500	9.160	5100	/16843368//342258720/38099580/9.1/9.02//2008-9-18 14:58:24
583/600028/中国石化/9.040	3800	9.030	1200	9.020	12000	9.010	17000	9.000	194972	9.050	86395	9.060	500	9.070	300	9.100	8600	9.110	6700	/16843368//343920608/38282636/9.05/9.02//2008-9-18 14:59:25
583/600028/中国石化/9.040	200	9.030	2200	9.020	600	9.010	23300	9.000	199572	9.050	15995	9.060	700	9.070	300	9.100	15400	9.110	8900	/16843368//344849280/38385336/9.04/9.02//2008-9-18 15:0:26
583/600028/中国石化/9.040	200	9.030	2200	9.020	600	9.010	23300	9.000	199572	9.050	15995	9.060	700	9.070	300	9.100	15400	9.110	8900	/16843368//344849280/38385336/9.04/9.02//2008-9-18 15:1:26
583/600028/中国石化/9.040	200	9.030	2200	9.020	600	9.010	23300	9.000	199572	9.050	15995	9.060	700	9.070	300	9.100	15400	9.110	8900	/16843368//344849280/38385336/9.04/9.02//2008-9-18 15:2:27
