28/600063/皖维高新/4.650	10000	4.630	16000	4.620	16000	4.610	16500	4.600	56200	4.680	12600	4.700	4000	4.710	4200	4.740	600	4.750	58700	/16842781//607976/129935/4.68/4.81//2008-9-18 9:31:34
28/600063/皖维高新/4.640	11600	4.630	17400	4.620	16000	4.610	16000	4.600	58600	4.650	19800	4.680	16900	4.710	4200	4.740	600	4.750	58700	/16842781//770637/165035/4.65/4.81//2008-9-18 9:32:35
28/600063/皖维高新/4.660	11900	4.650	33000	4.640	15000	4.630	21700	4.620	16800	4.680	9800	4.710	6100	4.740	900	4.750	13000	4.760	22500	/16842781//989403/212035/4.68/4.81//2008-9-18 9:33:35
28/600063/皖维高新/4.680	15200	4.670	8500	4.660	20500	4.650	19000	4.640	10900	4.710	5100	4.740	10300	4.750	14000	4.760	22500	4.800	10199	/16842781//1044219/223735/4.71/4.81//2008-9-18 9:34:35
28/600063/皖维高新/4.680	23500	4.670	8500	4.660	22300	4.650	15400	4.640	2900	4.700	3300	4.710	3700	4.730	14700	4.740	10300	4.750	7000	/16842781//1081273/231635/4.7/4.81//2008-9-18 9:35:35
28/600063/皖维高新/4.690	7600	4.680	26200	4.670	2000	4.660	12300	4.650	15400	4.700	7000	4.710	11800	4.730	6600	4.740	10300	4.750	7601	/16842781//1223033/261835/4.69/4.81//2008-9-18 9:36:36
28/600063/皖维高新/4.660	2700	4.650	15800	4.640	2900	4.630	18600	4.620	17100	4.680	17100	4.690	2000	4.700	6800	4.710	11800	4.730	6600	/16842781//1430384/306135/4.68/4.81//2008-9-18 9:37:36
28/600063/皖维高新/4.660	6500	4.650	15800	4.640	2900	4.630	19600	4.620	17100	4.680	16800	4.700	5800	4.710	11800	4.730	7201	4.740	11700	/16842781//1457025/311835/4.66/4.81//2008-9-18 9:38:36
28/600063/皖维高新/4.670	4100	4.660	4300	4.650	13800	4.640	3200	4.630	20600	4.680	15400	4.690	1500	4.700	5800	4.710	11800	4.730	7201	/16842781//1489230/318735/4.67/4.81//2008-9-18 9:39:36
28/600063/皖维高新/4.680	4050	4.670	8700	4.660	6700	4.650	16500	4.640	4700	4.690	1500	4.700	5800	4.710	11800	4.730	7201	4.740	11700	/16842781//1611503/344885/4.68/4.81//2008-9-18 9:40:36
28/600063/皖维高新/4.700	700	4.690	22800	4.680	15150	4.670	11500	4.660	4900	4.710	12805	4.730	7201	4.740	11700	4.750	7400	4.760	8500	/16842781//1650478/353185/4.7/4.81//2008-9-18 9:41:37
28/600063/皖维高新/4.700	9400	4.690	22600	4.680	12750	4.670	9900	4.660	3800	4.710	7805	4.730	7201	4.740	11700	4.750	7400	4.760	8500	/16842781//1674028/358185/4.71/4.81//2008-9-18 9:42:37
28/600063/皖维高新/4.700	9800	4.680	12650	4.670	10600	4.660	3800	4.650	14500	4.710	2000	4.720	900	4.730	4201	4.740	1700	4.750	7400	/16842781//1701816/364085/4.7/4.81//2008-9-18 9:43:37
28/600063/皖维高新/4.700	7300	4.680	12650	4.670	10200	4.660	8800	4.650	8800	4.710	24500	4.720	5900	4.730	4201	4.740	11700	4.750	7400	/16842781//1737585/371685/4.7/4.81//2008-9-18 9:44:37
28/600063/皖维高新/4.700	3399	4.680	12350	4.670	4200	4.660	29300	4.650	9300	4.710	3000	4.720	5900	4.730	4201	4.740	11700	4.750	6900	/16842781//1765320/377586/4.7/4.81//2008-9-18 9:45:37
28/600063/皖维高新/4.710	2400	4.700	8599	4.690	1300	4.680	7050	4.670	4200	4.720	5300	4.730	4201	4.740	11700	4.750	6900	4.760	8500	/16842781//1781812/381086/4.72/4.81//2008-9-18 9:46:38
28/600063/皖维高新/4.700	7299	4.690	3300	4.680	7750	4.670	4200	4.660	30000	4.710	8400	4.720	21500	4.730	4701	4.740	11700	4.750	6400	/16842781//1832691/391886/4.71/4.81//2008-9-18 9:47:38
28/600063/皖维高新/4.700	4699	4.690	3500	4.680	7050	4.670	4200	4.660	14500	4.710	18500	4.720	21500	4.730	4701	4.740	11700	4.750	6400	/16842781//1896260/405386/4.71/4.81//2008-9-18 9:48:38
28/600063/皖维高新/4.700	13299	4.690	3300	4.680	7050	4.670	6700	4.660	14900	4.710	15900	4.720	23500	4.730	4701	4.740	11700	4.750	6400	/16842781//1972896/421686/4.71/4.81//2008-9-18 9:49:39
28/600063/皖维高新/4.710	8900	4.700	16999	4.690	17300	4.680	7050	4.670	6900	4.720	23400	4.730	4701	4.740	1700	4.750	6400	4.760	8500	/16842781//2054865/439086/4.72/4.81//2008-9-18 9:50:39
28/600063/皖维高新/4.700	11999	4.690	17300	4.680	7050	4.670	6900	4.660	14900	4.710	5300	4.720	22900	4.730	4701	4.740	1700	4.750	6400	/16842781//2094434/447486/4.71/4.81//2008-9-18 9:51:39
28/600063/皖维高新/4.690	17300	4.680	7050	4.670	5900	4.660	14900	4.650	15600	4.700	30500	4.710	7701	4.720	24650	4.730	4201	4.740	1700	/16842781//2176235/464885/4.7/4.81//2008-9-18 9:52:39
28/600063/皖维高新/4.680	1550	4.670	7800	4.660	14600	4.650	14400	4.640	4700	4.690	3400	4.700	41200	4.710	5801	4.720	22650	4.730	4201	/16842781//2269072/484685/4.68/4.81//2008-9-18 9:53:40
28/600063/皖维高新/4.660	9200	4.650	17800	4.640	14400	4.630	20600	4.620	8700	4.670	4600	4.680	17150	4.690	10000	4.700	45900	4.710	7001	/16842781//2340255/499935/4.67/4.81//2008-9-18 9:54:40
28/600063/皖维高新/4.650	7400	4.640	14400	4.630	20600	4.620	8700	4.610	19800	4.670	1600	4.680	14700	4.690	10000	4.700	44400	4.710	6001	/16842781//2452956/524135/4.66/4.81//2008-9-18 9:55:40
28/600063/皖维高新/4.650	1000	4.640	300	4.630	20600	4.620	8700	4.610	19800	4.680	14700	4.690	10000	4.700	44400	4.710	6001	4.720	24850	/16842781//2560222/547235/4.64/4.81//2008-9-18 9:56:41
28/600063/皖维高新/4.650	5600	4.640	19900	4.630	20600	4.620	8700	4.610	19800	4.670	20500	4.680	14700	4.690	10000	4.700	24400	4.710	6001	/16842781//2563014/547835/4.67/4.81//2008-9-18 9:57:41
28/600063/皖维高新/4.650	17100	4.640	27400	4.630	20700	4.620	9600	4.610	20100	4.670	11100	4.680	12800	4.690	10000	4.700	25400	4.710	8901	/16842781//2592902/554235/4.67/4.81//2008-9-18 9:58:41
28/600063/皖维高新/4.670	2900	4.660	400	4.650	14800	4.640	19900	4.630	14200	4.680	12800	4.690	10000	4.700	24400	4.710	8901	4.720	22450	/16842781//2647531/565935/4.67/4.81//2008-9-18 9:59:41
28/600063/皖维高新/4.650	1900	4.640	19900	4.630	14200	4.620	11400	4.610	20100	4.670	2000	4.680	4800	4.690	2000	4.700	24400	4.710	8901	/16842781//2785008/595435/4.65/4.81//2008-9-18 10:0:42
28/600063/皖维高新/4.640	5600	4.630	15300	4.620	9600	4.610	20100	4.600	61300	4.650	400	4.670	2000	4.680	4800	4.690	2000	4.700	24400	/16842781//2893663/618835/4.64/4.81//2008-9-18 10:1:42
28/600063/皖维高新/4.640	5700	4.630	14300	4.620	9600	4.610	20100	4.600	61800	4.650	10700	4.660	2000	4.670	2000	4.680	4800	4.690	2000	/16842781//2949463/630835/4.65/4.65//2008-9-18 10:2:42
28/600063/皖维高新/4.620	3400	4.610	18800	4.600	59500	4.590	1400	4.580	7200	4.630	16500	4.640	21600	4.650	11900	4.660	2000	4.670	2000	/16842781//3059132/654535/4.62/4.65//2008-9-18 10:3:42
28/600063/皖维高新/4.600	13200	4.590	1400	4.580	7300	4.560	6200	4.550	800	4.610	29550	4.620	2600	4.630	16400	4.640	21100	4.650	9400	/16842781//3413756/731535/4.6/4.65//2008-9-18 10:4:43
28/600063/皖维高新/4.580	4300	4.570	1000	4.560	1000	4.550	2300	4.530	1500	4.590	4350	4.600	41300	4.610	32250	4.620	3600	4.630	16400	/16842781//3507053/751835/4.58/4.65//2008-9-18 10:5:43
28/600063/皖维高新/4.560	2300	4.550	650	4.530	9300	4.520	10400	4.510	12500	4.570	3300	4.580	1350	4.590	15250	4.600	35300	4.610	31500	/16842781//3628027/778285/4.56/4.65//2008-9-18 10:6:43
28/600063/皖维高新/4.550	700	4.530	11500	4.520	8600	4.510	28900	4.500	100900	4.560	5900	4.570	1700	4.580	100	4.590	13050	4.600	36400	/16842781//3825569/821635/4.56/4.65//2008-9-18 10:7:44
28/600063/皖维高新/4.570	13000	4.560	3600	4.550	45100	4.540	8900	4.530	10900	4.580	3100	4.590	13050	4.600	32700	4.610	30500	4.620	5600	/16842781//4019281/864135/4.55/4.65//2008-9-18 10:8:44
28/600063/皖维高新/4.580	3100	4.570	4600	4.560	6300	4.550	43400	4.530	10900	4.590	15900	4.600	27100	4.610	16500	4.620	5600	4.630	16400	/16842781//4072569/875735/4.59/4.65//2008-9-18 10:9:44
28/600063/皖维高新/4.580	18500	4.570	5400	4.560	12500	4.550	44200	4.530	10900	4.590	1700	4.600	8600	4.610	16500	4.620	10600	4.640	12100	/16842781//4145483/891635/4.59/4.65//2008-9-18 10:10:44
28/600063/皖维高新/4.590	10200	4.580	15600	4.570	5400	4.560	11700	4.550	44200	4.600	2800	4.610	16500	4.620	10600	4.640	12100	4.650	3300	/16842781//4208853/905435/4.6/4.65//2008-9-18 10:11:45
28/600063/皖维高新/4.600	2100	4.590	9000	4.580	600	4.570	5400	4.560	12600	4.610	15300	4.620	10600	4.640	12100	4.650	3300	4.660	2000	/16842781//4287065/922435/4.6/4.65//2008-9-18 10:12:45
28/600063/皖维高新/4.580	600	4.570	5400	4.560	13100	4.550	11800	4.540	1300	4.600	15300	4.610	15300	4.620	15300	4.640	1000	4.650	3300	/16842781//4377132/942035/4.6/4.65//2008-9-18 10:13:45
28/600063/皖维高新/4.580	1100	4.570	5600	4.560	13100	4.550	12300	4.540	1300	4.600	16800	4.610	17500	4.620	15300	4.640	1000	4.650	3300	/16842781//4377592/942135/4.6/4.65//2008-9-18 10:14:46
28/600063/皖维高新/4.590	500	4.580	16100	4.570	7400	4.560	12600	4.550	12500	4.600	15900	4.610	17500	4.620	15300	4.640	1000	4.650	3300	/16842781//4388617/944535/4.6/4.65//2008-9-18 10:15:46
28/600063/皖维高新/4.590	10500	4.580	2500	4.570	7400	4.560	9600	4.550	14000	4.600	16700	4.610	17500	4.620	15300	4.640	1000	4.650	3300	/16842781//4420747/951535/4.59/4.65//2008-9-18 10:16:46
28/600063/皖维高新/4.600	15800	4.590	1700	4.580	2500	4.570	7400	4.560	9600	4.610	17500	4.620	15300	4.640	1000	4.650	3300	4.660	2000	/16842781//4554957/980735/4.6/4.65//2008-9-18 10:17:47
28/600063/皖维高新/4.620	7700	4.610	25000	4.600	17000	4.590	1700	4.580	2500	4.640	1000	4.650	3300	4.660	2000	4.670	2000	4.680	4800	/16842781//4735454/1019835/4.62/4.65//2008-9-18 10:18:47
28/600063/皖维高新/4.630	2500	4.620	2700	4.610	5000	4.600	11200	4.580	2500	4.650	800	4.660	2000	4.670	2000	4.680	4800	4.690	500	/16842781//4795518/1032735/4.65/4.65//2008-9-18 10:19:47
28/600063/皖维高新/4.630	2500	4.620	4400	4.610	6300	4.600	11200	4.580	3700	4.650	200	4.660	2000	4.670	2000	4.680	4800	4.690	1700	/16842781//4802493/1034235/4.65/4.65//2008-9-18 10:20:48
28/600063/皖维高新/4.620	4400	4.610	6300	4.600	11200	4.580	2500	4.570	1500	4.630	19800	4.650	28100	4.660	2000	4.670	1000	4.680	4800	/16842781//4815457/1037035/4.63/4.65//2008-9-18 10:21:48
28/600063/皖维高新/4.620	800	4.610	6000	4.600	11000	4.580	2500	4.570	1700	4.630	14800	4.650	27400	4.660	2000	4.670	1000	4.680	4800	/16842781//4859869/1046635/4.62/4.65//2008-9-18 10:22:48
28/600063/皖维高新/4.650	12100	4.630	1000	4.620	1800	4.610	1000	4.600	18300	4.660	2000	4.670	1000	4.680	4800	4.690	2000	4.700	30900	/16842781//5002050/1077335/4.65/4.65//2008-9-18 10:23:48
28/600063/皖维高新/4.630	1000	4.620	3800	4.610	2500	4.600	18900	4.580	2500	4.650	11400	4.660	2000	4.670	1000	4.680	4800	4.690	2500	/16842781//5058315/1089435/4.65/4.65//2008-9-18 10:24:49
28/600063/皖维高新/4.620	3800	4.610	2500	4.600	18900	4.580	2500	4.570	2700	4.630	6500	4.640	2900	4.650	14100	4.660	2000	4.670	1000	/16842781//5064337/1090735/4.63/4.65//2008-9-18 10:25:49
28/600063/皖维高新/4.610	2500	4.600	18900	4.580	2500	4.570	3700	4.560	10100	4.620	4200	4.630	400	4.640	2900	4.650	14100	4.660	2000	/16842781//5084203/1095035/4.62/4.65//2008-9-18 10:26:49
28/600063/皖维高新/4.610	1000	4.600	18900	4.580	2500	4.570	3700	4.560	10100	4.620	6200	4.630	400	4.640	3900	4.650	13600	4.660	2000	/16842781//5084203/1095035/4.62/4.65//2008-9-18 10:27:50
28/600063/皖维高新/4.620	800	4.610	4000	4.600	19400	4.580	2500	4.570	3700	4.630	1700	4.640	3900	4.650	13600	4.660	2000	4.670	1000	/16842781//5103607/1099235/4.62/4.65//2008-9-18 10:28:50
28/600063/皖维高新/4.610	5600	4.600	19900	4.580	2700	4.570	2700	4.560	12600	4.620	600	4.630	3500	4.640	3900	4.650	13600	4.660	2000	/16842781//5107303/1100035/4.62/4.65//2008-9-18 10:29:50
28/600063/皖维高新/4.620	5400	4.610	7800	4.600	20900	4.580	2700	4.570	2700	4.630	2500	4.640	5800	4.650	13600	4.660	2000	4.680	4800	/16842781//5123935/1103635/4.62/4.65//2008-9-18 10:30:51
28/600063/皖维高新/4.650	100	4.620	6000	4.610	27900	4.600	10900	4.580	2700	4.660	2000	4.680	4800	4.690	800	4.700	19900	4.710	3201	/16842781//5225662/1125535/4.65/4.65//2008-9-18 10:31:51
28/600063/皖维高新/4.620	13700	4.610	27900	4.600	3100	4.580	2700	4.570	2700	4.640	2000	4.660	4000	4.680	5000	4.690	800	4.700	19900	/16842781//5228452/1126135/4.65/4.65//2008-9-18 10:32:51
28/600063/皖维高新/4.620	16300	4.610	27900	4.600	3400	4.580	2700	4.570	2700	4.630	200	4.640	2000	4.650	500	4.660	4000	4.680	5000	/16842781//5233534/1127235/4.62/4.65//2008-9-18 10:33:52
28/600063/皖维高新/4.610	21200	4.600	3700	4.580	2700	4.570	2700	4.560	14600	4.620	19300	4.630	200	4.650	5300	4.660	4000	4.680	5300	/16842781//5339727/1150235/4.61/4.65//2008-9-18 10:34:52
28/600063/皖维高新/4.610	3900	4.600	18400	4.580	2700	4.570	2500	4.560	14600	4.620	1500	4.630	200	4.650	6000	4.660	2000	4.680	5300	/16842781//5424090/1168535/4.61/4.65//2008-9-18 10:35:52
28/600063/皖维高新/4.610	1800	4.600	18400	4.580	2700	4.570	3500	4.560	12700	4.620	2000	4.630	200	4.650	7000	4.660	2000	4.680	5300	/16842781//5568034/1199735/4.62/4.65//2008-9-18 10:36:53
28/600063/皖维高新/4.620	6600	4.610	3800	4.600	28400	4.580	2700	4.570	3500	4.630	200	4.650	7000	4.660	2000	4.680	5300	4.690	9800	/16842781//5592982/1205135/4.62/4.65//2008-9-18 10:37:53
28/600063/皖维高新/4.620	4000	4.610	3800	4.600	28400	4.580	2700	4.570	3500	4.630	2200	4.650	7000	4.660	2000	4.680	5300	4.690	9800	/16842781//5604994/1207735/4.62/4.65//2008-9-18 10:38:53
28/600063/皖维高新/4.610	3800	4.600	27600	4.580	2700	4.570	3000	4.560	12700	4.620	2700	4.630	2200	4.640	1500	4.650	6700	4.660	2000	/16842781//5630404/1213235/4.62/4.65//2008-9-18 10:39:54
28/600063/皖维高新/4.610	2800	4.600	27600	4.580	2700	4.570	3000	4.560	12700	4.620	2600	4.630	2200	4.640	1500	4.650	6700	4.660	2000	/16842781//5631328/1213435/4.62/4.65//2008-9-18 10:40:54
28/600063/皖维高新/4.610	2900	4.600	27600	4.580	2700	4.570	3000	4.560	12700	4.620	2600	4.630	2200	4.640	1500	4.650	6700	4.660	2000	/16842781//5631328/1213435/4.62/4.65//2008-9-18 10:41:54
28/600063/皖维高新/4.610	1100	4.600	34000	4.580	3200	4.570	3000	4.560	12700	4.630	1400	4.640	1500	4.650	6700	4.660	2000	4.680	5300	/16842781//5646576/1216735/4.61/4.65//2008-9-18 10:42:55
28/600063/皖维高新/4.620	2200	4.610	1600	4.600	34000	4.580	3200	4.570	3000	4.630	1400	4.640	1500	4.650	6700	4.660	2000	4.680	5300	/16842781//5673345/1222535/4.62/4.65//2008-9-18 10:43:55
28/600063/皖维高新/4.620	2200	4.610	600	4.600	39000	4.580	3200	4.570	3000	4.630	1400	4.640	1500	4.650	6700	4.660	2000	4.680	5300	/16842781//5673345/1222535/4.62/4.65//2008-9-18 10:44:56
28/600063/皖维高新/4.580	2700	4.570	3000	4.560	10200	4.550	20900	4.540	2600	4.600	30400	4.620	11300	4.640	1500	4.650	6700	4.660	2000	/16842781//5934675/1279335/4.6/4.65//2008-9-18 10:45:56
28/600063/皖维高新/4.560	9400	4.550	20900	4.540	2600	4.530	13100	4.520	15600	4.570	2000	4.580	4500	4.590	1300	4.600	30400	4.620	11000	/16842781//5961983/1285335/4.57/4.65//2008-9-18 10:46:56
28/600063/皖维高新/4.540	2600	4.530	12400	4.520	15600	4.510	27200	4.500	154500	4.550	66800	4.570	5000	4.580	4500	4.600	30400	4.620	11000	/16842781//6113136/1318535/4.55/4.65//2008-9-18 10:47:57
28/600063/皖维高新/4.510	28200	4.500	134500	4.480	1200	4.470	1700	4.450	14500	4.540	9195	4.550	66800	4.570	3000	4.580	4500	4.600	30400	/16842781//6426726/1387835/4.51/4.65//2008-9-18 10:48:57
28/600063/皖维高新/4.490	2100	4.480	1200	4.470	1700	4.450	14300	4.440	100	4.500	30701	4.520	2000	4.530	2200	4.540	18995	4.550	68600	/16842781//7072632/1531435/4.5/4.65//2008-9-18 10:49:57
28/600063/皖维高新/4.480	12800	4.470	24100	4.460	12000	4.450	14800	4.440	600	4.500	500	4.530	2200	4.540	18495	4.550	68600	4.570	2000	/16842781//7196206/1559035/4.48/4.65//2008-9-18 10:50:58
28/600063/皖维高新/4.500	100	4.490	15700	4.480	13800	4.470	7400	4.460	14400	4.530	600	4.540	17995	4.550	68600	4.570	2000	4.580	1600	/16842781//7185106/1556535/4.53/4.65//2008-9-18 10:51:58
28/600063/皖维高新/4.510	1000	4.500	13400	4.490	5300	4.480	13600	4.470	8500	4.530	26900	4.540	12495	4.550	68600	4.570	1000	4.580	1600	/16842781//7240880/1568835/4.53/4.65//2008-9-18 10:52:58
28/600063/皖维高新/4.500	13400	4.490	5300	4.480	16600	4.470	3000	4.460	2400	4.510	44900	4.520	600	4.530	26900	4.540	13495	4.550	68600	/16842781//7290490/1579835/4.51/4.65//2008-9-18 10:53:59
28/600063/皖维高新/4.480	16600	4.470	3200	4.460	4900	4.450	12300	4.440	2400	4.490	7500	4.500	32400	4.510	39000	4.520	600	4.530	27400	/16842781//7429018/1610635/4.49/4.65//2008-9-18 10:54:59
28/600063/皖维高新/4.490	1300	4.470	1300	4.460	4900	4.450	2200	4.440	2400	4.500	23000	4.530	21100	4.540	13495	4.550	1800	4.570	1000	/16842781//7685255/1667835/4.49/4.65//2008-9-18 10:56:0
28/600063/皖维高新/4.470	5200	4.460	8000	4.450	1900	4.440	2400	4.420	17700	4.490	300	4.500	20900	4.530	21600	4.540	3495	4.550	1800	/16842781//7700542/1671235/4.49/4.65//2008-9-18 10:57:0
28/600063/皖维高新/4.480	600	4.470	12200	4.460	8000	4.450	1900	4.440	2400	4.490	11700	4.500	22400	4.530	21600	4.540	3495	4.550	1800	/16842781//7728328/1677435/4.48/4.65//2008-9-18 10:58:0
28/600063/皖维高新/4.460	6000	4.450	2400	4.440	2400	4.420	17700	4.410	12900	4.470	17700	4.490	1200	4.500	22400	4.530	21600	4.540	3495	/16842781//7852686/1705235/4.47/4.65//2008-9-18 10:59:1
28/600063/皖维高新/4.460	3300	4.450	2000	4.440	2400	4.430	700	4.420	17700	4.490	1300	4.500	22400	4.530	21600	4.540	3495	4.550	800	/16842781//7932215/1723035/4.46/4.65//2008-9-18 11:0:1
28/600063/皖维高新/4.460	3100	4.450	1500	4.440	2500	4.430	1100	4.420	17500	4.470	28700	4.480	21100	4.490	5900	4.500	22400	4.530	21600	/16842781//7978253/1733335/4.47/4.65//2008-9-18 11:1:2
28/600063/皖维高新/4.420	14550	4.410	12900	4.400	60600	4.380	6200	4.370	2600	4.460	7200	4.470	33150	4.480	21900	4.490	8900	4.500	22400	/16842781//8049984/1749485/4.46/4.65//2008-9-18 11:2:2
28/600063/皖维高新/4.450	3100	4.430	4000	4.420	11200	4.410	13200	4.400	60400	4.460	21900	4.470	3300	4.480	10800	4.490	8300	4.500	25400	/16842781//8134691/1768535/4.45/4.65//2008-9-18 11:3:2
28/600063/皖维高新/4.400	15100	4.380	5600	4.370	2800	4.360	4400	4.350	37600	4.430	12600	4.450	4550	4.460	21900	4.470	3300	4.480	10800	/16842781//8543390/1861135/4.4/4.65//2008-9-18 11:4:3
28/600063/皖维高新/4.440	4210	4.430	36900	4.420	8000	4.410	8900	4.400	10500	4.460	3900	4.470	2800	4.480	10000	4.490	4300	4.500	25400	/16842781//8661423/1887725/4.44/4.65//2008-9-18 11:5:3
28/600063/皖维高新/4.460	8700	4.450	12700	4.440	3100	4.430	31610	4.420	10200	4.470	6000	4.480	10000	4.490	4700	4.500	25400	4.530	21600	/16842781//8723159/1901625/4.46/4.65//2008-9-18 11:6:4
28/600063/皖维高新/4.480	1400	4.470	28700	4.460	10700	4.450	2700	4.440	300	4.490	4700	4.500	25400	4.530	21600	4.540	3495	4.570	1000	/16842781//8784953/1915425/4.47/4.65//2008-9-18 11:7:4
28/600063/皖维高新/4.490	2100	4.480	2200	4.470	11200	4.460	10700	4.450	2700	4.500	25400	4.530	21600	4.540	3495	4.570	1000	4.580	1600	/16842781//8888750/1938625/4.49/4.65//2008-9-18 11:8:4
28/600063/皖维高新/4.480	2500	4.470	1200	4.460	4600	4.450	2700	4.440	3200	4.490	1600	4.500	25400	4.530	21600	4.540	3495	4.570	2300	/16842781//8898628/1940825/4.49/4.65//2008-9-18 11:9:5
28/600063/皖维高新/4.470	1200	4.460	2600	4.450	2500	4.440	3200	4.430	5500	4.490	2100	4.500	23300	4.530	21600	4.540	3495	4.570	2300	/16842781//8970447/1956825/4.48/4.65//2008-9-18 11:10:5
28/600063/皖维高新/4.460	650	4.450	2500	4.440	3200	4.430	5500	4.420	12200	4.480	62450	4.490	300	4.500	23400	4.530	21600	4.540	3495	/16842781//8978714/1958675/4.48/4.65//2008-9-18 11:11:6
28/600063/皖维高新/4.420	2300	4.410	3700	4.400	23800	4.380	7500	4.370	2800	4.450	350	4.460	2500	4.470	700	4.480	61050	4.490	300	/16842781//9092008/1984225/4.45/4.65//2008-9-18 11:12:6
28/600063/皖维高新/4.420	500	4.400	12959	4.380	8700	4.370	2800	4.360	9900	4.450	3700	4.460	2600	4.470	1600	4.480	60450	4.490	300	/16842781//9245931/2019166/4.4/4.65//2008-9-18 11:13:7
28/600063/皖维高新/4.410	13900	4.400	41659	4.390	300	4.380	8900	4.370	2800	4.420	2700	4.450	5600	4.460	2500	4.470	1600	4.480	60450	/16842781//9261833/2022766/4.42/4.65//2008-9-18 11:14:7
28/600063/皖维高新/4.430	4500	4.420	80100	4.400	34200	4.390	500	4.380	11600	4.450	4400	4.460	2500	4.470	900	4.480	60450	4.490	300	/16842781//9384052/2050466/4.45/4.65//2008-9-18 11:15:7
28/600063/皖维高新/4.450	25300	4.430	18300	4.420	12200	4.410	300	4.400	34200	4.460	2500	4.470	900	4.480	60450	4.490	300	4.500	23800	/16842781//9428097/2060366/4.45/4.65//2008-9-18 11:16:8
28/600063/皖维高新/4.460	400	4.450	25800	4.440	4400	4.430	14000	4.420	9200	4.470	4500	4.480	60450	4.490	300	4.500	23800	4.530	21600	/16842781//9422355/2059066/4.47/4.65//2008-9-18 11:17:8
28/600063/皖维高新/4.450	27700	4.440	4400	4.430	14000	4.420	8700	4.410	300	4.460	2100	4.470	10500	4.500	23800	4.530	21600	4.540	3495	/16842781//9425474/2059766/4.45/4.65//2008-9-18 11:18:9
28/600063/皖维高新/4.430	14000	4.420	8700	4.410	1800	4.400	35600	4.390	1200	4.440	25750	4.450	39000	4.460	1900	4.470	10500	4.500	23800	/16842781//9591831/2097166/4.44/4.65//2008-9-18 11:19:9
28/600063/皖维高新/4.420	8700	4.410	7400	4.400	36100	4.390	1200	4.380	12200	4.430	1200	4.440	19150	4.450	3000	4.460	1400	4.470	20500	/16842781//9684041/2117966/4.43/4.65//2008-9-18 11:20:10
28/600063/皖维高新/4.430	5200	4.420	10800	4.410	28600	4.400	40600	4.390	1200	4.440	500	4.460	2400	4.470	20500	4.500	23800	4.530	21600	/16842781//9715937/2125166/4.43/4.65//2008-9-18 11:21:10
28/600063/皖维高新/4.430	7800	4.420	12300	4.410	28600	4.400	40800	4.390	2200	4.450	34500	4.460	6300	4.470	20500	4.500	23800	4.530	21600	/16842781//9738638/2130266/4.45/4.65//2008-9-18 11:22:10
28/600063/皖维高新/4.430	4100	4.420	10200	4.410	28600	4.400	40800	4.390	2200	4.450	30500	4.460	4500	4.470	20500	4.500	23800	4.530	21600	/16842781//9811490/2146666/4.43/4.65//2008-9-18 11:23:11
28/600063/皖维高新/4.430	25600	4.420	8700	4.410	28000	4.400	40800	4.390	1500	4.440	14500	4.450	50500	4.460	4500	4.470	20500	4.500	23800	/16842781//9887264/2163766/4.43/4.65//2008-9-18 11:24:11
28/600063/皖维高新/4.420	8700	4.410	28000	4.400	43300	4.390	1500	4.380	12300	4.430	11700	4.440	200	4.450	25200	4.460	4500	4.470	20500	/16842781//10177637/2229166/4.43/4.65//2008-9-18 11:25:12
28/600063/皖维高新/4.390	1500	4.380	12300	4.370	2800	4.360	15800	4.350	46600	4.400	5900	4.430	16700	4.440	200	4.450	15200	4.460	4500	/16842781//10694327/2346466/4.4/4.65//2008-9-18 11:26:12
28/600063/皖维高新/4.390	500	4.380	12300	4.370	2800	4.360	35800	4.350	46300	4.400	4400	4.410	3200	4.420	30000	4.430	6700	4.440	200	/16842781//10762507/2361966/4.39/4.65//2008-9-18 11:27:13
28/600063/皖维高新/4.400	11300	4.390	1800	4.380	12500	4.370	2800	4.360	35800	4.410	3200	4.420	30000	4.430	6700	4.440	200	4.450	12200	/16842781//10804307/2371466/4.4/4.65//2008-9-18 11:28:13
28/600063/皖维高新/4.400	2700	4.390	11300	4.380	10900	4.370	2800	4.360	35800	4.410	1300	4.420	30000	4.430	6700	4.440	200	4.450	12200	/16842781//10853606/2382666/4.41/4.65//2008-9-18 11:29:14
28/600063/皖维高新/4.380	10900	4.370	2800	4.360	35800	4.350	42400	4.340	38800	4.390	6500	4.400	25600	4.410	2300	4.420	30000	4.430	6700	/16842781//10929151/2399866/4.39/4.65//2008-9-18 11:30:14
28/600063/皖维高新/4.380	10900	4.370	2800	4.360	35800	4.350	42400	4.340	38800	4.390	6500	4.400	25600	4.410	2300	4.420	30000	4.430	6700	/16842781//10929151/2399866/4.39/4.65//2008-9-18 11:31:15
28/600063/皖维高新/4.340	38300	4.330	247000	0.000	0	0.000	0	0.000	0	4.370	41400	4.380	33400	4.390	7912	4.400	500	4.410	1300	/16842781//11495494/2529766/4.34/4.65//2008-9-18 13:1:15
28/600063/皖维高新/4.350	200	4.340	50000	4.330	251900	0.000	0	0.000	0	4.360	28900	4.370	41400	4.380	33400	4.390	7912	4.400	500	/16842781//11542098/2540466/4.35/4.65//2008-9-18 13:2:16
28/600063/皖维高新/4.340	53350	4.330	320700	0.000	0	0.000	0	0.000	0	4.360	27700	4.380	33400	4.390	7912	4.400	500	4.410	1300	/16842781//11661801/2568016/4.36/4.65//2008-9-18 13:3:16
28/600063/皖维高新/4.350	15700	4.340	61950	4.330	322100	0.000	0	0.000	0	4.360	18800	4.380	18400	4.390	7611	4.400	500	4.410	1300	/16842781//11700605/2576916/4.36/4.65//2008-9-18 13:4:17
28/600063/皖维高新/4.350	5580	4.340	52150	4.330	450600	0.000	0	0.000	0	4.360	14300	4.380	18400	4.390	7611	4.400	500	4.410	1300	/16842781//11824277/2605336/4.35/4.65//2008-9-18 13:5:17
28/600063/皖维高新/4.340	53450	4.330	455800	0.000	0	0.000	0	0.000	0	4.350	33872	4.360	12800	4.380	18400	4.390	7911	4.400	500	/16842781//11912095/2625516/4.35/4.65//2008-9-18 13:6:18
28/600063/皖维高新/4.340	46050	4.330	459000	0.000	0	0.000	0	0.000	0	4.350	12772	4.360	12800	4.380	18400	4.390	7911	4.400	500	/16842781//12015625/2649316/4.35/4.65//2008-9-18 13:7:18
28/600063/皖维高新/4.330	424600	0.000	0	0.000	0	0.000	0	0.000	0	4.340	18372	4.360	12100	4.380	18400	4.390	7911	4.400	500	/16842781//12365455/2729866/4.34/4.65//2008-9-18 13:8:19
28/600063/皖维高新/4.340	6128	4.330	424657	0.000	0	0.000	0	0.000	0	4.350	10000	4.360	12100	4.380	17600	4.390	7911	4.400	500	/16842781//12446675/2748581/4.34/4.65//2008-9-18 13:9:19
28/600063/皖维高新/4.340	41928	4.330	423757	0.000	0	0.000	0	0.000	0	4.350	8300	4.360	12100	4.380	17600	4.390	7911	4.400	2400	/16842781//12458410/2751281/4.34/4.65//2008-9-18 13:10:20
28/600063/皖维高新/4.340	32228	4.330	420357	0.000	0	0.000	0	0.000	0	4.350	25000	4.360	900	4.380	16600	4.390	7911	4.400	2400	/16842781//12525713/2766781/4.35/4.65//2008-9-18 13:11:20
28/600063/皖维高新/4.340	46878	4.330	425257	0.000	0	0.000	0	0.000	0	4.350	25300	4.360	900	4.370	12500	4.380	16600	4.390	7911	/16842781//12542439/2770631/4.35/4.65//2008-9-18 13:12:21
28/600063/皖维高新/4.360	200	4.350	4900	4.340	63178	4.330	408857	0.000	0	4.370	12500	4.380	16600	4.390	7911	4.400	5300	4.410	1300	/16842781//12672109/2800431/4.36/4.65//2008-9-18 13:13:21
28/600063/皖维高新/4.350	11200	4.340	63678	4.330	402157	0.000	0	0.000	0	4.360	2300	4.370	12500	4.380	16600	4.390	7911	4.400	7290	/16842781//12675592/2801231/4.36/4.65//2008-9-18 13:14:22
28/600063/皖维高新/4.350	11100	4.340	60378	4.330	408157	0.000	0	0.000	0	4.360	3100	4.370	12500	4.380	16600	4.390	7911	4.400	7290	/16842781//12727795/2813231/4.36/4.65//2008-9-18 13:15:22
28/600063/皖维高新/4.360	9150	4.350	14200	4.340	59378	4.330	415357	0.000	0	4.370	12300	4.380	16600	4.390	7911	4.400	6490	4.410	1300	/16842781//12802988/2830481/4.36/4.65//2008-9-18 13:16:23
28/600063/皖维高新/4.350	35000	4.340	60178	4.330	415457	0.000	0	0.000	0	4.360	7200	4.370	3350	4.380	16600	4.390	7911	4.400	6490	/16842781//12898781/2852431/4.36/4.65//2008-9-18 13:17:23
28/600063/皖维高新/4.360	4500	4.350	29100	4.340	60178	4.330	317457	0.000	0	4.370	3350	4.380	11400	4.390	7911	4.400	6490	4.410	1300	/16842781//13021256/2880531/4.36/4.65//2008-9-18 13:18:24
28/600063/皖维高新/4.360	2000	4.350	32600	4.340	59178	4.330	317457	0.000	0	4.370	3350	4.380	11400	4.390	7911	4.400	6490	4.410	1300	/16842781//13054828/2888231/4.36/4.65//2008-9-18 13:19:24
28/600063/皖维高新/4.370	2650	4.360	3500	4.350	32400	4.340	59678	4.330	317957	4.380	8000	4.390	7911	4.400	6490	4.410	1300	4.420	36500	/16842781//13087848/2895781/4.38/4.65//2008-9-18 13:20:25
28/600063/皖维高新/4.370	850	4.360	3500	4.350	42900	4.340	59678	4.330	317457	4.380	11900	4.390	7911	4.400	2490	4.410	1300	4.420	36500	/16842781//13118936/2902881/4.37/4.65//2008-9-18 13:21:25
28/600063/皖维高新/4.370	4950	4.360	5200	4.350	41100	4.340	69678	4.330	317557	4.380	3300	4.390	7911	4.400	2490	4.410	1300	4.420	6500	/16842781//13194623/2920181/4.37/4.65//2008-9-18 13:22:26
28/600063/皖维高新/4.380	200	4.370	7550	4.360	16700	4.350	41100	4.340	63078	4.390	6911	4.400	2490	4.410	1300	4.420	6500	4.430	5000	/16842781//13234461/2929281/4.39/4.65//2008-9-18 13:23:26
28/600063/皖维高新/4.390	7489	4.380	2900	4.370	7550	4.360	16700	4.350	41600	4.400	8190	4.410	1300	4.420	6500	4.430	5000	4.440	200	/16842781//13287224/2941292/4.4/4.65//2008-9-18 13:24:27
28/600063/皖维高新/4.410	12500	4.400	9560	4.390	5489	4.380	1400	4.370	5800	4.420	3500	4.430	5000	4.440	2100	4.450	10000	4.460	700	/16842781//13402253/2967432/4.41/4.65//2008-9-18 13:25:27
28/600063/皖维高新/4.420	1100	4.410	12100	4.400	13560	4.390	5489	4.380	1400	4.430	700	4.440	8411	4.450	10000	4.460	700	4.470	20500	/16842781//13515344/2993032/4.43/4.65//2008-9-18 13:26:28
28/600063/皖维高新/4.420	11400	4.410	2100	4.400	11860	4.390	3389	4.380	1000	4.430	2000	4.440	6311	4.450	10000	4.460	700	4.470	20500	/16842781//13566300/3004532/4.44/4.65//2008-9-18 13:27:28
28/600063/皖维高新/4.390	3389	4.380	1500	4.370	13800	4.360	9700	4.350	40600	4.400	20240	4.430	3100	4.440	11311	4.450	10000	4.460	11700	/16842781//13695843/3033892/4.4/4.65//2008-9-18 13:28:29
28/600063/皖维高新/4.390	6989	4.380	1500	4.370	13800	4.360	9700	4.350	47400	4.400	14640	4.430	5000	4.440	11311	4.450	10000	4.460	11700	/16842781//13726185/3040792/4.39/4.65//2008-9-18 13:29:29
28/600063/皖维高新/4.390	889	4.380	1500	4.370	13800	4.360	9700	4.350	47400	4.400	13140	4.430	6000	4.440	5400	4.450	13000	4.460	11700	/16842781//13757808/3047992/4.4/4.65//2008-9-18 13:30:30
28/600063/皖维高新/4.400	3160	4.390	889	4.380	5500	4.370	14300	4.360	19000	4.430	5000	4.440	5400	4.450	13000	4.460	11700	4.470	20500	/16842781//13860494/3071332/4.4/4.65//2008-9-18 13:31:30
28/600063/皖维高新/4.410	1700	4.400	5060	4.390	6889	4.380	8000	4.370	10500	4.430	5000	4.440	8400	4.450	13000	4.460	11700	4.470	17500	/16842781//13860494/3071332/4.4/4.65//2008-9-18 13:32:31
28/600063/皖维高新/4.440	7400	4.430	12500	4.420	3500	4.410	500	4.400	10060	4.450	9600	4.460	11700	4.470	17500	4.480	7400	4.490	14000	/16842781//13961204/3094032/4.45/4.65//2008-9-18 13:33:31
28/600063/皖维高新/4.460	47100	4.450	33500	4.430	8900	4.420	3500	4.410	4300	4.470	17500	4.480	10200	4.490	16500	4.500	32500	4.520	1200	/16842781//14056106/3115332/4.46/4.65//2008-9-18 13:34:32
28/600063/皖维高新/4.490	24600	4.480	300	4.470	11200	4.460	20000	4.450	24900	4.500	18000	4.520	1200	4.530	16000	4.540	1000	4.550	1000	/16842781//14273914/3163932/4.5/4.65//2008-9-18 13:35:32
28/600063/皖维高新/4.500	14900	4.490	24200	4.480	18700	4.470	5100	4.450	14900	4.510	8000	4.520	16495	4.530	16000	4.540	1000	4.550	1000	/16842781//14618774/3240532/4.5/4.65//2008-9-18 13:36:33
28/600063/皖维高新/4.480	18200	4.470	5100	4.450	14900	4.430	1300	4.410	500	4.490	11900	4.500	17801	4.510	9600	4.520	16495	4.530	16000	/16842781//14861991/3294632/4.49/4.65//2008-9-18 13:37:34
28/600063/皖维高新/4.460	5400	4.450	9100	4.430	1300	4.410	500	4.400	4000	4.470	700	4.480	2200	4.490	23400	4.500	17401	4.510	3500	/16842781//14976208/3320132/4.47/4.65//2008-9-18 13:38:34
28/600063/皖维高新/4.450	9100	4.430	1300	4.410	5300	4.400	15200	4.390	6989	4.460	4300	4.490	9400	4.510	1500	4.530	16000	4.540	1000	/16842781//15019054/3329732/4.46/4.65//2008-9-18 13:39:35
28/600063/皖维高新/4.460	18300	4.450	8100	4.430	1300	4.410	5800	4.400	15200	4.470	1500	4.480	400	4.490	9400	4.510	1500	4.530	16000	/16842781//15065433/3340132/4.47/4.65//2008-9-18 13:40:35
28/600063/皖维高新/4.490	1300	4.480	3900	4.470	9900	4.460	24000	4.450	8100	4.510	1000	4.520	3000	4.530	16000	4.540	1000	4.550	2000	/16842781//15129576/3354432/4.49/4.65//2008-9-18 13:41:36
28/600063/皖维高新/4.500	6300	4.490	16300	4.480	3900	4.470	2000	4.460	17000	4.520	8400	4.530	16000	4.540	1000	4.550	2000	4.570	2800	/16842781//15167002/3362732/4.5/4.65//2008-9-18 13:42:36
28/600063/皖维高新/4.500	4900	4.490	16300	4.480	3900	4.460	17000	4.450	8100	4.520	3700	4.530	16000	4.540	1000	4.550	2000	4.570	2800	/16842781//15207114/3371632/4.5/4.65//2008-9-18 13:43:37
28/600063/皖维高新/4.550	300	4.540	24200	4.530	22800	4.520	4000	4.510	22200	4.570	2800	4.580	4400	4.590	3500	4.600	600	4.620	8000	/16842781//15333598/3399532/4.55/4.65//2008-9-18 13:44:37
28/600063/皖维高新/4.560	1000	4.550	6000	4.540	32200	4.530	38300	4.520	3500	4.590	30700	4.630	5500	4.640	1500	4.650	3900	4.660	2000	/16842781//15522975/3440732/4.59/4.65//2008-9-18 13:45:38
28/600063/皖维高新/4.550	9000	4.540	32200	4.530	28300	4.520	3500	4.510	500	4.560	2200	4.580	400	4.620	1300	4.630	5500	4.640	1500	/16842781//15641866/3466732/4.56/4.65//2008-9-18 13:46:39
28/600063/皖维高新/4.560	8299	4.550	10500	4.540	31200	4.530	28300	4.520	3500	4.590	1300	4.600	7500	4.610	8700	4.620	6300	4.630	5500	/16842781//15756501/3491834/4.56/4.65//2008-9-18 13:47:39
28/600063/皖维高新/4.490	16300	4.480	500	4.460	16800	4.450	5000	4.430	1300	4.500	212001	4.590	29900	4.600	10900	4.610	8700	4.620	6300	/16842781//16170789/3583032/4.5/4.65//2008-9-18 13:48:40
28/600063/皖维高新/4.490	7200	4.480	6500	4.460	16800	4.450	5000	4.430	1300	4.500	41001	4.580	1000	4.590	4000	4.600	13400	4.610	8700	/16842781//17096610/3788832/4.5/4.65//2008-9-18 13:49:40
28/600063/皖维高新/4.500	69799	4.490	7200	4.480	11500	4.460	16800	4.450	5600	4.580	19200	4.590	6000	4.600	11800	4.610	8700	4.620	1300	/16842781//17274354/3828333/4.5/4.65//2008-9-18 13:50:41
28/600063/皖维高新/4.510	2900	4.500	66199	4.490	7200	4.480	11500	4.460	16800	4.540	2200	4.550	3900	4.570	13500	4.580	3000	4.590	6200	/16842781//17277954/3829133/4.5/4.65//2008-9-18 13:51:41
28/600063/皖维高新/4.510	6700	4.500	66399	4.490	2500	4.480	11500	4.460	16800	4.530	1000	4.540	1000	4.550	12600	4.570	10500	4.580	3000	/16842781//17296896/3833333/4.51/4.65//2008-9-18 13:52:42
28/600063/皖维高新/4.500	40749	4.490	2500	4.480	11500	4.460	16800	4.450	5900	4.510	30400	4.530	1000	4.540	1000	4.550	10600	4.570	10500	/16842781//17452148/3867783/4.5/4.65//2008-9-18 13:53:42
28/600063/皖维高新/4.500	37949	4.490	2500	4.480	11500	4.460	16800	4.450	5900	4.510	100	4.530	1000	4.540	3000	4.550	9500	4.570	10500	/16842781//17616260/3904183/4.51/4.65//2008-9-18 13:54:43
28/600063/皖维高新/4.530	2700	4.500	30848	4.490	2500	4.480	11500	4.460	16800	4.540	3000	4.550	9000	4.570	10500	4.580	3000	4.590	12400	/16842781//17651466/3911984/4.53/4.65//2008-9-18 13:55:44
28/600063/皖维高新/4.500	1848	4.490	3500	4.480	11500	4.460	16800	4.450	5900	4.510	36300	4.540	2000	4.550	9000	4.570	4000	4.580	3000	/16842781//17799604/3944884/4.5/4.65//2008-9-18 13:56:44
28/600063/皖维高新/4.500	7200	4.490	8700	4.480	11500	4.460	16800	4.450	5900	4.510	7852	4.540	2000	4.550	6000	4.570	4000	4.580	28400	/16842781//17962104/3980932/4.5/4.65//2008-9-18 13:57:45
28/600063/皖维高新/4.510	4648	4.500	15200	4.490	9200	4.480	11500	4.460	16800	4.530	5000	4.540	2000	4.550	6000	4.570	4400	4.580	28400	/16842781//18006066/3990684/4.51/4.65//2008-9-18 13:58:45
28/600063/皖维高新/4.520	1800	4.510	15848	4.500	14200	4.490	9200	4.480	11500	4.540	2000	4.550	6000	4.570	4400	4.580	28400	4.590	16200	/16842781//18072054/4005284/4.51/4.65//2008-9-18 13:59:46
28/600063/皖维高新/4.520	9200	4.510	12048	4.500	14700	4.490	9200	4.480	11500	4.540	2000	4.550	6000	4.570	9600	4.580	3000	4.590	16200	/16842781//18154714/4023584/4.51/4.65//2008-9-18 14:0:47
28/600063/皖维高新/4.510	4000	4.500	17900	4.490	9200	4.480	11500	4.460	8500	4.520	2000	4.530	9900	4.540	6000	4.550	6000	4.570	9600	/16842781//18289914/4053484/4.53/4.65//2008-9-18 14:1:47
28/600063/皖维高新/4.490	9200	4.480	11500	4.460	8000	4.450	16200	4.430	2300	4.500	4100	4.510	14150	4.520	36800	4.530	9900	4.540	4000	/16842781//18508766/4102084/4.5/4.65//2008-9-18 14:2:48
28/600063/皖维高新/4.480	800	4.460	8000	4.450	16200	4.430	2300	4.410	2500	4.500	11000	4.510	14250	4.520	33600	4.530	35300	4.540	4000	/16842781//18529660/4106784/4.48/4.65//2008-9-18 14:3:48
28/600063/皖维高新/4.480	400	4.460	8000	4.450	8100	4.430	2300	4.410	2500	4.490	21000	4.500	18200	4.510	14250	4.520	14600	4.530	9900	/16842781//18548028/4110884/4.48/4.65//2008-9-18 14:4:49
28/600063/皖维高新/4.490	7400	4.470	2200	4.460	6950	4.450	5100	4.430	14800	4.510	14250	4.520	13600	4.530	9900	4.550	5200	4.560	1000	/16842781//18701066/4144934/4.49/4.65//2008-9-18 14:5:50
28/600063/皖维高新/4.510	4050	4.490	7400	4.470	2200	4.460	6950	4.450	7100	4.520	13600	4.530	9900	4.550	2200	4.560	26400	4.570	9600	/16842781//18769834/4160184/4.51/4.65//2008-9-18 14:6:50
28/600063/皖维高新/4.520	26000	4.510	4900	4.490	7400	4.470	2200	4.460	6950	4.550	1500	4.560	1600	4.570	5600	4.580	9000	4.590	11600	/16842781//18864586/4181134/4.55/4.65//2008-9-18 14:7:51
28/600063/皖维高新/4.530	7600	4.520	26000	4.510	2700	4.490	7400	4.470	2200	4.550	400	4.560	1600	4.570	400	4.580	8000	4.590	7800	/16842781//18869592/4182234/4.55/4.65//2008-9-18 14:8:51
28/600063/皖维高新/4.550	2000	4.530	19000	4.520	26000	4.510	2700	4.500	2000	4.560	1100	4.570	700	4.580	8000	4.590	2800	4.600	3200	/16842781//18882796/4185134/4.55/4.65//2008-9-18 14:9:52
28/600063/皖维高新/4.580	2900	4.560	13300	4.550	2000	4.530	18500	4.510	2700	4.590	2800	4.600	7200	4.610	500	4.620	300	4.630	6600	/16842781//18927652/4194934/4.58/4.65//2008-9-18 14:10:53
28/600063/皖维高新/4.600	6900	4.590	2200	4.580	4900	4.560	13800	4.550	2000	4.610	500	4.620	300	4.630	6600	4.640	14900	4.650	29700	/16842781//18973624/4204934/4.6/4.65//2008-9-18 14:11:53
28/600063/皖维高新/4.590	2200	4.560	13800	4.530	18500	4.500	4000	4.490	7800	4.600	8900	4.610	44400	4.620	11900	4.630	9400	4.640	14900	/16842781//19029310/4217034/4.6/4.65//2008-9-18 14:12:54
28/600063/皖维高新/4.560	9500	4.530	18500	4.520	200	4.500	4000	4.490	7800	4.580	3400	4.590	11700	4.600	9795	4.610	44400	4.620	5400	/16842781//19084678/4229134/4.56/4.65//2008-9-18 14:13:55
28/600063/皖维高新/4.530	17000	4.520	200	4.500	4000	4.490	7800	4.470	3200	4.560	16100	4.580	5400	4.590	11700	4.600	9595	4.610	61700	/16842781//19141698/4241634/4.56/4.65//2008-9-18 14:14:55
28/600063/皖维高新/4.530	17000	4.520	200	4.500	24000	4.490	7800	4.480	600	4.550	6200	4.560	8100	4.580	5400	4.590	11700	4.600	5400	/16842781//19205538/4255634/4.56/4.65//2008-9-18 14:15:56
28/600063/皖维高新/4.550	11100	4.540	600	4.530	17300	4.520	200	4.510	1300	4.600	30300	4.610	36400	4.620	2400	4.630	9400	4.640	20100	/16842781//19385772/4295034/4.6/4.65//2008-9-18 14:16:56
28/600063/皖维高新/4.600	23200	4.560	2500	4.550	11100	4.540	600	4.530	16300	4.610	13800	4.620	1400	4.630	9400	4.640	20100	4.650	22500	/16842781//19543772/4329334/4.61/4.65//2008-9-18 14:17:57
28/600063/皖维高新/4.630	9000	4.620	4600	4.610	43300	4.600	23200	4.560	2500	4.640	10100	4.650	12500	4.680	8100	4.690	21000	4.700	33850	/16842781//19658262/4354134/4.63/4.65//2008-9-18 14:18:58
28/600063/皖维高新/4.700	7750	4.690	24900	4.680	50600	4.650	12800	4.640	3000	4.710	500	4.720	400	4.740	3200	4.750	15395	4.760	9500	/16842781//19970552/4420884/4.7/4.65//2008-9-18 14:19:58
28/600063/皖维高新/4.750	7500	4.730	2000	4.720	2500	4.710	24700	4.700	39200	4.760	9500	4.770	8200	4.780	18950	4.800	12600	4.810	5500	/16842781//20061712/4440184/4.75/4.65//2008-9-18 14:20:59
28/600063/皖维高新/4.750	6900	4.730	4605	4.720	2100	4.710	26500	4.700	9000	4.770	1000	4.780	12550	4.800	16200	4.810	5500	4.850	2200	/16842781//20596664/4552579/4.73/4.65//2008-9-18 14:22:0
28/600063/皖维高新/4.780	1100	4.770	13100	4.760	5000	4.750	39296	4.740	1200	4.800	10900	4.810	5500	4.840	8500	4.850	400	4.870	200	/16842781//20851354/4605883/4.8/4.65//2008-9-18 14:23:0
28/600063/皖维高新/4.800	6300	4.780	5100	4.770	13900	4.750	39296	4.740	1200	4.810	700	4.830	16200	4.840	8500	4.850	1400	4.870	27900	/16842781//21087532/4655083/4.8/4.65//2008-9-18 14:24:1
28/600063/皖维高新/4.750	96	4.740	1200	4.730	4605	4.720	600	4.710	6600	4.770	1000	4.790	5600	4.800	48400	4.820	12900	4.840	8500	/16842781//21407628/4722283/4.75/4.65//2008-9-18 14:25:2
28/600063/皖维高新/4.700	5500	4.690	1000	4.680	4000	4.660	500	4.650	1000	4.710	700	4.730	5495	4.740	9300	4.750	33104	4.770	1000	/16842781//21476712/4736884/4.7/4.65//2008-9-18 14:26:2
28/600063/皖维高新/4.690	1000	4.680	4000	4.650	1800	4.640	3000	4.620	2000	4.700	2798	4.710	100	4.720	1000	4.730	7495	4.740	9300	/16842781//21550038/4752484/4.7/4.65//2008-9-18 14:27:3
28/600063/皖维高新/4.680	4500	4.650	1800	4.640	3000	4.620	2000	4.610	16700	4.700	298	4.710	300	4.720	1000	4.730	7495	4.740	9300	/16842781//21612832/4765884/4.69/4.65//2008-9-18 14:28:4
28/600063/皖维高新/4.650	34500	4.640	3000	4.620	2000	4.610	16700	4.600	23700	4.680	11000	4.700	1698	4.710	800	4.730	11695	4.740	3300	/16842781//21719680/4788784/4.65/4.65//2008-9-18 14:29:4
28/600063/皖维高新/4.670	9900	4.660	2500	4.650	64600	4.640	3000	4.620	4400	4.680	1000	4.700	298	4.710	800	4.730	11695	4.740	3300	/16842781//21741200/4793384/4.67/4.65//2008-9-18 14:30:5
28/600063/皖维高新/4.660	4400	4.650	200	4.640	3000	4.620	4400	4.610	16700	4.700	298	4.710	800	4.730	11695	4.740	3300	4.750	37104	/16842781//22261748/4905084/4.66/4.65//2008-9-18 14:31:6
28/600063/皖维高新/4.690	1800	4.670	1000	4.660	4900	4.650	4200	4.640	7600	4.700	3598	4.710	800	4.720	4000	4.730	11695	4.750	37404	/16842781//22233746/4899084/4.69/4.65//2008-9-18 14:32:6
28/600063/皖维高新/4.690	12100	4.670	9200	4.660	10400	4.650	6200	4.640	7600	4.700	800	4.710	700	4.720	4200	4.730	11695	4.750	37404	/16842781//22252066/4902984/4.7/4.65//2008-9-18 14:33:7
28/600063/皖维高新/4.700	3000	4.690	1200	4.670	1000	4.660	10400	4.650	6200	4.710	200	4.730	4000	4.750	38404	4.770	21000	4.790	27100	/16842781//22401570/4934679/4.71/4.65//2008-9-18 14:34:8
28/600063/皖维高新/4.730	3000	4.710	1500	4.700	3600	4.690	1300	4.680	300	4.740	4300	4.750	38904	4.770	21000	4.790	27100	4.800	46900	/16842781//22469166/4948979/4.74/4.65//2008-9-18 14:35:8
28/600063/皖维高新/4.710	1500	4.700	3600	4.690	1300	4.680	20300	4.670	1100	4.730	3400	4.740	41200	4.750	38904	4.770	21000	4.790	29300	/16842781//22559146/4967979/4.74/4.65//2008-9-18 14:36:9
28/600063/皖维高新/4.690	1300	4.680	20300	4.670	1100	4.660	9900	4.650	6200	4.700	16300	4.710	15500	4.730	33400	4.740	46500	4.750	38904	/16842781//22583130/4973079/4.7/4.65//2008-9-18 14:37:10
28/600063/皖维高新/4.660	5900	4.650	8200	4.640	4700	4.630	500	4.620	2500	4.680	2000	4.690	12300	4.700	19200	4.710	8500	4.730	23400	/16842781//22607506/4978279/4.67/4.65//2008-9-18 14:38:10
28/600063/皖维高新/4.640	4600	4.630	500	4.620	2500	4.610	17200	4.600	24000	4.650	2000	4.660	900	4.670	5800	4.680	6500	4.690	2300	/16842781//22675948/4992979/4.65/4.65//2008-9-18 14:39:11
28/600063/皖维高新/4.640	2400	4.630	2500	4.620	5100	4.610	17200	4.600	24000	4.650	2248	4.660	900	4.670	5800	4.680	6100	4.690	2800	/16842781//22688940/4995779/4.64/4.65//2008-9-18 14:40:12
28/600063/皖维高新/4.630	4100	4.620	8100	4.610	17200	4.600	24000	4.560	18700	4.640	100	4.650	22248	4.660	900	4.670	5200	4.680	6100	/16842781//22701928/4998579/4.63/4.65//2008-9-18 14:41:12
28/600063/皖维高新/4.610	29700	4.600	2900	4.560	19700	4.550	1300	4.540	8000	4.630	1599	4.640	4400	4.650	1650	4.660	900	4.670	5200	/16842781//23114922/5088179/4.61/4.65//2008-9-18 14:42:13
28/600063/皖维高新/4.630	2701	4.620	3000	4.610	32100	4.600	10000	4.560	21300	4.650	1650	4.660	900	4.670	5200	4.680	6100	4.690	3000	/16842781//23054558/5075078/4.63/4.65//2008-9-18 14:43:14
28/600063/皖维高新/4.650	7650	4.640	1000	4.630	2601	4.620	14600	4.610	25800	4.660	900	4.670	5200	4.680	6100	4.690	3000	4.700	9600	/16842781//23071292/5078678/4.65/4.65//2008-9-18 14:44:14
28/600063/皖维高新/4.650	2300	4.630	2401	4.620	11600	4.610	11500	4.600	10000	4.660	41800	4.670	3900	4.680	1100	4.690	3000	4.700	9600	/16842781//23154000/5096428/4.66/4.65//2008-9-18 14:45:15
28/600063/皖维高新/4.610	1500	4.600	9400	4.560	21300	4.550	1300	4.540	8000	4.620	1800	4.630	5799	4.650	5700	4.660	31400	4.670	3200	/16842781//23247474/5116629/4.62/4.65//2008-9-18 14:46:16
28/600063/皖维高新/4.570	1000	4.560	20300	4.550	1300	4.540	8000	4.530	13500	4.600	2400	4.610	1900	4.620	23200	4.630	3699	4.640	20000	/16842781//23417424/5153529/4.6/4.65//2008-9-18 14:47:16
28/600063/皖维高新/4.570	1300	4.560	19900	4.550	1300	4.540	8000	4.530	13500	4.600	13400	4.610	20000	4.620	23200	4.630	3699	4.640	21100	/16842781//23366764/5142529/4.57/4.65//2008-9-18 14:48:17
28/600063/皖维高新/4.560	1500	4.550	800	4.540	22500	4.530	13500	4.520	200	4.570	3199	4.590	1000	4.600	3400	4.610	1200	4.620	23200	/16842781//23491346/5169829/4.56/4.65//2008-9-18 14:49:18
28/600063/皖维高新/4.550	8201	4.540	24500	4.530	13500	4.520	200	4.510	34900	4.600	3400	4.610	1200	4.620	23200	4.630	200	4.650	2800	/16842781//23524208/5177028/4.55/4.65//2008-9-18 14:50:18
28/600063/皖维高新/4.560	1100	4.550	17801	4.540	17000	4.530	13500	4.520	200	4.570	400	4.580	1000	4.600	4700	4.610	600	4.620	23200	/16842781//23582476/5189828/4.56/4.65//2008-9-18 14:51:19
28/600063/皖维高新/4.580	3200	4.570	1400	4.560	2100	4.550	19801	4.540	17000	4.600	1000	4.610	700	4.620	22200	4.630	200	4.650	3400	/16842781//23596704/5192928/4.6/4.65//2008-9-18 14:52:20
28/600063/皖维高新/4.560	13600	4.550	23801	4.540	12000	4.530	13500	4.520	200	4.600	8700	4.610	2400	4.620	18200	4.630	500	4.650	3400	/16842781//23663490/5207528/4.6/4.65//2008-9-18 14:53:21
28/600063/皖维高新/4.600	2100	4.570	5700	4.560	13800	4.550	33101	4.540	11000	4.610	2300	4.620	18300	4.630	300	4.650	3400	4.660	14800	/16842781//23705818/5216728/4.61/4.65//2008-9-18 14:54:21
28/600063/皖维高新/4.600	2000	4.580	5800	4.570	5700	4.560	13700	4.550	32901	4.610	10000	4.620	18300	4.630	300	4.650	3500	4.660	14800	/16842781//23774018/5231528/4.6/4.65//2008-9-18 14:55:22
28/600063/皖维高新/4.600	19900	4.580	5800	4.570	5700	4.560	13700	4.550	30401	4.610	10000	4.620	18300	4.630	4300	4.650	4600	4.660	14800	/16842781//23775858/5231928/4.6/4.65//2008-9-18 14:56:23
28/600063/皖维高新/4.610	68000	4.600	19300	4.580	5800	4.570	5700	4.560	13700	4.620	19300	4.630	4300	4.650	6600	4.660	14800	4.670	3200	/16842781//23889676/5256628/4.61/4.65//2008-9-18 14:57:23
28/600063/皖维高新/4.610	48400	4.600	19300	4.580	5800	4.570	5700	4.560	13700	4.620	14800	4.630	4300	4.650	7600	4.660	17900	4.670	3200	/16842781//23918312/5262828/4.61/4.65//2008-9-18 14:58:24
28/600063/皖维高新/4.620	14100	4.610	20500	4.600	16300	4.580	5800	4.570	5700	4.640	8900	4.650	26600	4.660	17900	4.670	3200	4.680	3100	/16842781//24241908/5332928/4.62/4.65//2008-9-18 14:59:25
28/600063/皖维高新/4.620	11002	4.610	20500	4.600	17300	4.580	5800	4.570	5700	4.630	2100	4.640	12100	4.650	25600	4.660	17900	4.670	3200	/16842781//24267330/5338426/4.62/4.65//2008-9-18 15:0:26
28/600063/皖维高新/4.620	11002	4.610	20500	4.600	17300	4.580	5800	4.570	5700	4.630	2100	4.640	12100	4.650	25600	4.660	17900	4.670	3200	/16842781//24267330/5338426/4.62/4.65//2008-9-18 15:1:26
28/600063/皖维高新/4.620	11002	4.610	20500	4.600	17300	4.580	5800	4.570	5700	4.630	2100	4.640	12100	4.650	25600	4.660	17900	4.670	3200	/16842781//24267330/5338426/4.62/4.65//2008-9-18 15:2:27
