38/600074/中达股份/3.240	21100	3.210	2000	3.200	7300	3.190	2800	3.180	64100	3.250	28300	3.260	7900	3.270	11900	3.280	28500	3.290	10800	/16842792//1864140/580200/3.24/3.28//2008-9-18 9:31:34
38/600074/中达股份/3.280	16200	3.270	7000	3.250	25000	3.210	5000	3.200	3000	3.290	12300	3.300	125200	3.310	40500	3.320	18321	3.330	6600	/16842792//2711517/840700/3.28/3.28//2008-9-18 9:32:35
38/600074/中达股份/3.250	17700	3.210	5000	3.200	13900	3.180	77400	3.170	131900	3.270	19700	3.280	55200	3.290	70800	3.300	94300	3.310	40500	/16842792//3036802/940000/3.27/3.28//2008-9-18 9:33:35
38/600074/中达股份/3.220	200	3.210	37000	3.200	3900	3.180	76500	3.170	123300	3.240	500	3.250	30000	3.270	22600	3.280	64100	3.290	67700	/16842792//3398324/1050900/3.25/3.28//2008-9-18 9:34:35
38/600074/中达股份/3.250	21400	3.240	185600	3.220	100	3.210	38200	3.200	26800	3.270	26800	3.280	60450	3.290	73700	3.300	150200	3.310	40000	/16842792//3717082/1149200/3.25/3.28//2008-9-18 9:35:35
38/600074/中达股份/3.280	4650	3.270	38500	3.260	100	3.250	44200	3.240	190600	3.290	4200	3.300	150300	3.310	40000	3.320	16721	3.330	2600	/16842792//4431311/1366950/3.28/3.28//2008-9-18 9:36:36
38/600074/中达股份/3.280	1000	3.270	550	3.260	2700	3.250	50200	3.240	190600	3.290	72400	3.300	121800	3.310	45000	3.320	16821	3.330	8000	/16842792//5030215/1548950/3.29/3.28//2008-9-18 9:37:36
38/600074/中达股份/3.270	45050	3.260	1200	3.250	93000	3.240	186600	3.230	3100	3.280	27900	3.290	100600	3.300	136100	3.310	47000	3.320	20121	/16842792//5305139/1633050/3.28/3.28//2008-9-18 9:38:36
38/600074/中达股份/3.260	4900	3.250	93600	3.240	191600	3.230	3000	3.220	5600	3.270	37450	3.280	73989	3.290	94200	3.300	140900	3.310	47000	/16842792//5647256/1737700/3.26/3.28//2008-9-18 9:39:36
38/600074/中达股份/3.270	15700	3.260	45600	3.250	137300	3.240	191600	3.230	8000	3.280	7600	3.290	90800	3.300	146300	3.310	49000	3.320	24821	/16842792//6082524/1870700/3.28/3.28//2008-9-18 9:40:36
38/600074/中达股份/3.290	11600	3.280	1400	3.270	15500	3.260	48600	3.250	145700	3.300	169500	3.310	49000	3.320	24221	3.330	16700	3.340	17900	/16842792//6906072/2121500/3.29/3.28//2008-9-18 9:41:37
38/600074/中达股份/3.280	73610	3.270	8200	3.260	18700	3.250	146200	3.240	7000	3.290	13800	3.300	178700	3.310	49300	3.320	23071	3.330	16700	/16842792//7707762/2365190/3.29/3.28//2008-9-18 9:42:37
38/600074/中达股份/3.280	100	3.260	2100	3.250	141420	3.240	8600	3.230	3000	3.290	368400	3.300	124100	3.310	47300	3.320	30171	3.330	18700	/16842792//8472248/2597980/3.29/3.28//2008-9-18 9:43:37
38/600074/中达股份/3.260	89100	3.250	95620	3.240	38600	3.230	3200	3.220	7600	3.280	166600	3.290	295600	3.300	195300	3.310	7300	3.320	20550	/16842792//9268210/2840180/3.26/3.28//2008-9-18 9:44:37
38/600074/中达股份/3.270	14000	3.260	18800	3.250	67620	3.240	33000	3.230	13200	3.280	197900	3.290	94900	3.300	195400	3.310	7400	3.320	21550	/16842792//9640468/2954080/3.27/3.28//2008-9-18 9:45:37
38/600074/中达股份/3.250	55720	3.240	33300	3.230	13200	3.220	4800	3.210	9000	3.260	152700	3.270	3300	3.280	29100	3.290	47800	3.300	195600	/16842792//10512238/3220380/3.26/3.28//2008-9-18 9:46:38
38/600074/中达股份/3.240	33000	3.230	18200	3.220	4800	3.210	9000	3.200	52000	3.250	20001	3.260	10800	3.270	3300	3.280	33200	3.290	49500	/16842792//11124934/3408600/3.25/3.28//2008-9-18 9:47:38
38/600074/中达股份/3.240	499	3.230	41200	3.220	4800	3.210	18100	3.200	63500	3.250	1100	3.260	13800	3.270	25300	3.280	33200	3.290	53300	/16842792//11473147/3515901/3.24/3.28//2008-9-18 9:48:38
38/600074/中达股份/3.250	21500	3.240	20399	3.230	49400	3.220	9600	3.210	25700	3.270	22300	3.280	40700	3.290	49300	3.300	178900	3.310	13900	/16842792//11915962/3652001/3.27/3.28//2008-9-18 9:49:39
38/600074/中达股份/3.270	18700	3.260	17700	3.250	24800	3.240	21499	3.230	49400	3.280	33700	3.290	51600	3.300	200600	3.310	15900	3.320	22650	/16842792//12024884/3685301/3.28/3.28//2008-9-18 9:50:39
38/600074/中达股份/3.260	29100	3.250	31800	3.240	20999	3.230	20400	3.220	9700	3.270	16600	3.280	60300	3.290	54600	3.300	202900	3.310	15900	/16842792//12122353/3715101/3.26/3.28//2008-9-18 9:51:39
38/600074/中达股份/3.250	13000	3.240	19599	3.230	19400	3.220	9700	3.210	25400	3.260	6200	3.270	46790	3.280	61900	3.290	74500	3.300	205200	/16842792//12510332/3834101/3.25/3.28//2008-9-18 9:52:39
38/600074/中达股份/3.230	11400	3.220	9700	3.210	25400	3.200	84100	3.190	24900	3.240	8301	3.250	83800	3.260	12900	3.270	8190	3.280	62919	/16842792//12594297/3860000/3.24/3.28//2008-9-18 9:53:40
38/600074/中达股份/3.230	1900	3.220	12300	3.210	30400	3.200	86000	3.190	24900	3.240	7701	3.250	51500	3.260	13700	3.270	10990	3.280	76219	/16842792//12755526/3909800/3.23/3.28//2008-9-18 9:54:40
38/600074/中达股份/3.220	24900	3.210	44400	3.200	65300	3.190	24700	3.180	92100	3.230	51500	3.240	23501	3.250	53000	3.260	13700	3.270	4800	/16842792//12804493/3925000/3.22/3.28//2008-9-18 9:55:40
38/600074/中达股份/3.220	29100	3.210	66800	3.200	70400	3.190	25300	3.180	95000	3.230	3600	3.240	19601	3.250	53200	3.260	11100	3.270	4800	/16842792//12972753/3977100/3.23/3.28//2008-9-18 9:56:41
38/600074/中达股份/3.230	14200	3.220	23200	3.210	65500	3.200	76900	3.190	25300	3.240	1601	3.250	53200	3.260	11100	3.270	2800	3.280	92419	/16842792//13091236/4013800/3.23/3.28//2008-9-18 9:57:41
38/600074/中达股份/3.240	23699	3.230	24200	3.220	24600	3.210	65500	3.200	81400	3.250	20390	3.260	11100	3.270	4200	3.280	94500	3.290	128000	/16842792//13133295/4026801/3.24/3.28//2008-9-18 9:58:41
38/600074/中达股份/3.220	23100	3.210	52300	3.200	93400	3.190	24800	3.180	96500	3.230	701	3.240	3000	3.250	17990	3.260	11100	3.270	27500	/16842792//13332388/4088300/3.23/3.28//2008-9-18 9:59:41
38/600074/中达股份/3.230	10200	3.220	15499	3.210	51500	3.200	91400	3.190	24800	3.240	8700	3.250	15190	3.260	15500	3.270	27100	3.280	98000	/16842792//13429845/4118501/3.24/3.28//2008-9-18 10:0:42
38/600074/中达股份/3.220	30799	3.210	38700	3.200	91700	3.190	27300	3.180	96500	3.230	800	3.240	31600	3.250	26990	3.260	14800	3.270	27100	/16842792//13612971/4175301/3.22/3.28//2008-9-18 10:1:42
38/600074/中达股份/3.240	6200	3.220	2400	3.210	36199	3.200	97100	3.190	27300	3.250	26590	3.260	17900	3.270	24800	3.280	100300	3.290	134000	/16842792//13918019/4269801/3.24/3.23//2008-9-18 10:2:42
38/600074/中达股份/3.230	300	3.220	16300	3.210	42499	3.200	107500	3.190	27300	3.240	36200	3.250	34590	3.260	20700	3.270	30450	3.280	100300	/16842792//13989012/4291801/3.23/3.23//2008-9-18 10:3:42
38/600074/中达股份/3.210	54299	3.200	111200	3.190	30300	3.180	67300	3.170	181300	3.220	21300	3.230	19819	3.240	43500	3.250	44290	3.260	20700	/16842792//14066948/4316001/3.22/3.23//2008-9-18 10:4:43
38/600074/中达股份/3.200	89500	3.190	27300	3.180	68500	3.170	180500	3.160	1000	3.210	61401	3.220	75000	3.230	12519	3.240	46500	3.250	38190	/16842792//14363247/4408300/3.21/3.23//2008-9-18 10:5:43
38/600074/中达股份/3.160	1000	3.150	26000	3.140	1300	3.130	2700	3.120	43000	3.170	11100	3.200	163200	3.210	66901	3.220	60300	3.230	10519	/16842792//15568420/4786700/3.17/3.23//2008-9-18 10:6:43
38/600074/中达股份/3.130	1900	3.120	18700	3.110	13400	3.100	45500	3.090	3700	3.150	78900	3.160	3100	3.170	2100	3.180	15500	3.190	36450	/16842792//15914362/4896700/3.15/3.23//2008-9-18 10:7:44
38/600074/中达股份/3.170	9700	3.160	22200	3.150	142100	3.140	20400	3.130	41100	3.180	9500	3.190	26700	3.200	162300	3.210	9600	3.220	22100	/16842792//16330398/5028700/3.18/3.23//2008-9-18 10:8:44
38/600074/中达股份/3.170	35000	3.160	146100	3.150	118300	3.140	17000	3.130	41200	3.180	700	3.190	26700	3.200	165800	3.210	10700	3.220	22100	/16842792//16873634/5200500/3.17/3.23//2008-9-18 10:9:44
38/600074/中达股份/3.190	10800	3.180	28800	3.170	51400	3.160	113800	3.150	123800	3.200	160600	3.210	10700	3.220	22800	3.230	20019	3.240	41000	/16842792//17086698/5267300/3.19/3.23//2008-9-18 10:10:44
38/600074/中达股份/3.190	35300	3.180	32000	3.170	57400	3.160	111400	3.150	146700	3.200	161000	3.210	8900	3.220	22800	3.230	24119	3.240	41000	/16842792//0/0/3.19/3.23//2008-9-18 10:11:45
38/600074/中达股份/3.180	36100	3.170	53400	3.160	76800	3.150	151500	3.140	15500	3.190	8600	3.200	22700	3.210	8900	3.220	22800	3.230	24119	/16842792//18128424/5593500/3.19/3.23//2008-9-18 10:12:45
38/600074/中达股份/3.200	1001	3.190	11500	3.180	36000	3.170	53400	3.160	66700	3.210	15600	3.220	22800	3.230	24119	3.240	19100	3.250	71790	/16842792//18362812/5666699/3.21/3.23//2008-9-18 10:13:45
38/600074/中达股份/3.190	6600	3.180	54000	3.170	53900	3.160	67800	3.150	161000	3.200	42199	3.210	28900	3.220	22800	3.230	24219	3.240	19100	/16842792//18414294/5682800/3.19/3.23//2008-9-18 10:14:46
38/600074/中达股份/3.180	52300	3.170	50900	3.160	189400	3.150	170200	3.140	15500	3.190	59000	3.200	33799	3.210	3100	3.220	23100	3.230	24219	/16842792//18443300/5691900/3.18/3.23//2008-9-18 10:15:46
38/600074/中达股份/3.190	14700	3.180	61400	3.170	52600	3.160	188900	3.150	170400	3.200	41899	3.210	3400	3.220	23100	3.230	24219	3.240	17100	/16842792//18709866/5775500/3.19/3.23//2008-9-18 10:16:46
38/600074/中达股份/3.200	5701	3.190	11900	3.180	2200	3.170	26900	3.160	127300	3.210	3400	3.220	23100	3.230	24219	3.240	17100	3.250	63890	/16842792//19194064/5927499/3.2/3.23//2008-9-18 10:17:47
38/600074/中达股份/3.210	1000	3.200	701	3.190	3900	3.180	3100	3.170	43100	3.220	22400	3.230	27219	3.240	18100	3.250	63890	3.260	7800	/16842792//19389288/5988399/3.22/3.23//2008-9-18 10:18:47
38/600074/中达股份/3.210	8800	3.200	7701	3.190	3900	3.180	19400	3.170	38400	3.220	9600	3.230	27219	3.240	12900	3.250	72390	3.260	7800	/16842792//19456858/6009399/3.22/3.23//2008-9-18 10:19:47
38/600074/中达股份/3.190	3900	3.180	15000	3.170	38800	3.160	126400	3.150	166800	3.200	2100	3.210	12400	3.220	24699	3.230	36119	3.240	11400	/16842792//19604548/6055500/3.2/3.23//2008-9-18 10:20:48
38/600074/中达股份/3.190	3000	3.180	128400	3.170	39600	3.160	126400	3.150	167800	3.200	2200	3.210	14100	3.220	28899	3.230	36119	3.240	13400	/16842792//19692922/6083200/3.19/3.23//2008-9-18 10:21:48
38/600074/中达股份/3.200	12600	3.190	18400	3.180	77900	3.170	65800	3.160	124400	3.210	3700	3.220	25899	3.230	36119	3.240	13400	3.250	112090	/16842792//19737512/6097100/3.21/3.23//2008-9-18 10:22:48
38/600074/中达股份/3.210	5052	3.200	11600	3.190	17200	3.180	78900	3.170	85800	3.220	8599	3.230	39119	3.240	14400	3.250	108390	3.260	11800	/16842792//19898658/6147248/3.21/3.23//2008-9-18 10:23:48
38/600074/中达股份/3.200	5952	3.190	24300	3.180	17900	3.170	92500	3.160	124300	3.210	48000	3.220	18999	3.230	38219	3.240	17300	3.250	108490	/16842792//19947072/6162348/3.21/3.23//2008-9-18 10:24:49
38/600074/中达股份/3.190	12100	3.180	21000	3.170	86400	3.160	122900	3.150	141900	3.200	6848	3.210	61500	3.220	20099	3.230	38219	3.240	17300	/16842792//20009872/6182000/3.19/3.23//2008-9-18 10:25:49
38/600074/中达股份/3.170	112500	3.160	122700	3.150	164800	3.140	15500	3.130	20900	3.190	1100	3.200	25048	3.210	18500	3.220	15599	3.230	38019	/16842792//20190614/6238700/3.2/3.23//2008-9-18 10:26:49
38/600074/中达股份/3.180	8000	3.170	90200	3.160	122700	3.150	179100	3.140	15900	3.190	13500	3.200	16000	3.210	33500	3.220	15799	3.230	37919	/16842792//20267510/6262900/3.18/3.23//2008-9-18 10:27:50
38/600074/中达股份/3.180	51600	3.170	94900	3.160	122700	3.150	180100	3.140	15900	3.190	18500	3.200	17000	3.210	17100	3.220	46300	3.230	37919	/16842792//20420258/6310900/3.19/3.23//2008-9-18 10:28:50
38/600074/中达股份/3.180	64900	3.170	94800	3.160	117200	3.150	181100	3.140	15900	3.190	11600	3.200	6500	3.210	18100	3.220	46300	3.230	37919	/16842792//20461408/6323800/3.19/3.23//2008-9-18 10:29:50
38/600074/中达股份/3.180	31100	3.170	54800	3.160	117300	3.150	176100	3.140	15900	3.190	4900	3.200	7500	3.210	3300	3.220	46300	3.230	37919	/16842792//20599188/6367100/3.18/3.23//2008-9-18 10:30:51
38/600074/中达股份/3.170	20400	3.160	117300	3.150	181800	3.140	15900	3.130	31500	3.180	5600	3.190	23000	3.200	43600	3.210	3300	3.220	46300	/16842792//20893338/6459700/3.19/3.23//2008-9-18 10:31:51
38/600074/中达股份/3.160	114200	3.150	158900	3.140	15500	3.130	26000	3.120	36200	3.170	3700	3.180	5500	3.190	23000	3.200	43600	3.210	3300	/16842792//21066428/6514200/3.17/3.23//2008-9-18 10:32:51
38/600074/中达股份/3.180	1000	3.170	22200	3.160	104400	3.150	162900	3.140	15500	3.190	21500	3.200	43600	3.210	5300	3.220	46300	3.230	43919	/16842792//21134048/6535500/3.17/3.23//2008-9-18 10:33:52
38/600074/中达股份/3.190	12600	3.180	4800	3.170	40800	3.160	103900	3.150	163000	3.200	65400	3.210	18700	3.220	46600	3.230	43919	3.240	18300	/16842792//21160194/6543700/3.19/3.23//2008-9-18 10:34:52
38/600074/中达股份/3.180	13000	3.170	40800	3.160	103800	3.150	162400	3.140	15800	3.190	13700	3.200	47000	3.210	18700	3.220	46600	3.230	43919	/16842792//21269198/6577800/3.19/3.23//2008-9-18 10:35:52
38/600074/中达股份/3.180	100	3.170	41300	3.160	103800	3.150	162300	3.140	15800	3.190	13300	3.200	50100	3.210	20000	3.220	46600	3.230	43919	/16842792//21315324/6592300/3.18/3.23//2008-9-18 10:36:53
38/600074/中达股份/3.170	32300	3.160	107800	3.150	162900	3.140	16600	3.130	32300	3.180	77500	3.190	13500	3.200	51100	3.210	23800	3.220	47300	/16842792//21436344/6630400/3.18/3.23//2008-9-18 10:37:53
38/600074/中达股份/3.170	46500	3.160	107800	3.150	162600	3.140	21600	3.130	54500	3.180	32800	3.190	15600	3.200	55000	3.210	23800	3.220	50200	/16842792//21498592/6650000/3.17/3.23//2008-9-18 10:38:53
38/600074/中达股份/3.170	73000	3.160	107800	3.150	163200	3.140	20000	3.130	61300	3.180	37400	3.190	15600	3.200	55000	3.210	23800	3.220	50200	/16842792//21755086/6730900/3.17/3.23//2008-9-18 10:39:54
38/600074/中达股份/3.170	68500	3.160	109000	3.150	164600	3.140	20000	3.130	66300	3.180	22900	3.190	14800	3.200	55000	3.210	23800	3.220	50200	/16842792//21866002/6765800/3.17/3.23//2008-9-18 10:40:54
38/600074/中达股份/3.170	67400	3.160	110000	3.150	164600	3.140	20000	3.130	73000	3.180	65300	3.190	20600	3.200	55000	3.210	23800	3.220	50900	/16842792//21904160/6777800/3.17/3.23//2008-9-18 10:41:54
38/600074/中达股份/3.170	5600	3.160	110000	3.150	164600	3.140	20000	3.130	73200	3.190	10500	3.200	55000	3.210	23800	3.220	50900	3.230	43919	/16842792//22135704/6850800/3.17/3.23//2008-9-18 10:42:55
38/600074/中达股份/3.160	111500	3.150	164600	3.140	20000	3.130	73200	3.120	49500	3.170	39000	3.180	10100	3.190	8500	3.200	55000	3.210	23800	/16842792//22186746/6866900/3.17/3.23//2008-9-18 10:43:55
38/600074/中达股份/3.160	52700	3.150	164300	3.140	20000	3.130	75700	3.120	48500	3.170	30000	3.180	10100	3.190	10389	3.200	55000	3.210	23800	/16842792//22429932/6943800/3.16/3.23//2008-9-18 10:44:56
38/600074/中达股份/3.150	54400	3.140	9800	3.130	75700	3.120	49400	3.110	35900	3.160	93591	3.170	29500	3.180	28100	3.190	4489	3.200	55000	/16842792//22952862/7109600/3.15/3.23//2008-9-18 10:45:56
38/600074/中达股份/3.130	68500	3.120	52700	3.110	35900	3.100	143000	3.090	16200	3.140	108000	3.150	155600	3.160	10700	3.170	13400	3.180	28100	/16842792//23199212/7187900/3.13/3.23//2008-9-18 10:46:56
38/600074/中达股份/3.110	48700	3.100	151700	3.090	16200	3.080	23000	3.070	10300	3.120	25000	3.130	33291	3.140	39500	3.150	132300	3.160	5000	/16842792//23624134/7323800/3.12/3.23//2008-9-18 10:47:57
38/600074/中达股份/3.100	142990	3.090	10200	3.080	23000	3.070	10300	3.060	14400	3.110	63800	3.120	26300	3.130	15691	3.140	33500	3.150	117800	/16842792//23890858/7409610/3.1/3.23//2008-9-18 10:48:57
38/600074/中达股份/3.090	10100	3.080	25500	3.070	10300	3.060	17700	3.050	83900	3.100	38110	3.110	32800	3.120	25050	3.130	14091	3.140	34400	/16842792//24585672/7633700/3.1/3.23//2008-9-18 10:49:57
38/600074/中达股份/3.090	6500	3.080	38800	3.070	10300	3.060	15000	3.050	88900	3.100	33600	3.110	25200	3.120	5750	3.130	13691	3.140	32400	/16842792//24920886/7742000/3.09/3.23//2008-9-18 10:50:58
38/600074/中达股份/3.090	109774	3.080	45900	3.070	10300	3.060	17800	3.050	80600	3.100	28800	3.110	10000	3.120	5750	3.130	28891	3.140	32400	/16842792//25049906/7783726/3.1/3.23//2008-9-18 10:51:58
38/600074/中达股份/3.110	5300	3.100	2900	3.090	111835	3.080	57500	3.070	10300	3.120	5550	3.130	28891	3.140	34200	3.150	51700	3.160	5000	/16842792//25483890/7923665/3.11/3.23//2008-9-18 10:52:58
38/600074/中达股份/3.110	1900	3.100	39400	3.090	110235	3.080	81900	3.070	10800	3.120	2550	3.130	31191	3.140	34200	3.150	49200	3.160	5000	/16842792//25593194/7958715/3.11/3.23//2008-9-18 10:53:59
38/600074/中达股份/3.120	6800	3.110	3700	3.100	41900	3.090	109235	3.080	84200	3.130	24741	3.140	28800	3.150	46500	3.160	1000	3.170	5100	/16842792//25690526/7989865/3.12/3.23//2008-9-18 10:54:59
38/600074/中达股份/3.110	3400	3.100	62700	3.090	110735	3.080	85300	3.070	10800	3.120	60200	3.130	26041	3.140	28800	3.150	46500	3.160	1000	/16842792//25756132/8010865/3.12/3.23//2008-9-18 10:56:0
38/600074/中达股份/3.100	51000	3.090	116735	3.080	86200	3.070	10800	3.060	32600	3.110	11600	3.120	68400	3.130	28641	3.140	28800	3.150	47500	/16842792//25779138/8018265/3.1/3.23//2008-9-18 10:57:0
38/600074/中达股份/3.090	114435	3.080	86000	3.070	10300	3.060	33100	3.050	92500	3.100	24498	3.110	11541	3.120	68300	3.130	26800	3.140	28800	/16842792//25977280/8082165/3.1/3.23//2008-9-18 10:58:0
38/600074/中达股份/3.090	88994	3.080	72200	3.070	10300	3.060	39900	3.050	92100	3.100	25698	3.110	1400	3.120	68300	3.130	26800	3.140	28800	/16842792//26111082/8125406/3.09/3.23//2008-9-18 10:59:1
38/600074/中达股份/3.090	28594	3.080	73900	3.070	10300	3.060	40600	3.050	91600	3.100	34898	3.110	1400	3.120	66600	3.130	23800	3.140	28800	/16842792//26346590/8201606/3.09/3.23//2008-9-18 11:0:1
38/600074/中达股份/3.080	81894	3.070	10300	3.060	40600	3.050	91200	3.040	28600	3.090	11000	3.100	28698	3.110	7900	3.120	66800	3.130	24600	/16842792//26489030/8247706/3.08/3.23//2008-9-18 11:1:2
38/600074/中达股份/3.080	19813	3.070	10300	3.060	37500	3.050	91200	3.040	8600	3.100	38898	3.110	7900	3.120	56400	3.130	24700	3.140	28300	/16842792//26965006/8401987/3.08/3.23//2008-9-18 11:2:2
38/600074/中达股份/3.050	40000	3.040	8600	3.030	6500	3.020	42400	3.010	159600	3.060	42000	3.070	38200	3.080	41587	3.090	4000	3.100	25998	/16842792//27293428/8509400/3.05/3.23//2008-9-18 11:3:2
38/600074/中达股份/3.030	25500	3.020	64300	3.010	158600	3.000	260700	2.990	42500	3.040	9900	3.050	56100	3.060	38600	3.070	21000	3.080	33387	/16842792//27418150/8550300/3.04/3.23//2008-9-18 11:4:3
38/600074/中达股份/3.020	72800	3.010	163000	3.000	278100	2.990	42800	2.980	37600	3.030	44500	3.040	200	3.050	48700	3.060	38600	3.070	21000	/16842792//27710058/8646600/3.03/3.23//2008-9-18 11:5:3
38/600074/中达股份/3.040	27200	3.030	10900	3.020	80400	3.010	154500	3.000	287300	3.050	26000	3.060	38600	3.070	20000	3.080	32487	3.090	5000	/16842792//28357946/8861000/3.04/3.23//2008-9-18 11:6:4
38/600074/中达股份/3.050	127800	3.040	61400	3.030	97400	3.020	97200	3.010	196700	3.060	22900	3.070	20000	3.080	32487	3.090	5000	3.100	18898	/16842792//28604808/8941900/3.06/3.23//2008-9-18 11:7:4
38/600074/中达股份/3.080	49613	3.070	36000	3.060	71200	3.050	98000	3.040	47200	3.090	3900	3.100	16698	3.110	8300	3.120	54200	3.130	24700	/16842792//28806168/9007487/3.08/3.23//2008-9-18 11:8:4
38/600074/中达股份/3.070	28400	3.060	62800	3.050	56700	3.040	23100	3.030	81000	3.080	9987	3.090	10000	3.100	4498	3.110	21148	3.120	54200	/16842792//29086340/9098300/3.08/3.23//2008-9-18 11:9:5
38/600074/中达股份/3.080	25113	3.070	1700	3.060	41800	3.050	32800	3.040	18100	3.090	41700	3.100	28298	3.110	21148	3.120	2100	3.130	24700	/16842792//29253534/9152687/3.08/3.23//2008-9-18 11:10:5
38/600074/中达股份/3.060	47400	3.050	31800	3.040	18300	3.030	82500	3.020	111200	3.070	107587	3.080	24619	3.090	11300	3.100	28298	3.110	19948	/16842792//29465408/9221600/3.07/3.23//2008-9-18 11:11:6
38/600074/中达股份/3.040	4700	3.030	55300	3.020	93300	3.010	182600	3.000	244100	3.050	10000	3.060	49600	3.070	107887	3.080	19319	3.090	1900	/16842792//29928816/9373600/3.04/3.23//2008-9-18 11:12:6
38/600074/中达股份/3.030	100	3.020	2600	3.010	155100	3.000	237000	2.990	46300	3.050	17700	3.060	45400	3.070	101087	3.080	14019	3.090	7400	/16842792//30667052/9617800/3.01/3.23//2008-9-18 11:13:7
38/600074/中达股份/3.030	23600	3.020	144100	3.010	168500	3.000	253100	2.990	46300	3.040	800	3.050	18200	3.060	55400	3.070	101087	3.080	14019	/16842792//30714908/9633600/3.04/3.23//2008-9-18 11:14:7
38/600074/中达股份/3.040	59600	3.030	41200	3.020	148500	3.010	167400	3.000	285000	3.050	6200	3.060	36100	3.070	100387	3.080	14019	3.090	7400	/16842792//30751696/9645700/3.05/3.23//2008-9-18 11:15:7
38/600074/中达股份/3.040	28500	3.030	47700	3.020	164400	3.010	176500	3.000	289300	3.060	28600	3.070	100387	3.080	9619	3.090	7400	3.100	27298	/16842792//30883460/9689000/3.04/3.23//2008-9-18 11:16:8
38/600074/中达股份/3.060	100	3.050	10200	3.040	32400	3.030	44500	3.020	166700	3.070	73187	3.080	9619	3.090	7400	3.100	27198	3.110	10800	/16842792//31088644/9756000/3.05/3.23//2008-9-18 11:17:8
38/600074/中达股份/3.040	42500	3.030	58400	3.020	168100	3.010	167500	3.000	316800	3.050	3600	3.060	5800	3.070	73487	3.080	9619	3.090	7400	/16842792//31148428/9775600/3.05/3.23//2008-9-18 11:18:9
38/600074/中达股份/3.050	3600	3.040	45600	3.030	58600	3.020	167500	3.010	168500	3.060	4600	3.070	73487	3.080	9619	3.090	7400	3.100	27198	/16842792//31225920/9801000/3.06/3.23//2008-9-18 11:19:9
38/600074/中达股份/3.060	9900	3.050	8400	3.040	35700	3.030	55600	3.020	168500	3.070	73287	3.080	9619	3.090	7400	3.100	29198	3.110	20800	/16842792//31408240/9860700/3.06/3.23//2008-9-18 11:20:10
38/600074/中达股份/3.050	5300	3.040	36700	3.030	57400	3.020	168600	3.010	164600	3.060	10200	3.070	76087	3.080	9619	3.090	7400	3.100	25198	/16842792//31455058/9876000/3.05/3.23//2008-9-18 11:21:10
38/600074/中达股份/3.050	12900	3.040	33800	3.030	57700	3.020	169500	3.010	163600	3.060	14400	3.070	46087	3.080	10619	3.090	22000	3.100	25198	/16842792//31586624/9918900/3.06/3.23//2008-9-18 11:22:10
38/600074/中达股份/3.050	5100	3.040	33800	3.030	59200	3.020	157500	3.010	161800	3.060	10800	3.070	46087	3.080	10619	3.090	22000	3.100	17898	/16842792//31685002/9951100/3.05/3.23//2008-9-18 11:23:11
38/600074/中达股份/3.040	16400	3.030	59200	3.020	156900	3.010	162000	3.000	299300	3.050	13037	3.060	10800	3.070	30300	3.080	10619	3.090	22000	/16842792//31762918/9976700/3.05/3.23//2008-9-18 11:24:11
38/600074/中达股份/3.030	54200	3.020	155300	3.010	162000	3.000	302700	2.990	54000	3.040	1037	3.050	1000	3.060	10200	3.070	33800	3.080	10619	/16842792//31904568/10023200/3.04/3.23//2008-9-18 11:25:12
38/600074/中达股份/3.040	25700	3.030	105890	3.020	155200	3.010	168300	3.000	303900	3.050	1700	3.060	6237	3.070	37900	3.080	10619	3.090	22000	/16842792//31982118/10048710/3.03/3.23//2008-9-18 11:26:12
38/600074/中达股份/3.040	22895	3.030	107290	3.020	147200	3.010	170500	3.000	305800	3.050	3300	3.060	13337	3.070	44300	3.080	15619	3.090	17000	/16842792//32033848/10065715/3.04/3.23//2008-9-18 11:27:13
38/600074/中达股份/3.040	13796	3.030	107290	3.020	147100	3.010	175000	3.000	297300	3.050	4000	3.060	24137	3.070	42300	3.080	15619	3.090	18000	/16842792//32098724/10087014/3.04/3.23//2008-9-18 11:28:13
38/600074/中达股份/3.030	104290	3.020	152400	3.010	175700	3.000	295800	2.990	54000	3.040	80804	3.050	34100	3.060	23937	3.070	38300	3.080	15619	/16842792//32327492/10162210/3.03/3.23//2008-9-18 11:29:14
38/600074/中达股份/3.030	1190	3.020	151100	3.010	176800	3.000	277600	2.990	54000	3.040	77304	3.050	31700	3.060	14637	3.070	34800	3.080	15619	/16842792//32662630/10272810/3.03/3.23//2008-9-18 11:30:14
38/600074/中达股份/3.030	1190	3.020	151100	3.010	176800	3.000	277600	2.990	54000	3.040	77304	3.050	31700	3.060	14637	3.070	34800	3.080	15619	/16842792//32662630/10272810/3.03/3.23//2008-9-18 11:31:15
38/600074/中达股份/3.000	46600	2.990	67600	2.980	117000	2.970	32000	2.960	259100	3.010	18600	3.020	5400	3.030	20500	3.040	78404	3.050	20200	/16842792//34164672/10772100/3.01/3.23//2008-9-18 13:1:15
38/600074/中达股份/3.000	4200	2.980	2700	2.970	41200	2.960	257600	2.950	606000	3.010	1810	3.020	5400	3.030	20500	3.040	78404	3.050	20200	/16842792//34910868/11021600/3.0/3.23//2008-9-18 13:2:16
38/600074/中达股份/2.970	83100	2.960	144500	2.950	683200	0.000	0	0.000	0	3.000	10000	3.010	1610	3.020	6400	3.030	14000	3.040	2200	/16842792//35441360/11200500/2.97/3.23//2008-9-18 13:3:16
38/600074/中达股份/2.980	500	2.970	115350	2.960	189600	2.950	725300	0.000	0	3.000	129500	3.010	810	3.020	6400	3.030	14000	3.040	2200	/16842792//35506632/11222350/2.97/3.23//2008-9-18 13:4:17
38/600074/中达股份/2.970	155250	2.960	203900	2.950	698400	0.000	0	0.000	0	2.980	35700	3.000	119800	3.010	810	3.020	6400	3.030	14500	/16842792//35672816/11278050/2.98/3.23//2008-9-18 13:5:17
38/600074/中达股份/2.980	12300	2.970	145150	2.960	215900	2.950	757700	0.000	0	2.990	20000	3.000	129400	3.010	810	3.020	6400	3.030	14400	/16842792//35847596/11336750/2.98/3.23//2008-9-18 13:6:18
38/600074/中达股份/2.980	39100	2.970	145250	2.960	210200	2.950	770600	0.000	0	2.990	24000	3.000	149400	3.010	810	3.020	6400	3.030	14300	/16842792//35887364/11350050/2.99/3.23//2008-9-18 13:7:18
38/600074/中达股份/2.990	500	2.980	46500	2.970	139950	2.960	216100	2.950	815900	3.000	143900	3.010	810	3.020	6400	3.030	14300	3.040	3000	/16842792//35989524/11384250/2.98/3.23//2008-9-18 13:8:19
38/600074/中达股份/2.990	2200	2.980	42100	2.970	147950	2.960	220700	2.950	825100	3.000	146800	3.010	810	3.020	6400	3.030	14300	3.040	3000	/16842792//36078204/11413950/2.99/3.23//2008-9-18 13:9:19
38/600074/中达股份/2.980	52800	2.970	146950	2.960	234500	2.950	801200	0.000	0	3.000	146400	3.010	810	3.020	6400	3.030	14300	3.040	3000	/16842792//36306544/11490150/2.99/3.23//2008-9-18 13:10:20
38/600074/中达股份/2.990	11500	2.980	72500	2.970	147550	2.960	242000	2.950	803100	3.000	146100	3.010	810	3.020	6400	3.030	14300	3.040	3000	/16842792//36299964/11487950/3.0/3.23//2008-9-18 13:11:20
38/600074/中达股份/2.990	1100	2.980	67600	2.970	148450	2.960	248900	2.950	800000	3.000	138500	3.010	810	3.020	6400	3.030	14300	3.040	3000	/16842792//36349064/11504350/3.0/3.23//2008-9-18 13:12:21
38/600074/中达股份/2.990	8200	2.980	75600	2.970	131150	2.960	257900	2.950	844100	3.000	117600	3.010	810	3.020	6400	3.030	14300	3.040	9400	/16842792//36400056/11521350/3.0/3.23//2008-9-18 13:13:21
38/600074/中达股份/2.990	14700	2.980	109600	2.970	130150	2.960	272200	2.950	847800	3.000	120104	3.010	810	3.020	9200	3.030	14300	3.040	9400	/16842792//36486576/11550250/3.0/3.23//2008-9-18 13:14:22
38/600074/中达股份/2.990	31500	2.980	109700	2.970	130050	2.960	271100	2.950	863200	3.000	132204	3.010	810	3.020	9200	3.030	14300	3.040	2200	/16842792//36541976/11568750/3.0/3.23//2008-9-18 13:15:22
38/600074/中达股份/2.990	69800	2.980	104000	2.970	128050	2.960	278900	2.950	855600	3.000	129504	3.010	810	3.020	9200	3.030	14300	3.040	2200	/16842792//36557860/11574050/3.0/3.23//2008-9-18 13:16:23
38/600074/中达股份/2.990	55900	2.980	123000	2.970	124750	2.960	278400	2.950	848100	3.000	107604	3.010	810	3.020	9200	3.030	14300	3.040	2200	/16842792//36648420/11604250/3.0/3.23//2008-9-18 13:17:23
38/600074/中达股份/3.000	24196	2.990	38200	2.980	130800	2.970	113150	2.960	280100	3.010	1610	3.020	9600	3.030	13800	3.040	2200	3.050	2600	/16842792//36991868/11718754/3.01/3.23//2008-9-18 13:18:24
38/600074/中达股份/3.010	16967	3.000	33896	2.990	49600	2.980	129900	2.970	111950	3.020	3900	3.030	13800	3.040	2200	3.050	2600	3.060	6237	/16842792//37025660/11729987/3.01/3.23//2008-9-18 13:19:24
38/600074/中达股份/3.020	20700	3.010	31267	3.000	43296	2.990	33700	2.980	131500	3.030	1000	3.040	2200	3.050	2600	3.060	6237	3.070	32700	/16842792//37091292/11751687/3.03/3.23//2008-9-18 13:20:25
38/600074/中达股份/3.040	300	3.030	32900	3.020	21300	3.010	30767	3.000	40296	3.050	2600	3.060	31237	3.070	32700	3.080	36419	3.090	34000	/16842792//37113160/11758887/3.04/3.23//2008-9-18 13:21:25
38/600074/中达股份/3.050	29590	3.040	1100	3.030	16600	3.020	7500	3.010	14267	3.060	18237	3.070	29700	3.080	36419	3.090	19400	3.100	49198	/16842792//37205516/11789097/3.06/3.23//2008-9-18 13:22:26
38/600074/中达股份/3.060	9500	3.050	17103	3.040	600	3.030	14600	3.020	7500	3.070	22900	3.080	31419	3.090	20400	3.100	46998	3.110	20600	/16842792//37427520/11861684/3.07/3.23//2008-9-18 13:23:26
38/600074/中达股份/3.070	12500	3.060	29700	3.050	17703	3.040	700	3.030	11500	3.080	15719	3.090	20400	3.100	44298	3.110	20600	3.120	13500	/16842792//37613704/11922284/3.07/3.23//2008-9-18 13:24:27
38/600074/中达股份/3.060	17700	3.050	10803	3.040	300	3.030	1500	3.020	1700	3.070	600	3.080	18100	3.090	37904	3.100	44798	3.110	21300	/16842792//37762592/11970684/3.08/3.23//2008-9-18 13:25:27
38/600074/中达股份/3.060	3800	3.050	12403	3.040	30300	3.030	1500	3.020	3700	3.070	156000	3.080	15500	3.090	36904	3.100	48698	3.110	28600	/16842792//37919612/12021884/3.06/3.23//2008-9-18 13:26:28
38/600074/中达股份/3.050	11903	3.040	200	3.030	1500	3.020	4000	3.010	17467	3.060	3800	3.070	140600	3.080	16800	3.090	36904	3.100	48398	/16842792//37987524/12044084/3.06/3.23//2008-9-18 13:27:28
38/600074/中达股份/3.040	200	3.030	3300	3.020	4000	3.010	68467	3.000	28600	3.050	77497	3.060	4400	3.070	140600	3.080	12200	3.090	36904	/16842792//38095316/12079387/3.05/3.23//2008-9-18 13:28:29
38/600074/中达股份/3.030	10700	3.020	14700	3.010	68467	3.000	45400	2.990	26500	3.040	800	3.050	78697	3.060	14100	3.070	600	3.080	14100	/16842792//38119052/12087187/3.04/3.23//2008-9-18 13:29:29
38/600074/中达股份/3.020	37900	3.010	67467	3.000	48300	2.990	19600	2.980	136300	3.030	22200	3.040	17600	3.050	78097	3.060	14100	3.070	600	/16842792//38171800/12104587/3.03/3.23//2008-9-18 13:30:30
38/600074/中达股份/3.020	31100	3.010	17467	3.000	43300	2.990	21300	2.980	136600	3.030	4800	3.040	3200	3.050	78897	3.060	14100	3.070	600	/16842792//38245360/12128887/3.03/3.23//2008-9-18 13:31:30
38/600074/中达股份/3.040	6000	3.030	55200	3.020	33300	3.010	17467	3.000	43400	3.050	4397	3.060	4400	3.070	600	3.080	13600	3.090	36904	/16842792//38507192/12214787/3.05/3.23//2008-9-18 13:32:31
38/600074/中达股份/3.070	30400	3.060	41800	3.050	92603	3.040	19900	3.030	29300	3.080	8700	3.090	21400	3.100	48998	3.110	23600	3.120	13900	/16842792//38555620/12230584/3.08/3.23//2008-9-18 13:33:31
38/600074/中达股份/3.080	130900	3.070	31700	3.060	37300	3.050	86503	3.040	19900	3.090	3500	3.100	44098	3.110	23600	3.120	15900	3.130	38100	/16842792//38638036/12257284/3.09/3.23//2008-9-18 13:34:32
38/600074/中达股份/3.110	18600	3.100	87402	3.090	9700	3.080	52500	3.070	11800	3.120	3600	3.130	35200	3.140	32400	3.150	36200	3.160	52600	/16842792//38867868/12331282/3.12/3.23//2008-9-18 13:35:32
38/600074/中达股份/3.110	8000	3.100	12402	3.090	9500	3.080	49800	3.070	1800	3.120	115919	3.130	36200	3.140	50400	3.150	20600	3.160	53000	/16842792//39339452/12482982/3.11/3.23//2008-9-18 13:36:33
38/600074/中达股份/3.090	5500	3.080	25100	3.070	1800	3.060	10700	3.050	39300	3.100	154598	3.110	37904	3.120	10619	3.130	35600	3.140	59548	/16842792//39426452/12510984/3.1/3.23//2008-9-18 13:37:34
38/600074/中达股份/3.080	5600	3.070	1800	3.060	110700	3.050	48100	3.040	16500	3.090	88800	3.100	108598	3.110	24300	3.120	10800	3.130	35600	/16842792//39582156/12561384/3.09/3.23//2008-9-18 13:38:34
38/600074/中达股份/3.080	13500	3.070	7300	3.060	110700	3.050	58100	3.040	16200	3.090	21700	3.100	8898	3.110	17900	3.120	7800	3.130	35800	/16842792//39814440/12636584/3.09/3.23//2008-9-18 13:39:35
38/600074/中达股份/3.090	12000	3.080	25000	3.070	22800	3.060	116900	3.050	59600	3.100	3398	3.110	17900	3.120	21100	3.130	36100	3.140	41100	/16842792//39883960/12659084/3.09/3.23//2008-9-18 13:40:35
38/600074/中达股份/3.100	602	3.090	3581	3.080	24000	3.070	25800	3.060	117200	3.120	6800	3.130	36100	3.140	41100	3.150	23100	3.160	54500	/16842792//40033576/12707301/3.11/3.23//2008-9-18 13:41:36
38/600074/中达股份/3.100	3002	3.090	6881	3.080	23000	3.070	25800	3.060	117200	3.120	6300	3.130	35800	3.140	41100	3.150	25500	3.160	55700	/16842792//40151096/12745201/3.11/3.23//2008-9-18 13:42:36
38/600074/中达股份/3.110	11800	3.100	15902	3.090	5881	3.080	21700	3.070	27300	3.120	8900	3.130	36000	3.140	41100	3.150	26000	3.160	55700	/16842792//40180360/12754601/3.12/3.23//2008-9-18 13:43:37
38/600074/中达股份/3.110	2500	3.100	15102	3.090	5881	3.080	30200	3.070	17300	3.120	14004	3.130	36000	3.140	35800	3.150	26700	3.160	55700	/16842792//40473528/12848901/3.12/3.23//2008-9-18 13:44:37
38/600074/中达股份/3.120	1700	3.110	15500	3.100	35102	3.090	5881	3.080	29800	3.130	24604	3.140	35800	3.150	47100	3.160	55900	3.170	27400	/16842792//40591336/12886601/3.12/3.23//2008-9-18 13:45:38
38/600074/中达股份/3.120	3500	3.110	21600	3.100	38602	3.090	5881	3.080	29800	3.130	21304	3.140	35800	3.150	47100	3.160	55900	3.170	26400	/16842792//40805404/12955201/3.12/3.23//2008-9-18 13:46:39
38/600074/中达股份/3.130	14096	3.120	28300	3.110	20800	3.100	39602	3.090	5681	3.140	35800	3.150	46200	3.160	55900	3.170	26400	3.180	22800	/16842792//40892996/12983205/3.13/3.23//2008-9-18 13:47:39
38/600074/中达股份/3.130	44196	3.120	160900	3.110	12500	3.100	39202	3.090	8781	3.150	29100	3.160	55900	3.170	12100	3.180	22800	3.190	14989	/16842792//41195488/13079605/3.15/3.23//2008-9-18 13:48:40
38/600074/中达股份/3.120	81896	3.110	7500	3.100	38202	3.090	9600	3.080	33800	3.130	500	3.140	748	3.150	23819	3.160	55900	3.170	9100	/16842792//41720612/13247205/3.14/3.23//2008-9-18 13:49:40
38/600074/中达股份/3.110	6800	3.100	38302	3.090	8600	3.080	33800	3.070	20100	3.120	7904	3.130	26900	3.140	14748	3.150	28419	3.160	55900	/16842792//42014264/13341301/3.12/3.23//2008-9-18 13:50:41
38/600074/中达股份/3.100	18602	3.090	12600	3.080	35700	3.070	21100	3.060	27900	3.110	34300	3.120	94300	3.130	24700	3.140	14748	3.150	32919	/16842792//42076144/13361201/3.11/3.23//2008-9-18 13:51:41
38/600074/中达股份/3.090	6900	3.080	40300	3.070	17700	3.060	26100	3.050	46400	3.100	119498	3.110	57600	3.120	63300	3.130	26700	3.140	11548	/16842792//42171568/13392003/3.1/3.23//2008-9-18 13:52:42
38/600074/中达股份/3.080	32200	3.070	17200	3.060	26100	3.050	47700	3.040	15300	3.090	108404	3.100	127398	3.110	32800	3.120	18800	3.130	24700	/16842792//42254716/13418903/3.08/3.23//2008-9-18 13:53:42
38/600074/中达股份/3.080	14100	3.070	18800	3.060	21100	3.050	68200	3.040	16800	3.090	108804	3.100	125098	3.110	30400	3.120	20800	3.130	18700	/16842792//42342204/13447303/3.08/3.23//2008-9-18 13:54:43
38/600074/中达股份/3.070	6700	3.060	27000	3.050	72300	3.040	16800	3.030	20900	3.080	6900	3.090	104104	3.100	125098	3.110	30400	3.120	20800	/16842792//42493916/13496603/3.08/3.23//2008-9-18 13:55:44
38/600074/中达股份/3.080	19000	3.070	20700	3.060	27000	3.050	72700	3.040	21900	3.090	86104	3.100	124098	3.110	30400	3.120	20800	3.130	18500	/16842792//42590732/13528003/3.09/3.23//2008-9-18 13:56:44
38/600074/中达股份/3.080	33800	3.070	27700	3.060	38200	3.050	75500	3.040	22100	3.090	16304	3.100	123998	3.110	13800	3.120	7800	3.130	18500	/16842792//42815960/13600903/3.09/3.23//2008-9-18 13:57:45
38/600074/中达股份/3.090	44996	3.080	27800	3.070	27700	3.060	44600	3.050	75500	3.100	64298	3.110	13800	3.120	7800	3.130	20100	3.140	597117	/16842792//43045796/13675107/3.1/3.23//2008-9-18 13:58:45
38/600074/中达股份/3.100	3902	3.090	31596	3.080	26800	3.070	23900	3.060	44600	3.110	4000	3.120	17800	3.130	24700	3.140	597417	3.150	31219	/16842792//43279732/13750603/3.1/3.23//2008-9-18 13:59:46
38/600074/中达股份/3.100	22702	3.090	29296	3.080	25300	3.070	18600	3.060	42000	3.110	20500	3.120	17800	3.130	32600	3.140	597417	3.150	31719	/16842792//43289984/13753905/3.1/3.23//2008-9-18 14:0:47
38/600074/中达股份/3.100	7802	3.090	28396	3.080	23300	3.070	8600	3.060	46000	3.110	19600	3.120	20200	3.130	39600	3.140	310118	3.150	30719	/16842792//43339316/13769805/3.1/3.23//2008-9-18 14:1:47
38/600074/中达股份/3.080	22100	3.070	13600	3.060	46000	3.050	86200	3.040	25100	3.090	50404	3.100	84998	3.110	21600	3.120	21200	3.130	32900	/16842792//43453728/13806803/3.09/3.23//2008-9-18 14:2:48
38/600074/中达股份/3.070	13100	3.060	43000	3.050	71200	3.040	25100	3.030	22800	3.080	8600	3.090	71104	3.100	23798	3.110	14100	3.120	21700	/16842792//43520880/13828603/3.08/3.23//2008-9-18 14:3:48
38/600074/中达股份/3.060	44000	3.050	59800	3.040	22100	3.030	22800	3.020	16200	3.070	38700	3.080	37400	3.090	71104	3.100	14598	3.110	12300	/16842792//43576444/13846703/3.07/3.23//2008-9-18 14:4:49
38/600074/中达股份/3.060	50200	3.050	59800	3.040	22100	3.030	20500	3.020	17200	3.070	18000	3.080	36600	3.090	17400	3.100	9498	3.110	12300	/16842792//43710852/13890503/3.06/3.23//2008-9-18 14:5:50
38/600074/中达股份/3.080	43000	3.070	45100	3.060	43100	3.050	70500	3.040	22100	3.090	14900	3.100	9498	3.110	12300	3.120	36300	3.130	32300	/16842792//43871376/13942703/3.09/3.23//2008-9-18 14:6:50
38/600074/中达股份/3.100	14902	3.090	39000	3.080	44500	3.070	34100	3.060	30000	3.110	4700	3.120	35300	3.130	32300	3.140	363318	3.150	80719	/16842792//43990960/13981301/3.11/3.23//2008-9-18 14:7:51
38/600074/中达股份/3.110	16500	3.100	5702	3.090	34000	3.080	51700	3.070	25600	3.120	21000	3.130	28100	3.140	362318	3.150	80719	3.160	118300	/16842792//44036328/13995901/3.11/3.23//2008-9-18 14:8:51
38/600074/中达股份/3.120	53101	3.110	30200	3.100	14602	3.090	84000	3.080	31300	3.130	9100	3.140	357918	3.150	89719	3.160	118300	3.170	59700	/16842792//44140988/14029400/3.13/3.23//2008-9-18 14:9:52
38/600074/中达股份/3.140	15400	3.130	500	3.120	16900	3.110	10000	3.100	11002	3.150	69219	3.160	115600	3.170	60700	3.180	119099	3.190	35089	/16842792//44602736/14176600/3.14/3.23//2008-9-18 14:10:53
38/600074/中达股份/3.150	2581	3.140	16800	3.130	1000	3.120	17900	3.110	10000	3.160	115400	3.170	60700	3.180	123099	3.190	35089	3.200	94505	/16842792//44899220/14270719/3.16/3.23//2008-9-18 14:11:53
38/600074/中达股份/3.150	11981	3.140	15900	3.130	53900	3.120	15100	3.110	9600	3.160	2900	3.170	12700	3.180	32700	3.190	35089	3.200	87505	/16842792//45148684/14349719/3.15/3.23//2008-9-18 14:12:54
38/600074/中达股份/3.170	3700	3.160	8600	3.150	27781	3.140	16900	3.130	52900	3.180	5600	3.190	36089	3.200	95805	3.210	2000	3.220	15100	/16842792//45542512/14474019/3.17/3.23//2008-9-18 14:13:55
38/600074/中达股份/3.170	3800	3.160	11200	3.150	25381	3.140	16500	3.130	53500	3.180	11900	3.190	36489	3.200	114705	3.210	2000	3.220	15100	/16842792//45584076/14487119/3.17/3.23//2008-9-18 14:14:55
38/600074/中达股份/3.150	27481	3.140	17800	3.130	3500	3.120	16100	3.110	10700	3.160	47500	3.170	39000	3.180	32800	3.190	47189	3.200	113705	/16842792//45712528/14527719/3.15/3.23//2008-9-18 14:15:56
38/600074/中达股份/3.140	15800	3.130	3500	3.120	20600	3.110	10700	3.100	11500	3.150	20019	3.160	52200	3.170	31700	3.180	17500	3.190	44989	/16842792//45846392/14570200/3.15/3.23//2008-9-18 14:16:56
38/600074/中达股份/3.150	30200	3.140	11381	3.130	3500	3.120	21100	3.110	10700	3.160	36700	3.170	29500	3.180	17100	3.190	44989	3.200	117505	/16842792//45963596/14607419/3.16/3.23//2008-9-18 14:17:57
38/600074/中达股份/3.170	11000	3.160	92300	3.150	41800	3.140	13381	3.130	3100	3.180	5700	3.190	45389	3.200	115305	3.210	3600	3.220	52300	/16842792//46243116/14695719/3.16/3.23//2008-9-18 14:18:58
38/600074/中达股份/3.190	47700	3.180	38800	3.170	22000	3.160	72200	3.150	13900	3.200	79294	3.210	3600	3.220	52300	3.230	13300	3.240	24200	/16842792//46471368/14767219/3.2/3.23//2008-9-18 14:19:58
38/600074/中达股份/3.220	8500	3.210	29200	3.200	139100	3.190	58900	3.180	27600	3.230	13300	3.240	54900	3.250	105100	3.260	50105	3.270	12000	/16842792//47010452/14935519/3.22/3.23//2008-9-18 14:20:59
38/600074/中达股份/3.240	6300	3.230	33000	3.220	13200	3.210	37400	3.200	98000	3.250	101200	3.260	53100	3.270	10000	3.280	89608	3.290	36900	/16842792//47246596/15008419/3.25/3.23//2008-9-18 14:22:0
38/600074/中达股份/3.250	26300	3.240	2600	3.230	25400	3.220	23700	3.210	26600	3.260	49200	3.270	11400	3.280	101900	3.290	36900	3.300	227300	/16842792//47850480/15194419/3.25/3.23//2008-9-18 14:23:0
38/600074/中达股份/3.260	8800	3.250	69700	3.240	6000	3.230	21000	3.220	23500	3.270	17100	3.280	89500	3.290	29200	3.300	232400	3.310	34400	/16842792//48367096/15353119/3.26/3.23//2008-9-18 14:24:1
38/600074/中达股份/3.260	50300	3.250	73600	3.240	3800	3.230	21000	3.220	23200	3.270	56400	3.280	104500	3.290	68400	3.300	172100	3.310	34400	/16842792//48766088/15475019/3.27/3.23//2008-9-18 14:25:2
38/600074/中达股份/3.250	48200	3.240	3900	3.230	16500	3.220	22200	3.210	15300	3.260	121613	3.270	82200	3.280	98700	3.290	67900	3.300	176100	/16842792//49318248/15644219/3.25/3.23//2008-9-18 14:26:2
38/600074/中达股份/3.230	6200	3.220	18000	3.210	15300	3.200	81600	3.190	9100	3.240	37500	3.250	122599	3.260	93713	3.270	29300	3.280	96900	/16842792//49616604/15736119/3.23/3.23//2008-9-18 14:27:3
38/600074/中达股份/3.210	13800	3.200	33700	3.190	9100	3.180	11500	3.170	14100	3.220	51200	3.230	74700	3.240	81000	3.250	55900	3.260	84900	/16842792//49784156/15788119/3.21/3.23//2008-9-18 14:28:4
38/600074/中达股份/3.190	9600	3.180	14500	3.170	16300	3.160	12400	3.150	33700	3.200	26200	3.210	40199	3.220	87200	3.230	52700	3.240	35900	/16842792//49967104/15845219/3.2/3.23//2008-9-18 14:29:4
38/600074/中达股份/3.190	7700	3.180	3500	3.170	16300	3.160	14900	3.150	50700	3.200	22700	3.210	23599	3.220	80300	3.230	42200	3.240	14800	/16842792//50298412/15948819/3.2/3.23//2008-9-18 14:30:5
38/600074/中达股份/3.190	6000	3.180	36000	3.170	26500	3.160	13900	3.150	48700	3.200	34100	3.210	11099	3.220	128800	3.230	43700	3.240	6100	/16842792//50487936/16008119/3.2/3.23//2008-9-18 14:31:6
38/600074/中达股份/3.210	15800	3.200	9900	3.190	44800	3.180	58000	3.170	38800	3.220	121599	3.230	4600	3.240	6100	3.250	87500	3.260	50100	/16842792//50731496/16084119/3.21/3.23//2008-9-18 14:32:6
38/600074/中达股份/3.210	14100	3.200	26400	3.190	36800	3.180	58500	3.170	39300	3.220	95799	3.230	13100	3.240	6100	3.250	87600	3.260	46800	/16842792//50856720/16123019/3.22/3.23//2008-9-18 14:33:7
38/600074/中达股份/3.230	100	3.220	60600	3.210	46600	3.200	25700	3.190	35800	3.250	81299	3.260	42200	3.270	28200	3.280	121900	3.290	78900	/16842792//51413848/16296019/3.22/3.23//2008-9-18 14:34:8
38/600074/中达股份/3.240	47900	3.230	19000	3.220	42800	3.210	45400	3.200	26000	3.250	75299	3.260	32200	3.270	37100	3.280	131900	3.290	76300	/16842792//51607580/16355819/3.24/3.23//2008-9-18 14:35:8
38/600074/中达股份/3.240	2800	3.230	18500	3.220	34100	3.210	43400	3.200	28800	3.250	46999	3.260	21000	3.270	37300	3.280	134400	3.290	76300	/16842792//51979536/16470519/3.24/3.23//2008-9-18 14:36:9
38/600074/中达股份/3.220	14400	3.210	43400	3.200	24700	3.190	13600	3.180	40000	3.230	63800	3.240	63100	3.250	63699	3.260	20800	3.270	37300	/16842792//52190536/16535719/3.23/3.23//2008-9-18 14:37:10
38/600074/中达股份/3.200	5300	3.190	13600	3.180	44600	3.170	38800	3.160	41800	3.210	6600	3.220	24100	3.230	88700	3.240	28500	3.250	60399	/16842792//52508888/16634819/3.2/3.23//2008-9-18 14:38:10
38/600074/中达股份/3.200	300	3.190	39400	3.180	49600	3.170	38900	3.160	41800	3.210	56400	3.220	40000	3.230	87700	3.240	47800	3.250	62399	/16842792//52774280/16717419/3.2/3.23//2008-9-18 14:39:11
38/600074/中达股份/3.200	18800	3.190	2200	3.180	50100	3.170	38800	3.160	47600	3.210	59700	3.220	40300	3.230	73600	3.240	48300	3.250	56799	/16842792//53276712/16874520/3.2/3.23//2008-9-18 14:40:12
38/600074/中达股份/3.180	56800	3.170	19600	3.160	156400	3.150	121100	3.140	48881	3.190	21100	3.200	104900	3.210	11800	3.220	41800	3.230	59000	/16842792//53339224/16894120/3.19/3.23//2008-9-18 14:41:12
38/600074/中达股份/3.180	6481	3.170	52000	3.160	156400	3.150	125100	3.140	48881	3.190	10300	3.200	152900	3.210	11800	3.220	40100	3.230	53000	/16842792//53578852/16969438/3.18/3.23//2008-9-18 14:42:13
38/600074/中达股份/3.170	148600	3.160	153700	3.150	45400	3.140	48881	3.130	3500	3.180	481	3.190	20300	3.200	150900	3.210	11800	3.220	40100	/16842792//53772148/17030220/3.18/3.23//2008-9-18 14:43:14
38/600074/中达股份/3.180	103400	3.170	166619	3.160	48700	3.150	41500	3.140	48881	3.190	5500	3.200	140300	3.210	8500	3.220	8100	3.230	72800	/16842792//53885916/17066000/3.19/3.23//2008-9-18 14:44:14
38/600074/中达股份/3.190	19200	3.180	152400	3.170	164419	3.160	48700	3.150	41500	3.200	131300	3.210	9200	3.220	8700	3.230	74600	3.240	40200	/16842792//53962512/17090000/3.19/3.23//2008-9-18 14:45:15
38/600074/中达股份/3.190	28700	3.180	144500	3.170	68400	3.160	42100	3.150	41500	3.200	47100	3.210	4200	3.220	9700	3.230	65200	3.240	40200	/16842792//54334288/17206200/3.2/3.23//2008-9-18 14:46:16
38/600074/中达股份/3.200	25900	3.190	19900	3.180	25600	3.170	66800	3.160	42100	3.210	14200	3.220	8000	3.230	65800	3.240	40200	3.250	62199	/16842792//54735720/17331700/3.2/3.23//2008-9-18 14:47:16
38/600074/中达股份/3.190	300	3.180	25400	3.170	53900	3.160	41100	3.150	41200	3.200	47975	3.210	21700	3.220	44200	3.230	45800	3.240	40200	/16842792//55121396/17452300/3.19/3.23//2008-9-18 14:48:17
38/600074/中达股份/3.190	40290	3.180	22400	3.170	52900	3.160	39900	3.150	42100	3.200	42800	3.220	1000	3.250	1000	3.260	2000	3.280	128100	/16842792//56666168/17929410/3.19/3.23//2008-9-18 14:49:18
38/600074/中达股份/3.220	700	3.210	1000	3.200	106600	3.190	72590	3.180	22200	3.260	300	3.270	64000	3.280	138300	3.290	46400	3.300	184807	/16842792//56830740/17980810/3.2/3.23//2008-9-18 14:50:18
38/600074/中达股份/3.220	53500	3.210	44500	3.200	133200	3.190	47190	3.180	22100	3.250	35100	3.260	57800	3.270	147700	3.280	167999	3.290	49200	/16842792//56909804/18005110/3.25/3.23//2008-9-18 14:51:19
38/600074/中达股份/3.230	3200	3.220	48400	3.210	54200	3.200	135000	3.190	44990	3.250	2700	3.260	44500	3.270	127200	3.280	179093	3.290	52500	/16842792//57308052/18127610/3.25/3.23//2008-9-18 14:52:20
38/600074/中达股份/3.230	24900	3.220	65900	3.210	45000	3.200	86900	3.190	46590	3.240	500	3.250	49600	3.260	84400	3.270	153000	3.280	184093	/16842792//57406716/18158010/3.25/3.23//2008-9-18 14:53:21
38/600074/中达股份/3.240	1000	3.230	56200	3.220	65900	3.210	29200	3.200	58000	3.250	48400	3.260	86600	3.270	129700	3.280	195099	3.290	59300	/16842792//57642384/18230710/3.25/3.23//2008-9-18 14:54:21
38/600074/中达股份/3.240	9100	3.230	35400	3.220	65000	3.210	42700	3.200	48800	3.250	104000	3.260	122800	3.270	132800	3.280	192999	3.290	59700	/16842792//57735088/18259310/3.24/3.23//2008-9-18 14:55:22
38/600074/中达股份/3.220	53000	3.210	42700	3.200	38700	3.190	55690	3.180	35500	3.230	3100	3.240	58750	3.250	119905	3.260	126900	3.270	113400	/16842792//57988984/18337810/3.23/3.23//2008-9-18 14:56:23
38/600074/中达股份/3.220	56400	3.210	42700	3.200	32100	3.190	59790	3.180	35500	3.230	1400	3.240	80750	3.250	150005	3.260	92800	3.270	104100	/16842792//58185540/18398610/3.23/3.23//2008-9-18 14:57:23
38/600074/中达股份/3.230	111699	3.210	43200	3.200	34100	3.190	59790	3.180	36500	3.240	85250	3.250	151705	3.260	89600	3.270	105100	3.280	179100	/16842792//58713988/18562312/3.23/3.23//2008-9-18 14:58:24
38/600074/中达股份/3.240	2500	3.230	182199	3.220	8000	3.210	41400	3.200	30600	3.250	98405	3.260	87600	3.270	104600	3.280	181500	3.290	47600	/16842792//59360908/18761912/3.24/3.23//2008-9-18 14:59:25
38/600074/中达股份/3.230	159799	3.220	3000	3.210	41400	3.200	30600	3.190	49690	3.240	122800	3.250	105005	3.260	89400	3.270	104600	3.280	179800	/16842792//59687008/18862612/3.24/3.23//2008-9-18 15:0:26
38/600074/中达股份/3.230	159799	3.220	3000	3.210	41400	3.200	30600	3.190	49690	3.240	122800	3.250	105005	3.260	89400	3.270	104600	3.280	179800	/16842792//59687008/18862612/3.24/3.23//2008-9-18 15:1:26
38/600074/中达股份/3.230	159799	3.220	3000	3.210	41400	3.200	30600	3.190	49690	3.240	122800	3.250	105005	3.260	89400	3.270	104600	3.280	179800	/16842792//59687008/18862612/3.24/3.23//2008-9-18 15:2:27
