6/600007/中国国贸/7.210	4400	7.200	21400	7.150	1400	7.030	500	7.020	100	7.300	4300	7.350	4700	7.370	1900	7.380	5000	7.400	2000	/16842759//310153/42400/7.2/7.44//2008-9-18 9:31:34
6/600007/中国国贸/7.300	13900	7.250	3600	7.240	5500	7.210	20000	7.200	24300	7.350	4700	7.370	1900	7.380	5000	7.400	3500	7.420	10800	/16842759//303782/41500/7.3/7.44//2008-9-18 9:32:35
6/600007/中国国贸/7.320	5500	7.310	4800	7.300	5700	7.250	3600	7.240	5500	7.350	2200	7.370	1900	7.380	2900	7.400	3500	7.420	7800	/16842759//360202/49200/7.35/7.44//2008-9-18 9:33:35
6/600007/中国国贸/7.320	5500	7.310	4800	7.300	5700	7.260	500	7.250	3600	7.350	900	7.370	1900	7.380	2900	7.400	3500	7.420	7800	/16842759//393277/53700/7.35/7.44//2008-9-18 9:34:35
6/600007/中国国贸/7.310	4800	7.300	25700	7.260	7800	7.250	3600	7.240	5000	7.350	7900	7.370	1900	7.380	2900	7.400	3900	7.420	7800	/16842759//397669/54300/7.32/7.44//2008-9-18 9:35:35
6/600007/中国国贸/7.310	5800	7.300	25700	7.260	7800	7.250	3600	7.240	5000	7.320	399	7.350	5700	7.370	1900	7.380	2900	7.400	3900	/16842759//414482/56600/7.31/7.44//2008-9-18 9:36:36
6/600007/中国国贸/7.260	6800	7.250	5000	7.240	5000	7.230	30000	7.220	3200	7.300	26800	7.350	4900	7.370	1900	7.380	3400	7.400	1900	/16842759//655370/89600/7.26/7.44//2008-9-18 9:37:36
6/600007/中国国贸/7.250	2600	7.240	25000	7.230	60000	7.220	2200	7.210	16700	7.300	28400	7.350	4900	7.370	1900	7.380	3400	7.400	1900	/16842759//797313/109100/7.3/7.44//2008-9-18 9:38:36
6/600007/中国国贸/7.250	4800	7.240	25000	7.230	60000	7.220	21200	7.210	16700	7.300	300	7.350	3900	7.370	1900	7.380	3400	7.400	1900	/16842759//1003172/137300/7.3/7.44//2008-9-18 9:39:36
6/600007/中国国贸/7.250	3301	7.240	25000	7.230	60000	7.220	21200	7.210	17300	7.300	5000	7.330	400	7.340	400	7.350	3900	7.370	1900	/16842759//1134016/155298/7.25/7.44//2008-9-18 9:40:36
6/600007/中国国贸/7.280	5500	7.270	5000	7.260	200	7.250	7501	7.240	25000	7.300	9200	7.330	400	7.340	2826	7.350	3900	7.370	1900	/16842759//1095532/149999/7.28/7.44//2008-9-18 9:41:37
6/600007/中国国贸/7.300	5900	7.280	5500	7.270	5000	7.260	1700	7.250	7201	7.330	400	7.340	400	7.350	3900	7.370	1900	7.380	3400	/16842759//1167072/159799/7.3/7.44//2008-9-18 9:42:37
6/600007/中国国贸/7.310	1600	7.300	15275	7.270	5000	7.260	1700	7.250	7201	7.330	2300	7.340	400	7.350	3900	7.370	1900	7.380	3400	/16842759//1176022/161024/7.31/7.44//2008-9-18 9:43:37
6/600007/中国国贸/7.310	19700	7.300	10500	7.270	5000	7.260	1700	7.250	7201	7.330	200	7.340	400	7.350	1400	7.370	1900	7.380	3400	/16842759//1206035/165124/7.31/7.44//2008-9-18 9:44:37
6/600007/中国国贸/7.330	5000	7.310	31100	7.300	500	7.270	5000	7.260	1700	7.340	400	7.350	1400	7.370	1900	7.380	3400	7.400	5200	/16842759//1237472/169424/7.33/7.44//2008-9-18 9:45:37
6/600007/中国国贸/7.330	3700	7.310	30600	7.300	500	7.270	5000	7.260	1700	7.340	400	7.350	1400	7.370	1900	7.380	3400	7.400	5200	/16842759//1247734/170824/7.33/7.44//2008-9-18 9:46:38
6/600007/中国国贸/7.320	1200	7.310	30600	7.300	500	7.270	5000	7.260	1700	7.330	1200	7.340	1200	7.350	1400	7.370	1900	7.380	3400	/16842759//1274855/174524/7.33/7.44//2008-9-18 9:47:38
6/600007/中国国贸/7.320	1100	7.310	30600	7.300	500	7.280	400	7.270	5000	7.330	800	7.340	1200	7.350	1400	7.370	1900	7.380	3400	/16842759//1293178/177024/7.32/7.44//2008-9-18 9:48:38
6/600007/中国国贸/7.320	1800	7.310	30600	7.300	500	7.280	900	7.270	5000	7.330	100	7.340	1200	7.350	2000	7.370	1900	7.380	3400	/16842759//1299773/177924/7.33/7.44//2008-9-18 9:49:39
6/600007/中国国贸/7.330	3900	7.320	1800	7.310	15000	7.300	500	7.280	900	7.340	1200	7.350	2000	7.370	1900	7.380	22900	7.400	5200	/16842759//1315166/180024/7.33/7.44//2008-9-18 9:50:39
6/600007/中国国贸/7.380	1600	7.330	3900	7.320	1800	7.310	15000	7.300	500	7.400	5200	7.420	7800	7.440	200	7.450	11500	7.480	1000	/16842759//1521679/208024/7.38/7.44//2008-9-18 9:51:39
6/600007/中国国贸/7.380	100	7.330	3900	7.310	15000	7.300	500	7.280	900	7.400	6900	7.420	7800	7.440	700	7.450	11500	7.480	1000	/16842759//1579399/215824/7.4/7.44//2008-9-18 9:52:39
6/600007/中国国贸/7.330	1901	7.300	20500	7.280	900	7.270	5000	7.260	1700	7.380	2300	7.390	500	7.400	48000	7.420	7800	7.430	300	/16842759//1573330/215023/7.33/7.44//2008-9-18 9:53:40
6/600007/中国国贸/7.330	701	7.300	20000	7.280	900	7.270	5000	7.260	1700	7.370	2500	7.380	2500	7.390	3500	7.400	8000	7.420	7800	/16842759//1590922/217423/7.33/7.44//2008-9-18 9:54:40
6/600007/中国国贸/7.340	4500	7.330	1201	7.320	300	7.300	20000	7.280	400	7.370	2500	7.380	22500	7.390	23500	7.400	10000	7.420	7800	/16842759//1601944/218923/7.34/7.44//2008-9-18 9:55:40
6/600007/中国国贸/7.340	5000	7.330	1201	7.320	300	7.300	30000	7.280	400	7.370	3300	7.380	23500	7.390	23500	7.400	8200	7.420	7800	/16842759//1604892/219323/7.37/7.44//2008-9-18 9:56:41
6/600007/中国国贸/7.330	1201	7.320	300	7.300	30000	7.280	400	7.270	5000	7.340	2600	7.360	2500	7.370	3300	7.380	23200	7.390	20800	/16842759//1654798/226123/7.34/7.44//2008-9-18 9:57:41
6/600007/中国国贸/7.310	7375	7.300	29401	7.280	400	7.270	9000	7.260	1700	7.340	2600	7.360	2500	7.370	3800	7.380	23200	7.390	20800	/16842759//1660958/226973/7.31/7.44//2008-9-18 9:58:41
6/600007/中国国贸/7.310	5575	7.300	29401	7.280	400	7.270	9000	7.260	1700	7.360	2500	7.370	3800	7.380	23200	7.390	20800	7.400	8300	/16842759//1704754/232948/7.31/7.44//2008-9-18 9:59:41
6/600007/中国国贸/7.320	1200	7.310	7072	7.300	29401	7.280	400	7.270	9000	7.340	2200	7.360	2500	7.370	4100	7.380	23800	7.390	20800	/16842759//1715741/234451/7.31/7.44//2008-9-18 10:0:42
6/600007/中国国贸/7.310	7072	7.300	29601	7.280	400	7.270	9000	7.260	2700	7.320	800	7.340	300	7.360	500	7.370	3800	7.380	23800	/16842759//1740667/237851/7.34/7.44//2008-9-18 10:1:42
6/600007/中国国贸/7.300	29601	7.280	400	7.270	9000	7.260	1700	7.250	5401	7.310	728	7.340	700	7.360	1000	7.370	4100	7.380	23800	/16842759//1804067/246523/7.31/7.31//2008-9-18 10:2:42
6/600007/中国国贸/7.300	29601	7.270	9000	7.260	1700	7.250	5401	7.240	25000	7.310	28	7.340	500	7.350	10000	7.360	1000	7.370	4100	/16842759//1837693/251123/7.31/7.31//2008-9-18 10:3:42
6/600007/中国国贸/7.300	1501	7.270	9000	7.260	1700	7.250	5401	7.240	25000	7.310	528	7.340	500	7.350	10500	7.360	500	7.370	4100	/16842759//2057443/281223/7.3/7.31//2008-9-18 10:4:43
6/600007/中国国贸/7.240	31801	7.230	400	7.220	21200	7.210	18400	7.200	30800	7.270	1000	7.290	100	7.300	11299	7.310	528	7.340	2500	/16842759//2288888/313124/7.24/7.31//2008-9-18 10:5:43
6/600007/中国国贸/7.240	32401	7.230	400	7.220	21200	7.210	17600	7.200	30800	7.270	2500	7.280	300	7.290	1900	7.300	10199	7.310	528	/16842759//2301196/314824/7.24/7.31//2008-9-18 10:6:43
6/600007/中国国贸/7.270	1500	7.250	2400	7.240	33301	7.230	400	7.220	21200	7.280	300	7.290	1900	7.300	10199	7.310	528	7.340	2500	/16842759//2338226/319924/7.27/7.31//2008-9-18 10:7:44
6/600007/中国国贸/7.270	500	7.250	4500	7.240	33301	7.230	400	7.220	21200	7.280	300	7.290	100	7.300	10699	7.310	528	7.340	2500	/16842759//2392691/327424/7.27/7.31//2008-9-18 10:8:44
6/600007/中国国贸/7.260	1700	7.240	33301	7.230	400	7.220	21200	7.210	17600	7.280	300	7.290	100	7.300	10699	7.310	528	7.340	4500	/16842759//2447847/335024/7.26/7.31//2008-9-18 10:9:44
6/600007/中国国贸/7.260	1000	7.250	2000	7.240	27801	7.230	400	7.220	21200	7.290	100	7.300	10699	7.310	528	7.340	4500	7.350	38801	/16842759//2522613/345324/7.24/7.31//2008-9-18 10:10:44
6/600007/中国国贸/7.250	2000	7.240	28301	7.230	400	7.220	21200	7.210	17600	7.260	2727	7.300	799	7.310	528	7.340	4500	7.350	38801	/16842759//2683458/367424/7.26/7.31//2008-9-18 10:11:45
6/600007/中国国贸/7.260	1973	7.250	2000	7.240	28301	7.230	400	7.220	21200	7.300	799	7.310	528	7.340	6500	7.350	38801	7.360	500	/16842759//2703256/370151/7.26/7.31//2008-9-18 10:12:45
6/600007/中国国贸/7.270	200	7.260	2573	7.250	5000	7.240	28301	7.230	8500	7.300	799	7.310	528	7.340	7800	7.350	39301	7.360	500	/16842759//2739561/375151/7.27/7.31//2008-9-18 10:13:45
6/600007/中国国贸/7.270	11000	7.260	3573	7.250	5000	7.240	8301	7.230	8500	7.300	699	7.310	528	7.340	7800	7.350	39301	7.360	500	/16842759//2742475/375551/7.3/7.31//2008-9-18 10:14:46
6/600007/中国国贸/7.270	11000	7.260	3573	7.250	5000	7.240	8301	7.230	18500	7.300	2299	7.310	528	7.340	7800	7.350	39301	7.360	500	/16842759//2751965/376851/7.3/7.31//2008-9-18 10:15:46
6/600007/中国国贸/7.270	11000	7.260	3873	7.250	5000	7.240	8301	7.230	18500	7.300	3799	7.310	528	7.340	7900	7.350	39301	7.360	500	/16842759//2766565/378851/7.3/7.31//2008-9-18 10:16:46
6/600007/中国国贸/7.270	11000	7.260	4873	7.250	5500	7.240	8301	7.230	18500	7.300	2099	7.310	528	7.340	5900	7.350	39301	7.360	500	/16842759//2837275/388551/7.3/7.31//2008-9-18 10:17:47
6/600007/中国国贸/7.280	5000	7.270	1000	7.260	4873	7.250	5500	7.240	8301	7.350	2328	7.360	500	7.370	3100	7.380	29400	7.390	20800	/16842759//3167845/433551/7.35/7.31//2008-9-18 10:18:47
6/600007/中国国贸/7.300	100	7.290	17000	7.280	38400	7.270	1000	7.260	4873	7.350	3628	7.360	2500	7.370	4100	7.380	24700	7.390	20800	/16842759//3167845/433551/7.35/7.31//2008-9-18 10:19:47
6/600007/中国国贸/7.300	100	7.290	47000	7.280	8400	7.270	1000	7.260	4873	7.350	628	7.360	2500	7.370	5100	7.380	25200	7.390	20800	/16842759//3226645/441551/7.35/7.31//2008-9-18 10:20:48
6/600007/中国国贸/7.300	1600	7.290	47000	7.280	8400	7.270	1000	7.260	4873	7.340	500	7.350	7128	7.360	2500	7.370	7100	7.380	25200	/16842759//3227380/441651/7.35/7.31//2008-9-18 10:21:48
6/600007/中国国贸/7.300	1400	7.290	47000	7.280	8400	7.270	1000	7.260	4873	7.350	2628	7.360	2500	7.370	7100	7.380	25200	7.390	20800	/16842759//3285395/449551/7.3/7.31//2008-9-18 10:22:48
6/600007/中国国贸/7.300	4000	7.290	47000	7.280	8400	7.270	1000	7.260	4873	7.350	3728	7.360	2500	7.370	7500	7.380	25200	7.390	20800	/16842759//3291965/450451/7.3/7.31//2008-9-18 10:23:48
6/600007/中国国贸/7.360	5472	7.300	10200	7.290	47000	7.280	8400	7.270	1000	7.380	13300	7.390	20800	7.400	8900	7.420	7500	7.430	1300	/16842759//3472783/474979/7.38/7.31//2008-9-18 10:24:49
6/600007/中国国贸/7.370	5000	7.360	8272	7.300	8100	7.290	17000	7.280	8400	7.400	500	7.420	7500	7.430	1300	7.440	8980	7.450	10990	/16842759//3807457/520279/7.37/7.31//2008-9-18 10:25:49
6/600007/中国国贸/7.380	2400	7.370	5100	7.360	5172	7.300	1200	7.290	5000	7.400	800	7.410	3000	7.420	7500	7.430	3300	7.440	17200	/16842759//3807457/520279/7.37/7.31//2008-9-18 10:26:49
6/600007/中国国贸/7.380	200	7.370	8000	7.360	5172	7.300	4700	7.290	5000	7.400	1000	7.410	3000	7.420	7500	7.430	3300	7.440	12200	/16842759//3881288/530279/7.38/7.31//2008-9-18 10:27:50
6/600007/中国国贸/7.370	4000	7.360	5172	7.300	17800	7.290	5000	7.280	5300	7.380	100	7.390	5000	7.400	26426	7.410	4000	7.420	7500	/16842759//3921825/535779/7.37/7.31//2008-9-18 10:28:50
6/600007/中国国贸/7.370	5000	7.360	5172	7.300	17800	7.290	5000	7.280	5300	7.400	326	7.410	4000	7.420	7500	7.430	3600	7.440	16200	/16842759//4154864/567279/7.4/7.31//2008-9-18 10:29:50
6/600007/中国国贸/7.400	4374	7.380	100	7.370	7000	7.360	5172	7.310	1000	7.410	3400	7.420	7500	7.430	6900	7.440	12200	7.450	11490	/16842759//4169127/569205/7.4/7.31//2008-9-18 10:30:51
6/600007/中国国贸/7.380	100	7.370	2000	7.360	5172	7.310	1000	7.300	1300	7.400	176	7.410	3400	7.420	7500	7.430	6900	7.440	12200	/16842759//4206674/574279/7.4/7.31//2008-9-18 10:31:51
6/600007/中国国贸/7.380	5500	7.370	2000	7.360	5172	7.310	4500	7.300	31300	7.400	12276	7.410	13400	7.420	7500	7.430	6900	7.440	15700	/16842759//4206674/574279/7.4/7.31//2008-9-18 10:32:51
6/600007/中国国贸/7.380	3724	7.370	2000	7.360	5172	7.310	4500	7.300	31300	7.420	7500	7.430	6900	7.440	15700	7.450	11490	7.480	2900	/16842759//4427106/604055/7.38/7.31//2008-9-18 10:33:52
6/600007/中国国贸/7.380	1124	7.370	2000	7.360	5172	7.310	4500	7.300	49000	7.390	1819	7.400	3601	7.410	600	7.420	7500	7.430	7400	/16842759//4446294/606655/7.38/7.31//2008-9-18 10:34:52
6/600007/中国国贸/7.370	4100	7.360	5172	7.310	12100	7.300	49000	7.290	5000	7.380	1076	7.390	2819	7.400	7601	7.410	600	7.420	7500	/16842759//4454589/607779/7.38/7.31//2008-9-18 10:35:52
6/600007/中国国贸/7.370	3424	7.360	5172	7.310	25100	7.300	49000	7.290	5000	7.390	19	7.400	7601	7.410	600	7.420	7500	7.430	7400	/16842759//4520859/616755/7.37/7.31//2008-9-18 10:36:53
6/600007/中国国贸/7.370	5024	7.360	5172	7.340	500	7.330	500	7.320	13000	7.410	420	7.420	7500	7.430	7400	7.440	15700	7.450	3490	/16842759//4578580/624555/7.41/7.31//2008-9-18 10:37:53
6/600007/中国国贸/7.370	5024	7.360	6172	7.340	500	7.330	500	7.320	6000	7.400	2000	7.410	1520	7.420	7500	7.430	7400	7.440	16200	/16842759//4578580/624555/7.41/7.31//2008-9-18 10:38:53
6/600007/中国国贸/7.380	1000	7.370	6024	7.360	6172	7.340	500	7.330	500	7.400	5500	7.410	1520	7.420	8500	7.430	7400	7.440	16200	/16842759//4616320/629655/7.4/7.31//2008-9-18 10:39:54
6/600007/中国国贸/7.400	13100	7.380	2900	7.370	6024	7.360	6172	7.340	500	7.410	3719	7.420	8500	7.430	11400	7.440	16200	7.450	5190	/16842759//4660718/635655/7.4/7.31//2008-9-18 10:40:54
6/600007/中国国贸/7.400	12100	7.380	900	7.370	2324	7.360	6172	7.310	12100	7.410	2719	7.420	8500	7.430	11400	7.440	16200	7.450	6190	/16842759//4674789/637555/7.41/7.31//2008-9-18 10:41:54
6/600007/中国国贸/7.400	11400	7.380	900	7.370	2324	7.360	1000	7.310	12100	7.410	1320	7.420	8500	7.430	11400	7.440	16200	7.450	6190	/16842759//4682929/638655/7.4/7.31//2008-9-18 10:42:55
6/600007/中国国贸/7.400	9700	7.380	900	7.370	1324	7.360	1000	7.310	12100	7.410	1320	7.420	8500	7.430	11400	7.440	16200	7.450	6190	/16842759//4695509/640355/7.4/7.31//2008-9-18 10:43:55
6/600007/中国国贸/7.400	5600	7.380	900	7.370	1324	7.360	1000	7.310	12100	7.440	16020	7.450	6190	7.480	3100	7.490	10900	7.500	6800	/16842759//4884742/665855/7.4/7.31//2008-9-18 10:44:56
6/600007/中国国贸/7.430	600	7.410	5000	7.400	6500	7.380	900	7.370	1324	7.440	17020	7.450	6190	7.480	3100	7.490	10900	7.500	6800	/16842759//4906951/668855/7.43/7.31//2008-9-18 10:45:56
6/600007/中国国贸/7.400	22500	7.380	900	7.370	1324	7.360	1000	7.310	12100	7.410	1000	7.430	2400	7.440	18220	7.450	6190	7.480	3100	/16842759//4966225/676855/7.4/7.31//2008-9-18 10:46:56
6/600007/中国国贸/7.380	900	7.370	1324	7.360	1000	7.350	30000	7.310	12100	7.400	1062	7.410	1000	7.430	4800	7.440	18220	7.450	6190	/16842759//5213379/710255/7.4/7.31//2008-9-18 10:47:57
6/600007/中国国贸/7.380	900	7.370	1324	7.360	1000	7.350	40000	7.310	12100	7.400	10062	7.410	3200	7.430	6600	7.440	18220	7.450	16789	/16842759//5213379/710255/7.4/7.31//2008-9-18 10:48:57
6/600007/中国国贸/7.370	324	7.360	13000	7.350	40000	7.310	12100	7.300	1700	7.380	600	7.390	200	7.400	12562	7.410	2200	7.420	1000	/16842759//5293989/721155/7.37/7.31//2008-9-18 10:49:57
6/600007/中国国贸/7.310	8600	7.300	21700	7.290	5000	7.280	5300	7.270	1000	7.350	4676	7.360	200	7.370	2300	7.380	1300	7.390	2200	/16842759//5686057/774479/7.35/7.31//2008-9-18 10:50:58
6/600007/中国国贸/7.300	41700	7.290	5000	7.280	5300	7.270	1000	7.260	5873	7.310	1600	7.350	18576	7.360	200	7.380	1300	7.390	2200	/16842759//6095952/830579/7.3/7.31//2008-9-18 10:51:58
6/600007/中国国贸/7.310	1800	7.300	40900	7.290	5000	7.280	5300	7.270	8600	7.340	600	7.350	8576	7.360	700	7.380	1300	7.390	1000	/16842759//6125587/834579/7.34/7.31//2008-9-18 10:52:58
6/600007/中国国贸/7.310	5000	7.300	36700	7.290	5000	7.280	7300	7.270	8600	7.340	900	7.350	9076	7.360	700	7.380	1300	7.390	1000	/16842759//6315605/860579/7.31/7.31//2008-9-18 10:53:59
6/600007/中国国贸/7.310	3100	7.300	36700	7.290	5000	7.280	7300	7.270	8600	7.330	1000	7.340	600	7.350	9076	7.360	700	7.380	1300	/16842759//6279786/855679/7.31/7.31//2008-9-18 10:54:59
6/600007/中国国贸/7.300	40000	7.290	5000	7.280	7300	7.270	8600	7.260	5873	7.310	5800	7.330	1000	7.340	800	7.350	10476	7.360	700	/16842759//6281248/855879/7.31/7.31//2008-9-18 10:56:0
6/600007/中国国贸/7.300	27900	7.290	5000	7.280	7300	7.270	8600	7.260	5873	7.330	1000	7.340	800	7.350	11376	7.360	700	7.380	1300	/16842759//6379181/869279/7.31/7.31//2008-9-18 10:57:0
6/600007/中国国贸/7.300	7900	7.290	5000	7.280	7300	7.270	8600	7.260	5873	7.310	700	7.330	1000	7.340	800	7.350	11376	7.360	700	/16842759//6680697/910579/7.3/7.31//2008-9-18 10:58:0
6/600007/中国国贸/7.290	4300	7.280	12400	7.270	8600	7.260	5873	7.250	42000	7.300	7976	7.310	1800	7.330	1000	7.340	1100	7.350	6800	/16842759//6679950/910479/7.29/7.31//2008-9-18 10:59:1
6/600007/中国国贸/7.300	19624	7.290	2100	7.280	15000	7.270	8600	7.260	5873	7.310	1200	7.330	1000	7.340	1500	7.350	6800	7.360	700	/16842759//6808232/928055/7.3/7.31//2008-9-18 11:0:1
6/600007/中国国贸/7.300	12324	7.290	2100	7.280	15000	7.270	8600	7.260	5873	7.310	200	7.330	1000	7.340	2500	7.350	7100	7.360	700	/16842759//6868832/936355/7.31/7.31//2008-9-18 11:1:2
6/600007/中国国贸/7.300	36824	7.290	2100	7.280	15000	7.270	8600	7.260	5873	7.310	300	7.330	1000	7.340	2500	7.350	7100	7.360	1200	/16842759//6908982/941855/7.3/7.31//2008-9-18 11:2:2
6/600007/中国国贸/7.310	600	7.300	32024	7.290	2100	7.280	15400	7.270	8600	7.330	1000	7.340	2500	7.350	11600	7.360	1200	7.380	1500	/16842759//7014228/956255/7.31/7.31//2008-9-18 11:3:2
6/600007/中国国贸/7.300	27524	7.290	2100	7.280	15900	7.270	8600	7.260	5873	7.310	400	7.330	2000	7.340	2500	7.350	11800	7.360	1200	/16842759//7084319/965855/7.3/7.31//2008-9-18 11:4:3
6/600007/中国国贸/7.290	2100	7.280	13900	7.270	8600	7.260	5873	7.250	42000	7.300	800	7.310	176	7.330	3000	7.340	2100	7.350	11800	/16842759//7307151/996379/7.31/7.31//2008-9-18 11:5:3
6/600007/中国国贸/7.310	1910	7.300	25400	7.290	2100	7.280	13900	7.270	8600	7.330	776	7.340	2300	7.350	11800	7.360	1000	7.380	1500	/16842759//7466341/1018159/7.31/7.31//2008-9-18 11:6:4
6/600007/中国国贸/7.310	5600	7.300	50010	7.290	1100	7.280	13500	7.270	8600	7.330	1776	7.340	2300	7.350	11800	7.360	1000	7.380	7600	/16842759//7478097/1019769/7.33/7.31//2008-9-18 11:7:4
6/600007/中国国贸/7.350	3900	7.330	2124	7.310	4600	7.300	51210	7.290	1100	7.360	500	7.380	7600	7.390	1099	7.400	30612	7.410	2700	/16842759//7619646/1039045/7.35/7.31//2008-9-18 11:8:4
6/600007/中国国贸/7.350	4800	7.330	2124	7.310	4600	7.300	51210	7.290	1100	7.360	500	7.380	7600	7.390	2099	7.400	31612	7.410	2700	/16842759//7635081/1041145/7.35/7.31//2008-9-18 11:9:5
6/600007/中国国贸/7.350	500	7.330	2124	7.310	4600	7.300	51210	7.290	1100	7.360	2500	7.380	9600	7.390	2099	7.400	34112	7.410	2700	/16842759//7666686/1045445/7.35/7.31//2008-9-18 11:10:5
6/600007/中国国贸/7.330	2824	7.310	4600	7.300	51210	7.290	1100	7.280	13500	7.350	2000	7.360	2500	7.380	11800	7.390	2099	7.400	29612	/16842759//7672560/1046245/7.33/7.31//2008-9-18 11:11:6
6/600007/中国国贸/7.300	47134	7.290	1100	7.280	13500	7.270	8600	7.260	3873	7.340	250	7.350	2900	7.360	2500	7.380	11800	7.390	2099	/16842759//7763971/1058745/7.3/7.31//2008-9-18 11:12:6
6/600007/中国国贸/7.300	44734	7.290	1100	7.280	13500	7.270	8600	7.260	3873	7.340	2950	7.350	4000	7.360	2500	7.380	11800	7.390	2099	/16842759//7785871/1061745/7.3/7.31//2008-9-18 11:13:7
6/600007/中国国贸/7.300	44134	7.290	1100	7.280	13000	7.270	8600	7.260	3873	7.330	700	7.340	2150	7.350	4000	7.360	4000	7.380	11800	/16842759//7785871/1061745/7.3/7.31//2008-9-18 11:14:7
6/600007/中国国贸/7.320	3900	7.310	300	7.300	43134	7.290	1100	7.280	13600	7.330	1700	7.340	2150	7.350	4700	7.360	4000	7.380	11800	/16842759//7796116/1063145/7.32/7.31//2008-9-18 11:15:7
6/600007/中国国贸/7.330	3500	7.320	3900	7.310	3600	7.300	43134	7.290	1100	7.340	250	7.350	4700	7.360	4000	7.370	1000	7.380	11800	/16842759//7848178/1070245/7.34/7.31//2008-9-18 11:16:8
6/600007/中国国贸/7.320	1500	7.310	3300	7.300	43134	7.290	1100	7.280	13600	7.330	5600	7.350	450	7.360	2000	7.370	1000	7.380	11800	/16842759//7948639/1083945/7.32/7.31//2008-9-18 11:17:8
6/600007/中国国贸/7.310	1650	7.300	43134	7.290	1100	7.280	13600	7.270	8600	7.360	1500	7.370	3500	7.380	11800	7.390	1099	7.400	29112	/16842759//8020815/1093795/7.31/7.31//2008-9-18 11:18:9
6/600007/中国国贸/7.300	41134	7.290	1100	7.280	13600	7.270	8600	7.260	3873	7.310	2050	7.330	700	7.350	450	7.360	1000	7.370	5000	/16842759//8074591/1101145/7.31/7.31//2008-9-18 11:19:9
6/600007/中国国贸/7.310	8550	7.300	43034	7.290	1100	7.280	15900	7.270	8600	7.320	200	7.330	700	7.350	1450	7.360	1000	7.370	5000	/16842759//8085921/1102695/7.31/7.31//2008-9-18 11:20:10
6/600007/中国国贸/7.310	3350	7.300	43034	7.290	1100	7.280	15900	7.270	8600	7.330	500	7.350	1450	7.360	1000	7.370	5000	7.380	11800	/16842759//8162698/1113195/7.31/7.31//2008-9-18 11:21:10
6/600007/中国国贸/7.310	3300	7.300	43034	7.290	1100	7.280	15900	7.270	8600	7.350	3000	7.360	1000	7.370	3500	7.380	11800	7.390	1099	/16842759//8199804/1118245/7.31/7.31//2008-9-18 11:22:10
6/600007/中国国贸/7.310	3100	7.300	15234	7.290	1100	7.280	15900	7.270	8600	7.340	99	7.350	7100	7.360	2500	7.370	3500	7.380	12800	/16842759//8208576/1119445/7.31/7.31//2008-9-18 11:23:11
6/600007/中国国贸/7.300	13934	7.290	1100	7.280	45900	7.270	7600	7.260	3873	7.310	1100	7.340	1099	7.350	31700	7.360	2500	7.370	3500	/16842759//8240727/1123845/7.3/7.31//2008-9-18 11:24:11
6/600007/中国国贸/7.300	12534	7.290	1100	7.280	45900	7.270	7600	7.260	3873	7.310	2300	7.340	1099	7.350	31700	7.360	2500	7.370	3500	/16842759//8254597/1125745/7.3/7.31//2008-9-18 11:25:12
6/600007/中国国贸/7.290	12535	7.280	45900	7.270	7600	7.260	2873	7.250	40500	7.300	12850	7.310	1000	7.330	1000	7.340	2700	7.350	36899	/16842759//8469764/1155244/7.29/7.31//2008-9-18 11:26:12
6/600007/中国国贸/7.280	42700	7.270	7600	7.260	2873	7.250	33500	7.240	700	7.290	10165	7.300	13150	7.310	1000	7.330	3000	7.340	4600	/16842759//8621619/1176079/7.28/7.31//2008-9-18 11:27:13
6/600007/中国国贸/7.270	28300	7.260	23373	7.250	33500	7.240	700	7.230	3400	7.280	9915	7.300	1000	7.310	1000	7.330	3000	7.340	5600	/16842759//9163593/1250479/7.27/7.31//2008-9-18 11:28:13
6/600007/中国国贸/7.270	14185	7.260	23373	7.250	33200	7.240	700	7.230	3400	7.280	8600	7.310	1000	7.330	1000	7.340	5300	7.350	36899	/16842759//9411901/1284594/7.3/7.31//2008-9-18 11:29:14
6/600007/中国国贸/7.280	6400	7.270	18085	7.260	23373	7.250	33200	7.240	700	7.290	500	7.300	300	7.330	1000	7.340	4300	7.350	36899	/16842759//9537117/1301794/7.28/7.31//2008-9-18 11:30:14
6/600007/中国国贸/7.280	6400	7.270	18085	7.260	23373	7.250	33200	7.240	700	7.290	500	7.300	300	7.330	1000	7.340	4300	7.350	36899	/16842759//9537117/1301794/7.28/7.31//2008-9-18 11:31:15
6/600007/中国国贸/7.230	1978	7.220	70200	7.210	900	7.200	59100	7.160	2000	7.240	500	7.250	951	7.280	8349	7.320	3300	7.330	1000	/16842759//10501291/1434574/7.23/7.31//2008-9-18 13:1:15
6/600007/中国国贸/7.220	69200	7.210	900	7.200	59100	7.160	2000	7.150	1400	7.230	423	7.240	500	7.250	951	7.280	4349	7.300	1200	/16842759//10523535/1437652/7.23/7.31//2008-9-18 13:2:16
6/600007/中国国贸/7.200	20000	7.160	2000	7.150	1400	7.110	2000	7.100	1100	7.230	923	7.240	500	7.250	951	7.280	4849	7.300	2600	/16842759//11326340/1548952/7.2/7.31//2008-9-18 13:3:16
6/600007/中国国贸/7.180	30000	7.160	2000	7.150	1400	7.110	2000	7.100	1100	7.200	1241	7.220	700	7.230	923	7.240	500	7.250	951	/16842759//11437280/1564352/7.2/7.31//2008-9-18 13:4:17
6/600007/中国国贸/7.220	1000	7.200	959	7.180	27000	7.160	2000	7.150	1400	7.230	923	7.240	500	7.250	3351	7.280	4849	7.300	3000	/16842759//11574195/1583393/7.22/7.31//2008-9-18 13:5:17
6/600007/中国国贸/7.180	15959	7.160	2000	7.150	9000	7.110	2000	7.100	1100	7.220	1000	7.230	923	7.240	500	7.250	3648	7.280	4849	/16842759//11743194/1606893/7.2/7.31//2008-9-18 13:6:18
6/600007/中国国贸/7.180	15659	7.160	2000	7.150	9000	7.110	2000	7.100	1100	7.200	780	7.230	923	7.240	500	7.250	3351	7.280	4849	/16842759//11769080/1610493/7.2/7.31//2008-9-18 13:7:18
6/600007/中国国贸/7.160	9100	7.150	34600	7.110	2000	7.100	1100	7.080	600	7.180	1441	7.190	500	7.200	7180	7.220	500	7.230	923	/16842759//11933160/1633352/7.16/7.31//2008-9-18 13:8:19
6/600007/中国国贸/7.160	2420	7.150	27000	7.110	9600	7.100	1100	7.080	600	7.170	200	7.180	3911	7.190	500	7.200	7900	7.230	923	/16842759//12064022/1651612/7.16/7.31//2008-9-18 13:9:19
6/600007/中国国贸/7.110	3500	7.100	27200	7.080	600	7.030	4200	7.020	4500	7.140	200	7.150	6680	7.170	200	7.180	3700	7.190	1000	/16842759//12447127/1705252/7.11/7.31//2008-9-18 13:10:20
6/600007/中国国贸/7.120	1000	7.110	989	7.100	27300	7.080	600	7.030	4200	7.140	600	7.150	11580	7.160	3200	7.180	4700	7.190	1000	/16842759//12525564/1716263/7.14/7.31//2008-9-18 13:11:20
6/600007/中国国贸/7.100	27200	7.080	600	7.030	3200	7.020	4500	7.010	56200	7.110	511	7.120	9300	7.140	600	7.150	16580	7.160	3200	/16842759//12558935/1720952/7.1/7.31//2008-9-18 13:12:21
6/600007/中国国贸/7.080	600	7.030	3200	7.020	4500	7.010	56200	7.000	24400	7.100	2300	7.110	1161	7.120	9300	7.140	600	7.150	17080	/16842759//12778362/1751852/7.1/7.31//2008-9-18 13:13:21
6/600007/中国国贸/7.080	3900	7.060	10000	7.050	10000	7.030	3200	7.020	4500	7.100	4300	7.110	2161	7.120	9300	7.140	600	7.150	16080	/16842759//12846500/1761452/7.1/7.31//2008-9-18 13:14:22
6/600007/中国国贸/7.080	4500	7.060	10000	7.050	10000	7.030	3200	7.020	3800	7.100	8200	7.110	2161	7.120	9300	7.140	600	7.150	15580	/16842759//13031406/1787552/7.08/7.31//2008-9-18 13:15:22
6/600007/中国国贸/7.060	1400	7.050	16000	7.030	3200	7.020	4300	7.010	55700	7.080	1914	7.100	11700	7.110	1161	7.120	300	7.140	600	/16842759//13106982/1798252/7.06/7.31//2008-9-18 13:16:23
6/600007/中国国贸/7.060	600	7.050	14500	7.030	3200	7.020	4300	7.010	55700	7.070	3100	7.080	914	7.100	9000	7.110	1161	7.120	300	/16842759//13158521/1805552/7.06/7.31//2008-9-18 13:17:23
6/600007/中国国贸/7.050	1800	7.030	13200	7.020	4300	7.010	55700	7.000	25600	7.060	700	7.070	4100	7.080	500	7.100	6800	7.110	1161	/16842759//13348298/1832452/7.06/7.31//2008-9-18 13:18:24
6/600007/中国国贸/7.050	3401	7.020	10900	7.010	55900	7.000	26600	6.950	400	7.060	5300	7.070	3100	7.080	500	7.100	6800	7.110	1161	/16842759//13501723/1854251/7.03/7.31//2008-9-18 13:19:24
6/600007/中国国贸/7.030	53900	7.020	34701	7.010	56900	7.000	26400	6.950	400	7.050	2100	7.060	8500	7.070	3100	7.080	200	7.100	6800	/16842759//13605350/1868951/7.05/7.31//2008-9-18 13:20:25
6/600007/中国国贸/7.100	3000	7.060	1750	7.050	9700	7.040	9700	7.030	51400	7.140	600	7.150	10180	7.180	1700	7.190	1000	7.200	4200	/16842759//13836234/1901601/7.12/7.31//2008-9-18 13:21:25
6/600007/中国国贸/7.140	400	7.050	9700	7.040	9700	7.030	51400	7.020	37601	7.180	600	7.190	11000	7.200	5000	7.230	923	7.250	9351	/16842759//13902042/1910801/7.14/7.31//2008-9-18 13:22:26
6/600007/中国国贸/7.140	900	7.100	300	7.050	9500	7.040	11700	7.030	51400	7.150	300	7.180	1600	7.190	10500	7.200	5300	7.230	1423	/16842759//13922777/1913701/7.15/7.31//2008-9-18 13:23:26
6/600007/中国国贸/7.100	1300	7.060	2200	7.050	9500	7.040	11700	7.030	13000	7.140	700	7.150	2100	7.180	5100	7.190	10500	7.200	5300	/16842759//13983467/1922201/7.14/7.31//2008-9-18 13:24:27
6/600007/中国国贸/7.130	600	7.100	4300	7.060	2300	7.050	9600	7.040	11700	7.150	500	7.180	4100	7.190	10500	7.200	4800	7.230	2623	/16842759//14078317/1935501/7.13/7.31//2008-9-18 13:25:27
6/600007/中国国贸/7.150	300	7.130	1600	7.100	4000	7.060	2300	7.050	9600	7.180	4100	7.190	10500	7.200	4800	7.230	2623	7.250	10151	/16842759//14087620/1936801/7.15/7.31//2008-9-18 13:26:28
6/600007/中国国贸/7.150	200	7.130	900	7.100	4000	7.070	2000	7.060	2300	7.180	1500	7.190	10500	7.200	4800	7.230	2623	7.250	10151	/16842759//14130650/1942801/7.15/7.31//2008-9-18 13:27:28
6/600007/中国国贸/7.180	3900	7.150	5300	7.140	28000	7.130	600	7.100	5000	7.190	1100	7.200	4800	7.230	2623	7.250	10151	7.280	2949	/16842759//14295260/1965701/7.19/7.31//2008-9-18 13:28:29
6/600007/中国国贸/7.180	3900	7.150	5300	7.140	28000	7.130	600	7.100	5000	7.190	1800	7.200	4500	7.230	4123	7.240	500	7.250	10151	/16842759//14242054/1958301/7.19/7.31//2008-9-18 13:29:29
6/600007/中国国贸/7.180	1300	7.150	5300	7.130	500	7.100	5000	7.070	2000	7.200	3500	7.230	2623	7.240	5000	7.250	10151	7.280	2949	/16842759//14329852/1970501/7.2/7.31//2008-9-18 13:30:30
6/600007/中国国贸/7.200	1500	7.180	2300	7.150	5300	7.130	500	7.110	1000	7.250	6051	7.280	2849	7.300	3800	7.320	3500	7.330	1000	/16842759//14434734/1985001/7.25/7.31//2008-9-18 13:31:30
6/600007/中国国贸/7.200	3200	7.180	2300	7.150	5300	7.130	500	7.110	1000	7.230	100	7.240	500	7.250	51	7.260	500	7.280	2849	/16842759//14484009/1991801/7.23/7.31//2008-9-18 13:32:31
6/600007/中国国贸/7.240	100	7.230	2000	7.200	3300	7.180	2300	7.150	5300	7.250	51	7.260	500	7.280	1500	7.300	4100	7.320	3500	/16842759//14504984/1994701/7.24/7.31//2008-9-18 13:33:31
6/600007/中国国贸/7.240	18400	7.230	2000	7.200	3300	7.180	2300	7.150	5300	7.250	51	7.260	500	7.280	1500	7.300	4100	7.320	4600	/16842759//14525260/1997501/7.24/7.31//2008-9-18 13:34:32
6/600007/中国国贸/7.250	8949	7.240	18400	7.230	2000	7.200	3300	7.180	2300	7.260	500	7.280	1500	7.300	4100	7.320	4600	7.330	1000	/16842759//14574930/2004352/7.25/7.31//2008-9-18 13:35:32
6/600007/中国国贸/7.280	15100	7.260	9500	7.250	8449	7.240	18400	7.230	2000	7.300	4100	7.320	4600	7.330	1000	7.340	4000	7.350	38900	/16842759//14585855/2005852/7.28/7.31//2008-9-18 13:36:33
6/600007/中国国贸/7.290	1800	7.280	11100	7.250	8449	7.240	18400	7.230	2000	7.300	200	7.320	3800	7.330	1000	7.340	4000	7.350	38200	/16842759//14654435/2015252/7.3/7.31//2008-9-18 13:37:34
6/600007/中国国贸/7.290	200	7.280	11100	7.250	8449	7.240	18400	7.230	2000	7.300	1500	7.320	3700	7.330	2000	7.340	4500	7.350	38200	/16842759//14679969/2018752/7.3/7.31//2008-9-18 13:38:34
6/600007/中国国贸/7.280	21100	7.250	8449	7.240	200	7.230	2000	7.200	4300	7.290	5000	7.300	200	7.320	3700	7.330	2000	7.340	4800	/16842759//14704785/2022152/7.29/7.31//2008-9-18 13:39:35
6/600007/中国国贸/7.280	3500	7.250	5449	7.240	200	7.230	2000	7.200	1300	7.290	700	7.300	200	7.320	3700	7.330	2000	7.340	5800	/16842759//14747022/2027952/7.28/7.31//2008-9-18 13:40:35
6/600007/中国国贸/7.290	2900	7.280	3000	7.250	8549	7.240	200	7.230	2000	7.300	1200	7.320	3700	7.330	2000	7.340	5800	7.350	30800	/16842759//14766700/2030652/7.29/7.31//2008-9-18 13:41:36
6/600007/中国国贸/7.300	100	7.290	2500	7.280	4000	7.250	13649	7.240	200	7.320	3700	7.330	3000	7.340	5800	7.350	30800	7.360	1000	/16842759//14785676/2033252/7.29/7.31//2008-9-18 13:42:36
6/600007/中国国贸/7.300	1300	7.290	2500	7.280	4100	7.250	16749	7.240	200	7.330	3000	7.340	5800	7.350	30800	7.360	1000	7.370	2500	/16842759//14826640/2038852/7.32/7.31//2008-9-18 13:43:37
6/600007/中国国贸/7.300	3400	7.290	2500	7.280	4100	7.250	26749	7.240	200	7.350	100	7.360	1000	7.370	1500	7.380	12900	7.390	11000	/16842759//15113187/2077852/7.35/7.31//2008-9-18 13:44:37
6/600007/中国国贸/7.350	9900	7.300	5000	7.290	2500	7.280	3600	7.250	26749	7.360	1000	7.370	3500	7.380	12900	7.390	11000	7.400	26162	/16842759//15165127/2084952/7.35/7.31//2008-9-18 13:45:38
6/600007/中国国贸/7.370	9200	7.350	10400	7.320	300	7.300	17500	7.290	2500	7.400	24062	7.410	3000	7.420	2700	7.430	3900	7.440	14020	/16842759//15416084/2118952/7.4/7.31//2008-9-18 13:46:39
6/600007/中国国贸/7.400	5338	7.380	1200	7.350	10500	7.320	300	7.300	17500	7.420	2450	7.430	3900	7.440	14020	7.450	11290	7.480	4300	/16842759//15728874/2161214/7.41/7.31//2008-9-18 13:47:39
6/600007/中国国贸/7.400	300	7.380	1200	7.350	10500	7.320	300	7.300	17500	7.410	1500	7.420	2650	7.430	4900	7.440	14120	7.450	18790	/16842759//15744399/2163314/7.4/7.31//2008-9-18 13:48:40
6/600007/中国国贸/7.360	100	7.350	10500	7.320	300	7.300	17500	7.290	2500	7.370	500	7.400	3600	7.410	1500	7.420	2750	7.430	4900	/16842759//15770218/2166814/7.37/7.31//2008-9-18 13:49:40
6/600007/中国国贸/7.360	7300	7.350	10000	7.320	300	7.300	21000	7.290	2500	7.370	500	7.390	3	7.400	5100	7.410	1600	7.420	3250	/16842759//15875464/2181114/7.36/7.31//2008-9-18 13:50:41
6/600007/中国国贸/7.350	8600	7.320	300	7.300	21000	7.290	2500	7.280	2600	7.360	400	7.370	900	7.390	3	7.400	5100	7.410	1600	/16842759//16002768/2198414/7.35/7.31//2008-9-18 13:51:41
6/600007/中国国贸/7.350	800	7.320	300	7.300	17000	7.290	2500	7.280	2600	7.370	900	7.390	3	7.400	5100	7.410	1600	7.420	3250	/16842759//16002704/2198414/7.35/7.31//2008-9-18 13:52:42
6/600007/中国国贸/7.350	500	7.300	14500	7.290	2500	7.280	2600	7.250	26749	7.390	3	7.400	9100	7.410	1600	7.420	3250	7.430	4900	/16842759//16005646/2198814/7.37/7.31//2008-9-18 13:53:42
6/600007/中国国贸/7.310	7000	7.300	14500	7.290	2500	7.280	2600	7.250	26749	7.340	500	7.350	600	7.380	2000	7.390	10803	7.400	6500	/16842759//16049011/2204714/7.35/7.31//2008-9-18 13:54:43
6/600007/中国国贸/7.310	6500	7.300	2500	7.290	2500	7.280	2600	7.250	26749	7.340	100	7.350	5500	7.380	2000	7.390	3	7.400	9500	/16842759//16062912/2206614/7.31/7.31//2008-9-18 13:55:44
6/600007/中国国贸/7.310	4500	7.300	2500	7.290	2500	7.280	2600	7.250	26749	7.350	5800	7.380	2000	7.400	6500	7.410	1600	7.420	3250	/16842759//16063646/2206714/7.34/7.31//2008-9-18 13:56:44
6/600007/中国国贸/7.350	9400	7.310	5300	7.300	2500	7.290	2500	7.280	2600	7.380	2800	7.400	6500	7.410	1600	7.420	3450	7.430	4900	/16842759//16111393/2213214/7.35/7.31//2008-9-18 13:57:45
6/600007/中国国贸/7.350	2700	7.310	6300	7.300	2500	7.290	2500	7.280	2600	7.380	1000	7.400	6400	7.410	1600	7.420	3250	7.430	4900	/16842759//16278322/2235914/7.35/7.31//2008-9-18 13:58:45
6/600007/中国国贸/7.310	8400	7.300	2500	7.290	2500	7.280	2600	7.250	30749	7.350	8000	7.360	400	7.380	100	7.400	6400	7.410	1600	/16842759//16297459/2238514/7.35/7.31//2008-9-18 13:59:46
6/600007/中国国贸/7.360	2800	7.350	300	7.310	7400	7.300	2500	7.290	2500	7.380	100	7.400	7400	7.410	1600	7.420	3250	7.430	4900	/16842759//16468720/2261814/7.36/7.31//2008-9-18 14:0:47
6/600007/中国国贸/7.360	1754	7.350	300	7.310	7400	7.300	2500	7.290	2500	7.380	1000	7.400	7500	7.410	1600	7.420	2250	7.430	4900	/16842759//16477157/2262960/7.38/7.31//2008-9-18 14:1:47
6/600007/中国国贸/7.350	300	7.310	7400	7.300	2500	7.290	2500	7.280	2600	7.360	3346	7.370	3000	7.400	8500	7.410	600	7.420	2250	/16842759//16496690/2265614/7.36/7.31//2008-9-18 14:2:48
6/600007/中国国贸/7.320	400	7.310	8400	7.300	2500	7.290	2500	7.280	2600	7.350	800	7.360	846	7.380	200	7.400	8500	7.410	600	/16842759//16514345/2268014/7.36/7.31//2008-9-18 14:3:48
6/600007/中国国贸/7.320	400	7.310	7400	7.300	2500	7.280	2500	7.250	30949	7.350	200	7.360	1946	7.380	200	7.400	8700	7.410	600	/16842759//16528310/2269914/7.35/7.31//2008-9-18 14:4:49
6/600007/中国国贸/7.320	400	7.310	7500	7.300	2500	7.280	2500	7.250	31249	7.340	1000	7.350	200	7.360	2146	7.380	3300	7.390	200	/16842759//16529780/2270114/7.35/7.31//2008-9-18 14:5:50
6/600007/中国国贸/7.310	7500	7.300	2500	7.280	2500	7.250	31249	7.240	400	7.340	100	7.350	900	7.360	1146	7.380	3100	7.390	200	/16842759//16536386/2271014/7.34/7.31//2008-9-18 14:6:50
6/600007/中国国贸/7.320	3000	7.310	5700	7.300	2500	7.280	2500	7.260	100	7.340	2000	7.350	2000	7.360	1146	7.380	3300	7.390	200	/16842759//16566426/2275114/7.34/7.31//2008-9-18 14:7:51
6/600007/中国国贸/7.340	2700	7.320	4000	7.310	7000	7.300	52500	7.280	2500	7.350	1000	7.360	1146	7.380	3300	7.390	200	7.400	18200	/16842759//16610506/2281114/7.35/7.31//2008-9-18 14:8:51
6/600007/中国国贸/7.350	100	7.340	2200	7.320	4000	7.310	5700	7.300	52500	7.360	946	7.380	3300	7.390	200	7.400	18300	7.410	600	/16842759//16604626/2280314/7.35/7.31//2008-9-18 14:9:52
6/600007/中国国贸/7.360	1954	7.350	100	7.340	2200	7.320	4000	7.310	5700	7.380	3300	7.390	200	7.400	18200	7.410	600	7.420	3350	/16842759//16611589/2281260/7.36/7.31//2008-9-18 14:10:53
6/600007/中国国贸/7.380	1000	7.360	1954	7.350	600	7.340	2200	7.320	4000	7.400	16700	7.410	600	7.420	2350	7.430	4900	7.440	15120	/16842759//16642585/2285460/7.39/7.31//2008-9-18 14:11:53
6/600007/中国国贸/7.380	400	7.360	1354	7.350	1600	7.340	2200	7.320	1000	7.400	2100	7.410	600	7.420	2350	7.430	4900	7.440	20120	/16842759//16813520/2308560/7.38/7.31//2008-9-18 14:12:54
6/600007/中国国贸/7.380	400	7.360	3354	7.350	1500	7.340	2200	7.320	1000	7.400	450	7.410	600	7.420	2350	7.430	5100	7.440	15120	/16842759//16827580/2310460/7.4/7.31//2008-9-18 14:13:55
6/600007/中国国贸/7.390	2500	7.380	400	7.360	3354	7.350	1500	7.340	500	7.400	1000	7.410	600	7.420	2350	7.430	5600	7.440	15120	/16842759//16834606/2311410/7.39/7.31//2008-9-18 14:14:55
6/600007/中国国贸/7.400	1700	7.380	400	7.360	1354	7.350	1500	7.340	500	7.410	600	7.420	2250	7.430	5600	7.440	16520	7.450	20790	/16842759//16878236/2317310/7.4/7.31//2008-9-18 14:15:56
6/600007/中国国贸/7.400	9300	7.380	400	7.360	1254	7.350	1500	7.340	500	7.420	2250	7.430	5600	7.440	16520	7.450	21790	7.480	2300	/16842759//16893782/2319410/7.41/7.31//2008-9-18 14:16:56
6/600007/中国国贸/7.380	400	7.360	1254	7.350	6600	7.340	500	7.320	1000	7.410	100	7.420	2850	7.430	5600	7.440	16520	7.450	20790	/16842759//16921190/2323110/7.41/7.31//2008-9-18 14:17:57
6/600007/中国国贸/7.430	7350	7.400	2100	7.390	200	7.360	1254	7.350	6600	7.440	8820	7.450	20790	7.480	2500	7.490	15400	7.500	34300	/16842759//16977278/2330660/7.43/7.31//2008-9-18 14:18:58
6/600007/中国国贸/7.440	2100	7.430	200	7.420	1000	7.410	2600	7.400	2000	7.480	1410	7.490	14900	7.500	34600	7.510	2000	7.520	300	/16842759//17147126/2353460/7.48/7.31//2008-9-18 14:19:58
6/600007/中国国贸/7.530	5300	7.520	1000	7.510	2000	7.500	50000	7.480	800	7.550	13200	7.560	1000	7.580	1500	7.590	1520	7.600	11200	/16842759//17555922/2407970/7.53/7.31//2008-9-18 14:20:59
6/600007/中国国贸/7.580	3600	7.560	26100	7.550	9400	7.530	5800	7.520	1000	7.590	1520	7.600	11200	7.610	3300	7.620	100	7.650	4400	/16842759//17683574/2424870/7.58/7.31//2008-9-18 14:22:0
6/600007/中国国贸/7.700	980	7.580	500	7.560	25100	7.530	500	7.520	1000	7.710	100	7.760	400	7.780	1000	7.800	3200	7.820	200	/16842759//18023548/2469490/7.7/7.31//2008-9-18 14:23:0
6/600007/中国国贸/7.590	5600	7.580	12700	7.560	62680	7.530	500	7.520	1000	7.700	7500	7.710	100	7.760	400	7.770	20000	7.780	1000	/16842759//18109978/2480890/7.7/7.31//2008-9-18 14:24:1
6/600007/中国国贸/7.580	15700	7.560	62680	7.530	500	7.510	400	7.500	50000	7.590	2024	7.680	400	7.690	5500	7.700	20600	7.710	100	/16842759//18168464/2488590/7.59/7.31//2008-9-18 14:25:2
6/600007/中国国贸/7.580	5900	7.560	17680	7.530	500	7.510	400	7.500	50000	7.600	6924	7.670	1000	7.680	2700	7.690	8700	7.700	22600	/16842759//18270282/2501990/7.6/7.31//2008-9-18 14:26:2
6/600007/中国国贸/7.560	17680	7.530	500	7.520	200	7.500	50000	7.480	1300	7.580	2300	7.590	9549	7.600	9124	7.670	1000	7.680	4600	/16842759//18316544/2508090/7.58/7.31//2008-9-18 14:27:3
6/600007/中国国贸/7.560	16680	7.530	500	7.520	200	7.500	50000	7.490	5100	7.580	3300	7.590	9549	7.600	13024	7.610	1000	7.650	100	/16842759//18339244/2511090/7.57/7.31//2008-9-18 14:28:4
6/600007/中国国贸/7.560	7380	7.530	500	7.520	200	7.510	500	7.500	50000	7.570	200	7.580	2900	7.600	11424	7.610	1000	7.650	1100	/16842759//18413342/2520890/7.56/7.31//2008-9-18 14:29:4
6/600007/中国国贸/7.520	100	7.510	2500	7.500	50000	7.490	5100	7.480	1300	7.560	5569	7.570	2300	7.580	3900	7.600	11724	7.610	1000	/16842759//18474410/2528970/7.52/7.31//2008-9-18 14:30:5
6/600007/中国国贸/7.550	6700	7.520	100	7.510	2500	7.500	50000	7.490	5100	7.560	11869	7.570	2400	7.580	4200	7.600	11724	7.610	1000	/16842759//18488004/2530770/7.55/7.31//2008-9-18 14:31:6
6/600007/中国国贸/7.550	4700	7.520	100	7.500	50000	7.490	5100	7.480	1000	7.560	2869	7.570	2200	7.580	3100	7.600	11724	7.610	1000	/16842759//18567364/2541270/7.56/7.31//2008-9-18 14:32:6
6/600007/中国国贸/7.560	7231	7.550	4700	7.520	100	7.510	10000	7.500	50000	7.570	2200	7.580	2600	7.600	12124	7.610	1000	7.630	500	/16842759//18589054/2544139/7.56/7.31//2008-9-18 14:33:7
6/600007/中国国贸/7.520	3000	7.510	10000	7.500	50000	7.490	5100	7.480	1000	7.550	7769	7.570	1700	7.580	900	7.600	12324	7.610	1000	/16842759//18718522/2561270/7.55/7.31//2008-9-18 14:34:8
6/600007/中国国贸/7.560	1031	7.520	11300	7.510	10000	7.500	50000	7.490	5100	7.570	1700	7.580	900	7.600	14124	7.610	2500	7.630	500	/16842759//18787714/2570439/7.56/7.31//2008-9-18 14:35:8
6/600007/中国国贸/7.520	11300	7.510	10000	7.500	52700	7.490	5100	7.480	1000	7.560	89	7.580	400	7.600	13924	7.610	2500	7.630	500	/16842759//18831072/2576170/7.56/7.31//2008-9-18 14:36:9
6/600007/中国国贸/7.520	17800	7.510	10000	7.500	52700	7.490	5100	7.450	2000	7.530	100	7.550	1589	7.580	1700	7.590	2800	7.600	13924	/16842759//18849158/2578570/7.53/7.31//2008-9-18 14:37:10
6/600007/中国国贸/7.520	9000	7.500	52700	7.490	5100	7.450	2000	7.440	1000	7.550	1489	7.560	1100	7.580	1700	7.590	2800	7.600	14024	/16842759//18916842/2587570/7.52/7.31//2008-9-18 14:38:10
6/600007/中国国贸/7.520	7800	7.500	52700	7.490	5100	7.450	2000	7.440	1000	7.540	1349	7.550	6489	7.560	1100	7.580	1700	7.600	15024	/16842759//18925866/2588770/7.52/7.31//2008-9-18 14:39:11
6/600007/中国国贸/7.540	2151	7.500	50270	7.490	5100	7.450	2000	7.440	1000	7.550	5000	7.560	100	7.570	6900	7.580	1700	7.590	1400	/16842759//19025732/2602049/7.54/7.31//2008-9-18 14:40:12
6/600007/中国国贸/7.500	50270	7.490	5100	7.450	2000	7.410	400	7.400	11000	7.520	238	7.540	3700	7.550	5000	7.560	500	7.570	6900	/16842759//19041952/2604200/7.54/7.31//2008-9-18 14:41:12
6/600007/中国国贸/7.510	3700	7.500	52270	7.490	5100	7.450	2000	7.410	400	7.540	9438	7.550	1000	7.560	3100	7.570	6900	7.580	400	/16842759//19117408/2614200/7.55/7.31//2008-9-18 14:42:13
6/600007/中国国贸/7.540	1062	7.520	400	7.510	6503	7.500	53270	7.490	5100	7.550	3500	7.560	1500	7.570	6900	7.580	400	7.590	1900	/16842759//19318270/2640835/7.54/7.31//2008-9-18 14:43:14
6/600007/中国国贸/7.550	8700	7.540	1062	7.510	6503	7.500	53270	7.490	5100	7.560	1500	7.570	6900	7.580	400	7.590	1900	7.600	18724	/16842759//19356774/2645935/7.55/7.31//2008-9-18 14:44:14
6/600007/中国国贸/7.550	16400	7.540	1062	7.510	6503	7.500	53470	7.490	5100	7.560	1500	7.570	6900	7.580	400	7.590	1500	7.600	19224	/16842759//19403594/2652135/7.55/7.31//2008-9-18 14:45:15
6/600007/中国国贸/7.550	14000	7.540	1062	7.510	6503	7.500	53470	7.490	5100	7.570	6900	7.580	1850	7.590	1500	7.600	20624	7.610	2500	/16842759//19418710/2654135/7.55/7.31//2008-9-18 14:46:16
6/600007/中国国贸/7.550	2300	7.540	1062	7.510	6503	7.500	53470	7.490	5100	7.560	2300	7.570	900	7.580	1850	7.590	2200	7.600	20624	/16842759//19552466/2671835/7.55/7.31//2008-9-18 14:47:16
6/600007/中国国贸/7.540	21062	7.510	6300	7.500	53270	7.490	5100	7.450	2000	7.550	6400	7.560	3100	7.570	2200	7.580	2250	7.590	4200	/16842759//19571342/2674335/7.55/7.31//2008-9-18 14:48:17
6/600007/中国国贸/7.540	18062	7.510	6300	7.500	53270	7.490	5100	7.450	2000	7.550	7500	7.560	4100	7.570	2200	7.580	2250	7.590	2500	/16842759//19593962/2677335/7.54/7.31//2008-9-18 14:49:18
6/600007/中国国贸/7.510	6300	7.500	53270	7.490	5100	7.450	2000	7.410	400	7.540	5238	7.550	10600	7.560	4200	7.570	2200	7.580	3250	/16842759//19735146/2696059/7.54/7.31//2008-9-18 14:50:18
6/600007/中国国贸/7.550	9062	7.510	1300	7.500	53270	7.490	10100	7.450	25000	7.570	1700	7.580	3250	7.590	3100	7.600	21024	7.610	1000	/16842759//19964270/2726435/7.55/7.31//2008-9-18 14:51:19
6/600007/中国国贸/7.560	21100	7.550	8562	7.510	1300	7.500	53270	7.490	10100	7.570	200	7.580	2950	7.590	3100	7.600	22224	7.610	1000	/16842759//20010404/2732535/7.56/7.31//2008-9-18 14:52:20
6/600007/中国国贸/7.570	3900	7.560	19100	7.500	53270	7.490	10100	7.450	25000	7.590	1300	7.600	2400	7.610	1000	7.620	500	7.630	500	/16842759//20280586/2768135/7.6/7.31//2008-9-18 14:53:21
6/600007/中国国贸/7.580	10700	7.570	3900	7.560	16100	7.550	2600	7.510	20000	7.590	9400	7.600	15300	7.610	2000	7.620	500	7.630	6600	/16842759//20303356/2771135/7.59/7.31//2008-9-18 14:54:21
6/600007/中国国贸/7.570	400	7.560	16100	7.550	2600	7.510	20000	7.500	53270	7.580	4900	7.590	12200	7.600	14000	7.610	2000	7.620	500	/16842759//20408722/2785035/7.58/7.31//2008-9-18 14:55:22
6/600007/中国国贸/7.560	15100	7.550	2600	7.510	20000	7.500	53270	7.490	10100	7.580	5200	7.590	14800	7.600	16300	7.610	2000	7.620	1500	/16842759//20431426/2788035/7.56/7.31//2008-9-18 14:56:23
6/600007/中国国贸/7.560	14600	7.550	1000	7.510	20000	7.500	50570	7.490	10100	7.580	300	7.590	14300	7.600	16100	7.610	2900	7.620	2500	/16842759//20525384/2800435/7.59/7.31//2008-9-18 14:57:23
6/600007/中国国贸/7.570	1000	7.560	15600	7.510	20000	7.500	50570	7.490	10100	7.580	12261	7.590	14800	7.600	16100	7.610	2900	7.620	2700	/16842759//20593602/2809435/7.58/7.31//2008-9-18 14:58:24
6/600007/中国国贸/7.570	1200	7.560	13600	7.510	20000	7.500	50570	7.490	10100	7.580	9161	7.590	14900	7.600	16800	7.610	1900	7.620	7700	/16842759//20670090/2819535/7.58/7.31//2008-9-18 14:59:25
6/600007/中国国贸/7.580	100	7.570	1100	7.560	13600	7.520	500	7.510	20000	7.590	5961	7.600	16800	7.610	1900	7.620	7700	7.630	500	/16842759//20867996/2845635/7.58/7.31//2008-9-18 15:0:26
6/600007/中国国贸/7.580	100	7.570	1100	7.560	13600	7.520	500	7.510	20000	7.590	5961	7.600	16800	7.610	1900	7.620	7700	7.630	500	/16842759//20867996/2845635/7.58/7.31//2008-9-18 15:1:26
6/600007/中国国贸/7.580	100	7.570	1100	7.560	13600	7.520	500	7.510	20000	7.590	5961	7.600	16800	7.610	1900	7.620	7700	7.630	500	/16842759//20867996/2845635/7.58/7.31//2008-9-18 15:2:27
