660/600050/中国联通/4.060	50000	4.040	500	4.030	55500	4.000	46058	3.990	28100	4.070	19804	4.080	40800	4.090	91928	4.100	237650	4.110	9000	/16843445//16881004/4235542/4.07/4.09//2008-9-18 9:31:34
660/600050/中国联通/4.100	563508	4.090	1000	4.080	3000	4.070	17200	4.050	3100	4.110	3700	4.120	64900	4.130	19600	4.140	32500	4.150	115480	/16843445//19440448/4861534/4.1/4.09//2008-9-18 9:32:35
660/600050/中国联通/4.060	6400	4.050	8100	4.040	14300	4.030	2800	4.020	2000	4.070	2400	4.080	9000	4.090	47900	4.100	1080591	4.110	138300	/16843445//22971220/5723342/4.07/4.09//2008-9-18 9:33:35
660/600050/中国联通/4.040	7800	4.030	15700	4.020	12100	4.010	47600	4.000	1076900	4.050	28500	4.060	147800	4.070	20300	4.080	69005	4.090	615530	/16843445//23609116/5879842/4.05/4.09//2008-9-18 9:34:35
660/600050/中国联通/4.020	29300	4.010	35500	4.000	1044100	3.990	16400	3.980	33000	4.030	10	4.040	53301	4.050	102000	4.060	160100	4.070	23000	/16843445//24515986/6105542/4.03/4.09//2008-9-18 9:35:35
660/600050/中国联通/4.020	2300	4.010	134400	4.000	1078600	3.990	17700	3.980	43300	4.030	19340	4.040	362573	4.050	104600	4.060	162100	4.070	21000	/16843445//24954122/6214442/4.01/4.09//2008-9-18 9:36:36
660/600050/中国联通/4.020	71795	4.010	3000	4.000	1109100	3.990	18800	3.980	44400	4.030	56540	4.040	347223	4.050	112300	4.060	157600	4.070	16100	/16843445//27427906/6830447/4.02/4.09//2008-9-18 9:37:36
660/600050/中国联通/4.010	25100	4.000	599500	3.990	37100	3.980	97600	3.970	7300	4.020	37705	4.030	84539	4.040	344023	4.050	139900	4.060	24400	/16843445//30743256/7658142/4.01/4.09//2008-9-18 9:38:36
660/600050/中国联通/4.020	123295	4.010	253500	4.000	610700	3.990	39900	3.980	101500	4.030	70139	4.040	25323	4.050	141200	4.060	20500	4.070	15900	/16843445//32164520/8011947/4.02/4.09//2008-9-18 9:39:36
660/600050/中国联通/4.030	6900	4.020	6600	4.010	276600	4.000	616800	3.990	35900	4.040	18894	4.050	121100	4.060	25500	4.070	15900	4.080	122800	/16843445//34760152/8656642/4.03/4.09//2008-9-18 9:40:36
660/600050/中国联通/4.040	14000	4.030	92001	4.020	83100	4.010	233900	4.000	620300	4.050	106894	4.060	36000	4.070	16200	4.080	122900	4.090	307200	/16843445//36006600/8966341/4.04/4.09//2008-9-18 9:41:37
660/600050/中国联通/4.050	183806	4.040	16900	4.030	264202	4.020	133300	4.010	254900	4.060	137700	4.070	22364	4.080	128800	4.090	282300	4.100	868618	/16843445//37096224/9235534/4.06/4.09//2008-9-18 9:42:37
660/600050/中国联通/4.060	29200	4.050	190706	4.040	32400	4.030	266802	4.020	81700	4.070	29264	4.080	147700	4.090	296700	4.100	887672	4.110	147800	/16843445//37875872/9427634/4.06/4.09//2008-9-18 9:43:37
660/600050/中国联通/4.050	235800	4.040	31700	4.030	108500	4.020	140400	4.010	162600	4.060	7200	4.070	218865	4.080	154199	4.090	288100	4.100	892872	/16843445//38466716/9573034/4.06/4.09//2008-9-18 9:44:37
660/600050/中国联通/4.060	37900	4.050	223300	4.040	31900	4.030	99000	4.020	146700	4.070	122965	4.080	165899	4.090	295300	4.100	934372	4.110	151500	/16843445//39619428/9856734/4.06/4.09//2008-9-18 9:45:37
660/600050/中国联通/4.060	14400	4.050	171200	4.040	22100	4.030	83900	4.020	286500	4.070	145965	4.080	138600	4.090	319700	4.100	941800	4.110	154100	/16843445//40553536/10087034/4.06/4.09//2008-9-18 9:46:38
660/600050/中国联通/4.060	74150	4.050	168900	4.040	21100	4.030	89900	4.020	275300	4.070	140065	4.080	139200	4.090	373200	4.100	952200	4.110	148100	/16843445//41476140/10314184/4.06/4.09//2008-9-18 9:47:38
660/600050/中国联通/4.090	293336	4.070	2200	4.060	105050	4.050	146800	4.040	21200	4.100	943700	4.110	151000	4.120	175600	4.130	76100	4.140	85800	/16843445//44972472/11171148/4.09/4.09//2008-9-18 9:48:38
660/600050/中国联通/4.090	261536	4.080	2700	4.070	29300	4.060	76950	4.050	148400	4.110	75700	4.120	165700	4.130	76800	4.140	95100	4.150	453100	/16843445//49888468/12370148/4.09/4.09//2008-9-18 9:49:39
660/600050/中国联通/4.090	158936	4.080	5000	4.070	32400	4.060	78450	4.050	152200	4.100	6000	4.110	126100	4.120	170100	4.130	61200	4.140	224266	/16843445//53257348/13191948/4.1/4.09//2008-9-18 9:50:39
660/600050/中国联通/4.090	230400	4.070	67800	4.060	140550	4.050	41900	4.040	7800	4.100	576165	4.110	187300	4.120	181900	4.130	75200	4.140	226666	/16843445//57652688/14264884/4.09/4.09//2008-9-18 9:51:39
660/600050/中国联通/4.070	2400	4.060	142150	4.050	70500	4.040	12400	4.030	275600	4.080	59900	4.090	277994	4.100	676363	4.110	298100	4.120	193900	/16843445//59996644/14838984/4.08/4.09//2008-9-18 9:52:39
660/600050/中国联通/4.080	205550	4.070	487100	4.060	49550	4.050	76500	4.040	94500	4.090	294252	4.100	319398	4.110	281500	4.120	197900	4.130	115599	/16843445//61043236/15095534/4.08/4.09//2008-9-18 9:53:40
660/600050/中国联通/4.060	44950	4.050	190600	4.040	198300	4.030	296900	4.020	391800	4.070	16900	4.080	190850	4.090	274852	4.100	379026	4.110	291800	/16843445//64701528/15993384/4.07/4.09//2008-9-18 9:54:40
660/600050/中国联通/4.050	136900	4.040	201400	4.030	308500	4.020	348000	4.010	685900	4.060	5200	4.070	22450	4.080	250850	4.090	312852	4.100	472926	/16843445//65637368/16223934/4.07/4.09//2008-9-18 9:55:40
660/600050/中国联通/4.050	95000	4.040	253200	4.030	308100	4.020	356100	4.010	688800	4.060	10700	4.070	1000	4.080	300	4.090	319100	4.100	500126	/16843445//67824784/16761634/4.05/4.09//2008-9-18 9:56:41
660/600050/中国联通/4.070	42900	4.060	57432	4.050	138700	4.040	262800	4.030	312200	4.080	58000	4.090	19083	4.100	567526	4.110	307300	4.120	208800	/16843445//69359272/17138202/4.07/4.09//2008-9-18 9:57:41
660/600050/中国联通/4.080	115206	4.070	60900	4.060	60732	4.050	87100	4.040	183500	4.090	54825	4.100	599425	4.110	334200	4.120	199700	4.130	147500	/16843445//70052432/17308196/4.08/4.09//2008-9-18 9:58:41
660/600050/中国联通/4.090	178475	4.080	99206	4.070	37700	4.060	38732	4.050	96800	4.100	36297	4.110	357900	4.120	220000	4.130	154800	4.140	212266	/16843445//73297632/18100220/4.09/4.09//2008-9-18 9:59:41
660/600050/中国联通/4.090	122775	4.080	88006	4.070	38700	4.060	33932	4.050	96400	4.100	153500	4.110	147046	4.120	224500	4.130	156400	4.140	245366	/16843445//75361160/18603120/4.1/4.09//2008-9-18 10:0:42
660/600050/中国联通/4.080	96106	4.070	14700	4.060	31632	4.050	99400	4.040	181400	4.090	53500	4.100	831506	4.110	190597	4.120	259800	4.130	157596	/16843445//76289592/18829896/4.09/4.09//2008-9-18 10:1:42
660/600050/中国联通/4.090	12498	4.080	6000	4.070	35100	4.060	35832	4.050	99700	4.100	957106	4.110	223397	4.120	269100	4.130	298096	4.140	261066	/16843445//78765856/19435704/4.09/4.09//2008-9-18 10:2:42
660/600050/中国联通/4.070	57300	4.060	137732	4.050	175500	4.040	182500	4.030	322700	4.080	93100	4.090	475201	4.100	1088252	4.110	355790	4.120	281100	/16843445//79176328/19536302/4.07/4.09//2008-9-18 10:3:42
660/600050/中国联通/4.070	31900	4.060	105032	4.050	188500	4.040	182100	4.030	355400	4.080	1000	4.090	423571	4.100	1083252	4.110	372090	4.120	331500	/16843445//82414888/20330802/4.09/4.09//2008-9-18 10:4:43
660/600050/中国联通/4.060	235600	4.050	214700	4.040	182000	4.030	385100	4.020	356700	4.070	20900	4.080	90787	4.090	510897	4.100	1107352	4.110	366490	/16843445//83699304/20646934/4.07/4.09//2008-9-18 10:5:43
660/600050/中国联通/4.060	114568	4.050	185600	4.040	198500	4.030	382800	4.020	358900	4.070	34499	4.080	26600	4.090	102784	4.100	1129968	4.110	348089	/16843445//88545760/21835966/4.07/4.09//2008-9-18 10:6:43
660/600050/中国联通/4.080	5604	4.070	381510	4.060	136868	4.050	189400	4.040	123600	4.090	150484	4.100	1324868	4.110	373289	4.120	361500	4.130	325996	/16843445//89938320/22177552/4.08/4.09//2008-9-18 10:7:44
660/600050/中国联通/4.080	137804	4.070	390610	4.060	146368	4.050	202900	4.040	120400	4.090	102684	4.100	1374018	4.110	371689	4.120	359700	4.130	329496	/16843445//92996200/22925752/4.09/4.09//2008-9-18 10:8:44
660/600050/中国联通/4.080	300	4.070	389110	4.060	151268	4.050	187900	4.040	113200	4.090	65565	4.100	1209919	4.110	372189	4.120	358200	4.130	330496	/16843445//95272576/23483156/4.08/4.09//2008-9-18 10:9:44
660/600050/中国联通/4.070	102400	4.060	160268	4.050	182800	4.040	112400	4.030	383900	4.080	96420	4.090	135265	4.100	1229747	4.110	370089	4.120	352100	/16843445//96112368/23688956/4.08/4.09//2008-9-18 10:10:44
660/600050/中国联通/4.070	181549	4.060	218368	4.050	198200	4.040	119400	4.030	388500	4.080	16920	4.090	181465	4.100	1247847	4.110	370689	4.120	353700	/16843445//97102304/23931756/4.08/4.09//2008-9-18 10:11:45
660/600050/中国联通/4.070	149909	4.060	219768	4.050	219300	4.040	121200	4.030	388800	4.080	13500	4.090	184765	4.100	1283247	4.110	365789	4.120	401100	/16843445//97557520/24043448/4.08/4.09//2008-9-18 10:12:45
660/600050/中国联通/4.060	44617	4.050	416900	4.040	125200	4.030	388900	4.020	289500	4.070	486400	4.080	54100	4.090	325965	4.100	1283547	4.110	357189	/16843445//99193776/24446008/4.06/4.09//2008-9-18 10:13:45
660/600050/中国联通/4.070	34430	4.060	121100	4.050	394000	4.040	124500	4.030	390800	4.090	107970	4.100	1283247	4.110	357789	4.120	434300	4.130	337641	/16843445//103809568/25577994/4.09/4.09//2008-9-18 10:14:46
660/600050/中国联通/4.080	1400	4.070	22726	4.060	276200	4.050	399700	4.040	128000	4.090	190469	4.100	1327245	4.110	356889	4.120	438500	4.130	339941	/16843445//104335328/25706798/4.09/4.09//2008-9-18 10:15:46
660/600050/中国联通/4.070	187876	4.060	312400	4.050	410300	4.040	128900	4.030	280200	4.080	123100	4.090	244670	4.100	1374095	4.110	353390	4.120	439700	/16843445//104669496/25788648/4.07/4.09//2008-9-18 10:16:46
660/600050/中国联通/4.060	310400	4.050	419400	4.040	129200	4.030	163400	4.020	284200	4.070	4224	4.080	249050	4.090	262800	4.100	1379295	4.110	370790	/16843445//106510144/26240624/4.07/4.09//2008-9-18 10:17:47
660/600050/中国联通/4.070	22100	4.060	16804	4.050	420000	4.040	234400	4.030	166200	4.080	177974	4.090	282300	4.100	1360195	4.110	376790	4.120	449700	/16843445//108964208/26844220/4.07/4.09//2008-9-18 10:18:47
660/600050/中国联通/4.060	110104	4.050	444000	4.040	233200	4.030	237200	4.020	185200	4.070	72404	4.080	3200	4.090	7300	4.100	1350895	4.110	377390	/16843445//112292280/27659820/4.07/4.09//2008-9-18 10:19:47
660/600050/中国联通/4.070	505596	4.060	184698	4.050	642600	4.040	232300	4.030	225700	4.080	153600	4.090	43201	4.100	1341145	4.110	382090	4.120	454000	/16843445//113225392/27888830/4.08/4.09//2008-9-18 10:20:48
660/600050/中国联通/4.090	300	4.080	11700	4.070	409796	4.060	205298	4.050	649400	4.100	1072346	4.110	382690	4.120	450400	4.130	312696	4.140	225590	/16843445//117828784/29015830/4.1/4.09//2008-9-18 10:21:48
660/600050/中国联通/4.080	71600	4.070	416596	4.060	166400	4.050	640600	4.040	232300	4.090	698600	4.100	1080445	4.110	434790	4.120	449500	4.130	293096	/16843445//118617120/29208730/4.08/4.09//2008-9-18 10:22:48
660/600050/中国联通/4.080	28743	4.070	424096	4.060	202000	4.050	620200	4.040	232300	4.090	286100	4.100	1088745	4.110	432390	4.120	409500	4.130	291996	/16843445//120953960/29780388/4.08/4.09//2008-9-18 10:23:48
660/600050/中国联通/4.070	396032	4.060	197500	4.050	621500	4.040	182100	4.030	224900	4.080	41200	4.090	293000	4.100	1105945	4.110	429990	4.120	418500	/16843445//121957000/30026294/4.08/4.09//2008-9-18 10:24:49
660/600050/中国联通/4.080	44793	4.070	370882	4.060	201100	4.050	629000	4.040	183100	4.090	294380	4.100	1145045	4.110	430190	4.120	418600	4.130	300746	/16843445//123771288/30471052/4.08/4.09//2008-9-18 10:25:49
660/600050/中国联通/4.070	355068	4.060	213100	4.050	620800	4.040	183300	4.030	223900	4.080	196373	4.090	318180	4.100	1144745	4.110	440490	4.120	420300	/16843445//124328824/30607758/4.07/4.09//2008-9-18 10:26:49
660/600050/中国联通/4.100	1222137	4.090	307800	4.080	571370	4.070	343968	4.060	201900	4.110	444890	4.120	420900	4.130	307546	4.140	231790	4.150	908699	/16843445//132197640/32529652/4.1/4.09//2008-9-18 10:27:50
660/600050/中国联通/4.110	154503	4.100	1206887	4.090	304900	4.080	553870	4.070	338668	4.120	237700	4.130	294946	4.140	267790	4.150	906699	4.160	185300	/16843445//135478496/33327498/4.12/4.09//2008-9-18 10:28:50
660/600050/中国联通/4.120	266200	4.110	285396	4.100	25000	4.090	309200	4.080	584170	4.130	303346	4.140	383090	4.150	862599	4.160	185900	4.170	101138	/16843445//139316672/34259204/4.13/4.09//2008-9-18 10:29:50
660/600050/中国联通/4.120	194834	4.110	102800	4.100	37500	4.090	315800	4.080	47400	4.130	595576	4.140	426460	4.150	874199	4.160	200400	4.170	106938	/16843445//143274048/35219192/4.12/4.09//2008-9-18 10:30:51
660/600050/中国联通/4.110	160100	4.100	255100	4.090	316600	4.080	54700	4.070	343568	4.120	3531	4.130	377176	4.140	452260	4.150	879899	4.160	205900	/16843445//145764784/35822928/4.13/4.09//2008-9-18 10:31:51
660/600050/中国联通/4.110	38610	4.100	274800	4.090	317800	4.080	107400	4.070	305868	4.120	150099	4.130	1027927	4.140	536160	4.150	909649	4.160	220700	/16843445//147228368/36178520/4.11/4.09//2008-9-18 10:32:51
660/600050/中国联通/4.100	267911	4.090	318800	4.080	112900	4.070	308768	4.060	172300	4.110	62037	4.120	242909	4.130	1053427	4.140	520260	4.150	936149	/16843445//147817184/36321756/4.1/4.09//2008-9-18 10:33:52
660/600050/中国联通/4.110	42134	4.100	204000	4.090	309977	4.080	117900	4.070	308068	4.120	149100	4.130	1003461	4.140	520860	4.150	994249	4.160	228300	/16843445//153745040/37765756/4.11/4.09//2008-9-18 10:34:52
660/600050/中国联通/4.110	26400	4.100	220034	4.090	327877	4.080	123700	4.070	308168	4.120	208189	4.130	1064561	4.140	511190	4.150	1007049	4.160	231310	/16843445//154507680/37951156/4.11/4.09//2008-9-18 10:35:52
660/600050/中国联通/4.090	309611	4.080	138000	4.070	307768	4.060	172900	4.050	664600	4.100	309189	4.110	78300	4.120	231589	4.130	1100961	4.140	534390	/16843445//156027248/38321656/4.1/4.09//2008-9-18 10:36:53
660/600050/中国联通/4.090	241322	4.080	223400	4.070	309168	4.060	172400	4.050	670300	4.100	298589	4.110	78300	4.120	237589	4.130	1103761	4.140	538330	/16843445//157033776/38567648/4.1/4.09//2008-9-18 10:37:53
660/600050/中国联通/4.090	36000	4.080	306277	4.070	305468	4.060	191000	4.050	676400	4.100	331823	4.110	88100	4.120	252989	4.130	1124961	4.140	537330	/16843445//158512768/38929292/4.09/4.09//2008-9-18 10:38:53
660/600050/中国联通/4.080	931177	4.070	310068	4.060	189700	4.050	678300	4.040	187000	4.090	271989	4.100	508123	4.110	110300	4.120	339189	4.130	1137261	/16843445//161281824/39605392/4.09/4.09//2008-9-18 10:39:54
660/600050/中国联通/4.090	52545	4.080	903954	4.070	309468	4.060	191100	4.050	676900	4.100	544423	4.110	93400	4.120	347989	4.130	1146661	4.140	528930	/16843445//163587712/40169268/4.09/4.09//2008-9-18 10:40:54
660/600050/中国联通/4.090	532056	4.080	910854	4.070	309968	4.060	190700	4.050	674700	4.100	63023	4.110	88500	4.120	378789	4.130	492820	4.140	529930	/16843445//170242864/41793960/4.1/4.09//2008-9-18 10:41:54
660/600050/中国联通/4.090	456967	4.080	826954	4.070	312968	4.060	212000	4.050	670300	4.100	514429	4.110	82600	4.120	388989	4.130	492420	4.140	564130	/16843445//171332224/42060048/4.1/4.09//2008-9-18 10:42:55
660/600050/中国联通/4.100	59071	4.090	516778	4.080	829754	4.070	314868	4.060	209300	4.110	89700	4.120	399689	4.130	492620	4.140	585030	4.150	1069049	/16843445//174104800/42736364/4.1/4.09//2008-9-18 10:43:55
660/600050/中国联通/4.090	215760	4.080	839254	4.070	315568	4.060	209800	4.050	759800	4.100	10901	4.110	305400	4.120	400989	4.130	494320	4.140	591230	/16843445//175859664/43165152/4.1/4.09//2008-9-18 10:44:56
660/600050/中国联通/4.090	23970	4.080	838354	4.070	315568	4.060	210300	4.050	772400	4.100	978801	4.110	313200	4.120	458389	4.130	514020	4.140	586230	/16843445//177121184/43473344/4.09/4.09//2008-9-18 10:45:56
660/600050/中国联通/4.070	284502	4.060	198800	4.050	748200	4.040	188800	4.030	242100	4.090	2100	4.100	859720	4.110	314000	4.120	452889	4.130	506020	/16843445//182988960/44910232/4.07/4.09//2008-9-18 10:46:56
660/600050/中国联通/4.070	160813	4.060	215300	4.050	756900	4.040	189300	4.030	254100	4.080	6099	4.090	71100	4.100	959781	4.110	311290	4.120	437289	/16843445//183805872/45110824/4.08/4.09//2008-9-18 10:47:57
660/600050/中国联通/4.070	17124	4.060	236600	4.050	774500	4.040	197700	4.030	254300	4.080	48999	4.090	96600	4.100	1003881	4.110	314300	4.120	438589	/16843445//184506032/45282812/4.08/4.09//2008-9-18 10:48:57
660/600050/中国联通/4.060	56007	4.050	777000	4.040	192800	4.030	254500	4.020	138600	4.070	276600	4.080	116099	4.090	104000	4.100	1030378	4.110	322600	/16843445//185649600/45564328/4.06/4.09//2008-9-18 10:49:57
660/600050/中国联通/4.050	471640	4.040	201900	4.030	235100	4.020	141800	4.010	888500	4.060	113400	4.070	265700	4.080	107299	4.090	71700	4.100	1061178	/16843445//187059696/45912128/4.05/4.09//2008-9-18 10:50:58
660/600050/中国联通/4.050	263	4.040	205300	4.030	235100	4.020	163000	4.010	897200	4.060	208900	4.070	261000	4.080	112199	4.090	92400	4.100	1114618	/16843445//189227136/46447204/4.05/4.09//2008-9-18 10:51:58
660/600050/中国联通/4.060	722900	4.050	99374	4.040	227700	4.030	232500	4.020	184600	4.070	227000	4.080	111098	4.090	90200	4.100	1287018	4.110	107600	/16843445//191131440/46916696/4.06/4.09//2008-9-18 10:52:58
660/600050/中国联通/4.060	396479	4.050	158274	4.040	226100	4.030	249700	4.020	181200	4.070	684700	4.080	113198	4.090	140600	4.100	1291918	4.110	114900	/16843445//192749920/47315216/4.06/4.09//2008-9-18 10:53:59
660/600050/中国联通/4.060	292240	4.050	168274	4.040	364300	4.030	249300	4.020	188300	4.070	752201	4.080	159298	4.090	110900	4.100	1307318	4.110	117600	/16843445//193549040/47511952/4.06/4.09//2008-9-18 10:54:59
660/600050/中国联通/4.050	161508	4.040	465400	4.030	250300	4.020	190000	4.010	862800	4.060	89184	4.070	656101	4.080	161498	4.090	280750	4.100	1275758	/16843445//195491072/47990060/4.05/4.09//2008-9-18 10:56:0
660/600050/中国联通/4.060	850504	4.050	195408	4.040	474100	4.030	252300	4.020	181100	4.070	660701	4.080	163498	4.090	301750	4.100	1303158	4.110	131600	/16843445//196917440/48341356/4.06/4.09//2008-9-18 10:57:0
660/600050/中国联通/4.060	709821	4.050	199308	4.040	474100	4.030	252300	4.020	183200	4.070	643501	4.080	184038	4.090	307850	4.100	1314058	4.110	131500	/16843445//197590688/48507140/4.06/4.09//2008-9-18 10:58:0
660/600050/中国联通/4.060	505489	4.050	198508	4.040	453900	4.030	253300	4.020	183700	4.070	645963	4.080	185738	4.090	390949	4.100	1312958	4.110	135100	/16843445//198576720/48749972/4.06/4.09//2008-9-18 10:59:1
660/600050/中国联通/4.050	129942	4.040	426800	4.030	256100	4.020	181200	4.010	845200	4.060	290450	4.070	617676	4.080	176038	4.090	389949	4.100	1335858	/16843445//201207136/49398024/4.05/4.09//2008-9-18 11:0:1
660/600050/中国联通/4.040	414600	4.030	252000	4.020	180200	4.010	835800	4.000	665500	4.050	145300	4.060	190938	4.070	606676	4.080	178439	4.090	388949	/16843445//205873088/50547968/4.05/4.09//2008-9-18 11:1:2
660/600050/中国联通/4.040	49468	4.030	248800	4.020	208800	4.010	832200	4.000	660600	4.050	218186	4.060	293437	4.070	608376	4.080	180139	4.090	399049	/16843445//207404912/50927100/4.04/4.09//2008-9-18 11:2:2
660/600050/中国联通/4.020	179534	4.010	834200	4.000	653400	3.990	88500	3.980	195700	4.030	349432	4.040	114346	4.050	133587	4.060	265637	4.070	589376	/16843445//213040720/52322832/4.03/4.09//2008-9-18 11:3:2
660/600050/中国联通/4.000	1189452	3.990	91600	3.980	193900	3.970	36000	3.960	167400	4.010	5800	4.020	10800	4.030	409856	4.040	112546	4.050	147577	/16843445//217829584/53517216/4.01/4.09//2008-9-18 11:4:3
660/600050/中国联通/4.020	20800	4.010	382034	4.000	1235787	3.990	96500	3.980	192200	4.030	339256	4.040	39146	4.050	190577	4.060	286537	4.070	585376	/16843445//219492960/53931248/4.02/4.09//2008-9-18 11:5:3
660/600050/中国联通/4.030	893928	4.020	60000	4.010	421502	4.000	1244287	3.990	100800	4.040	40346	4.050	160177	4.060	274137	4.070	593876	4.080	176839	/16843445//221502016/54430992/4.03/4.09//2008-9-18 11:6:4
660/600050/中国联通/4.040	21200	4.030	850698	4.020	190500	4.010	469902	4.000	1441387	4.050	190472	4.060	274387	4.070	593876	4.080	175839	4.090	385649	/16843445//222091424/54576980/4.04/4.09//2008-9-18 11:7:4
660/600050/中国联通/4.050	23956	4.040	81700	4.030	819498	4.020	216000	4.010	443702	4.060	276787	4.070	592876	4.080	180089	4.090	386049	4.100	1215943	/16843445//223725536/54981124/4.05/4.09//2008-9-18 11:8:4
660/600050/中国联通/4.040	34972	4.030	814298	4.020	214500	4.010	395700	4.000	1495187	4.050	10600	4.060	90543	4.070	583976	4.080	179289	4.090	314449	/16843445//225453056/55407408/4.04/4.09//2008-9-18 11:9:5
660/600050/中国联通/4.070	225899	4.050	64000	4.040	148172	4.030	801798	4.020	149000	4.080	675389	4.090	437650	4.100	1222043	4.110	165604	4.120	547500	/16843445//228655536/56194512/4.07/4.09//2008-9-18 11:10:5
660/600050/中国联通/4.070	90771	4.060	400	4.050	83900	4.040	149872	4.030	798898	4.080	536889	4.090	477700	4.100	1242043	4.110	167004	4.120	560500	/16843445//231999360/57014440/4.08/4.09//2008-9-18 11:11:6
660/600050/中国联通/4.050	62734	4.040	130772	4.030	799298	4.020	170900	4.010	395300	4.070	142778	4.080	901439	4.090	519550	4.100	1243253	4.110	166904	/16843445//232539680/57147276/4.05/4.09//2008-9-18 11:12:6
660/600050/中国联通/4.040	131672	4.030	759698	4.020	198800	4.010	413400	4.000	1635987	4.050	26698	4.060	11200	4.070	148678	4.080	859919	4.090	522050	/16843445//234790928/57703108/4.05/4.09//2008-9-18 11:13:7
660/600050/中国联通/4.040	105740	4.030	1259898	4.020	219100	4.010	411800	4.000	1641387	4.050	10898	4.060	14500	4.070	151378	4.080	833769	4.090	523250	/16843445//235456608/57867440/4.05/4.09//2008-9-18 11:14:7
660/600050/中国联通/4.040	45158	4.030	1259298	4.020	220300	4.010	412100	4.000	1684887	4.050	1500	4.060	10898	4.070	156878	4.080	855069	4.090	537050	/16843445//236086240/58023124/4.05/4.09//2008-9-18 11:15:7
660/600050/中国联通/4.040	147758	4.030	1262298	4.020	220400	4.010	484100	4.000	1659187	4.050	18900	4.060	19998	4.070	168378	4.080	836669	4.090	552150	/16843445//236365776/58092224/4.04/4.09//2008-9-18 11:16:8
660/600050/中国联通/4.040	130094	4.030	1261998	4.020	221100	4.010	516700	4.000	1681187	4.050	60600	4.060	60198	4.070	166378	4.080	836669	4.090	594850	/16843445//236754224/58188288/4.04/4.09//2008-9-18 11:17:8
660/600050/中国联通/4.050	16400	4.040	149294	4.030	1256998	4.020	221100	4.010	427900	4.060	99107	4.070	168178	4.080	840669	4.090	594650	4.100	1372353	/16843445//237321792/58328588/4.05/4.09//2008-9-18 11:18:9
660/600050/中国联通/4.040	94894	4.030	1257998	4.020	220600	4.010	427600	4.000	1680487	4.050	99400	4.060	98307	4.070	174842	4.080	840669	4.090	600050	/16843445//239377776/58836188/4.05/4.09//2008-9-18 11:19:9
660/600050/中国联通/4.030	1259198	4.020	220600	4.010	432800	4.000	1693787	3.990	70700	4.040	8700	4.050	131880	4.060	93007	4.070	176642	4.080	843469	/16843445//239999424/58989980/4.04/4.09//2008-9-18 11:20:10
660/600050/中国联通/4.030	1237798	4.020	223400	4.010	430900	4.000	1695087	3.990	70800	4.040	9000	4.050	176380	4.060	94807	4.070	177742	4.080	842169	/16843445//240335296/59073180/4.04/4.09//2008-9-18 11:21:10
660/600050/中国联通/4.030	238498	4.020	252600	4.010	445100	4.000	1701887	3.990	73800	4.040	35100	4.050	200092	4.060	137296	4.070	168142	4.080	864769	/16843445//244787776/60177780/4.04/4.09//2008-9-18 11:22:10
660/600050/中国联通/4.030	90899	4.020	230600	4.010	991300	4.000	1672287	3.990	74300	4.040	130039	4.050	202892	4.060	217998	4.070	170442	4.080	977069	/16843445//245548512/60366480/4.03/4.09//2008-9-18 11:23:11
660/600050/中国联通/4.020	222300	4.010	995400	4.000	1741187	3.990	87200	3.980	205000	4.030	22729	4.040	150841	4.050	194592	4.060	216898	4.070	169442	/16843445//246404064/60578780/4.02/4.09//2008-9-18 11:24:11
660/600050/中国联通/4.020	100690	4.010	1001800	4.000	1741087	3.990	88200	3.980	206000	4.030	30029	4.040	148141	4.050	177092	4.060	180198	4.070	169942	/16843445//247029328/60734288/4.02/4.09//2008-9-18 11:25:12
660/600050/中国联通/4.020	44791	4.010	984200	4.000	1724187	3.990	78300	3.980	216500	4.030	110729	4.040	125141	4.050	181492	4.060	179998	4.070	169742	/16843445//247907392/60952688/4.02/4.09//2008-9-18 11:26:12
660/600050/中国联通/4.010	977800	4.000	1717587	3.990	98800	3.980	218600	3.970	148100	4.020	81108	4.030	114129	4.040	120441	4.050	167592	4.060	178498	/16843445//248355888/61064280/4.02/4.09//2008-9-18 11:27:13
660/600050/中国联通/4.010	891701	4.000	1720287	3.990	84800	3.980	214200	3.970	146300	4.020	79821	4.030	137729	4.040	117741	4.050	169692	4.060	180198	/16843445//249283376/61295480/4.01/4.09//2008-9-18 11:28:13
660/600050/中国联通/4.010	584931	4.000	1738687	3.990	84600	3.980	212400	3.970	146900	4.030	138129	4.040	72441	4.050	176692	4.060	183198	4.070	163142	/16843445//251181120/61768348/4.01/4.09//2008-9-18 11:29:14
660/600050/中国联通/4.010	534340	4.000	1724087	3.990	86100	3.980	218500	3.970	147000	4.020	20280	4.030	140829	4.040	70441	4.050	165092	4.060	184198	/16843445//251537680/61857240/4.02/4.09//2008-9-18 11:30:14
660/600050/中国联通/4.010	534340	4.000	1724087	3.990	86100	3.980	218500	3.970	147000	4.020	20280	4.030	140829	4.040	70441	4.050	165092	4.060	184198	/16843445//251537680/61857240/4.02/4.09//2008-9-18 11:31:15
660/600050/中国联通/4.000	1162873	3.990	99000	3.980	241200	3.970	166500	3.960	236500	4.010	705538	4.020	185833	4.030	132229	4.040	116641	4.050	225592	/16843445//257787888/63416492/4.01/4.09//2008-9-18 13:1:15
660/600050/中国联通/3.990	102100	3.980	239400	3.970	162800	3.960	230200	3.950	793100	4.000	185226	4.010	574238	4.020	177833	4.030	132229	4.040	119141	/16843445//263493488/64842464/3.99/4.09//2008-9-18 13:2:16
660/600050/中国联通/3.970	75900	3.960	228500	3.950	785700	3.940	17600	3.930	34600	3.980	14000	3.990	182030	4.000	274927	4.010	589938	4.020	193133	/16843445//265804864/65422664/3.98/4.09//2008-9-18 13:3:16
660/600050/中国联通/3.980	242480	3.970	95800	3.960	254100	3.950	888500	3.940	25200	3.990	178910	4.000	235427	4.010	605038	4.020	197133	4.030	135200	/16843445//267256928/65787488/3.98/4.09//2008-9-18 13:4:17
660/600050/中国联通/3.980	2050	3.970	165100	3.960	350300	3.950	919300	3.940	31200	3.990	185231	4.000	304727	4.010	605438	4.020	198633	4.030	137500	/16843445//269000032/66225616/3.98/4.09//2008-9-18 13:5:17
660/600050/中国联通/3.980	416800	3.970	202050	3.960	866200	3.950	932800	3.940	33200	3.990	121231	4.000	307457	4.010	582038	4.020	190533	4.030	139000	/16843445//269983232/66472516/3.99/4.09//2008-9-18 13:6:18
660/600050/中国联通/4.000	34343	3.990	99469	3.980	417100	3.970	264350	3.960	879500	4.010	481738	4.020	204397	4.030	141500	4.040	123241	4.050	234892	/16843445//272883552/67197904/4.0/4.09//2008-9-18 13:7:18
660/600050/中国联通/4.000	520900	3.990	168469	3.980	348100	3.970	294450	3.960	887100	4.010	465895	4.020	205897	4.030	134000	4.040	124441	4.050	244269	/16843445//273430080/67334448/4.0/4.09//2008-9-18 13:8:19
660/600050/中国联通/4.000	374250	3.990	172869	3.980	358800	3.970	292450	3.960	886300	4.010	455695	4.020	214897	4.030	134800	4.040	124441	4.050	266769	/16843445//274295712/67550696/4.01/4.09//2008-9-18 13:9:19
660/600050/中国联通/4.000	341175	3.990	50419	3.980	361300	3.970	295450	3.960	846400	4.010	10900	4.020	224597	4.030	152800	4.040	126441	4.050	222089	/16843445//278961952/68716024/4.0/4.09//2008-9-18 13:10:20
660/600050/中国联通/4.000	161775	3.990	58919	3.980	356900	3.970	293750	3.960	881000	4.010	43350	4.020	231647	4.030	156100	4.040	126441	4.050	225989	/16843445//279911136/68953224/4.0/4.09//2008-9-18 13:11:20
660/600050/中国联通/4.000	33691	3.990	57719	3.980	356200	3.970	274550	3.960	888300	4.010	126600	4.020	249647	4.030	154600	4.040	137441	4.050	231589	/16843445//282571136/69618208/4.01/4.09//2008-9-18 13:12:21
660/600050/中国联通/3.990	54919	3.980	386100	3.970	278850	3.960	889000	3.950	945100	4.000	925338	4.010	106700	4.020	244447	4.030	153400	4.040	137441	/16843445//284982368/70221000/3.99/4.09//2008-9-18 13:13:21
660/600050/中国联通/3.980	333800	3.970	274150	3.960	868900	3.950	935600	3.940	31200	3.990	178480	4.000	1027038	4.010	119800	4.020	246547	4.030	153400	/16843445//285564512/70367016/3.98/4.09//2008-9-18 13:14:22
660/600050/中国联通/3.970	256950	3.960	866100	3.950	943100	3.940	42500	3.930	35100	3.980	27182	3.990	185780	4.000	1068538	4.010	118700	4.020	241897	/16843445//287612512/70881312/3.98/4.09//2008-9-18 13:15:22
660/600050/中国联通/3.980	217073	3.970	285750	3.960	878000	3.950	952200	3.940	43500	3.990	166330	4.000	1106538	4.010	161600	4.020	243897	4.030	151700	/16843445//289249952/71292640/3.98/4.09//2008-9-18 13:16:23
660/600050/中国联通/4.000	564469	3.990	205100	3.980	32900	3.970	1400	3.960	352073	4.010	166500	4.020	244364	4.030	134300	4.040	151441	4.050	266089	/16843445//299367904/73831424/4.0/4.09//2008-9-18 13:17:23
660/600050/中国联通/3.990	36500	3.980	73800	3.970	416800	3.960	359673	3.950	962400	4.000	301584	4.010	195100	4.020	246564	4.030	142900	4.040	151441	/16843445//303795168/74938696/3.99/4.09//2008-9-18 13:18:24
660/600050/中国联通/3.980	95200	3.970	422400	3.960	360573	3.950	959900	3.940	34600	3.990	1250	4.000	435674	4.010	185400	4.020	252364	4.030	145700	/16843445//305738368/75424896/3.99/4.09//2008-9-18 13:19:24
660/600050/中国联通/3.980	118651	3.970	50500	3.960	360873	3.950	973700	3.940	34600	3.990	3600	4.000	523236	4.010	189200	4.020	252364	4.030	146600	/16843445//306658304/75655840/3.98/4.09//2008-9-18 13:20:25
660/600050/中国联通/3.990	9600	3.980	188251	3.970	67100	3.960	408173	3.950	987600	4.000	353636	4.010	197400	4.020	252064	4.030	147590	4.040	149641	/16843445//307948864/75978744/3.99/4.09//2008-9-18 13:21:25
660/600050/中国联通/4.000	642894	3.990	155900	3.980	213851	3.970	476200	3.960	375873	4.010	25900	4.020	252064	4.030	146190	4.040	150641	4.050	318789	/16843445//310547776/76628048/4.01/4.09//2008-9-18 13:22:26
660/600050/中国联通/4.020	312886	4.010	24401	4.000	650294	3.990	151100	3.980	320151	4.030	129200	4.040	146941	4.050	314889	4.060	240609	4.070	170778	/16843445//312195840/77038464/4.03/4.09//2008-9-18 13:23:26
660/600050/中国联通/4.020	284486	4.010	14401	4.000	657294	3.990	123800	3.980	313551	4.030	33989	4.040	141141	4.050	310289	4.060	241109	4.070	172978	/16843445//313014848/77241864/4.02/4.09//2008-9-18 13:24:27
660/600050/中国联通/4.030	3811	4.020	225586	4.010	11701	4.000	660194	3.990	121200	4.040	158241	4.050	312389	4.060	249209	4.070	172378	4.080	424169	/16843445//313619424/77391952/4.03/4.09//2008-9-18 13:25:27
660/600050/中国联通/4.020	179486	4.010	15401	4.000	636294	3.990	123600	3.980	318451	4.030	114189	4.040	187541	4.050	326589	4.060	246109	4.070	174078	/16843445//314344352/77571960/4.03/4.09//2008-9-18 13:26:28
660/600050/中国联通/4.030	6711	4.020	184286	4.010	18701	4.000	637994	3.990	124800	4.040	229341	4.050	347689	4.060	247260	4.070	174778	4.080	321969	/16843445//315008800/77736848/4.03/4.09//2008-9-18 13:27:28
660/600050/中国联通/4.020	147086	4.010	29901	4.000	660594	3.990	121500	3.980	321251	4.030	106300	4.040	175120	4.050	317989	4.060	248260	4.070	179078	/16843445//315782400/77928560/4.02/4.09//2008-9-18 13:28:29
660/600050/中国联通/4.020	92106	4.010	32901	4.000	672894	3.990	122700	3.980	359551	4.030	47921	4.040	192820	4.050	329289	4.060	249660	4.070	176578	/16843445//316587200/78128440/4.03/4.09//2008-9-18 13:29:29
660/600050/中国联通/4.010	21101	4.000	670094	3.990	123000	3.980	354551	3.970	75400	4.020	54984	4.030	19200	4.040	178940	4.050	318789	4.060	259960	/16843445//317383712/78326344/4.02/4.09//2008-9-18 13:30:30
660/600050/中国联通/4.020	20900	4.010	23200	4.000	692594	3.990	126200	3.980	357151	4.030	131474	4.040	174240	4.050	318389	4.060	259560	4.070	177478	/16843445//317924224/78460744/4.03/4.09//2008-9-18 13:31:30
660/600050/中国联通/4.010	83500	4.000	690994	3.990	129800	3.980	357351	3.970	71100	4.020	47900	4.030	122674	4.040	159340	4.050	315189	4.060	264560	/16843445//318821984/78683944/4.02/4.09//2008-9-18 13:32:31
660/600050/中国联通/4.030	27300	4.020	776124	4.010	93500	4.000	712694	3.990	130800	4.040	49940	4.050	318889	4.060	262009	4.070	174878	4.080	329679	/16843445//320540480/79110624/4.04/4.09//2008-9-18 13:33:31
660/600050/中国联通/4.050	171471	4.040	317900	4.030	148900	4.020	575300	4.010	91300	4.060	242209	4.070	177258	4.080	327179	4.090	462178	4.100	980487	/16843445//322376960/79564352/4.06/4.09//2008-9-18 13:34:32
660/600050/中国联通/4.060	180291	4.050	384971	4.040	252000	4.030	145800	4.020	606200	4.070	281458	4.080	185589	4.090	452429	4.100	948487	4.110	235800	/16843445//324250976/80025560/4.07/4.09//2008-9-18 13:35:32
660/600050/中国联通/4.080	76311	4.070	57342	4.060	143091	4.050	411271	4.040	249500	4.090	395929	4.100	895787	4.110	250900	4.120	589312	4.130	496427	/16843445//326844928/80661904/4.09/4.09//2008-9-18 13:36:33
660/600050/中国联通/4.100	26084	4.070	24553	4.060	122191	4.050	414871	4.040	246000	4.110	237800	4.120	601312	4.130	483927	4.140	625240	4.150	1053028	/16843445//333041952/82175624/4.1/4.09//2008-9-18 13:37:34
660/600050/中国联通/4.090	255684	4.080	16700	4.070	44553	4.060	131791	4.050	419071	4.100	69800	4.110	229400	4.120	583212	4.130	491327	4.140	625940	/16843445//334457888/82521920/4.09/4.09//2008-9-18 13:38:34
660/600050/中国联通/4.090	159384	4.080	17200	4.070	45653	4.060	140491	4.050	425171	4.100	118800	4.110	274500	4.120	592712	4.130	461227	4.140	551440	/16843445//335199456/82703120/4.1/4.09//2008-9-18 13:39:35
660/600050/中国联通/4.090	140684	4.080	100100	4.070	97453	4.060	147191	4.050	426671	4.100	198900	4.110	369300	4.120	601912	4.130	462727	4.140	550540	/16843445//336034080/82906824/4.09/4.09//2008-9-18 13:40:35
660/600050/中国联通/4.090	17304	4.080	100700	4.070	96153	4.060	143091	4.050	432671	4.100	152700	4.110	381800	4.120	600412	4.130	469127	4.140	542740	/16843445//337305920/83217408/4.09/4.09//2008-9-18 13:41:36
660/600050/中国联通/4.100	242626	4.090	132400	4.080	93000	4.070	97153	4.060	149691	4.110	411000	4.120	573412	4.130	480027	4.140	541740	4.150	1078029	/16843445//338917120/83610584/4.1/4.09//2008-9-18 13:42:36
660/600050/中国联通/4.110	119890	4.100	17900	4.090	120300	4.080	98700	4.070	29953	4.120	62312	4.130	441727	4.140	545440	4.150	1132729	4.160	171310	/16843445//343422304/84705488/4.12/4.09//2008-9-18 13:43:37
660/600050/中国联通/4.110	84290	4.100	17900	4.090	115500	4.080	99600	4.070	28653	4.120	377314	4.130	230527	4.140	591240	4.150	1125329	4.160	172710	/16843445//345276928/85155296/4.12/4.09//2008-9-18 13:44:37
660/600050/中国联通/4.120	77086	4.110	83690	4.100	36000	4.090	112300	4.080	95200	4.130	288327	4.140	613340	4.150	1153979	4.160	185010	4.170	180938	/16843445//347754720/85756608/4.12/4.09//2008-9-18 13:45:38
660/600050/中国联通/4.130	135773	4.120	270586	4.110	83890	4.100	57400	4.090	105800	4.140	664140	4.150	1140080	4.160	184910	4.170	182738	4.180	489550	/16843445//350199648/86348736/4.13/4.09//2008-9-18 13:46:39
660/600050/中国联通/4.120	291186	4.110	83790	4.100	573700	4.090	46200	4.080	94900	4.130	127000	4.140	805550	4.150	963780	4.160	192510	4.170	210138	/16843445//351936512/86769136/4.12/4.09//2008-9-18 13:47:39
660/600050/中国联通/4.120	258386	4.110	87490	4.100	575300	4.090	205700	4.080	94900	4.130	16300	4.140	397850	4.150	976380	4.160	193910	4.170	227638	/16843445//355424128/87612536/4.12/4.09//2008-9-18 13:48:40
660/600050/中国联通/4.120	236286	4.110	90190	4.100	581100	4.090	208700	4.080	94900	4.130	16300	4.140	462273	4.150	1022280	4.160	229110	4.170	227738	/16843445//357327552/88073336/4.13/4.09//2008-9-18 13:49:40
660/600050/中国联通/4.120	100100	4.110	90690	4.100	579500	4.090	188300	4.080	94200	4.130	130072	4.140	594773	4.150	1038780	4.160	233110	4.170	226538	/16843445//359335968/88559632/4.13/4.09//2008-9-18 13:50:41
660/600050/中国联通/4.110	44590	4.100	594900	4.090	187400	4.080	97700	4.070	22453	4.120	166300	4.130	1394499	4.140	714706	4.150	1060880	4.160	307010	/16843445//360321344/88798832/4.11/4.09//2008-9-18 13:51:41
660/600050/中国联通/4.110	4800	4.100	560400	4.090	179100	4.080	105200	4.070	20953	4.120	551425	4.130	1396699	4.140	521406	4.150	1072980	4.160	295310	/16843445//361961504/89197920/4.11/4.09//2008-9-18 13:52:42
660/600050/中国联通/4.110	137236	4.100	548800	4.090	179000	4.080	111100	4.070	37153	4.120	613156	4.130	1395899	4.140	500206	4.150	1134280	4.160	300820	/16843445//363236128/89508088/4.11/4.09//2008-9-18 13:53:42
660/600050/中国联通/4.100	508100	4.090	181500	4.080	100100	4.070	35553	4.060	97400	4.110	317882	4.120	641169	4.130	1397299	4.140	477106	4.150	1140960	/16843445//364193984/89741224/4.1/4.09//2008-9-18 13:54:43
660/600050/中国联通/4.100	279173	4.090	183300	4.080	104000	4.070	35553	4.060	105300	4.110	339982	4.120	682469	4.130	1400300	4.140	496306	4.150	1154960	/16843445//365570144/90076648/4.1/4.09//2008-9-18 13:55:44
660/600050/中国联通/4.100	122481	4.090	277660	4.080	103500	4.070	40053	4.060	105300	4.110	378922	4.120	680369	4.130	1417900	4.140	512656	4.150	1180560	/16843445//367454400/90536280/4.1/4.09//2008-9-18 13:56:44
660/600050/中国联通/4.100	380681	4.090	308160	4.080	116500	4.070	85953	4.060	104100	4.110	22962	4.120	653869	4.130	1376200	4.140	508656	4.150	1185260	/16843445//369774752/91100984/4.11/4.09//2008-9-18 13:57:45
660/600050/中国联通/4.110	22372	4.100	412779	4.090	308160	4.080	110500	4.070	88953	4.120	765269	4.130	1376072	4.140	507256	4.150	1195460	4.160	315120	/16843445//370385568/91249616/4.11/4.09//2008-9-18 13:58:45
660/600050/中国联通/4.110	83472	4.100	755519	4.090	307260	4.080	108700	4.070	89100	4.120	24600	4.130	2000	4.140	9400	4.150	1181253	4.160	316120	/16843445//382087296/94083872/4.11/4.09//2008-9-18 13:59:46
660/600050/中国联通/4.120	23760	4.110	65272	4.100	781719	4.090	309960	4.080	109100	4.130	790700	4.140	126000	4.150	1193853	4.160	316420	4.170	226938	/16843445//383686016/94471312/4.13/4.09//2008-9-18 14:0:47
660/600050/中国联通/4.120	58260	4.110	47032	4.100	798419	4.090	305560	4.080	110500	4.130	548400	4.140	415200	4.150	1220652	4.160	327320	4.170	225938	/16843445//386144096/95067152/4.12/4.09//2008-9-18 14:1:47
660/600050/中国联通/4.110	38032	4.100	827119	4.090	315060	4.080	109600	4.070	89200	4.120	17000	4.130	587169	4.140	457099	4.150	1264552	4.160	330120	/16843445//387562880/95411408/4.11/4.09//2008-9-18 14:2:48
660/600050/中国联通/4.110	188992	4.100	831319	4.090	311260	4.080	111800	4.070	87200	4.120	68449	4.130	642269	4.140	501799	4.150	1287752	4.160	333820	/16843445//388009504/95519952/4.12/4.09//2008-9-18 14:3:48
660/600050/中国联通/4.110	92856	4.100	834019	4.090	511460	4.080	111500	4.070	91000	4.120	7200	4.130	659140	4.140	518899	4.150	1318452	4.160	408520	/16843445//389308896/95835792/4.11/4.09//2008-9-18 14:4:49
660/600050/中国联通/4.120	142160	4.110	257416	4.100	836619	4.090	411460	4.080	108600	4.130	347540	4.140	556699	4.150	1336252	4.160	423970	4.170	236488	/16843445//392762496/96673072/4.12/4.09//2008-9-18 14:5:50
660/600050/中国联通/4.130	66760	4.120	241720	4.110	224816	4.100	755719	4.090	411960	4.140	582099	4.150	1371752	4.160	427070	4.170	239388	4.180	685277	/16843445//394716544/97146248/4.14/4.09//2008-9-18 14:6:50
660/600050/中国联通/4.160	10500	4.150	155200	4.140	253761	4.130	195760	4.120	53300	4.170	37988	4.180	689577	4.190	455000	4.200	1312562	4.210	182200	/16843445//406583072/100005288/4.17/4.09//2008-9-18 14:7:51
660/600050/中国联通/4.190	25300	4.180	159000	4.170	150359	4.160	147412	4.150	78200	4.200	16139	4.210	103500	4.220	370500	4.230	280960	4.240	88990	/16843445//418533600/102857120/4.19/4.09//2008-9-18 14:8:51
660/600050/中国联通/4.210	60100	4.200	588861	4.190	176600	4.180	349433	4.170	182659	4.220	315550	4.230	296960	4.240	311490	4.250	661960	4.260	152000	/16843445//421134720/103475720/4.21/4.09//2008-9-18 14:9:52
660/600050/中国联通/4.200	623361	4.190	173800	4.180	204300	4.170	85700	4.160	72512	4.210	5800	4.220	46532	4.230	280610	4.240	421200	4.250	748060	/16843445//426644000/104782520/4.21/4.09//2008-9-18 14:10:53
660/600050/中国联通/4.200	239760	4.190	170200	4.180	200400	4.170	72200	4.160	62112	4.210	10100	4.220	287250	4.230	346759	4.240	259500	4.250	934760	/16843445//429743232/105519064/4.2/4.09//2008-9-18 14:11:53
660/600050/中国联通/4.200	7500	4.190	178200	4.180	202100	4.170	24000	4.160	43112	4.210	33330	4.220	373150	4.230	378059	4.240	288400	4.250	1043460	/16843445//432998048/106293224/4.21/4.09//2008-9-18 14:12:54
660/600050/中国联通/4.220	9600	4.210	10000	4.200	504505	4.190	184300	4.180	60200	4.230	74079	4.240	333000	4.250	1103960	4.260	216000	4.270	29100	/16843445//437323904/107318520/4.22/4.09//2008-9-18 14:13:55
660/600050/中国联通/4.270	10000	4.260	301400	4.250	1016159	4.240	5300	4.230	150400	4.280	16000	4.290	209050	4.300	444538	4.310	21300	4.320	32100	/16843445//446721280/109529456/4.28/4.09//2008-9-18 14:14:55
660/600050/中国联通/4.290	82945	4.280	78500	4.270	143000	4.260	362700	4.250	1023259	4.300	250738	4.310	28400	4.320	41100	4.330	65500	4.340	49700	/16843445//450702176/110457416/4.29/4.09//2008-9-18 14:15:56
660/600050/中国联通/4.310	100	4.300	494936	4.290	236155	4.280	73700	4.270	136000	4.320	37339	4.330	98600	4.340	130100	4.350	273151	4.360	162900	/16843445//455582816/111590864/4.31/4.09//2008-9-18 14:16:56
660/600050/中国联通/4.320	397801	4.310	1200	4.300	443036	4.290	213355	4.280	46300	4.330	282777	4.340	234399	4.350	366351	4.360	207800	4.370	48400	/16843445//463658656/113460064/4.32/4.09//2008-9-18 14:17:57
660/600050/中国联通/4.290	137255	4.280	57500	4.270	79500	4.260	118400	4.250	1031959	4.300	211187	4.310	16500	4.320	220919	4.330	201477	4.340	236599	/16843445//476034912/116334104/4.3/4.09//2008-9-18 14:18:58
660/600050/中国联通/4.320	42900	4.310	588638	4.300	1293674	4.290	102355	4.280	52700	4.330	38096	4.340	226899	4.350	509846	4.360	253350	4.370	74000	/16843445//481622688/117629688/4.32/4.09//2008-9-18 14:19:58
660/600050/中国联通/4.340	6700	4.330	43365	4.320	265000	4.310	591438	4.300	1230174	4.350	559496	4.360	259900	4.370	74200	4.380	257529	4.390	157542	/16843445//484494112/118292320/4.34/4.09//2008-9-18 14:20:59
660/600050/中国联通/4.370	14500	4.360	910880	4.350	721464	4.340	312070	4.330	126000	4.380	132929	4.390	153442	4.400	610483	4.410	47200	4.420	131600	/16843445//490063648/119570912/4.38/4.09//2008-9-18 14:22:0
660/600050/中国联通/4.380	93866	4.370	248600	4.360	360100	4.350	579564	4.340	243700	4.390	26700	4.400	715026	4.410	143600	4.420	133400	4.430	49832	/16843445//497954656/121366344/4.39/4.09//2008-9-18 14:23:0
660/600050/中国联通/4.360	268600	4.350	537364	4.340	202200	4.330	104300	4.320	121000	4.370	85300	4.380	17400	4.390	20400	4.400	345384	4.410	98039	/16843445//506975392/123421008/4.37/4.09//2008-9-18 14:24:1
660/600050/中国联通/4.390	7100	4.380	89500	4.370	210627	4.360	280200	4.350	525964	4.400	37027	4.410	45700	4.420	145100	4.430	146532	4.440	118400	/16843445//513720064/124953480/4.39/4.09//2008-9-18 14:25:2
660/600050/中国联通/4.380	473400	4.370	9027	4.360	294900	4.350	522164	4.340	149500	4.390	46900	4.400	681367	4.410	103900	4.420	233470	4.430	182332	/16843445//518448736/126030280/4.38/4.09//2008-9-18 14:26:2
660/600050/中国联通/4.360	204627	4.350	525364	4.340	144200	4.330	113200	4.320	126800	4.370	135990	4.380	522355	4.390	325048	4.400	730069	4.410	136200	/16843445//522159584/126878080/4.37/4.09//2008-9-18 14:27:3
660/600050/中国联通/4.330	72700	4.320	71300	4.310	115700	4.300	1365374	4.290	67455	4.340	50747	4.350	616803	4.360	738038	4.370	458929	4.380	508510	/16843445//526539552/127884976/4.33/4.09//2008-9-18 14:28:4
660/600050/中国联通/4.310	37850	4.300	1315274	4.290	70855	4.280	43600	4.270	52900	4.320	172297	4.330	293989	4.340	462280	4.350	626453	4.360	469950	/16843445//528286560/128289520/4.32/4.09//2008-9-18 14:29:4
660/600050/中国联通/4.300	1040643	4.290	49455	4.280	49200	4.270	26100	4.260	107100	4.310	145000	4.320	310717	4.330	243540	4.340	325580	4.350	611152	/16843445//531410624/129014808/4.3/4.09//2008-9-18 14:30:5
660/600050/中国联通/4.310	173266	4.300	912056	4.290	49055	4.280	47200	4.270	34500	4.320	199620	4.330	216240	4.340	247880	4.350	597652	4.360	314450	/16843445//535395456/129940024/4.31/4.09//2008-9-18 14:31:6
660/600050/中国联通/4.320	7600	4.310	208806	4.300	927556	4.290	49055	4.280	45500	4.330	194940	4.340	228480	4.350	276399	4.360	313150	4.370	230659	/16843445//538152384/130578688/4.32/4.09//2008-9-18 14:32:6
660/600050/中国联通/4.340	18200	4.330	338288	4.320	139300	4.310	231606	4.300	921456	4.360	308638	4.370	220559	4.380	486940	4.390	361750	4.400	1994653	/16843445//542353536/131547200/4.34/4.09//2008-9-18 14:33:7
660/600050/中国联通/4.350	399558	4.340	278665	4.330	1367488	4.320	123800	4.310	246606	4.360	90038	4.370	184359	4.380	534260	4.390	375050	4.400	1958353	/16843445//547971136/132838576/4.35/4.09//2008-9-18 14:34:8
660/600050/中国联通/4.360	104100	4.350	137664	4.340	295165	4.330	1355200	4.320	78900	4.370	1000	4.380	2000	4.390	4100	4.400	1000821	4.410	112400	/16843445//560880384/135787072/4.36/4.09//2008-9-18 14:35:8
660/600050/中国联通/4.380	497000	4.370	75900	4.360	1038499	4.350	190864	4.340	300165	4.390	8500	4.400	132950	4.410	155300	4.420	460003	4.430	209832	/16843445//567455168/137283296/4.39/4.09//2008-9-18 14:36:9
660/600050/中国联通/4.380	16182	4.370	288400	4.360	1030299	4.350	181664	4.340	295565	4.390	16790	4.400	19600	4.410	318390	4.420	564392	4.430	221332	/16843445//572773632/138492704/4.38/4.09//2008-9-18 14:37:10
660/600050/中国联通/4.380	478500	4.370	198622	4.360	1028799	4.350	169464	4.340	294965	4.390	35500	4.400	171963	4.410	499339	4.420	665607	4.430	241132	/16843445//579271744/139971264/4.39/4.09//2008-9-18 14:38:10
660/600050/中国联通/4.400	1157088	4.390	23400	4.380	367078	4.370	203922	4.360	1021899	4.410	476149	4.420	731107	4.430	312332	4.440	206100	4.450	952320	/16843445//588043328/141966800/4.4/4.09//2008-9-18 14:39:11
660/600050/中国联通/4.400	516335	4.390	31400	4.380	429578	4.370	46400	4.360	1032799	4.410	4900	4.420	267456	4.430	322832	4.440	267900	4.450	1056730	/16843445//597547072/144122000/4.4/4.09//2008-9-18 14:40:12
660/600050/中国联通/4.380	405778	4.370	44000	4.360	1038199	4.350	84900	4.340	304165	4.390	48399	4.400	316894	4.410	479215	4.420	432205	4.430	355186	/16843445//603020928/145366592/4.39/4.09//2008-9-18 14:41:12
660/600050/中国联通/4.380	94989	4.370	145700	4.360	1049899	4.350	91600	4.340	303365	4.390	341728	4.400	663579	4.410	564665	4.420	617405	4.430	354786	/16843445//606557056/146173680/4.38/4.09//2008-9-18 14:42:13
660/600050/中国联通/4.400	698452	4.390	13600	4.380	178456	4.370	457300	4.360	1039199	4.410	434310	4.420	714505	4.430	353686	4.440	409250	4.450	1342823	/16843445//618771200/148952560/4.4/4.09//2008-9-18 14:43:14
660/600050/中国联通/4.380	603250	4.370	445100	4.360	1041099	4.350	93700	4.340	303165	4.400	1247391	4.410	541760	4.420	734435	4.430	372186	4.440	496750	/16843445//623621056/150054688/4.4/4.09//2008-9-18 14:44:14
660/600050/中国联通/4.380	618044	4.370	423000	4.360	1049299	4.350	97300	4.340	303165	4.400	187523	4.410	711960	4.420	794335	4.430	391886	4.440	533750	/16843445//633179648/152227296/4.4/4.09//2008-9-18 14:45:15
660/600050/中国联通/4.380	451912	4.370	415000	4.360	1054599	4.350	98800	4.340	39100	4.390	22500	4.400	464168	4.410	828550	4.420	1850468	4.430	405986	/16843445//637044288/153107328/4.39/4.09//2008-9-18 14:46:16
660/600050/中国联通/4.370	210294	4.360	1054399	4.350	107300	4.340	39100	4.330	967800	4.380	244550	4.390	284353	4.400	996180	4.410	1031244	4.420	1882334	/16843445//642220288/154289136/4.38/4.09//2008-9-18 14:47:16
660/600050/中国联通/4.360	674127	4.350	108500	4.340	41100	4.330	969700	4.320	53100	4.370	188700	4.380	266175	4.390	391653	4.400	1440581	4.410	900844	/16843445//646942912/155369808/4.36/4.09//2008-9-18 14:48:17
660/600050/中国联通/4.340	38095	4.330	971300	4.320	49200	4.310	103806	4.300	681300	4.350	157830	4.360	705939	4.370	328804	4.380	393175	4.390	434253	/16843445//651274048/156363536/4.34/4.09//2008-9-18 14:49:18
660/600050/中国联通/4.330	508928	4.320	44800	4.310	108506	4.300	722600	4.290	32500	4.340	120419	4.350	303600	4.360	676039	4.370	190150	4.380	399475	/16843445//654185664/157035504/4.33/4.09//2008-9-18 14:50:18
660/600050/中国联通/4.320	128294	4.310	294106	4.300	711600	4.290	34500	4.280	137600	4.330	245784	4.340	195517	4.350	333148	4.360	339439	4.370	167950	/16843445//657781568/157865648/4.33/4.09//2008-9-18 14:51:19
660/600050/中国联通/4.330	300350	4.320	281417	4.310	336206	4.300	753800	4.290	36200	4.340	191118	4.350	389448	4.360	330039	4.370	125450	4.380	460575	/16843445//662070272/158856544/4.33/4.09//2008-9-18 14:52:20
660/600050/中国联通/4.340	681704	4.330	310171	4.320	141100	4.310	320906	4.300	660500	4.350	331448	4.360	351839	4.370	137150	4.380	478775	4.390	460353	/16843445//664185728/159344320/4.34/4.09//2008-9-18 14:53:21
660/600050/中国联通/4.350	12533	4.340	854148	4.330	335971	4.320	103400	4.310	266306	4.360	378500	4.370	201710	4.380	492275	4.390	428700	4.400	1495318	/16843445//667388224/160080832/4.35/4.09//2008-9-18 14:54:21
660/600050/中国联通/4.350	61250	4.340	838558	4.330	357571	4.320	96600	4.310	264406	4.360	614319	4.370	205810	4.380	507275	4.390	446200	4.400	1552008	/16843445//668834688/160413312/4.35/4.09//2008-9-18 14:55:22
660/600050/中国联通/4.340	1411958	4.330	493871	4.320	959500	4.310	266806	4.300	656200	4.350	243039	4.360	558418	4.370	255709	4.380	669625	4.390	518000	/16843445//672630336/161285568/4.35/4.09//2008-9-18 14:56:23
660/600050/中国联通/4.350	83711	4.340	1292558	4.330	511771	4.320	964600	4.310	254206	4.360	628618	4.370	265409	4.380	629725	4.390	501292	4.400	1973936	/16843445//675302848/161900256/4.35/4.09//2008-9-18 14:57:23
660/600050/中国联通/4.340	1280828	4.330	542671	4.320	982700	4.310	251106	4.300	608000	4.350	85800	4.360	695707	4.370	273200	4.380	638225	4.390	506392	/16843445//678619648/162662784/4.35/4.09//2008-9-18 14:58:24
660/600050/中国联通/4.340	679828	4.330	539571	4.320	960100	4.310	245306	4.300	599800	4.350	39650	4.360	712758	4.370	268299	4.380	646625	4.390	495892	/16843445//683243776/163727296/4.35/4.09//2008-9-18 14:59:25
660/600050/中国联通/4.340	509228	4.330	721371	4.320	954800	4.310	242706	4.300	598200	4.350	58949	4.360	749328	4.370	263399	4.380	648025	4.390	476492	/16843445//685745408/164302896/4.35/4.09//2008-9-18 15:0:26
660/600050/中国联通/4.340	509228	4.330	721371	4.320	954800	4.310	242706	4.300	598200	4.350	58949	4.360	749328	4.370	263399	4.380	648025	4.390	476492	/16843445//685745408/164302896/4.35/4.09//2008-9-18 15:1:26
660/600050/中国联通/4.340	509228	4.330	721371	4.320	954800	4.310	242706	4.300	598200	4.350	58949	4.360	749328	4.370	263399	4.380	648025	4.390	476492	/16843445//685745408/164302896/4.35/4.09//2008-9-18 15:2:27
