624/600026/中海发展/9.520	1500	9.510	2000	9.500	34300	9.490	30000	9.480	2800	9.550	300	9.560	5000	9.580	7500	9.600	5700	9.630	500	/16843409//1786029/188373/9.55/10.04//2008-9-18 9:31:34
624/600026/中海发展/9.560	396	9.550	31000	9.530	1000	9.520	6900	9.510	6400	9.570	10000	9.580	5700	9.600	5700	9.630	500	9.650	2600	/16843409//2135661/224977/9.56/10.04//2008-9-18 9:32:35
624/600026/中海发展/9.570	4000	9.560	1300	9.550	800	9.530	1000	9.520	3500	9.580	5650	9.590	19100	9.600	15300	9.650	200	9.670	1300	/16843409//2430675/255777/9.58/10.04//2008-9-18 9:33:35
624/600026/中海发展/9.520	4200	9.510	6600	9.500	47500	9.490	28000	9.480	1500	9.530	6710	9.550	14000	9.560	500	9.570	40406	9.580	4400	/16843409//2818714/296377/9.53/10.04//2008-9-18 9:34:35
624/600026/中海发展/9.500	3000	9.490	22100	9.480	1500	9.470	12500	9.460	1000	9.510	5460	9.520	601	9.530	3700	9.550	10000	9.560	5500	/16843409//4017233/422477/9.51/10.04//2008-9-18 9:35:35
624/600026/中海发展/9.460	1000	9.450	4900	9.430	4000	9.420	3500	9.410	14000	9.470	13000	9.480	2000	9.490	32890	9.500	22300	9.510	10660	/16843409//4446953/467777/9.48/10.04//2008-9-18 9:36:36
624/600026/中海发展/9.420	9700	9.410	14000	9.400	13300	9.380	6100	9.360	1000	9.430	800	9.450	12600	9.470	5785	9.480	13800	9.490	32890	/16843409//4732356/497977/9.43/10.04//2008-9-18 9:37:36
624/600026/中海发展/9.440	300	9.430	21600	9.420	30900	9.410	15300	9.400	15500	9.450	10000	9.470	5985	9.480	21300	9.490	33090	9.500	19300	/16843409//4992616/525577/9.45/10.04//2008-9-18 9:38:36
624/600026/中海发展/9.470	8015	9.460	200	9.450	73100	9.440	7950	9.430	3400	9.480	19100	9.490	32090	9.500	19400	9.510	9060	9.520	500	/16843409//5767616/607719/9.48/10.04//2008-9-18 9:39:36
624/600026/中海发展/9.480	26600	9.470	1115	9.460	2300	9.450	70000	9.440	600	9.490	32990	9.500	22900	9.510	9060	9.520	500	9.530	3600	/16843409//6270099/660719/9.48/10.04//2008-9-18 9:40:36
624/600026/中海发展/9.490	20010	9.480	5400	9.470	915	9.460	1900	9.450	58700	9.500	4300	9.520	360	9.530	3600	9.550	2600	9.560	500	/16843409//7321772/771509/9.5/10.04//2008-9-18 9:41:37
624/600026/中海发展/9.520	3200	9.510	5000	9.500	7300	9.490	9910	9.480	600	9.600	28900	9.650	200	9.670	1300	9.680	10300	9.690	30200	/16843409//7896681/831709/9.6/10.04//2008-9-18 9:42:37
624/600026/中海发展/9.580	1700	9.530	400	9.520	8900	9.510	2500	9.500	8500	9.600	5980	9.620	4150	9.640	1000	9.650	10065	9.670	6500	/16843409//8510029/895609/9.6/10.04//2008-9-18 9:43:37
624/600026/中海发展/9.530	7200	9.520	8000	9.510	2500	9.500	9800	9.490	8310	9.550	17300	9.560	1000	9.580	2020	9.590	2910	9.600	10480	/16843409//8642243/909409/9.55/10.04//2008-9-18 9:44:37
624/600026/中海发展/9.510	200	9.500	8500	9.490	8010	9.480	300	9.470	915	9.520	8700	9.530	9030	9.540	10500	9.550	20900	9.560	1000	/16843409//9099005/957409/9.52/10.04//2008-9-18 9:45:37
624/600026/中海发展/9.510	2200	9.500	13200	9.490	13310	9.480	700	9.470	915	9.520	6730	9.530	10400	9.540	9500	9.550	15900	9.560	2000	/16843409//9270290/975409/9.51/10.04//2008-9-18 9:46:38
624/600026/中海发展/9.530	9200	9.520	14170	9.510	18530	9.500	36800	9.490	16310	9.540	8500	9.550	15900	9.560	2000	9.580	2300	9.590	3710	/16843409//9537835/1003509/9.53/10.04//2008-9-18 9:47:38
624/600026/中海发展/9.510	3930	9.500	37800	9.490	13810	9.480	600	9.470	1315	9.520	4200	9.530	5660	9.540	7200	9.550	16400	9.560	2000	/16843409//10264136/1079779/9.51/10.04//2008-9-18 9:48:38
624/600026/中海发展/9.530	100	9.520	25805	9.510	2630	9.500	37900	9.490	9810	9.540	200	9.550	17400	9.560	2000	9.580	4000	9.590	1000	/16843409//10518445/1106474/9.54/10.04//2008-9-18 9:49:39
624/600026/中海发展/9.550	800	9.540	10900	9.530	39990	9.520	19915	9.510	11730	9.590	18590	9.600	18219	9.620	100	9.640	3100	9.650	12365	/16843409//11138408/1171274/9.59/10.04//2008-9-18 9:50:39
624/600026/中海发展/9.540	4000	9.530	35290	9.520	13415	9.510	10730	9.500	40200	9.550	130	9.570	5200	9.580	1000	9.590	90350	9.600	43409	/16843409//11534238/1212574/9.55/10.04//2008-9-18 9:51:39
624/600026/中海发展/9.500	16415	9.490	9810	9.480	1200	9.470	2015	9.460	3400	9.530	62835	9.540	300	9.570	1000	9.580	3922	9.590	72300	/16843409//13130868/1380264/9.5/10.04//2008-9-18 9:52:39
624/600026/中海发展/9.470	2015	9.460	2900	9.450	3100	9.440	1100	9.430	10000	9.480	1800	9.490	23700	9.500	102975	9.510	1100	9.530	36605	/16843409//13086947/1375689/9.48/10.04//2008-9-18 9:53:40
624/600026/中海发展/9.460	1315	9.450	3100	9.440	1600	9.430	10000	9.420	7200	9.470	16000	9.480	1112	9.490	13500	9.500	53075	9.510	1100	/16843409//13183556/1385889/9.46/10.04//2008-9-18 9:54:40
624/600026/中海发展/9.460	1887	9.450	3100	9.440	1600	9.430	10500	9.420	7500	9.470	37600	9.480	812	9.490	13500	9.500	88075	9.510	1100	/16843409//13443294/1413317/9.47/10.04//2008-9-18 9:55:40
624/600026/中海发展/9.450	2400	9.440	2800	9.430	10500	9.420	6700	9.410	33800	9.460	1213	9.470	33600	9.480	812	9.490	3600	9.500	35100	/16843409//13590785/1428904/9.46/10.04//2008-9-18 9:56:41
624/600026/中海发展/9.470	7000	9.460	4200	9.450	27100	9.440	6600	9.430	10100	9.480	5525	9.490	3600	9.500	35100	9.510	1100	9.530	36805	/16843409//13979917/1470004/9.46/10.04//2008-9-18 9:57:41
624/600026/中海发展/9.470	13500	9.460	11700	9.450	19600	9.440	7400	9.430	11100	9.480	9700	9.490	3600	9.500	35100	9.510	1100	9.530	39805	/16843409//14256632/1499204/9.48/10.04//2008-9-18 9:58:41
624/600026/中海发展/9.470	1100	9.460	12500	9.450	18400	9.440	6400	9.430	1600	9.480	3700	9.500	30000	9.510	1100	9.530	41405	9.550	500	/16843409//14709827/1547004/9.48/10.04//2008-9-18 9:59:41
624/600026/中海发展/9.450	17200	9.440	6400	9.430	1600	9.420	6700	9.410	36800	9.460	74400	9.470	500	9.480	9900	9.500	30000	9.510	1100	/16843409//14870751/1564004/9.46/10.04//2008-9-18 10:0:42
624/600026/中海发展/9.400	6000	9.390	200	9.380	8200	9.360	10400	9.350	5100	9.410	700	9.430	2100	9.440	12900	9.450	2300	9.460	75400	/16843409//15660740/1647904/9.4/10.04//2008-9-18 10:1:42
624/600026/中海发展/9.380	2400	9.360	10400	9.350	7500	9.340	4500	9.330	15400	9.390	32264	9.400	52200	9.420	5500	9.430	3200	9.440	800	/16843409//15953713/1679104/9.38/9.38//2008-9-18 10:2:42
624/600026/中海发展/9.360	10280	9.350	3000	9.340	4500	9.330	15400	9.320	2800	9.380	3600	9.390	30664	9.400	33200	9.420	2000	9.430	2600	/16843409//16303027/1716424/9.36/9.38//2008-9-18 10:3:42
624/600026/中海发展/9.380	16200	9.370	15600	9.360	11400	9.350	5800	9.340	5900	9.400	47700	9.460	200	9.470	1100	9.480	500	9.500	32700	/16843409//17992860/1896388/9.42/9.38//2008-9-18 10:4:43
624/600026/中海发展/9.400	51900	9.390	1900	9.380	18600	9.370	12600	9.360	18000	9.420	3000	9.450	600	9.460	200	9.470	600	9.480	1345	/16843409//18548134/1955488/9.4/9.38//2008-9-18 10:5:43
624/600026/中海发展/9.450	3700	9.440	500	9.430	22500	9.420	24670	9.410	300	9.470	100	9.480	3345	9.490	2000	9.500	33700	9.510	1100	/16843409//18649464/1966218/9.45/9.38//2008-9-18 10:6:43
624/600026/中海发展/9.460	4700	9.440	900	9.430	20300	9.420	24670	9.410	300	9.470	100	9.480	5145	9.490	3722	9.500	32800	9.510	1100	/16843409//18818658/1984118/9.46/9.38//2008-9-18 10:7:44
624/600026/中海发展/9.450	200	9.440	24400	9.430	20300	9.420	24670	9.410	300	9.460	18800	9.470	1700	9.480	5145	9.490	4622	9.500	32800	/16843409//19015250/2004918/9.46/9.38//2008-9-18 10:8:44
624/600026/中海发展/9.470	12100	9.460	12100	9.450	18400	9.440	23800	9.430	23000	9.480	5145	9.490	9622	9.500	33100	9.510	1100	9.530	36105	/16843409//19264970/2031318/9.47/9.38//2008-9-18 10:9:44
624/600026/中海发展/9.470	5455	9.460	12100	9.450	16600	9.440	18800	9.430	22700	9.480	9100	9.490	12122	9.500	31300	9.510	2100	9.530	36105	/16843409//19470122/2052963/9.48/9.38//2008-9-18 10:10:44
624/600026/中海发展/9.470	2855	9.460	10100	9.450	15900	9.440	5000	9.430	2700	9.480	9500	9.490	12622	9.500	31300	9.510	4495	9.530	36105	/16843409//19627444/2069563/9.48/9.38//2008-9-18 10:11:45
624/600026/中海发展/9.470	3555	9.460	10100	9.450	25600	9.440	5000	9.430	2700	9.480	13000	9.490	3822	9.500	34700	9.510	2100	9.530	36105	/16843409//19987812/2107563/9.49/9.38//2008-9-18 10:12:45
624/600026/中海发展/9.440	900	9.430	2800	9.420	24100	9.410	300	9.400	3500	9.450	32540	9.470	1200	9.480	5500	9.490	7322	9.500	34700	/16843409//20384272/2149518/9.44/9.38//2008-9-18 10:13:45
624/600026/中海发展/9.390	900	9.380	5100	9.370	12300	9.360	13900	9.350	10800	9.400	9800	9.410	900	9.440	3900	9.450	30145	9.470	1200	/16843409//20843040/2198218/9.4/9.38//2008-9-18 10:14:46
624/600026/中海发展/9.400	3000	9.390	8800	9.380	19200	9.370	12300	9.360	13900	9.410	900	9.430	822	9.440	14100	9.450	29745	9.470	1200	/16843409//21247240/2241218/9.4/9.38//2008-9-18 10:15:46
624/600026/中海发展/9.450	102255	9.440	6500	9.430	10178	9.420	1400	9.410	9500	9.470	700	9.480	5500	9.490	7322	9.500	63608	9.510	2100	/16843409//21751176/2294485/9.45/9.38//2008-9-18 10:16:46
624/600026/中海发展/9.480	1600	9.470	5378	9.460	2300	9.450	103155	9.430	7178	9.500	31008	9.510	2100	9.530	37105	9.540	100	9.550	6000	/16843409//22190230/2340707/9.5/9.38//2008-9-18 10:17:47
624/600026/中海发展/9.510	2300	9.500	20902	9.490	10000	9.480	4900	9.470	1978	9.530	33505	9.540	100	9.550	6000	9.560	1400	9.570	1000	/16843409//22661490/2390305/9.53/9.38//2008-9-18 10:18:47
624/600026/中海发展/9.520	1200	9.510	2500	9.500	3402	9.490	10000	9.480	4600	9.530	7355	9.550	2500	9.560	1400	9.570	1000	9.580	2500	/16843409//23326162/2460105/9.53/9.38//2008-9-18 10:19:47
624/600026/中海发展/9.490	10000	9.480	4300	9.470	500	9.460	2600	9.450	23855	9.500	34698	9.520	2000	9.530	17100	9.550	1020	9.560	1000	/16843409//24545902/2587507/9.5/9.38//2008-9-18 10:20:48
624/600026/中海发展/9.500	10502	9.490	6300	9.480	4300	9.470	500	9.460	3200	9.530	1300	9.550	2520	9.560	1000	9.580	7300	9.590	9800	/16843409//25631714/2701805/9.53/9.38//2008-9-18 10:21:48
624/600026/中海发展/9.490	8300	9.480	4300	9.470	500	9.460	6400	9.450	24555	9.500	12058	9.530	1300	9.550	12120	9.560	1000	9.580	5300	/16843409//25849440/2724707/9.5/9.38//2008-9-18 10:22:48
624/600026/中海发展/9.490	8300	9.480	4300	9.470	500	9.460	6400	9.450	25555	9.500	7600	9.510	3986	9.520	1000	9.530	5880	9.540	400	/16843409//26646228/2808507/9.5/9.38//2008-9-18 10:23:48
624/600026/中海发展/9.480	3300	9.470	1500	9.460	6200	9.450	24855	9.430	8178	9.490	26153	9.500	10200	9.510	3986	9.520	1000	9.540	2000	/16843409//26710744/2815307/9.49/9.38//2008-9-18 10:24:49
624/600026/中海发展/9.450	21777	9.430	8178	9.410	4900	9.400	8000	9.390	11500	9.460	11100	9.480	2686	9.490	9352	9.500	41700	9.520	3400	/16843409//26863018/2831385/9.45/9.38//2008-9-18 10:25:49
624/600026/中海发展/9.450	12338	9.430	8178	9.410	5300	9.400	17700	9.390	11500	9.460	11500	9.480	8000	9.490	12752	9.500	31700	9.520	3400	/16843409//27152774/2862024/9.46/9.38//2008-9-18 10:26:49
624/600026/中海发展/9.410	5600	9.400	17700	9.390	11500	9.380	16000	9.370	12700	9.430	6347	9.450	6890	9.480	8000	9.490	4900	9.500	32800	/16843409//27438140/2892240/9.43/9.38//2008-9-18 10:27:50
624/600026/中海发展/9.400	16322	9.390	11500	9.380	16300	9.370	12700	9.360	57200	9.410	7300	9.450	6890	9.480	8100	9.490	11900	9.500	32800	/16843409//27694882/2919518/9.41/9.38//2008-9-18 10:28:50
624/600026/中海发展/9.410	11800	9.400	17769	9.390	11700	9.380	16300	9.370	13200	9.430	18200	9.450	1690	9.480	8600	9.490	11900	9.500	33000	/16843409//27822550/2933071/9.42/9.38//2008-9-18 10:29:50
624/600026/中海发展/9.410	8510	9.400	18241	9.390	11700	9.380	16400	9.370	13200	9.480	8600	9.490	11900	9.500	33000	9.530	1000	9.550	14620	/16843409//28098514/2962389/9.41/9.38//2008-9-18 10:30:51
624/600026/中海发展/9.410	11982	9.400	19241	9.390	11700	9.380	16600	9.370	13200	9.420	15400	9.430	3000	9.460	400	9.470	15900	9.480	8600	/16843409//28136470/2966417/9.42/9.38//2008-9-18 10:31:51
624/600026/中海发展/9.420	800	9.410	1672	9.400	18441	9.390	11700	9.380	16800	9.430	2300	9.460	500	9.470	8000	9.480	8500	9.490	12900	/16843409//28610544/3016745/9.43/9.38//2008-9-18 10:32:51
624/600026/中海发展/9.390	485	9.380	16800	9.370	13200	9.360	58500	9.350	12400	9.430	1800	9.460	2000	9.470	8000	9.480	8500	9.490	21900	/16843409//29030102/3061373/9.39/9.38//2008-9-18 10:33:52
624/600026/中海发展/9.390	5500	9.380	16057	9.370	12700	9.360	58500	9.350	12600	9.460	2000	9.470	8000	9.480	8500	9.490	23900	9.500	33200	/16843409//29357252/3096201/9.39/9.38//2008-9-18 10:34:52
624/600026/中海发展/9.410	9672	9.400	3500	9.390	26000	9.380	16257	9.370	12700	9.420	9900	9.440	100	9.450	500	9.460	2400	9.470	8000	/16843409//29339846/3094329/9.42/9.38//2008-9-18 10:35:52
624/600026/中海发展/9.410	8044	9.400	3600	9.390	22600	9.380	16057	9.370	12300	9.420	10000	9.450	5400	9.460	2900	9.470	8000	9.480	8500	/16843409//29590670/3120957/9.42/9.38//2008-9-18 10:36:53
624/600026/中海发展/9.430	5000	9.420	1000	9.410	500	9.400	4000	9.390	22600	9.450	5900	9.460	2900	9.470	8000	9.480	8500	9.490	22900	/16843409//29929064/3156885/9.42/9.38//2008-9-18 10:37:53
624/600026/中海发展/9.420	473	9.410	9500	9.400	2600	9.390	22900	9.380	10957	9.450	18000	9.460	3300	9.470	8000	9.480	8500	9.490	22900	/16843409//30036968/3168312/9.45/9.38//2008-9-18 10:38:53
624/600026/中海发展/9.420	6545	9.410	9500	9.400	4100	9.390	22900	9.380	11057	9.440	100	9.460	1100	9.470	8000	9.480	8500	9.490	22900	/16843409//30310630/3197340/9.42/9.38//2008-9-18 10:39:54
624/600026/中海发展/9.420	8445	9.410	9500	9.400	10500	9.390	22900	9.380	11057	9.430	12328	9.440	3600	9.450	200	9.460	1600	9.470	3000	/16843409//30354002/3201940/9.43/9.38//2008-9-18 10:40:54
624/600026/中海发展/9.420	9145	9.410	9500	9.400	10300	9.390	22900	9.380	11057	9.430	14056	9.440	3600	9.460	1400	9.470	3000	9.480	8500	/16843409//30502048/3217640/9.43/9.38//2008-9-18 10:41:54
624/600026/中海发展/9.410	600	9.400	12700	9.390	22900	9.380	11057	9.370	12300	9.420	8583	9.430	1000	9.440	2900	9.460	1400	9.470	3000	/16843409//30649494/3233285/9.42/9.38//2008-9-18 10:42:55
624/600026/中海发展/9.390	22900	9.380	10857	9.370	12300	9.360	9400	9.350	15100	9.400	8128	9.430	3000	9.440	2900	9.460	1400	9.470	3700	/16843409//30787702/3247985/9.4/9.38//2008-9-18 10:43:55
624/600026/中海发展/9.380	3757	9.370	12300	9.360	9400	9.350	15700	9.340	500	9.390	34028	9.400	35600	9.430	3000	9.460	900	9.470	3700	/16843409//31102324/3281485/9.39/9.38//2008-9-18 10:44:56
624/600026/中海发展/9.370	13700	9.360	9400	9.350	15700	9.340	500	9.330	1700	9.380	21671	9.390	35228	9.400	34600	9.430	3000	9.460	900	/16843409//31227654/3294842/9.38/9.38//2008-9-18 10:45:56
624/600026/中海发展/9.330	1400	9.320	7200	9.310	10500	9.300	92300	9.290	3100	9.350	6628	9.360	22100	9.380	2600	9.390	25728	9.400	37200	/16843409//31767780/3352542/9.35/9.38//2008-9-18 10:46:56
624/600026/中海发展/9.340	5000	9.330	15900	9.320	7472	9.310	11800	9.300	37000	9.350	10328	9.360	30300	9.380	2300	9.390	25728	9.400	37200	/16843409//32137462/3392170/9.34/9.38//2008-9-18 10:47:57
624/600026/中海发展/9.330	12100	9.320	4600	9.310	12300	9.300	39500	9.290	3100	9.340	28600	9.350	116328	9.360	10300	9.380	2300	9.390	25728	/16843409//32213340/3400298/9.34/9.38//2008-9-18 10:48:57
624/600026/中海发展/9.320	13972	9.310	13000	9.300	39100	9.290	3100	9.280	6900	9.330	8400	9.340	5500	9.350	110128	9.360	10300	9.380	2300	/16843409//32568188/3438326/9.33/9.38//2008-9-18 10:49:57
624/600026/中海发展/9.320	5619	9.310	13800	9.300	40100	9.290	3100	9.280	6900	9.330	1100	9.340	5700	9.350	106000	9.360	10300	9.380	2300	/16843409//32862468/3469879/9.33/9.38//2008-9-18 10:50:58
624/600026/中海发展/9.280	5875	9.270	4700	9.260	1100	9.250	17500	9.230	800	9.310	987	9.330	15200	9.350	9800	9.360	10300	9.380	2300	/16843409//34664400/3663048/9.28/9.38//2008-9-18 10:51:58
624/600026/中海发展/9.300	2000	9.290	9085	9.280	7975	9.270	4700	9.260	12600	9.310	9000	9.330	800	9.340	8000	9.350	9100	9.360	10300	/16843409//34802080/3677838/9.31/9.38//2008-9-18 10:52:58
624/600026/中海发展/9.300	16300	9.280	8375	9.270	6000	9.260	12600	9.250	22400	9.330	1800	9.340	8000	9.350	9100	9.360	10300	9.380	2500	/16843409//35081208/3707866/9.3/9.38//2008-9-18 10:53:59
624/600026/中海发展/9.290	21200	9.280	14175	9.270	5800	9.260	16400	9.250	22600	9.300	2628	9.330	1700	9.340	9900	9.350	9100	9.360	10000	/16843409//35353804/3737166/9.3/9.38//2008-9-18 10:54:59
624/600026/中海发展/9.300	3900	9.290	19372	9.280	14175	9.270	5500	9.260	16900	9.330	328	9.340	9900	9.350	9100	9.360	10000	9.380	2300	/16843409//35621944/3765994/9.3/9.38//2008-9-18 10:56:0
624/600026/中海发展/9.300	7572	9.290	18472	9.280	14175	9.270	5600	9.260	16900	9.320	2600	9.330	428	9.340	9900	9.350	9100	9.360	10000	/16843409//35904000/3796322/9.3/9.38//2008-9-18 10:57:0
624/600026/中海发展/9.290	1096	9.280	14475	9.270	6100	9.260	16900	9.250	29800	9.300	6700	9.310	5700	9.320	4100	9.330	728	9.340	2400	/16843409//36247444/3833270/9.3/9.38//2008-9-18 10:58:0
624/600026/中海发展/9.270	6600	9.260	15900	9.250	29800	9.230	900	9.220	7400	9.280	2629	9.300	20910	9.310	6100	9.320	7900	9.330	528	/16843409//36472792/3857541/9.28/9.38//2008-9-18 10:59:1
624/600026/中海发展/9.250	4400	9.230	900	9.220	7400	9.210	17700	9.200	97100	9.270	1100	9.300	13110	9.310	6100	9.320	7900	9.330	528	/16843409//37007248/3915241/9.25/9.38//2008-9-18 11:0:1
624/600026/中海发展/9.220	17400	9.210	17700	9.200	95000	9.190	2200	9.180	27500	9.230	14800	9.260	5700	9.270	4600	9.300	14110	9.310	400	/16843409//37069192/3921941/9.23/9.38//2008-9-18 11:1:2
624/600026/中海发展/9.210	12400	9.200	93800	9.190	2200	9.180	27500	9.160	2900	9.220	500	9.230	6800	9.250	200	9.260	5700	9.270	4600	/16843409//37568776/3976141/9.21/9.38//2008-9-18 11:2:2
624/600026/中海发展/9.240	30800	9.230	10400	9.220	10900	9.210	11700	9.200	94100	9.250	23700	9.260	5700	9.270	4600	9.280	500	9.300	12100	/16843409//37825660/4003941/9.25/9.38//2008-9-18 11:3:2
624/600026/中海发展/9.240	27700	9.230	10400	9.220	10400	9.210	13000	9.200	94700	9.250	9900	9.260	4900	9.270	4600	9.280	500	9.300	12100	/16843409//38249288/4049741/9.25/9.38//2008-9-18 11:4:3
624/600026/中海发展/9.240	24301	9.230	10400	9.220	10400	9.210	24000	9.200	94700	9.250	100	9.260	500	9.270	4600	9.280	500	9.300	13800	/16843409//38653492/4093440/9.25/9.38//2008-9-18 11:5:3
624/600026/中海发展/9.260	5800	9.250	12200	9.240	24201	9.230	10800	9.220	10500	9.270	10600	9.280	100	9.300	12300	9.310	1000	9.320	7400	/16843409//38837064/4113240/9.27/9.38//2008-9-18 11:6:4
624/600026/中海发展/9.300	4425	9.260	17600	9.250	11800	9.240	3100	9.230	11400	9.310	1000	9.320	7000	9.330	1928	9.340	2400	9.350	23323	/16843409//39183956/4150615/9.3/9.38//2008-9-18 11:7:4
624/600026/中海发展/9.310	200	9.300	7225	9.280	1500	9.270	3100	9.260	19100	9.320	2000	9.330	1928	9.340	4400	9.350	23323	9.360	1000	/16843409//39442600/4178415/9.31/9.38//2008-9-18 11:8:4
624/600026/中海发展/9.300	9625	9.280	1500	9.270	3100	9.260	17900	9.250	12300	9.320	2900	9.330	428	9.340	4400	9.350	13400	9.360	1000	/16843409//39595288/4194815/9.32/9.38//2008-9-18 11:9:5
624/600026/中海发展/9.270	1800	9.260	17900	9.250	11500	9.240	1000	9.230	11400	9.280	19100	9.300	50975	9.320	2900	9.330	428	9.340	4400	/16843409//39744304/4210840/9.27/9.38//2008-9-18 11:10:5
624/600026/中海发展/9.260	13000	9.250	11500	9.240	1000	9.230	11400	9.220	10500	9.270	13300	9.280	4600	9.300	50975	9.320	1900	9.330	928	/16843409//39836140/4220740/9.27/9.38//2008-9-18 11:11:6
624/600026/中海发展/9.260	2000	9.250	11500	9.240	1000	9.230	11000	9.220	10500	9.270	300	9.280	2800	9.300	47175	9.320	1900	9.330	928	/16843409//40079720/4247040/9.26/9.38//2008-9-18 11:12:6
624/600026/中海发展/9.280	6100	9.260	100	9.250	4200	9.240	1500	9.230	11000	9.300	47175	9.320	1900	9.330	928	9.340	2400	9.350	14400	/16843409//40379864/4279440/9.28/9.38//2008-9-18 11:13:7
624/600026/中海发展/9.260	10100	9.250	5900	9.240	3500	9.230	11000	9.220	700	9.280	22600	9.290	6500	9.300	37175	9.320	1900	9.330	928	/16843409//40581440/4301140/9.28/9.38//2008-9-18 11:14:7
624/600026/中海发展/9.250	6000	9.240	3500	9.230	11000	9.220	700	9.210	20300	9.280	18700	9.290	6500	9.300	39575	9.320	1900	9.330	928	/16843409//41018104/4348240/9.28/9.38//2008-9-18 11:15:7
624/600026/中海发展/9.290	500	9.280	30701	9.260	500	9.250	8000	9.240	6000	9.300	6975	9.320	4900	9.330	700	9.340	4400	9.350	14400	/16843409//41589792/4409739/9.3/9.38//2008-9-18 11:16:8
624/600026/中海发展/9.290	600	9.280	13601	9.260	500	9.250	8000	9.240	6000	9.300	100	9.310	500	9.320	3600	9.330	200	9.340	4400	/16843409//41804300/4432839/9.3/9.38//2008-9-18 11:17:8
624/600026/中海发展/9.290	600	9.280	100	9.260	500	9.250	9000	9.240	4900	9.320	17000	9.330	12100	9.340	4400	9.350	14400	9.360	1000	/16843409//41917988/4445039/9.32/9.38//2008-9-18 11:18:9
624/600026/中海发展/9.280	100	9.260	500	9.250	9000	9.240	4900	9.230	11000	9.290	10000	9.310	25495	9.320	14300	9.330	7100	9.340	4400	/16843409//41923560/4445639/9.29/9.38//2008-9-18 11:19:9
624/600026/中海发展/9.260	500	9.250	9000	9.240	4900	9.230	11000	9.220	2600	9.280	15000	9.290	500	9.300	11600	9.310	19495	9.320	13000	/16843409//41924488/4445739/9.28/9.38//2008-9-18 11:20:10
624/600026/中海发展/9.250	9000	9.240	3700	9.230	11000	9.220	2600	9.210	20300	9.260	1400	9.270	700	9.280	1800	9.290	1500	9.300	15100	/16843409//42098584/4464539/9.26/9.38//2008-9-18 11:21:10
624/600026/中海发展/9.250	1000	9.240	4800	9.230	11000	9.220	2600	9.210	20300	9.260	39300	9.270	700	9.280	1800	9.290	1500	9.300	15100	/16843409//42369760/4493839/9.25/9.38//2008-9-18 11:22:10
624/600026/中海发展/9.270	200	9.260	58901	9.250	1000	9.240	7000	9.230	11000	9.280	1800	9.290	1500	9.300	16300	9.310	2500	9.320	12000	/16843409//43110760/4573838/9.27/9.38//2008-9-18 11:23:11
624/600026/中海发展/9.260	5601	9.250	1000	9.240	6900	9.230	11000	9.220	2900	9.300	11100	9.310	3500	9.320	12000	9.330	1200	9.340	4400	/16843409//43286152/4592738/9.26/9.38//2008-9-18 11:24:11
624/600026/中海发展/9.260	10200	9.250	6900	9.240	8400	9.230	11000	9.220	2900	9.300	20627	9.310	20495	9.320	12000	9.330	1200	9.340	4400	/16843409//43645080/4631439/9.3/9.38//2008-9-18 11:25:12
624/600026/中海发展/9.250	20200	9.240	6900	9.230	11000	9.220	2900	9.210	19600	9.260	200	9.280	200	9.290	2000	9.300	16400	9.310	20495	/16843409//43797876/4647939/9.26/9.38//2008-9-18 11:26:12
624/600026/中海发展/9.250	20200	9.240	6900	9.230	11000	9.220	4700	9.210	19600	9.260	3600	9.300	24300	9.310	19495	9.320	11000	9.330	1200	/16843409//43915652/4660639/9.26/9.38//2008-9-18 11:27:13
624/600026/中海发展/9.270	800	9.260	20100	9.250	20200	9.240	6900	9.230	11000	9.290	3000	9.300	28800	9.310	20495	9.320	11000	9.330	1200	/16843409//44403720/4713139/9.29/9.38//2008-9-18 11:28:13
624/600026/中海发展/9.240	5200	9.230	11000	9.220	4700	9.210	19600	9.200	105400	9.270	9400	9.290	9229	9.300	3600	9.310	19495	9.320	11000	/16843409//44818412/4757939/9.27/9.38//2008-9-18 11:29:14
624/600026/中海发展/9.250	500	9.230	11000	9.220	4700	9.210	21100	9.200	105400	9.270	600	9.290	9129	9.300	4300	9.310	21495	9.320	11000	/16843409//44932088/4770239/9.27/9.38//2008-9-18 11:30:14
624/600026/中海发展/9.250	500	9.230	11000	9.220	4700	9.210	21100	9.200	105400	9.270	600	9.290	9129	9.300	4300	9.310	21495	9.320	11000	/16843409//44932088/4770239/9.27/9.38//2008-9-18 11:31:15
624/600026/中海发展/9.200	98000	9.190	200	9.180	19400	9.160	4500	9.150	10400	9.240	4100	9.250	185690	9.270	300	9.280	500	9.290	7079	/16843409//45506356/4832439/9.2/9.38//2008-9-18 13:1:15
624/600026/中海发展/9.190	700	9.180	19400	9.160	4500	9.150	10400	9.140	1000	9.200	599	9.210	27260	9.240	4000	9.250	2590	9.270	300	/16843409//46451240/4935140/9.2/9.38//2008-9-18 13:2:16
624/600026/中海发展/9.160	4500	9.150	10400	9.140	1000	9.120	1000	9.110	4100	9.170	500	9.180	2000	9.190	25555	9.200	11663	9.210	3000	/16843409//46672536/4959239/9.18/9.38//2008-9-18 13:3:16
624/600026/中海发展/9.210	22240	9.160	2000	9.150	10400	9.140	1000	9.120	1000	9.250	2590	9.270	300	9.290	7079	9.300	6400	9.310	19495	/16843409//47225084/5019399/9.21/9.38//2008-9-18 13:4:17
624/600026/中海发展/9.170	10200	9.160	7600	9.150	14400	9.140	1000	9.120	1000	9.210	3792	9.250	1290	9.270	300	9.290	7079	9.300	6200	/16843409//47452992/5044139/9.21/9.38//2008-9-18 13:5:17
624/600026/中海发展/9.210	24808	9.200	5000	9.180	12800	9.170	10200	9.160	8100	9.250	4290	9.270	300	9.280	2400	9.290	7079	9.300	9400	/16843409//47701588/5071131/9.21/9.38//2008-9-18 13:6:18
624/600026/中海发展/9.220	5100	9.210	26508	9.200	5400	9.180	12800	9.170	10200	9.230	14900	9.250	3090	9.270	300	9.280	2400	9.290	9079	/16843409//47726532/5073831/9.23/9.38//2008-9-18 13:7:18
624/600026/中海发展/9.210	24708	9.200	5500	9.180	11700	9.170	200	9.160	5000	9.220	10700	9.230	2100	9.240	3000	9.250	5290	9.270	300	/16843409//47828900/5084931/9.22/9.38//2008-9-18 13:8:19
624/600026/中海发展/9.220	17102	9.210	408	9.200	6000	9.180	11700	9.170	300	9.230	2100	9.240	3000	9.250	5290	9.270	300	9.280	2200	/16843409//48235220/5129027/9.22/9.38//2008-9-18 13:9:19
624/600026/中海发展/9.200	1000	9.180	11700	9.170	100	9.160	5000	9.150	14000	9.220	14589	9.230	200	9.240	3000	9.250	7090	9.270	300	/16843409//48490736/5156739/9.22/9.38//2008-9-18 13:10:20
624/600026/中海发展/9.200	5500	9.180	4400	9.170	300	9.160	5000	9.150	14300	9.210	6400	9.220	17000	9.230	200	9.240	3000	9.250	6990	/16843409//48803924/5190739/9.21/9.38//2008-9-18 13:11:20
624/600026/中海发展/9.170	5800	9.160	5500	9.150	14300	9.140	1000	9.120	1000	9.180	10600	9.200	110800	9.210	790	9.220	14000	9.230	700	/16843409//49097504/5222639/9.18/9.38//2008-9-18 13:12:21
624/600026/中海发展/9.150	7700	9.140	1000	9.120	1000	9.110	14300	9.100	34600	9.160	32000	9.170	2190	9.180	900	9.190	2500	9.200	83300	/16843409//49386348/5254139/9.16/9.38//2008-9-18 13:13:21
624/600026/中海发展/9.110	2300	9.100	35300	9.090	1200	9.080	52100	9.070	1400	9.140	4900	9.150	44250	9.160	28400	9.170	2000	9.180	200	/16843409//49622692/5280039/9.11/9.38//2008-9-18 13:14:22
624/600026/中海发展/9.090	2200	9.080	52100	9.070	1400	9.060	6500	9.050	53200	9.100	24750	9.110	17590	9.120	19000	9.130	100	9.140	8500	/16843409//50028668/5324639/9.1/9.38//2008-9-18 13:15:22
624/600026/中海发展/9.080	51000	9.070	1400	9.060	6500	9.050	55000	9.040	280900	9.090	12400	9.100	4850	9.110	22490	9.120	21625	9.130	100	/16843409//50431644/5368939/9.09/9.38//2008-9-18 13:16:23
624/600026/中海发展/9.060	4395	9.050	59300	9.040	295000	0.000	0	0.000	0	9.090	11800	9.100	5250	9.110	20300	9.120	21625	9.130	100	/16843409//51208216/5454444/9.09/9.38//2008-9-18 13:17:23
624/600026/中海发展/9.060	77045	9.050	72400	9.040	318200	0.000	0	0.000	0	9.070	30200	9.080	31295	9.090	2300	9.100	5650	9.110	19000	/16843409//51989596/5540594/9.07/9.38//2008-9-18 13:18:24
624/600026/中海发展/9.070	6700	9.060	19968	9.050	70500	9.040	346600	0.000	0	9.080	22795	9.090	2200	9.100	5750	9.110	18000	9.120	2625	/16843409//53082628/5661171/9.08/9.38//2008-9-18 13:19:24
624/600026/中海发展/9.050	19600	9.040	416400	0.000	0	0.000	0	0.000	0	9.060	8632	9.070	3000	9.080	22495	9.090	2200	9.100	5750	/16843409//54235120/5788439/9.06/9.38//2008-9-18 13:20:25
624/600026/中海发展/9.070	100	9.060	600	9.050	79900	9.040	426000	0.000	0	9.080	14279	9.090	1800	9.100	5750	9.110	18000	9.120	2625	/16843409//54780708/5848639/9.08/9.38//2008-9-18 13:21:25
624/600026/中海发展/9.080	34900	9.070	22521	9.060	57200	9.050	88300	9.040	309100	9.090	1800	9.100	5550	9.110	18000	9.120	2625	9.130	100	/16843409//55055516/5878918/9.07/9.38//2008-9-18 13:22:26
624/600026/中海发展/9.040	295500	0.000	0	0.000	0	0.000	0	0.000	0	9.050	213554	9.070	500	9.110	18000	9.120	2625	9.130	100	/16843409//58167224/6222339/9.05/9.38//2008-9-18 13:23:26
624/600026/中海发展/9.070	20000	9.060	15400	9.050	89046	9.040	377700	0.000	0	9.100	9100	9.110	18000	9.120	2625	9.140	3900	9.150	1900	/16843409//60334408/6461793/9.1/9.38//2008-9-18 13:24:27
624/600026/中海发展/9.120	4075	9.110	24900	9.100	42200	9.090	1000	9.080	200	9.140	3900	9.150	1900	9.170	2000	9.190	10700	9.200	80000	/16843409//60768200/6509418/9.12/9.38//2008-9-18 13:25:27
624/600026/中海发展/9.160	3000	9.150	14600	9.140	1100	9.120	11200	9.110	25100	9.180	100	9.190	7600	9.200	85000	9.220	5000	9.230	700	/16843409//61025548/6537518/9.18/9.38//2008-9-18 13:26:28
624/600026/中海发展/9.140	1100	9.120	9300	9.110	13300	9.100	39000	9.090	1000	9.150	500	9.180	14900	9.190	4200	9.200	79600	9.220	5000	/16843409//61567244/6596618/9.18/9.38//2008-9-18 13:27:28
624/600026/中海发展/9.190	23100	9.150	8000	9.140	1300	9.120	9000	9.110	13000	9.200	79100	9.220	5000	9.230	900	9.240	3000	9.250	990	/16843409//61931560/6636318/9.2/9.38//2008-9-18 13:28:29
624/600026/中海发展/9.160	500	9.150	8200	9.140	1300	9.120	9000	9.110	8000	9.190	22609	9.200	55900	9.220	10000	9.230	900	9.240	3400	/16843409//62389472/6686118/9.19/9.38//2008-9-18 13:29:29
624/600026/中海发展/9.140	400	9.120	4700	9.110	8000	9.100	34200	9.090	1000	9.180	200	9.190	2609	9.200	54000	9.220	10000	9.230	1500	/16843409//62732136/6723518/9.19/9.38//2008-9-18 13:30:30
624/600026/中海发展/9.140	49170	9.130	300	9.120	2000	9.110	10400	9.100	1000	9.190	2009	9.200	54000	9.220	10000	9.230	1500	9.240	3400	/16843409//63262652/6781748/9.19/9.38//2008-9-18 13:31:30
624/600026/中海发展/9.180	2300	9.150	600	9.140	40570	9.130	12300	9.120	2000	9.190	14509	9.200	54200	9.220	10000	9.230	1500	9.240	3400	/16843409//63509320/6808648/9.19/9.38//2008-9-18 13:32:31
624/600026/中海发展/9.210	100	9.200	40391	9.190	32800	9.180	800	9.150	36400	9.220	10000	9.230	1200	9.240	3400	9.250	790	9.270	1400	/16843409//64207420/6884557/9.21/9.38//2008-9-18 13:33:31
624/600026/中海发展/9.280	8900	9.270	300	9.260	9210	9.220	8100	9.210	5500	9.290	2579	9.300	3600	9.310	500	9.320	2500	9.330	1200	/16843409//64370784/6902247/9.28/9.38//2008-9-18 13:34:32
624/600026/中海发展/9.320	1050	9.310	4400	9.300	17821	9.290	8600	9.280	14400	9.340	2900	9.350	8100	9.360	2400	9.370	1000	9.380	1000	/16843409//64539552/6920376/9.32/9.38//2008-9-18 13:35:32
624/600026/中海发展/9.340	4100	9.320	10000	9.300	9425	9.290	5400	9.280	13900	9.350	2000	9.360	1400	9.370	1000	9.380	1000	9.390	2500	/16843409//65594552/7033322/9.34/9.38//2008-9-18 13:36:33
624/600026/中海发展/9.300	3100	9.290	4300	9.280	13900	9.270	300	9.220	1500	9.320	16600	9.330	6200	9.340	34200	9.350	9300	9.360	5500	/16843409//65810144/7056422/9.32/9.38//2008-9-18 13:37:34
624/600026/中海发展/9.280	2954	9.270	300	9.220	1500	9.210	37000	9.200	16700	9.300	7100	9.310	400	9.320	25399	9.330	1500	9.340	25800	/16843409//66110068/7088668/9.3/9.38//2008-9-18 13:38:34
624/600026/中海发展/9.270	800	9.250	300	9.230	1000	9.220	24500	9.210	7000	9.280	4800	9.300	7846	9.310	14100	9.320	13999	9.330	1000	/16843409//66221060/7100622/9.28/9.38//2008-9-18 13:39:35
624/600026/中海发展/9.240	300	9.230	15354	9.220	26500	9.210	7200	9.200	14900	9.270	300	9.300	9446	9.310	14100	9.320	7499	9.330	2000	/16843409//66316096/7110868/9.29/9.38//2008-9-18 13:40:35
624/600026/中海发展/9.300	2200	9.260	500	9.250	3600	9.240	16500	9.230	20354	9.310	12046	9.320	2000	9.330	2000	9.340	4400	9.350	19450	/16843409//66539024/7134868/9.3/9.38//2008-9-18 13:41:36
624/600026/中海发展/9.260	15254	9.250	8500	9.240	15500	9.230	20354	9.220	3000	9.300	6800	9.310	1546	9.320	2500	9.330	2000	9.340	4400	/16843409//66850104/7168314/9.3/9.38//2008-9-18 13:42:36
624/600026/中海发展/9.320	254	9.300	9300	9.280	2500	9.270	2600	9.260	21354	9.340	300	9.350	19450	9.360	2400	9.370	2600	9.380	8000	/16843409//67119880/7197260/9.34/9.38//2008-9-18 13:43:37
624/600026/中海发展/9.370	18300	9.360	6800	9.350	12654	9.340	9150	9.330	2500	9.390	2500	9.400	3300	9.420	100	9.440	500	9.450	2500	/16843409//67533328/7241456/9.38/9.38//2008-9-18 13:44:37
624/600026/中海发展/9.410	2700	9.400	56300	9.390	44400	9.380	16700	9.370	16900	9.420	2400	9.440	5500	9.450	2500	9.470	1700	9.480	8900	/16843409//67671632/7256156/9.42/9.38//2008-9-18 13:45:38
624/600026/中海发展/9.420	500	9.410	300	9.400	58754	9.390	41700	9.380	7200	9.430	4000	9.450	17300	9.460	500	9.470	8100	9.480	19700	/16843409//68682264/7363502/9.43/9.38//2008-9-18 13:46:39
624/600026/中海发展/9.450	3800	9.430	27800	9.410	1100	9.400	2600	9.390	2500	9.490	2300	9.500	26246	9.510	1000	9.530	500	9.540	1000	/16843409//70330432/7538256/9.45/9.38//2008-9-18 13:47:39
624/600026/中海发展/9.460	5800	9.450	6700	9.440	200	9.430	29400	9.410	1100	9.470	13930	9.480	7000	9.490	59900	9.500	14060	9.530	4650	/16843409//70960608/7604656/9.46/9.38//2008-9-18 13:48:40
624/600026/中海发展/9.450	8300	9.440	200	9.430	800	9.410	1000	9.400	58200	9.460	3000	9.470	65493	9.480	11100	9.490	47930	9.500	5400	/16843409//71936120/7707656/9.46/9.38//2008-9-18 13:49:40
624/600026/中海发展/9.410	3600	9.400	57200	9.390	2400	9.380	5600	9.370	7900	9.420	100	9.430	4100	9.440	2500	9.450	38500	9.460	36800	/16843409//72040960/7718756/9.41/9.38//2008-9-18 13:50:41
624/600026/中海发展/9.390	1900	9.380	5600	9.370	7700	9.360	1500	9.350	200	9.400	7800	9.410	52500	9.420	1200	9.430	6000	9.440	16999	/16843409//72631344/7781556/9.4/9.38//2008-9-18 13:51:41
624/600026/中海发展/9.370	7500	9.360	1200	9.350	200	9.340	9850	9.330	2000	9.380	16600	9.390	6900	9.400	30999	9.410	25100	9.430	5600	/16843409//72744840/7793656/9.38/9.38//2008-9-18 13:52:42
624/600026/中海发展/9.360	3400	9.350	30300	9.340	13850	9.330	3000	9.320	500	9.390	1600	9.400	9000	9.410	20000	9.430	5200	9.440	7700	/16843409//73161088/7838056/9.36/9.38//2008-9-18 13:53:42
624/600026/中海发展/9.350	27900	9.340	6300	9.330	2000	9.300	19000	9.280	1500	9.370	700	9.390	2400	9.400	9200	9.410	20000	9.430	2100	/16843409//73394232/7862956/9.37/9.38//2008-9-18 13:54:43
624/600026/中海发展/9.360	100	9.350	9885	9.340	6300	9.330	2000	9.320	200	9.390	2100	9.400	9900	9.430	2100	9.440	3700	9.450	37300	/16843409//73677784/7893271/9.36/9.38//2008-9-18 13:55:44
624/600026/中海发展/9.350	9070	9.340	7000	9.330	2000	9.320	200	9.310	22100	9.390	7400	9.400	7600	9.430	2100	9.440	3200	9.450	36200	/16843409//73849208/7911586/9.39/9.38//2008-9-18 13:56:44
624/600026/中海发展/9.400	1200	9.390	1200	9.380	1400	9.360	11085	9.350	8570	9.430	2100	9.440	7200	9.450	36000	9.460	32600	9.470	60448	/16843409//74042880/7932201/9.4/9.38//2008-9-18 13:57:45
624/600026/中海发展/9.430	2100	9.410	8000	9.400	7585	9.390	200	9.380	1400	9.440	11700	9.450	35800	9.460	9200	9.470	23448	9.480	10600	/16843409//74205152/7949416/9.43/9.38//2008-9-18 13:58:45
624/600026/中海发展/9.410	8185	9.400	8085	9.380	500	9.370	200	9.360	6585	9.430	39845	9.440	28795	9.460	5000	9.470	9148	9.480	10600	/16843409//74999008/8033431/9.41/9.38//2008-9-18 13:59:46
624/600026/中海发展/9.400	3755	9.380	500	9.370	200	9.360	7285	9.350	8870	9.410	28900	9.420	3200	9.430	36745	9.440	20400	9.460	5000	/16843409//75173224/8051946/9.4/9.38//2008-9-18 14:0:47
624/600026/中海发展/9.360	4270	9.350	8870	9.340	300	9.330	1000	9.320	2000	9.370	1800	9.390	3500	9.400	29691	9.410	28100	9.420	3000	/16843409//75258288/8061016/9.36/9.38//2008-9-18 14:1:47
624/600026/中海发展/9.350	8870	9.340	300	9.330	1000	9.320	2000	9.310	23600	9.360	445	9.370	200	9.390	4500	9.400	27291	9.410	28600	/16843409//75338520/8069586/9.36/9.38//2008-9-18 14:2:48
624/600026/中海发展/9.350	2900	9.340	300	9.330	6000	9.320	2000	9.310	3600	9.360	29190	9.370	1400	9.380	1500	9.390	1500	9.400	27300	/16843409//75540312/8091156/9.36/9.38//2008-9-18 14:3:48
624/600026/中海发展/9.320	7100	9.310	4100	9.300	11400	9.280	1500	9.260	5000	9.330	1415	9.350	700	9.360	44590	9.370	200	9.380	500	/16843409//75915264/8131256/9.33/9.38//2008-9-18 14:4:49
624/600026/中海发展/9.330	800	9.320	7585	9.310	4100	9.300	10900	9.280	1500	9.350	2615	9.360	6590	9.370	200	9.380	500	9.390	1900	/16843409//75984440/8138671/9.33/9.38//2008-9-18 14:5:50
624/600026/中海发展/9.360	11610	9.340	1300	9.330	15070	9.320	3000	9.310	28600	9.400	20400	9.410	7300	9.420	3000	9.430	100	9.440	400	/16843409//76192464/8160891/9.36/9.38//2008-9-18 14:6:50
624/600026/中海发展/9.420	1800	9.400	88500	9.390	33985	9.380	11100	9.360	10500	9.430	100	9.440	400	9.450	200	9.460	600	9.470	8748	/16843409//76581736/8202306/9.42/9.38//2008-9-18 14:7:51
624/600026/中海发展/9.450	3100	9.430	9900	9.420	2985	9.410	18500	9.400	97400	9.470	4848	9.480	10600	9.490	400	9.500	6400	9.530	4000	/16843409//76649960/8209521/9.47/9.38//2008-9-18 14:8:51
624/600026/中海发展/9.480	13752	9.470	6900	9.460	5500	9.450	600	9.440	4000	9.490	4400	9.500	7200	9.530	4000	9.540	450	9.550	33746	/16843409//76843864/8229984/9.49/9.38//2008-9-18 14:9:52
624/600026/中海发展/9.500	36010	9.490	12200	9.480	11537	9.470	700	9.460	5000	9.530	1900	9.540	3650	9.550	35546	9.560	2200	9.570	10700	/16843409//77066216/8253389/9.5/9.38//2008-9-18 14:10:53
624/600026/中海发展/9.550	5204	9.540	1400	9.530	85330	9.510	500	9.500	8800	9.560	2200	9.570	10700	9.580	16500	9.590	11604	9.600	30100	/16843409//77618616/8311270/9.55/9.38//2008-9-18 14:11:53
624/600026/中海发展/9.550	16455	9.540	8800	9.530	27630	9.500	11400	9.490	7300	9.560	26671	9.570	12900	9.580	16500	9.590	11954	9.600	29900	/16843409//78445200/8397819/9.55/9.38//2008-9-18 14:12:54
624/600026/中海发展/9.540	3400	9.530	24630	9.500	10100	9.490	7100	9.480	11937	9.550	11200	9.560	20306	9.570	13200	9.580	16200	9.590	12954	/16843409//79113760/8467819/9.55/9.38//2008-9-18 14:13:55
624/600026/中海发展/9.540	370	9.530	1100	9.500	10100	9.490	7100	9.480	11937	9.550	18300	9.560	14406	9.570	12700	9.580	16200	9.590	15954	/16843409//79374640/8495149/9.54/9.38//2008-9-18 14:14:55
624/600026/中海发展/9.510	3100	9.500	13485	9.490	7100	9.480	11937	9.460	5000	9.530	25830	9.540	29300	9.550	14200	9.560	14406	9.570	12700	/16843409//79545960/8513134/9.51/9.38//2008-9-18 14:15:56
624/600026/中海发展/9.520	545	9.510	5400	9.500	18285	9.490	7100	9.480	13937	9.530	41330	9.540	29100	9.550	14100	9.560	14406	9.570	12700	/16843409//79804496/8540289/9.53/9.38//2008-9-18 14:16:56
624/600026/中海发展/9.520	41715	9.510	6685	9.500	20985	9.490	7900	9.480	5700	9.530	26530	9.540	29100	9.550	12900	9.560	14406	9.570	12700	/16843409//80143864/8575934/9.52/9.38//2008-9-18 14:17:57
624/600026/中海发展/9.600	58296	9.580	18200	9.570	22600	9.560	23394	9.550	21100	9.610	7800	9.620	4400	9.630	800	9.640	100	9.650	10500	/16843409//81754064/8744349/9.6/9.38//2008-9-18 14:18:58
624/600026/中海发展/9.650	60100	9.640	18700	9.630	34100	9.620	17100	9.610	7485	9.690	5100	9.700	12900	9.720	100	9.730	2000	9.740	100	/16843409//82592568/8831174/9.69/9.38//2008-9-18 14:19:58
624/600026/中海发展/9.830	300	9.790	1101	9.780	11500	9.770	52400	9.760	1800	9.840	600	9.850	1000	9.860	100	9.870	15500	9.880	5450	/16843409//83063920/8879538/9.83/9.38//2008-9-18 14:20:59
624/600026/中海发展/9.910	4300	9.900	10050	9.890	2600	9.880	1500	9.870	7400	9.930	11000	9.940	4400	9.950	6300	9.960	3500	9.970	300	/16843409//83663040/8940203/9.91/9.38//2008-9-18 14:22:0
624/600026/中海发展/9.850	10485	9.840	200	9.830	6900	9.810	200	9.800	2400	9.860	32200	9.870	6200	9.880	1400	9.890	77343	9.900	55795	/16843409//84762632/9051353/9.86/9.38//2008-9-18 14:23:0
624/600026/中海发展/9.830	4085	9.810	1200	9.800	2300	9.790	1101	9.780	9200	9.840	200	9.850	29014	9.860	18000	9.870	2700	9.890	63353	/16843409//85331904/9109153/9.83/9.38//2008-9-18 14:24:1
624/600026/中海发展/9.790	10000	9.780	1186	9.770	3900	9.760	1400	9.750	90085	9.800	7000	9.810	6200	9.830	28315	9.840	2000	9.850	16215	/16843409//85579792/9134453/9.8/9.38//2008-9-18 14:25:2
624/600026/中海发展/9.770	500	9.760	18500	9.750	90585	9.730	100	9.720	15000	9.780	4229	9.790	2000	9.800	11400	9.810	5800	9.820	7999	/16843409//85876056/9164739/9.78/9.38//2008-9-18 14:26:2
624/600026/中海发展/9.750	47107	9.720	15000	9.700	47950	9.690	12100	9.680	2900	9.760	17000	9.770	615	9.780	4729	9.790	2400	9.800	11000	/16843409//86657192/9244817/9.75/9.38//2008-9-18 14:27:3
624/600026/中海发展/9.700	13828	9.690	11900	9.680	2900	9.670	1000	9.660	15700	9.760	3800	9.770	2200	9.780	3229	9.790	2000	9.800	11000	/16843409//88122872/9395346/9.7/9.38//2008-9-18 14:28:4
624/600026/中海发展/9.720	2700	9.710	1700	9.700	4128	9.690	11900	9.680	2900	9.730	200	9.740	1800	9.750	2815	9.760	8300	9.770	2200	/16843409//88716000/9456346/9.72/9.38//2008-9-18 14:29:4
624/600026/中海发展/9.750	3885	9.730	17800	9.720	4085	9.710	2200	9.700	4128	9.760	7000	9.770	1600	9.780	3229	9.790	4000	9.800	10500	/16843409//89294256/9515676/9.75/9.38//2008-9-18 14:30:5
624/600026/中海发展/9.760	5294	9.740	13900	9.730	16185	9.720	4085	9.710	1700	9.770	1600	9.780	3629	9.790	4100	9.800	8400	9.810	5000	/16843409//89541992/9541082/9.76/9.38//2008-9-18 14:31:6
624/600026/中海发展/9.770	7029	9.760	2300	9.750	3900	9.740	13900	9.730	15585	9.780	700	9.790	2100	9.800	8300	9.810	5000	9.830	27615	/16843409//89713504/9558647/9.77/9.38//2008-9-18 14:32:6
624/600026/中海发展/9.800	4001	9.770	1900	9.760	10500	9.750	900	9.740	13900	9.810	5000	9.830	27715	9.840	2600	9.850	700	9.870	3000	/16843409//90015168/9589461/9.8/9.38//2008-9-18 14:33:7
624/600026/中海发展/9.800	8500	9.790	35186	9.780	11200	9.770	1900	9.760	10000	9.810	10000	9.820	200	9.830	27715	9.840	2600	9.850	900	/16843409//90443400/9633176/9.8/9.38//2008-9-18 14:34:8
624/600026/中海发展/9.790	13986	9.780	11200	9.770	1000	9.760	10000	9.750	900	9.800	17230	9.810	10000	9.820	5500	9.830	27715	9.840	2300	/16843409//90800896/9669676/9.79/9.38//2008-9-18 14:35:8
624/600026/中海发展/9.760	9500	9.750	1400	9.740	13900	9.730	2500	9.720	4085	9.780	4400	9.790	30429	9.800	14130	9.810	10000	9.820	5500	/16843409//91324080/9723162/9.76/9.38//2008-9-18 14:36:9
624/600026/中海发展/9.730	2000	9.720	4085	9.710	1600	9.700	29228	9.690	2500	9.750	22600	9.760	22215	9.780	16600	9.790	20029	9.800	11630	/16843409//91556232/9746962/9.73/9.38//2008-9-18 14:37:10
624/600026/中海发展/9.710	6400	9.700	33128	9.690	2500	9.680	50500	9.670	1000	9.720	700	9.730	3467	9.740	30500	9.750	25264	9.760	19615	/16843409//91753744/9767243/9.71/9.38//2008-9-18 14:38:10
624/600026/中海发展/9.710	9400	9.700	27647	9.690	2500	9.680	50500	9.670	1000	9.720	16066	9.730	100	9.740	9167	9.750	13164	9.760	19615	/16843409//92403040/9834024/9.72/9.38//2008-9-18 14:39:11
624/600026/中海发展/9.720	3268	9.710	7819	9.700	27647	9.690	2500	9.680	50500	9.730	1300	9.740	11467	9.750	12164	9.760	19315	9.770	7100	/16843409//92746296/9869337/9.72/9.38//2008-9-18 14:40:12
624/600026/中海发展/9.690	2500	9.680	50500	9.670	1000	9.660	600	9.650	76700	9.700	18419	9.710	361	9.720	11500	9.730	14400	9.740	6400	/16843409//93312976/9927671/9.7/9.38//2008-9-18 14:41:12
624/600026/中海发展/9.680	27353	9.670	1000	9.660	600	9.650	77700	9.640	2500	9.700	22819	9.710	361	9.720	8000	9.730	14800	9.740	6300	/16843409//93765880/9974418/9.69/9.38//2008-9-18 14:42:13
624/600026/中海发展/9.680	22464	9.670	1600	9.660	1600	9.650	77700	9.640	2500	9.700	1069	9.710	100	9.720	8000	9.730	5200	9.740	6000	/16843409//94233008/10022607/9.68/9.38//2008-9-18 14:43:14
624/600026/中海发展/9.690	1700	9.680	22464	9.670	1600	9.660	10600	9.650	77400	9.700	2135	9.710	100	9.720	8000	9.730	5000	9.740	7000	/16843409//94457080/10045707/9.7/9.38//2008-9-18 14:44:14
624/600026/中海发展/9.700	600	9.690	1219	9.680	23464	9.670	1600	9.660	10600	9.710	1893	9.720	9800	9.730	5000	9.740	9000	9.750	19664	/16843409//94620944/10062588/9.71/9.38//2008-9-18 14:45:15
624/600026/中海发展/9.680	7162	9.670	1600	9.660	10600	9.650	77400	9.640	2500	9.700	600	9.710	7700	9.720	10500	9.730	5800	9.740	13000	/16843409//95022544/10104009/9.68/9.38//2008-9-18 14:46:16
624/600026/中海发展/9.680	2815	9.670	2600	9.660	10600	9.650	77900	9.640	2500	9.690	4900	9.700	16600	9.710	11900	9.720	10500	9.730	5800	/16843409//95219688/10124356/9.68/9.38//2008-9-18 14:47:16
624/600026/中海发展/9.660	9419	9.650	77900	9.640	2500	9.630	11200	9.620	6300	9.670	14989	9.680	13485	9.690	500	9.700	28100	9.710	11900	/16843409//95400704/10143052/9.66/9.38//2008-9-18 14:48:17
624/600026/中海发展/9.650	63581	9.640	2500	9.630	23200	9.620	6300	9.610	1000	9.660	5000	9.670	7700	9.680	8274	9.690	3800	9.700	31100	/16843409//96074464/10212790/9.66/9.38//2008-9-18 14:49:18
624/600026/中海发展/9.640	819	9.630	23300	9.620	6300	9.610	1200	9.600	52000	9.650	2365	9.670	6400	9.680	8524	9.690	5500	9.700	30800	/16843409//96936192/10302052/9.65/9.38//2008-9-18 14:50:18
624/600026/中海发展/9.660	19400	9.650	13619	9.640	700	9.630	23119	9.620	7500	9.680	3305	9.690	24400	9.700	29400	9.710	11300	9.720	2600	/16843409//97216272/10331033/9.65/9.38//2008-9-18 14:51:19
624/600026/中海发展/9.660	10153	9.650	18619	9.640	700	9.630	23119	9.620	7500	9.700	21600	9.710	11300	9.720	2800	9.730	3800	9.740	500	/16843409//97765720/10387780/9.66/9.38//2008-9-18 14:52:20
624/600026/中海发展/9.690	519	9.680	14034	9.670	10000	9.660	11353	9.650	29119	9.700	1000	9.720	1100	9.730	4300	9.740	500	9.750	8864	/16843409//98331344/10446127/9.69/9.38//2008-9-18 14:53:21
624/600026/中海发展/9.730	12500	9.720	1000	9.710	18329	9.700	21000	9.680	14553	9.750	2700	9.760	19179	9.770	10054	9.780	3100	9.790	6229	/16843409//98588112/10472498/9.71/9.38//2008-9-18 14:54:21
624/600026/中海发展/9.730	7910	9.720	5000	9.710	8329	9.700	21000	9.680	17653	9.750	2800	9.760	19879	9.770	10054	9.780	3100	9.790	8029	/16843409//98693208/10483288/9.75/9.38//2008-9-18 14:55:22
624/600026/中海发展/9.750	5200	9.740	7600	9.730	24710	9.720	5000	9.710	8329	9.760	17779	9.770	10254	9.780	3100	9.790	8029	9.800	15030	/16843409//98964184/10511088/9.75/9.38//2008-9-18 14:56:23
624/600026/中海发展/9.760	42921	9.750	2800	9.740	8100	9.730	24310	9.720	5000	9.770	10654	9.780	3400	9.790	19729	9.800	45530	9.810	4000	/16843409//99383464/10554067/9.76/9.38//2008-9-18 14:57:23
624/600026/中海发展/9.770	7246	9.760	42121	9.750	2200	9.740	6600	9.730	23310	9.780	5400	9.790	15829	9.800	18430	9.810	6500	9.820	1000	/16843409//99837520/10600521/9.77/9.38//2008-9-18 14:58:24
624/600026/中海发展/9.770	10700	9.760	23000	9.750	52200	9.740	6600	9.730	23310	9.780	1900	9.790	100	9.800	20230	9.810	6500	9.820	3000	/16843409//100457048/10663850/9.78/9.38//2008-9-18 14:59:25
624/600026/中海发展/9.800	3270	9.780	5000	9.770	5400	9.760	1200	9.750	52200	9.810	6500	9.820	4000	9.830	27115	9.840	1800	9.850	4400	/16843409//100887176/10707780/9.79/9.38//2008-9-18 15:0:26
624/600026/中海发展/9.800	3270	9.780	5000	9.770	5400	9.760	1200	9.750	52200	9.810	6500	9.820	4000	9.830	27115	9.840	1800	9.850	4400	/16843409//100887176/10707780/9.79/9.38//2008-9-18 15:1:26
624/600026/中海发展/9.800	3270	9.780	5000	9.770	5400	9.760	1200	9.750	52200	9.810	6500	9.820	4000	9.830	27115	9.840	1800	9.850	4400	/16843409//100887176/10707780/9.79/9.38//2008-9-18 15:2:27
