48/600084/ST新天/2.770	10100	2.760	76900	0.000	0	0.000	0	0.000	0	2.780	8500	2.800	6200	2.870	9100	2.880	3800	2.890	19500	/16842802//344170/124000/2.77/2.91//2008-9-18 9:31:34
48/600084/ST新天/2.780	10100	2.770	18700	2.760	84900	0.000	0	0.000	0	2.800	6200	2.860	1000	2.870	9100	2.880	3800	2.890	19500	/16842802//379149/136600/2.77/2.91//2008-9-18 9:32:35
48/600084/ST新天/2.790	1000	2.780	8100	2.770	21100	2.760	62600	0.000	0	2.800	2800	2.860	1000	2.870	9100	2.880	6800	2.890	19500	/16842802//400669/144300/2.8/2.91//2008-9-18 9:33:35
48/600084/ST新天/2.800	3600	2.790	1000	2.780	10100	2.770	41100	2.760	62900	2.830	2000	2.860	11000	2.870	9100	2.880	6800	2.890	17500	/16842802//413269/148800/2.8/2.91//2008-9-18 9:34:35
48/600084/ST新天/2.800	1700	2.780	14100	2.770	43100	2.760	67900	0.000	0	2.830	2000	2.850	4000	2.860	10000	2.870	9100	2.880	7600	/16842802//414389/149200/2.8/2.91//2008-9-18 9:35:35
48/600084/ST新天/2.800	7700	2.780	14100	2.770	42100	2.760	70400	0.000	0	2.820	1000	2.830	200	2.850	6300	2.860	10000	2.870	9100	/16842802//425979/153300/2.82/2.91//2008-9-18 9:36:36
48/600084/ST新天/2.780	12800	2.770	43400	2.760	93000	0.000	0	0.000	0	2.800	13900	2.830	200	2.850	6300	2.860	10000	2.870	9100	/16842802//462675/166400/2.8/2.91//2008-9-18 9:37:36
48/600084/ST新天/2.770	4900	2.760	94900	0.000	0	0.000	0	0.000	0	2.830	2200	2.850	6300	2.860	10000	2.870	9100	2.880	5600	/16842802//640244/230300/2.77/2.91//2008-9-18 9:38:36
48/600084/ST新天/2.800	1400	2.770	7500	2.760	110400	0.000	0	0.000	0	2.830	2200	2.850	6300	2.860	10000	2.870	9100	2.880	5600	/16842802//661448/237900/2.8/2.91//2008-9-18 9:39:36
48/600084/ST新天/2.780	1400	2.770	48000	2.760	106700	0.000	0	0.000	0	2.800	16400	2.830	200	2.850	8200	2.860	10000	2.870	9100	/16842802//685028/246300/2.8/2.91//2008-9-18 9:40:36
48/600084/ST新天/2.780	24700	2.770	51900	2.760	112200	0.000	0	0.000	0	2.800	15400	2.830	200	2.850	8200	2.860	10000	2.870	9100	/16842802//687828/247300/2.8/2.91//2008-9-18 9:41:37
48/600084/ST新天/2.780	13500	2.770	51900	2.760	117900	0.000	0	0.000	0	2.800	15400	2.830	200	2.850	8200	2.860	10000	2.870	9100	/16842802//721196/259300/2.78/2.91//2008-9-18 9:42:37
48/600084/ST新天/2.810	1000	2.800	3400	2.780	13500	2.770	51900	2.760	118900	2.830	200	2.850	8400	2.860	10000	2.870	9100	2.880	15600	/16842802//767676/275900/2.8/2.91//2008-9-18 9:43:37
48/600084/ST新天/2.800	3400	2.780	14500	2.770	51900	2.760	117900	0.000	0	2.810	3900	2.830	1000	2.850	7600	2.860	10000	2.870	9100	/16842802//774456/278300/2.81/2.91//2008-9-18 9:44:37
48/600084/ST新天/2.810	1300	2.800	3400	2.780	14500	2.770	51300	2.760	119200	2.850	7600	2.860	10000	2.870	9100	2.880	17000	2.890	28100	/16842802//785415/282200/2.81/2.91//2008-9-18 9:45:37
48/600084/ST新天/2.810	4300	2.800	8100	2.780	15500	2.770	49300	2.760	118700	2.850	7500	2.860	10000	2.870	9100	2.880	17000	2.890	28100	/16842802//791685/284400/2.85/2.91//2008-9-18 9:46:38
48/600084/ST新天/2.820	600	2.810	4300	2.800	9100	2.780	15500	2.770	49300	2.840	9600	2.850	7500	2.860	10000	2.870	9100	2.880	15600	/16842802//788834/283400/2.84/2.91//2008-9-18 9:47:38
48/600084/ST新天/2.810	3600	2.800	9100	2.780	15500	2.770	49300	2.760	125600	2.820	1401	2.840	12100	2.850	8000	2.860	10000	2.870	9100	/16842802//796730/286200/2.82/2.91//2008-9-18 9:48:38
48/600084/ST新天/2.810	4500	2.800	9100	2.780	15500	2.770	49300	2.760	136700	2.820	301	2.840	15000	2.850	5900	2.860	10000	2.870	9100	/16842802//799832/287300/2.82/2.91//2008-9-18 9:49:39
48/600084/ST新天/2.810	9500	2.800	10400	2.780	15500	2.770	49300	2.760	136700	2.820	101	2.840	15000	2.850	6100	2.860	10000	2.870	9100	/16842802//800396/287500/2.82/2.91//2008-9-18 9:50:39
48/600084/ST新天/2.810	9500	2.800	10400	2.780	15500	2.770	54300	2.760	135800	2.820	1101	2.840	15000	2.850	6100	2.860	10000	2.870	9100	/16842802//800396/287500/2.82/2.91//2008-9-18 9:51:39
48/600084/ST新天/2.800	9400	2.780	15500	2.770	54300	2.760	136800	0.000	0	2.810	12600	2.820	1901	2.840	15000	2.850	6100	2.860	10000	/16842802//848447/304600/2.81/2.91//2008-9-18 9:52:39
48/600084/ST新天/2.800	9400	2.780	15500	2.770	55300	2.760	137100	0.000	0	2.810	13100	2.820	1901	2.840	12500	2.850	6100	2.860	10000	/16842802//848447/304600/2.81/2.91//2008-9-18 9:53:40
48/600084/ST新天/2.800	7400	2.780	15500	2.770	55300	2.760	137200	0.000	0	2.810	1500	2.820	1901	2.840	12500	2.850	4200	2.860	10000	/16842802//853766/306500/2.8/2.91//2008-9-18 9:54:40
48/600084/ST新天/2.800	100	2.780	16000	2.770	50300	2.760	138200	0.000	0	2.810	2500	2.820	1901	2.840	12500	2.850	4200	2.860	10000	/16842802//879508/315700/2.79/2.91//2008-9-18 9:55:40
48/600084/ST新天/2.790	500	2.780	16000	2.770	50300	2.760	138200	0.000	0	2.800	900	2.810	2500	2.820	1901	2.840	12500	2.850	4200	/16842802//877277/314900/2.8/2.91//2008-9-18 9:56:41
48/600084/ST新天/2.790	2500	2.780	16000	2.770	50300	2.760	138200	0.000	0	2.800	900	2.810	2500	2.820	1901	2.840	12500	2.850	4200	/16842802//877277/314900/2.8/2.91//2008-9-18 9:57:41
48/600084/ST新天/2.790	8500	2.780	16000	2.770	52300	2.760	138200	0.000	0	2.800	1300	2.810	2500	2.820	1901	2.840	12500	2.850	4200	/16842802//878957/315500/2.8/2.91//2008-9-18 9:58:41
48/600084/ST新天/2.790	8500	2.780	16000	2.770	52300	2.760	138200	0.000	0	2.800	9800	2.810	2500	2.820	1901	2.840	12500	2.850	4200	/16842802//878957/315500/2.8/2.91//2008-9-18 9:59:41
48/600084/ST新天/2.790	8500	2.780	16000	2.770	52300	2.760	136700	0.000	0	2.800	9800	2.810	2500	2.820	1901	2.840	12500	2.850	4200	/16842802//878957/315500/2.8/2.91//2008-9-18 10:0:42
48/600084/ST新天/2.790	7000	2.780	16000	2.770	52300	2.760	136700	0.000	0	2.800	8700	2.810	2500	2.820	1901	2.840	12500	2.850	4200	/16842802//886222/318100/2.8/2.91//2008-9-18 10:1:42
48/600084/ST新天/2.790	6800	2.780	16000	2.770	54300	2.760	137800	0.000	0	2.800	8700	2.810	2500	2.820	1800	2.840	12500	2.850	4200	/16842802//887059/318400/2.79/2.8//2008-9-18 10:2:42
48/600084/ST新天/2.760	146000	0.000	0	0.000	0	0.000	0	0.000	0	2.770	2800	2.790	10000	2.800	8700	2.810	2500	2.820	1800	/16842802//1100922/395500/2.77/2.8//2008-9-18 10:3:42
48/600084/ST新天/2.790	1300	2.770	199	2.760	59100	0.000	0	0.000	0	2.800	8900	2.810	2500	2.820	1800	2.830	2000	2.840	5700	/16842802//1415099/509301/2.79/2.8//2008-9-18 10:4:43
48/600084/ST新天/2.770	800	2.760	57099	0.000	0	0.000	0	0.000	0	2.790	20700	2.800	8900	2.810	2600	2.820	1800	2.830	2000	/16842802//1464573/527201/2.77/2.8//2008-9-18 10:5:43
48/600084/ST新天/2.770	2400	2.760	105999	0.000	0	0.000	0	0.000	0	2.790	19900	2.800	8900	2.810	5600	2.820	1900	2.830	2000	/16842802//1466789/528001/2.77/2.8//2008-9-18 10:6:43
48/600084/ST新天/2.770	91176	2.760	58099	0.000	0	0.000	0	0.000	0	2.790	19100	2.800	13900	2.810	5600	2.820	1900	2.830	2000	/16842802//1490455/536539/2.77/2.8//2008-9-18 10:7:44
48/600084/ST新天/2.770	88731	2.760	44099	0.000	0	0.000	0	0.000	0	2.790	15100	2.800	13900	2.810	5600	2.820	1900	2.830	2000	/16842802//1505856/542070/2.77/2.8//2008-9-18 10:8:44
48/600084/ST新天/2.770	78531	2.760	54899	0.000	0	0.000	0	0.000	0	2.780	1000	2.790	15000	2.800	13900	2.810	5600	2.820	1900	/16842802//1541354/554870/2.79/2.8//2008-9-18 10:9:44
48/600084/ST新天/2.770	78531	2.760	54899	0.000	0	0.000	0	0.000	0	2.780	1000	2.790	15000	2.800	13900	2.810	5600	2.820	1800	/16842802//1541354/554870/2.79/2.8//2008-9-18 10:10:44
48/600084/ST新天/2.770	78431	2.760	56899	0.000	0	0.000	0	0.000	0	2.780	100	2.790	15000	2.800	13900	2.810	5500	2.820	1800	/16842802//1541345/554870/2.78/2.8//2008-9-18 10:11:45
48/600084/ST新天/2.780	700	2.770	78431	2.760	86899	0.000	0	0.000	0	2.790	14000	2.800	5400	2.810	5600	2.820	1800	2.830	2000	/16842802//1544413/555970/2.79/2.8//2008-9-18 10:12:45
48/600084/ST新天/2.780	4400	2.770	78431	2.760	86899	0.000	0	0.000	0	2.790	6700	2.800	5400	2.810	5600	2.820	1800	2.830	2000	/16842802//1575940/567270/2.79/2.8//2008-9-18 10:13:45
48/600084/ST新天/2.770	78431	2.760	87999	0.000	0	0.000	0	0.000	0	2.780	14400	2.810	2600	2.820	1800	2.830	2000	2.840	12700	/16842802//1651055/594170/2.78/2.8//2008-9-18 10:14:46
48/600084/ST新天/2.770	78231	2.760	77899	0.000	0	0.000	0	0.000	0	2.780	8300	2.810	2600	2.820	1800	2.830	2000	2.840	12700	/16842802//1668567/600470/2.77/2.8//2008-9-18 10:15:46
48/600084/ST新天/2.770	80231	2.760	77899	0.000	0	0.000	0	0.000	0	2.780	500	2.810	2600	2.820	1800	2.830	2000	2.840	12700	/16842802//1669121/600670/2.77/2.8//2008-9-18 10:16:46
48/600084/ST新天/2.810	400	2.780	11400	2.770	130131	2.760	68599	0.000	0	2.820	1800	2.830	2000	2.840	12700	2.850	7900	2.860	10000	/16842802//1677263/603570/2.81/2.8//2008-9-18 10:17:47
48/600084/ST新天/2.790	13000	2.780	11400	2.770	135131	2.760	75099	0.000	0	2.810	1900	2.820	1800	2.830	2000	2.840	12700	2.850	8200	/16842802//1678387/603970/2.81/2.8//2008-9-18 10:18:47
48/600084/ST新天/2.790	13000	2.780	12400	2.770	135931	2.760	76499	0.000	0	2.810	800	2.820	1800	2.830	3000	2.840	12700	2.850	7900	/16842802//1681478/605070/2.81/2.8//2008-9-18 10:19:47
48/600084/ST新天/2.810	1800	2.790	13000	2.780	12400	2.770	135931	2.760	76999	2.820	5700	2.830	3000	2.840	12700	2.850	7900	2.860	10000	/16842802//1685974/606670/2.81/2.8//2008-9-18 10:20:48
48/600084/ST新天/2.820	5300	2.810	1300	2.790	13000	2.780	13000	2.770	135931	2.830	3000	2.840	12700	2.850	7900	2.860	10000	2.870	17400	/16842802//1705440/613570/2.82/2.8//2008-9-18 10:21:48
48/600084/ST新天/2.820	5800	2.810	1300	2.790	13000	2.780	13000	2.770	130931	2.830	2000	2.840	12700	2.850	5900	2.860	10000	2.870	17400	/16842802//1720960/619070/2.82/2.8//2008-9-18 10:22:48
48/600084/ST新天/2.820	7300	2.810	1300	2.790	13000	2.780	13000	2.770	130931	2.830	1900	2.840	3200	2.850	8300	2.860	11000	2.870	17400	/16842802//1745777/627870/2.83/2.8//2008-9-18 10:23:48
48/600084/ST新天/2.790	13000	2.780	15000	2.770	130931	2.760	77999	0.000	0	2.820	4600	2.830	1900	2.840	4200	2.850	8300	2.860	11000	/16842802//1781309/640470/2.82/2.8//2008-9-18 10:24:49
48/600084/ST新天/2.790	13000	2.780	15000	2.770	130931	2.760	77999	0.000	0	2.820	15400	2.830	1900	2.840	4200	2.850	11300	2.860	11000	/16842802//1781309/640470/2.82/2.8//2008-9-18 10:25:49
48/600084/ST新天/2.790	8400	2.780	15000	2.770	130931	2.760	80999	0.000	0	2.820	9100	2.830	1900	2.840	4200	2.850	8900	2.860	11000	/16842802//1784837/641770/2.79/2.8//2008-9-18 10:26:49
48/600084/ST新天/2.790	13400	2.780	15000	2.770	131131	2.760	84999	0.000	0	2.810	300	2.820	9800	2.830	1900	2.840	3200	2.850	9200	/16842802//1784837/641770/2.79/2.8//2008-9-18 10:27:50
48/600084/ST新天/2.800	1500	2.790	14300	2.780	15000	2.770	131131	2.760	84999	2.820	10000	2.830	1900	2.840	3200	2.850	9200	2.860	11000	/16842802//1785116/641870/2.79/2.8//2008-9-18 10:28:50
48/600084/ST新天/2.790	15300	2.780	15000	2.770	131131	2.760	84999	0.000	0	2.800	10700	2.820	10000	2.830	1900	2.840	3200	2.850	9200	/16842802//1791276/644070/2.8/2.8//2008-9-18 10:29:50
48/600084/ST新天/2.790	15300	2.780	15000	2.770	131131	2.760	84999	0.000	0	2.800	12600	2.820	10000	2.830	1900	2.840	3200	2.850	9200	/16842802//1791556/644170/2.8/2.8//2008-9-18 10:30:51
48/600084/ST新天/2.780	15000	2.770	131131	2.760	95999	0.000	0	0.000	0	2.790	48600	2.800	12600	2.820	10000	2.830	1900	2.840	3200	/16842802//1834522/659570/2.79/2.8//2008-9-18 10:31:51
48/600084/ST新天/2.780	14600	2.770	131131	2.760	126699	0.000	0	0.000	0	2.790	48600	2.800	12600	2.820	10000	2.830	1900	2.840	3200	/16842802//1835634/659970/2.78/2.8//2008-9-18 10:32:51
48/600084/ST新天/2.780	2700	2.770	131131	2.760	127699	0.000	0	0.000	0	2.790	48600	2.800	12600	2.820	10000	2.830	1900	2.840	3200	/16842802//1868716/671870/2.78/2.8//2008-9-18 10:33:52
48/600084/ST新天/2.780	3700	2.770	134131	2.760	127699	0.000	0	0.000	0	2.790	48600	2.800	12600	2.820	10000	2.830	1900	2.840	3200	/16842802//1868716/671870/2.78/2.8//2008-9-18 10:34:52
48/600084/ST新天/2.770	64131	2.760	137699	0.000	0	0.000	0	0.000	0	2.780	2300	2.790	48700	2.800	5000	2.820	10000	2.830	1900	/16842802//2072902/745570/2.77/2.8//2008-9-18 10:35:52
48/600084/ST新天/2.770	65131	2.760	137899	0.000	0	0.000	0	0.000	0	2.780	2300	2.790	48700	2.800	8000	2.820	10000	2.830	1900	/16842802//2072902/745570/2.77/2.8//2008-9-18 10:36:53
48/600084/ST新天/2.770	65131	2.760	137899	0.000	0	0.000	0	0.000	0	2.780	1300	2.790	57200	2.800	8000	2.820	10000	2.830	1900	/16842802//2075682/746570/2.78/2.8//2008-9-18 10:37:53
48/600084/ST新天/2.780	9700	2.770	65131	2.760	137899	0.000	0	0.000	0	2.790	60200	2.800	5000	2.820	10300	2.830	1900	2.840	3200	/16842802//2079296/747870/2.78/2.8//2008-9-18 10:38:53
48/600084/ST新天/2.780	9200	2.770	65131	2.760	137899	0.000	0	0.000	0	2.790	60000	2.800	5000	2.820	10300	2.830	1900	2.840	3200	/16842802//2081244/748570/2.78/2.8//2008-9-18 10:39:54
48/600084/ST新天/2.780	6900	2.770	63131	2.760	137899	0.000	0	0.000	0	2.790	58000	2.800	5000	2.820	10300	2.830	1900	2.840	8200	/16842802//2093218/752870/2.78/2.8//2008-9-18 10:40:54
48/600084/ST新天/2.770	62131	2.760	137899	0.000	0	0.000	0	0.000	0	2.780	42500	2.790	58000	2.800	5000	2.820	10300	2.830	1900	/16842802//2114068/760370/2.78/2.8//2008-9-18 10:41:54
48/600084/ST新天/2.770	62131	2.760	137899	0.000	0	0.000	0	0.000	0	2.780	42500	2.790	58000	2.800	5000	2.820	10300	2.830	1900	/16842802//2114068/760370/2.78/2.8//2008-9-18 10:42:55
48/600084/ST新天/2.770	63131	2.760	155899	0.000	0	0.000	0	0.000	0	2.780	40800	2.790	58000	2.800	11000	2.820	10300	2.830	1900	/16842802//2118794/762070/2.78/2.8//2008-9-18 10:43:55
48/600084/ST新天/2.780	5800	2.770	19831	2.760	155899	0.000	0	0.000	0	2.790	60000	2.800	11000	2.820	10300	2.830	1900	2.840	11800	/16842802//2238735/805370/2.77/2.8//2008-9-18 10:44:56
48/600084/ST新天/2.770	19831	2.760	156199	0.000	0	0.000	0	0.000	0	2.780	7900	2.790	58000	2.800	11000	2.820	10300	2.830	1900	/16842802//2266535/815370/2.78/2.8//2008-9-18 10:45:56
48/600084/ST新天/2.770	12831	2.760	156199	0.000	0	0.000	0	0.000	0	2.780	1600	2.790	58000	2.800	11000	2.820	10300	2.830	1900	/16842802//2273423/817870/2.77/2.8//2008-9-18 10:46:56
48/600084/ST新天/2.770	8431	2.760	143900	0.000	0	0.000	0	0.000	0	2.780	1100	2.790	49500	2.800	5000	2.820	10300	2.830	1900	/16842802//2293095/824970/2.77/2.8//2008-9-18 10:47:57
48/600084/ST新天/2.760	100500	0.000	0	0.000	0	0.000	0	0.000	0	2.770	5469	2.780	8500	2.790	49500	2.800	5000	2.820	10300	/16842802//2439834/878101/2.77/2.8//2008-9-18 10:48:57
48/600084/ST新天/2.760	58900	0.000	0	0.000	0	0.000	0	0.000	0	2.770	5469	2.780	8500	2.790	50400	2.800	5000	2.820	10300	/16842802//2554650/919701/2.76/2.8//2008-9-18 10:49:57
48/600084/ST新天/2.760	59100	0.000	0	0.000	0	0.000	0	0.000	0	2.770	5469	2.780	8500	2.790	50400	2.800	5000	2.820	10200	/16842802//2574798/927001/2.76/2.8//2008-9-18 10:50:58
48/600084/ST新天/2.760	55700	0.000	0	0.000	0	0.000	0	0.000	0	2.770	5469	2.780	8500	2.790	50400	2.800	5000	2.820	11200	/16842802//2584458/930501/2.76/2.8//2008-9-18 10:51:58
48/600084/ST新天/2.760	54500	0.000	0	0.000	0	0.000	0	0.000	0	2.770	5469	2.780	8500	2.790	50400	2.800	5000	2.820	11200	/16842802//2588046/931801/2.76/2.8//2008-9-18 10:52:58
48/600084/ST新天/2.760	60600	0.000	0	0.000	0	0.000	0	0.000	0	2.770	5469	2.780	8500	2.790	50400	2.800	5000	2.820	11200	/16842802//2588046/931801/2.76/2.8//2008-9-18 10:53:59
48/600084/ST新天/2.760	60500	0.000	0	0.000	0	0.000	0	0.000	0	2.780	8500	2.790	47400	2.800	5000	2.820	11200	2.830	8400	/16842802//2615746/941801/2.77/2.8//2008-9-18 10:54:59
48/600084/ST新天/2.770	1000	2.760	61300	0.000	0	0.000	0	0.000	0	2.780	8300	2.790	47400	2.800	5000	2.820	11200	2.830	8400	/16842802//2602452/937001/2.78/2.8//2008-9-18 10:56:0
48/600084/ST新天/2.760	61300	0.000	0	0.000	0	0.000	0	0.000	0	2.770	2500	2.780	8300	2.790	47400	2.800	5000	2.820	11200	/16842802//2605222/938001/2.77/2.8//2008-9-18 10:57:0
48/600084/ST新天/2.760	1115	0.000	0	0.000	0	0.000	0	0.000	0	2.760	11885	2.770	2800	2.780	8300	2.790	47400	2.800	5000	/16842802//2803669/1009901/2.76/2.8//2008-9-18 10:58:0
48/600084/ST新天/2.760	1115	0.000	0	0.000	0	0.000	0	0.000	0	2.760	40985	2.770	2800	2.780	9000	2.790	46500	2.800	5000	/16842802//2842309/1023901/2.76/2.8//2008-9-18 10:59:1
48/600084/ST新天/2.760	1115	0.000	0	0.000	0	0.000	0	0.000	0	2.760	72685	2.770	2200	2.780	9000	2.790	46500	2.800	5000	/16842802//2859973/1030301/2.76/2.8//2008-9-18 11:0:1
48/600084/ST新天/2.760	1115	0.000	0	0.000	0	0.000	0	0.000	0	2.760	63685	2.770	12200	2.780	9000	2.790	46500	2.800	5000	/16842802//2859973/1030301/2.76/2.8//2008-9-18 11:1:2
48/600084/ST新天/2.760	1115	0.000	0	0.000	0	0.000	0	0.000	0	2.760	67185	2.770	12200	2.780	9000	2.790	46500	2.800	5000	/16842802//2859973/1030301/2.76/2.8//2008-9-18 11:2:2
48/600084/ST新天/2.760	1115	0.000	0	0.000	0	0.000	0	0.000	0	2.760	78185	2.770	12200	2.780	9000	2.790	46500	2.800	5000	/16842802//2859973/1030301/2.76/2.8//2008-9-18 11:3:2
48/600084/ST新天/2.760	1115	0.000	0	0.000	0	0.000	0	0.000	0	2.760	80585	2.770	7200	2.780	9000	2.790	46500	2.800	6000	/16842802//2865493/1032301/2.76/2.8//2008-9-18 11:4:3
48/600084/ST新天/2.760	1115	0.000	0	0.000	0	0.000	0	0.000	0	2.760	81685	2.770	7200	2.780	9000	2.790	51200	2.800	6000	/16842802//2865493/1032301/2.76/2.8//2008-9-18 11:5:3
48/600084/ST新天/2.760	1115	0.000	0	0.000	0	0.000	0	0.000	0	2.760	61685	2.770	7200	2.780	9000	2.790	46500	2.800	5000	/16842802//2865493/1032301/2.76/2.8//2008-9-18 11:6:4
48/600084/ST新天/2.760	1115	0.000	0	0.000	0	0.000	0	0.000	0	2.760	25585	2.770	7200	2.780	9000	2.790	46500	2.800	15000	/16842802//2954089/1064401/2.76/2.8//2008-9-18 11:7:4
48/600084/ST新天/2.760	52346	0.000	0	0.000	0	0.000	0	0.000	0	2.770	7200	2.780	9000	2.790	46500	2.800	15000	2.820	10200	/16842802//2998398/1080455/2.76/2.8//2008-9-18 11:8:4
48/600084/ST新天/2.770	1200	2.760	61446	0.000	0	0.000	0	0.000	0	2.780	19600	2.790	46500	2.800	15000	2.820	10200	2.830	8400	/16842802//3023882/1089655/2.77/2.8//2008-9-18 11:9:5
48/600084/ST新天/2.760	67246	0.000	0	0.000	0	0.000	0	0.000	0	2.770	6200	2.780	20900	2.790	46500	2.800	15000	2.820	10200	/16842802//3038016/1094755/2.77/2.8//2008-9-18 11:10:5
48/600084/ST新天/2.760	62946	0.000	0	0.000	0	0.000	0	0.000	0	2.770	3400	2.780	20900	2.790	46500	2.800	15000	2.820	10200	/16842802//3053224/1100255/2.76/2.8//2008-9-18 11:11:6
48/600084/ST新天/2.760	62946	0.000	0	0.000	0	0.000	0	0.000	0	2.770	5400	2.780	10300	2.790	46500	2.800	15000	2.820	10200	/16842802//3053224/1100255/2.76/2.8//2008-9-18 11:12:6
48/600084/ST新天/2.760	62946	0.000	0	0.000	0	0.000	0	0.000	0	2.770	5400	2.780	2900	2.790	46500	2.800	15800	2.820	10200	/16842802//3053224/1100255/2.76/2.8//2008-9-18 11:13:7
48/600084/ST新天/2.760	62946	0.000	0	0.000	0	0.000	0	0.000	0	2.770	5400	2.780	2900	2.790	46500	2.800	15800	2.820	10200	/16842802//3053224/1100255/2.76/2.8//2008-9-18 11:14:7
48/600084/ST新天/2.760	62946	0.000	0	0.000	0	0.000	0	0.000	0	2.770	5300	2.780	2900	2.790	46500	2.800	15800	2.820	10200	/16842802//3053501/1100355/2.77/2.8//2008-9-18 11:15:7
48/600084/ST新天/2.760	62946	0.000	0	0.000	0	0.000	0	0.000	0	2.770	5300	2.780	13500	2.790	46500	2.800	15800	2.820	10200	/16842802//3053501/1100355/2.77/2.8//2008-9-18 11:16:8
48/600084/ST新天/2.760	63746	0.000	0	0.000	0	0.000	0	0.000	0	2.770	800	2.780	14800	2.790	46500	2.800	15800	2.820	10200	/16842802//3067349/1105355/2.77/2.8//2008-9-18 11:17:8
48/600084/ST新天/2.760	52946	0.000	0	0.000	0	0.000	0	0.000	0	2.770	4400	2.780	14800	2.790	46500	2.800	15800	2.820	10200	/16842802//3097157/1116155/2.76/2.8//2008-9-18 11:18:9
48/600084/ST新天/2.760	50946	0.000	0	0.000	0	0.000	0	0.000	0	2.770	5700	2.780	4200	2.790	46500	2.800	15800	2.820	10200	/16842802//3102954/1118255/2.76/2.8//2008-9-18 11:19:9
48/600084/ST新天/2.760	51946	0.000	0	0.000	0	0.000	0	0.000	0	2.770	6700	2.780	4200	2.790	46500	2.800	15800	2.820	10200	/16842802//3102954/1118255/2.76/2.8//2008-9-18 11:20:10
48/600084/ST新天/2.760	50346	0.000	0	0.000	0	0.000	0	0.000	0	2.770	6700	2.780	4200	2.790	46500	2.800	15800	2.820	10200	/16842802//3107370/1119855/2.76/2.8//2008-9-18 11:21:10
48/600084/ST新天/2.760	43746	0.000	0	0.000	0	0.000	0	0.000	0	2.770	5200	2.780	3500	2.790	46500	2.800	15800	2.820	10200	/16842802//3129727/1127955/2.77/2.8//2008-9-18 11:22:10
48/600084/ST新天/2.760	42946	0.000	0	0.000	0	0.000	0	0.000	0	2.770	5200	2.780	2200	2.790	46500	2.800	15800	2.820	10200	/16842802//3138007/1130955/2.76/2.8//2008-9-18 11:23:11
48/600084/ST新天/2.760	41946	0.000	0	0.000	0	0.000	0	0.000	0	2.770	5200	2.780	2200	2.790	46500	2.800	15800	2.820	10200	/16842802//3141043/1132055/2.76/2.8//2008-9-18 11:24:11
48/600084/ST新天/2.760	3246	0.000	0	0.000	0	0.000	0	0.000	0	2.770	5200	2.780	2200	2.790	46500	2.800	15800	2.820	10200	/16842802//3245371/1169855/2.76/2.8//2008-9-18 11:25:12
48/600084/ST新天/2.760	3246	0.000	0	0.000	0	0.000	0	0.000	0	2.760	50454	2.770	5200	2.780	4700	2.790	46500	2.800	15800	/16842802//3271166/1179201/2.76/2.8//2008-9-18 11:26:12
48/600084/ST新天/2.760	3246	0.000	0	0.000	0	0.000	0	0.000	0	2.760	56354	2.770	5200	2.780	4700	2.790	46500	2.800	15800	/16842802//3271442/1179301/2.76/2.8//2008-9-18 11:27:13
48/600084/ST新天/2.760	3246	0.000	0	0.000	0	0.000	0	0.000	0	2.760	48854	2.770	5200	2.780	9700	2.790	46500	2.800	15800	/16842802//3272822/1179801/2.76/2.8//2008-9-18 11:28:13
48/600084/ST新天/2.760	3246	0.000	0	0.000	0	0.000	0	0.000	0	2.760	48454	2.770	5200	2.780	4700	2.790	46500	2.800	15800	/16842802//3274478/1180401/2.76/2.8//2008-9-18 11:29:14
48/600084/ST新天/2.760	3246	0.000	0	0.000	0	0.000	0	0.000	0	2.760	48354	2.770	5200	2.780	4700	2.790	46500	2.800	15800	/16842802//3274478/1180401/2.76/2.8//2008-9-18 11:30:14
48/600084/ST新天/2.760	3246	0.000	0	0.000	0	0.000	0	0.000	0	2.760	48354	2.770	5200	2.780	4700	2.790	46500	2.800	15800	/16842802//3274478/1180401/2.76/2.8//2008-9-18 11:31:15
48/600084/ST新天/2.760	3246	0.000	0	0.000	0	0.000	0	0.000	0	2.760	120137	2.770	5200	2.780	16100	2.790	46500	2.800	15800	/16842802//3307598/1192401/2.76/2.8//2008-9-18 13:1:15
48/600084/ST新天/2.760	3246	0.000	0	0.000	0	0.000	0	0.000	0	2.760	136137	2.770	5200	2.780	16100	2.790	46500	2.800	15800	/16842802//3307598/1192401/2.76/2.8//2008-9-18 13:2:16
48/600084/ST新天/2.760	3246	0.000	0	0.000	0	0.000	0	0.000	0	2.760	152637	2.770	5200	2.780	16100	2.790	46500	2.800	15800	/16842802//3296558/1188401/2.76/2.8//2008-9-18 13:3:16
48/600084/ST新天/2.760	3246	0.000	0	0.000	0	0.000	0	0.000	0	2.760	172637	2.770	5200	2.780	16100	2.790	46500	2.800	15800	/16842802//3302078/1190401/2.76/2.8//2008-9-18 13:4:17
48/600084/ST新天/2.760	3246	0.000	0	0.000	0	0.000	0	0.000	0	2.760	221437	2.770	5200	2.780	16100	2.790	46500	2.800	15800	/16842802//3299318/1189401/2.76/2.8//2008-9-18 13:5:17
48/600084/ST新天/2.760	3246	0.000	0	0.000	0	0.000	0	0.000	0	2.760	230537	2.770	5200	2.780	16100	2.790	46500	2.800	15800	/16842802//3302078/1190401/2.76/2.8//2008-9-18 13:6:18
48/600084/ST新天/2.760	3246	0.000	0	0.000	0	0.000	0	0.000	0	2.760	229537	2.770	5200	2.780	16100	2.790	46500	2.800	15800	/16842802//3304838/1191401/2.76/2.8//2008-9-18 13:7:18
48/600084/ST新天/2.760	3246	0.000	0	0.000	0	0.000	0	0.000	0	2.760	228237	2.770	5200	2.780	17100	2.790	46500	2.800	15800	/16842802//3308426/1192701/2.76/2.8//2008-9-18 13:8:19
48/600084/ST新天/2.760	3246	0.000	0	0.000	0	0.000	0	0.000	0	2.760	228137	2.770	5200	2.780	17100	2.790	46500	2.800	15800	/16842802//3308702/1192801/2.76/2.8//2008-9-18 13:9:19
48/600084/ST新天/2.760	3246	0.000	0	0.000	0	0.000	0	0.000	0	2.760	228137	2.770	5200	2.780	17100	2.790	46500	2.800	15800	/16842802//3308702/1192801/2.76/2.8//2008-9-18 13:10:20
48/600084/ST新天/2.760	3246	0.000	0	0.000	0	0.000	0	0.000	0	2.760	188337	2.770	4200	2.780	17100	2.790	46500	2.800	15800	/16842802//3308702/1192801/2.76/2.8//2008-9-18 13:11:20
48/600084/ST新天/2.760	3246	0.000	0	0.000	0	0.000	0	0.000	0	2.760	168237	2.770	4200	2.780	17100	2.790	46500	2.800	15800	/16842802//3364178/1212901/2.76/2.8//2008-9-18 13:12:21
48/600084/ST新天/2.760	3246	0.000	0	0.000	0	0.000	0	0.000	0	2.760	187537	2.770	4200	2.780	17100	2.790	46500	2.800	15800	/16842802//3364454/1213001/2.76/2.8//2008-9-18 13:13:21
48/600084/ST新天/2.760	3246	0.000	0	0.000	0	0.000	0	0.000	0	2.760	186537	2.770	4200	2.780	17100	2.790	46500	2.800	15800	/16842802//3394814/1224001/2.76/2.8//2008-9-18 13:14:22
48/600084/ST新天/2.760	3246	0.000	0	0.000	0	0.000	0	0.000	0	2.760	202537	2.770	4200	2.780	17100	2.790	46500	2.800	15800	/16842802//3394814/1224001/2.76/2.8//2008-9-18 13:15:22
48/600084/ST新天/2.760	3246	0.000	0	0.000	0	0.000	0	0.000	0	2.760	234337	2.770	4200	2.780	17100	2.790	46500	2.800	15800	/16842802//3395366/1224201/2.76/2.8//2008-9-18 13:16:23
48/600084/ST新天/2.760	3246	0.000	0	0.000	0	0.000	0	0.000	0	2.760	233937	2.770	4200	2.780	17100	2.790	46500	2.800	15800	/16842802//3396194/1224501/2.76/2.8//2008-9-18 13:17:23
48/600084/ST新天/2.760	3246	0.000	0	0.000	0	0.000	0	0.000	0	2.760	250737	2.770	4200	2.780	17100	2.790	46500	2.800	15800	/16842802//3397022/1224801/2.76/2.8//2008-9-18 13:18:24
48/600084/ST新天/2.760	3246	0.000	0	0.000	0	0.000	0	0.000	0	2.760	264237	2.770	4200	2.780	17100	2.790	46500	2.800	15800	/16842802//3398402/1225301/2.76/2.8//2008-9-18 13:19:24
48/600084/ST新天/2.760	3246	0.000	0	0.000	0	0.000	0	0.000	0	2.760	253337	2.770	4200	2.780	17100	2.790	46500	2.800	15800	/16842802//3398402/1225301/2.76/2.8//2008-9-18 13:20:25
48/600084/ST新天/2.760	3246	0.000	0	0.000	0	0.000	0	0.000	0	2.760	203537	2.770	4200	2.780	17100	2.790	46500	2.800	15800	/16842802//3398402/1225301/2.76/2.8//2008-9-18 13:21:25
48/600084/ST新天/2.760	3246	0.000	0	0.000	0	0.000	0	0.000	0	2.760	203437	2.770	4200	2.780	17100	2.790	46500	2.800	15800	/16842802//3398678/1225401/2.76/2.8//2008-9-18 13:22:26
48/600084/ST新天/2.760	3246	0.000	0	0.000	0	0.000	0	0.000	0	2.760	193437	2.770	4200	2.780	17100	2.790	46500	2.800	15800	/16842802//3398954/1225501/2.76/2.8//2008-9-18 13:23:26
48/600084/ST新天/2.760	3246	0.000	0	0.000	0	0.000	0	0.000	0	2.760	192637	2.770	4200	2.780	17100	2.790	46500	2.800	15800	/16842802//3400610/1226101/2.76/2.8//2008-9-18 13:24:27
48/600084/ST新天/2.760	3246	0.000	0	0.000	0	0.000	0	0.000	0	2.760	211637	2.770	4200	2.780	17100	2.790	46500	2.800	16300	/16842802//3400886/1226201/2.76/2.8//2008-9-18 13:25:27
48/600084/ST新天/2.760	3246	0.000	0	0.000	0	0.000	0	0.000	0	2.760	213637	2.770	4200	2.780	17100	2.790	46500	2.800	16300	/16842802//3400886/1226201/2.76/2.8//2008-9-18 13:26:28
48/600084/ST新天/2.760	3246	0.000	0	0.000	0	0.000	0	0.000	0	2.760	211837	2.770	4200	2.780	17100	2.790	46500	2.800	16300	/16842802//3408062/1228801/2.76/2.8//2008-9-18 13:27:28
48/600084/ST新天/2.760	3246	0.000	0	0.000	0	0.000	0	0.000	0	2.760	211837	2.770	4200	2.780	17100	2.790	46500	2.800	16300	/16842802//3408062/1228801/2.76/2.8//2008-9-18 13:28:29
48/600084/ST新天/2.760	3246	0.000	0	0.000	0	0.000	0	0.000	0	2.760	211337	2.770	4200	2.780	17100	2.790	46500	2.800	16300	/16842802//3409442/1229301/2.76/2.8//2008-9-18 13:29:29
48/600084/ST新天/2.760	3246	0.000	0	0.000	0	0.000	0	0.000	0	2.760	210637	2.770	4200	2.780	17100	2.790	46500	2.800	16300	/16842802//3411374/1230001/2.76/2.8//2008-9-18 13:30:30
48/600084/ST新天/2.760	3246	0.000	0	0.000	0	0.000	0	0.000	0	2.760	208637	2.770	4200	2.780	17100	2.790	46500	2.800	16300	/16842802//3416894/1232001/2.76/2.8//2008-9-18 13:31:30
48/600084/ST新天/2.760	3246	0.000	0	0.000	0	0.000	0	0.000	0	2.760	206437	2.770	4200	2.780	17100	2.790	46500	2.800	16300	/16842802//3422966/1234201/2.76/2.8//2008-9-18 13:32:31
48/600084/ST新天/2.760	3246	0.000	0	0.000	0	0.000	0	0.000	0	2.760	212037	2.770	4200	2.780	17100	2.790	46500	2.800	16300	/16842802//3428762/1236301/2.76/2.8//2008-9-18 13:33:31
48/600084/ST新天/2.760	3246	0.000	0	0.000	0	0.000	0	0.000	0	2.760	199737	2.770	4200	2.780	17100	2.790	46500	2.800	16300	/16842802//3442286/1241201/2.76/2.8//2008-9-18 13:34:32
48/600084/ST新天/2.760	3246	0.000	0	0.000	0	0.000	0	0.000	0	2.760	125337	2.770	4200	2.780	17100	2.790	46500	2.800	16100	/16842802//3644042/1314301/2.76/2.8//2008-9-18 13:35:32
48/600084/ST新天/2.770	2800	2.760	48463	0.000	0	0.000	0	0.000	0	2.780	7100	2.790	46500	2.800	16300	2.820	10200	2.830	8400	/16842802//4001606/1443838/2.77/2.8//2008-9-18 13:36:33
48/600084/ST新天/2.770	11500	2.760	46963	0.000	0	0.000	0	0.000	0	2.780	7100	2.790	46500	2.800	16300	2.820	10200	2.830	8400	/16842802//4013240/1448038/2.77/2.8//2008-9-18 13:37:34
48/600084/ST新天/2.770	9500	2.760	31063	0.000	0	0.000	0	0.000	0	2.780	6000	2.790	46500	2.800	16300	2.820	10200	2.830	8400	/16842802//4010204/1446938/2.77/2.8//2008-9-18 13:38:34
48/600084/ST新天/2.770	4200	2.760	29063	0.000	0	0.000	0	0.000	0	2.780	2700	2.790	46500	2.800	16500	2.820	10200	2.830	8400	/16842802//4048755/1460838/2.78/2.8//2008-9-18 13:39:35
48/600084/ST新天/2.760	29963	0.000	0	0.000	0	0.000	0	0.000	0	2.770	4900	2.780	35300	2.790	46500	2.800	16500	2.820	10200	/16842802//4095077/1477538/2.77/2.8//2008-9-18 13:40:35
48/600084/ST新天/2.760	39963	0.000	0	0.000	0	0.000	0	0.000	0	2.770	2100	2.780	37600	2.790	46500	2.800	16500	2.820	10200	/16842802//4088429/1475138/2.77/2.8//2008-9-18 13:41:36
48/600084/ST新天/2.760	30563	0.000	0	0.000	0	0.000	0	0.000	0	2.770	3000	2.780	37600	2.790	46500	2.800	16500	2.820	10200	/16842802//4088429/1475138/2.77/2.8//2008-9-18 13:42:36
48/600084/ST新天/2.770	4200	2.760	29963	0.000	0	0.000	0	0.000	0	2.780	35300	2.790	46500	2.800	16500	2.820	10200	2.830	8400	/16842802//4104495/1480938/2.77/2.8//2008-9-18 13:43:37
48/600084/ST新天/2.770	4800	2.760	33063	0.000	0	0.000	0	0.000	0	2.780	7000	2.790	46500	2.800	16500	2.820	10200	2.830	8900	/16842802//4148975/1496938/2.78/2.8//2008-9-18 13:44:37
48/600084/ST新天/2.770	23100	2.760	52263	0.000	0	0.000	0	0.000	0	2.780	9500	2.790	46500	2.800	16500	2.820	10200	2.830	8900	/16842802//4162875/1501938/2.78/2.8//2008-9-18 13:45:38
48/600084/ST新天/2.780	2500	2.770	23100	2.760	62263	0.000	0	0.000	0	2.790	44400	2.800	16500	2.820	10200	2.830	8900	2.840	6600	/16842802//4221554/1523038/2.79/2.8//2008-9-18 13:46:39
48/600084/ST新天/2.780	2500	2.770	23100	2.760	62263	0.000	0	0.000	0	2.790	43400	2.800	16500	2.820	10200	2.830	8900	2.840	6600	/16842802//4224344/1524038/2.79/2.8//2008-9-18 13:47:39
48/600084/ST新天/2.780	18100	2.770	23100	2.760	59100	0.000	0	0.000	0	2.790	28000	2.800	16500	2.820	10200	2.830	8900	2.840	5600	/16842802//4270100/1540438/2.79/2.8//2008-9-18 13:48:40
48/600084/ST新天/2.780	1900	2.770	27800	2.760	49100	0.000	0	0.000	0	2.790	34500	2.800	16500	2.820	9200	2.830	8900	2.840	5600	/16842802//0/0/2.78/2.8//2008-9-18 13:49:40
48/600084/ST新天/2.790	8200	2.780	102600	2.770	27800	2.760	49100	0.000	0	2.800	17800	2.820	9200	2.830	8900	2.840	5600	2.850	4700	/16842802//4453103/1606138/2.79/2.8//2008-9-18 13:50:41
48/600084/ST新天/2.790	8200	2.780	100000	2.770	27500	2.760	49100	0.000	0	2.800	27400	2.820	9200	2.830	2400	2.840	2000	2.850	4700	/16842802//4510223/1626538/2.8/2.8//2008-9-18 13:51:41
48/600084/ST新天/2.780	100000	2.770	27500	2.760	69300	0.000	0	0.000	0	2.790	20737	2.800	27400	2.820	9200	2.830	2400	2.840	2000	/16842802//4505101/1624738/2.79/2.8//2008-9-18 13:52:42
48/600084/ST新天/2.780	79300	2.770	27500	2.760	69300	0.000	0	0.000	0	2.790	20737	2.800	27800	2.820	11200	2.830	2600	2.840	2000	/16842802//4562647/1645438/2.78/2.8//2008-9-18 13:53:42
48/600084/ST新天/2.780	77800	2.770	27300	2.760	67800	0.000	0	0.000	0	2.790	20737	2.800	37800	2.820	11200	2.830	2600	2.840	2000	/16842802//4567095/1647038/2.78/2.8//2008-9-18 13:54:43
48/600084/ST新天/2.780	77500	2.770	27300	2.760	67300	0.000	0	0.000	0	2.790	20737	2.800	37800	2.820	11200	2.830	2600	2.840	2000	/16842802//4567929/1647338/2.78/2.8//2008-9-18 13:55:44
48/600084/ST新天/2.780	77500	2.770	27300	2.760	67300	0.000	0	0.000	0	2.790	20737	2.800	37800	2.820	11200	2.830	2600	2.840	2000	/16842802//4567929/1647338/2.78/2.8//2008-9-18 13:56:44
48/600084/ST新天/2.770	26700	2.760	67500	0.000	0	0.000	0	0.000	0	2.780	4800	2.790	20737	2.800	27400	2.820	11200	2.830	2600	/16842802//4606293/1661138/2.78/2.8//2008-9-18 13:57:45
48/600084/ST新天/2.780	73200	2.770	26700	2.760	67500	0.000	0	0.000	0	2.790	20237	2.800	27400	2.820	11200	2.830	2600	2.840	2000	/16842802//4621032/1666438/2.79/2.8//2008-9-18 13:58:45
48/600084/ST新天/2.780	73200	2.770	26700	2.760	69400	0.000	0	0.000	0	2.790	12437	2.800	27400	2.820	11200	2.830	2600	2.840	3000	/16842802//4642794/1674238/2.79/2.8//2008-9-18 13:59:46
48/600084/ST新天/2.780	73200	2.770	26700	2.760	69400	0.000	0	0.000	0	2.790	12437	2.800	27400	2.820	11200	2.830	2600	2.840	3000	/16842802//4642794/1674238/2.79/2.8//2008-9-18 14:0:47
48/600084/ST新天/2.770	26700	2.760	69400	0.000	0	0.000	0	0.000	0	2.790	24637	2.800	27400	2.820	11200	2.830	2600	2.840	3000	/16842802//4643073/1674338/2.79/2.8//2008-9-18 14:1:47
48/600084/ST新天/2.770	56500	2.760	70100	0.000	0	0.000	0	0.000	0	2.790	24637	2.800	27400	2.820	11200	2.830	2600	2.840	3000	/16842802//4699027/1694538/2.77/2.8//2008-9-18 14:2:48
48/600084/ST新天/2.770	24500	2.760	69600	0.000	0	0.000	0	0.000	0	2.790	24637	2.800	27400	2.820	11200	2.830	2600	2.840	3000	/16842802//4787667/1726538/2.77/2.8//2008-9-18 14:3:48
48/600084/ST新天/2.760	70400	0.000	0	0.000	0	0.000	0	0.000	0	2.790	24637	2.800	27400	2.820	11200	2.830	2600	2.840	3000	/16842802//4787667/1726538/2.77/2.8//2008-9-18 14:4:49
48/600084/ST新天/2.760	69700	0.000	0	0.000	0	0.000	0	0.000	0	2.770	1500	2.790	29637	2.800	27400	2.820	11200	2.830	2600	/16842802//4789606/1727238/2.77/2.8//2008-9-18 14:5:50
48/600084/ST新天/2.760	52200	0.000	0	0.000	0	0.000	0	0.000	0	2.790	29637	2.800	27400	2.820	11200	2.830	2600	2.840	3000	/16842802//4846186/1747738/2.76/2.8//2008-9-18 14:6:50
48/600084/ST新天/2.770	5000	2.760	82400	0.000	0	0.000	0	0.000	0	2.790	28737	2.800	27400	2.820	11200	2.830	2600	2.840	3000	/16842802//4848697/1748638/2.79/2.8//2008-9-18 14:7:51
48/600084/ST新天/2.760	82200	0.000	0	0.000	0	0.000	0	0.000	0	2.780	3000	2.790	28737	2.800	27400	2.820	11200	2.830	2600	/16842802//4863932/1754138/2.77/2.8//2008-9-18 14:8:51
48/600084/ST新天/2.760	4900	0.000	0	0.000	0	0.000	0	0.000	0	2.780	13000	2.790	28737	2.800	27400	2.820	11200	2.830	2600	/16842802//5063530/1826438/2.76/2.8//2008-9-18 14:9:52
48/600084/ST新天/2.760	15900	0.000	0	0.000	0	0.000	0	0.000	0	2.780	1600	2.790	28737	2.800	27400	2.820	11200	2.830	2600	/16842802//5095222/1837838/2.78/2.8//2008-9-18 14:10:53
48/600084/ST新天/2.780	400	2.770	5000	2.760	17900	0.000	0	0.000	0	2.790	23737	2.800	27400	2.820	11200	2.830	2600	2.840	9500	/16842802//5099670/1839438/2.78/2.8//2008-9-18 14:11:53
48/600084/ST新天/2.780	400	2.760	26100	0.000	0	0.000	0	0.000	0	2.790	22737	2.800	27800	2.820	11200	2.830	2600	2.840	9500	/16842802//5102460/1840438/2.79/2.8//2008-9-18 14:12:54
48/600084/ST新天/2.780	77800	2.760	31300	0.000	0	0.000	0	0.000	0	2.790	22737	2.800	27800	2.820	11200	2.830	2600	2.840	9500	/16842802//5102460/1840438/2.79/2.8//2008-9-18 14:13:55
48/600084/ST新天/2.780	77800	2.760	31300	0.000	0	0.000	0	0.000	0	2.790	2737	2.800	27800	2.820	11200	2.830	2600	2.840	9500	/16842802//5158260/1860438/2.79/2.8//2008-9-18 14:14:55
48/600084/ST新天/2.790	3963	2.780	77800	2.760	37000	0.000	0	0.000	0	2.800	27900	2.820	11200	2.830	2600	2.840	9500	2.850	16000	/16842802//5165896/1863175/2.79/2.8//2008-9-18 14:15:56
48/600084/ST新天/2.790	1823	2.780	77900	2.760	44500	0.000	0	0.000	0	2.800	27900	2.820	11200	2.830	2600	2.840	9500	2.850	16000	/16842802//5184701/1869915/2.79/2.8//2008-9-18 14:16:56
48/600084/ST新天/2.780	77500	2.760	44500	0.000	0	0.000	0	0.000	0	2.790	3277	2.800	26600	2.820	11200	2.830	2600	2.840	9500	/16842802//5203458/1876638/2.79/2.8//2008-9-18 14:17:57
48/600084/ST新天/2.790	14723	2.780	77500	2.760	44500	0.000	0	0.000	0	2.800	26100	2.820	11200	2.830	2600	2.840	9500	2.850	16000	/16842802//5216791/1881415/2.8/2.8//2008-9-18 14:18:58
48/600084/ST新天/2.810	1500	2.800	14400	2.790	16723	2.780	100	2.760	63700	2.820	11200	2.830	2600	2.840	9500	2.850	16000	2.860	10000	/16842802//5289871/1907515/2.8/2.8//2008-9-18 14:19:58
48/600084/ST新天/2.830	6200	2.810	1500	2.800	15400	2.790	16723	2.780	100	2.840	5600	2.850	16000	2.860	10000	2.870	13300	2.880	10000	/16842802//5339889/1925215/2.84/2.8//2008-9-18 14:20:59
48/600084/ST新天/2.840	51000	2.830	6200	2.810	1500	2.800	15400	2.790	16723	2.850	2300	2.860	10000	2.870	12300	2.890	14500	2.900	9600	/16842802//5521143/1989015/2.85/2.8//2008-9-18 14:22:0
48/600084/ST新天/2.860	3000	2.850	56400	2.840	43500	2.830	6200	2.810	1500	2.870	12300	2.890	14500	2.900	9600	2.910	6500	2.920	7600	/16842802//5562853/2003615/2.86/2.8//2008-9-18 14:23:0
48/600084/ST新天/2.850	56400	2.840	43500	2.830	5200	2.810	1500	2.800	15400	2.880	1200	2.890	14500	2.900	10600	2.910	6000	2.920	1600	/16842802//5692268/2048715/2.88/2.8//2008-9-18 14:24:1
48/600084/ST新天/2.860	1000	2.850	56400	2.840	43500	2.830	5200	2.810	1500	2.880	800	2.890	9200	2.900	10600	2.910	6000	2.920	8100	/16842802//5698256/2050715/2.89/2.8//2008-9-18 14:25:2
48/600084/ST新天/2.850	50900	2.840	43500	2.830	5200	2.810	1500	2.800	15400	2.880	1600	2.890	11200	2.900	9200	2.910	1000	2.920	8100	/16842802//5719080/2058015/2.88/2.8//2008-9-18 14:26:2
48/600084/ST新天/2.840	43500	2.830	5200	2.810	4600	2.800	14400	2.790	6723	2.870	600	2.880	13100	2.890	11200	2.900	9200	2.910	1000	/16842802//5752137/2069615/2.85/2.8//2008-9-18 14:27:3
48/600084/ST新天/2.790	6223	2.780	100	2.770	1000	2.760	114300	0.000	0	2.840	58900	2.870	600	2.880	13100	2.890	11200	2.900	9200	/16842802//5959642/2143015/2.79/2.8//2008-9-18 14:28:4
48/600084/ST新天/2.800	3500	2.790	5723	2.780	50100	2.770	62900	2.760	114800	2.830	900	2.840	58900	2.870	600	2.880	11600	2.890	12200	/16842802//5962715/2144115/2.83/2.8//2008-9-18 14:29:4
48/600084/ST新天/2.830	7100	2.800	4500	2.790	16923	2.780	50100	2.770	41000	2.840	58900	2.870	1100	2.880	11600	2.890	17500	2.900	9700	/16842802//5965262/2145015/2.83/2.8//2008-9-18 14:30:5
48/600084/ST新天/2.830	7100	2.800	4500	2.790	16923	2.780	50100	2.770	41000	2.840	49400	2.870	1100	2.880	11600	2.890	17500	2.900	9700	/16842802//5992242/2154515/2.84/2.8//2008-9-18 14:31:6
48/600084/ST新天/2.800	4500	2.790	16923	2.780	50100	2.770	41000	2.760	114800	2.830	1200	2.840	39900	2.870	1100	2.880	11600	2.890	17500	/16842802//6034842/2169515/2.84/2.8//2008-9-18 14:32:6
48/600084/ST新天/2.800	4500	2.790	16923	2.780	50100	2.770	41000	2.760	114800	2.840	36400	2.870	1100	2.880	11600	2.890	17500	2.900	19700	/16842802//6041068/2171715/2.84/2.8//2008-9-18 14:33:7
48/600084/ST新天/2.800	4900	2.790	16923	2.780	50100	2.770	51200	2.760	115400	2.840	21700	2.870	1100	2.880	11600	2.890	17500	2.900	19700	/16842802//6041068/2171715/2.84/2.8//2008-9-18 14:34:8
48/600084/ST新天/2.800	18300	2.790	16923	2.780	50100	2.770	51200	2.760	115400	2.840	14000	2.860	700	2.870	1100	2.880	10600	2.890	17500	/16842802//6075148/2183715/2.84/2.8//2008-9-18 14:35:8
48/600084/ST新天/2.810	10000	2.800	17300	2.790	16423	2.780	50100	2.770	61200	2.840	12000	2.860	700	2.870	8000	2.880	10600	2.890	17500	/16842802//6066628/2180715/2.84/2.8//2008-9-18 14:36:9
48/600084/ST新天/2.810	10100	2.800	35300	2.790	25323	2.780	50100	2.770	61000	2.830	500	2.840	12000	2.860	4700	2.870	8000	2.880	10600	/16842802//6066628/2180715/2.84/2.8//2008-9-18 14:37:10
48/600084/ST新天/2.820	5000	2.810	18000	2.800	17300	2.790	25323	2.780	50100	2.840	7500	2.860	4700	2.870	8000	2.880	10600	2.890	17500	/16842802//6080823/2185715/2.84/2.8//2008-9-18 14:38:10
48/600084/ST新天/2.810	18100	2.800	17300	2.790	25323	2.780	50100	2.770	61000	2.840	12900	2.850	2000	2.860	4700	2.870	7600	2.880	10600	/16842802//6094923/2190715/2.82/2.8//2008-9-18 14:39:11
48/600084/ST新天/2.810	18100	2.800	17300	2.790	25323	2.780	50100	2.770	59000	2.820	4700	2.840	12900	2.850	2000	2.860	5100	2.870	7600	/16842802//6095769/2191015/2.82/2.8//2008-9-18 14:40:12
48/600084/ST新天/2.810	11600	2.800	15300	2.790	25323	2.780	50100	2.770	59000	2.820	14700	2.830	1400	2.840	12900	2.850	2000	2.860	5100	/16842802//6114316/2197615/2.81/2.8//2008-9-18 14:41:12
48/600084/ST新天/2.810	700	2.800	15300	2.790	25323	2.780	50100	2.770	59000	2.820	14700	2.830	1000	2.840	12900	2.850	2000	2.860	5100	/16842802//6144945/2208515/2.81/2.8//2008-9-18 14:42:13
48/600084/ST新天/2.810	14200	2.790	16323	2.780	50100	2.770	27000	2.760	105800	2.820	14600	2.830	1000	2.840	12900	2.850	2000	2.860	5100	/16842802//6245762/2244515/2.81/2.8//2008-9-18 14:43:14
48/600084/ST新天/2.810	14000	2.790	16323	2.780	50100	2.770	27000	2.760	106800	2.820	13300	2.830	1000	2.840	12500	2.850	2000	2.860	5100	/16842802//6249990/2246015/2.81/2.8//2008-9-18 14:44:14
48/600084/ST新天/2.810	13500	2.790	16323	2.780	50100	2.770	27000	2.760	106800	2.820	5700	2.830	1000	2.840	7500	2.850	2000	2.860	5100	/16842802//6279867/2256615/2.81/2.8//2008-9-18 14:45:15
48/600084/ST新天/2.810	7600	2.790	16323	2.780	50100	2.770	27000	2.760	106900	2.830	900	2.840	8000	2.850	2000	2.860	5100	2.870	1100	/16842802//6318176/2270215/2.81/2.8//2008-9-18 14:46:16
48/600084/ST新天/2.790	9823	2.780	50100	2.770	27000	2.760	107400	0.000	0	2.810	300	2.830	1400	2.840	8000	2.850	2000	2.860	5100	/16842802//6381703/2292915/2.79/2.8//2008-9-18 14:47:16
48/600084/ST新天/2.780	49323	2.770	75200	2.760	107800	0.000	0	0.000	0	2.810	300	2.830	11000	2.840	8000	2.850	7000	2.860	4400	/16842802//6393134/2297015/2.78/2.8//2008-9-18 14:48:17
48/600084/ST新天/2.780	42923	2.770	76500	2.760	108500	0.000	0	0.000	0	2.790	3000	2.800	400	2.810	300	2.830	11000	2.840	8000	/16842802//6420934/2307015/2.78/2.8//2008-9-18 14:49:18
48/600084/ST新天/2.780	32923	2.770	76500	2.760	108100	0.000	0	0.000	0	2.810	2300	2.830	11000	2.840	8000	2.850	7000	2.860	4400	/16842802//6448734/2317015/2.78/2.8//2008-9-18 14:50:18
48/600084/ST新天/2.810	200	2.780	32923	2.770	76500	2.760	113100	0.000	0	2.820	400	2.830	16400	2.840	8000	2.850	7000	2.860	4400	/16842802//6456317/2319715/2.81/2.8//2008-9-18 14:51:19
48/600084/ST新天/2.810	200	2.780	32923	2.770	76500	2.760	115300	0.000	0	2.820	400	2.830	16400	2.840	8000	2.850	7000	2.860	4400	/16842802//6470417/2324715/2.82/2.8//2008-9-18 14:52:20
48/600084/ST新天/2.810	200	2.780	32923	2.770	76500	2.760	115300	0.000	0	2.820	1100	2.830	15900	2.840	8000	2.850	7000	2.860	4400	/16842802//6484517/2329715/2.82/2.8//2008-9-18 14:53:21
48/600084/ST新天/2.810	200	2.790	3600	2.780	32923	2.770	66500	2.760	120300	2.830	9800	2.840	8000	2.850	7000	2.860	4400	2.870	5100	/16842802//6533032/2346915/2.81/2.8//2008-9-18 14:54:21
48/600084/ST新天/2.810	10200	2.790	4600	2.780	37923	2.770	66500	2.760	120000	2.830	9700	2.840	8000	2.850	7000	2.860	4400	2.870	5100	/16842802//6533032/2346915/2.81/2.8//2008-9-18 14:55:22
48/600084/ST新天/2.810	200	2.800	5000	2.790	4600	2.780	42123	2.770	66500	2.830	10000	2.840	11000	2.850	7000	2.860	4400	2.870	5100	/16842802//6562830/2357515/2.83/2.8//2008-9-18 14:56:23
48/600084/ST新天/2.810	3700	2.800	5000	2.790	4600	2.780	39123	2.770	66500	2.830	24000	2.840	11000	2.850	17000	2.860	4400	2.870	6100	/16842802//6563386/2357715/2.81/2.8//2008-9-18 14:57:23
48/600084/ST新天/2.810	3800	2.800	5000	2.790	4600	2.780	39123	2.770	66500	2.830	24000	2.840	11000	2.850	7000	2.860	4400	2.870	6100	/16842802//6563386/2357715/2.81/2.8//2008-9-18 14:58:24
48/600084/ST新天/2.810	35000	2.800	5000	2.790	4600	2.780	39123	2.770	18300	2.820	10000	2.830	24600	2.840	11000	2.850	7000	2.860	4400	/16842802//6572659/2361015/2.81/2.8//2008-9-18 14:59:25
48/600084/ST新天/2.810	34900	2.800	5000	2.790	4600	2.780	29923	2.770	18300	2.820	7700	2.830	24600	2.840	11000	2.850	7000	2.860	4400	/16842802//6579426/2363415/2.82/2.8//2008-9-18 15:0:26
48/600084/ST新天/2.810	34900	2.800	5000	2.790	4600	2.780	29923	2.770	18300	2.820	7700	2.830	24600	2.840	11000	2.850	7000	2.860	4400	/16842802//6579426/2363415/2.82/2.8//2008-9-18 15:1:26
48/600084/ST新天/2.810	34900	2.800	5000	2.790	4600	2.780	29923	2.770	18300	2.820	7700	2.830	24600	2.840	11000	2.850	7000	2.860	4400	/16842802//6579426/2363415/2.82/2.8//2008-9-18 15:2:27
