43/600079/人福科技/3.750	14500	3.740	8000	3.730	400	3.720	5000	3.710	15600	3.760	8400	3.770	13200	3.780	2999	3.790	1500	3.800	1700	/16842797//343564/91400/3.75/3.85//2008-9-18 9:31:34
43/600079/人福科技/3.760	20200	3.750	15700	3.740	8000	3.730	7400	3.720	9000	3.770	5500	3.790	1500	3.800	700	3.820	300	3.830	100	/16842797//416960/110900/3.77/3.85//2008-9-18 9:32:35
43/600079/人福科技/3.790	2400	3.780	500	3.770	16600	3.760	20700	3.750	13800	3.800	700	3.820	300	3.830	100	3.840	36800	3.850	10350	/16842797//465357/123700/3.79/3.85//2008-9-18 9:33:35
43/600079/人福科技/3.800	45800	3.790	10100	3.780	4000	3.770	9800	3.760	21700	3.820	300	3.830	7100	3.840	37300	3.850	11650	3.860	4900	/16842797//482457/128200/3.8/3.85//2008-9-18 9:34:35
43/600079/人福科技/3.800	46800	3.790	10100	3.780	21900	3.770	9800	3.760	16600	3.820	900	3.840	31800	3.850	11950	3.860	4100	3.870	5000	/16842797//584259/154900/3.82/3.85//2008-9-18 9:35:35
43/600079/人福科技/3.800	4839	3.790	8100	3.780	21900	3.770	6300	3.760	16600	3.830	3000	3.840	36800	3.850	11200	3.860	4100	3.870	5000	/16842797//783063/207161/3.8/3.85//2008-9-18 9:36:36
43/600079/人福科技/3.790	9100	3.780	21500	3.770	8800	3.760	16600	3.750	16700	3.800	7861	3.820	900	3.830	7600	3.840	36800	3.850	12200	/16842797//809811/214200/3.8/3.85//2008-9-18 9:37:36
43/600079/人福科技/3.760	13900	3.750	16700	3.740	8000	3.730	5900	3.720	8500	3.780	3700	3.790	62900	3.800	7361	3.820	900	3.830	7000	/16842797//1025714/271300/3.79/3.85//2008-9-18 9:38:36
43/600079/人福科技/3.750	22500	3.740	8000	3.730	6400	3.720	8500	3.710	15200	3.760	9900	3.780	6400	3.790	63500	3.800	7361	3.820	900	/16842797//1077791/285200/3.76/3.85//2008-9-18 9:39:36
43/600079/人福科技/3.750	11800	3.740	8000	3.730	6400	3.720	8800	3.710	15200	3.760	400	3.780	6400	3.790	63500	3.800	9161	3.820	900	/16842797//1204362/318900/3.76/3.85//2008-9-18 9:40:36
43/600079/人福科技/3.760	3300	3.750	15900	3.740	8000	3.730	9000	3.720	8800	3.780	5400	3.790	63500	3.800	9161	3.820	900	3.830	5700	/16842797//1285357/340400/3.76/3.85//2008-9-18 9:41:37
43/600079/人福科技/3.750	8500	3.740	8100	3.730	9300	3.720	8800	3.710	16700	3.760	50	3.770	1000	3.790	63500	3.800	9161	3.820	900	/16842797//1329745/352200/3.76/3.85//2008-9-18 9:42:37
43/600079/人福科技/3.770	4300	3.760	4850	3.750	1600	3.740	8100	3.730	10300	3.790	63500	3.800	9161	3.820	1900	3.830	5700	3.840	37500	/16842797//1588482/421050/3.77/3.85//2008-9-18 9:43:37
43/600079/人福科技/3.770	4900	3.760	6850	3.750	2600	3.740	20100	3.730	10300	3.790	61900	3.800	9161	3.820	1900	3.830	8400	3.840	37500	/16842797//1602091/424650/3.79/3.85//2008-9-18 9:44:37
43/600079/人福科技/3.760	4150	3.750	3600	3.740	20100	3.730	10800	3.720	7800	3.790	61800	3.800	9161	3.820	1900	3.830	8400	3.840	37500	/16842797//1666135/441650/3.76/3.85//2008-9-18 9:45:37
43/600079/人福科技/3.750	7100	3.740	20100	3.730	11400	3.720	7800	3.710	17200	3.760	3060	3.790	62200	3.800	9161	3.820	1900	3.830	8400	/16842797//1666680/441800/3.76/3.85//2008-9-18 9:46:38
43/600079/人福科技/3.730	12200	3.720	7800	3.710	17200	3.700	43300	3.680	3100	3.750	800	3.760	3460	3.780	2000	3.790	62200	3.800	10161	/16842797//1801443/477800/3.75/3.85//2008-9-18 9:47:38
43/600079/人福科技/3.750	4000	3.730	13800	3.720	14700	3.710	19700	3.700	45600	3.760	2460	3.780	2000	3.790	62200	3.800	10161	3.820	1900	/16842797//1823158/483600/3.73/3.85//2008-9-18 9:48:38
43/600079/人福科技/3.750	1200	3.740	6300	3.710	5500	3.700	44600	3.680	24200	3.760	560	3.780	3000	3.790	62200	3.800	9161	3.820	1900	/16842797//2009961/533700/3.76/3.85//2008-9-18 9:49:39
43/600079/人福科技/3.720	6300	3.710	12300	3.700	41000	3.680	24600	3.670	500	3.750	6502	3.760	560	3.780	8400	3.790	62200	3.800	9161	/16842797//2132180/566600/3.72/3.85//2008-9-18 9:50:39
43/600079/人福科技/3.700	18900	3.680	24700	3.670	500	3.660	2000	3.650	6400	3.720	6140	3.740	4000	3.750	6100	3.760	1160	3.780	10400	/16842797//2359537/627900/3.72/3.85//2008-9-18 9:51:39
43/600079/人福科技/3.660	2600	3.650	6100	3.640	3000	3.630	1500	3.610	3500	3.670	2800	3.680	11900	3.690	1300	3.700	11700	3.720	5940	/16842797//2588383/689900/3.67/3.85//2008-9-18 9:52:39
43/600079/人福科技/3.630	200	3.610	500	3.600	9900	3.570	1000	3.560	2000	3.640	1200	3.650	30000	3.680	35400	3.690	1800	3.700	7700	/16842797//2766097/738500/3.64/3.85//2008-9-18 9:53:40
43/600079/人福科技/3.610	2000	3.600	1800	3.570	1000	3.560	2000	3.550	7700	3.620	8000	3.630	8301	3.640	1500	3.650	16800	3.680	31100	/16842797//3011270/806400/3.61/3.85//2008-9-18 9:54:40
43/600079/人福科技/3.540	200	3.520	2400	3.510	4700	3.500	43200	3.480	20600	3.550	1400	3.560	500	3.580	4100	3.600	20600	3.610	1700	/16842797//3144126/843600/3.55/3.85//2008-9-18 9:55:40
43/600079/人福科技/3.550	17000	3.540	2800	3.530	9000	3.520	15200	3.510	21400	3.580	3800	3.600	21100	3.610	1500	3.620	7100	3.630	8801	/16842797//3225955/866600/3.57/3.85//2008-9-18 9:56:41
43/600079/人福科技/3.600	4100	3.570	9200	3.560	3000	3.550	19600	3.540	3100	3.610	1500	3.620	500	3.630	5600	3.640	1000	3.650	17800	/16842797//3399430/915100/3.6/3.85//2008-9-18 9:57:41
43/600079/人福科技/3.590	100	3.580	51400	3.570	16000	3.560	10400	3.550	24500	3.600	4900	3.610	500	3.620	3500	3.630	5600	3.640	3000	/16842797//3447948/928600/3.6/3.85//2008-9-18 9:58:41
43/600079/人福科技/3.620	600	3.600	1700	3.590	10500	3.580	54200	3.570	17300	3.630	200	3.640	3500	3.650	16800	3.660	1000	3.680	14800	/16842797//3495576/941800/3.63/3.85//2008-9-18 9:59:41
43/600079/人福科技/3.610	7600	3.600	1100	3.590	10500	3.580	57200	3.570	18300	3.620	4400	3.630	9100	3.640	6000	3.650	17800	3.660	1000	/16842797//3522065/949100/3.61/3.85//2008-9-18 10:0:42
43/600079/人福科技/3.580	55500	3.570	18300	3.560	10400	3.550	27800	3.540	3100	3.590	2800	3.600	1800	3.610	16900	3.620	14300	3.630	13000	/16842797//3614228/974700/3.59/3.85//2008-9-18 10:1:42
43/600079/人福科技/3.580	29000	3.570	9300	3.560	10400	3.550	28000	3.540	500	3.590	5200	3.600	14300	3.610	6900	3.620	11300	3.630	13000	/16842797//3797746/1025900/3.58/3.58//2008-9-18 10:2:42
43/600079/人福科技/3.570	300	3.550	26500	3.540	500	3.530	2200	3.520	6500	3.580	51150	3.590	1245	3.600	14300	3.610	5600	3.620	11300	/16842797//3978266/1076400/3.57/3.58//2008-9-18 10:3:42
43/600079/人福科技/3.560	2000	3.550	23200	3.540	500	3.530	1000	3.520	7600	3.570	2800	3.580	49150	3.590	1245	3.600	6200	3.610	5600	/16842797//4020964/1088400/3.55/3.58//2008-9-18 10:4:43
43/600079/人福科技/3.570	38000	3.550	14300	3.540	500	3.530	1000	3.520	7600	3.580	29850	3.590	1245	3.600	5200	3.610	5600	3.620	11300	/16842797//4121416/1116600/3.57/3.58//2008-9-18 10:5:43
43/600079/人福科技/3.560	8600	3.550	41800	3.540	500	3.530	1000	3.520	7600	3.570	22150	3.590	1245	3.600	15200	3.610	5600	3.620	11300	/16842797//4506407/1224350/3.57/3.58//2008-9-18 10:6:43
43/600079/人福科技/3.570	17350	3.560	11900	3.550	13700	3.540	500	3.530	1600	3.580	3400	3.590	1245	3.600	15200	3.610	5600	3.620	2300	/16842797//4466772/1213250/3.57/3.58//2008-9-18 10:7:44
43/600079/人福科技/3.570	17650	3.560	11800	3.550	17300	3.540	500	3.530	1600	3.580	1900	3.590	1245	3.600	20100	3.610	5400	3.620	2300	/16842797//4551136/1236850/3.58/3.58//2008-9-18 10:8:44
43/600079/人福科技/3.590	9955	3.580	19300	3.570	19850	3.560	12800	3.550	17900	3.600	19600	3.610	5400	3.620	2300	3.640	3500	3.650	20600	/16842797//4579221/1244695/3.59/3.58//2008-9-18 10:9:44
43/600079/人福科技/3.600	16200	3.590	10200	3.580	7400	3.570	16350	3.560	13300	3.610	5100	3.620	2300	3.640	3500	3.650	20600	3.670	3900	/16842797//4654103/1265495/3.61/3.58//2008-9-18 10:10:44
43/600079/人福科技/3.610	6900	3.600	13300	3.590	2000	3.580	6500	3.570	13350	3.640	3500	3.650	20600	3.670	3900	3.680	5700	3.690	2400	/16842797//4703188/1279095/3.61/3.58//2008-9-18 10:11:45
43/600079/人福科技/3.630	1900	3.620	400	3.610	13200	3.600	24400	3.590	2000	3.640	1400	3.650	15600	3.670	3900	3.680	7700	3.690	2400	/16842797//4761946/1295295/3.64/3.58//2008-9-18 10:12:45
43/600079/人福科技/3.610	15200	3.600	24300	3.590	2200	3.580	9100	3.570	13300	3.620	24400	3.630	600	3.640	2800	3.650	10000	3.670	3900	/16842797//4797281/1304995/3.62/3.58//2008-9-18 10:13:45
43/600079/人福科技/3.600	21000	3.590	2200	3.580	8100	3.570	13300	3.560	13500	3.610	5400	3.620	24700	3.630	600	3.650	13000	3.670	3900	/16842797//4884195/1329095/3.6/3.58//2008-9-18 10:14:46
43/600079/人福科技/3.590	2100	3.580	8100	3.570	13300	3.560	14800	3.550	28400	3.600	27300	3.610	5400	3.620	24700	3.630	1400	3.640	100	/16842797//4974914/1354295/3.6/3.58//2008-9-18 10:15:46
43/600079/人福科技/3.580	4500	3.570	3300	3.560	17000	3.550	32900	3.540	1500	3.600	34700	3.610	12300	3.620	24700	3.630	1400	3.640	100	/16842797//5028787/1369295/3.6/3.58//2008-9-18 10:16:46
43/600079/人福科技/3.610	13500	3.600	49800	3.580	4500	3.570	5300	3.560	18000	3.620	24700	3.630	1400	3.640	100	3.650	13000	3.660	1000	/16842797//5187620/1413395/3.61/3.58//2008-9-18 10:17:47
43/600079/人福科技/3.620	2500	3.610	17400	3.600	70200	3.580	6500	3.570	5300	3.630	800	3.640	1000	3.650	13000	3.660	1000	3.670	3900	/16842797//5195931/1415695/3.62/3.58//2008-9-18 10:18:47
43/600079/人福科技/3.630	200	3.620	900	3.610	26400	3.600	2300	3.580	5500	3.640	900	3.650	13000	3.660	1500	3.670	3900	3.680	7700	/16842797//5215488/1421095/3.63/3.58//2008-9-18 10:19:47
43/600079/人福科技/3.660	8500	3.630	1400	3.620	10100	3.610	34900	3.600	1800	3.670	3900	3.680	7700	3.690	2300	3.700	7000	3.720	6940	/16842797//5278234/1438295/3.66/3.58//2008-9-18 10:20:48
43/600079/人福科技/3.630	700	3.620	10900	3.610	27700	3.600	2400	3.580	6000	3.640	2000	3.660	16000	3.670	3900	3.680	8700	3.690	2300	/16842797//5387389/1468295/3.63/3.58//2008-9-18 10:21:48
43/600079/人福科技/3.630	5400	3.620	10900	3.610	27500	3.600	2900	3.580	6500	3.640	2000	3.660	15000	3.670	6300	3.680	8700	3.690	2300	/16842797//5387389/1468295/3.63/3.58//2008-9-18 10:22:48
43/600079/人福科技/3.630	1699	3.620	3600	3.610	27100	3.600	32200	3.590	200	3.640	1800	3.650	6600	3.660	5000	3.670	6300	3.680	8700	/16842797//5408448/1474096/3.63/3.58//2008-9-18 10:23:48
43/600079/人福科技/3.630	1100	3.620	4600	3.610	22100	3.600	32200	3.590	200	3.640	1700	3.650	6700	3.660	5000	3.670	6300	3.680	8700	/16842797//5413168/1475396/3.63/3.58//2008-9-18 10:24:49
43/600079/人福科技/3.620	5000	3.610	22100	3.600	39400	3.590	200	3.580	8900	3.630	8500	3.650	4400	3.660	5000	3.670	6300	3.680	8700	/16842797//5431744/1480496/3.63/3.58//2008-9-18 10:25:49
43/600079/人福科技/3.620	4700	3.610	22100	3.600	39000	3.590	200	3.580	6900	3.630	300	3.650	4500	3.660	5000	3.670	6300	3.680	9300	/16842797//5462596/1488996/3.63/3.58//2008-9-18 10:26:49
43/600079/人福科技/3.620	200	3.610	17600	3.600	40000	3.590	200	3.580	8600	3.630	300	3.650	4500	3.660	5000	3.670	6300	3.680	9300	/16842797//5478886/1493496/3.62/3.58//2008-9-18 10:27:50
43/600079/人福科技/3.620	700	3.610	17600	3.600	40900	3.590	200	3.580	8600	3.630	400	3.650	400	3.660	5000	3.670	6300	3.680	9300	/16842797//5483232/1494696/3.62/3.58//2008-9-18 10:28:50
43/600079/人福科技/3.620	1700	3.610	17600	3.600	41500	3.590	200	3.580	9100	3.630	1900	3.660	400	3.670	6300	3.680	9300	3.690	4500	/16842797//5506963/1501196/3.63/3.58//2008-9-18 10:29:50
43/600079/人福科技/3.620	1000	3.610	18400	3.600	41800	3.590	200	3.580	9100	3.660	3800	3.670	6300	3.680	9300	3.690	4500	3.700	3100	/16842797//5514565/1503296/3.63/3.58//2008-9-18 10:30:51
43/600079/人福科技/3.620	300	3.610	18400	3.600	41100	3.590	200	3.580	10100	3.630	28000	3.660	3400	3.670	6300	3.680	9300	3.690	4500	/16842797//5523996/1505896/3.63/3.58//2008-9-18 10:31:51
43/600079/人福科技/3.610	19600	3.600	40500	3.590	200	3.580	10100	3.570	4800	3.620	8500	3.630	28000	3.660	3400	3.670	6300	3.680	9300	/16842797//5525082/1506196/3.62/3.58//2008-9-18 10:32:51
43/600079/人福科技/3.600	36000	3.590	4200	3.580	10100	3.570	4800	3.560	14500	3.610	5400	3.630	28000	3.660	3200	3.670	6300	3.680	9300	/16842797//5620331/1532596/3.61/3.58//2008-9-18 10:33:52
43/600079/人福科技/3.600	100	3.590	4200	3.580	7400	3.570	2200	3.560	22500	3.610	5100	3.630	28000	3.650	200	3.660	3200	3.670	6300	/16842797//5751374/1568996/3.6/3.58//2008-9-18 10:34:52
43/600079/人福科技/3.600	300	3.590	4200	3.580	8300	3.570	2200	3.560	23800	3.610	5100	3.630	28000	3.650	200	3.660	3200	3.670	6300	/16842797//5751734/1569096/3.6/3.58//2008-9-18 10:35:52
43/600079/人福科技/3.590	200	3.580	8400	3.570	2800	3.560	24400	3.550	55100	3.600	2500	3.610	5100	3.620	3200	3.630	29900	3.650	21200	/16842797//5760374/1571496/3.6/3.58//2008-9-18 10:36:53
43/600079/人福科技/3.580	8900	3.570	29300	3.560	24400	3.550	56100	3.540	1800	3.590	300	3.600	800	3.610	4000	3.620	3200	3.630	29900	/16842797//5769727/1574096/3.59/3.58//2008-9-18 10:37:53
43/600079/人福科技/3.580	8400	3.570	29100	3.560	25100	3.550	56100	3.540	1800	3.590	300	3.600	1700	3.610	4000	3.620	3200	3.630	29900	/16842797//5774394/1575396/3.59/3.58//2008-9-18 10:38:53
43/600079/人福科技/3.590	4800	3.580	9400	3.570	25100	3.560	25100	3.550	60100	3.600	12000	3.610	4000	3.620	3200	3.630	29900	3.650	21200	/16842797//5776189/1575896/3.59/3.58//2008-9-18 10:39:54
43/600079/人福科技/3.570	19300	3.560	30100	3.550	60900	3.540	1800	3.530	1800	3.600	17000	3.610	4000	3.620	4200	3.630	29900	3.650	23200	/16842797//5848138/1595996/3.57/3.58//2008-9-18 10:40:54
43/600079/人福科技/3.580	400	3.570	26700	3.560	29900	3.550	70400	3.540	1800	3.600	14500	3.610	8300	3.620	1000	3.630	29900	3.650	23200	/16842797//5876192/1603796/3.6/3.58//2008-9-18 10:41:54
43/600079/人福科技/3.580	3100	3.570	33600	3.560	33400	3.550	70900	3.540	1800	3.600	14500	3.610	8300	3.620	2000	3.630	29900	3.650	23200	/16842797//5870380/1602196/3.57/3.58//2008-9-18 10:42:55
43/600079/人福科技/3.590	7100	3.580	12400	3.570	33400	3.560	29700	3.550	76200	3.600	15700	3.610	8300	3.620	2000	3.630	29900	3.650	23200	/16842797//5887620/1606996/3.59/3.58//2008-9-18 10:43:55
43/600079/人福科技/3.590	4900	3.580	13600	3.570	30500	3.560	29900	3.550	85900	3.600	18300	3.610	8300	3.620	2000	3.630	29900	3.650	23200	/16842797//5916343/1614996/3.59/3.58//2008-9-18 10:44:56
43/600079/人福科技/3.570	31000	3.560	30200	3.550	86000	3.540	1800	3.530	1800	3.580	10000	3.590	1600	3.600	18700	3.610	8300	3.620	2000	/16842797//5987971/1634996/3.58/3.58//2008-9-18 10:45:56
43/600079/人福科技/3.560	29500	3.550	87700	3.540	1800	3.530	1800	3.520	8700	3.570	400	3.580	11000	3.590	3000	3.600	19700	3.610	8300	/16842797//6107123/1668396/3.57/3.58//2008-9-18 10:46:56
43/600079/人福科技/3.550	86300	3.540	1800	3.530	1800	3.520	8700	3.510	9900	3.560	19350	3.580	10600	3.590	3000	3.600	29800	3.610	8300	/16842797//6178227/1688396/3.56/3.58//2008-9-18 10:47:57
43/600079/人福科技/3.550	62500	3.540	1800	3.530	2800	3.520	9700	3.510	9900	3.560	22250	3.570	10000	3.580	10600	3.590	3000	3.600	27600	/16842797//6277990/1716496/3.55/3.58//2008-9-18 10:48:57
43/600079/人福科技/3.550	59100	3.540	1800	3.530	2800	3.520	9700	3.510	9900	3.560	17950	3.580	10600	3.590	3000	3.600	26700	3.610	8300	/16842797//6311056/1725796/3.56/3.58//2008-9-18 10:49:57
43/600079/人福科技/3.550	39700	3.540	1800	3.530	3800	3.520	10200	3.510	9900	3.560	21750	3.580	10600	3.590	3000	3.600	26700	3.610	8300	/16842797//6395204/1749496/3.55/3.58//2008-9-18 10:50:58
43/600079/人福科技/3.540	1800	3.530	3800	3.520	9000	3.510	8800	3.500	101300	3.550	17000	3.560	23550	3.580	10600	3.590	3000	3.600	26700	/16842797//6566671/1797796/3.55/3.58//2008-9-18 10:51:58
43/600079/人福科技/3.520	9000	3.510	14000	3.500	101300	3.490	1000	3.480	24800	3.530	38800	3.550	2600	3.560	10050	3.580	10600	3.590	3000	/16842797//6591772/1804896/3.53/3.58//2008-9-18 10:52:58
43/600079/人福科技/3.490	700	3.480	25800	3.470	193300	0.000	0	0.000	0	3.500	16300	3.520	28800	3.530	25200	3.550	2700	3.560	4750	/16842797//7054884/1937096/3.5/3.58//2008-9-18 10:53:59
43/600079/人福科技/3.480	18800	3.470	268100	0.000	0	0.000	0	0.000	0	3.490	10402	3.500	500	3.520	8800	3.530	24700	3.550	2700	/16842797//7193488/1976796/3.48/3.58//2008-9-18 10:54:59
43/600079/人福科技/3.480	5701	3.470	305900	0.000	0	0.000	0	0.000	0	3.490	7002	3.500	500	3.520	400	3.530	24700	3.550	2700	/16842797//7361256/2024995/3.48/3.58//2008-9-18 10:56:0
43/600079/人福科技/3.490	22098	3.480	41400	3.470	317400	0.000	0	0.000	0	3.500	500	3.520	400	3.530	24700	3.550	2700	3.560	4750	/16842797//7438268/2047097/3.49/3.58//2008-9-18 10:57:0
43/600079/人福科技/3.500	100	3.490	29498	3.480	32400	3.470	323900	0.000	0	3.520	900	3.530	24700	3.550	2000	3.560	4750	3.580	1000	/16842797//7472914/2056997/3.5/3.58//2008-9-18 10:58:0
43/600079/人福科技/3.490	36398	3.480	29200	3.470	334600	0.000	0	0.000	0	3.500	4600	3.510	1900	3.520	5100	3.530	24700	3.550	2000	/16842797//7481667/2059497/3.5/3.58//2008-9-18 10:59:1
43/600079/人福科技/3.510	7400	3.490	6398	3.480	43900	3.470	364400	0.000	0	3.520	3000	3.530	24700	3.550	2000	3.560	4750	3.580	1000	/16842797//7643780/2105897/3.51/3.58//2008-9-18 11:0:1
43/600079/人福科技/3.490	1000	3.480	6800	3.470	274098	0.000	0	0.000	0	3.500	72400	3.510	1000	3.520	27900	3.530	24700	3.550	2000	/16842797//8181491/2260597/3.5/3.58//2008-9-18 11:1:2
43/600079/人福科技/3.480	19200	3.470	292898	0.000	0	0.000	0	0.000	0	3.490	6700	3.500	82100	3.520	29900	3.530	1900	3.550	2000	/16842797//8257031/2282297/3.48/3.58//2008-9-18 11:2:2
43/600079/人福科技/3.480	17400	3.470	297098	0.000	0	0.000	0	0.000	0	3.490	6700	3.500	83300	3.520	7900	3.530	1900	3.550	3000	/16842797//8269559/2285897/3.48/3.58//2008-9-18 11:3:2
43/600079/人福科技/3.480	19500	3.470	327798	0.000	0	0.000	0	0.000	0	3.490	1900	3.500	82300	3.520	7900	3.530	1900	3.550	3000	/16842797//8320799/2300597/3.48/3.58//2008-9-18 11:4:3
43/600079/人福科技/3.480	20200	3.470	331398	0.000	0	0.000	0	0.000	0	3.500	11200	3.520	7900	3.530	1900	3.550	3000	3.560	4750	/16842797//8428662/2331497/3.5/3.58//2008-9-18 11:5:3
43/600079/人福科技/3.480	1000	3.470	361098	0.000	0	0.000	0	0.000	0	3.520	2900	3.530	1900	3.550	3000	3.560	4750	3.580	1000	/16842797//8592257/2378397/3.52/3.58//2008-9-18 11:6:4
43/600079/人福科技/3.500	4800	3.480	1100	3.470	355498	0.000	0	0.000	0	3.520	2900	3.530	1900	3.550	1100	3.560	4750	3.580	1000	/16842797//8728737/2417397/3.5/3.58//2008-9-18 11:7:4
43/600079/人福科技/3.510	20500	3.500	5900	3.490	10000	3.480	30400	3.470	369498	3.520	700	3.530	1900	3.550	1100	3.560	4750	3.580	1000	/16842797//8746321/2422397/3.52/3.58//2008-9-18 11:8:4
43/600079/人福科技/3.520	4300	3.510	26100	3.500	7100	3.490	10000	3.480	27000	3.530	1600	3.550	1100	3.560	4750	3.580	4500	3.590	1000	/16842797//8785748/2433597/3.52/3.58//2008-9-18 11:9:5
43/600079/人福科技/3.520	4400	3.510	25600	3.500	7700	3.490	10000	3.480	26000	3.530	15100	3.550	1100	3.560	5050	3.580	5500	3.590	1000	/16842797//8815401/2441997/3.53/3.58//2008-9-18 11:10:5
43/600079/人福科技/3.510	25600	3.500	7600	3.490	10300	3.480	26500	3.470	369198	3.520	1600	3.530	15500	3.550	6500	3.560	5050	3.580	5500	/16842797//8836517/2447997/3.52/3.58//2008-9-18 11:11:6
43/600079/人福科技/3.520	37000	3.510	21300	3.500	9000	3.490	10400	3.480	26500	3.530	15500	3.550	17900	3.560	5050	3.580	5500	3.590	1000	/16842797//8952984/2481097/3.52/3.58//2008-9-18 11:12:6
43/600079/人福科技/3.520	41600	3.510	21300	3.500	10600	3.490	10400	3.480	26600	3.530	15400	3.550	18400	3.560	5050	3.580	5500	3.590	1000	/16842797//8986073/2490497/3.53/3.58//2008-9-18 11:13:7
43/600079/人福科技/3.520	31000	3.510	22300	3.500	15900	3.490	10400	3.480	72100	3.530	15300	3.550	8500	3.560	5050	3.580	5500	3.590	1000	/16842797//9023738/2501197/3.52/3.58//2008-9-18 11:14:7
43/600079/人福科技/3.520	23900	3.510	23300	3.500	15900	3.490	10400	3.480	71100	3.530	15300	3.550	8500	3.560	5050	3.580	5500	3.590	1000	/16842797//9058586/2511097/3.52/3.58//2008-9-18 11:15:7
43/600079/人福科技/3.520	25000	3.510	23300	3.500	16000	3.490	10400	3.480	84600	3.530	13700	3.550	8500	3.560	5050	3.580	5500	3.590	1000	/16842797//9062126/2512097/3.53/3.58//2008-9-18 11:16:8
43/600079/人福科技/3.520	21900	3.510	23300	3.500	18200	3.490	10400	3.480	84600	3.530	16600	3.550	8600	3.560	5050	3.580	5500	3.590	1000	/16842797//9073743/2515397/3.52/3.58//2008-9-18 11:17:8
43/600079/人福科技/3.520	21800	3.510	23300	3.500	17600	3.490	10800	3.480	84600	3.530	13500	3.550	8600	3.560	5050	3.570	2500	3.580	5500	/16842797//9108270/2525197/3.53/3.58//2008-9-18 11:18:9
43/600079/人福科技/3.520	19800	3.510	30300	3.500	17600	3.490	10800	3.480	85700	3.530	11000	3.550	8600	3.560	5050	3.570	2500	3.580	5500	/16842797//9124483/2529797/3.52/3.58//2008-9-18 11:19:9
43/600079/人福科技/3.530	300	3.520	12000	3.510	30300	3.500	17600	3.490	10800	3.550	4600	3.560	5050	3.570	2500	3.580	5500	3.590	1000	/16842797//9193945/2549497/3.53/3.58//2008-9-18 11:20:10
43/600079/人福科技/3.520	8600	3.510	30300	3.500	17600	3.490	10800	3.480	86700	3.530	900	3.550	4600	3.560	5050	3.570	2500	3.580	5500	/16842797//9207329/2553297/3.52/3.58//2008-9-18 11:21:10
43/600079/人福科技/3.520	8600	3.510	30300	3.500	16100	3.490	10800	3.480	86700	3.530	4700	3.540	1900	3.550	21000	3.560	5050	3.570	2500	/16842797//9209094/2553797/3.53/3.58//2008-9-18 11:22:10
43/600079/人福科技/3.510	25700	3.500	16100	3.490	10800	3.480	86700	3.470	393298	3.520	3700	3.530	3700	3.540	1900	3.550	21000	3.560	5050	/16842797//9263618/2569297/3.52/3.58//2008-9-18 11:23:11
43/600079/人福科技/3.500	11585	3.490	10800	3.480	87200	3.470	393798	0.000	0	3.510	6800	3.520	4700	3.530	4300	3.540	1900	3.550	21000	/16842797//9372087/2600212/3.5/3.58//2008-9-18 11:24:11
43/600079/人福科技/3.490	10600	3.480	87100	3.470	391398	0.000	0	0.000	0	3.500	7715	3.510	6800	3.520	3700	3.530	1500	3.540	1900	/16842797//9413682/2612097/3.49/3.58//2008-9-18 11:25:12
43/600079/人福科技/3.490	5300	3.480	84700	3.470	404598	0.000	0	0.000	0	3.500	11715	3.510	6800	3.520	3700	3.530	1500	3.540	1900	/16842797//9435669/2618397/3.49/3.58//2008-9-18 11:26:12
43/600079/人福科技/3.470	400898	0.000	0	0.000	0	0.000	0	0.000	0	3.480	12200	3.500	9015	3.510	6800	3.520	3700	3.530	1500	/16842797//9794216/2721397/3.48/3.58//2008-9-18 11:27:13
43/600079/人福科技/3.470	390298	0.000	0	0.000	0	0.000	0	0.000	0	3.480	11800	3.490	800	3.500	8015	3.510	6800	3.520	3700	/16842797//9842453/2735297/3.47/3.58//2008-9-18 11:28:13
43/600079/人福科技/3.470	358998	0.000	0	0.000	0	0.000	0	0.000	0	3.480	6700	3.490	9700	3.500	8015	3.510	6800	3.520	3700	/16842797//9926478/2759497/3.47/3.58//2008-9-18 11:29:14
43/600079/人福科技/3.470	334298	0.000	0	0.000	0	0.000	0	0.000	0	3.480	12700	3.490	9700	3.500	8015	3.510	6800	3.520	3700	/16842797//9994178/2778997/3.47/3.58//2008-9-18 11:30:14
43/600079/人福科技/3.470	334298	0.000	0	0.000	0	0.000	0	0.000	0	3.480	12700	3.490	9700	3.500	8015	3.510	6800	3.520	3700	/16842797//9994178/2778997/3.47/3.58//2008-9-18 11:31:15
43/600079/人福科技/3.470	199198	0.000	0	0.000	0	0.000	0	0.000	0	3.480	71300	3.490	8900	3.500	4700	3.510	6800	3.520	3900	/16842797//10741500/2994197/3.48/3.58//2008-9-18 13:1:15
43/600079/人福科技/3.470	123298	0.000	0	0.000	0	0.000	0	0.000	0	3.480	78100	3.490	8900	3.500	4700	3.510	6800	3.520	3900	/16842797//11022949/3075297/3.47/3.58//2008-9-18 13:2:16
43/600079/人福科技/3.470	68098	0.000	0	0.000	0	0.000	0	0.000	0	3.480	63500	3.490	8900	3.500	4700	3.510	6800	3.520	3900	/16842797//11235012/3136397/3.48/3.58//2008-9-18 13:3:16
43/600079/人福科技/3.470	6498	0.000	0	0.000	0	0.000	0	0.000	0	3.470	33202	3.480	64400	3.490	8900	3.500	4700	3.510	6800	/16842797//11490050/3209895/3.47/3.58//2008-9-18 13:4:17
43/600079/人福科技/3.470	6498	0.000	0	0.000	0	0.000	0	0.000	0	3.470	20602	3.480	64400	3.500	4700	3.510	6800	3.520	3900	/16842797//11581658/3236295/3.47/3.58//2008-9-18 13:5:17
43/600079/人福科技/3.470	54798	0.000	0	0.000	0	0.000	0	0.000	0	3.480	64400	3.500	4700	3.510	6800	3.520	3900	3.530	9000	/16842797//11705544/3271997/3.47/3.58//2008-9-18 13:6:18
43/600079/人福科技/3.470	47998	0.000	0	0.000	0	0.000	0	0.000	0	3.480	61000	3.500	4700	3.510	6800	3.520	3900	3.530	9000	/16842797//11748250/3284297/3.48/3.58//2008-9-18 13:7:18
43/600079/人福科技/3.470	69898	0.000	0	0.000	0	0.000	0	0.000	0	3.480	38300	3.500	4700	3.510	6800	3.520	3900	3.530	9000	/16842797//11851190/3313897/3.48/3.58//2008-9-18 13:8:19
43/600079/人福科技/3.470	41398	0.000	0	0.000	0	0.000	0	0.000	0	3.480	36800	3.500	4700	3.510	6800	3.520	3900	3.530	9000	/16842797//11967802/3347497/3.47/3.58//2008-9-18 13:9:19
43/600079/人福科技/3.470	50098	0.000	0	0.000	0	0.000	0	0.000	0	3.480	36100	3.500	4700	3.510	6800	3.520	3900	3.530	9000	/16842797//11970238/3348197/3.48/3.58//2008-9-18 13:10:20
43/600079/人福科技/3.470	26198	0.000	0	0.000	0	0.000	0	0.000	0	3.480	41000	3.500	4700	3.510	6800	3.520	3900	3.530	9000	/16842797//12054907/3372597/3.47/3.58//2008-9-18 13:11:20
43/600079/人福科技/3.470	11598	0.000	0	0.000	0	0.000	0	0.000	0	3.480	27500	3.500	4700	3.510	6800	3.520	3900	3.530	9000	/16842797//12152540/3400697/3.47/3.58//2008-9-18 13:12:21
43/600079/人福科技/3.470	16198	0.000	0	0.000	0	0.000	0	0.000	0	3.470	24902	3.480	34000	3.500	4700	3.510	6800	3.520	3900	/16842797//12270167/3434595/3.47/3.58//2008-9-18 13:13:21
43/600079/人福科技/3.470	16198	0.000	0	0.000	0	0.000	0	0.000	0	3.470	28602	3.480	36100	3.500	4700	3.510	6800	3.520	3900	/16842797//12282312/3438095/3.47/3.58//2008-9-18 13:14:22
43/600079/人福科技/3.470	16198	0.000	0	0.000	0	0.000	0	0.000	0	3.470	27002	3.480	36100	3.500	4700	3.510	6800	3.520	3900	/16842797//12290640/3440495/3.47/3.58//2008-9-18 13:15:22
43/600079/人福科技/3.470	16198	0.000	0	0.000	0	0.000	0	0.000	0	3.470	45302	3.480	36100	3.500	4700	3.510	6800	3.520	3900	/16842797//12308684/3445695/3.47/3.58//2008-9-18 13:16:23
43/600079/人福科技/3.470	16198	0.000	0	0.000	0	0.000	0	0.000	0	3.470	99602	3.480	36100	3.500	4700	3.510	6800	3.520	3900	/16842797//12314930/3447495/3.47/3.58//2008-9-18 13:17:23
43/600079/人福科技/3.470	16198	0.000	0	0.000	0	0.000	0	0.000	0	3.470	63802	3.480	35400	3.500	4700	3.510	6800	3.520	3900	/16842797//12473509/3493195/3.47/3.58//2008-9-18 13:18:24
43/600079/人福科技/3.470	16198	0.000	0	0.000	0	0.000	0	0.000	0	3.470	53201	3.480	35400	3.500	4700	3.510	6800	3.520	3900	/16842797//12496411/3499795/3.47/3.58//2008-9-18 13:19:24
43/600079/人福科技/3.470	39999	0.000	0	0.000	0	0.000	0	0.000	0	3.480	6500	3.500	4700	3.510	6800	3.520	3900	3.530	9000	/16842797//12899550/3615896/3.48/3.58//2008-9-18 13:20:25
43/600079/人福科技/3.470	13899	0.000	0	0.000	0	0.000	0	0.000	0	3.470	5901	3.480	5500	3.500	4700	3.510	6800	3.520	3900	/16842797//13052584/3659995/3.47/3.58//2008-9-18 13:21:25
43/600079/人福科技/3.470	13899	0.000	0	0.000	0	0.000	0	0.000	0	3.470	13601	3.480	5500	3.500	22700	3.510	6800	3.520	3900	/16842797//13434631/3770095/3.47/3.58//2008-9-18 13:22:26
43/600079/人福科技/3.470	8599	0.000	0	0.000	0	0.000	0	0.000	0	3.470	32201	3.480	500	3.500	25400	3.510	6800	3.520	3900	/16842797//13564449/3807495/3.47/3.58//2008-9-18 13:23:26
43/600079/人福科技/3.480	7000	3.470	80199	0.000	0	0.000	0	0.000	0	3.500	19100	3.510	6800	3.520	3900	3.530	9000	3.550	23200	/16842797//13730126/3855196/3.5/3.58//2008-9-18 13:24:27
43/600079/人福科技/3.500	700	3.480	19800	3.470	90699	0.000	0	0.000	0	3.510	6800	3.520	3900	3.530	9000	3.550	23200	3.560	4750	/16842797//13797324/3874396/3.5/3.58//2008-9-18 13:25:27
43/600079/人福科技/3.510	3500	3.500	7200	3.480	20200	3.470	94699	0.000	0	3.520	3900	3.530	9000	3.540	2000	3.550	6800	3.560	4750	/16842797//13829957/3883696/3.51/3.58//2008-9-18 13:26:28
43/600079/人福科技/3.500	8100	3.480	19000	3.470	94899	0.000	0	0.000	0	3.510	10100	3.520	3600	3.530	9000	3.540	2000	3.550	8800	/16842797//13873148/3895996/3.5/3.58//2008-9-18 13:27:28
43/600079/人福科技/3.480	8000	3.470	83399	0.000	0	0.000	0	0.000	0	3.500	20300	3.510	3900	3.520	3600	3.530	9000	3.540	2000	/16842797//13953820/3919096/3.48/3.58//2008-9-18 13:28:29
43/600079/人福科技/3.470	10499	0.000	0	0.000	0	0.000	0	0.000	0	3.480	4000	3.500	20300	3.510	3900	3.520	3600	3.530	9000	/16842797//14243298/4002496/3.47/3.58//2008-9-18 13:29:29
43/600079/人福科技/3.470	4599	0.000	0	0.000	0	0.000	0	0.000	0	3.480	100	3.500	20300	3.510	100	3.520	3600	3.530	9400	/16842797//14294346/4017196/3.47/3.58//2008-9-18 13:30:30
43/600079/人福科技/3.490	200	3.480	8100	3.470	60199	0.000	0	0.000	0	3.500	19900	3.510	1600	3.520	3600	3.530	9400	3.540	2000	/16842797//14302366/4019496/3.5/3.58//2008-9-18 13:31:30
43/600079/人福科技/3.490	900	3.480	10000	3.470	72599	0.000	0	0.000	0	3.500	6100	3.510	1600	3.520	3000	3.530	9400	3.540	2000	/16842797//14353106/4033996/3.5/3.58//2008-9-18 13:32:31
43/600079/人福科技/3.500	12100	3.490	2400	3.480	11900	3.470	23299	0.000	0	3.530	5949	3.540	2000	3.550	8800	3.560	5750	3.570	11750	/16842797//14408936/4049896/3.5/3.58//2008-9-18 13:33:31
43/600079/人福科技/3.550	6351	3.510	11200	3.500	17700	3.490	1500	3.480	10900	3.560	5750	3.570	11750	3.580	32200	3.590	13805	3.600	39339	/16842797//14482296/4070645/3.55/3.58//2008-9-18 13:34:32
43/600079/人福科技/3.550	9351	3.530	2500	3.510	9300	3.500	20900	3.490	21300	3.570	5550	3.580	32200	3.590	13805	3.600	30639	3.610	9000	/16842797//14550906/4089895/3.57/3.58//2008-9-18 13:35:32
43/600079/人福科技/3.560	3500	3.550	8351	3.530	2500	3.510	9300	3.500	16700	3.570	27950	3.580	38900	3.590	13805	3.600	20839	3.610	9000	/16842797//14608055/4105895/3.57/3.58//2008-9-18 13:36:33
43/600079/人福科技/3.530	1500	3.520	1000	3.510	14300	3.500	16900	3.490	200	3.550	1900	3.560	6849	3.570	24950	3.580	38900	3.590	13805	/16842797//14669380/4123146/3.56/3.58//2008-9-18 13:37:34
43/600079/人福科技/3.540	11500	3.530	600	3.520	1000	3.510	14300	3.500	17200	3.550	2900	3.560	6849	3.570	30450	3.580	38900	3.590	13805	/16842797//14688819/4128646/3.55/3.58//2008-9-18 13:38:34
43/600079/人福科技/3.540	2700	3.530	600	3.520	1100	3.510	14300	3.500	17200	3.550	31000	3.560	5849	3.570	29450	3.580	38900	3.590	17305	/16842797//14727424/4139546/3.54/3.58//2008-9-18 13:39:35
43/600079/人福科技/3.510	9300	3.500	17200	3.490	200	3.480	10600	3.470	43299	3.520	300	3.530	4900	3.540	1600	3.550	29000	3.560	10749	/16842797//14761642/4149246/3.52/3.58//2008-9-18 13:40:35
43/600079/人福科技/3.520	2800	3.510	9300	3.500	19700	3.490	200	3.480	10600	3.530	3900	3.540	1600	3.550	23000	3.560	10749	3.570	27000	/16842797//14774324/4152846/3.52/3.58//2008-9-18 13:41:36
43/600079/人福科技/3.540	5400	3.530	11100	3.520	4400	3.510	9300	3.500	21700	3.550	27300	3.560	10749	3.570	27000	3.580	38900	3.590	17305	/16842797//14806836/4162046/3.53/3.58//2008-9-18 13:42:36
43/600079/人福科技/3.540	4500	3.530	8400	3.520	3400	3.510	14300	3.500	21900	3.550	25000	3.560	5149	3.570	26000	3.580	38900	3.590	17305	/16842797//14818187/4165246/3.55/3.58//2008-9-18 13:43:37
43/600079/人福科技/3.550	10500	3.530	5200	3.520	2500	3.510	14300	3.500	23000	3.570	25000	3.580	38900	3.590	18305	3.600	21939	3.610	9500	/16842797//14911909/4191646/3.56/3.58//2008-9-18 13:44:37
43/600079/人福科技/3.570	3600	3.550	20300	3.530	4400	3.520	2500	3.510	14300	3.580	26400	3.590	18805	3.600	21739	3.610	9500	3.620	9105	/16842797//15050183/4230346/3.58/3.58//2008-9-18 13:45:38
43/600079/人福科技/3.580	21900	3.570	8100	3.550	21300	3.520	2500	3.510	7800	3.590	7905	3.600	11639	3.610	9500	3.620	9105	3.630	13200	/16842797//15187406/4268646/3.59/3.58//2008-9-18 13:46:39
43/600079/人福科技/3.580	38200	3.570	4600	3.550	12000	3.520	2500	3.510	7800	3.590	505	3.600	3139	3.610	9500	3.620	9605	3.630	13200	/16842797//15326462/4307346/3.59/3.58//2008-9-18 13:47:39
43/600079/人福科技/3.600	1556	3.590	4600	3.580	38500	3.570	4600	3.550	12000	3.610	5400	3.620	9605	3.630	13200	3.640	1700	3.650	42400	/16842797//15391471/4325390/3.61/3.58//2008-9-18 13:48:40
43/600079/人福科技/3.570	3800	3.550	11300	3.530	600	3.520	3000	3.510	7800	3.580	6500	3.590	5000	3.600	16144	3.610	6400	3.620	11605	/16842797//15584515/4379246/3.57/3.58//2008-9-18 13:49:40
43/600079/人福科技/3.530	600	3.520	3000	3.510	7800	3.500	16600	3.490	1000	3.550	9300	3.570	4100	3.580	6500	3.590	5000	3.600	26544	/16842797//15646397/4396646/3.55/3.58//2008-9-18 13:50:41
43/600079/人福科技/3.530	500	3.520	2500	3.510	2800	3.500	17100	3.490	1000	3.550	13000	3.570	5000	3.580	6500	3.590	5000	3.600	26044	/16842797//15679045/4405846/3.53/3.58//2008-9-18 13:51:41
43/600079/人福科技/3.520	500	3.510	2800	3.500	26500	3.490	1100	3.480	17400	3.530	15500	3.550	10200	3.570	5200	3.580	6500	3.590	5000	/16842797//15703840/4412846/3.52/3.58//2008-9-18 13:52:42
43/600079/人福科技/3.530	700	3.510	4900	3.500	30500	3.490	1100	3.480	17100	3.550	10200	3.570	5500	3.580	6500	3.590	8400	3.600	21900	/16842797//15772585/4432346/3.53/3.58//2008-9-18 13:53:42
43/600079/人福科技/3.540	700	3.530	700	3.520	16200	3.510	4900	3.500	28900	3.550	11200	3.570	5500	3.580	6500	3.590	8400	3.600	21900	/16842797//15780373/4434546/3.54/3.58//2008-9-18 13:54:43
43/600079/人福科技/3.530	2400	3.520	21200	3.510	5100	3.500	28900	3.490	1100	3.550	6100	3.570	7500	3.580	6500	3.590	8400	3.600	23900	/16842797//15810877/4443146/3.55/3.58//2008-9-18 13:55:44
43/600079/人福科技/3.540	400	3.530	10400	3.520	21200	3.510	6100	3.500	28900	3.550	2300	3.570	6600	3.580	6500	3.590	9200	3.600	23900	/16842797//15821172/4446046/3.55/3.58//2008-9-18 13:56:44
43/600079/人福科技/3.550	24000	3.540	2900	3.530	9300	3.520	21200	3.510	6100	3.570	5600	3.580	6500	3.590	9200	3.600	23900	3.610	6000	/16842797//15846752/4453246/3.57/3.58//2008-9-18 13:57:45
43/600079/人福科技/3.550	26300	3.540	1400	3.530	4300	3.520	21200	3.510	5700	3.560	7200	3.570	5600	3.580	6500	3.590	9200	3.600	23900	/16842797//15853870/4455246/3.56/3.58//2008-9-18 13:58:45
43/600079/人福科技/3.550	35000	3.540	1200	3.530	5500	3.520	21200	3.510	5700	3.560	6100	3.570	5600	3.580	6500	3.590	9200	3.600	23900	/16842797//15863471/4457946/3.55/3.58//2008-9-18 13:59:46
43/600079/人福科技/3.550	33780	3.540	1200	3.530	5500	3.520	21200	3.510	5300	3.560	7900	3.570	5600	3.580	6500	3.590	9200	3.600	22900	/16842797//15882744/4463366/3.55/3.58//2008-9-18 14:0:47
43/600079/人福科技/3.560	17401	3.550	22280	3.540	1200	3.530	5500	3.520	22300	3.570	9600	3.580	6500	3.590	9200	3.600	24900	3.610	6000	/16842797//15978380/4490265/3.56/3.58//2008-9-18 14:1:47
43/600079/人福科技/3.530	3500	3.520	16200	3.510	4500	3.500	33700	3.490	1100	3.540	1400	3.550	13019	3.560	7400	3.570	14100	3.580	7000	/16842797//16124656/4531446/3.55/3.58//2008-9-18 14:2:48
43/600079/人福科技/3.520	15200	3.510	4500	3.500	37200	3.490	1100	3.480	25000	3.530	15300	3.550	11719	3.560	7400	3.570	13000	3.580	7000	/16842797//16154334/4539846/3.52/3.58//2008-9-18 14:3:48
43/600079/人福科技/3.520	14600	3.510	4500	3.500	36700	3.490	1100	3.480	25000	3.530	15300	3.550	13019	3.560	7000	3.570	14000	3.580	7500	/16842797//16156798/4540546/3.52/3.58//2008-9-18 14:4:49
43/600079/人福科技/3.520	4000	3.510	4500	3.500	37000	3.490	1100	3.480	25000	3.530	15300	3.550	13319	3.560	7000	3.570	14000	3.580	7500	/16842797//16202910/4553646/3.52/3.58//2008-9-18 14:5:50
43/600079/人福科技/3.520	3200	3.510	8700	3.500	37000	3.490	1100	3.480	25300	3.530	12300	3.550	11019	3.560	7000	3.570	14000	3.580	7500	/16842797//16231452/4561746/3.52/3.58//2008-9-18 14:6:50
43/600079/人福科技/3.520	4200	3.510	6500	3.500	37500	3.490	1100	3.480	25300	3.530	7900	3.550	11019	3.560	6000	3.570	14000	3.580	7500	/16842797//16328524/4589246/3.53/3.58//2008-9-18 14:7:51
43/600079/人福科技/3.550	9281	3.530	15000	3.520	8300	3.510	6900	3.500	37000	3.560	6000	3.570	14000	3.580	27500	3.590	12900	3.600	106700	/16842797//16432516/4618584/3.55/3.58//2008-9-18 14:8:51
43/600079/人福科技/3.540	8000	3.530	15600	3.520	7800	3.510	6900	3.500	38000	3.550	8719	3.570	13000	3.580	27500	3.590	12900	3.600	106700	/16842797//16433101/4618746/3.55/3.58//2008-9-18 14:9:52
43/600079/人福科技/3.560	100	3.550	29181	3.540	8000	3.530	15700	3.520	7200	3.570	2300	3.580	43000	3.590	12200	3.600	107700	3.610	7000	/16842797//16503676/4638565/3.57/3.58//2008-9-18 14:10:53
43/600079/人福科技/3.560	400	3.550	59481	3.530	15500	3.520	7200	3.510	6900	3.570	100	3.580	2100	3.590	12200	3.600	105700	3.610	7000	/16842797//16645257/4678165/3.57/3.58//2008-9-18 14:11:53
43/600079/人福科技/3.580	11100	3.570	1000	3.560	1800	3.550	20000	3.530	15500	3.590	19700	3.600	105200	3.610	6700	3.620	9505	3.630	13100	/16842797//16729938/4701765/3.59/3.58//2008-9-18 14:12:54
43/600079/人福科技/3.590	4500	3.580	5500	3.570	1000	3.560	3200	3.550	20700	3.600	105200	3.610	6700	3.620	14505	3.630	13100	3.640	700	/16842797//16836492/4731465/3.59/3.58//2008-9-18 14:13:55
43/600079/人福科技/3.580	6000	3.570	6300	3.560	3200	3.550	20000	3.530	15500	3.590	5100	3.600	110200	3.610	6700	3.620	14505	3.630	13100	/16842797//16869878/4740765/3.59/3.58//2008-9-18 14:14:55
43/600079/人福科技/3.570	6300	3.560	2900	3.550	21300	3.530	15500	3.520	8200	3.580	12900	3.590	113700	3.600	111700	3.610	6700	3.620	14505	/16842797//16900682/4749365/3.58/3.58//2008-9-18 14:15:56
43/600079/人福科技/3.560	900	3.550	19800	3.530	15500	3.520	8200	3.510	9900	3.570	3500	3.580	23700	3.590	118300	3.600	111700	3.610	95700	/16842797//16925316/4756265/3.56/3.58//2008-9-18 14:16:56
43/600079/人福科技/3.560	5300	3.550	15300	3.530	16000	3.520	7900	3.510	9900	3.570	7700	3.580	23700	3.590	119300	3.600	111700	3.610	95700	/16842797//16965860/4767665/3.56/3.58//2008-9-18 14:17:57
43/600079/人福科技/3.580	32500	3.570	17400	3.560	6400	3.550	19300	3.540	2000	3.590	14600	3.600	111700	3.610	5700	3.620	14505	3.630	13100	/16842797//17079264/4799365/3.58/3.58//2008-9-18 14:18:58
43/600079/人福科技/3.600	38900	3.590	96500	3.580	26200	3.570	4700	3.560	2100	3.610	5700	3.620	14505	3.630	13100	3.640	700	3.650	54900	/16842797//17596070/4942965/3.6/3.58//2008-9-18 14:19:58
43/600079/人福科技/3.650	77795	3.640	5000	3.630	10600	3.620	44600	3.610	29000	3.660	5500	3.670	42300	3.680	48800	3.690	5300	3.700	14700	/16842797//17841130/5010070/3.66/3.58//2008-9-18 14:20:59
43/600079/人福科技/3.670	124100	3.660	48800	3.650	97095	3.640	5200	3.630	33100	3.680	10800	3.690	6000	3.700	14700	3.720	15240	3.730	5100	/16842797//18158538/5096470/3.68/3.58//2008-9-18 14:22:0
43/600079/人福科技/3.700	52900	3.690	82900	3.680	70400	3.670	70600	3.660	49300	3.720	10940	3.730	4100	3.740	3300	3.750	6300	3.760	4260	/16842797//18366908/5152970/3.7/3.58//2008-9-18 14:23:0
43/600079/人福科技/3.740	13400	3.730	11000	3.720	105800	3.710	27900	3.700	75600	3.750	5400	3.760	6760	3.770	20000	3.780	3900	3.790	13900	/16842797//18459094/5177710/3.74/3.58//2008-9-18 14:24:1
43/600079/人福科技/3.770	50640	3.760	1600	3.750	21000	3.740	4850	3.730	31400	3.780	3800	3.790	15300	3.800	21260	3.820	5700	3.830	4300	/16842797//18671840/5234320/3.78/3.58//2008-9-18 14:25:2
43/600079/人福科技/3.720	5200	3.700	54500	3.690	7400	3.680	28600	3.670	61500	3.740	3450	3.750	10000	3.770	80160	3.780	83950	3.790	16300	/16842797//19168466/5366410/3.74/3.58//2008-9-18 14:26:2
43/600079/人福科技/3.710	4600	3.700	31000	3.690	7400	3.680	15200	3.670	60500	3.720	9700	3.730	55400	3.740	3450	3.750	6300	3.760	100	/16842797//19310836/5404810/3.71/3.58//2008-9-18 14:27:3
43/600079/人福科技/3.700	23200	3.690	7400	3.680	13200	3.670	41500	3.660	29300	3.710	18600	3.720	44200	3.730	54400	3.740	3450	3.750	5200	/16842797//19410636/5431710/3.71/3.58//2008-9-18 14:28:4
43/600079/人福科技/3.690	1700	3.680	22900	3.670	41500	3.660	27900	3.650	26200	3.700	35200	3.710	5600	3.720	44000	3.730	44800	3.740	3450	/16842797//19573536/5475710/3.69/3.58//2008-9-18 14:29:4
43/600079/人福科技/3.680	16400	3.670	40300	3.660	27900	3.650	27600	3.620	600	3.690	1500	3.700	24100	3.710	4200	3.720	43500	3.750	4300	/16842797//19666928/5501010/3.68/3.58//2008-9-18 14:30:5
43/600079/人福科技/3.670	29500	3.660	27900	3.650	27600	3.620	600	3.610	400	3.680	28850	3.690	1500	3.700	23400	3.710	3400	3.720	43500	/16842797//19796724/5536310/3.68/3.58//2008-9-18 14:31:6
43/600079/人福科技/3.670	37400	3.660	27900	3.650	27700	3.620	4700	3.610	2400	3.680	18550	3.690	1500	3.700	23400	3.710	5700	3.720	43500	/16842797//19900120/5564410/3.68/3.58//2008-9-18 14:32:6
43/600079/人福科技/3.690	8500	3.680	18650	3.670	38200	3.660	27400	3.650	8100	3.700	25600	3.710	5100	3.720	43500	3.730	900	3.750	4300	/16842797//19978324/5585660/3.69/3.58//2008-9-18 14:33:7
43/600079/人福科技/3.700	13200	3.690	16800	3.680	32550	3.670	39200	3.660	17400	3.710	4500	3.720	38000	3.730	900	3.750	5000	3.760	2000	/16842797//20010888/5594460/3.71/3.58//2008-9-18 14:34:8
43/600079/人福科技/3.710	22200	3.700	4000	3.690	16900	3.680	32550	3.670	38600	3.720	4100	3.750	4700	3.760	2000	3.770	9900	3.780	6100	/16842797//20182628/5640660/3.71/3.58//2008-9-18 14:35:8
43/600079/人福科技/3.720	6600	3.710	19500	3.700	32800	3.690	16900	3.680	30550	3.730	10450	3.740	700	3.750	18600	3.760	2000	3.770	10800	/16842797//20239874/5656060/3.72/3.58//2008-9-18 14:36:9
43/600079/人福科技/3.710	12100	3.700	32800	3.690	9200	3.680	30550	3.670	47700	3.720	3800	3.730	10150	3.740	10000	3.750	21280	3.760	2000	/16842797//20303476/5673160/3.72/3.58//2008-9-18 14:37:10
43/600079/人福科技/3.710	4200	3.700	31300	3.690	6200	3.680	16500	3.670	46800	3.720	32300	3.730	11130	3.740	11000	3.750	23700	3.760	8100	/16842797//20335018/5681660/3.71/3.58//2008-9-18 14:38:10
43/600079/人福科技/3.690	3100	3.680	14500	3.670	46800	3.660	12400	3.650	5900	3.700	18244	3.710	59300	3.720	19100	3.730	11130	3.740	11000	/16842797//20459752/5715360/3.7/3.58//2008-9-18 14:39:11
43/600079/人福科技/3.680	4000	3.670	46800	3.660	12400	3.650	4400	3.620	600	3.690	13300	3.700	9100	3.710	64400	3.720	20300	3.730	11130	/16842797//20516068/5730660/3.68/3.58//2008-9-18 14:40:12
43/600079/人福科技/3.650	1900	3.620	600	3.610	3400	3.600	27900	3.590	7000	3.660	16200	3.670	675500	3.680	1100	3.690	20400	3.700	11600	/16842797//20757400/5796460/3.65/3.58//2008-9-18 14:41:12
43/600079/人福科技/3.620	14900	3.610	900	3.600	10400	3.590	7200	3.580	9200	3.650	30000	3.660	21900	3.670	671500	3.680	800	3.690	18800	/16842797//20771580/5800360/3.62/3.58//2008-9-18 14:42:13
43/600079/人福科技/3.640	7000	3.620	9700	3.610	3600	3.600	11200	3.590	4400	3.650	25300	3.660	12800	3.670	671200	3.680	800	3.690	17800	/16842797//20862484/5825360/3.64/3.58//2008-9-18 14:43:14
43/600079/人福科技/3.630	10900	3.620	11000	3.610	8300	3.600	10800	3.590	4400	3.640	5500	3.650	22500	3.660	12300	3.670	671200	3.680	800	/16842797//20887244/5832160/3.63/3.58//2008-9-18 14:44:14
43/600079/人福科技/3.640	8400	3.630	22800	3.620	12400	3.610	7100	3.600	10500	3.650	21500	3.660	14400	3.670	671200	3.680	800	3.690	17800	/16842797//20918518/5840760/3.64/3.58//2008-9-18 14:45:15
43/600079/人福科技/3.640	2300	3.630	15700	3.620	11400	3.610	5600	3.600	15200	3.650	27100	3.660	17900	3.670	671200	3.680	800	3.690	17800	/16842797//20960014/5852160/3.64/3.58//2008-9-18 14:46:16
43/600079/人福科技/3.630	12600	3.620	9200	3.610	4500	3.600	16000	3.590	5400	3.640	16500	3.650	28500	3.660	17900	3.670	668700	3.680	800	/16842797//21002590/5863860/3.63/3.58//2008-9-18 14:47:16
43/600079/人福科技/3.620	10200	3.610	4500	3.600	16500	3.590	4400	3.580	8200	3.630	1200	3.640	12700	3.650	29500	3.660	17900	3.670	668700	/16842797//21051596/5877360/3.63/3.58//2008-9-18 14:48:17
43/600079/人福科技/3.610	3700	3.600	13000	3.590	4400	3.580	8200	3.570	4100	3.620	6800	3.630	5980	3.640	6699	3.650	32900	3.660	18400	/16842797//21108392/5893060/3.61/3.58//2008-9-18 14:49:18
43/600079/人福科技/3.600	6000	3.590	4200	3.580	8200	3.570	4300	3.560	2000	3.610	3000	3.620	4500	3.630	3800	3.640	5699	3.650	32900	/16842797//21141534/5902260/3.6/3.58//2008-9-18 14:50:18
43/600079/人福科技/3.600	800	3.590	4200	3.580	8200	3.570	4100	3.560	2000	3.610	14700	3.620	7900	3.630	1400	3.640	5999	3.650	33700	/16842797//21166734/5909260/3.6/3.58//2008-9-18 14:51:19
43/600079/人福科技/3.600	11000	3.590	4500	3.580	10400	3.570	4100	3.560	2000	3.610	5780	3.620	7900	3.630	1400	3.640	5999	3.650	33700	/16842797//21263332/5936060/3.61/3.58//2008-9-18 14:52:20
43/600079/人福科技/3.600	18500	3.590	4500	3.580	11300	3.570	4100	3.560	2000	3.610	2280	3.620	8900	3.630	1700	3.640	5999	3.650	33700	/16842797//21278458/5940260/3.61/3.58//2008-9-18 14:53:21
43/600079/人福科技/3.620	7300	3.610	11620	3.600	37200	3.590	4200	3.580	9600	3.630	1400	3.640	4099	3.650	33700	3.660	18400	3.670	661700	/16842797//21322518/5952440/3.62/3.58//2008-9-18 14:54:21
43/600079/人福科技/3.630	1700	3.620	14500	3.610	16620	3.600	34200	3.590	6200	3.640	7099	3.650	33700	3.660	18400	3.670	661700	3.690	16300	/16842797//21340654/5957440/3.63/3.58//2008-9-18 14:55:22
43/600079/人福科技/3.620	9400	3.610	15720	3.600	25300	3.590	6200	3.580	9200	3.640	13399	3.650	38200	3.660	18400	3.670	3400	3.690	14300	/16842797//21380222/5968340/3.63/3.58//2008-9-18 14:56:23
43/600079/人福科技/3.630	1200	3.620	16600	3.610	15720	3.600	25800	3.590	5700	3.640	13299	3.650	36500	3.660	18800	3.670	3400	3.690	14300	/16842797//21462884/5991140/3.64/3.58//2008-9-18 14:57:23
43/600079/人福科技/3.630	6600	3.620	20700	3.610	15720	3.600	27000	3.590	5700	3.640	22199	3.650	36900	3.660	18800	3.670	3400	3.690	14300	/16842797//21514828/6005440/3.63/3.58//2008-9-18 14:58:24
43/600079/人福科技/3.610	5000	3.600	29200	3.590	5700	3.580	9200	3.570	4100	3.620	10600	3.630	1100	3.640	21899	3.650	36800	3.660	16700	/16842797//21682460/6051740/3.62/3.58//2008-9-18 14:59:25
43/600079/人福科技/3.620	3800	3.610	2700	3.600	29500	3.590	5000	3.580	9800	3.630	1100	3.640	19899	3.650	40500	3.660	16700	3.670	3400	/16842797//21758376/6072740/3.61/3.58//2008-9-18 15:0:26
43/600079/人福科技/3.620	3800	3.610	2700	3.600	29500	3.590	5000	3.580	9800	3.630	1100	3.640	19899	3.650	40500	3.660	16700	3.670	3400	/16842797//21758376/6072740/3.61/3.58//2008-9-18 15:1:26
43/600079/人福科技/3.620	3800	3.610	2700	3.600	29500	3.590	5000	3.580	9800	3.630	1100	3.640	19899	3.650	40500	3.660	16700	3.670	3400	/16842797//21758376/6072740/3.61/3.58//2008-9-18 15:2:27
