693/600004/白云机场/11.090	14900	11.050	800	11.010	6100	11.000	14100	10.920	1000	11.100	3000	11.160	2000	11.170	600	11.180	300	11.200	1300	/16843478//163018/14700/11.09/11.24//2008-9-18 9:31:34
693/600004/白云机场/11.090	2000	11.050	800	11.020	300	11.010	1400	11.000	15100	11.180	300	11.200	1300	11.210	700	11.240	100	11.260	100	/16843478//363800/32800/11.09/11.24//2008-9-18 9:32:35
693/600004/白云机场/11.090	2000	11.050	800	11.020	300	11.010	1400	11.000	18500	11.100	5400	11.170	4300	11.180	300	11.200	1300	11.210	700	/16843478//414909/37400/11.1/11.24//2008-9-18 9:33:35
693/600004/白云机场/11.110	150	11.100	2995	11.090	3000	11.050	800	11.020	300	11.170	4300	11.180	300	11.200	1400	11.210	700	11.240	100	/16843478//477696/43055/11.17/11.24//2008-9-18 9:34:35
693/600004/白云机场/11.110	950	11.100	2995	11.090	2400	11.050	800	11.020	300	11.180	300	11.200	1400	11.210	700	11.230	5000	11.240	15000	/16843478//535762/48255/11.11/11.24//2008-9-18 9:35:35
693/600004/白云机场/11.100	3995	11.090	2400	11.050	800	11.020	300	11.010	2400	11.110	2550	11.170	1000	11.180	9000	11.200	1400	11.230	5000	/16843478//558520/50305/11.11/11.24//2008-9-18 9:36:36
693/600004/白云机场/11.090	1321	11.050	800	11.020	300	11.010	2400	11.000	18600	11.100	1005	11.110	2550	11.180	9000	11.200	1400	11.230	5000	/16843478//614830/55379/11.09/11.24//2008-9-18 9:37:36
693/600004/白云机场/11.000	18100	10.970	3800	10.920	1000	10.910	500	10.900	2800	11.010	1000	11.050	300	11.060	600	11.090	5879	11.100	1005	/16843478//801268/72300/11.01/11.24//2008-9-18 9:38:36
693/600004/白云机场/10.970	3800	10.960	1000	10.920	1000	10.910	500	10.900	3300	11.030	200	11.050	1700	11.060	600	11.090	179	11.100	6005	/16843478//971774/87800/11.0/11.24//2008-9-18 9:39:36
693/600004/白云机场/10.960	1000	10.920	1000	10.910	500	10.900	3300	10.820	10000	10.970	5300	11.000	11300	11.010	5400	11.020	2600	11.030	200	/16843478//980577/88600/11.0/11.24//2008-9-18 9:40:36
693/600004/白云机场/10.960	2600	10.920	1000	10.910	1100	10.900	5300	10.820	9000	10.970	1600	11.000	4800	11.010	5400	11.020	2000	11.050	1700	/16843478//1144229/103500/10.98/11.24//2008-9-18 9:41:37
693/600004/白云机场/10.920	1000	10.910	5100	10.900	5300	10.870	800	10.830	300	10.960	3600	10.990	2700	11.000	4800	11.020	2000	11.050	1700	/16843478//1204534/109000/10.96/11.24//2008-9-18 9:42:37
693/600004/白云机场/10.920	2000	10.910	12400	10.900	5300	10.870	800	10.830	300	10.960	4800	11.000	4800	11.020	2000	11.050	1700	11.090	179	/16843478//1241698/112400/10.96/11.24//2008-9-18 9:43:37
693/600004/白云机场/10.940	400	10.930	11600	10.920	3900	10.910	12900	10.900	9500	10.950	1500	10.960	13100	11.000	9800	11.020	2000	11.050	1700	/16843478//1241697/112400/10.95/11.24//2008-9-18 9:44:37
693/600004/白云机场/10.940	200	10.930	12100	10.920	3000	10.910	12600	10.900	9500	10.950	1000	10.960	4400	11.000	12800	11.020	2000	11.050	1700	/16843478//1310668/118700/10.94/11.24//2008-9-18 9:45:37
693/600004/白云机场/10.950	3400	10.940	1900	10.930	11900	10.920	2800	10.910	12600	10.960	4400	10.990	500	11.000	12600	11.020	2000	11.050	1700	/16843478//1329274/120400/10.95/11.24//2008-9-18 9:46:38
693/600004/白云机场/10.950	3300	10.940	1600	10.930	12200	10.920	3600	10.910	12600	10.960	2800	10.990	500	11.000	12600	11.020	2000	11.050	1700	/16843478//1354476/122700/10.96/11.24//2008-9-18 9:47:38
693/600004/白云机场/10.940	2100	10.930	12200	10.920	3600	10.910	12100	10.900	8500	10.950	800	10.960	5300	10.990	500	11.000	12600	11.020	2000	/16843478//1412522/128000/10.95/11.24//2008-9-18 9:48:38
693/600004/白云机场/10.920	3600	10.910	12100	10.900	8500	10.820	8000	10.810	19800	10.930	4900	10.940	500	10.950	700	10.960	5200	10.990	500	/16843478//1579774/143300/10.93/11.24//2008-9-18 9:49:39
693/600004/白云机场/10.930	5200	10.920	2300	10.910	800	10.900	6300	10.820	8000	10.950	700	10.960	5200	10.990	500	11.000	12600	11.020	2000	/16843478//1647527/149500/10.93/11.24//2008-9-18 9:50:39
693/600004/白云机场/10.930	4200	10.920	3800	10.910	800	10.900	6300	10.820	8000	10.960	900	10.990	500	11.000	12600	11.020	2000	11.050	1700	/16843478//1726368/156700/10.94/11.24//2008-9-18 9:51:39
693/600004/白云机场/10.930	200	10.920	2600	10.910	800	10.900	7300	10.820	8000	10.940	400	10.950	1000	10.960	900	10.990	500	11.000	13600	/16843478//1813808/164700/10.93/11.24//2008-9-18 9:52:39
693/600004/白云机场/10.920	1300	10.910	1300	10.900	7300	10.820	8500	10.810	19800	10.930	900	10.950	1000	10.960	900	10.990	500	11.000	9200	/16843478//1824705/165700/10.92/11.24//2008-9-18 9:53:40
693/600004/白云机场/10.900	2500	10.850	1000	10.820	9400	10.810	19800	10.800	1700	10.920	3400	10.960	2200	10.990	500	11.000	9200	11.020	2000	/16843478//1905414/173100/10.9/11.24//2008-9-18 9:54:40
693/600004/白云机场/10.820	9900	10.810	21200	10.800	2700	10.780	1000	10.750	1600	10.850	200	10.900	6000	10.920	3100	10.960	2200	10.990	8900	/16843478//1945690/176800/10.85/11.24//2008-9-18 9:55:40
693/600004/白云机场/10.810	19400	10.800	2700	10.780	1000	10.750	1000	10.730	500	10.820	10400	10.850	9300	10.880	2200	10.900	3500	10.920	3100	/16843478//2080921/189300/10.82/11.24//2008-9-18 9:56:41
693/600004/白云机场/10.780	1000	10.750	700	10.730	500	10.700	1300	10.680	200	10.800	1400	10.810	11900	10.820	8900	10.850	8900	10.880	2200	/16843478//2372786/216300/10.8/11.24//2008-9-18 9:57:41
693/600004/白云机场/10.730	300	10.700	1800	10.680	200	10.650	200	10.630	500	10.780	1000	10.800	9200	10.810	11900	10.820	8900	10.850	8900	/16843478//2477478/226000/10.8/11.24//2008-9-18 9:58:41
693/600004/白云机场/10.650	1000	10.630	6100	10.600	1000	10.510	5300	10.450	500	10.730	1500	10.780	200	10.790	1000	10.800	11000	10.810	2000	/16843478//2590742/236600/10.63/11.24//2008-9-18 9:59:41
693/600004/白云机场/10.630	3700	10.600	2000	10.510	5000	10.450	1800	10.410	500	10.650	1000	10.700	2900	10.710	2369	10.730	1100	10.780	5200	/16843478//2678054/244800/10.7/11.24//2008-9-18 10:0:42
693/600004/白云机场/10.690	700	10.650	11100	10.640	200	10.630	5700	10.600	2700	10.700	2900	10.710	2369	10.730	1500	10.780	5200	10.790	1000	/16843478//2754787/252000/10.69/11.24//2008-9-18 10:1:42
693/600004/白云机场/10.670	1000	10.650	32100	10.640	700	10.630	5700	10.620	400	10.680	5900	10.700	1000	10.710	2369	10.730	1000	10.780	5700	/16843478//2805034/256700/10.68/10.69//2008-9-18 10:2:42
693/600004/白云机场/10.660	2000	10.650	31000	10.640	700	10.630	5700	10.620	400	10.680	4600	10.700	1800	10.710	2369	10.730	1000	10.780	5700	/16843478//2904233/266000/10.68/10.69//2008-9-18 10:3:42
693/600004/白云机场/10.660	2700	10.650	32500	10.640	700	10.630	5200	10.620	400	10.680	509	10.700	1500	10.710	2369	10.730	600	10.780	5700	/16843478//2956469/270891/10.68/10.69//2008-9-18 10:4:43
693/600004/白云机场/10.650	14801	10.640	2200	10.590	1000	10.580	20000	10.560	100	10.660	4600	10.680	509	10.700	1500	10.710	2369	10.730	600	/16843478//4292724/396599/10.66/10.69//2008-9-18 10:5:43
693/600004/白云机场/10.660	2200	10.650	9601	10.590	1100	10.580	40000	10.560	1000	10.680	9	10.700	1500	10.710	2959	10.730	600	10.770	100	/16843478//4413164/407899/10.68/10.69//2008-9-18 10:6:43
693/600004/白云机场/10.680	91	10.650	2601	10.600	2100	10.590	14200	10.580	40000	10.700	1500	10.710	2959	10.730	600	10.770	100	10.780	5700	/16843478//4547504/420508/10.68/10.69//2008-9-18 10:7:44
693/600004/白云机场/10.800	19141	10.700	6500	10.690	300	10.660	2000	10.650	3792	10.810	1900	10.820	5200	10.850	13355	10.880	2000	10.900	2000	/16843478//4726318/437167/10.79/10.69//2008-9-18 10:8:44
693/600004/白云机场/10.810	4800	10.800	27141	10.710	5200	10.700	6500	10.660	2000	10.820	5200	10.850	12855	10.880	2000	10.900	2000	10.910	500	/16843478//4768457/441067/10.81/10.69//2008-9-18 10:9:44
693/600004/白云机场/10.800	27041	10.710	5200	10.700	6500	10.660	2000	10.650	2592	10.810	5200	10.820	500	10.850	13855	10.880	2000	10.900	2000	/16843478//4904718/453667/10.8/10.69//2008-9-18 10:10:44
693/600004/白云机场/10.810	3000	10.800	28341	10.710	200	10.700	6500	10.660	2200	10.840	200	10.850	13855	10.880	2000	10.900	2000	10.910	500	/16843478//4985793/461167/10.81/10.69//2008-9-18 10:11:45
693/600004/白云机场/10.810	2900	10.800	27241	10.710	200	10.700	6500	10.660	2200	10.820	10000	10.840	2400	10.850	14055	10.880	2000	10.900	2000	/16843478//5246522/485267/10.82/10.69//2008-9-18 10:12:45
693/600004/白云机场/10.800	27241	10.710	200	10.700	6500	10.660	2300	10.650	2492	10.810	5799	10.820	9200	10.840	200	10.850	14055	10.880	2000	/16843478//5289773/489267/10.81/10.69//2008-9-18 10:13:45
693/600004/白云机场/10.800	8641	10.710	200	10.700	6500	10.660	3100	10.650	2492	10.820	9200	10.840	200	10.850	14055	10.880	2000	10.900	1000	/16843478//5601993/518167/10.8/10.69//2008-9-18 10:14:46
693/600004/白云机场/10.810	1000	10.800	4141	10.710	200	10.700	6500	10.660	3100	10.820	8900	10.840	200	10.850	14055	10.880	2000	10.910	500	/16843478//5660320/523567/10.8/10.69//2008-9-18 10:15:46
693/600004/白云机场/10.720	1000	10.710	200	10.700	6500	10.660	3100	10.650	3392	10.800	3959	10.810	1100	10.820	8900	10.840	200	10.850	14055	/16843478//5731416/530149/10.8/10.69//2008-9-18 10:16:46
693/600004/白云机场/10.710	800	10.700	25000	10.660	3600	10.650	2692	10.620	300	10.800	3959	10.810	1100	10.820	8900	10.840	200	10.850	15555	/16843478//5747957/531708/10.71/10.69//2008-9-18 10:17:47
693/600004/白云机场/10.750	1000	10.720	400	10.710	3300	10.700	25000	10.660	3600	10.790	1900	10.800	3959	10.810	1100	10.820	8900	10.840	200	/16843478//5757668/532608/10.79/10.69//2008-9-18 10:18:47
693/600004/白云机场/10.780	1000	10.760	1500	10.750	1000	10.720	1500	10.710	63400	10.790	1900	10.800	1759	10.810	1100	10.820	8900	10.840	2400	/16843478//5757668/532608/10.79/10.69//2008-9-18 10:19:47
693/600004/白云机场/10.760	1100	10.750	11000	10.720	2300	10.710	62900	10.700	25700	10.790	1600	10.800	1759	10.810	1100	10.820	8900	10.840	2400	/16843478//5942005/549708/10.76/10.69//2008-9-18 10:20:48
693/600004/白云机场/10.790	900	10.770	1800	10.760	1100	10.750	21000	10.720	2400	10.800	2259	10.810	1100	10.820	8900	10.840	2200	10.850	15555	/16843478//5959269/551308/10.79/10.69//2008-9-18 10:21:48
693/600004/白云机场/10.780	800	10.770	800	10.760	1100	10.750	21000	10.720	5400	10.790	199	10.800	2059	10.810	1100	10.820	8900	10.840	2200	/16843478//5998095/554908/10.77/10.69//2008-9-18 10:22:48
693/600004/白云机场/10.800	4942	10.790	1100	10.780	800	10.760	1100	10.750	21000	10.820	8900	10.840	2200	10.850	13755	10.880	2000	10.900	500	/16843478//6043011/559066/10.8/10.69//2008-9-18 10:23:48
693/600004/白云机场/10.790	1100	10.780	800	10.760	1100	10.750	21000	10.720	5400	10.800	1258	10.820	8900	10.840	2200	10.850	12755	10.880	2000	/16843478//6096384/564008/10.8/10.69//2008-9-18 10:24:49
693/600004/白云机场/10.710	7500	10.700	26200	10.690	300	10.660	3600	10.650	2692	10.750	2258	10.820	8900	10.840	2700	10.850	12755	10.880	2000	/16843478//7051117/653008/10.71/10.69//2008-9-18 10:25:49
693/600004/白云机场/10.700	26200	10.690	300	10.660	3600	10.650	2892	10.620	300	10.710	100	10.750	2258	10.820	8900	10.840	2700	10.850	12755	/16843478//7132513/660608/10.71/10.69//2008-9-18 10:26:49
693/600004/白云机场/10.700	25600	10.690	300	10.680	300	10.660	3600	10.650	103492	10.740	1000	10.750	2258	10.800	200	10.820	8900	10.840	2700	/16843478//7160353/663208/10.7/10.69//2008-9-18 10:27:50
693/600004/白云机场/10.750	4642	10.720	200	10.710	30000	10.700	25600	10.690	300	10.800	2200	10.820	8900	10.840	2700	10.850	14255	10.880	2000	/16843478//7217942/668566/10.75/10.69//2008-9-18 10:28:50
693/600004/白云机场/10.730	2000	10.720	20200	10.710	100000	10.700	25600	10.690	300	10.750	3158	10.800	2200	10.810	700	10.820	8900	10.840	2700	/16843478//7278593/674208/10.75/10.69//2008-9-18 10:29:50
693/600004/白云机场/10.750	8642	10.730	4000	10.720	20700	10.710	100000	10.700	26600	10.800	2200	10.810	700	10.820	8900	10.840	4200	10.850	14255	/16843478//7544290/698924/10.75/10.69//2008-9-18 10:30:51
693/600004/白云机场/10.800	8300	10.760	200	10.750	8642	10.730	27000	10.720	21000	10.810	700	10.820	8900	10.840	4200	10.850	15555	10.880	2000	/16843478//7445952/689766/10.8/10.69//2008-9-18 10:31:51
693/600004/白云机场/10.800	8300	10.760	200	10.750	18642	10.730	27000	10.720	21000	10.810	600	10.820	8900	10.840	2700	10.850	14055	10.880	2000	/16843478//7468653/691866/10.81/10.69//2008-9-18 10:32:51
693/600004/白云机场/10.800	8000	10.760	200	10.750	28642	10.730	27000	10.720	21000	10.820	1500	10.840	2700	10.850	14055	10.880	2000	10.900	500	/16843478//7558447/700166/10.82/10.69//2008-9-18 10:33:52
693/600004/白云机场/10.800	7000	10.760	200	10.750	28642	10.730	27000	10.720	21000	10.820	1500	10.840	2700	10.850	14055	10.880	2000	10.900	500	/16843478//7569247/701166/10.8/10.69//2008-9-18 10:34:52
693/600004/白云机场/10.800	3500	10.760	200	10.750	28642	10.730	27000	10.720	21000	10.820	1500	10.840	2700	10.850	14055	10.880	2000	10.900	700	/16843478//7607047/704666/10.8/10.69//2008-9-18 10:35:52
693/600004/白云机场/10.800	900	10.750	88642	10.730	27000	10.720	21000	10.710	100000	10.820	1900	10.840	3723	10.850	14055	10.880	2000	10.900	200	/16843478//7645927/708266/10.8/10.69//2008-9-18 10:36:53
693/600004/白云机场/10.780	10000	10.750	88642	10.730	27000	10.720	21000	10.710	100000	10.800	5900	10.820	1500	10.840	3723	10.850	14055	10.880	2000	/16843478//7674007/710866/10.8/10.69//2008-9-18 10:37:53
693/600004/白云机场/10.800	4100	10.780	10000	10.750	88642	10.730	27000	10.720	21000	10.820	1500	10.840	3723	10.850	14055	10.880	2000	10.900	200	/16843478//7737727/716766/10.8/10.69//2008-9-18 10:38:53
693/600004/白云机场/10.800	200	10.780	10000	10.750	88642	10.730	27000	10.720	21000	10.820	1500	10.840	3723	10.850	14055	10.880	2000	10.900	200	/16843478//7812247/723666/10.8/10.69//2008-9-18 10:39:54
693/600004/白云机场/10.780	10000	10.750	88642	10.730	27000	10.720	21000	10.710	50000	10.800	4500	10.820	1500	10.840	3723	10.850	14055	10.880	2000	/16843478//7830607/725366/10.8/10.69//2008-9-18 10:40:54
693/600004/白云机场/10.950	422	10.780	10000	10.750	88642	10.730	27000	10.720	20500	10.960	900	10.980	5000	10.990	3700	11.000	43000	11.020	1000	/16843478//8146401/754444/10.95/10.69//2008-9-18 10:41:54
693/600004/白云机场/10.840	1000	10.800	86600	10.780	10000	10.750	89142	10.730	27000	10.940	300	10.950	200	10.990	12578	11.000	41500	11.020	1000	/16843478//8249832/763866/10.99/10.69//2008-9-18 10:42:55
693/600004/白云机场/10.860	1000	10.850	10000	10.840	1000	10.810	9200	10.800	85600	10.980	300	10.990	5178	11.000	41500	11.020	1000	11.050	1700	/16843478//8359711/773866/10.99/10.69//2008-9-18 10:43:55
693/600004/白云机场/10.860	1000	10.850	10000	10.810	10200	10.800	85600	10.780	10000	10.970	400	11.000	8378	11.020	1000	11.050	1700	11.060	600	/16843478//8799618/813866/11.0/10.69//2008-9-18 10:44:56
693/600004/白云机场/11.000	42132	10.910	1000	10.900	700	10.860	1400	10.850	10000	11.050	1700	11.080	600	11.090	179	11.100	7300	11.120	800	/16843478//9002724/832334/11.0/10.69//2008-9-18 10:45:56
693/600004/白云机场/10.860	1200	10.850	10500	10.810	10200	10.800	87100	10.780	14000	11.000	12800	11.050	2700	11.080	800	11.090	179	11.100	6300	/16843478//9064206/837934/10.86/10.69//2008-9-18 10:46:56
693/600004/白云机场/10.860	100	10.810	7500	10.800	7100	10.780	10000	10.750	88642	10.990	1500	11.000	20900	11.050	2700	11.080	800	11.090	279	/16843478//9101110/841334/10.85/10.69//2008-9-18 10:47:57
693/600004/白云机场/10.950	6300	10.860	1900	10.810	7000	10.800	8600	10.780	10000	10.980	2500	10.990	2800	11.000	21700	11.050	6000	11.080	800	/16843478//9108775/842034/10.95/10.69//2008-9-18 10:48:57
693/600004/白云机场/10.860	2900	10.810	7000	10.800	8600	10.780	10000	10.750	89142	10.900	2000	10.950	1400	10.970	1500	10.980	2500	10.990	2000	/16843478//9177760/848334/10.95/10.69//2008-9-18 10:49:57
693/600004/白云机场/10.860	3800	10.810	7000	10.800	9600	10.790	1000	10.780	10000	10.900	600	10.950	16000	10.970	1500	10.980	3000	10.990	2000	/16843478//9230068/853134/10.9/10.69//2008-9-18 10:50:58
693/600004/白云机场/10.740	7000	10.730	27000	10.720	300	10.710	50000	10.700	3700	10.900	1300	10.930	100	10.940	300	10.950	16000	10.970	1000	/16843478//11207207/1036718/10.75/10.69//2008-9-18 10:51:58
693/600004/白云机场/10.740	6096	10.730	27000	10.720	300	10.710	50000	10.700	3700	10.880	1000	10.900	6300	10.930	100	10.940	300	10.950	14600	/16843478//10306262/953080/10.74/10.69//2008-9-18 10:52:58
693/600004/白云机场/10.930	400	10.900	1300	10.760	1000	10.750	50500	10.740	9996	10.940	300	10.950	16000	10.970	1000	10.980	3000	10.990	2000	/16843478//10418277/963380/10.93/10.69//2008-9-18 10:53:59
693/600004/白云机场/10.770	200	10.760	2300	10.750	51000	10.740	11196	10.730	27000	10.880	2000	10.890	100	10.900	1800	10.940	8300	10.950	14600	/16843478//10455361/966780/10.9/10.69//2008-9-18 10:54:59
693/600004/白云机场/10.770	78300	10.760	21300	10.750	51000	10.740	11196	10.730	27000	10.880	1500	10.890	100	10.900	6400	10.940	4800	10.950	14600	/16843478//10591962/979480/10.77/10.69//2008-9-18 10:56:0
693/600004/白云机场/10.780	3500	10.770	108100	10.760	20300	10.750	51000	10.740	6296	10.850	513	10.880	1500	10.890	100	10.900	6600	10.940	4800	/16843478//10594116/979680/10.77/10.69//2008-9-18 10:57:0
693/600004/白云机场/10.790	700	10.780	19100	10.770	118100	10.760	20300	10.750	51000	10.800	400	10.950	12213	10.970	1000	10.980	500	10.990	2000	/16843478//10837120/1001980/10.78/10.69//2008-9-18 10:58:0
693/600004/白云机场/10.890	600	10.790	11800	10.780	19100	10.770	118100	10.760	21000	10.950	4213	10.970	1000	10.980	500	10.990	2000	11.000	23400	/16843478//11060380/1022380/10.95/10.69//2008-9-18 10:59:1
693/600004/白云机场/10.800	2000	10.790	11800	10.780	19100	10.770	118100	10.760	21000	10.890	800	10.930	3000	10.950	5213	10.970	1000	10.980	500	/16843478//10961730/1013380/10.82/10.69//2008-9-18 11:0:1
693/600004/白云机场/10.790	11600	10.780	19100	10.770	118100	10.760	21000	10.750	54800	10.820	900	10.890	800	10.920	1000	10.930	3000	10.940	30000	/16843478//10987649/1015780/10.79/10.69//2008-9-18 11:1:2
693/600004/白云机场/10.750	46600	10.740	6296	10.730	24000	10.720	800	10.700	4200	10.790	6000	10.820	1900	10.890	800	10.920	1000	10.930	3200	/16843478//13146438/1216180/10.8/10.69//2008-9-18 11:2:2
693/600004/白云机场/10.760	115000	10.750	11800	10.740	6296	10.730	24000	10.720	800	10.950	17113	10.970	1000	10.980	500	10.990	2000	11.000	36500	/16843478//14204090/1313567/10.95/10.69//2008-9-18 11:3:2
693/600004/白云机场/10.810	1000	10.770	3400	10.760	115000	10.750	12100	10.740	6296	10.940	200	10.950	10163	10.970	1000	10.980	800	10.990	4200	/16843478//14392563/1330780/10.95/10.69//2008-9-18 11:4:3
693/600004/白云机场/10.810	1000	10.780	1000	10.770	13200	10.760	115000	10.750	12100	10.930	500	10.940	1800	10.950	14463	10.970	1000	10.980	10600	/16843478//14393657/1330880/10.94/10.69//2008-9-18 11:5:3
693/600004/白云机场/10.830	1000	10.820	2000	10.780	1400	10.770	13200	10.760	115000	10.940	100	10.950	11663	10.970	2500	10.980	10600	10.990	4700	/16843478//14612629/1350880/10.95/10.69//2008-9-18 11:6:4
693/600004/白云机场/10.950	5737	10.840	1000	10.830	1000	10.820	2000	10.780	1400	10.970	2500	10.980	10600	10.990	4200	11.000	36900	11.010	500	/16843478//14768803/1365143/10.95/10.69//2008-9-18 11:7:4
693/600004/白云机场/10.950	4737	10.840	1000	10.830	1000	10.820	2500	10.780	1900	10.970	1500	10.980	10600	10.990	3900	11.000	36700	11.010	500	/16843478//14779753/1366143/10.95/10.69//2008-9-18 11:8:4
693/600004/白云机场/10.750	13000	10.740	6296	10.730	104000	10.720	800	10.700	4200	10.760	176663	10.940	1000	10.950	18770	10.960	500	10.970	11500	/16843478//16367625/1513580/10.76/10.69//2008-9-18 11:9:5
693/600004/白云机场/10.740	6296	10.730	100000	10.720	800	10.700	4200	10.690	1000	10.750	1900	10.760	173563	10.940	2000	10.950	18270	10.960	500	/16843478//16562231/1531680/10.75/10.69//2008-9-18 11:10:5
693/600004/白云机场/10.740	2526	10.730	80100	10.720	800	10.700	4200	10.690	1000	10.950	4233	10.960	3000	10.970	11000	10.980	12600	10.990	3900	/16843478//18760478/1735550/10.74/10.69//2008-9-18 11:11:6
693/600004/白云机场/10.770	1000	10.760	300	10.750	20600	10.740	3226	10.730	82100	10.930	499	10.940	1000	10.950	23333	10.960	3300	10.970	11000	/16843478//18760478/1735550/10.74/10.69//2008-9-18 11:12:6
693/600004/白云机场/10.770	11000	10.760	300	10.750	23600	10.740	8826	10.730	87100	10.920	200	10.930	499	10.940	1000	10.950	23333	10.960	3300	/16843478//18760478/1735550/10.74/10.69//2008-9-18 11:13:7
693/600004/白云机场/10.950	1028	10.770	80700	10.760	300	10.750	43600	10.740	17726	10.960	3700	10.970	11000	10.980	12600	10.990	5900	11.000	45400	/16843478//19077696/1764522/10.95/10.69//2008-9-18 11:14:7
693/600004/白云机场/10.790	1000	10.780	4100	10.770	80700	10.760	300	10.750	43600	10.950	9822	10.960	3500	10.970	11000	10.980	12700	10.990	5900	/16843478//19088952/1765550/10.95/10.69//2008-9-18 11:15:7
693/600004/白云机场/10.780	5300	10.770	79700	10.760	300	10.750	43100	10.740	19726	10.790	2000	10.950	11822	10.960	3500	10.970	11000	10.980	12700	/16843478//19099742/1766550/10.79/10.69//2008-9-18 11:16:8
693/600004/白云机场/10.790	3100	10.780	5300	10.770	79700	10.760	300	10.750	43600	10.940	1500	10.950	10850	10.960	3200	10.970	11000	10.980	12700	/16843478//19142902/1770550/10.79/10.69//2008-9-18 11:17:8
693/600004/白云机场/10.790	3200	10.780	3300	10.770	79700	10.760	300	10.750	43600	10.920	8000	10.930	1000	10.940	2000	10.950	10750	10.960	41200	/16843478//19142902/1770550/10.79/10.69//2008-9-18 11:18:9
693/600004/白云机场/10.800	100	10.790	700	10.780	3300	10.770	79700	10.760	300	10.920	8000	10.930	1000	10.940	2000	10.950	11250	10.960	39390	/16843478//19142902/1770550/10.79/10.69//2008-9-18 11:19:9
693/600004/白云机场/10.800	9800	10.790	600	10.780	3300	10.770	79700	10.760	300	10.920	8000	10.930	1000	10.940	2500	10.950	8550	10.960	39390	/16843478//19153722/1771550/10.8/10.69//2008-9-18 11:20:10
693/600004/白云机场/10.890	1000	10.800	9800	10.790	600	10.780	3400	10.770	79700	10.920	8000	10.930	1000	10.940	2500	10.950	9550	10.960	43390	/16843478//19153722/1771550/10.8/10.69//2008-9-18 11:21:10
693/600004/白云机场/10.800	15900	10.790	100	10.780	3400	10.770	79700	10.750	44800	10.890	5300	10.920	7700	10.930	1000	10.940	2500	10.950	15550	/16843478//19265178/1781850/10.8/10.69//2008-9-18 11:22:10
693/600004/白云机场/10.800	65200	10.790	100	10.780	3400	10.770	79700	10.750	44800	10.890	700	10.900	4600	10.910	3000	10.920	8700	10.930	1000	/16843478//19224048/1778050/10.8/10.69//2008-9-18 11:23:11
693/600004/白云机场/10.810	1000	10.800	45200	10.790	100	10.780	2400	10.770	79700	10.890	700	10.900	6600	10.910	3000	10.920	8700	10.930	1000	/16843478//19650648/1817550/10.8/10.69//2008-9-18 11:24:11
693/600004/白云机场/10.800	45200	10.790	100	10.780	2400	10.770	79700	10.750	44800	10.810	19000	10.890	1700	10.900	6600	10.910	23000	10.920	1000	/16843478//19456268/1799550/10.81/10.69//2008-9-18 11:25:12
693/600004/白云机场/10.800	37420	10.790	100	10.780	2400	10.770	79700	10.750	44800	10.810	24000	10.890	1700	10.900	6600	10.910	23000	10.920	1000	/16843478//19530346/1806410/10.8/10.69//2008-9-18 11:26:12
693/600004/白云机场/10.800	7220	10.790	100	10.780	2400	10.770	69700	10.750	24800	10.810	22600	10.890	1700	10.900	7000	10.910	23000	10.930	1000	/16843478//19870776/1837930/10.81/10.69//2008-9-18 11:27:13
693/600004/白云机场/10.790	100	10.780	2400	10.770	69700	10.750	24800	10.740	17126	10.800	130	10.900	1300	10.910	23000	10.930	1000	10.940	2500	/16843478//20273702/1875150/10.8/10.69//2008-9-18 11:28:13
693/600004/白云机场/10.780	7600	10.770	100700	10.750	24800	10.740	17126	10.730	2000	10.790	2900	10.800	230	10.900	1300	10.910	23000	10.930	1000	/16843478//20275860/1875350/10.79/10.69//2008-9-18 11:29:14
693/600004/白云机场/10.780	7600	10.770	100700	10.750	24700	10.740	17126	10.730	2000	10.790	2900	10.800	230	10.900	1300	10.910	23000	10.930	1000	/16843478//20275860/1875350/10.79/10.69//2008-9-18 11:30:14
693/600004/白云机场/10.780	7600	10.770	100700	10.750	24700	10.740	17126	10.730	2000	10.790	2900	10.800	230	10.900	1300	10.910	23000	10.930	1000	/16843478//20275860/1875350/10.79/10.69//2008-9-18 11:31:15
693/600004/白云机场/10.770	10250	10.750	23700	10.740	16926	10.730	2000	10.720	500	10.780	4500	10.790	4100	10.800	2230	10.850	200	10.900	2400	/16843478//21306062/1971000/10.77/10.69//2008-9-18 13:1:15
693/600004/白云机场/10.750	7300	10.740	16926	10.730	2000	10.720	500	10.700	6900	10.770	1150	10.780	4000	10.790	4100	10.800	2230	10.850	200	/16843478//22034314/2038650/10.75/10.69//2008-9-18 13:2:16
693/600004/白云机场/10.740	16926	10.730	2000	10.720	500	10.700	6900	10.690	1000	10.750	700	10.770	1150	10.780	1000	10.790	4100	10.800	2230	/16843478//22125688/2047150/10.75/10.69//2008-9-18 13:3:16
693/600004/白云机场/10.730	2000	10.720	500	10.700	6900	10.690	1000	10.680	19900	10.740	10000	10.770	650	10.780	1000	10.790	4100	10.800	2230	/16843478//22313648/2064650/10.74/10.69//2008-9-18 13:4:17
693/600004/白云机场/10.710	5000	10.700	3400	10.690	1000	10.680	19900	10.660	3100	10.730	300	10.740	10000	10.770	650	10.780	1000	10.790	4100	/16843478//22848768/2114650/10.7/10.69//2008-9-18 13:5:17
693/600004/白云机场/10.700	21000	10.690	1000	10.680	19900	10.660	3100	10.650	1400	10.710	10100	10.730	1800	10.750	100	10.770	650	10.780	1000	/16843478//22930140/2122250/10.7/10.69//2008-9-18 13:6:18
693/600004/白云机场/10.700	800	10.690	1000	10.680	20000	10.660	3100	10.650	1900	10.710	7500	10.730	1700	10.750	100	10.770	250	10.780	1000	/16843478//23161270/2143850/10.71/10.69//2008-9-18 13:7:18
693/600004/白云机场/10.710	700	10.700	27900	10.690	6000	10.680	20000	10.660	3100	10.730	1700	10.750	100	10.770	250	10.780	1000	10.790	4100	/16843478//23260852/2153150/10.71/10.69//2008-9-18 13:8:19
693/600004/白云机场/10.710	1600	10.700	27900	10.690	6000	10.680	20000	10.660	3100	10.730	1700	10.750	100	10.770	250	10.780	1000	10.790	3300	/16843478//23283342/2155250/10.71/10.69//2008-9-18 13:9:19
693/600004/白云机场/10.730	100	10.710	4100	10.700	21000	10.690	6000	10.680	20000	10.750	100	10.770	250	10.780	800	10.790	3300	10.800	2668	/16843478//23312296/2157950/10.73/10.69//2008-9-18 13:10:20
693/600004/白云机场/10.710	4100	10.700	21000	10.690	6000	10.680	20000	10.660	3100	10.730	4300	10.750	100	10.770	250	10.780	800	10.790	3300	/16843478//23341306/2160650/10.73/10.69//2008-9-18 13:11:20
693/600004/白云机场/10.730	8300	10.700	13700	10.690	6000	10.680	20000	10.660	3100	10.750	100	10.770	250	10.780	800	10.790	3300	10.800	2668	/16843478//23570628/2182050/10.7/10.69//2008-9-18 13:12:21
693/600004/白云机场/10.720	400	10.700	27000	10.690	6000	10.680	20000	10.660	3100	10.730	2900	10.750	200	10.770	250	10.780	800	10.790	3300	/16843478//23846038/2207750/10.73/10.69//2008-9-18 13:13:21
693/600004/白云机场/10.700	11300	10.690	6000	10.680	20000	10.660	3100	10.650	2200	10.720	700	10.730	2900	10.750	200	10.770	250	10.780	800	/16843478//24125416/2233850/10.7/10.69//2008-9-18 13:14:22
693/600004/白云机场/10.700	4400	10.690	6000	10.680	20000	10.660	3100	10.650	2200	10.720	1800	10.730	2900	10.750	5400	10.770	250	10.780	800	/16843478//24199246/2240750/10.7/10.69//2008-9-18 13:15:22
693/600004/白云机场/10.700	4800	10.680	5800	10.660	3100	10.650	32100	10.600	5400	10.710	3300	10.720	2300	10.730	2900	10.750	5400	10.770	250	/16843478//24517742/2270550/10.7/10.69//2008-9-18 13:16:23
693/600004/白云机场/10.700	3800	10.690	200	10.680	5800	10.660	3100	10.650	32600	10.710	3300	10.720	2300	10.730	2900	10.750	7400	10.770	250	/16843478//24528442/2271550/10.7/10.69//2008-9-18 13:17:23
693/600004/白云机场/10.700	600	10.680	5800	10.660	3400	10.650	32600	10.620	300	10.710	3800	10.720	1000	10.730	2900	10.750	9400	10.770	250	/16843478//24562682/2274750/10.7/10.69//2008-9-18 13:18:24
693/600004/白云机场/10.700	24800	10.680	5800	10.660	3400	10.650	32600	10.620	300	10.710	3800	10.720	1000	10.730	2800	10.750	9400	10.770	250	/16843478//24624742/2280550/10.7/10.69//2008-9-18 13:19:24
693/600004/白云机场/10.700	21600	10.680	5800	10.660	3400	10.650	32600	10.620	300	10.710	2000	10.720	1000	10.730	2800	10.750	9800	10.770	250	/16843478//24718958/2289350/10.7/10.69//2008-9-18 13:20:25
693/600004/白云机场/10.710	1400	10.700	20600	10.680	5800	10.660	3400	10.650	32600	10.720	1000	10.730	2800	10.750	9400	10.770	250	10.780	400	/16843478//24752148/2292450/10.71/10.69//2008-9-18 13:21:25
693/600004/白云机场/10.710	1500	10.700	21100	10.680	5800	10.660	3400	10.650	32600	10.730	2800	10.750	9300	10.770	250	10.780	400	10.790	3300	/16843478//24776794/2294750/10.71/10.69//2008-9-18 13:22:26
693/600004/白云机场/10.720	800	10.710	4000	10.700	20600	10.680	5800	10.660	5000	10.730	2800	10.750	7300	10.770	250	10.780	400	10.790	3300	/16843478//24778938/2294950/10.72/10.69//2008-9-18 13:23:26
693/600004/白云机场/10.720	800	10.710	4000	10.700	20600	10.680	5800	10.660	5000	10.730	3300	10.750	7300	10.770	250	10.780	400	10.790	3300	/16843478//24795034/2296450/10.73/10.69//2008-9-18 13:24:27
693/600004/白云机场/10.750	3100	10.730	100	10.720	2100	10.710	9000	10.700	20900	10.770	250	10.780	400	10.790	3300	10.800	3730	10.850	200	/16843478//25037792/2319050/10.75/10.69//2008-9-18 13:25:27
693/600004/白云机场/10.800	3470	10.790	2000	10.770	1350	10.760	100	10.750	1900	10.850	200	10.880	5700	10.890	1000	10.900	2300	10.910	23000	/16843478//25035760/2318830/10.8/10.69//2008-9-18 13:26:28
693/600004/白云机场/10.850	9300	10.800	8570	10.790	2000	10.770	50	10.760	100	10.880	3900	10.890	1000	10.900	2300	10.910	23000	10.920	5000	/16843478//25063998/2321430/10.85/10.69//2008-9-18 13:27:28
693/600004/白云机场/10.910	700	10.880	200	10.800	8770	10.770	50	10.760	100	10.920	5000	10.930	1000	10.940	800	10.950	28800	10.960	43390	/16843478//25484884/2360030/10.91/10.69//2008-9-18 13:28:29
693/600004/白云机场/10.800	3770	10.770	50	10.760	100	10.750	1900	10.720	2100	10.880	9600	10.900	55600	10.920	5000	10.930	1000	10.940	800	/16843478//25602696/2370930/10.8/10.69//2008-9-18 13:29:29
693/600004/白云机场/10.800	3970	10.770	50	10.760	100	10.750	1900	10.720	2400	10.900	5700	10.920	5000	10.930	1000	10.940	800	10.950	31800	/16843478//26202494/2425930/10.9/10.69//2008-9-18 13:30:30
693/600004/白云机场/10.800	3970	10.770	50	10.760	100	10.750	1900	10.720	2400	10.880	1600	10.900	5700	10.920	5000	10.930	1000	10.940	10300	/16843478//26202494/2425930/10.9/10.69//2008-9-18 13:31:30
693/600004/白云机场/10.900	23500	10.800	4470	10.770	50	10.760	100	10.750	1900	10.910	400	10.920	5000	10.930	1000	10.940	9800	10.950	31700	/16843478//26278762/2432930/10.9/10.69//2008-9-18 13:32:31
693/600004/白云机场/10.920	100	10.900	20601	10.810	600	10.800	5470	10.770	50	10.960	43390	10.970	1000	10.980	43800	10.990	7500	11.000	57670	/16843478//26880530/2487929/10.91/10.69//2008-9-18 13:33:31
693/600004/白云机场/10.920	1000	10.900	15301	10.810	600	10.800	4470	10.770	50	10.950	900	10.960	43390	10.970	1000	10.980	43800	10.990	7500	/16843478//26990630/2498029/10.95/10.69//2008-9-18 13:34:32
693/600004/白云机场/10.990	200	10.950	11400	10.920	500	10.900	15301	10.810	600	11.000	2960	11.010	500	11.030	600	11.050	1700	11.080	1300	/16843478//28692622/2653029/10.95/10.69//2008-9-18 13:35:32
693/600004/白云机场/10.960	500	10.950	15500	10.920	500	10.800	3570	10.770	50	11.000	1260	11.010	500	11.030	3600	11.040	10000	11.050	11700	/16843478//28713602/2654929/11.0/10.69//2008-9-18 13:36:33
693/600004/白云机场/10.960	1500	10.950	15500	10.920	500	10.800	3570	10.770	50	11.040	4060	11.050	12200	11.080	800	11.090	579	11.100	12080	/16843478//28907754/2672529/11.04/10.69//2008-9-18 13:37:34
693/600004/白云机场/11.000	1000	10.970	1200	10.960	1500	10.950	11200	10.920	500	11.030	2000	11.040	1460	11.050	13200	11.080	800	11.090	879	/16843478//28918744/2673529/11.04/10.69//2008-9-18 13:38:34
693/600004/白云机场/10.950	17000	10.920	500	10.800	4570	10.770	50	10.750	1900	10.960	1100	11.000	1000	11.030	2000	11.040	3460	11.050	13200	/16843478//28959348/2677229/10.96/10.69//2008-9-18 13:39:35
693/600004/白云机场/10.950	15500	10.920	500	10.810	1000	10.800	4570	10.770	50	10.960	3100	10.990	300	11.000	1000	11.030	2000	11.040	3460	/16843478//28975774/2678729/10.95/10.69//2008-9-18 13:40:35
693/600004/白云机场/10.950	14000	10.810	1000	10.800	4570	10.770	50	10.750	2200	10.960	2200	10.970	400	10.990	300	11.000	1000	11.030	2000	/16843478//28998778/2680829/10.96/10.69//2008-9-18 13:41:36
693/600004/白云机场/10.810	1000	10.800	4570	10.770	50	10.750	2200	10.730	5000	10.950	3000	10.970	400	11.000	1000	11.030	2000	11.040	3260	/16843478//29187150/2698029/10.95/10.69//2008-9-18 13:42:36
693/600004/白云机场/10.810	6000	10.800	4570	10.770	50	10.750	2200	10.730	5000	10.950	2700	10.970	400	11.000	1000	11.030	2000	11.040	3260	/16843478//29190434/2698329/10.95/10.69//2008-9-18 13:43:37
693/600004/白云机场/11.000	45900	10.850	5000	10.820	600	10.810	6900	10.800	5070	11.030	2000	11.040	2760	11.050	2700	11.070	500	11.080	800	/16843478//29235388/2702429/11.0/10.69//2008-9-18 13:44:37
693/600004/白云机场/11.010	100	11.000	44000	10.950	74000	10.850	3000	10.820	600	11.030	2000	11.040	2760	11.050	2700	11.080	800	11.090	1179	/16843478//29279388/2706429/11.0/10.69//2008-9-18 13:45:38
693/600004/白云机场/11.000	44000	10.950	74000	10.850	3000	10.820	600	10.810	2000	11.030	300	11.040	2760	11.050	2700	11.080	800	11.090	3179	/16843478//29281644/2706629/11.03/10.69//2008-9-18 13:46:39
693/600004/白云机场/11.010	4800	11.000	45900	10.950	74000	10.850	3000	10.820	600	11.030	300	11.040	2060	11.050	2700	11.080	800	11.090	3679	/16843478//29288260/2707229/11.0/10.69//2008-9-18 13:47:39
693/600004/白云机场/10.950	74000	10.850	3000	10.820	600	10.810	1000	10.800	5070	11.000	54100	11.010	14600	11.020	200	11.030	5300	11.040	2060	/16843478//29852620/2758529/11.0/10.69//2008-9-18 13:48:40
693/600004/白云机场/10.950	77900	10.850	3000	10.820	600	10.810	1000	10.800	5070	10.990	1000	11.000	57900	11.010	14600	11.020	200	11.030	5000	/16843478//29870210/2760129/11.0/10.69//2008-9-18 13:49:40
693/600004/白云机场/10.950	6000	10.870	2000	10.850	3000	10.830	300	10.820	600	10.980	600	10.990	1800	11.000	58200	11.010	14600	11.020	200	/16843478//30746220/2840129/10.95/10.69//2008-9-18 13:50:41
693/600004/白云机场/10.950	400	10.870	2000	10.850	3000	10.830	300	10.820	600	10.980	600	10.990	1100	11.000	58200	11.010	14600	11.020	200	/16843478//30919230/2855929/10.95/10.69//2008-9-18 13:51:41
693/600004/白云机场/10.950	4700	10.870	2000	10.850	3000	10.830	300	10.820	600	10.980	1100	10.990	1100	11.000	58700	11.010	14600	11.020	200	/16843478//30932352/2857129/10.95/10.69//2008-9-18 13:52:42
693/600004/白云机场/10.950	15400	10.870	2000	10.850	3000	10.830	300	10.820	600	10.980	1100	10.990	1100	11.000	58700	11.010	14600	11.020	200	/16843478//30932352/2857129/10.95/10.69//2008-9-18 13:53:42
693/600004/白云机场/10.980	1600	10.950	14900	10.850	3000	10.830	300	10.820	600	10.990	1100	11.000	58700	11.010	14600	11.020	200	11.030	5000	/16843478//30951018/2858829/10.98/10.69//2008-9-18 13:54:43
693/600004/白云机场/10.950	14900	10.860	200	10.850	3000	10.830	300	10.820	600	10.980	2200	10.990	1500	11.000	58700	11.010	14600	11.020	200	/16843478//30966390/2860229/10.98/10.69//2008-9-18 13:55:44
693/600004/白云机场/10.950	21210	10.860	200	10.850	3000	10.820	600	10.810	1000	10.980	2600	10.990	1100	11.000	58700	11.010	14600	11.020	200	/16843478//30990372/2862419/10.95/10.69//2008-9-18 13:56:44
693/600004/白云机场/10.950	23310	10.860	200	10.850	3000	10.820	600	10.810	1000	10.980	9600	10.990	1100	11.000	58700	11.010	14600	11.020	200	/16843478//30995846/2862919/10.95/10.69//2008-9-18 13:57:45
693/600004/白云机场/10.950	25510	10.860	7600	10.850	3000	10.820	600	10.810	1000	10.980	9600	10.990	3100	11.000	58700	11.010	14600	11.020	400	/16843478//31542812/2912919/10.93/10.69//2008-9-18 13:58:45
693/600004/白云机场/10.950	24310	10.860	7600	10.850	3000	10.820	600	10.810	1000	10.970	3000	10.980	9600	10.990	3100	11.000	5800	11.010	14600	/16843478//31566912/2915119/10.96/10.69//2008-9-18 13:59:46
693/600004/白云机场/10.950	29510	10.860	200	10.850	3000	10.820	600	10.810	1000	10.970	3000	10.980	9600	10.990	2100	11.000	5800	11.010	14600	/16843478//31577872/2916119/10.96/10.69//2008-9-18 14:0:47
693/600004/白云机场/10.950	28510	10.860	200	10.850	3000	10.820	600	10.810	1000	10.960	200	10.970	3000	10.980	9600	10.990	2100	11.000	6000	/16843478//31591002/2917319/10.95/10.69//2008-9-18 14:1:47
693/600004/白云机场/10.860	4800	10.850	3000	10.820	1600	10.810	1000	10.800	55670	10.950	112290	10.970	3000	10.980	9600	10.990	2100	11.000	6000	/16843478//32028016/2957229/10.95/10.69//2008-9-18 14:2:48
693/600004/白云机场/10.950	46510	10.870	2000	10.860	4800	10.850	3000	10.820	600	10.970	3000	10.980	9600	10.990	2100	11.000	6000	11.010	14600	/16843478//33270682/3070719/10.95/10.69//2008-9-18 14:3:48
693/600004/白云机场/10.870	8500	10.860	200	10.850	3000	10.820	600	10.810	1000	10.920	200	10.930	49022	10.970	3000	10.980	9600	10.990	2100	/16843478//33861936/3124729/10.87/10.69//2008-9-18 14:4:49
693/600004/白云机场/10.950	278	10.900	4500	10.870	6800	10.860	200	10.850	3000	10.970	2000	10.980	9200	10.990	2900	11.000	8100	11.010	14600	/16843478//34476156/3180951/10.97/10.69//2008-9-18 14:5:50
693/600004/白云机场/10.920	900	10.900	5378	10.870	6800	10.860	200	10.850	3000	10.970	2000	10.980	9200	10.990	2900	11.000	8790	11.010	14600	/16843478//34480528/3181351/10.9/10.69//2008-9-18 14:6:50
693/600004/白云机场/10.920	6100	10.900	5778	10.860	200	10.850	3000	10.820	600	10.960	100	10.970	2000	10.980	9200	10.990	2900	11.000	7890	/16843478//34480528/3181351/10.9/10.69//2008-9-18 14:7:51
693/600004/白云机场/10.930	500	10.920	7600	10.900	6278	10.860	200	10.850	3000	10.960	100	10.970	2000	10.980	4200	10.990	2900	11.000	7690	/16843478//34491448/3182351/10.92/10.69//2008-9-18 14:8:51
693/600004/白云机场/11.000	4910	10.970	3000	10.960	7700	10.950	30000	10.930	5500	11.010	14300	11.020	200	11.030	5000	11.040	2660	11.050	3600	/16843478//34688052/3200241/11.0/10.69//2008-9-18 14:9:52
693/600004/白云机场/11.000	34910	10.970	3000	10.960	13200	10.950	30000	10.920	2900	11.010	5000	11.020	200	11.030	5000	11.040	2660	11.050	3600	/16843478//34688052/3200241/11.0/10.69//2008-9-18 14:10:53
693/600004/白云机场/11.010	200	11.000	32810	10.970	3000	10.960	11100	10.950	30000	11.020	1700	11.030	5000	11.040	2660	11.050	3600	11.080	800	/16843478//34769504/3207641/11.01/10.69//2008-9-18 14:11:53
693/600004/白云机场/11.020	6200	11.010	200	11.000	32810	10.970	3000	10.960	11100	11.030	5000	11.040	2660	11.050	4600	11.080	800	11.090	6079	/16843478//34844440/3214441/11.02/10.69//2008-9-18 14:12:54
693/600004/白云机场/11.020	5400	11.010	200	11.000	32810	10.970	3000	10.960	11100	11.030	5200	11.040	2060	11.050	4600	11.080	800	11.090	6079	/16843478//34906200/3220041/11.03/10.69//2008-9-18 14:13:55
693/600004/白云机场/11.010	200	11.000	32810	10.970	3000	10.960	11100	10.950	30200	11.020	2800	11.030	5200	11.040	2060	11.050	4600	11.080	800	/16843478//34976728/3226441/11.02/10.69//2008-9-18 14:14:55
693/600004/白云机场/11.000	10	10.970	3000	10.960	11100	10.950	30200	10.920	500	11.020	2800	11.030	5200	11.040	2060	11.050	4600	11.080	800	/16843478//35339732/3259441/11.0/10.69//2008-9-18 14:15:56
693/600004/白云机场/11.000	15010	10.970	3000	10.960	11600	10.950	30200	10.920	500	11.020	2800	11.030	200	11.040	2060	11.050	4600	11.080	800	/16843478//35702732/3292441/11.0/10.69//2008-9-18 14:16:56
693/600004/白云机场/11.000	20510	10.970	3000	10.960	11600	10.950	30200	10.910	3200	11.020	2000	11.030	200	11.040	2060	11.050	4600	11.080	800	/16843478//35348548/3260241/11.02/10.69//2008-9-18 14:17:57
693/600004/白云机场/11.020	22000	11.000	24610	10.970	3000	10.960	11600	10.950	30200	11.030	200	11.040	2060	11.050	3600	11.080	800	11.090	6079	/16843478//35403608/3265241/11.02/10.69//2008-9-18 14:18:58
693/600004/白云机场/11.030	500	11.020	2000	11.000	24610	10.970	3000	10.960	11600	11.040	560	11.050	3600	11.080	800	11.090	6079	11.100	1730	/16843478//35422372/3266941/11.04/10.69//2008-9-18 14:19:58
693/600004/白云机场/11.080	1100	11.050	10000	11.040	6740	11.030	500	11.020	7000	11.090	5779	11.100	1330	11.140	2000	11.150	5300	11.160	200	/16843478//35484956/3272601/11.08/10.69//2008-9-18 14:20:59
693/600004/白云机场/11.090	4521	11.080	1600	11.050	5000	11.040	6540	11.030	500	11.100	630	11.140	2000	11.150	300	11.160	200	11.170	1800	/16843478//35542396/3277780/11.09/10.69//2008-9-18 14:22:0
693/600004/白云机场/11.140	3200	11.100	15370	11.090	1800	11.080	500	11.040	1540	11.180	1900	11.190	3800	11.200	3400	11.210	600	11.240	6000	/16843478//35620756/3284810/11.18/10.69//2008-9-18 14:23:0
693/600004/白云机场/11.100	15170	11.090	1000	11.080	200	11.040	1540	11.020	2000	11.140	4200	11.180	1900	11.190	3800	11.200	3200	11.210	600	/16843478//35682008/3290310/11.1/10.69//2008-9-18 14:24:1
693/600004/白云机场/11.140	8200	11.100	16270	11.090	1000	11.080	200	11.040	100	11.180	1300	11.190	3100	11.200	2800	11.210	600	11.230	2000	/16843478//35783416/3299410/11.18/10.69//2008-9-18 14:25:2
693/600004/白云机场/11.090	1000	11.080	200	11.040	500	11.020	2000	11.000	14510	11.100	74130	11.140	10000	11.180	1400	11.190	3100	11.200	3400	/16843478//36070900/3325280/11.1/10.69//2008-9-18 14:26:2
693/600004/白云机场/11.040	500	11.020	2000	11.000	15510	10.970	3000	10.960	11600	11.050	100	11.080	300	11.100	73930	11.140	10000	11.180	1400	/16843478//36114124/3329180/11.1/10.69//2008-9-18 14:27:3
693/600004/白云机场/11.040	500	11.020	700	11.000	14510	10.970	3000	10.960	11600	11.050	100	11.090	300	11.100	79930	11.140	10000	11.180	1400	/16843478//36114124/3329180/11.1/10.69//2008-9-18 14:28:4
693/600004/白云机场/11.040	500	11.020	700	11.000	14510	10.970	3000	10.960	11600	11.090	300	11.100	90130	11.140	10000	11.180	1400	11.190	3100	/16843478//36108568/3328680/11.05/10.69//2008-9-18 14:29:4
693/600004/白云机场/11.000	44510	10.970	3000	10.960	11600	10.950	30000	10.910	3200	11.040	1800	11.090	2300	11.100	88330	11.140	12380	11.180	1400	/16843478//36118488/3329580/11.02/10.69//2008-9-18 14:30:5
693/600004/白云机场/11.010	100	11.000	39710	10.970	3000	10.960	11600	10.950	30000	11.020	800	11.090	2000	11.100	88130	11.140	12380	11.180	1400	/16843478//36177892/3334980/11.01/10.69//2008-9-18 14:31:6
693/600004/白云机场/11.000	41010	10.970	3300	10.960	11600	10.950	30000	10.910	3200	11.050	200	11.090	1900	11.100	88130	11.140	12380	11.180	1400	/16843478//36207620/3337680/11.09/10.69//2008-9-18 14:32:6
693/600004/白云机场/11.010	200	11.000	1010	10.970	3800	10.960	11600	10.950	30000	11.100	40130	11.140	12380	11.180	1400	11.190	3100	11.200	4500	/16843478//37202588/3427680/11.1/10.69//2008-9-18 14:33:7
693/600004/白云机场/11.110	1100	11.100	11471	11.050	200	11.010	1200	11.000	21010	11.140	12380	11.180	1400	11.190	3000	11.200	4500	11.210	600	/16843478//37683452/3471009/11.11/10.69//2008-9-18 14:34:8
693/600004/白云机场/11.110	3700	11.050	200	11.010	600	11.000	21010	10.970	3300	11.140	12190	11.150	400	11.180	2400	11.190	3000	11.200	5500	/16843478//37684564/3471109/11.11/10.69//2008-9-18 14:35:8
693/600004/白云机场/11.050	200	11.010	2000	11.000	21010	10.970	3300	10.960	11600	11.110	19900	11.140	11000	11.150	400	11.180	2790	11.190	3000	/16843478//37725672/3474809/11.11/10.69//2008-9-18 14:36:9
693/600004/白云机场/11.010	2000	11.000	21010	10.970	3300	10.960	11600	10.950	30000	11.100	10400	11.110	19900	11.130	500	11.140	11000	11.150	400	/16843478//37737876/3475909/11.1/10.69//2008-9-18 14:37:10
693/600004/白云机场/11.010	37600	11.000	21010	10.970	3300	10.960	11600	10.910	3200	11.090	200	11.100	10500	11.110	19900	11.130	500	11.140	11000	/16843478//37740096/3476109/11.1/10.69//2008-9-18 14:38:10
693/600004/白云机场/11.020	3697	11.010	37300	11.000	20810	10.970	3300	10.960	11600	11.090	600	11.100	11700	11.110	19900	11.140	11000	11.150	400	/16843478//37820624/3483412/11.02/10.69//2008-9-18 14:39:11
693/600004/白云机场/11.030	500	11.020	3697	11.010	37300	11.000	20810	10.990	100	11.090	1600	11.100	11700	11.110	19900	11.130	300	11.140	11000	/16843478//37820624/3483412/11.02/10.69//2008-9-18 14:40:12
693/600004/白云机场/11.030	400	11.020	4197	11.010	37700	11.000	20810	10.990	100	11.090	1800	11.100	11700	11.110	19900	11.130	300	11.140	11000	/16843478//37818420/3483212/11.03/10.69//2008-9-18 14:41:12
693/600004/白云机场/11.100	34300	11.030	700	11.020	6597	11.010	37300	11.000	20810	11.110	19900	11.120	200	11.130	300	11.140	11000	11.150	400	/16843478//37992672/3498912/11.1/10.69//2008-9-18 14:42:13
693/600004/白云机场/11.100	31800	11.030	700	11.020	8397	11.010	37300	11.000	20810	11.110	600	11.120	200	11.130	300	11.140	10000	11.150	400	/16843478//38243736/3521512/11.11/10.69//2008-9-18 14:43:14
693/600004/白云机场/11.150	2700	11.110	100	11.100	31800	11.030	700	11.020	8397	11.180	3590	11.190	3000	11.200	9500	11.210	600	11.230	2000	/16843478//38387448/3534412/11.18/10.69//2008-9-18 14:44:14
693/600004/白云机场/11.150	3200	11.110	100	11.100	31800	11.030	700	11.020	8397	11.180	6490	11.190	3000	11.200	7500	11.210	600	11.230	2000	/16843478//38387448/3534412/11.18/10.69//2008-9-18 14:45:15
693/600004/白云机场/11.150	3200	11.110	100	11.100	31800	11.030	700	11.020	8397	11.170	500	11.180	7790	11.190	3200	11.200	7500	11.210	600	/16843478//38389684/3534612/11.18/10.69//2008-9-18 14:46:16
693/600004/白云机场/11.170	5200	11.150	3200	11.110	2000	11.100	31800	11.030	700	11.200	1890	11.210	400	11.220	2000	11.230	2000	11.240	7100	/16843478//38837300/3574612/11.17/10.69//2008-9-18 14:47:16
693/600004/白云机场/11.180	800	11.170	5200	11.150	3200	11.120	200	11.110	4000	11.190	300	11.200	7990	11.210	400	11.220	2000	11.230	2000	/16843478//38848500/3575612/11.2/10.69//2008-9-18 14:48:17
693/600004/白云机场/11.150	2800	11.120	200	11.110	4000	11.100	31800	11.030	700	11.170	100	11.180	1300	11.190	100	11.200	10500	11.210	400	/16843478//38928928/3582812/11.15/10.69//2008-9-18 14:49:18
693/600004/白云机场/11.030	1400	11.020	5997	11.010	1700	11.000	20810	10.990	100	11.100	200	11.150	300	11.160	500	11.170	1100	11.180	800	/16843478//39370892/3622612/11.1/10.69//2008-9-18 14:50:18
693/600004/白云机场/11.020	4397	11.010	1700	11.000	20810	10.990	100	10.970	3300	11.100	725	11.150	600	11.160	500	11.170	1000	11.180	800	/16843478//39409516/3626112/11.02/10.69//2008-9-18 14:51:19
693/600004/白云机场/11.100	575	11.030	800	11.020	4697	11.010	3400	11.000	23310	11.150	600	11.160	500	11.180	800	11.190	300	11.200	17500	/16843478//39419784/3627037/11.1/10.69//2008-9-18 14:52:20
693/600004/白云机场/11.160	100	11.150	200	11.100	575	11.050	200	11.030	5800	11.170	500	11.180	600	11.190	300	11.200	18000	11.210	4400	/16843478//39446548/3629437/11.16/10.69//2008-9-18 14:53:21
693/600004/白云机场/11.200	7800	11.110	500	11.100	575	11.050	200	11.030	5800	11.210	4400	11.220	2000	11.230	2200	11.240	15695	11.250	24200	/16843478//39723056/3654137/11.2/10.69//2008-9-18 14:54:21
693/600004/白云机场/11.210	8300	11.110	500	11.100	575	11.050	200	11.030	800	11.220	2100	11.230	2200	11.240	16095	11.250	21200	11.260	4100	/16843478//39775720/3658837/11.21/10.69//2008-9-18 14:55:22
693/600004/白云机场/11.110	500	11.100	575	11.050	800	11.030	600	11.020	4697	11.200	2000	11.210	5200	11.220	1300	11.230	2700	11.240	7695	/16843478//39888948/3668937/11.21/10.69//2008-9-18 14:56:23
693/600004/白云机场/11.120	1094	11.110	1600	11.100	575	11.050	800	11.030	600	11.190	1000	11.200	5300	11.210	7000	11.220	1300	11.230	2700	/16843478//39920384/3671743/11.12/10.69//2008-9-18 14:57:23
693/600004/白云机场/11.130	3600	11.120	694	11.110	1600	11.100	575	11.050	800	11.200	5990	11.210	11700	11.220	1300	11.230	2700	11.240	7695	/16843478//39951656/3674543/11.2/10.69//2008-9-18 14:58:24
693/600004/白云机场/11.200	13610	11.180	100	11.140	2000	11.130	3600	11.120	194	11.210	20340	11.220	1300	11.230	700	11.240	9695	11.250	21500	/16843478//40088248/3686733/11.2/10.69//2008-9-18 14:59:25
693/600004/白云机场/11.180	100	11.140	1000	11.130	1000	11.120	194	11.110	1100	11.200	16590	11.210	18540	11.220	3700	11.230	500	11.240	10395	/16843478//40333680/3708643/11.2/10.69//2008-9-18 15:0:26
693/600004/白云机场/11.180	100	11.140	1000	11.130	1000	11.120	194	11.110	1100	11.200	16590	11.210	18540	11.220	3700	11.230	500	11.240	10395	/16843478//40333680/3708643/11.2/10.69//2008-9-18 15:1:26
693/600004/白云机场/11.180	100	11.140	1000	11.130	1000	11.120	194	11.110	1100	11.200	16590	11.210	18540	11.220	3700	11.230	500	11.240	10395	/16843478//40333680/3708643/11.2/10.69//2008-9-18 15:2:27
