29/600064/南京高科/9.950	2000	9.920	200	9.910	6300	9.900	200	9.880	700	9.980	2000	10.000	6500	10.060	1400	10.080	2300	10.100	35678	/16842782//643542/64000/9.98/10.48//2008-9-18 9:31:34
29/600064/南京高科/9.950	400	9.930	1000	9.920	2300	9.910	800	9.900	1000	10.000	1200	10.060	1400	10.100	30978	10.140	100	10.150	5400	/16842782//896601/89400/9.95/10.48//2008-9-18 9:32:35
29/600064/南京高科/9.960	300	9.950	8700	9.930	5400	9.920	2900	9.910	1200	10.000	15512	10.060	3400	10.080	1000	10.100	35478	10.140	100	/16842782//1116581/111400/10.0/10.48//2008-9-18 9:33:35
29/600064/南京高科/9.960	7500	9.950	8700	9.930	5700	9.920	900	9.910	3500	10.000	2611	10.050	13800	10.060	3400	10.080	1000	10.100	36278	/16842782//1484342/148200/10.0/10.48//2008-9-18 9:34:35
29/600064/南京高科/10.000	1889	9.990	4900	9.970	2600	9.960	13500	9.950	8300	10.050	13800	10.060	3400	10.080	1000	10.100	49278	10.140	100	/16842782//1511562/150922/10.0/10.48//2008-9-18 9:35:35
29/600064/南京高科/9.970	2200	9.960	13500	9.950	8300	9.930	1300	9.920	700	9.990	1700	10.000	611	10.040	2400	10.050	13800	10.060	3000	/16842782//1713219/171100/9.99/10.48//2008-9-18 9:36:36
29/600064/南京高科/9.950	3900	9.930	300	9.920	700	9.910	6800	9.900	3000	9.960	14000	10.000	57211	10.040	2000	10.050	13800	10.060	3000	/16842782//2076928/207600/9.96/10.48//2008-9-18 9:37:36
29/600064/南京高科/9.950	1500	9.930	5300	9.920	2400	9.910	7000	9.900	3000	9.960	5100	9.970	800	9.990	5000	10.000	59011	10.040	2000	/16842782//2302985/230300/9.96/10.48//2008-9-18 9:38:36
29/600064/南京高科/9.950	100	9.930	4700	9.920	1000	9.910	7200	9.900	3400	9.960	500	9.970	800	9.990	5000	10.000	66711	10.050	13800	/16842782//2391588/239200/9.95/10.48//2008-9-18 9:39:36
29/600064/南京高科/9.940	800	9.930	5700	9.920	1200	9.910	9200	9.900	3600	9.950	3520	9.960	700	9.970	300	9.980	100	9.990	5000	/16842782//2716744/271900/9.95/10.48//2008-9-18 9:40:36
29/600064/南京高科/9.970	2400	9.960	4480	9.950	12500	9.930	3800	9.920	3200	9.980	100	9.990	5000	10.000	53511	10.050	13800	10.080	1000	/16842782//2812464/281520/9.97/10.48//2008-9-18 9:41:37
29/600064/南京高科/9.990	7936	9.980	2900	9.970	2700	9.960	5780	9.950	7500	10.000	51911	10.050	13800	10.080	1000	10.100	42278	10.140	100	/16842782//2908659/291148/9.99/10.48//2008-9-18 9:42:37
29/600064/南京高科/9.990	2336	9.980	3000	9.970	1000	9.960	4880	9.950	11300	10.000	17911	10.030	1000	10.050	13800	10.080	1000	10.100	42278	/16842782//3236003/323884/10.0/10.48//2008-9-18 9:43:37
29/600064/南京高科/9.990	200	9.980	4600	9.970	1000	9.960	2600	9.950	11300	10.000	3575	10.020	1000	10.030	1500	10.050	13800	10.080	1000	/16842782//3458334/346120/10.0/10.48//2008-9-18 9:44:37
29/600064/南京高科/9.980	2500	9.970	3000	9.960	2400	9.950	10500	9.930	3800	9.990	500	10.000	10575	10.020	1000	10.030	1500	10.050	13800	/16842782//3520225/352320/9.99/10.48//2008-9-18 9:45:37
29/600064/南京高科/10.010	500	10.000	1500	9.990	3125	9.980	2500	9.970	4200	10.030	1500	10.040	500	10.050	13800	10.080	3100	10.100	22278	/16842782//3707942/371095/9.99/10.48//2008-9-18 9:46:38
29/600064/南京高科/10.010	2100	10.000	299	9.980	2700	9.970	4200	9.960	5400	10.020	300	10.050	6700	10.080	3100	10.100	22478	10.140	100	/16842782//3858440/386096/10.0/10.48//2008-9-18 9:47:38
29/600064/南京高科/10.040	1000	10.020	3200	10.010	27600	10.000	499	9.980	2700	10.050	2500	10.080	3000	10.090	200	10.100	17478	10.140	100	/16842782//3959942/396196/10.05/10.48//2008-9-18 9:48:38
29/600064/南京高科/10.040	1200	10.020	3200	10.010	27600	10.000	10499	9.980	200	10.100	10778	10.140	100	10.150	4600	10.200	1200	10.230	1500	/16842782//4061866/406296/10.1/10.48//2008-9-18 9:49:39
29/600064/南京高科/10.050	10400	10.040	7700	10.030	300	10.020	4200	10.010	27600	10.090	500	10.100	10978	10.120	5500	10.140	100	10.150	1500	/16842782//4134157/413496/10.05/10.48//2008-9-18 9:50:39
29/600064/南京高科/10.060	3100	10.050	11400	10.040	3300	10.030	300	10.020	1900	10.100	8178	10.120	5500	10.140	100	10.150	1900	10.200	1200	/16842782//4187599/418796/10.06/10.48//2008-9-18 9:51:39
29/600064/南京高科/10.040	100	10.030	300	10.020	1900	10.010	27500	10.000	12799	10.050	6900	10.060	5600	10.100	8178	10.120	5500	10.140	100	/16842782//4296135/429596/10.04/10.48//2008-9-18 9:52:39
29/600064/南京高科/10.010	26500	10.000	13099	9.990	1600	9.980	12100	9.970	2000	10.020	22800	10.030	8900	10.040	5600	10.050	7100	10.060	5600	/16842782//4334219/433396/10.01/10.48//2008-9-18 9:53:40
29/600064/南京高科/9.980	7400	9.970	2000	9.960	5100	9.950	13400	9.930	5200	9.990	27000	10.000	6465	10.010	7000	10.020	12800	10.030	7500	/16842782//4841357/484095/9.99/10.48//2008-9-18 9:54:40
29/600064/南京高科/9.960	5000	9.950	12100	9.930	5200	9.920	22700	9.910	9600	9.980	10600	9.990	14300	10.000	6465	10.010	1000	10.020	12800	/16842782//5085603/508595/9.95/10.48//2008-9-18 9:55:40
29/600064/南京高科/9.980	37400	9.950	11500	9.930	5200	9.920	22700	9.910	9400	9.990	11000	10.000	6465	10.010	1000	10.020	12800	10.030	2500	/16842782//5237263/523795/9.99/10.48//2008-9-18 9:56:41
29/600064/南京高科/9.980	28200	9.960	500	9.950	13500	9.930	5600	9.920	22700	10.000	6365	10.010	1000	10.020	12800	10.030	2500	10.050	200	/16842782//5449965/545095/9.98/10.48//2008-9-18 9:57:41
29/600064/南京高科/9.990	5700	9.980	28300	9.960	500	9.950	15500	9.930	5600	10.000	2665	10.010	1000	10.020	12800	10.030	2500	10.050	200	/16842782//5515937/551695/9.99/10.48//2008-9-18 9:58:41
29/600064/南京高科/10.010	35	10.000	400	9.990	5500	9.980	28900	9.960	600	10.020	13600	10.030	2500	10.050	200	10.060	5600	10.100	18678	/16842782//5592605/559360/10.02/10.48//2008-9-18 9:59:41
29/600064/南京高科/10.020	5735	10.010	1000	10.000	300	9.990	3600	9.980	28900	10.030	2500	10.050	200	10.060	5600	10.080	1000	10.100	18678	/16842782//5787874/578860/10.02/10.48//2008-9-18 10:0:42
29/600064/南京高科/9.990	5600	9.980	29100	9.960	2300	9.950	12000	9.930	5800	10.000	500	10.010	1200	10.020	1665	10.030	2500	10.050	1200	/16842782//5865363/586595/10.0/10.48//2008-9-18 10:1:42
29/600064/南京高科/9.990	12900	9.980	29100	9.960	2300	9.950	12000	9.930	4400	10.000	3100	10.010	2800	10.020	1665	10.030	2000	10.050	1200	/16842782//5887364/588795/10.0/10.01//2008-9-18 10:2:42
29/600064/南京高科/9.980	2100	9.960	2300	9.950	12000	9.930	4400	9.920	22100	9.990	2700	10.000	4500	10.010	2000	10.030	2000	10.050	1200	/16842782//6344688/634595/9.98/10.01//2008-9-18 10:3:42
29/600064/南京高科/9.920	18200	9.910	9400	9.900	2800	9.890	500	9.850	3000	9.940	3150	9.980	43600	9.990	2400	10.000	8800	10.010	2000	/16842782//6643207/664595/9.92/10.01//2008-9-18 10:4:43
29/600064/南京高科/9.920	3150	9.910	9400	9.900	2800	9.890	500	9.850	3000	9.930	500	9.940	2850	9.950	10800	9.970	600	9.980	45300	/16842782//6806410/681045/9.92/10.01//2008-9-18 10:5:43
29/600064/南京高科/9.850	4000	9.820	4700	9.810	3400	9.800	9000	9.780	100	9.880	2300	9.900	9900	9.910	4700	9.920	2350	9.940	1450	/16842782//7166799/717395/9.89/10.01//2008-9-18 10:6:43
29/600064/南京高科/9.810	200	9.800	9200	9.780	2100	9.750	6000	9.710	1600	9.820	2000	9.850	5600	9.900	16700	9.910	4700	9.920	2350	/16842782//7406133/741695/9.81/10.01//2008-9-18 10:7:44
29/600064/南京高科/9.850	1400	9.830	2300	9.810	5000	9.800	18600	9.780	2100	9.900	6400	9.910	3700	9.920	1850	9.940	5450	9.950	10200	/16842782//7735005/775195/9.85/10.01//2008-9-18 10:8:44
29/600064/南京高科/9.850	3100	9.840	1900	9.830	3300	9.810	5700	9.800	21800	9.890	7900	9.900	6700	9.910	3700	9.920	1850	9.940	5450	/16842782//7822863/784095/9.89/10.01//2008-9-18 10:9:44
29/600064/南京高科/9.890	9900	9.860	100	9.850	11000	9.840	1900	9.830	3300	9.900	5700	9.910	3700	9.920	1850	9.940	2650	9.950	200	/16842782//8003643/802395/9.89/10.01//2008-9-18 10:10:44
29/600064/南京高科/9.860	2500	9.850	8700	9.840	1900	9.830	3300	9.810	5500	9.890	300	9.900	2500	9.910	3700	9.920	1850	9.940	2650	/16842782//8198384/822095/9.89/10.01//2008-9-18 10:11:45
29/600064/南京高科/9.870	600	9.860	400	9.850	9200	9.840	1900	9.830	3300	9.890	800	9.900	2000	9.910	3700	9.920	2250	9.940	2650	/16842782//8256659/827995/9.89/10.01//2008-9-18 10:12:45
29/600064/南京高科/9.850	9500	9.840	1900	9.830	3300	9.820	100	9.810	7600	9.860	1700	9.870	900	9.900	500	9.910	3700	9.920	2250	/16842782//8325788/834995/9.86/10.01//2008-9-18 10:13:45
29/600064/南京高科/9.860	1500	9.850	6900	9.840	1900	9.830	3300	9.810	8200	9.870	800	9.900	6500	9.910	3700	9.920	2250	9.940	1200	/16842782//8401689/842695/9.85/10.01//2008-9-18 10:14:46
29/600064/南京高科/9.870	1000	9.850	200	9.840	1900	9.830	3300	9.810	8900	9.900	6500	9.910	3700	9.920	2250	9.940	1200	9.950	3200	/16842782//8505151/853195/9.85/10.01//2008-9-18 10:15:46
29/600064/南京高科/9.880	1300	9.870	2000	9.850	4000	9.840	1900	9.830	3300	9.900	6600	9.910	3700	9.920	2250	9.940	1200	9.950	3200	/16842782//8510116/853695/9.9/10.01//2008-9-18 10:16:46
29/600064/南京高科/9.920	450	9.910	3000	9.900	10500	9.890	1600	9.880	700	9.950	2600	9.980	51600	9.990	3000	10.000	28400	10.010	900	/16842782//8725668/875445/9.95/10.01//2008-9-18 10:17:47
29/600064/南京高科/9.970	100	9.950	4000	9.930	100	9.920	3550	9.910	4000	9.980	40500	9.990	3000	10.000	28400	10.010	900	10.050	1200	/16842782//8881246/891045/9.98/10.01//2008-9-18 10:18:47
29/600064/南京高科/9.960	1000	9.950	2000	9.930	1700	9.920	1550	9.910	2300	9.980	1900	9.990	2900	10.000	19500	10.010	900	10.050	200	/16842782//9263467/929345/9.98/10.01//2008-9-18 10:19:47
29/600064/南京高科/9.980	6800	9.960	1000	9.950	2000	9.930	1700	9.920	850	10.000	10200	10.010	900	10.020	8000	10.050	1100	10.060	5100	/16842782//9340528/937045/10.0/10.01//2008-9-18 10:20:48
29/600064/南京高科/9.990	900	9.980	5200	9.960	1000	9.950	100	9.930	1700	10.000	7500	10.010	900	10.020	8000	10.050	1400	10.060	5100	/16842782//9373522/940345/10.0/10.01//2008-9-18 10:21:48
29/600064/南京高科/9.980	2500	9.960	1000	9.950	1100	9.930	1700	9.920	400	9.990	500	10.000	792	10.010	900	10.020	8000	10.040	1000	/16842782//9514553/954453/10.0/10.01//2008-9-18 10:22:48
29/600064/南京高科/10.010	9908	9.990	1300	9.980	2500	9.960	1000	9.950	1100	10.020	8000	10.030	1500	10.040	1000	10.050	1100	10.060	5100	/16842782//9635334/966537/10.01/10.01//2008-9-18 10:23:48
29/600064/南京高科/9.990	1100	9.980	2500	9.960	1000	9.950	1400	9.930	1700	10.000	1100	10.010	51657	10.020	8000	10.030	1500	10.040	1000	/16842782//9786558/981645/9.99/10.01//2008-9-18 10:24:49
29/600064/南京高科/9.990	1100	9.980	2500	9.960	1000	9.950	1400	9.930	1700	10.000	6965	10.010	41992	10.020	18200	10.030	1500	10.040	1000	/16842782//9998647/1002845/10.0/10.01//2008-9-18 10:25:49
29/600064/南京高科/9.980	2500	9.960	1000	9.950	1400	9.930	1700	9.910	800	9.990	39500	10.000	12590	10.010	1792	10.020	18200	10.030	1500	/16842782//10036636/1006645/9.99/10.01//2008-9-18 10:26:49
29/600064/南京高科/9.980	1200	9.960	1000	9.950	1400	9.930	1700	9.910	800	9.990	41400	10.000	12790	10.010	1792	10.020	18200	10.030	1500	/16842782//10059595/1008945/9.98/10.01//2008-9-18 10:27:50
29/600064/南京高科/9.960	8	9.950	1400	9.930	1700	9.910	800	9.900	3000	9.980	300	9.990	40500	10.000	12700	10.010	800	10.020	18200	/16842782//10097419/1012737/9.96/10.01//2008-9-18 10:28:50
29/600064/南京高科/9.960	1008	9.950	1400	9.930	1700	9.910	6600	9.900	3000	9.980	1900	9.990	39500	10.000	15700	10.010	800	10.020	18200	/16842782//10142317/1017237/9.98/10.01//2008-9-18 10:29:50
29/600064/南京高科/9.930	1700	9.910	7100	9.900	3200	9.870	1000	9.850	9800	9.950	45992	9.980	1800	9.990	39500	10.000	16200	10.010	800	/16842782//10183205/1021345/9.95/10.01//2008-9-18 10:30:51
29/600064/南京高科/9.930	1200	9.920	1000	9.910	7100	9.900	3200	9.890	4100	9.950	38692	9.960	52500	9.980	1800	9.990	39500	10.000	16200	/16842782//10302511/1033345/9.95/10.01//2008-9-18 10:31:51
29/600064/南京高科/9.910	6600	9.900	3700	9.890	4100	9.870	2000	9.860	5000	9.920	900	9.930	1900	9.950	38692	9.960	52500	9.980	1800	/16842782//10330299/1036145/9.92/10.01//2008-9-18 10:32:51
29/600064/南京高科/9.920	4900	9.910	1300	9.900	4200	9.890	4100	9.870	2000	9.930	1900	9.950	38692	9.960	51500	9.980	1800	9.990	39500	/16842782//10391750/1042345/9.92/10.01//2008-9-18 10:33:52
29/600064/南京高科/9.890	4100	9.870	2000	9.860	5000	9.850	4800	9.840	1900	9.900	22100	9.910	10000	9.950	38692	9.960	51500	9.980	1800	/16842782//10698077/1073245/9.9/10.01//2008-9-18 10:34:52
29/600064/南京高科/9.890	4100	9.880	1000	9.870	2000	9.860	5000	9.850	4800	9.900	19700	9.910	10000	9.940	100	9.950	38692	9.960	51500	/16842782//10721837/1075645/9.9/10.01//2008-9-18 10:35:52
29/600064/南京高科/9.890	1800	9.870	2000	9.860	5000	9.850	4800	9.840	1900	9.900	6300	9.940	100	9.950	38692	9.960	51500	9.980	1800	/16842782//10877244/1091345/9.9/10.01//2008-9-18 10:36:53
29/600064/南京高科/9.890	800	9.880	2000	9.870	2000	9.860	5000	9.850	4800	9.900	6300	9.940	600	9.950	38692	9.960	51500	9.980	1800	/16842782//10906934/1094345/9.9/10.01//2008-9-18 10:37:53
29/600064/南京高科/9.880	2100	9.870	2000	9.860	5000	9.850	5500	9.840	1900	9.900	300	9.930	400	9.940	600	9.960	1500	9.980	1800	/16842782//11066130/1110445/9.88/10.01//2008-9-18 10:38:53
29/600064/南京高科/9.870	2000	9.860	5000	9.850	5500	9.840	1900	9.830	1400	9.880	2000	9.940	600	9.960	1500	9.980	1800	9.990	500	/16842782//11094810/1113345/9.88/10.01//2008-9-18 10:39:54
29/600064/南京高科/9.890	1000	9.880	3100	9.870	2000	9.860	5000	9.850	5600	9.940	600	9.960	1500	9.980	1800	9.990	500	10.000	17999	/16842782//11128402/1116745/9.88/10.01//2008-9-18 10:40:54
29/600064/南京高科/9.890	3000	9.880	2800	9.870	2000	9.860	5000	9.850	4900	9.940	100	9.960	1500	9.980	1800	9.990	500	10.000	18999	/16842782//11234161/1127445/9.88/10.01//2008-9-18 10:41:54
29/600064/南京高科/9.900	300	9.890	2369	9.880	2900	9.870	2000	9.860	5000	9.940	500	9.960	1500	9.980	1800	9.990	6000	10.000	14649	/16842782//11242384/1128276/9.89/10.01//2008-9-18 10:42:55
29/600064/南京高科/9.920	1000	9.900	2600	9.890	13369	9.880	3200	9.870	2000	9.940	300	9.960	1500	9.980	1800	9.990	7000	10.000	24649	/16842782//11245366/1128576/9.94/10.01//2008-9-18 10:43:55
29/600064/南京高科/9.900	10000	9.890	2369	9.880	3200	9.870	2000	9.860	5000	9.940	800	9.960	1500	9.980	1800	9.990	14700	10.000	25249	/16842782//11276076/1131676/9.9/10.01//2008-9-18 10:44:56
29/600064/南京高科/9.900	5800	9.890	2369	9.880	3000	9.870	2000	9.860	5000	9.920	3000	9.940	800	9.960	1500	9.970	200	9.980	1800	/16842782//11319638/1136076/9.9/10.01//2008-9-18 10:45:56
29/600064/南京高科/9.890	1169	9.880	3000	9.870	1000	9.860	5000	9.850	9900	9.920	3800	9.940	800	9.960	1500	9.970	200	9.980	1800	/16842782//11488916/1153176/9.9/10.01//2008-9-18 10:46:56
29/600064/南京高科/9.870	1000	9.860	5000	9.850	9900	9.840	2100	9.830	1400	9.880	8331	9.890	5000	9.900	9000	9.920	3600	9.940	800	/16842782//11532102/1157545/9.88/10.01//2008-9-18 10:47:57
29/600064/南京高科/9.810	9000	9.800	9200	9.780	100	9.770	300	9.750	6200	9.820	6100	9.850	4100	9.870	1000	9.880	9031	9.890	500	/16842782//11844044/1189245/9.82/10.01//2008-9-18 10:48:57
29/600064/南京高科/9.780	100	9.770	300	9.750	6200	9.710	10100	9.700	11300	9.800	15900	9.810	1300	9.820	6100	9.850	4100	9.870	500	/16842782//12018574/1207045/9.8/10.01//2008-9-18 10:49:57
29/600064/南京高科/9.770	400	9.760	600	9.750	9200	9.710	10100	9.700	11700	9.780	2680	9.800	11400	9.810	800	9.820	6100	9.850	4100	/16842782//12060649/1211345/9.78/10.01//2008-9-18 10:50:58
29/600064/南京高科/9.760	1100	9.750	13800	9.720	5300	9.710	10400	9.700	11500	9.770	2700	9.780	3080	9.800	700	9.820	6100	9.850	4100	/16842782//12147579/1220245/9.77/10.01//2008-9-18 10:51:58
29/600064/南京高科/9.790	5000	9.780	1000	9.770	8120	9.760	4600	9.750	13800	9.820	6100	9.850	4100	9.880	9031	9.890	500	9.900	5000	/16842782//12228538/1228525/9.8/10.01//2008-9-18 10:52:58
29/600064/南京高科/9.770	5000	9.760	4300	9.750	17000	9.730	2100	9.720	5300	9.790	1000	9.800	1400	9.820	3600	9.850	4100	9.860	2000	/16842782//12379191/1243903/9.82/10.01//2008-9-18 10:53:59
29/600064/南京高科/9.770	7100	9.760	4300	9.750	17000	9.730	2100	9.720	5300	9.790	1300	9.800	800	9.820	4100	9.850	4100	9.860	2000	/16842782//12435879/1249703/9.77/10.01//2008-9-18 10:54:59
29/600064/南京高科/9.770	6600	9.760	5100	9.750	17000	9.730	2100	9.720	5300	9.780	1900	9.790	1800	9.800	1800	9.820	4100	9.850	4100	/16842782//12471080/1253303/9.78/10.01//2008-9-18 10:56:0
29/600064/南京高科/9.780	969	9.760	4800	9.750	16000	9.720	5300	9.710	11500	9.790	300	9.800	1800	9.820	4100	9.850	4100	9.860	2000	/16842782//12585711/1265034/9.78/10.01//2008-9-18 10:57:0
29/600064/南京高科/9.780	1400	9.770	500	9.760	7900	9.750	11000	9.730	1000	9.790	3331	9.800	1800	9.820	5100	9.850	4100	9.860	2000	/16842782//12665610/1273203/9.78/10.01//2008-9-18 10:58:0
29/600064/南京高科/9.770	500	9.760	8100	9.750	11000	9.730	1000	9.720	2300	9.780	13600	9.790	3231	9.800	1800	9.820	5100	9.850	4300	/16842782//12690061/1275703/9.78/10.01//2008-9-18 10:59:1
29/600064/南京高科/9.770	2300	9.760	6100	9.750	14000	9.730	1200	9.720	2300	9.780	12000	9.790	3231	9.800	1800	9.820	5100	9.850	4300	/16842782//12719382/1278703/9.78/10.01//2008-9-18 11:0:1
29/600064/南京高科/9.730	1200	9.720	2000	9.710	8300	9.700	11200	9.680	800	9.750	6506	9.770	1400	9.780	12000	9.790	3231	9.800	1800	/16842782//12937889/1301103/9.75/10.01//2008-9-18 11:1:2
29/600064/南京高科/9.710	5400	9.700	11200	9.680	800	9.660	4700	9.650	1200	9.730	3100	9.750	11106	9.770	1400	9.780	12000	9.790	3231	/16842782//13146842/1322603/9.71/10.01//2008-9-18 11:2:2
29/600064/南京高科/9.680	1600	9.660	4700	9.650	1200	9.640	100	9.630	200	9.700	3506	9.710	1200	9.720	800	9.730	24000	9.750	1000	/16842782//13307918/1339203/9.7/10.01//2008-9-18 11:3:2
29/600064/南京高科/9.690	2100	9.680	1600	9.670	300	9.660	4700	9.650	5000	9.700	7106	9.710	6900	9.730	3100	9.750	1000	9.770	1400	/16842782//13436039/1352403/9.7/10.01//2008-9-18 11:4:3
29/600064/南京高科/9.680	1600	9.670	1800	9.660	4700	9.650	6000	9.640	100	9.700	3106	9.710	400	9.730	3100	9.750	1000	9.770	3100	/16842782//13545607/1363703/9.69/10.01//2008-9-18 11:5:3
29/600064/南京高科/9.710	9800	9.700	35094	9.690	1000	9.680	1900	9.670	1800	9.730	3100	9.750	1000	9.770	4000	9.780	12000	9.790	3231	/16842782//13611662/1370509/9.71/10.01//2008-9-18 11:6:4
29/600064/南京高科/9.780	16750	9.770	5500	9.750	2000	9.730	6800	9.720	1300	9.790	3231	9.800	800	9.820	5100	9.850	4500	9.860	2000	/16842782//13813443/1391159/9.78/10.01//2008-9-18 11:7:4
29/600064/南京高科/9.820	300	9.800	3719	9.790	2000	9.750	2500	9.730	9700	9.850	4300	9.860	2000	9.880	1600	9.900	5000	9.920	2800	/16842782//14119165/1422390/9.82/10.01//2008-9-18 11:8:4
29/600064/南京高科/9.820	2500	9.800	3719	9.750	2500	9.730	9700	9.720	2900	9.850	11000	9.860	2000	9.880	1600	9.900	5000	9.920	2800	/16842782//14287585/1439490/9.85/10.01//2008-9-18 11:9:5
29/600064/南京高科/9.750	2500	9.730	8700	9.720	2900	9.710	2800	9.700	30694	9.800	23481	9.860	2000	9.880	1600	9.890	3500	9.900	5000	/16842782//14532688/1464428/9.8/10.01//2008-9-18 11:10:5
29/600064/南京高科/9.750	2300	9.730	9000	9.720	2900	9.710	2600	9.700	30994	9.800	17581	9.820	400	9.850	1500	9.860	2000	9.880	21600	/16842782//14533407/1464509/9.8/10.01//2008-9-18 11:11:6
29/600064/南京高科/9.690	1000	9.680	1800	9.670	1500	9.660	4700	9.650	6100	9.700	36879	9.790	200	9.820	400	9.850	1500	9.860	2000	/16842782//15253935/1538503/9.7/10.01//2008-9-18 11:12:6
29/600064/南京高科/9.690	600	9.680	1800	9.670	1500	9.660	4700	9.650	6600	9.700	16079	9.790	200	9.820	400	9.850	1500	9.860	2000	/16842782//15466361/1560403/9.7/10.01//2008-9-18 11:13:7
29/600064/南京高科/9.700	2021	9.690	700	9.680	1800	9.670	1600	9.660	4700	9.850	1800	9.880	21600	9.890	3500	9.900	5000	9.920	2800	/16842782//15638812/1578182/9.7/10.01//2008-9-18 11:14:7
29/600064/南京高科/9.720	3000	9.710	300	9.700	4300	9.690	600	9.680	1800	9.840	200	9.850	3200	9.870	500	9.880	25600	9.890	3500	/16842782//15646572/1578982/9.7/10.01//2008-9-18 11:15:7
29/600064/南京高科/9.720	3000	9.710	2000	9.700	8300	9.690	600	9.680	1800	9.830	2300	9.840	200	9.850	14000	9.870	3100	9.880	25900	/16842782//15646572/1578982/9.7/10.01//2008-9-18 11:16:8
29/600064/南京高科/9.720	2900	9.710	3000	9.700	8300	9.690	600	9.680	1800	9.810	9000	9.830	2600	9.840	5700	9.850	14000	9.870	2600	/16842782//15718608/1586382/9.72/10.01//2008-9-18 11:17:8
29/600064/南京高科/9.800	700	9.730	400	9.720	1400	9.710	3000	9.700	3300	9.810	9000	9.830	2300	9.840	5700	9.850	14000	9.870	2600	/16842782//15691430/1583582/9.8/10.01//2008-9-18 11:18:9
29/600064/南京高科/9.750	500	9.730	400	9.720	2000	9.710	3000	9.700	3300	9.800	24600	9.810	9000	9.830	4100	9.840	5200	9.850	14000	/16842782//15698290/1584282/9.8/10.01//2008-9-18 11:19:9
29/600064/南京高科/9.750	500	9.730	400	9.720	2000	9.710	3000	9.700	3300	9.790	500	9.800	24700	9.810	9000	9.830	4100	9.840	5200	/16842782//15699270/1584382/9.8/10.01//2008-9-18 11:20:10
29/600064/南京高科/9.730	300	9.720	2000	9.710	3000	9.700	3300	9.690	600	9.780	1000	9.790	500	9.800	25700	9.810	9000	9.830	4100	/16842782//15700243/1584482/9.73/10.01//2008-9-18 11:21:10
29/600064/南京高科/9.690	100	9.680	3800	9.670	1600	9.660	5000	9.650	9100	9.700	6200	9.780	2000	9.790	500	9.800	25500	9.810	9000	/16842782//15783742/1593082/9.7/10.01//2008-9-18 11:22:10
29/600064/南京高科/9.700	1400	9.690	2800	9.680	3800	9.670	1600	9.660	5000	9.710	2050	9.780	2000	9.790	500	9.800	24500	9.810	9000	/16842782//15800247/1594782/9.71/10.01//2008-9-18 11:23:11
29/600064/南京高科/9.690	1700	9.680	3800	9.670	1600	9.660	5000	9.650	9100	9.770	4300	9.780	2000	9.790	500	9.800	24600	9.810	9000	/16842782//15891402/1604182/9.69/10.01//2008-9-18 11:24:11
29/600064/南京高科/9.700	2800	9.690	1700	9.680	3800	9.670	1700	9.660	5000	9.770	4300	9.780	2000	9.790	1100	9.800	24600	9.810	9000	/16842782//15910802/1606182/9.7/10.01//2008-9-18 11:25:12
29/600064/南京高科/9.700	2200	9.690	1700	9.680	3800	9.670	1700	9.660	6000	9.770	4300	9.780	1500	9.790	1100	9.800	24500	9.810	9000	/16842782//15947662/1609982/9.7/10.01//2008-9-18 11:26:12
29/600064/南京高科/9.700	236	9.680	1700	9.670	1700	9.660	6000	9.650	19400	9.780	1500	9.790	1300	9.800	24500	9.810	9000	9.820	400	/16842782//16015154/1616946/9.7/10.01//2008-9-18 11:27:13
29/600064/南京高科/9.700	1000	9.680	636	9.660	5000	9.650	19400	9.640	500	9.780	1500	9.790	1300	9.800	24500	9.810	9000	9.820	400	/16842782//16061584/1621746/9.67/10.01//2008-9-18 11:28:13
29/600064/南京高科/9.670	2000	9.660	4000	9.650	9400	9.640	500	9.600	15500	9.680	364	9.690	2900	9.700	6500	9.780	1700	9.790	1300	/16842782//16088071/1624482/9.66/10.01//2008-9-18 11:29:14
29/600064/南京高科/9.670	1900	9.660	4300	9.650	9400	9.640	900	9.600	15500	9.680	9164	9.690	2900	9.700	6500	9.780	1700	9.790	1300	/16842782//16140341/1629882/9.68/10.01//2008-9-18 11:30:14
29/600064/南京高科/9.670	1900	9.660	4300	9.650	9400	9.640	900	9.600	15500	9.680	9164	9.690	2900	9.700	6500	9.780	1700	9.790	1300	/16842782//16140341/1629882/9.68/10.01//2008-9-18 11:31:15
29/600064/南京高科/9.520	3400	9.510	14600	9.500	15600	9.490	1200	9.480	24300	9.600	1450	9.640	2800	9.650	3500	9.670	8310	9.680	22464	/16842782//16757402/1694078/9.6/10.01//2008-9-18 13:1:15
29/600064/南京高科/9.520	14900	9.510	14600	9.500	14600	9.490	1000	9.480	24300	9.530	6000	9.600	1350	9.640	2800	9.650	3500	9.660	2100	/16842782//16814692/1700078/9.52/10.01//2008-9-18 13:2:16
29/600064/南京高科/9.530	10700	9.520	3000	9.510	400	9.500	14600	9.490	1000	9.600	2350	9.630	1000	9.640	2800	9.650	3500	9.660	2100	/16842782//17116504/1731778/9.53/10.01//2008-9-18 13:3:16
29/600064/南京高科/9.540	5000	9.530	4914	9.520	3000	9.510	800	9.500	14600	9.590	100	9.600	3850	9.630	1000	9.640	23700	9.650	3500	/16842782//17277462/1748664/9.53/10.01//2008-9-18 13:4:17
29/600064/南京高科/9.550	100	9.540	5000	9.530	11814	9.510	800	9.500	9600	9.590	100	9.600	1350	9.630	1000	9.640	2800	9.650	3500	/16842782//17277462/1748664/9.53/10.01//2008-9-18 13:5:17
29/600064/南京高科/9.630	3700	9.600	3050	9.590	100	9.560	3000	9.550	2000	9.640	2800	9.650	4000	9.660	2100	9.670	8810	9.680	8564	/16842782//17307738/1751814/9.63/10.01//2008-9-18 13:6:18
29/600064/南京高科/9.590	100	9.560	3000	9.550	1000	9.540	5000	9.530	7000	9.600	3750	9.620	1800	9.640	2800	9.650	7000	9.660	3800	/16842782//17373608/1758664/9.6/10.01//2008-9-18 13:7:18
29/600064/南京高科/9.560	3000	9.550	1000	9.530	10000	9.510	3300	9.500	9100	9.590	200	9.600	3650	9.620	1800	9.640	1800	9.650	7000	/16842782//17378404/1759164/9.59/10.01//2008-9-18 13:8:19
29/600064/南京高科/9.550	400	9.540	2000	9.530	9800	9.510	3300	9.500	9200	9.590	1700	9.600	3650	9.620	1800	9.630	1700	9.640	3000	/16842782//17402304/1761664/9.56/10.01//2008-9-18 13:9:19
29/600064/南京高科/9.550	200	9.540	2000	9.530	9800	9.510	3300	9.500	9200	9.590	1500	9.600	4150	9.620	1800	9.630	1700	9.640	3000	/16842782//17400390/1761464/9.55/10.01//2008-9-18 13:10:20
29/600064/南京高科/9.530	7100	9.510	3300	9.500	10200	9.490	1000	9.480	24300	9.600	2650	9.620	1800	9.630	1700	9.640	3000	9.650	6500	/16842782//17498836/1771764/9.6/10.01//2008-9-18 13:11:20
29/600064/南京高科/9.540	10000	9.530	4800	9.520	1000	9.510	3300	9.500	10200	9.550	1500	9.600	5550	9.620	1800	9.630	1700	9.640	3000	/16842782//17533156/1775364/9.55/10.01//2008-9-18 13:12:21
29/600064/南京高科/9.540	4500	9.530	5800	9.520	1300	9.510	2900	9.500	21200	9.550	400	9.590	300	9.600	6650	9.630	2100	9.640	3200	/16842782//17596132/1781964/9.54/10.01//2008-9-18 13:13:21
29/600064/南京高科/9.560	200	9.550	1000	9.540	2600	9.530	5800	9.520	1300	9.590	200	9.600	8250	9.630	2100	9.640	2400	9.650	3500	/16842782//17628582/1785364/9.55/10.01//2008-9-18 13:14:22
29/600064/南京高科/9.540	1500	9.530	5800	9.520	1300	9.510	4900	9.500	21700	9.550	11400	9.560	1000	9.590	11700	9.600	7650	9.630	2100	/16842782//17776604/1800864/9.55/10.01//2008-9-18 13:15:22
29/600064/南京高科/9.530	5600	9.520	1300	9.510	4900	9.500	21700	9.490	1000	9.540	100	9.550	9100	9.560	1000	9.590	11700	9.600	7650	/16842782//17799486/1803264/9.54/10.01//2008-9-18 13:16:23
29/600064/南京高科/9.540	800	9.510	6300	9.500	21700	9.490	1000	9.480	24300	9.550	9000	9.560	2000	9.590	11700	9.600	7650	9.630	2100	/16842782//17936720/1817664/9.51/10.01//2008-9-18 13:17:23
29/600064/南京高科/9.500	21700	9.490	1000	9.480	22700	9.460	5700	9.450	14800	9.510	4900	9.540	2200	9.550	8100	9.560	2000	9.580	600	/16842782//18076584/1832364/9.51/10.01//2008-9-18 13:18:24
29/600064/南京高科/9.510	500	9.500	20800	9.490	1000	9.480	22700	9.460	5700	9.520	5800	9.540	2400	9.550	10100	9.560	1000	9.580	600	/16842782//18182116/1843464/9.51/10.01//2008-9-18 13:19:24
29/600064/南京高科/9.460	5700	9.450	14800	9.440	9400	9.430	43400	0.000	0	9.470	3200	9.500	1000	9.520	5100	9.540	1400	9.550	10100	/16842782//18461234/1872864/9.47/10.01//2008-9-18 13:20:25
29/600064/南京高科/9.500	4500	9.470	7100	9.460	3400	9.450	12800	9.440	9400	9.520	54219	9.540	1400	9.550	10100	9.560	1000	9.580	600	/16842782//18630844/1890764/9.5/10.01//2008-9-18 13:21:25
29/600064/南京高科/9.510	6500	9.500	3000	9.470	9800	9.460	7500	9.450	12800	9.520	17319	9.540	1000	9.550	10100	9.560	1000	9.580	600	/16842782//19017336/1931364/9.52/10.01//2008-9-18 13:22:26
29/600064/南京高科/9.560	2000	9.540	1100	9.530	1100	9.520	24581	9.500	3100	9.580	600	9.590	7600	9.600	3050	9.630	2100	9.640	2700	/16842782//19313674/1962483/9.56/10.01//2008-9-18 13:23:26
29/600064/南京高科/9.580	4900	9.570	2300	9.560	2000	9.550	500	9.540	5700	9.590	3900	9.600	3850	9.630	1100	9.640	1700	9.650	3500	/16842782//19346230/1965883/9.59/10.01//2008-9-18 13:24:27
29/600064/南京高科/9.670	490	9.660	7800	9.630	4700	9.610	3000	9.600	5800	9.680	8564	9.690	1000	9.700	4000	9.780	1500	9.790	1500	/16842782//19582958/1990443/9.67/10.01//2008-9-18 13:25:27
29/600064/南京高科/9.700	3671	9.680	1000	9.670	3100	9.660	8200	9.600	3500	9.750	400	9.760	200	9.770	1000	9.780	1500	9.790	1200	/16842782//19750892/2007772/9.76/10.01//2008-9-18 13:26:28
29/600064/南京高科/9.670	1000	9.660	8200	9.600	3500	9.590	5600	9.580	1800	9.680	12000	9.700	2129	9.750	500	9.760	1900	9.770	1000	/16842782//19887364/2021843/9.68/10.01//2008-9-18 13:27:28
29/600064/南京高科/9.600	5600	9.590	5600	9.580	4800	9.570	2300	9.560	1500	9.660	200	9.670	1500	9.680	12000	9.700	7679	9.750	500	/16842782//20000386/2033543/9.66/10.01//2008-9-18 13:28:29
29/600064/南京高科/9.660	7000	9.610	2500	9.600	6700	9.590	3600	9.580	4800	9.680	8500	9.700	7679	9.750	100	9.760	200	9.780	7000	/16842782//20078704/2041643/9.66/10.01//2008-9-18 13:29:29
29/600064/南京高科/9.720	600	9.680	4500	9.660	800	9.620	400	9.610	5500	9.780	500	9.790	1179	9.800	27300	9.810	9000	9.820	400	/16842782//20370220/2071593/9.79/10.01//2008-9-18 13:30:30
29/600064/南京高科/9.790	9500	9.780	300	9.720	1000	9.700	2000	9.690	1100	9.800	6179	9.810	9000	9.820	400	9.830	200	9.850	5500	/16842782//20741312/2109493/9.8/10.01//2008-9-18 13:31:30
29/600064/南京高科/9.820	300	9.810	1100	9.800	3800	9.780	1400	9.720	1000	9.830	200	9.850	5500	9.870	3700	9.880	3700	9.890	1000	/16842782//20910736/2126772/9.82/10.01//2008-9-18 13:32:31
29/600064/南京高科/9.810	1000	9.800	1500	9.790	500	9.780	1400	9.720	1000	9.820	29000	9.840	200	9.850	17300	9.870	3700	9.880	3200	/16842782//21480012/2184672/9.82/10.01//2008-9-18 13:33:31
29/600064/南京高科/9.820	38600	9.810	700	9.800	1300	9.790	500	9.780	1400	9.850	14300	9.870	3700	9.880	3200	9.890	1000	9.900	4500	/16842782//21823800/2219672/9.82/10.01//2008-9-18 13:34:32
29/600064/南京高科/9.890	3500	9.880	2000	9.860	800	9.850	20800	9.830	1500	9.900	300	9.940	100	9.980	4600	9.990	2400	10.000	26899	/16842782//22044684/2242072/9.9/10.01//2008-9-18 13:35:32
29/600064/南京高科/10.000	9201	9.980	16000	9.950	1900	9.940	200	9.920	3200	10.010	200	10.020	10200	10.030	1500	10.040	2000	10.050	700	/16842782//22514226/2289071/10.0/10.01//2008-9-18 13:36:33
29/600064/南京高科/10.010	13800	10.000	10000	9.980	16601	9.970	100	9.900	3300	10.020	6600	10.090	6200	10.100	55600	10.120	5500	10.150	28500	/16842782//23189804/2356371/10.02/10.01//2008-9-18 13:37:34
29/600064/南京高科/9.980	3000	9.900	3300	9.890	1000	9.880	500	9.860	800	10.000	7400	10.010	10000	10.020	5300	10.050	1300	10.080	3100	/16842782//23381908/2375571/10.0/10.01//2008-9-18 13:38:34
29/600064/南京高科/9.910	1600	9.900	2400	9.880	500	9.860	800	9.850	1000	9.980	3631	9.990	6600	10.000	11600	10.020	5100	10.050	1300	/16842782//23473758/2384771/9.91/10.01//2008-9-18 13:39:35
29/600064/南京高科/9.920	8000	9.910	2000	9.900	1600	9.880	500	9.860	1300	10.000	2499	10.020	4800	10.050	6300	10.080	2700	10.090	10600	/16842782//23689784/2406402/10.0/10.01//2008-9-18 13:40:35
29/600064/南京高科/10.020	2500	10.000	9800	9.980	700	9.970	30000	9.950	100	10.080	3050	10.100	9800	10.120	6500	10.150	28500	10.190	400	/16842782//24483768/2485202/10.02/10.01//2008-9-18 13:41:36
29/600064/南京高科/10.150	62000	10.100	13450	10.080	1000	10.030	200	10.020	2200	10.190	400	10.200	2300	10.230	900	10.250	700	10.300	12500	/16842782//25120808/2548152/10.15/10.01//2008-9-18 13:42:36
29/600064/南京高科/10.200	21000	10.160	8200	10.150	20600	10.120	10000	10.100	1000	10.250	10400	10.290	1600	10.300	3300	10.350	1700	10.360	500	/16842782//25443706/2579642/10.25/10.01//2008-9-18 13:43:37
29/600064/南京高科/10.290	100	10.260	700	10.250	13700	10.220	4500	10.200	21000	10.350	1600	10.360	2500	10.370	4800	10.380	1400	10.390	4200	/16842782//25770110/2611142/10.35/10.01//2008-9-18 13:44:37
29/600064/南京高科/10.260	5700	10.250	14500	10.220	4500	10.200	20000	10.150	3100	10.290	3000	10.300	700	10.330	300	10.340	1100	10.350	1800	/16842782//25814496/2615442/10.34/10.01//2008-9-18 13:45:38
29/600064/南京高科/10.290	4600	10.270	1700	10.260	5700	10.250	12500	10.220	1500	10.300	815	10.330	4700	10.340	2100	10.350	800	10.360	3000	/16842782//26068634/2640142/10.29/10.01//2008-9-18 13:46:39
29/600064/南京高科/10.270	1500	10.260	8700	10.250	13500	10.220	1500	10.150	100	10.290	15615	10.300	5000	10.320	1500	10.330	1600	10.340	1900	/16842782//26188084/2651742/10.27/10.01//2008-9-18 13:47:39
29/600064/南京高科/10.250	12800	10.220	500	10.150	100	10.120	5000	10.080	600	10.260	1900	10.270	5930	10.280	500	10.320	1500	10.330	1600	/16842782//26313258/2663942/10.25/10.01//2008-9-18 13:48:40
29/600064/南京高科/10.120	4600	10.080	600	10.020	700	10.010	1200	10.000	1100	10.150	2000	10.200	2800	10.210	1000	10.220	2500	10.240	8400	/16842782//26492480/2681442/10.12/10.01//2008-9-18 13:49:40
29/600064/南京高科/10.150	800	10.120	4600	10.080	600	10.020	1100	10.010	1200	10.200	2500	10.210	500	10.220	21900	10.240	105	10.250	26300	/16842782//26582826/2690342/10.15/10.01//2008-9-18 13:50:41
29/600064/南京高科/10.080	600	10.030	1000	10.020	2300	10.010	1200	10.000	1400	10.120	6100	10.140	3600	10.150	3500	10.190	2800	10.200	7700	/16842782//26639526/2695942/10.12/10.01//2008-9-18 13:51:41
29/600064/南京高科/10.110	6500	10.090	100	10.080	8000	10.030	4700	10.020	1100	10.120	8230	10.140	3600	10.150	6800	10.190	2800	10.200	7700	/16842782//26686998/2700642/10.11/10.01//2008-9-18 13:52:42
29/600064/南京高科/10.080	8100	10.030	1000	10.020	1100	10.010	900	10.000	1100	10.110	1000	10.120	7130	10.140	3600	10.150	6800	10.190	2800	/16842782//26900320/2721742/10.11/10.01//2008-9-18 13:53:42
29/600064/南京高科/10.100	700	10.090	2000	10.080	1800	10.020	1100	10.010	1900	10.110	2300	10.120	7130	10.140	3600	10.150	6800	10.190	2800	/16842782//27011252/2732742/10.1/10.01//2008-9-18 13:54:43
29/600064/南京高科/10.120	2570	10.110	2800	10.100	3104	10.090	2000	10.080	6900	10.140	3600	10.150	6800	10.180	500	10.190	2800	10.200	2500	/16842782//27233340/2754698/10.12/10.01//2008-9-18 13:55:44
29/600064/南京高科/10.150	10600	10.140	300	10.130	400	10.120	1570	10.110	2000	10.190	2800	10.200	2500	10.210	1200	10.220	21400	10.240	405	/16842782//27253610/2756668/10.15/10.01//2008-9-18 13:56:44
29/600064/南京高科/10.190	2200	10.180	15600	10.150	10800	10.120	1570	10.110	2000	10.200	3100	10.210	500	10.220	21400	10.240	1400	10.250	15500	/16842782//27320856/2763268/10.19/10.01//2008-9-18 13:57:45
29/600064/南京高科/10.190	400	10.180	19800	10.120	11470	10.110	2000	10.100	9900	10.200	400	10.210	2400	10.220	21400	10.240	1900	10.250	15500	/16842782//27401424/2771168/10.19/10.01//2008-9-18 13:58:45
29/600064/南京高科/10.180	2200	10.120	11470	10.110	2000	10.100	9900	10.090	2000	10.190	4800	10.200	53	10.210	2400	10.220	21400	10.240	1900	/16842782//27630528/2793668/10.19/10.01//2008-9-18 13:59:46
29/600064/南京高科/10.120	11770	10.110	2000	10.100	9900	10.090	2000	10.080	1800	10.170	53	10.180	11100	10.190	2800	10.200	10300	10.210	2900	/16842782//27673298/2797868/10.18/10.01//2008-9-18 14:0:47
29/600064/南京高科/10.120	9270	10.110	2000	10.100	9900	10.090	2000	10.080	1800	10.150	200	10.160	5000	10.170	10453	10.180	11000	10.190	2800	/16842782//27730970/2803568/10.12/10.01//2008-9-18 14:1:47
29/600064/南京高科/10.100	9900	10.090	2000	10.080	1800	10.020	900	10.010	2000	10.160	18300	10.170	5943	10.180	9100	10.190	2800	10.200	10500	/16842782//27963868/2826538/10.11/10.01//2008-9-18 14:2:48
29/600064/南京高科/10.100	785	10.090	2000	10.080	1800	10.020	400	10.010	2000	10.120	4100	10.150	700	10.160	18300	10.170	5943	10.180	8100	/16842782//28066050/2836653/10.1/10.01//2008-9-18 14:3:48
29/600064/南京高科/10.090	400	10.080	1800	10.020	400	10.010	2000	10.000	1600	10.100	8115	10.150	700	10.160	18300	10.170	100	10.180	8100	/16842782//28110322/2841038/10.09/10.01//2008-9-18 14:4:49
29/600064/南京高科/10.020	400	10.010	2000	10.000	1600	9.980	500	9.970	30000	10.080	4100	10.090	6700	10.100	9115	10.150	700	10.160	18300	/16842782//28133510/2843338/10.08/10.01//2008-9-18 14:5:50
29/600064/南京高科/10.080	900	10.020	3400	10.010	2000	10.000	1400	9.990	400	10.090	500	10.100	9315	10.150	3200	10.160	18300	10.180	8100	/16842782//28166764/2846638/10.08/10.01//2008-9-18 14:6:50
29/600064/南京高科/10.100	10285	10.090	300	10.080	400	10.020	3000	10.010	2000	10.140	209	10.150	1200	10.180	8100	10.190	2800	10.200	12100	/16842782//28295282/2859353/10.14/10.01//2008-9-18 14:7:51
29/600064/南京高科/10.190	1200	10.180	1700	10.150	291	10.140	15200	10.110	5600	10.200	12100	10.240	9000	10.250	9500	10.260	400	10.270	100	/16842782//28372744/2866962/10.19/10.01//2008-9-18 14:8:51
29/600064/南京高科/10.200	5000	10.180	1700	10.150	2591	10.140	200	10.110	3200	10.240	9000	10.250	12000	10.260	400	10.270	100	10.280	6300	/16842782//28513480/2880762/10.2/10.01//2008-9-18 14:9:52
29/600064/南京高科/10.250	4000	10.240	600	10.230	1200	10.210	400	10.200	19400	10.260	400	10.270	100	10.280	7100	10.300	1200	10.320	2000	/16842782//28773532/2906162/10.25/10.01//2008-9-18 14:10:53
29/600064/南京高科/10.260	2800	10.250	14500	10.240	6500	10.230	1200	10.210	400	10.270	5900	10.280	6300	10.300	2300	10.320	2000	10.350	1000	/16842782//28891530/2917662/10.26/10.01//2008-9-18 14:11:53
29/600064/南京高科/10.300	24000	10.270	3700	10.260	3200	10.250	9500	10.240	6500	10.320	1000	10.350	1000	10.360	1000	10.380	500	10.390	5200	/16842782//29283464/2955762/10.3/10.01//2008-9-18 14:12:54
29/600064/南京高科/10.270	200	10.260	3200	10.250	9500	10.240	700	10.230	200	10.300	11300	10.310	5843	10.320	8200	10.340	200	10.350	1300	/16842782//29572924/2983862/10.27/10.01//2008-9-18 14:13:55
29/600064/南京高科/10.250	5000	10.240	700	10.230	200	10.210	400	10.200	4000	10.260	2100	10.270	6100	10.290	5500	10.300	23900	10.320	8200	/16842782//29721620/2998362/10.25/10.01//2008-9-18 14:14:55
29/600064/南京高科/10.230	400	10.210	300	10.200	4000	10.180	1700	10.150	2300	10.240	1000	10.250	6600	10.260	4100	10.270	6100	10.290	3800	/16842782//29776956/3003762/10.24/10.01//2008-9-18 14:15:56
29/600064/南京高科/10.200	4000	10.180	1700	10.150	2300	10.140	200	10.110	2300	10.210	100	10.230	1200	10.240	1000	10.250	3100	10.260	2300	/16842782//29781036/3004162/10.21/10.01//2008-9-18 14:16:56
29/600064/南京高科/10.220	900	10.210	4800	10.200	4600	10.180	1700	10.150	7700	10.240	1000	10.250	3100	10.260	2000	10.270	6100	10.290	3300	/16842782//29836170/3009562/10.23/10.01//2008-9-18 14:17:57
29/600064/南京高科/10.300	6200	10.260	3000	10.250	6000	10.240	3500	10.230	6300	10.340	200	10.350	1300	10.360	1000	10.380	2100	10.390	2600	/16842782//30137460/3038862/10.3/10.01//2008-9-18 14:18:58
29/600064/南京高科/10.440	7300	10.420	1300	10.400	20800	10.360	15100	10.350	1200	10.470	500	10.480	24600	10.490	6000	10.500	2300	10.550	21100	/16842782//30317170/3056162/10.44/10.01//2008-9-18 14:19:58
29/600064/南京高科/10.490	17400	10.480	8500	10.470	2500	10.450	1500	10.440	2500	10.550	20100	10.560	100	10.580	200	10.590	1500	10.600	3200	/16842782//30569786/3080262/10.49/10.01//2008-9-18 14:20:59
29/600064/南京高科/10.540	1900	10.510	1500	10.490	5700	10.480	2500	10.470	1000	10.550	7300	10.560	100	10.590	2500	10.600	3200	10.610	900	/16842782//31075618/3128362/10.55/10.01//2008-9-18 14:22:0
29/600064/南京高科/10.560	12400	10.550	6501	10.500	8100	10.490	5452	10.480	12200	10.590	1000	10.600	3200	10.610	3200	10.620	900	10.680	7200	/16842782//31247966/3144709/10.56/10.01//2008-9-18 14:23:0
29/600064/南京高科/10.560	12000	10.550	5501	10.500	138100	10.490	5452	10.480	12000	10.570	300	10.580	1000	10.600	4700	10.610	900	10.620	900	/16842782//31310356/3150609/10.56/10.01//2008-9-18 14:24:1
29/600064/南京高科/10.500	7700	10.490	5452	10.480	12000	10.470	2000	10.440	2000	10.540	2000	10.550	5259	10.560	15300	10.570	200	10.580	500	/16842782//31543652/3172710/10.54/10.01//2008-9-18 14:25:2
29/600064/南京高科/10.480	7952	10.470	2000	10.440	2000	10.400	3000	10.360	4000	10.500	30400	10.520	700	10.530	400	10.540	3900	10.550	10099	/16842782//31736720/3191110/10.48/10.01//2008-9-18 14:26:2
29/600064/南京高科/10.440	2000	10.410	1000	10.400	3000	10.360	4000	10.340	300	10.470	4700	10.480	10248	10.490	8000	10.500	25200	10.530	400	/16842782//31891314/3205862/10.47/10.01//2008-9-18 14:27:3
29/600064/南京高科/10.360	4000	10.340	300	10.310	1500	10.250	300	10.240	2000	10.400	4500	10.430	6000	10.440	1900	10.460	1500	10.470	13001	/16842782//32038498/3219962/10.4/10.01//2008-9-18 14:28:4
29/600064/南京高科/10.340	600	10.310	500	10.250	600	10.240	2000	10.220	1000	10.360	2400	10.380	2000	10.400	6200	10.430	6000	10.440	2100	/16842782//32065434/3222562/10.36/10.01//2008-9-18 14:29:4
29/600064/南京高科/10.300	1200	10.260	1300	10.250	1600	10.240	2000	10.220	1700	10.310	100	10.320	500	10.340	1000	10.350	2200	10.360	2400	/16842782//32074688/3223462/10.3/10.01//2008-9-18 14:30:5
29/600064/南京高科/10.320	500	10.310	2201	10.300	400	10.270	300	10.260	2300	10.340	1000	10.350	2000	10.360	2400	10.380	4000	10.400	6700	/16842782//32096332/3225561/10.32/10.01//2008-9-18 14:31:6
29/600064/南京高科/10.340	600	10.320	5200	10.310	901	10.300	400	10.270	300	10.350	1800	10.360	2400	10.380	4000	10.400	6700	10.430	6000	/16842782//32136612/3229461/10.31/10.01//2008-9-18 14:32:6
29/600064/南京高科/10.350	4200	10.320	6600	10.310	901	10.300	4400	10.270	2600	10.380	4000	10.400	3100	10.430	6000	10.440	2100	10.460	1000	/16842782//32171768/3232861/10.35/10.01//2008-9-18 14:33:7
29/600064/南京高科/10.360	1200	10.350	21500	10.320	6600	10.310	901	10.300	4400	10.380	500	10.400	2200	10.440	2100	10.450	2000	10.460	1000	/16842782//32259998/3241361/10.38/10.01//2008-9-18 14:34:8
29/600064/南京高科/10.410	300	10.360	3200	10.350	21500	10.320	4700	10.310	901	10.440	2100	10.450	2000	10.460	1000	10.470	4901	10.480	24848	/16842782//32379508/3252861/10.38/10.01//2008-9-18 14:35:8
29/600064/南京高科/10.400	1900	10.380	100	10.360	3200	10.350	21500	10.320	4700	10.440	2400	10.450	2000	10.460	1000	10.470	4201	10.480	24848	/16842782//32381590/3253061/10.41/10.01//2008-9-18 14:36:9
29/600064/南京高科/10.350	21500	10.320	500	10.310	901	10.300	4400	10.270	2600	10.360	500	10.380	7000	10.400	15200	10.410	100	10.440	4300	/16842782//32474040/3261961/10.36/10.01//2008-9-18 14:37:10
29/600064/南京高科/10.350	15200	10.320	500	10.310	901	10.300	4400	10.270	2600	10.360	3400	10.370	300	10.380	7500	10.400	5000	10.410	100	/16842782//32544426/3268761/10.35/10.01//2008-9-18 14:38:10
29/600064/南京高科/10.310	901	10.300	4400	10.270	300	10.260	2300	10.250	1300	10.350	7600	10.360	900	10.370	300	10.380	7400	10.400	5000	/16842782//32796992/3293161/10.35/10.01//2008-9-18 14:39:11
29/600064/南京高科/10.300	2900	10.270	300	10.260	2300	10.250	1300	10.240	2000	10.310	199	10.350	5700	10.360	900	10.370	300	10.380	7400	/16842782//32832082/3296562/10.3/10.01//2008-9-18 14:40:12
29/600064/南京高科/10.260	2000	10.250	1400	10.240	2000	10.220	700	10.210	500	10.290	200	10.300	11145	10.310	3199	10.340	1000	10.350	5500	/16842782//32861952/3299462/10.3/10.01//2008-9-18 14:41:12
29/600064/南京高科/10.280	300	10.270	900	10.260	3500	10.250	1300	10.240	2000	10.300	7900	10.310	6099	10.340	1000	10.350	4400	10.360	700	/16842782//32883516/3301562/10.26/10.01//2008-9-18 14:42:13
29/600064/南京高科/10.270	600	10.260	3600	10.250	1200	10.240	2000	10.220	700	10.300	3300	10.310	6099	10.340	1000	10.350	3500	10.360	700	/16842782//32956574/3308662/10.3/10.01//2008-9-18 14:43:14
29/600064/南京高科/10.270	4500	10.260	3600	10.250	1200	10.240	2000	10.220	700	10.300	1900	10.310	5999	10.350	3500	10.360	6200	10.380	7400	/16842782//32992624/3312162/10.3/10.01//2008-9-18 14:44:14
29/600064/南京高科/10.270	4500	10.260	3400	10.250	1200	10.240	2000	10.220	700	10.300	200	10.310	5599	10.350	3500	10.360	6200	10.380	6900	/16842782//0/0/10.3/10.01//2008-9-18 14:45:15
29/600064/南京高科/10.280	2000	10.270	200	10.260	3400	10.250	1200	10.240	2000	10.290	700	10.300	1000	10.310	5599	10.350	3500	10.360	6200	/16842782//33049278/3317662/10.3/10.01//2008-9-18 14:46:16
29/600064/南京高科/10.250	4200	10.240	2000	10.220	700	10.210	300	10.200	6000	10.260	1800	10.280	1600	10.290	100	10.300	3500	10.310	5599	/16842782//33132402/3325762/10.25/10.01//2008-9-18 14:47:16
29/600064/南京高科/10.240	100	10.210	300	10.200	5700	10.160	600	10.150	1300	10.250	2900	10.260	1000	10.280	1600	10.290	100	10.300	3300	/16842782//33200022/3332362/10.24/10.01//2008-9-18 14:48:17
29/600064/南京高科/10.160	600	10.150	2700	10.140	10000	10.110	300	10.100	7385	10.200	900	10.240	800	10.250	2900	10.260	1000	10.280	600	/16842782//33295988/3341762/10.2/10.01//2008-9-18 14:49:18
29/600064/南京高科/10.160	1000	10.150	1400	10.140	10000	10.110	600	10.100	7885	10.190	800	10.200	20200	10.240	1500	10.250	900	10.280	600	/16842782//33346800/3346762/10.15/10.01//2008-9-18 14:50:18
29/600064/南京高科/10.160	2455	10.150	4300	10.140	10000	10.110	600	10.100	7885	10.190	800	10.200	21200	10.240	1500	10.250	900	10.280	600	/16842782//33407150/3352707/10.16/10.01//2008-9-18 14:51:19
29/600064/南京高科/10.160	9255	10.150	5100	10.140	10000	10.110	600	10.100	10985	10.200	19300	10.240	1500	10.250	900	10.280	600	10.300	3000	/16842782//33448814/3356807/10.16/10.01//2008-9-18 14:52:20
29/600064/南京高科/10.180	400	10.160	5755	10.150	4500	10.140	10000	10.110	1600	10.190	100	10.200	1700	10.240	1500	10.250	900	10.280	600	/16842782//33498600/3361707/10.18/10.01//2008-9-18 14:53:21
29/600064/南京高科/10.250	5300	10.200	2100	10.180	6300	10.170	100	10.160	6155	10.300	3000	10.310	5599	10.350	850	10.360	6200	10.380	6900	/16842782//33557960/3367507/10.25/10.01//2008-9-18 14:54:21
29/600064/南京高科/10.250	3100	10.210	500	10.200	2100	10.180	5900	10.170	800	10.290	300	10.310	4999	10.350	2050	10.360	6200	10.380	6900	/16842782//33720596/3383307/10.3/10.01//2008-9-18 14:55:22
29/600064/南京高科/10.360	2900	10.320	1000	10.310	2052	10.300	4000	10.290	5200	10.370	100	10.380	6900	10.390	900	10.400	18100	10.440	200	/16842782//33918464/3402455/10.36/10.01//2008-9-18 14:56:23
29/600064/南京高科/10.380	1900	10.370	400	10.360	500	10.320	1000	10.310	2052	10.390	1100	10.400	18000	10.440	200	10.460	3000	10.470	4201	/16842782//34150812/3424855/10.38/10.01//2008-9-18 14:57:23
29/600064/南京高科/10.320	1000	10.310	2052	10.290	5000	10.250	3100	10.200	700	10.350	100	10.380	19000	10.390	4410	10.400	14000	10.440	200	/16842782//34328312/3441955/10.35/10.01//2008-9-18 14:58:24
29/600064/南京高科/10.370	24660	10.350	5000	10.320	1500	10.310	3052	10.290	5000	10.380	25200	10.390	3000	10.400	13500	10.440	200	10.450	1300	/16842782//34399212/3448795/10.37/10.01//2008-9-18 14:59:25
29/600064/南京高科/10.350	6000	10.320	1000	10.310	3052	10.290	5000	10.250	3100	10.370	1190	10.380	22800	10.390	2500	10.400	13500	10.440	200	/16842782//34685032/3476355/10.37/10.01//2008-9-18 15:0:26
29/600064/南京高科/10.350	6000	10.320	1000	10.310	3052	10.290	5000	10.250	3100	10.370	1190	10.380	22800	10.390	2500	10.400	13500	10.440	200	/16842782//34685032/3476355/10.37/10.01//2008-9-18 15:1:26
29/600064/南京高科/10.350	6000	10.320	1000	10.310	3052	10.290	5000	10.250	3100	10.370	1190	10.380	22800	10.390	2500	10.400	13500	10.440	200	/16842782//34685032/3476355/10.37/10.01//2008-9-18 15:2:27
