813/600017/日照港/10.940	200	10.920	1900	10.910	600	10.900	1300	10.880	2000	11.000	5400	11.030	500	11.040	3000	11.060	3300	11.070	2000	/16843599//311322/28300/11.0/11.21//2008-9-18 9:31:34
813/600017/日照港/11.000	5300	10.950	5000	10.940	3200	10.920	4200	10.910	600	11.030	900	11.040	3000	11.060	3300	11.070	2000	11.080	5324	/16843599//458760/41700/11.03/11.21//2008-9-18 9:32:35
813/600017/日照港/11.030	200	11.020	100	11.000	8300	10.960	4400	10.950	5000	11.040	2100	11.060	3300	11.070	2000	11.080	5324	11.090	1000	/16843599//535969/48700/11.04/11.21//2008-9-18 9:33:35
813/600017/日照港/11.000	11700	10.960	3900	10.950	100	10.940	3200	10.920	3000	11.020	5200	11.030	4300	11.040	2300	11.050	5000	11.060	3300	/16843599//595444/54100/11.0/11.21//2008-9-18 9:34:35
813/600017/日照港/10.980	3300	10.960	3200	10.950	100	10.940	2800	10.920	2900	10.990	1400	11.000	1700	11.020	3800	11.030	3800	11.040	2100	/16843599//738416/67100/10.96/11.21//2008-9-18 9:35:35
813/600017/日照港/10.960	2895	10.940	2800	10.920	2400	10.910	7600	10.900	12200	10.980	6200	10.990	1400	11.000	1700	11.010	1000	11.020	3800	/16843599//794433/72205/10.96/11.21//2008-9-18 9:36:36
813/600017/日照港/10.960	23995	10.950	600	10.940	2800	10.920	1900	10.910	8700	10.970	1000	10.980	2400	10.990	1400	11.000	1700	11.010	1000	/16843599//916196/83305/10.96/11.21//2008-9-18 9:37:36
813/600017/日照港/10.970	900	10.960	25295	10.950	1100	10.940	2800	10.920	1900	10.980	1800	10.990	1400	11.000	1000	11.010	1000	11.020	3800	/16843599//941439/85605/10.98/11.21//2008-9-18 9:38:36
813/600017/日照港/10.980	300	10.970	100	10.960	24895	10.950	1100	10.940	3100	10.990	1400	11.000	1000	11.010	1000	11.020	3800	11.040	4600	/16843599//991909/90205/10.98/11.21//2008-9-18 9:39:36
813/600017/日照港/10.980	4900	10.970	100	10.960	24895	10.950	1100	10.940	3100	11.000	100	11.010	800	11.020	3800	11.040	4600	11.050	5000	/16843599//1044691/95005/11.01/11.21//2008-9-18 9:40:36
813/600017/日照港/11.020	200	11.010	1100	11.000	1600	10.990	1000	10.980	2500	11.040	4600	11.050	5000	11.060	3300	11.070	2000	11.080	5124	/16843599//1079965/98205/11.02/11.21//2008-9-18 9:41:37
813/600017/日照港/11.030	3700	11.020	5200	11.010	4100	11.000	3000	10.990	1000	11.040	300	11.050	2800	11.060	3300	11.070	2000	11.080	2124	/16843599//1183771/107605/11.04/11.21//2008-9-18 9:42:37
813/600017/日照港/11.050	3398	11.040	200	11.030	3700	11.020	5200	11.010	4200	11.060	2900	11.070	4000	11.080	1824	11.090	1000	11.100	6800	/16843599//1318586/119807/11.05/11.21//2008-9-18 9:43:37
813/600017/日照港/11.020	2798	11.010	4200	11.000	9300	10.990	1000	10.980	1300	11.040	600	11.050	9600	11.060	800	11.070	3500	11.080	6824	/16843599//1560462/141707/11.04/11.21//2008-9-18 9:44:37
813/600017/日照港/11.000	11498	10.980	1300	10.970	3300	10.960	24695	10.950	900	11.030	900	11.040	2600	11.050	9600	11.060	3800	11.070	3500	/16843599//1671700/151807/11.03/11.21//2008-9-18 9:45:37
813/600017/日照港/10.980	300	10.970	3800	10.960	24695	10.950	2900	10.940	3100	11.000	8202	11.010	1600	11.020	2000	11.030	2400	11.040	4300	/16843599//1832274/166405/10.98/11.21//2008-9-18 9:46:38
813/600017/日照港/10.970	100	10.960	13795	10.950	4100	10.940	3100	10.930	1700	10.990	1700	11.000	8402	11.010	1600	11.020	2000	11.030	4400	/16843599//2032958/184705/10.96/11.21//2008-9-18 9:47:38
813/600017/日照港/10.940	3100	10.930	1700	10.920	2500	10.910	5700	10.900	12800	10.950	400	10.960	7900	10.970	1405	10.980	3400	10.990	1700	/16843599//2428472/220800/10.95/11.21//2008-9-18 9:48:38
813/600017/日照港/10.930	600	10.920	2400	10.910	6100	10.900	11800	10.890	700	10.940	3000	10.950	200	10.960	28800	10.970	2405	10.980	1700	/16843599//2537813/230800/10.93/11.21//2008-9-18 9:49:39
813/600017/日照港/10.930	200	10.920	2400	10.910	6100	10.900	12000	10.890	1700	10.940	1100	10.950	1290	10.960	50000	10.970	2405	10.980	1700	/16843599//2593579/235900/10.94/11.21//2008-9-18 9:50:39
813/600017/日照港/10.930	300	10.920	2700	10.910	9000	10.900	12500	10.890	1700	10.940	700	10.950	2900	10.960	1900	10.970	3905	10.980	3700	/16843599//2795566/254400/10.92/11.21//2008-9-18 9:51:39
813/600017/日照港/10.910	200	10.900	14200	10.890	1700	10.880	4100	10.870	1000	10.930	3600	10.940	2500	10.950	2900	10.960	1900	10.970	3905	/16843599//3010565/274100/10.91/11.21//2008-9-18 9:52:39
813/600017/日照港/10.870	200	10.860	3200	10.850	11500	10.820	2000	10.810	11400	10.880	5200	10.890	3005	10.900	11100	10.920	1000	10.930	3600	/16843599//3287221/299500/10.87/11.21//2008-9-18 9:53:40
813/600017/日照港/10.850	10000	10.830	100	10.820	2200	10.810	12400	10.800	11100	10.860	8905	10.870	300	10.880	3900	10.900	23000	10.920	3800	/16843599//3356727/305900/10.85/11.21//2008-9-18 9:54:40
813/600017/日照港/10.790	500	10.770	800	10.760	1200	10.750	1100	10.740	2500	10.800	34319	10.830	1000	10.850	23601	10.860	6805	10.880	3900	/16843599//3826120/349300/10.8/11.21//2008-9-18 9:55:40
813/600017/日照港/10.770	600	10.760	4700	10.750	1800	10.740	2500	10.730	2000	10.780	100	10.800	25629	10.810	300	10.830	1000	10.850	23601	/16843599//3972913/362900/10.78/11.21//2008-9-18 9:56:41
813/600017/日照港/10.790	2300	10.780	3400	10.770	11600	10.760	6000	10.750	2900	10.800	24729	10.810	300	10.830	1000	10.850	23601	10.860	5500	/16843599//4018239/367100/10.8/11.21//2008-9-18 9:57:41
813/600017/日照港/10.760	5800	10.750	10500	10.740	2500	10.730	3000	10.720	7500	10.770	4105	10.800	22329	10.810	300	10.830	1000	10.850	23601	/16843599//4455784/407695/10.77/11.21//2008-9-18 9:58:41
813/600017/日照港/10.790	31100	10.780	2500	10.770	4395	10.760	6700	10.750	11400	10.800	5329	10.810	300	10.850	23601	10.880	3900	10.890	3500	/16843599//4703478/430605/10.8/11.21//2008-9-18 9:59:41
813/600017/日照港/10.780	3500	10.770	5395	10.760	6900	10.750	11900	10.740	2500	10.790	9700	10.800	21129	10.810	300	10.850	23601	10.880	3900	/16843599//5194475/476105/10.79/11.21//2008-9-18 10:0:42
813/600017/日照港/10.770	1500	10.760	6900	10.750	17000	10.740	2500	10.730	3000	10.780	300	10.790	8400	10.800	21129	10.810	300	10.850	23601	/16843599//5289372/484905/10.78/11.21//2008-9-18 10:1:42
813/600017/日照港/10.760	100	10.750	16000	10.740	2500	10.730	3000	10.720	8500	10.770	1200	10.780	1000	10.790	6600	10.800	21129	10.810	300	/16843599//5509048/505305/10.76/10.79//2008-9-18 10:2:42
813/600017/日照港/10.790	1621	10.760	2400	10.750	11200	10.740	2500	10.730	3000	10.800	6000	10.810	300	10.850	24601	10.880	3900	10.890	1800	/16843599//5859610/537784/10.79/10.79//2008-9-18 10:3:42
813/600017/日照港/10.760	8500	10.750	8200	10.740	2500	10.730	3000	10.720	8500	10.790	4879	10.800	2700	10.810	300	10.850	24601	10.880	3900	/16843599//6114699/561405/10.79/10.79//2008-9-18 10:4:43
813/600017/日照港/10.750	13800	10.740	2800	10.730	3000	10.720	8500	10.710	4100	10.760	2100	10.790	4679	10.800	6300	10.810	300	10.850	24601	/16843599//6144833/564205/10.76/10.79//2008-9-18 10:5:43
813/600017/日照港/10.750	500	10.740	1618	10.730	3000	10.720	8500	10.710	4100	10.790	4679	10.800	33100	10.810	300	10.850	24601	10.890	1800	/16843599//6334934/581887/10.74/10.79//2008-9-18 10:6:43
813/600017/日照港/10.750	7301	10.740	1618	10.730	3000	10.720	8000	10.710	4100	10.760	2600	10.780	100	10.790	5679	10.800	44200	10.810	300	/16843599//6386537/586686/10.76/10.79//2008-9-18 10:7:44
813/600017/日照港/10.760	1600	10.750	25400	10.740	1319	10.730	3000	10.720	8000	10.780	100	10.790	5679	10.800	43600	10.810	300	10.850	24601	/16843599//6569333/603686/10.75/10.79//2008-9-18 10:8:44
813/600017/日照港/10.770	2600	10.760	400	10.750	25500	10.740	2019	10.730	3000	10.790	4879	10.800	42500	10.810	300	10.840	100	10.850	24601	/16843599//6698521/615686/10.77/10.79//2008-9-18 10:9:44
813/600017/日照港/10.760	1300	10.750	29700	10.740	2019	10.730	3000	10.720	8000	10.790	1379	10.800	38500	10.810	300	10.840	100	10.850	25701	/16843599//6790110/624186/10.77/10.79//2008-9-18 10:10:44
813/600017/日照港/10.770	6700	10.760	4100	10.750	29700	10.740	2019	10.730	3200	10.790	500	10.800	12000	10.810	300	10.840	100	10.850	25701	/16843599//6822492/627186/10.8/10.79//2008-9-18 10:11:45
813/600017/日照港/10.760	1300	10.750	29700	10.740	2019	10.730	3200	10.720	8300	10.800	11500	10.810	300	10.840	100	10.850	25701	10.860	600	/16843599//7146646/657286/10.76/10.79//2008-9-18 10:12:45
813/600017/日照港/10.800	700	10.720	6619	10.710	7000	10.700	16200	10.660	500	10.810	300	10.840	100	10.850	25701	10.860	1100	10.890	1800	/16843599//7811805/719086/10.8/10.79//2008-9-18 10:13:45
813/600017/日照港/10.610	1000	10.600	6500	10.580	500	10.550	7000	10.530	500	10.700	4900	10.750	300	10.790	2773	10.800	1000	10.810	300	/16843599//8302607/764986/10.6/10.79//2008-9-18 10:14:46
813/600017/日照港/10.510	2000	10.500	16800	10.490	300	10.480	500	10.460	100	10.610	7300	10.690	300	10.750	300	10.790	2773	10.800	11000	/16843599//8739962/806386/10.5/10.79//2008-9-18 10:15:46
813/600017/日照港/10.510	1300	10.500	5800	10.490	300	10.480	600	10.460	100	10.580	600	10.610	6300	10.690	300	10.750	300	10.790	4273	/16843599//9454835/874286/10.59/10.79//2008-9-18 10:16:46
813/600017/日照港/10.500	22800	10.490	300	10.480	600	10.470	9900	10.460	2400	10.520	1000	10.580	300	10.610	6300	10.690	300	10.750	300	/16843599//9959266/922286/10.5/10.79//2008-9-18 10:17:47
813/600017/日照港/10.600	6100	10.530	900	10.520	4600	10.510	15900	10.500	30600	10.690	6600	10.750	300	10.780	5100	10.790	3773	10.800	11000	/16843599//10478819/971586/10.6/10.79//2008-9-18 10:18:47
813/600017/日照港/10.600	5800	10.550	10000	10.540	200	10.530	2000	10.520	40000	10.680	6200	10.690	6300	10.700	2000	10.750	300	10.770	400	/16843599//10983869/1019386/10.6/10.79//2008-9-18 10:19:47
813/600017/日照港/10.680	5000	10.600	41000	10.560	2000	10.550	1600	10.540	600	10.690	6300	10.700	2000	10.750	300	10.770	3400	10.780	5100	/16843599//11642878/1081686/10.6/10.79//2008-9-18 10:20:48
813/600017/日照港/10.600	11900	10.560	2000	10.550	2200	10.540	600	10.530	15500	10.690	5000	10.750	2500	10.760	2000	10.770	3400	10.780	5000	/16843599//12165329/1130886/10.6/10.79//2008-9-18 10:21:48
813/600017/日照港/10.610	3800	10.600	1200	10.570	200	10.560	1200	10.550	4800	10.700	49700	10.740	17800	10.750	2500	10.760	2000	10.770	3400	/16843599//13028082/1211786/10.61/10.79//2008-9-18 10:22:48
813/600017/日照港/10.530	5000	10.520	27500	10.510	21400	10.500	61500	10.490	300	10.680	1000	10.700	48700	10.740	16400	10.750	2400	10.760	2000	/16843599//13584062/1264486/10.52/10.79//2008-9-18 10:23:48
813/600017/日照港/10.670	8300	10.520	25400	10.510	22500	10.500	61600	10.490	3500	10.700	57900	10.740	16400	10.750	2400	10.760	2000	10.770	3600	/16843599//14335187/1335486/10.7/10.79//2008-9-18 10:24:49
813/600017/日照港/10.530	1000	10.510	11400	10.500	62200	10.490	3300	10.480	4100	10.650	4400	10.660	20002	10.680	2000	10.690	10800	10.700	57900	/16843599//14851048/1384386/10.51/10.79//2008-9-18 10:25:49
813/600017/日照港/10.490	3300	10.480	2000	10.470	10400	10.460	1200	10.450	1700	10.500	74100	10.630	1000	10.640	873	10.650	5700	10.660	20002	/16843599//15929581/1486986/10.5/10.79//2008-9-18 10:26:49
813/600017/日照港/10.490	4200	10.480	2200	10.470	10600	10.460	1400	10.450	1700	10.500	108100	10.630	1000	10.640	873	10.650	5700	10.660	20002	/16843599//16034575/1496986/10.5/10.79//2008-9-18 10:27:50
813/600017/日照港/10.490	2200	10.450	700	10.410	3000	10.400	8400	10.380	3800	10.500	149100	10.630	1000	10.640	873	10.650	6100	10.660	20002	/16843599//16550731/1546386/10.5/10.79//2008-9-18 10:28:50
813/600017/日照港/10.450	52000	10.420	600	10.410	7000	10.400	9900	10.380	4000	10.490	54400	10.500	195800	10.630	1000	10.640	873	10.650	6100	/16843599//16634623/1554386/10.45/10.79//2008-9-18 10:29:50
813/600017/日照港/10.480	100	10.450	500	10.420	600	10.410	7200	10.400	10000	10.490	48300	10.500	49400	10.630	1000	10.650	6100	10.660	20002	/16843599//17240938/1612386/10.48/10.79//2008-9-18 10:30:51
813/600017/日照港/10.460	100	10.450	2900	10.420	9600	10.410	7200	10.400	10000	10.490	45400	10.500	49400	10.600	300	10.630	1000	10.650	6100	/16843599//17307014/1618686/10.49/10.79//2008-9-18 10:31:51
813/600017/日照港/10.410	3200	10.400	11200	10.390	500	10.380	4100	10.360	100	10.470	773	10.480	500	10.490	44600	10.500	49400	10.600	300	/16843599//17527002/1639786/10.47/10.79//2008-9-18 10:32:51
813/600017/日照港/10.390	500	10.380	5500	10.360	100	10.350	10500	10.320	2600	10.400	1000	10.410	2100	10.450	1800	10.460	4000	10.470	773	/16843599//17822536/1668186/10.41/10.79//2008-9-18 10:33:52
813/600017/日照港/10.320	2600	10.310	2200	10.300	17800	10.260	400	10.230	1000	10.350	5300	10.390	2000	10.400	17200	10.410	2800	10.450	1800	/16843599//18586138/1741686/10.35/10.79//2008-9-18 10:34:52
813/600017/日照港/10.230	3900	10.210	1500	10.200	63500	10.180	2400	10.160	2700	10.270	1200	10.290	1100	10.300	8900	10.320	10900	10.350	17800	/16843599//19059626/1787686/10.23/10.79//2008-9-18 10:35:52
813/600017/日照港/10.100	4600	10.090	15600	0.000	0	0.000	0	0.000	0	10.160	5200	10.170	3400	10.200	7000	10.230	3000	10.270	200	/16843599//20517374/1930988/10.16/10.79//2008-9-18 10:36:53
813/600017/日照港/10.160	1600	10.150	16200	10.110	10500	10.100	10660	10.090	55100	10.170	2800	10.200	7000	10.230	3000	10.270	200	10.290	1800	/16843599//20979928/1976628/10.17/10.79//2008-9-18 10:37:53
813/600017/日照港/10.200	6900	10.180	1000	10.170	10400	10.160	4000	10.150	22300	10.230	3000	10.270	200	10.290	1800	10.300	12900	10.320	1000	/16843599//21088958/1987328/10.2/10.79//2008-9-18 10:38:53
813/600017/日照港/10.200	10380	10.170	6800	10.160	3900	10.150	26300	10.120	4100	10.270	200	10.290	700	10.300	9000	10.320	1000	10.350	2300	/16843599//21477794/2025448/10.2/10.79//2008-9-18 10:39:54
813/600017/日照港/10.210	100	10.200	11680	10.180	13300	10.170	6800	10.160	5900	10.230	100	10.290	700	10.300	9000	10.350	2300	10.400	16400	/16843599//21685128/2045768/10.2/10.79//2008-9-18 10:40:54
813/600017/日照港/10.210	200	10.200	44480	10.180	14600	10.170	6800	10.160	5700	10.220	7320	10.290	1073	10.300	6000	10.350	4300	10.400	16400	/16843599//21759528/2053048/10.21/10.79//2008-9-18 10:41:54
813/600017/日照港/10.220	400	10.210	6020	10.200	44200	10.180	15400	10.170	6800	10.230	7320	10.280	200	10.290	2073	10.300	6000	10.350	4300	/16843599//21927594/2069508/10.21/10.79//2008-9-18 10:42:55
813/600017/日照港/10.200	43240	10.190	500	10.180	17200	10.170	6800	10.160	4500	10.210	2820	10.300	1593	10.350	4300	10.390	3100	10.400	17400	/16843599//22176006/2093788/10.21/10.79//2008-9-18 10:43:55
813/600017/日照港/10.300	7207	10.210	3140	10.200	28980	10.190	500	10.180	18700	10.350	4300	10.370	400	10.390	3100	10.400	17600	10.460	4000	/16843599//22610220/2136301/10.3/10.79//2008-9-18 10:44:56
813/600017/日照港/10.180	20200	10.170	6900	10.160	6300	10.150	22400	10.130	100	10.190	2272	10.200	500	10.290	1000	10.300	12500	10.340	500	/16843599//23331654/2206828/10.19/10.79//2008-9-18 10:45:56
813/600017/日照港/10.160	5940	10.150	21400	10.130	5300	10.120	4700	10.110	27300	10.180	3160	10.200	500	10.290	1000	10.300	11900	10.340	500	/16843599//23697654/2242788/10.16/10.79//2008-9-18 10:46:56
813/600017/日照港/10.150	17240	10.140	2000	10.130	6000	10.120	4900	10.110	32500	10.160	2220	10.170	3400	10.180	2360	10.200	500	10.290	1000	/16843599//23877022/2260448/10.15/10.79//2008-9-18 10:47:57
813/600017/日照港/10.140	2000	10.130	6800	10.120	4900	10.110	32400	10.100	74460	10.150	2919	10.180	2360	10.200	500	10.250	1206	10.280	1000	/16843599//25156848/2386528/10.15/10.79//2008-9-18 10:48:57
813/600017/日照港/10.120	73520	10.110	33400	10.100	74960	10.090	97000	0.000	0	10.130	4060	10.150	400	10.180	1560	10.200	500	10.250	1206	/16843599//25802052/2450208/10.12/10.79//2008-9-18 10:49:57
813/600017/日照港/10.120	30200	10.110	42580	10.100	75560	10.090	99200	0.000	0	10.130	360	10.150	7900	10.180	1560	10.200	500	10.250	1206	/16843599//26880166/2556748/10.11/10.79//2008-9-18 10:50:58
813/600017/日照港/10.120	9817	10.110	43580	10.100	77260	10.090	103400	0.000	0	10.130	1360	10.250	1166	10.280	1000	10.290	1000	10.300	11400	/16843599//27292294/2597431/10.13/10.79//2008-9-18 10:51:58
813/600017/日照港/10.110	5880	10.100	79560	10.090	105700	0.000	0	0.000	0	10.120	3223	10.130	60189	10.140	3000	10.250	1166	10.280	1000	/16843599//27905458/2658048/10.11/10.79//2008-9-18 10:52:58
813/600017/日照港/10.100	68460	10.090	106500	0.000	0	0.000	0	0.000	0	10.110	63290	10.120	1560	10.130	54912	10.250	1666	10.280	1000	/16843599//28243124/2691428/10.11/10.79//2008-9-18 10:53:59
813/600017/日照港/10.100	41840	10.090	109400	0.000	0	0.000	0	0.000	0	10.110	33980	10.130	54912	10.250	1766	10.280	1000	10.290	1400	/16843599//28870850/2753548/10.1/10.79//2008-9-18 10:54:59
813/600017/日照港/10.100	17270	10.090	109900	0.000	0	0.000	0	0.000	0	10.110	30990	10.130	54912	10.240	500	10.250	1766	10.280	1000	/16843599//29172546/2783418/10.1/10.79//2008-9-18 10:56:0
813/600017/日照港/10.100	3810	10.090	109200	0.000	0	0.000	0	0.000	0	10.110	28790	10.130	54912	10.240	500	10.250	1766	10.280	1000	/16843599//29471114/2812978/10.1/10.79//2008-9-18 10:57:0
813/600017/日照港/10.090	90350	0.000	0	0.000	0	0.000	0	0.000	0	10.110	26790	10.130	54912	10.240	500	10.250	1766	10.280	1000	/16843599//29843194/2849838/10.09/10.79//2008-9-18 10:58:0
813/600017/日照港/10.090	69010	0.000	0	0.000	0	0.000	0	0.000	0	10.110	26590	10.130	54912	10.240	500	10.250	1766	10.280	1000	/16843599//30569360/2921778/10.09/10.79//2008-9-18 10:59:1
813/600017/日照港/10.090	69110	0.000	0	0.000	0	0.000	0	0.000	0	10.100	18500	10.110	26590	10.130	54912	10.240	500	10.250	1766	/16843599//30690512/2933778/10.09/10.79//2008-9-18 11:0:1
813/600017/日照港/10.090	63810	0.000	0	0.000	0	0.000	0	0.000	0	10.100	14500	10.110	26590	10.130	54912	10.240	500	10.250	1766	/16843599//30811628/2945778/10.09/10.79//2008-9-18 11:1:2
813/600017/日照港/10.090	72910	0.000	0	0.000	0	0.000	0	0.000	0	10.100	5300	10.110	26590	10.130	54912	10.240	500	10.250	1766	/16843599//31011546/2965578/10.1/10.79//2008-9-18 11:2:2
813/600017/日照港/10.090	62710	0.000	0	0.000	0	0.000	0	0.000	0	10.100	2360	10.110	26590	10.130	54912	10.240	500	10.250	1766	/16843599//31166998/2980978/10.09/10.79//2008-9-18 11:3:2
813/600017/日照港/10.090	39110	0.000	0	0.000	0	0.000	0	0.000	0	10.100	19800	10.110	50	10.240	500	10.250	1766	10.290	1400	/16843599//32229060/3086178/10.1/10.79//2008-9-18 11:4:3
813/600017/日照港/10.100	96840	10.090	40610	0.000	0	0.000	0	0.000	0	10.110	50	10.180	2000	10.240	500	10.250	1766	10.270	800	/16843599//32697742/3132598/10.1/10.79//2008-9-18 11:5:3
813/600017/日照港/10.110	500	10.100	94520	10.090	47010	0.000	0	0.000	0	10.180	1600	10.230	3000	10.240	500	10.250	1766	10.270	800	/16843599//32834788/3146158/10.18/10.79//2008-9-18 11:6:4
813/600017/日照港/10.110	10040	10.100	92160	10.090	51410	0.000	0	0.000	0	10.180	1600	10.220	3000	10.230	3000	10.240	500	10.250	1766	/16843599//32988632/3161378/10.11/10.79//2008-9-18 11:7:4
813/600017/日照港/10.100	112360	10.090	52810	0.000	0	0.000	0	0.000	0	10.110	580	10.180	1300	10.220	3000	10.230	3000	10.240	500	/16843599//33204446/3182718/10.11/10.79//2008-9-18 11:8:4
813/600017/日照港/10.100	114460	10.090	30100	0.000	0	0.000	0	0.000	0	10.110	760	10.180	1300	10.220	3000	10.230	3000	10.240	500	/16843599//33372412/3199318/10.11/10.79//2008-9-18 11:9:5
813/600017/日照港/10.140	200	10.120	1680	10.100	112140	10.090	39800	0.000	0	10.150	200	10.180	1300	10.220	3000	10.230	3000	10.240	500	/16843599//33560848/3217958/10.14/10.79//2008-9-18 11:10:5
813/600017/日照港/10.100	104740	10.090	50200	0.000	0	0.000	0	0.000	0	10.110	1520	10.150	200	10.180	1300	10.220	3000	10.230	3000	/16843599//33701244/3231838/10.11/10.79//2008-9-18 11:11:6
813/600017/日照港/10.100	98480	10.090	42200	0.000	0	0.000	0	0.000	0	10.110	4460	10.150	8200	10.180	1000	10.210	10000	10.220	3000	/16843599//33843360/3245898/10.11/10.79//2008-9-18 11:12:6
813/600017/日照港/10.100	90360	10.090	44100	0.000	0	0.000	0	0.000	0	10.110	2000	10.150	8200	10.180	1800	10.210	10000	10.220	3000	/16843599//33980944/3259518/10.1/10.79//2008-9-18 11:13:7
813/600017/日照港/10.100	70660	10.090	43700	0.000	0	0.000	0	0.000	0	10.110	200	10.150	8200	10.180	1800	10.200	1000	10.210	10000	/16843599//34211240/3282318/10.11/10.79//2008-9-18 11:14:7
813/600017/日照港/10.110	2000	10.100	44881	10.090	43600	0.000	0	0.000	0	10.130	900	10.150	7500	10.180	1800	10.200	2500	10.210	10000	/16843599//34457488/3306697/10.1/10.79//2008-9-18 11:15:7
813/600017/日照港/10.110	4640	10.100	40021	10.090	51400	0.000	0	0.000	0	10.130	3000	10.150	7500	10.180	1800	10.200	2500	10.210	10000	/16843599//34579992/3318817/10.11/10.79//2008-9-18 11:16:8
813/600017/日照港/10.100	33301	10.090	51000	0.000	0	0.000	0	0.000	0	10.130	3000	10.150	7500	10.180	1800	10.200	2500	10.210	10000	/16843599//34709932/3331677/10.1/10.79//2008-9-18 11:17:8
813/600017/日照港/10.110	3000	10.100	64261	10.090	51400	0.000	0	0.000	0	10.130	3000	10.150	7500	10.180	1800	10.200	2500	10.210	10000	/16843599//34912340/3351717/10.1/10.79//2008-9-18 11:18:9
813/600017/日照港/10.110	11000	10.100	52341	10.090	52300	0.000	0	0.000	0	10.130	4600	10.150	8000	10.180	2100	10.200	2500	10.210	10000	/16843599//0/0/10.1/10.79//2008-9-18 11:19:9
813/600017/日照港/10.100	54741	10.090	54300	0.000	0	0.000	0	0.000	0	10.110	2680	10.130	800	10.150	8000	10.180	2100	10.200	2500	/16843599//35240036/3384137/10.11/10.79//2008-9-18 11:20:10
813/600017/日照港/10.120	200	10.110	500	10.100	42121	10.090	54300	0.000	0	10.130	800	10.150	8000	10.180	2100	10.200	2500	10.210	10000	/16843599//35386692/3398657/10.1/10.79//2008-9-18 11:21:10
813/600017/日照港/10.100	39701	10.090	54400	0.000	0	0.000	0	0.000	0	10.110	11160	10.120	300	10.130	1800	10.150	8000	10.180	2100	/16843599//35449556/3404877/10.11/10.79//2008-9-18 11:22:10
813/600017/日照港/10.100	22921	10.090	54400	0.000	0	0.000	0	0.000	0	10.110	5100	10.120	300	10.130	800	10.150	8000	10.180	1300	/16843599//35632172/3422957/10.11/10.79//2008-9-18 11:23:11
813/600017/日照港/10.100	5401	10.090	31800	0.000	0	0.000	0	0.000	0	10.110	3700	10.120	300	10.130	800	10.150	8000	10.180	1300	/16843599//35850560/3444577/10.11/10.79//2008-9-18 11:24:11
813/600017/日照港/10.090	7800	0.000	0	0.000	0	0.000	0	0.000	0	10.090	12600	10.100	12700	10.110	3700	10.120	300	10.130	800	/16843599//36479312/3506878/10.09/10.79//2008-9-18 11:25:12
813/600017/日照港/10.090	229400	0.000	0	0.000	0	0.000	0	0.000	0	10.100	12800	10.110	3200	10.120	300	10.130	200	10.150	8000	/16843599//37211848/3579478/10.09/10.79//2008-9-18 11:26:12
813/600017/日照港/10.100	104080	10.090	236400	0.000	0	0.000	0	0.000	0	10.110	2900	10.130	500	10.150	8000	10.160	900	10.180	1300	/16843599//37487772/3606798/10.1/10.79//2008-9-18 11:27:13
813/600017/日照港/10.100	89200	10.090	235300	0.000	0	0.000	0	0.000	0	10.110	1800	10.130	500	10.150	23200	10.160	900	10.180	1300	/16843599//37677464/3625578/10.1/10.79//2008-9-18 11:28:13
813/600017/日照港/10.100	82371	10.090	236800	0.000	0	0.000	0	0.000	0	10.110	600	10.130	500	10.150	23200	10.160	900	10.180	1400	/16843599//37793920/3637107/10.1/10.79//2008-9-18 11:29:14
813/600017/日照港/10.110	700	10.100	82371	10.090	236900	0.000	0	0.000	0	10.130	500	10.150	23200	10.160	900	10.180	1400	10.200	1500	/16843599//37797968/3637507/10.11/10.79//2008-9-18 11:30:14
813/600017/日照港/10.110	700	10.100	82371	10.090	236900	0.000	0	0.000	0	10.130	500	10.150	23200	10.160	900	10.180	1400	10.200	1500	/16843599//37797968/3637507/10.11/10.79//2008-9-18 11:31:15
813/600017/日照港/10.110	1300	10.100	31881	10.090	243500	0.000	0	0.000	0	10.150	22000	10.160	1100	10.180	1300	10.200	1800	10.220	3000	/16843599//38692108/3725997/10.11/10.79//2008-9-18 13:1:15
813/600017/日照港/10.110	900	10.100	31881	10.090	243200	0.000	0	0.000	0	10.150	6600	10.160	1100	10.180	1300	10.200	1800	10.220	3000	/16843599//38689084/3725697/10.11/10.79//2008-9-18 13:2:16
813/600017/日照港/10.100	31881	10.090	243200	0.000	0	0.000	0	0.000	0	10.110	1700	10.150	6600	10.160	1100	10.180	1300	10.200	1800	/16843599//38746716/3731397/10.11/10.79//2008-9-18 13:3:16
813/600017/日照港/10.120	400	10.100	31681	10.090	243700	0.000	0	0.000	0	10.150	6600	10.160	1100	10.180	1300	10.200	1800	10.220	3000	/16843599//38765920/3733297/10.11/10.79//2008-9-18 13:4:17
813/600017/日照港/10.110	1100	10.100	32181	10.090	245500	0.000	0	0.000	0	10.120	1	10.150	7600	10.160	1100	10.180	1300	10.200	1800	/16843599//38786188/3735297/10.15/10.79//2008-9-18 13:5:17
813/600017/日照港/10.150	1400	10.120	799	10.110	5900	10.100	32181	10.090	256200	10.160	1100	10.180	1300	10.200	1800	10.220	3000	10.230	3000	/16843599//38863340/3742898/10.15/10.79//2008-9-18 13:6:18
813/600017/日照港/10.150	1400	10.120	200	10.110	5900	10.100	33781	10.090	256200	10.160	400	10.180	1000	10.200	1800	10.220	3000	10.230	3000	/16843599//38870452/3743598/10.16/10.79//2008-9-18 13:7:18
813/600017/日照港/10.120	200	10.110	6400	10.100	37881	10.090	255200	0.000	0	10.160	500	10.180	3800	10.200	4800	10.220	3000	10.230	3000	/16843599//38901952/3746698/10.16/10.79//2008-9-18 13:8:19
813/600017/日照港/10.160	1200	10.130	1000	10.110	7700	10.100	40781	10.090	256200	10.180	3800	10.200	4800	10.220	3000	10.230	3000	10.240	500	/16843599//38922256/3748698/10.16/10.79//2008-9-18 13:9:19
813/600017/日照港/10.130	1000	10.110	8200	10.100	45081	10.090	256200	0.000	0	10.160	5800	10.180	3700	10.200	4800	10.220	3000	10.230	3000	/16843599//38937500/3750198/10.16/10.79//2008-9-18 13:10:20
813/600017/日照港/10.130	1000	10.110	6900	10.100	44781	10.090	256200	0.000	0	10.150	1300	10.160	5600	10.180	3700	10.200	4800	10.220	3000	/16843599//38946640/3751098/10.15/10.79//2008-9-18 13:11:20
813/600017/日照港/10.150	700	10.140	400	10.130	1000	10.110	6900	10.100	44981	10.160	5600	10.180	3800	10.200	4900	10.220	3000	10.230	3000	/16843599//38959832/3752398/10.15/10.79//2008-9-18 13:12:21
813/600017/日照港/10.140	400	10.130	1000	10.110	7400	10.100	44981	10.090	257000	10.150	800	10.160	5600	10.180	3800	10.200	4900	10.220	3000	/16843599//38977088/3754098/10.15/10.79//2008-9-18 13:13:21
813/600017/日照港/10.130	500	10.110	7400	10.100	44981	10.090	257000	0.000	0	10.150	400	10.160	10600	10.180	3800	10.200	4900	10.220	3000	/16843599//38994324/3755798/10.15/10.79//2008-9-18 13:14:22
813/600017/日照港/10.110	7100	10.100	44981	10.090	258200	0.000	0	0.000	0	10.130	3800	10.150	400	10.160	10600	10.180	3800	10.200	4900	/16843599//39004448/3756798/10.11/10.79//2008-9-18 13:15:22
813/600017/日照港/10.110	6600	10.100	44981	10.090	258300	0.000	0	0.000	0	10.130	30300	10.150	1399	10.160	10600	10.180	4300	10.200	4900	/16843599//39024692/3758798/10.12/10.79//2008-9-18 13:16:23
813/600017/日照港/10.110	6600	10.100	43681	10.090	558300	0.000	0	0.000	0	10.130	29800	10.150	1399	10.160	5600	10.180	5300	10.200	4900	/16843599//39034824/3759798/10.13/10.79//2008-9-18 13:17:23
813/600017/日照港/10.100	43281	10.090	558300	0.000	0	0.000	0	0.000	0	10.150	1399	10.160	5600	10.180	5300	10.200	4900	10.220	3000	/16843599//39486284/3804398/10.1/10.79//2008-9-18 13:18:24
813/600017/日照港/10.140	300	10.100	46181	10.090	559100	0.000	0	0.000	0	10.150	299	10.160	32600	10.170	1000	10.180	5300	10.200	4900	/16843599//39578280/3813498/10.15/10.79//2008-9-18 13:19:24
813/600017/日照港/10.150	200	10.110	2100	10.100	45581	10.090	558000	0.000	0	10.160	14299	10.170	1000	10.180	5300	10.200	4900	10.220	3000	/16843599//39795644/3834898/10.16/10.79//2008-9-18 13:20:25
813/600017/日照港/10.110	5300	10.100	50281	10.090	558800	0.000	0	0.000	0	10.130	30000	10.150	3600	10.160	7099	10.170	1000	10.180	5300	/16843599//39872856/3842498/10.15/10.79//2008-9-18 13:21:25
813/600017/日照港/10.110	8000	10.100	44281	10.090	459200	0.000	0	0.000	0	10.130	30000	10.140	20000	10.150	3800	10.160	7099	10.170	1000	/16843599//39873860/3842598/10.12/10.79//2008-9-18 13:22:26
813/600017/日照港/10.150	200	10.140	2400	10.130	3200	10.120	1800	10.110	15000	10.160	6999	10.170	1000	10.180	5300	10.200	4900	10.220	3000	/16843599//40428244/3897298/10.16/10.79//2008-9-18 13:23:26
813/600017/日照港/10.120	2800	10.110	14000	10.100	44381	10.090	457900	0.000	0	10.130	4100	10.160	6999	10.180	5100	10.200	4900	10.220	3000	/16843599//40548916/3909198/10.13/10.79//2008-9-18 13:24:27
813/600017/日照港/10.110	7700	10.100	44381	10.090	458000	0.000	0	0.000	0	10.160	6999	10.180	5100	10.200	4900	10.220	3000	10.230	3000	/16843599//40772568/3931298/10.11/10.79//2008-9-18 13:25:27
813/600017/日照港/10.130	400	10.120	10400	10.110	2700	10.100	44681	10.090	458000	10.160	2999	10.180	5100	10.200	4900	10.220	3000	10.230	3000	/16843599//40833448/3937298/10.12/10.79//2008-9-18 13:26:28
813/600017/日照港/10.130	21400	10.120	10500	10.110	12200	10.100	40581	10.090	458600	10.160	2899	10.180	5100	10.200	4900	10.220	3000	10.230	3000	/16843599//40824344/3936398/10.16/10.79//2008-9-18 13:27:28
813/600017/日照港/10.140	6500	10.130	23900	10.120	5100	10.110	12400	10.100	42781	10.200	4499	10.220	3000	10.230	3000	10.240	500	10.250	1866	/16843599//40981044/3951798/10.2/10.79//2008-9-18 13:28:29
813/600017/日照港/10.200	1901	10.150	700	10.140	12800	10.130	13900	10.120	5100	10.220	3000	10.230	3000	10.240	500	10.250	1866	10.270	800	/16843599//40956712/3949397/10.2/10.79//2008-9-18 13:29:29
813/600017/日照港/10.160	1000	10.150	5700	10.140	11600	10.130	13900	10.120	5100	10.200	3299	10.220	3000	10.230	3000	10.240	500	10.250	1866	/16843599//40991404/3952798/10.2/10.79//2008-9-18 13:30:30
813/600017/日照港/10.160	2200	10.150	5800	10.140	11600	10.130	10000	10.120	5100	10.200	399	10.220	3000	10.230	3000	10.240	500	10.250	1866	/16843599//41058616/3959398/10.16/10.79//2008-9-18 13:31:30
813/600017/日照港/10.170	800	10.160	9200	10.150	5800	10.140	5600	10.130	10500	10.230	399	10.240	500	10.250	1866	10.280	2000	10.290	900	/16843599//41153544/3968698/10.17/10.79//2008-9-18 13:32:31
813/600017/日照港/10.230	19089	10.190	100	10.180	1500	10.170	3700	10.160	2600	10.240	3500	10.250	4866	10.280	2000	10.290	900	10.300	7400	/16843599//41197752/3973020/10.23/10.79//2008-9-18 13:33:31
813/600017/日照港/10.250	1900	10.240	3500	10.230	20189	10.200	6200	10.190	100	10.300	1466	10.350	5300	10.360	3300	10.370	11000	10.380	1000	/16843599//41365092/3989309/10.3/10.79//2008-9-18 13:34:32
813/600017/日照港/10.400	11800	10.300	3734	10.260	3900	10.250	14900	10.240	500	10.460	2000	10.470	3000	10.490	3800	10.500	7800	10.510	100	/16843599//41669696/4018675/10.4/10.79//2008-9-18 13:35:32
813/600017/日照港/10.490	7100	10.460	300	10.420	1800	10.410	1800	10.400	24400	10.500	5100	10.510	100	10.530	1300	10.560	3000	10.580	1000	/16843599//41906492/4041275/10.49/10.79//2008-9-18 13:36:33
813/600017/日照港/10.410	2300	10.400	24400	10.360	100	10.350	900	10.310	300	10.460	900	10.480	200	10.490	4200	10.500	3200	10.510	100	/16843599//42126772/4062275/10.46/10.79//2008-9-18 13:37:34
813/600017/日照港/10.450	200	10.400	35200	10.360	300	10.350	700	10.310	300	10.460	600	10.480	400	10.490	4100	10.500	2900	10.510	100	/16843599//42194508/4068775/10.46/10.79//2008-9-18 13:38:34
813/600017/日照港/10.410	3200	10.400	31100	10.360	300	10.350	100	10.310	300	10.430	700	10.450	1000	10.460	600	10.480	2400	10.490	2000	/16843599//42249640/4074075/10.41/10.79//2008-9-18 13:39:35
813/600017/日照港/10.410	200	10.400	31000	10.360	300	10.350	100	10.310	300	10.440	2000	10.450	1000	10.460	600	10.480	3700	10.490	1400	/16843599//42287128/4077675/10.41/10.79//2008-9-18 13:40:35
813/600017/日照港/10.410	100	10.400	500	10.360	300	10.350	100	10.340	600	10.430	1200	10.440	2000	10.450	1000	10.460	600	10.480	4600	/16843599//42624108/4110075/10.41/10.79//2008-9-18 13:41:36
813/600017/日照港/10.360	300	10.350	100	10.340	600	10.320	2100	10.310	2000	10.390	9800	10.400	3200	10.430	1700	10.440	2000	10.450	1000	/16843599//43060908/4152075/10.4/10.79//2008-9-18 13:42:36
813/600017/日照港/10.400	22500	10.390	400	10.360	9100	10.350	100	10.340	600	10.430	1300	10.440	2000	10.450	1100	10.480	9100	10.490	1400	/16843599//43404024/4185075/10.4/10.79//2008-9-18 13:43:37
813/600017/日照港/10.510	9200	10.480	400	10.460	200	10.450	7100	10.440	8200	10.550	3700	10.580	1000	10.600	2300	10.630	1000	10.650	5700	/16843599//43753984/4218475/10.51/10.79//2008-9-18 13:44:37
813/600017/日照港/10.580	100	10.550	400	10.510	1800	10.500	2500	10.480	500	10.600	500	10.630	1000	10.650	5700	10.660	2500	10.680	4000	/16843599//43961524/4238075/10.6/10.79//2008-9-18 13:45:38
813/600017/日照港/10.580	5700	10.550	1100	10.510	2600	10.500	100	10.450	10000	10.600	1700	10.630	4700	10.650	5700	10.660	2500	10.680	4500	/16843599//44060072/4247375/10.6/10.79//2008-9-18 13:46:39
813/600017/日照港/10.600	2800	10.580	6600	10.550	1100	10.510	300	10.500	800	10.620	1500	10.630	4500	10.650	5700	10.660	2500	10.680	4500	/16843599//44276360/4267775/10.6/10.79//2008-9-18 13:47:39
813/600017/日照港/10.610	500	10.600	14200	10.580	1000	10.550	1100	10.510	300	10.660	2500	10.680	4500	10.690	3000	10.700	4500	10.720	1000	/16843599//44845436/4321375/10.65/10.79//2008-9-18 13:48:40
813/600017/日照港/10.620	100	10.610	4200	10.600	18140	10.580	1000	10.550	500	10.640	3200	10.650	4600	10.660	2500	10.680	4000	10.690	3000	/16843599//44893912/4325935/10.62/10.79//2008-9-18 13:49:40
813/600017/日照港/10.580	200	10.510	800	10.500	22800	10.450	9000	10.440	6000	10.600	4260	10.620	2200	10.640	1700	10.650	3900	10.660	2500	/16843599//45140292/4349175/10.58/10.79//2008-9-18 13:50:41
813/600017/日照港/10.500	13100	10.450	9000	10.440	6000	10.430	2200	10.410	1200	10.560	500	10.580	1900	10.590	4000	10.600	4960	10.620	3200	/16843599//45251608/4359775/10.5/10.79//2008-9-18 13:51:41
813/600017/日照港/10.500	11001	10.450	9000	10.440	1000	10.430	2200	10.410	1600	10.550	3000	10.580	1600	10.590	4000	10.600	4760	10.620	3200	/16843599//45278932/4362374/10.5/10.79//2008-9-18 13:52:42
813/600017/日照港/10.460	1900	10.450	3000	10.410	3700	10.400	2500	10.360	1000	10.500	5800	10.550	1900	10.570	100	10.580	1600	10.590	4000	/16843599//45502648/4383675/10.55/10.79//2008-9-18 13:53:42
813/600017/日照港/10.460	1000	10.450	2900	10.410	4700	10.400	2500	10.360	1000	10.500	1900	10.550	2000	10.570	100	10.580	1600	10.590	7900	/16843599//45781868/4410275/10.5/10.79//2008-9-18 13:54:43
813/600017/日照港/10.460	1000	10.450	2900	10.410	5500	10.400	2500	10.360	1000	10.500	5100	10.550	200	10.570	300	10.580	1600	10.590	7900	/16843599//46109556/4441475/10.5/10.79//2008-9-18 13:55:44
813/600017/日照港/10.460	1000	10.450	2900	10.410	4700	10.400	2500	10.360	1000	10.500	3000	10.550	200	10.570	100	10.580	1600	10.590	7900	/16843599//46371008/4466375/10.5/10.79//2008-9-18 13:56:44
813/600017/日照港/10.500	600	10.460	900	10.450	2900	10.410	4700	10.400	2500	10.550	200	10.570	100	10.580	1200	10.590	4000	10.600	4260	/16843599//46689132/4496675/10.5/10.79//2008-9-18 13:57:45
813/600017/日照港/10.550	2300	10.500	11900	10.460	2900	10.450	2900	10.410	4700	10.580	1200	10.590	4000	10.600	2760	10.620	3600	10.640	2700	/16843599//46818616/4508975/10.56/10.79//2008-9-18 13:58:45
813/600017/日照港/10.560	1640	10.550	2900	10.500	9800	10.460	900	10.450	2900	10.610	4600	10.620	2300	10.640	2700	10.650	3700	10.660	2500	/16843599//46977024/4523935/10.61/10.79//2008-9-18 13:59:46
813/600017/日照港/10.600	44100	10.550	400	10.510	300	10.500	6540	10.460	900	10.610	4100	10.620	3200	10.640	4700	10.650	4400	10.660	2500	/16843599//47162020/4541435/10.6/10.79//2008-9-18 14:0:47
813/600017/日照港/10.510	100	10.500	7140	10.460	900	10.450	3000	10.410	4700	10.600	32900	10.620	2100	10.640	3000	10.650	3900	10.660	2500	/16843599//47750940/4597035/10.51/10.79//2008-9-18 14:1:47
813/600017/日照港/10.500	700	10.460	900	10.450	3000	10.410	4700	10.400	54700	10.570	5500	10.590	400	10.600	32500	10.620	3500	10.640	3000	/16843599//47907048/4611875/10.5/10.79//2008-9-18 14:2:48
813/600017/日照港/10.470	500	10.460	600	10.450	3000	10.410	3700	10.400	54700	10.490	500	10.500	2000	10.550	2000	10.570	5500	10.590	400	/16843599//47951124/4616075/10.5/10.79//2008-9-18 14:3:48
813/600017/日照港/10.460	400	10.450	3200	10.410	3800	10.400	55900	10.360	500	10.470	200	10.500	3000	10.510	200	10.550	2000	10.570	5500	/16843599//47990960/4619875/10.46/10.79//2008-9-18 14:4:49
813/600017/日照港/10.470	1600	10.460	400	10.450	3200	10.410	4800	10.400	56100	10.500	18600	10.540	200	10.550	2200	10.570	5500	10.590	400	/16843599//48103300/4630575/10.5/10.79//2008-9-18 14:5:50
813/600017/日照港/10.500	46500	10.480	1500	10.470	1600	10.460	400	10.450	3200	10.540	200	10.550	2200	10.570	5500	10.590	300	10.600	13000	/16843599//48367900/4655775/10.5/10.79//2008-9-18 14:6:50
813/600017/日照港/10.510	2100	10.500	28402	10.480	1500	10.470	1600	10.460	400	10.550	1200	10.570	5500	10.590	300	10.600	13100	10.610	200	/16843599//48623076/4680073/10.55/10.79//2008-9-18 14:7:51
813/600017/日照港/10.600	300	10.550	400	10.520	1800	10.510	2100	10.500	28702	10.610	200	10.620	3500	10.640	3000	10.650	3900	10.660	2500	/16843599//48834844/4700073/10.54/10.79//2008-9-18 14:8:51
813/600017/日照港/10.600	17900	10.530	100	10.520	2000	10.510	4000	10.500	31002	10.610	2000	10.620	3800	10.640	3000	10.650	3900	10.660	2500	/16843599//48870888/4703473/10.6/10.79//2008-9-18 14:9:52
813/600017/日照港/10.650	3300	10.640	500	10.620	4700	10.610	2200	10.600	18400	10.660	2500	10.680	5100	10.690	2900	10.700	4900	10.720	1200	/16843599//49104680/4725473/10.65/10.79//2008-9-18 14:10:53
813/600017/日照港/10.660	2000	10.650	1200	10.620	4700	10.610	4200	10.600	18400	10.680	1300	10.690	2900	10.700	4900	10.720	1000	10.750	1300	/16843599//49210264/4735373/10.68/10.79//2008-9-18 14:11:53
813/600017/日照港/10.680	2900	10.670	500	10.660	1900	10.650	1200	10.620	4700	10.720	1000	10.750	1300	10.770	600	10.780	500	10.790	400	/16843599//49344948/4747973/10.68/10.79//2008-9-18 14:12:54
813/600017/日照港/10.700	2600	10.690	2000	10.680	200	10.670	500	10.660	1700	10.720	3200	10.750	2300	10.770	1100	10.790	400	10.800	4600	/16843599//49442560/4757073/10.72/10.79//2008-9-18 14:13:55
813/600017/日照港/10.690	2000	10.680	200	10.670	1200	10.660	1700	10.650	1200	10.700	500	10.720	5100	10.750	2300	10.770	1100	10.790	1300	/16843599//49482156/4760773/10.72/10.79//2008-9-18 14:14:55
813/600017/日照港/10.690	1700	10.680	500	10.670	1200	10.660	1700	10.650	1200	10.700	2100	10.710	1200	10.720	6000	10.750	1700	10.770	1100	/16843599//49505696/4762973/10.69/10.79//2008-9-18 14:15:56
813/600017/日照港/10.680	19100	10.670	1200	10.660	1700	10.650	1600	10.620	4700	10.690	3200	10.700	900	10.710	2900	10.720	900	10.750	1200	/16843599//49594376/4771273/10.68/10.79//2008-9-18 14:16:56
813/600017/日照港/10.670	1200	10.660	1700	10.650	1900	10.620	4700	10.610	4200	10.680	990	10.690	900	10.700	700	10.710	2900	10.720	900	/16843599//49806916/4791173/10.68/10.79//2008-9-18 14:17:57
813/600017/日照港/10.680	5416	10.670	1200	10.660	1700	10.650	2100	10.630	500	10.690	900	10.700	700	10.710	1000	10.720	900	10.750	1200	/16843599//49865484/4796657/10.68/10.79//2008-9-18 14:18:58
813/600017/日照港/10.700	3800	10.690	1200	10.680	6516	10.670	1200	10.660	1700	10.720	100	10.750	900	10.770	1100	10.800	6700	10.810	300	/16843599//49907240/4800557/10.72/10.79//2008-9-18 14:19:58
813/600017/日照港/10.750	5300	10.720	4100	10.700	10700	10.690	2100	10.680	6516	10.800	6300	10.810	300	10.820	1200	10.830	900	10.840	500	/16843599//49998624/4809057/10.75/10.79//2008-9-18 14:20:59
813/600017/日照港/10.820	2700	10.810	4000	10.800	21500	10.770	1300	10.760	1000	10.830	500	10.860	200	10.870	500	10.880	3300	10.890	900	/16843599//50093700/4817857/10.81/10.79//2008-9-18 14:22:0
813/600017/日照港/10.880	7500	10.870	6000	10.850	1900	10.830	2400	10.820	6400	10.900	5400	10.910	1500	10.920	1000	10.930	1500	10.950	7100	/16843599//50221940/4829657/10.88/10.79//2008-9-18 14:23:0
813/600017/日照港/10.880	1900	10.870	2100	10.850	2200	10.830	2200	10.820	4300	10.900	7100	10.910	2000	10.920	1000	10.930	1500	10.950	7100	/16843599//50552996/4860057/10.9/10.79//2008-9-18 14:24:1
813/600017/日照港/10.860	100	10.850	2200	10.830	1700	10.820	3800	10.810	3200	10.870	400	10.880	1300	10.900	9000	10.910	3100	10.920	1100	/16843599//50669384/4870757/10.87/10.79//2008-9-18 14:25:2
813/600017/日照港/10.700	900	10.690	300	10.680	5000	10.660	1700	10.650	700	10.790	400	10.800	600	10.850	2600	10.860	1000	10.870	1700	/16843599//51087308/4909457/10.7/10.79//2008-9-18 14:26:2
813/600017/日照港/10.720	8400	10.710	11100	10.700	23800	10.690	300	10.680	5000	10.800	5800	10.850	1200	10.870	500	10.900	800	10.910	1400	/16843599//51098104/4910457/10.8/10.79//2008-9-18 14:27:3
813/600017/日照港/10.750	1000	10.730	1200	10.720	10000	10.710	5000	10.700	25800	10.780	1000	10.790	1000	10.800	5800	10.850	2400	10.870	500	/16843599//51108884/4911457/10.78/10.79//2008-9-18 14:28:4
813/600017/日照港/10.730	2700	10.720	10000	10.710	5000	10.700	25800	10.690	300	10.750	2699	10.760	500	10.770	1000	10.780	2000	10.790	1000	/16843599//51142212/4914557/10.75/10.79//2008-9-18 14:29:4
813/600017/日照港/10.700	25800	10.690	300	10.680	5000	10.660	2700	10.650	1700	10.710	2499	10.730	900	10.750	400	10.760	500	10.770	1000	/16843599//51446744/4942957/10.71/10.79//2008-9-18 14:30:5
813/600017/日照港/10.660	2700	10.650	2500	10.640	500	10.630	500	10.610	4200	10.690	200	10.700	1868	10.710	2499	10.720	100	10.730	400	/16843599//51747412/4971057/10.69/10.79//2008-9-18 14:31:6
813/600017/日照港/10.670	600	10.660	2700	10.650	2300	10.640	500	10.630	500	10.700	2568	10.710	6899	10.720	100	10.730	400	10.750	400	/16843599//51782696/4974357/10.7/10.79//2008-9-18 14:32:6
813/600017/日照港/10.700	6000	10.680	500	10.670	6300	10.660	2700	10.650	2800	10.710	1499	10.720	100	10.730	400	10.750	400	10.760	700	/16843599//51866216/4982157/10.71/10.79//2008-9-18 14:33:7
813/600017/日照港/10.750	900	10.720	3900	10.710	5201	10.700	5500	10.680	2500	10.760	700	10.770	1000	10.780	2000	10.790	1000	10.800	5800	/16843599//51887640/4984156/10.75/10.79//2008-9-18 14:34:8
813/600017/日照港/10.760	2500	10.750	500	10.720	3900	10.710	4701	10.700	4300	10.780	2000	10.790	1000	10.800	5800	10.850	1600	10.870	500	/16843599//51919936/4987156/10.76/10.79//2008-9-18 14:35:8
813/600017/日照港/10.760	1300	10.750	500	10.720	3900	10.710	3701	10.700	4300	10.780	2200	10.790	1000	10.800	5100	10.850	2100	10.870	500	/16843599//51958700/4990756/10.76/10.79//2008-9-18 14:36:9
813/600017/日照港/10.700	5300	10.680	2500	10.670	700	10.660	2700	10.650	2800	10.710	2899	10.760	2800	10.780	3500	10.790	1000	10.800	5100	/16843599//52058460/5000057/10.71/10.79//2008-9-18 14:37:10
813/600017/日照港/10.680	2500	10.660	2700	10.650	2800	10.640	500	10.630	500	10.700	100	10.710	2899	10.760	4400	10.780	2800	10.790	1000	/16843599//52072368/5001357/10.7/10.79//2008-9-18 14:38:10
813/600017/日照港/10.660	500	10.650	2800	10.640	500	10.630	500	10.610	13200	10.680	300	10.700	2200	10.710	2899	10.750	700	10.760	4400	/16843599//52125724/5006357/10.66/10.79//2008-9-18 14:39:11
813/600017/日照港/10.660	300	10.650	2800	10.640	500	10.630	500	10.610	13200	10.680	4800	10.690	100	10.700	2300	10.710	2899	10.730	2000	/16843599//52138520/5007557/10.66/10.79//2008-9-18 14:40:12
813/600017/日照港/10.640	400	10.630	500	10.620	1800	10.610	15200	10.600	66300	10.650	6900	10.660	100	10.680	400	10.690	100	10.700	1600	/16843599//52169404/5010457/10.64/10.79//2008-9-18 14:41:12
813/600017/日照港/10.620	1300	10.610	17200	10.600	65000	10.590	5000	10.580	100	10.630	1500	10.640	198	10.650	4700	10.680	400	10.690	200	/16843599//52231112/5016257/10.64/10.79//2008-9-18 14:42:13
813/600017/日照港/10.630	800	10.600	12051	10.590	5000	10.580	100	10.550	14000	10.640	698	10.650	4700	10.680	400	10.690	200	10.700	1600	/16843599//0/0/10.63/10.79//2008-9-18 14:43:14
813/600017/日照港/10.630	400	10.600	12451	10.590	5000	10.580	100	10.550	14000	10.680	398	10.690	200	10.700	2100	10.710	2899	10.750	3200	/16843599//53151156/5103006/10.68/10.79//2008-9-18 14:44:14
813/600017/日照港/10.640	2800	10.630	2600	10.600	13151	10.590	5000	10.580	100	10.670	100	10.680	398	10.690	2200	10.700	2100	10.710	2899	/16843599//53153284/5103206/10.63/10.79//2008-9-18 14:45:15
813/600017/日照港/10.640	2000	10.630	2000	10.600	13151	10.590	5000	10.580	100	10.670	1000	10.680	1098	10.690	2500	10.700	2100	10.710	2899	/16843599//53206484/5108206/10.68/10.79//2008-9-18 14:46:16
813/600017/日照港/10.590	1951	10.580	100	10.550	14300	10.510	3000	10.500	33702	10.620	5000	10.630	5400	10.640	500	10.660	1600	10.670	1000	/16843599//53458836/5132006/10.59/10.79//2008-9-18 14:47:16
813/600017/日照港/10.580	900	10.550	14000	10.540	300	10.510	5600	10.500	32702	10.590	300	10.600	7149	10.610	1700	10.620	4200	10.630	5400	/16843599//53554732/5141057/10.6/10.79//2008-9-18 14:48:17
813/600017/日照港/10.600	19651	10.510	4400	10.500	32102	10.480	2000	10.450	3200	10.610	1700	10.620	4500	10.630	4000	10.640	700	10.660	1600	/16843599//54119292/5194506/10.6/10.79//2008-9-18 14:49:18
813/600017/日照港/10.600	22051	10.520	5000	10.510	7500	10.500	32002	10.480	2000	10.620	2300	10.630	4000	10.640	700	10.660	1600	10.670	1000	/16843599//54549388/5235106/10.6/10.79//2008-9-18 14:50:18
813/600017/日照港/10.590	1000	10.530	100	10.520	5000	10.510	20100	10.500	32502	10.600	50349	10.620	2100	10.630	4000	10.640	700	10.660	600	/16843599//54807532/5259457/10.6/10.79//2008-9-18 14:51:19
813/600017/日照港/10.600	451	10.530	400	10.520	6100	10.510	17500	10.500	32502	10.620	2100	10.630	4200	10.640	700	10.650	300	10.660	1600	/16843599//55364540/5312006/10.6/10.79//2008-9-18 14:52:20
813/600017/日照港/10.600	22951	10.530	3900	10.520	6500	10.510	17500	10.500	9500	10.640	700	10.650	300	10.660	600	10.680	1198	10.690	900	/16843599//55486724/5323506/10.62/10.79//2008-9-18 14:53:21
813/600017/日照港/10.600	32451	10.550	300	10.530	3400	10.520	6500	10.510	17500	10.610	400	10.640	500	10.650	1300	10.660	700	10.680	1198	/16843599//55549280/5329406/10.62/10.79//2008-9-18 14:54:21
813/600017/日照港/10.610	12300	10.600	58551	10.530	189400	10.520	8100	10.510	17500	10.640	1500	10.650	4300	10.660	100	10.680	1198	10.690	900	/16843599//55656400/5339506/10.61/10.79//2008-9-18 14:55:22
813/600017/日照港/10.600	61800	10.530	1600	10.520	8100	10.510	17500	10.500	7900	10.610	13700	10.630	1000	10.640	2600	10.650	3600	10.660	100	/16843599//56066836/5378206/10.6/10.79//2008-9-18 14:56:23
813/600017/日照港/10.600	58401	10.540	200	10.530	1600	10.520	8100	10.510	17500	10.610	11300	10.630	1000	10.640	6600	10.650	8500	10.660	100	/16843599//56349868/5404905/10.6/10.79//2008-9-18 14:57:23
813/600017/日照港/10.600	66501	10.540	200	10.530	1600	10.520	8100	10.510	17500	10.610	6200	10.620	3000	10.630	1800	10.640	5300	10.650	3600	/16843599//56574656/5426105/10.6/10.79//2008-9-18 14:58:24
813/600017/日照港/10.600	52601	10.540	500	10.530	1600	10.520	8100	10.510	17500	10.610	300	10.700	398	10.720	1900	10.740	2000	10.750	3200	/16843599//56976476/5463905/10.61/10.79//2008-9-18 14:59:25
813/600017/日照港/10.610	400	10.600	68801	10.540	300	10.530	1600	10.520	8100	10.620	500	10.680	3000	10.700	7498	10.720	500	10.750	6200	/16843599//57119152/5477205/10.68/10.79//2008-9-18 15:0:26
813/600017/日照港/10.610	400	10.600	68801	10.540	300	10.530	1600	10.520	8100	10.620	500	10.680	3000	10.700	7498	10.720	500	10.750	6200	/16843599//57119152/5477205/10.68/10.79//2008-9-18 15:1:26
813/600017/日照港/10.610	400	10.600	68801	10.540	300	10.530	1600	10.520	8100	10.620	500	10.680	3000	10.700	7498	10.720	500	10.750	6200	/16843599//57119152/5477205/10.68/10.79//2008-9-18 15:2:27
