9/600010/包钢股份/2.730	3700	2.720	14600	2.710	35700	2.700	372400	2.690	2400	2.740	22600	2.770	182023	2.780	42639	2.790	26000	2.800	76500	/16842762//947217/343500/2.74/2.8//2008-9-18 9:31:34
9/600010/包钢股份/2.740	400	2.730	12100	2.720	100	2.710	1000	2.700	362200	2.750	7400	2.760	4500	2.770	127100	2.780	36139	2.790	26000	/16842762//1362609/496000/2.73/2.8//2008-9-18 9:32:35
9/600010/包钢股份/2.730	10500	2.720	100	2.710	20900	2.700	395300	2.690	2400	2.740	41600	2.750	7500	2.760	7000	2.770	76400	2.780	116239	/16842762//1522850/554700/2.73/2.8//2008-9-18 9:33:35
9/600010/包钢股份/2.710	37300	2.700	459500	2.690	1700	2.680	23900	2.670	200	2.720	100	2.730	300	2.740	41200	2.750	9500	2.760	7000	/16842762//1591575/579900/2.72/2.8//2008-9-18 9:34:35
9/600010/包钢股份/2.710	13500	2.700	465500	2.690	1700	2.680	27600	2.670	200	2.720	2800	2.730	33100	2.740	39200	2.750	15700	2.760	6800	/16842762//1712601/624500/2.72/2.8//2008-9-18 9:35:35
9/600010/包钢股份/2.710	28100	2.700	582100	2.690	3700	2.680	28400	2.670	10300	2.720	600	2.730	37500	2.740	37700	2.750	26500	2.760	8300	/16842762//1808431/659800/2.73/2.8//2008-9-18 9:36:36
9/600010/包钢股份/2.710	15800	2.700	554300	2.690	2700	2.680	30100	2.670	10400	2.730	31000	2.740	33300	2.750	26400	2.760	13500	2.770	79200	/16842762//1964404/717200/2.71/2.8//2008-9-18 9:37:36
9/600010/包钢股份/2.710	700	2.700	585700	2.690	2700	2.680	30900	2.670	11600	2.720	10300	2.730	36200	2.740	92700	2.750	29400	2.760	13500	/16842762//2134049/779800/2.71/2.8//2008-9-18 9:38:36
9/600010/包钢股份/2.720	21900	2.710	2000	2.700	484200	2.690	2700	2.680	36400	2.730	81500	2.740	98500	2.750	29700	2.760	17700	2.770	79200	/16842762//2543878/931300/2.73/2.8//2008-9-18 9:39:36
9/600010/包钢股份/2.710	13300	2.700	492600	2.690	2700	2.680	45600	2.670	13500	2.720	1600	2.730	50500	2.740	98500	2.750	29800	2.760	17500	/16842762//2749152/1006700/2.71/2.8//2008-9-18 9:40:36
9/600010/包钢股份/2.730	48890	2.720	4000	2.710	25300	2.700	506600	2.690	2700	2.740	98500	2.750	99800	2.760	17500	2.770	75600	2.780	126240	/16842762//3025848/1108210/2.73/2.8//2008-9-18 9:41:37
9/600010/包钢股份/2.730	14100	2.720	10200	2.710	29600	2.700	518600	2.690	2700	2.740	40800	2.750	98800	2.760	27300	2.770	54300	2.780	127440	/16842762//3175435/1162810/2.74/2.8//2008-9-18 9:42:37
9/600010/包钢股份/2.740	6800	2.730	13500	2.720	8200	2.710	31500	2.700	524900	2.750	117000	2.760	24200	2.770	55900	2.780	127740	2.790	40000	/16842762//3343667/1224210/2.75/2.8//2008-9-18 9:43:37
9/600010/包钢股份/2.730	13300	2.720	12700	2.710	32000	2.700	539500	2.690	3300	2.740	1300	2.750	126600	2.760	23200	2.770	78000	2.780	127740	/16842762//3382339/1238310/2.74/2.8//2008-9-18 9:44:37
9/600010/包钢股份/2.730	5300	2.720	60700	2.710	34200	2.700	544200	2.690	3300	2.740	7700	2.750	118600	2.760	23200	2.770	71200	2.780	132740	/16842762//3501898/1281910/2.74/2.8//2008-9-18 9:45:37
9/600010/包钢股份/2.740	7100	2.730	5300	2.720	57400	2.710	75300	2.700	543900	2.750	124600	2.760	24400	2.770	63300	2.780	134740	2.790	41000	/16842762//3585929/1312610/2.74/2.8//2008-9-18 9:46:38
9/600010/包钢股份/2.740	4302	2.730	28900	2.720	60900	2.710	80800	2.700	548600	2.750	110000	2.760	31400	2.770	63300	2.780	135440	2.790	41000	/16842762//3656456/1338308/2.75/2.8//2008-9-18 9:47:38
9/600010/包钢股份/2.730	10000	2.720	81100	2.710	56700	2.700	551100	2.690	3400	2.740	20400	2.750	111798	2.760	31400	2.770	64300	2.780	136140	/16842762//3751066/1372910/2.74/2.8//2008-9-18 9:48:38
9/600010/包钢股份/2.730	9500	2.720	84800	2.710	61700	2.700	552000	2.690	4400	2.740	4100	2.750	117198	2.760	31400	2.770	69300	2.780	136440	/16842762//3833243/1402910/2.73/2.8//2008-9-18 9:49:39
9/600010/包钢股份/2.730	3600	2.720	86800	2.710	63800	2.700	551200	2.690	4400	2.740	9800	2.750	118998	2.760	32400	2.770	69300	2.780	136440	/16842762//3890663/1423910/2.74/2.8//2008-9-18 9:50:39
9/600010/包钢股份/2.720	41700	2.710	54000	2.700	556700	2.690	4400	2.680	64700	2.730	6400	2.740	9800	2.750	126198	2.760	32400	2.770	67200	/16842762//4072825/1490810/2.72/2.8//2008-9-18 9:51:39
9/600010/包钢股份/2.720	42700	2.710	57300	2.700	557700	2.690	4400	2.680	65900	2.730	5100	2.740	23000	2.750	131598	2.760	32400	2.770	65900	/16842762//4083776/1494810/2.73/2.8//2008-9-18 9:52:39
9/600010/包钢股份/2.710	55400	2.700	557900	2.690	4400	2.680	65900	2.670	40400	2.720	10600	2.730	11300	2.740	59500	2.750	131998	2.760	32400	/16842762//4244387/1553810/2.72/2.8//2008-9-18 9:53:40
9/600010/包钢股份/2.710	52400	2.700	354800	2.690	4400	2.680	67400	2.670	40400	2.720	23500	2.730	14000	2.740	60400	2.750	146598	2.760	32600	/16842762//4294840/1572410/2.72/2.8//2008-9-18 9:54:40
9/600010/包钢股份/2.710	27100	2.700	328200	2.690	8400	2.680	69500	2.670	40400	2.720	37600	2.730	15500	2.740	59500	2.750	149098	2.760	33100	/16842762//4414787/1616610/2.72/2.8//2008-9-18 9:55:40
9/600010/包钢股份/2.710	2600	2.700	329700	2.690	8400	2.680	65200	2.670	40400	2.720	130200	2.730	15300	2.740	81500	2.750	153698	2.760	35700	/16842762//4496115/1646610/2.72/2.8//2008-9-18 9:56:41
9/600010/包钢股份/2.700	327700	2.690	8400	2.680	67200	2.670	40500	2.660	251700	2.710	14900	2.720	138870	2.730	14400	2.740	50000	2.750	153698	/16842762//4538698/1662310/2.7/2.8//2008-9-18 9:57:41
9/600010/包钢股份/2.700	316700	2.690	15300	2.680	65900	2.670	40500	2.660	252700	2.710	8400	2.720	139570	2.730	37100	2.740	46100	2.750	147498	/16842762//4617753/1691510/2.7/2.8//2008-9-18 9:58:41
9/600010/包钢股份/2.710	12700	2.700	324400	2.690	37500	2.680	64800	2.670	42200	2.720	141870	2.730	38300	2.740	46100	2.750	155598	2.760	41300	/16842762//4687643/1717310/2.72/2.8//2008-9-18 9:59:41
9/600010/包钢股份/2.710	6800	2.700	338000	2.690	37500	2.680	66800	2.670	42200	2.720	160170	2.730	37100	2.740	46100	2.750	154698	2.760	41300	/16842762//4806759/1761210/2.71/2.8//2008-9-18 10:0:42
9/600010/包钢股份/2.700	330600	2.690	37400	2.680	66800	2.670	42200	2.660	252500	2.710	33159	2.720	162970	2.730	36900	2.740	44600	2.750	174398	/16842762//4879666/1788110/2.7/2.8//2008-9-18 10:1:42
9/600010/包钢股份/2.700	208000	2.690	39400	2.680	67900	2.670	47200	2.660	252500	2.710	47059	2.720	163270	2.730	36400	2.740	44600	2.750	174598	/16842762//5402951/1981910/2.7/2.7//2008-9-18 10:2:42
9/600010/包钢股份/2.690	2100	2.680	78600	2.670	47200	2.660	254600	2.650	83900	2.700	206800	2.710	85349	2.720	162970	2.730	37400	2.740	22700	/16842762//5901384/2166510/2.69/2.7//2008-9-18 10:3:42
9/600010/包钢股份/2.690	13298	2.680	69800	2.670	46500	2.660	256400	2.650	124000	2.700	150200	2.710	43649	2.720	171470	2.730	37400	2.740	17700	/16842762//6108400/2243412/2.69/2.7//2008-9-18 10:4:43
9/600010/包钢股份/2.680	71900	2.670	46700	2.660	258500	2.650	116200	2.640	12700	2.690	16202	2.700	151900	2.710	43649	2.720	155900	2.730	37400	/16842762//6177533/2269110/2.69/2.7//2008-9-18 10:5:43
9/600010/包钢股份/2.680	43200	2.670	69800	2.660	259600	2.650	119200	2.640	12700	2.690	23000	2.700	161200	2.710	41049	2.720	154900	2.730	40700	/16842762//6328591/2325410/2.68/2.7//2008-9-18 10:6:43
9/600010/包钢股份/2.670	71900	2.660	263800	2.650	120200	2.640	12700	2.630	24900	2.680	100	2.690	33600	2.700	139600	2.710	40949	2.720	151000	/16842762//6499118/2389010/2.68/2.7//2008-9-18 10:7:44
9/600010/包钢股份/2.690	124100	2.680	57700	2.670	88400	2.660	55600	2.650	122500	2.700	118300	2.710	40949	2.720	121600	2.730	40200	2.740	37800	/16842762//6876764/2529310/2.69/2.7//2008-9-18 10:8:44
9/600010/包钢股份/2.690	82400	2.680	24600	2.670	83400	2.660	51400	2.650	130700	2.700	81800	2.710	44649	2.720	126600	2.730	40200	2.740	37800	/16842762//7061548/2597910/2.7/2.7//2008-9-18 10:9:44
9/600010/包钢股份/2.690	59400	2.680	21300	2.670	85400	2.660	51100	2.650	132800	2.700	42800	2.710	49649	2.720	111900	2.730	39700	2.740	41800	/16842762//7264092/2673010/2.7/2.7//2008-9-18 10:10:44
9/600010/包钢股份/2.690	28400	2.680	58300	2.670	58000	2.660	55800	2.650	137500	2.700	75200	2.710	59149	2.720	112900	2.730	40200	2.740	42900	/16842762//7438999/2738010/2.7/2.7//2008-9-18 10:11:45
9/600010/包钢股份/2.690	32200	2.680	60300	2.670	58000	2.660	58700	2.650	138100	2.700	66200	2.710	44749	2.720	114900	2.730	40200	2.740	42900	/16842762//7474883/2751310/2.7/2.7//2008-9-18 10:12:45
9/600010/包钢股份/2.700	18800	2.690	131900	2.680	25900	2.670	68000	2.660	58700	2.710	45149	2.720	115100	2.730	40200	2.740	52900	2.750	200198	/16842762//7712179/2839210/2.7/2.7//2008-9-18 10:13:45
9/600010/包钢股份/2.700	18700	2.690	132600	2.680	26900	2.670	68500	2.660	63300	2.710	42949	2.720	113200	2.730	40200	2.740	55000	2.750	216598	/16842762//7743232/2850710/2.7/2.7//2008-9-18 10:14:46
9/600010/包钢股份/2.700	63591	2.690	129800	2.680	27100	2.670	69300	2.660	63300	2.710	26849	2.720	120000	2.730	38700	2.740	60000	2.750	218198	/16842762//7845017/2888319/2.71/2.7//2008-9-18 10:15:46
9/600010/包钢股份/2.700	57000	2.690	128000	2.680	24200	2.670	69500	2.660	63900	2.710	23149	2.720	120200	2.730	34700	2.740	50200	2.750	219198	/16842762//7900487/2908819/2.7/2.7//2008-9-18 10:16:46
9/600010/包钢股份/2.700	58800	2.690	132100	2.680	25300	2.670	69800	2.660	64000	2.710	15549	2.720	122600	2.730	34700	2.740	50200	2.750	220998	/16842762//7920255/2916119/2.71/2.7//2008-9-18 10:17:47
9/600010/包钢股份/2.700	62730	2.690	32400	2.680	25300	2.670	72800	2.660	64100	2.710	6849	2.720	122600	2.730	33900	2.740	50700	2.750	221198	/16842762//7955116/2928989/2.71/2.7//2008-9-18 10:18:47
9/600010/包钢股份/2.700	87130	2.690	31600	2.680	26000	2.670	73400	2.660	65700	2.710	6700	2.720	106049	2.730	31300	2.740	50700	2.750	221698	/16842762//8125738/2992089/2.71/2.7//2008-9-18 10:19:47
9/600010/包钢股份/2.700	95530	2.690	31600	2.680	26600	2.670	70400	2.660	65800	2.710	100	2.720	64549	2.730	31300	2.740	55200	2.750	221698	/16842762//8282399/3049789/2.7/2.7//2008-9-18 10:20:48
9/600010/包钢股份/2.700	100630	2.690	32300	2.680	26100	2.670	70900	2.660	67900	2.710	2300	2.720	60149	2.730	32400	2.740	51200	2.750	229298	/16842762//8450234/3111789/2.7/2.7//2008-9-18 10:21:48
9/600010/包钢股份/2.700	127330	2.690	33500	2.680	28100	2.670	73200	2.660	69000	2.710	68500	2.720	59749	2.730	32400	2.740	51200	2.750	231798	/16842762//8541000/3145389/2.7/2.7//2008-9-18 10:22:48
9/600010/包钢股份/2.700	97630	2.690	33500	2.680	31000	2.670	73200	2.660	68000	2.710	75000	2.720	60249	2.730	31400	2.740	47900	2.750	225398	/16842762//8647197/3184689/2.7/2.7//2008-9-18 10:23:48
9/600010/包钢股份/2.700	144200	2.690	35500	2.680	30900	2.670	73200	2.660	70000	2.710	44700	2.720	72549	2.730	34100	2.740	47900	2.750	225398	/16842762//8740985/3219319/2.7/2.7//2008-9-18 10:24:49
9/600010/包钢股份/2.700	138300	2.690	41200	2.680	34000	2.670	74200	2.660	71200	2.710	70199	2.720	74049	2.730	34100	2.740	49300	2.750	245198	/16842762//8784555/3235419/2.71/2.7//2008-9-18 10:25:49
9/600010/包钢股份/2.700	149700	2.690	41800	2.680	42100	2.670	74200	2.660	71200	2.710	67099	2.720	74049	2.730	37200	2.740	49300	2.750	246798	/16842762//8814557/3246519/2.7/2.7//2008-9-18 10:26:49
9/600010/包钢股份/2.700	92200	2.690	41300	2.680	42400	2.670	72100	2.660	71200	2.710	73099	2.720	66549	2.730	37800	2.740	66200	2.750	246798	/16842762//8956580/3299119/2.7/2.7//2008-9-18 10:27:50
9/600010/包钢股份/2.700	400	2.690	91500	2.680	40700	2.670	74700	2.660	71200	2.710	69199	2.720	66749	2.730	37800	2.740	66200	2.750	254598	/16842762//9590798/3534019/2.7/2.7//2008-9-18 10:28:50
9/600010/包钢股份/2.700	4600	2.690	94000	2.680	40700	2.670	74700	2.660	71200	2.710	67099	2.720	66749	2.730	37800	2.740	71200	2.750	254598	/16842762//9607539/3540219/2.7/2.7//2008-9-18 10:29:50
9/600010/包钢股份/2.700	21600	2.690	94900	2.680	28100	2.670	74600	2.660	70700	2.710	67299	2.720	66749	2.730	37800	2.740	71200	2.750	252598	/16842762//9651009/3556319/2.7/2.7//2008-9-18 10:30:51
9/600010/包钢股份/2.700	1500	2.690	94100	2.680	30600	2.670	74700	2.660	70700	2.710	68599	2.720	66749	2.730	37800	2.740	71200	2.750	255598	/16842762//9725541/3583919/2.71/2.7//2008-9-18 10:31:51
9/600010/包钢股份/2.690	79000	2.680	31600	2.670	60000	2.660	70000	2.650	116600	2.700	4600	2.710	78199	2.720	65249	2.730	37800	2.740	73200	/16842762//9993561/3683219/2.7/2.7//2008-9-18 10:32:51
9/600010/包钢股份/2.700	11100	2.690	73900	2.680	42900	2.670	60000	2.660	70000	2.710	78199	2.720	65249	2.730	37800	2.740	72200	2.750	236598	/16842762//10176564/3751019/2.7/2.7//2008-9-18 10:33:52
9/600010/包钢股份/2.690	82900	2.680	35000	2.670	60000	2.660	70500	2.650	118200	2.700	18300	2.710	120199	2.720	67849	2.730	37800	2.740	72200	/16842762//10208158/3762719/2.7/2.7//2008-9-18 10:34:52
9/600010/包钢股份/2.690	22500	2.680	35300	2.670	60000	2.660	70500	2.650	118200	2.700	442120	2.710	121599	2.720	62249	2.730	37800	2.740	72500	/16842762//10433273/3846319/2.69/2.7//2008-9-18 10:35:52
9/600010/包钢股份/2.680	102800	2.670	59800	2.660	68600	2.650	125600	2.640	40700	2.690	4900	2.700	462020	2.710	85399	2.720	62249	2.730	37800	/16842762//10864426/4006719/2.68/2.7//2008-9-18 10:36:53
9/600010/包钢股份/2.690	201	2.680	100	2.670	106200	2.660	70500	2.650	127600	2.700	463520	2.710	85399	2.720	62249	2.730	37800	2.740	67900	/16842762//11337045/4183018/2.69/2.7//2008-9-18 10:37:53
9/600010/包钢股份/2.670	68301	2.660	72300	2.650	131600	2.640	40700	2.630	36800	2.680	8300	2.690	21400	2.700	465620	2.710	85999	2.720	63249	/16842762//11578652/4273118/2.67/2.7//2008-9-18 10:38:53
9/600010/包钢股份/2.680	44700	2.670	55091	2.660	72600	2.650	121900	2.640	41900	2.690	22300	2.700	475720	2.710	66299	2.720	64249	2.730	37800	/16842762//11686793/4313528/2.68/2.7//2008-9-18 10:39:54
9/600010/包钢股份/2.680	45700	2.670	56591	2.660	80900	2.650	123100	2.640	41900	2.690	15100	2.700	65500	2.710	66299	2.720	65749	2.730	38800	/16842762//11836323/4369128/2.69/2.7//2008-9-18 10:40:54
9/600010/包钢股份/2.690	7300	2.680	44700	2.670	97591	2.660	101400	2.650	126300	2.700	82400	2.710	66299	2.720	65949	2.730	38800	2.740	69000	/16842762//11954009/4412928/2.69/2.7//2008-9-18 10:41:54
9/600010/包钢股份/2.680	61300	2.670	97991	2.660	103400	2.650	126300	2.640	44500	2.690	100	2.700	9200	2.710	66299	2.720	66149	2.730	38800	/16842762//12294655/4539328/2.68/2.7//2008-9-18 10:42:55
9/600010/包钢股份/2.680	6080	2.670	97691	2.660	117100	2.650	125300	2.640	44500	2.690	2500	2.700	43100	2.710	66299	2.720	66249	2.730	38800	/16842762//13535159/5001848/2.69/2.7//2008-9-18 10:43:55
9/600010/包钢股份/2.670	89091	2.660	119100	2.650	125300	2.640	44000	2.630	41400	2.680	2820	2.690	1300	2.700	81199	2.710	66299	2.720	69449	/16842762//13651421/5045228/2.68/2.7//2008-9-18 10:44:56
9/600010/包钢股份/2.670	78971	2.660	120100	2.650	129100	2.640	44000	2.630	41400	2.690	31800	2.700	109999	2.710	66299	2.720	73149	2.730	38800	/16842762//13695318/5061648/2.67/2.7//2008-9-18 10:45:56
9/600010/包钢股份/2.670	111171	2.660	118800	2.650	127000	2.640	44500	2.630	41400	2.680	3600	2.690	39199	2.700	83700	2.710	66299	2.720	72649	/16842762//13783460/5094648/2.67/2.7//2008-9-18 10:46:56
9/600010/包钢股份/2.660	120800	2.650	125300	2.640	44600	2.630	41900	2.620	24600	2.670	4829	2.680	9000	2.690	30199	2.700	83200	2.710	67299	/16842762//13852289/5120419/2.67/2.7//2008-9-18 10:47:57
9/600010/包钢股份/2.660	88100	2.650	165300	2.640	46200	2.630	41900	2.620	27800	2.670	10229	2.680	45400	2.690	30199	2.700	82700	2.710	57199	/16842762//13891459/5135119/2.66/2.7//2008-9-18 10:48:57
9/600010/包钢股份/2.650	148100	2.640	44300	2.630	41900	2.620	27800	2.610	86800	2.660	16900	2.670	12129	2.680	48700	2.690	31099	2.700	82000	/16842762//14196412/5249819/2.65/2.7//2008-9-18 10:49:57
9/600010/包钢股份/2.640	16600	2.630	27200	2.620	30000	2.610	87500	2.600	284900	2.650	52886	2.660	40200	2.670	18129	2.680	21900	2.690	31099	/16842762//14698596/5439233/2.65/2.7//2008-9-18 10:50:58
9/600010/包钢股份/2.640	11400	2.630	46700	2.620	30500	2.610	88800	2.600	287000	2.650	70986	2.660	46200	2.670	13029	2.680	21900	2.690	31099	/16842762//14868868/5503519/2.64/2.7//2008-9-18 10:51:58
9/600010/包钢股份/2.620	300	2.610	81400	2.600	301600	2.590	5000	2.580	44100	2.640	17300	2.650	41786	2.660	45500	2.670	12929	2.680	21800	/16842762//15147779/5609619/2.64/2.7//2008-9-18 10:52:58
9/600010/包钢股份/2.610	93505	2.600	343600	2.590	5000	2.580	50500	2.570	3900	2.630	45100	2.640	42200	2.650	48186	2.660	14400	2.670	12929	/16842762//15227955/5640314/2.61/2.7//2008-9-18 10:53:59
9/600010/包钢股份/2.620	6100	2.610	141805	2.600	339100	2.590	6000	2.580	52400	2.630	52300	2.640	32800	2.650	46986	2.660	14400	2.670	12429	/16842762//15281547/5660814/2.62/2.7//2008-9-18 10:54:59
9/600010/包钢股份/2.620	7300	2.610	146405	2.600	350700	2.590	6000	2.580	54700	2.630	51900	2.640	26600	2.650	46586	2.660	14400	2.670	11529	/16842762//15313787/5673114/2.62/2.7//2008-9-18 10:56:0
9/600010/包钢股份/2.610	157505	2.600	356900	2.590	7200	2.580	63700	2.570	4100	2.620	18100	2.630	51300	2.640	26600	2.650	51586	2.660	14400	/16842762//15398186/5705314/2.62/2.7//2008-9-18 10:57:0
9/600010/包钢股份/2.610	142185	2.600	356000	2.590	7700	2.580	62700	2.570	5200	2.620	91600	2.630	51300	2.640	19600	2.650	51586	2.660	14400	/16842762//15454033/5726634/2.62/2.7//2008-9-18 10:58:0
9/600010/包钢股份/2.610	45185	2.600	340500	2.590	7700	2.580	63200	2.570	5800	2.620	82100	2.630	50900	2.640	18600	2.650	46286	2.660	12400	/16842762//15789866/5855234/2.61/2.7//2008-9-18 10:59:1
9/600010/包钢股份/2.600	340000	2.590	7700	2.580	63300	2.570	6200	2.560	25800	2.610	21700	2.620	105777	2.630	51900	2.640	21400	2.650	45286	/16842762//15934688/5910719/2.61/2.7//2008-9-18 11:0:1
9/600010/包钢股份/2.600	369500	2.590	7700	2.580	61800	2.570	6100	2.560	25800	2.610	64723	2.620	114677	2.630	51900	2.640	21200	2.650	45086	/16842762//16089146/5969919/2.61/2.7//2008-9-18 11:1:2
9/600010/包钢股份/2.600	288300	2.590	7700	2.580	64800	2.570	6100	2.560	25800	2.610	149323	2.620	116377	2.630	52900	2.640	21200	2.650	45086	/16842762//16286006/6045619/2.61/2.7//2008-9-18 11:2:2
9/600010/包钢股份/2.590	7700	2.580	62200	2.570	7500	2.560	36000	2.550	51000	2.600	18999	2.610	174323	2.620	121527	2.630	14500	2.640	11200	/16842762//17057722/6342419/2.6/2.7//2008-9-18 11:3:2
9/600010/包钢股份/2.580	48400	2.570	7200	2.560	37400	2.550	52200	2.540	5000	2.590	5100	2.600	92366	2.610	162573	2.620	100727	2.630	11500	/16842762//17168364/6385119/2.59/2.7//2008-9-18 11:4:3
9/600010/包钢股份/2.590	130600	2.580	20900	2.570	10300	2.560	37500	2.550	60300	2.600	98104	2.610	147673	2.620	95727	2.630	9900	2.640	11200	/16842762//17387046/6469619/2.59/2.7//2008-9-18 11:5:3
9/600010/包钢股份/2.600	100	2.590	147296	2.580	39900	2.570	13100	2.560	41700	2.610	100473	2.620	92927	2.630	9400	2.640	9900	2.650	50386	/16842762//17742828/6606523/2.59/2.7//2008-9-18 11:6:4
9/600010/包钢股份/2.600	5400	2.590	129796	2.580	42600	2.570	13100	2.560	41700	2.610	94573	2.620	92727	2.630	9400	2.640	9900	2.650	45586	/16842762//17827238/6638923/2.6/2.7//2008-9-18 11:7:4
9/600010/包钢股份/2.600	62700	2.590	141996	2.580	40600	2.570	13300	2.560	42800	2.610	1173	2.620	96827	2.630	9400	2.640	9900	2.650	45486	/16842762//18161036/6766923/2.61/2.7//2008-9-18 11:8:4
9/600010/包钢股份/2.630	33300	2.620	23673	2.610	59527	2.600	78000	2.590	142096	2.640	400	2.650	4386	2.660	14900	2.670	9329	2.680	11600	/16842762//18643988/6950523/2.63/2.7//2008-9-18 11:9:5
9/600010/包钢股份/2.640	1200	2.630	41800	2.620	23673	2.610	57727	2.600	84800	2.650	16286	2.660	19900	2.670	9329	2.680	11600	2.690	15000	/16842762//18782226/7002723/2.65/2.7//2008-9-18 11:10:5
9/600010/包钢股份/2.650	7600	2.640	26475	2.630	36200	2.620	22673	2.610	57727	2.660	21900	2.670	9929	2.680	13100	2.690	17000	2.700	95300	/16842762//18966824/7072448/2.65/2.7//2008-9-18 11:11:6
9/600010/包钢股份/2.630	26700	2.620	22673	2.610	57627	2.600	96900	2.590	87100	2.640	10800	2.650	4629	2.660	23400	2.670	23529	2.680	12400	/16842762//20154352/7520823/2.63/2.7//2008-9-18 11:12:6
9/600010/包钢股份/2.640	2800	2.630	24300	2.620	23073	2.610	84227	2.600	209600	2.650	6879	2.660	24400	2.670	19529	2.680	15600	2.690	40500	/16842762//20419924/7621223/2.64/2.7//2008-9-18 11:13:7
9/600010/包钢股份/2.640	45250	2.630	23900	2.620	25073	2.610	85027	2.600	214100	2.650	12179	2.660	38100	2.670	19615	2.680	16100	2.690	40400	/16842762//20577600/7680773/2.65/2.7//2008-9-18 11:14:7
9/600010/包钢股份/2.640	45850	2.630	24400	2.620	25073	2.610	85027	2.600	239200	2.650	79	2.660	47500	2.670	19615	2.680	18800	2.690	39600	/16842762//20728352/7737673/2.65/2.7//2008-9-18 11:15:7
9/600010/包钢股份/2.650	43000	2.640	57271	2.630	24800	2.620	25073	2.610	87427	2.660	52700	2.670	18415	2.680	19800	2.690	39600	2.700	97600	/16842762//20883996/7796552/2.65/2.7//2008-9-18 11:16:8
9/600010/包钢股份/2.650	23300	2.640	57271	2.630	25300	2.620	25273	2.610	87427	2.660	57500	2.670	12815	2.680	19800	2.690	39600	2.700	96400	/16842762//20933022/7815052/2.65/2.7//2008-9-18 11:17:8
9/600010/包钢股份/2.640	57771	2.630	26500	2.620	25373	2.610	87427	2.600	245000	2.650	42400	2.660	76900	2.670	12815	2.680	19800	2.690	40800	/16842762//20997152/7839252/2.65/2.7//2008-9-18 11:18:9
9/600010/包钢股份/2.640	57871	2.630	26500	2.620	25673	2.610	86627	2.600	250900	2.650	7000	2.660	75700	2.670	12815	2.680	19800	2.690	42800	/16842762//21167012/7903352/2.65/2.7//2008-9-18 11:19:9
9/600010/包钢股份/2.650	100	2.640	10171	2.630	24500	2.620	25073	2.610	86627	2.660	77700	2.670	12815	2.680	19800	2.690	43800	2.700	98400	/16842762//21438114/8005852/2.64/2.7//2008-9-18 11:20:10
9/600010/包钢股份/2.640	36671	2.630	71900	2.620	26273	2.610	86927	2.600	251500	2.650	15200	2.660	79500	2.670	12815	2.680	20800	2.690	43800	/16842762//21525262/8038852/2.65/2.7//2008-9-18 11:21:10
9/600010/包钢股份/2.650	10000	2.640	35771	2.630	71900	2.620	26273	2.610	86927	2.660	79200	2.670	12815	2.680	19600	2.690	43800	2.700	100600	/16842762//21653780/8087352/2.66/2.7//2008-9-18 11:22:10
9/600010/包钢股份/2.640	71971	2.630	71900	2.620	26273	2.610	86927	2.600	255400	2.650	51700	2.660	83100	2.670	12815	2.680	20000	2.690	89500	/16842762//21739768/8119852/2.64/2.7//2008-9-18 11:23:11
9/600010/包钢股份/2.630	50271	2.620	26273	2.610	88727	2.600	255200	2.590	69100	2.640	5700	2.650	37300	2.660	83386	2.670	12829	2.680	25000	/16842762//22131058/8267952/2.64/2.7//2008-9-18 11:24:11
9/600010/包钢股份/2.640	53100	2.630	48271	2.620	76473	2.610	88227	2.600	249800	2.650	6600	2.660	71586	2.670	12829	2.680	25500	2.690	89500	/16842762//22300442/8331952/2.65/2.7//2008-9-18 11:25:12
9/600010/包钢股份/2.640	51900	2.630	48471	2.620	76473	2.610	89227	2.600	249500	2.650	1500	2.660	73586	2.670	12829	2.680	38100	2.690	92500	/16842762//22459696/8392052/2.65/2.7//2008-9-18 11:26:12
9/600010/包钢股份/2.630	47671	2.620	76273	2.610	89227	2.600	249400	2.590	71100	2.650	25600	2.660	78686	2.670	12829	2.680	38100	2.690	93500	/16842762//22774452/8511052/2.63/2.7//2008-9-18 11:27:13
9/600010/包钢股份/2.630	72471	2.620	76273	2.610	89227	2.600	254400	2.590	70800	2.640	1000	2.650	14800	2.660	76386	2.670	12829	2.680	38700	/16842762//23147754/8652352/2.64/2.7//2008-9-18 11:28:13
9/600010/包钢股份/2.640	37100	2.630	58671	2.620	76273	2.610	89227	2.600	256100	2.660	69886	2.670	12829	2.680	39400	2.690	92500	2.700	103700	/16842762//23370072/8736452/2.64/2.7//2008-9-18 11:29:14
9/600010/包钢股份/2.640	17400	2.630	58771	2.620	76773	2.610	91227	2.600	262400	2.650	22400	2.660	74886	2.670	13129	2.680	39400	2.690	46800	/16842762//23640144/8838752/2.64/2.7//2008-9-18 11:30:14
9/600010/包钢股份/2.640	17400	2.630	58771	2.620	76773	2.610	91227	2.600	262400	2.650	22400	2.660	74886	2.670	13129	2.680	39400	2.690	46800	/16842762//23640144/8838752/2.64/2.7//2008-9-18 11:31:15
9/600010/包钢股份/2.620	57968	2.610	124027	2.600	282900	2.590	73400	2.580	87900	2.630	1020	2.640	86839	2.650	47600	2.660	93346	2.670	17929	/16842762//24310598/9092928/2.62/2.7//2008-9-18 13:1:15
9/600010/包钢股份/2.610	124227	2.600	283100	2.590	73400	2.580	87800	2.570	13100	2.620	51032	2.630	31020	2.640	86139	2.650	69600	2.660	95346	/16842762//24467202/9152696/2.61/2.7//2008-9-18 13:2:16
9/600010/包钢股份/2.610	96027	2.600	285000	2.590	73400	2.580	77700	2.570	13200	2.620	42432	2.630	33620	2.640	75139	2.650	72700	2.660	93346	/16842762//24587878/9198896/2.61/2.7//2008-9-18 13:3:16
9/600010/包钢股份/2.600	284200	2.590	72400	2.580	77900	2.570	13200	2.560	49300	2.610	39073	2.620	21832	2.630	33300	2.640	72439	2.650	72700	/16842762//24865232/9305123/2.61/2.7//2008-9-18 13:4:17
9/600010/包钢股份/2.600	227900	2.590	73400	2.580	77900	2.570	13200	2.560	49300	2.610	32993	2.620	32632	2.630	33300	2.640	69739	2.650	90200	/16842762//24980028/9349223/2.6/2.7//2008-9-18 13:5:17
9/600010/包钢股份/2.610	9300	2.600	146108	2.590	74000	2.580	77700	2.570	23200	2.620	31632	2.630	34700	2.640	77139	2.650	95200	2.660	97246	/16842762//25316382/9478415/2.61/2.7//2008-9-18 13:6:18
9/600010/包钢股份/2.610	103300	2.600	172308	2.590	76100	2.580	89100	2.570	26700	2.620	32132	2.630	37000	2.640	76149	2.650	95200	2.660	93346	/16842762//25375596/9501115/2.6/2.7//2008-9-18 13:7:18
9/600010/包钢股份/2.610	91250	2.600	175108	2.590	76200	2.580	90400	2.570	27700	2.620	32132	2.630	37000	2.640	81211	2.650	99600	2.660	93346	/16842762//25477812/9540265/2.61/2.7//2008-9-18 13:8:19
9/600010/包钢股份/2.610	80050	2.600	201008	2.590	76200	2.580	115200	2.570	28700	2.620	35632	2.630	58551	2.640	81211	2.650	98700	2.660	93346	/16842762//25518018/9555665/2.62/2.7//2008-9-18 13:9:19
9/600010/包钢股份/2.610	950	2.600	210508	2.590	85300	2.580	114700	2.570	28700	2.620	33832	2.630	30351	2.640	81211	2.650	97200	2.660	93346	/16842762//25785076/9657965/2.61/2.7//2008-9-18 13:10:20
9/600010/包钢股份/2.600	208508	2.590	85300	2.580	115200	2.570	29200	2.560	51400	2.610	13900	2.620	31682	2.630	28951	2.640	79211	2.650	98400	/16842762//25801634/9664315/2.61/2.7//2008-9-18 13:11:20
9/600010/包钢股份/2.590	85300	2.580	118200	2.570	29200	2.560	51900	2.550	158600	2.600	231492	2.610	23900	2.620	39182	2.630	34151	2.640	73211	/16842762//26398614/9893923/2.6/2.7//2008-9-18 13:12:21
9/600010/包钢股份/2.590	61900	2.580	107500	2.570	28700	2.560	51900	2.550	158800	2.600	334075	2.610	21420	2.620	37282	2.630	33551	2.640	71311	/16842762//26492530/9930123/2.6/2.7//2008-9-18 13:13:21
9/600010/包钢股份/2.590	44700	2.580	108500	2.570	28800	2.560	52400	2.550	193300	2.600	338475	2.610	22520	2.620	37682	2.630	33551	2.640	71311	/16842762//26579130/9963523/2.6/2.7//2008-9-18 13:14:22
9/600010/包钢股份/2.590	13400	2.580	116400	2.570	28800	2.560	54900	2.550	193400	2.600	276175	2.610	21420	2.620	54682	2.630	33551	2.640	70811	/16842762//26749364/10029123/2.59/2.7//2008-9-18 13:15:22
9/600010/包钢股份/2.580	115900	2.570	32800	2.560	49900	2.550	195400	2.540	41400	2.590	18700	2.600	281875	2.610	14920	2.620	53482	2.630	32551	/16842762//26876774/10078323/2.59/2.7//2008-9-18 13:16:23
9/600010/包钢股份/2.590	82500	2.580	123800	2.570	32800	2.560	51300	2.550	196200	2.600	282575	2.610	14920	2.620	57082	2.630	32551	2.640	77611	/16842762//26972292/10115223/2.59/2.7//2008-9-18 13:17:23
9/600010/包钢股份/2.590	28900	2.580	125700	2.570	32800	2.560	50500	2.550	197100	2.600	214275	2.610	14320	2.620	57082	2.630	33051	2.640	77511	/16842762//27347920/10259923/2.6/2.7//2008-9-18 13:18:24
9/600010/包钢股份/2.590	38800	2.580	128900	2.570	30200	2.560	50700	2.550	196600	2.600	230575	2.610	16320	2.620	57082	2.630	33051	2.640	77511	/16842762//27398746/10279523/2.59/2.7//2008-9-18 13:19:24
9/600010/包钢股份/2.580	132500	2.570	32100	2.560	61200	2.550	200100	2.540	43600	2.600	203075	2.610	16320	2.620	59982	2.630	31851	2.640	78511	/16842762//27671402/10384623/2.6/2.7//2008-9-18 13:20:25
9/600010/包钢股份/2.590	30500	2.580	137700	2.570	32100	2.560	61200	2.550	200100	2.600	193875	2.610	16320	2.620	49982	2.630	31851	2.640	78511	/16842762//27706740/10398223/2.6/2.7//2008-9-18 13:21:25
9/600010/包钢股份/2.590	50950	2.580	139000	2.570	32100	2.560	61400	2.550	201600	2.600	154676	2.610	16320	2.620	49982	2.630	31851	2.640	78511	/16842762//27861918/10457973/2.59/2.7//2008-9-18 13:22:26
9/600010/包钢股份/2.610	112780	2.600	41000	2.590	59050	2.580	137200	2.570	32100	2.620	44082	2.630	32051	2.640	76511	2.650	70100	2.660	139506	/16842762//28344702/10643569/2.62/2.7//2008-9-18 13:23:26
9/600010/包钢股份/2.620	15118	2.610	47180	2.600	38300	2.590	58950	2.580	142000	2.630	32251	2.640	77711	2.650	74800	2.660	139206	2.670	17329	/16842762//28563640/10727251/2.63/2.7//2008-9-18 13:24:27
9/600010/包钢股份/2.650	10489	2.630	13249	2.620	32818	2.610	38880	2.600	50000	2.660	91546	2.670	63629	2.680	44000	2.690	73500	2.700	164423	/16842762//29065792/10917313/2.65/2.7//2008-9-18 13:25:27
9/600010/包钢股份/2.650	289	2.640	6000	2.630	17249	2.620	34218	2.610	41880	2.660	31846	2.670	17929	2.680	47020	2.690	72500	2.700	165023	/16842762//29260402/10990513/2.66/2.7//2008-9-18 13:26:28
9/600010/包钢股份/2.630	16849	2.620	34218	2.610	42080	2.600	45500	2.590	36150	2.640	161400	2.650	83911	2.660	22846	2.670	18129	2.680	45820	/16842762//29318616/11012502/2.64/2.7//2008-9-18 13:27:28
9/600010/包钢股份/2.640	43689	2.630	6049	2.620	84818	2.610	40680	2.600	46800	2.660	30646	2.670	16729	2.680	38420	2.690	130000	2.700	165623	/16842762//30185422/11340413/2.64/2.7//2008-9-18 13:28:29
9/600010/包钢股份/2.640	38389	2.630	66449	2.620	85118	2.610	40880	2.600	55600	2.650	15800	2.660	21846	2.670	22729	2.680	54820	2.690	131000	/16842762//30304760/11385413/2.65/2.7//2008-9-18 13:29:29
9/600010/包钢股份/2.650	55100	2.640	90589	2.630	66449	2.620	85318	2.610	40780	2.660	13646	2.670	22929	2.680	51320	2.690	87200	2.700	175023	/16842762//30429180/11432313/2.65/2.7//2008-9-18 13:30:30
9/600010/包钢股份/2.650	46999	2.640	90689	2.630	61649	2.620	85318	2.610	40880	2.660	76446	2.670	22929	2.680	56520	2.690	187700	2.700	175023	/16842762//30581766/11489714/2.66/2.7//2008-9-18 13:31:30
9/600010/包钢股份/2.660	1900	2.650	52099	2.640	98089	2.630	61849	2.620	85418	2.670	19975	2.680	55420	2.690	188900	2.700	182513	2.710	43699	/16842762//30853342/11591814/2.67/2.7//2008-9-18 13:32:31
9/600010/包钢股份/2.670	13000	2.660	13300	2.650	45199	2.640	97789	2.630	61849	2.680	29375	2.690	188300	2.700	160990	2.710	44899	2.720	53500	/16842762//30973158/11636614/2.67/2.7//2008-9-18 13:33:31
9/600010/包钢股份/2.670	5200	2.660	10200	2.650	44499	2.640	97789	2.630	61849	2.680	13275	2.690	159000	2.700	157390	2.710	43899	2.720	254100	/16842762//31152654/11703614/2.68/2.7//2008-9-18 13:34:32
9/600010/包钢股份/2.670	9200	2.660	6000	2.650	38999	2.640	93689	2.630	61849	2.690	27775	2.700	147400	2.710	46099	2.720	244500	2.730	13000	/16842762//31275856/11749514/2.69/2.7//2008-9-18 13:35:32
9/600010/包钢股份/2.660	6000	2.650	42899	2.640	88589	2.630	61849	2.620	82118	2.670	2400	2.680	73100	2.690	27575	2.700	106900	2.710	43900	/16842762//31451442/11815014/2.67/2.7//2008-9-18 13:36:33
9/600010/包钢股份/2.670	200	2.650	91099	2.640	88589	2.630	61849	2.620	82118	2.680	61300	2.690	52075	2.700	110200	2.710	41500	2.720	44600	/16842762//31541530/11848814/2.68/2.7//2008-9-18 13:37:34
9/600010/包钢股份/2.670	7501	2.660	51300	2.650	105099	2.640	88689	2.630	61849	2.680	67000	2.690	74575	2.700	110600	2.710	41200	2.720	45000	/16842762//31573610/11860813/2.67/2.7//2008-9-18 13:38:34
9/600010/包钢股份/2.670	1900	2.660	54100	2.650	106799	2.640	88689	2.630	105749	2.680	66399	2.690	78175	2.700	118000	2.710	43700	2.720	45100	/16842762//31621956/11878914/2.68/2.7//2008-9-18 13:39:35
9/600010/包钢股份/2.660	65100	2.650	109399	2.640	88689	2.630	106149	2.620	84618	2.670	65300	2.680	19000	2.690	57875	2.700	119600	2.710	43200	/16842762//31741078/11923514/2.67/2.7//2008-9-18 13:40:35
9/600010/包钢股份/2.660	68400	2.650	109499	2.640	90689	2.630	106149	2.620	84518	2.670	35600	2.680	14000	2.690	51275	2.700	117600	2.710	43200	/16842762//31842504/11961514/2.67/2.7//2008-9-18 13:41:36
9/600010/包钢股份/2.670	33300	2.660	77400	2.650	109599	2.640	90689	2.630	106149	2.680	10800	2.690	54675	2.700	116900	2.710	43200	2.720	47500	/16842762//31948244/12001114/2.68/2.7//2008-9-18 13:42:36
9/600010/包钢股份/2.680	7600	2.670	7400	2.660	73100	2.650	111299	2.640	91589	2.690	41975	2.700	116100	2.710	43200	2.720	133600	2.730	14400	/16842762//32016432/12026514/2.69/2.7//2008-9-18 13:43:37
9/600010/包钢股份/2.690	5000	2.680	22600	2.670	8600	2.660	80300	2.650	110699	2.700	124074	2.710	46300	2.720	134000	2.730	13400	2.740	81300	/16842762//32236756/12108314/2.7/2.7//2008-9-18 13:44:37
9/600010/包钢股份/2.690	19300	2.680	23500	2.670	8800	2.660	81300	2.650	114399	2.700	91874	2.710	46300	2.720	134000	2.730	12100	2.740	81300	/16842762//32361970/12154714/2.7/2.7//2008-9-18 13:45:38
9/600010/包钢股份/2.680	1600	2.670	19800	2.660	82400	2.650	118499	2.640	91989	2.700	68874	2.710	47500	2.720	131000	2.730	12100	2.740	81300	/16842762//32594552/12241114/2.68/2.7//2008-9-18 13:46:39
9/600010/包钢股份/2.680	3300	2.670	11500	2.660	88600	2.650	114099	2.640	91989	2.700	42374	2.710	47500	2.720	131000	2.730	12600	2.740	81300	/16842762//32816136/12323614/2.7/2.7//2008-9-18 13:47:39
9/600010/包钢股份/2.690	5000	2.680	11000	2.670	15200	2.660	112700	2.650	131799	2.700	39074	2.710	147800	2.720	131500	2.730	11600	2.740	81300	/16842762//32857360/12338914/2.7/2.7//2008-9-18 13:48:40
9/600010/包钢股份/2.690	1800	2.680	13500	2.670	16500	2.660	114200	2.650	132299	2.700	29274	2.710	148400	2.720	132000	2.730	15700	2.740	81300	/16842762//33081870/12422414/2.7/2.7//2008-9-18 13:49:40
9/600010/包钢股份/2.680	11500	2.670	10400	2.660	117200	2.650	133899	2.640	91989	2.690	10000	2.700	74874	2.710	129400	2.720	131300	2.730	15700	/16842762//33140066/12444114/2.7/2.7//2008-9-18 13:50:41
9/600010/包钢股份/2.680	6100	2.670	5900	2.660	105200	2.650	125099	2.640	91989	2.690	18100	2.700	102474	2.710	130100	2.720	131300	2.730	15700	/16842762//33221290/12474414/2.69/2.7//2008-9-18 13:51:41
9/600010/包钢股份/2.670	8800	2.660	105200	2.650	129099	2.640	91989	2.630	107249	2.680	100	2.690	28900	2.700	103574	2.710	127300	2.720	132300	/16842762//33261270/12489314/2.68/2.7//2008-9-18 13:52:42
9/600010/包钢股份/2.670	3700	2.660	104000	2.650	127599	2.640	102289	2.630	107249	2.680	36820	2.690	34800	2.700	118470	2.710	126600	2.720	132300	/16842762//33283466/12497614/2.68/2.7//2008-9-18 13:53:42
9/600010/包钢股份/2.660	99100	2.650	122999	2.640	104289	2.630	107249	2.620	83518	2.670	1400	2.680	30019	2.690	34200	2.700	118270	2.710	126600	/16842762//33311802/12508214/2.67/2.7//2008-9-18 13:54:43
9/600010/包钢股份/2.660	92700	2.650	128799	2.640	106289	2.630	107249	2.620	83018	2.670	6900	2.680	30919	2.690	34200	2.700	118770	2.710	127200	/16842762//33345188/12520714/2.67/2.7//2008-9-18 13:55:44
9/600010/包钢股份/2.670	4000	2.660	86800	2.650	135199	2.640	106289	2.630	108649	2.680	32419	2.690	20600	2.700	128270	2.710	127200	2.720	133300	/16842762//33374518/12531714/2.67/2.7//2008-9-18 13:56:44
9/600010/包钢股份/2.670	1200	2.660	98800	2.650	135399	2.640	106289	2.630	108849	2.680	31020	2.690	25600	2.700	123470	2.710	127200	2.720	133300	/16842762//33388950/12537114/2.67/2.7//2008-9-18 13:57:45
9/600010/包钢股份/2.670	7600	2.660	115100	2.650	134999	2.640	106289	2.630	108849	2.680	30020	2.690	26100	2.700	106870	2.710	127200	2.720	132500	/16842762//33414292/12546614/2.67/2.7//2008-9-18 13:58:45
9/600010/包钢股份/2.670	11700	2.660	112500	2.650	136099	2.640	108789	2.630	109749	2.680	28820	2.690	25600	2.700	107570	2.710	131200	2.720	132500	/16842762//33438872/12555814/2.67/2.7//2008-9-18 13:59:46
9/600010/包钢股份/2.670	11900	2.660	24800	2.650	141599	2.640	110689	2.630	110749	2.680	28620	2.690	25600	2.700	107570	2.710	131200	2.720	133500	/16842762//33771748/12680814/2.67/2.7//2008-9-18 14:0:47
9/600010/包钢股份/2.660	22900	2.650	143099	2.640	113689	2.630	110549	2.620	85818	2.670	3100	2.680	19820	2.690	27900	2.700	112070	2.710	131200	/16842762//33890600/12725314/2.67/2.7//2008-9-18 14:1:47
9/600010/包钢股份/2.660	125900	2.650	144199	2.640	111189	2.630	111049	2.620	85518	2.670	3300	2.680	28320	2.690	27900	2.700	102070	2.710	131200	/16842762//33904980/12730714/2.67/2.7//2008-9-18 14:2:48
9/600010/包钢股份/2.670	800	2.660	140200	2.650	143699	2.640	109289	2.630	111049	2.680	31020	2.690	25600	2.700	101370	2.710	131200	2.720	134500	/16842762//33920456/12736514/2.67/2.7//2008-9-18 14:3:48
9/600010/包钢股份/2.670	2100	2.660	136100	2.650	145399	2.640	109289	2.630	114849	2.680	30220	2.690	26200	2.700	111670	2.710	131200	2.720	134500	/16842762//33950384/12747714/2.67/2.7//2008-9-18 14:4:49
9/600010/包钢股份/2.680	1100	2.670	27200	2.660	138800	2.650	148899	2.640	109189	2.690	3720	2.700	110270	2.710	32000	2.720	142800	2.730	18600	/16842762//34106084/12805714/2.69/2.7//2008-9-18 14:5:50
9/600010/包钢股份/2.690	200	2.680	2800	2.670	28200	2.660	137200	2.650	147999	2.700	78390	2.710	35900	2.720	135500	2.730	18600	2.740	82700	/16842762//34205616/12842614/2.68/2.7//2008-9-18 14:6:50
9/600010/包钢股份/2.690	700	2.680	28200	2.670	30100	2.660	146000	2.650	148299	2.700	26090	2.710	91900	2.720	139500	2.730	23700	2.740	82700	/16842762//34349248/12895814/2.7/2.7//2008-9-18 14:7:51
9/600010/包钢股份/2.690	2900	2.680	29300	2.670	27400	2.660	154100	2.650	148099	2.700	22690	2.710	83900	2.720	140500	2.730	23400	2.740	88700	/16842762//34395844/12913114/2.7/2.7//2008-9-18 14:8:51
9/600010/包钢股份/2.690	15200	2.680	181000	2.670	35700	2.660	157400	2.650	168999	2.700	28790	2.710	31500	2.720	142200	2.730	23400	2.740	88700	/16842762//34436032/12928014/2.7/2.7//2008-9-18 14:9:52
9/600010/包钢股份/2.690	127100	2.680	201800	2.670	35700	2.660	157800	2.650	168599	2.700	23690	2.710	31000	2.720	140900	2.730	23900	2.740	88800	/16842762//34532152/12963614/2.7/2.7//2008-9-18 14:10:53
9/600010/包钢股份/2.700	30860	2.690	624300	2.680	190600	2.670	935700	2.660	157800	2.710	97800	2.720	148900	2.730	23900	2.740	137800	2.750	210798	/16842762//34717748/13032254/2.71/2.7//2008-9-18 14:11:53
9/600010/包钢股份/2.710	84200	2.700	71660	2.690	628800	2.680	190200	2.670	935700	2.720	101400	2.730	24400	2.740	142300	2.750	211798	2.760	83000	/16842762//34847060/13079854/2.72/2.7//2008-9-18 14:12:54
9/600010/包钢股份/2.710	8400	2.700	79060	2.690	618200	2.680	192300	2.670	933200	2.720	77500	2.730	30799	2.740	143500	2.750	211798	2.760	74700	/16842762//34918280/13106054/2.72/2.7//2008-9-18 14:13:55
9/600010/包钢股份/2.710	57100	2.700	95460	2.690	624500	2.680	192300	2.670	935200	2.720	36400	2.730	25900	2.740	136500	2.750	217298	2.760	73700	/16842762//35108008/13175854/2.72/2.7//2008-9-18 14:14:55
9/600010/包钢股份/2.710	62100	2.700	88660	2.690	613400	2.680	201000	2.670	935300	2.720	38100	2.730	81300	2.740	138600	2.750	217798	2.760	73700	/16842762//35133032/13185054/2.72/2.7//2008-9-18 14:15:56
9/600010/包钢股份/2.710	59800	2.700	85960	2.690	613500	2.680	199500	2.670	936400	2.720	35000	2.730	85500	2.740	138600	2.750	217798	2.760	73700	/16842762//35165648/13197054/2.72/2.7//2008-9-18 14:16:56
9/600010/包钢股份/2.720	4000	2.710	42200	2.700	86360	2.690	615000	2.680	199500	2.730	56300	2.740	140400	2.750	218298	2.760	73700	2.770	23100	/16842762//35441280/13298354/2.72/2.7//2008-9-18 14:17:57
9/600010/包钢股份/2.720	9800	2.710	35600	2.700	87660	2.690	112300	2.680	49600	2.730	9300	2.740	139400	2.750	217098	2.760	73700	2.770	23900	/16842762//35628764/13367154/2.73/2.7//2008-9-18 14:18:58
9/600010/包钢股份/2.730	9600	2.720	28600	2.710	35300	2.700	84360	2.690	112400	2.740	56800	2.750	175998	2.760	26600	2.770	22700	2.780	150892	/16842762//35745940/13409954/2.74/2.7//2008-9-18 14:19:58
9/600010/包钢股份/2.740	127000	2.730	44200	2.720	15000	2.710	35200	2.700	104660	2.750	156898	2.760	25800	2.770	18100	2.780	152992	2.790	25500	/16842762//36032972/13514554/2.75/2.7//2008-9-18 14:20:59
9/600010/包钢股份/2.750	20102	2.740	109300	2.730	56000	2.720	14500	2.710	40000	2.760	18000	2.770	18400	2.780	152992	2.790	63200	2.800	352200	/16842762//36502196/13685252/2.75/2.7//2008-9-18 14:22:0
9/600010/包钢股份/2.760	39500	2.750	170302	2.740	119800	2.730	53300	2.720	14800	2.770	12500	2.780	141469	2.790	27100	2.800	354100	2.810	13200	/16842762//36684724/13751352/2.76/2.7//2008-9-18 14:23:0
9/600010/包钢股份/2.770	2100	2.760	11900	2.750	86900	2.740	118400	2.730	53300	2.780	137819	2.790	127900	2.800	359600	2.810	13700	2.820	10400	/16842762//36988472/13861252/2.77/2.7//2008-9-18 14:24:1
9/600010/包钢股份/2.760	32700	2.750	88400	2.740	117400	2.730	56200	2.720	14500	2.770	27600	2.780	138319	2.790	131800	2.800	364300	2.810	13700	/16842762//37259176/13958952/2.77/2.7//2008-9-18 14:25:2
9/600010/包钢股份/2.760	13600	2.750	98900	2.740	116400	2.730	56200	2.720	14500	2.770	54199	2.780	138819	2.790	132800	2.800	363300	2.810	18700	/16842762//37380620/14002852/2.76/2.7//2008-9-18 14:26:2
9/600010/包钢股份/2.750	88200	2.740	116600	2.730	52700	2.720	7100	2.710	41800	2.760	29300	2.770	46899	2.780	152919	2.790	144200	2.800	159900	/16842762//37503828/14047452/2.76/2.7//2008-9-18 14:27:3
9/600010/包钢股份/2.750	9000	2.740	114700	2.730	49800	2.720	7100	2.710	41800	2.760	34600	2.770	58580	2.780	162619	2.790	144200	2.800	160300	/16842762//37583304/14076352/2.75/2.7//2008-9-18 14:28:4
9/600010/包钢股份/2.740	99400	2.730	49700	2.720	9600	2.710	41800	2.700	49360	2.750	58600	2.760	44200	2.770	67780	2.780	166519	2.790	144400	/16842762//37691456/14115752/2.74/2.7//2008-9-18 14:29:4
9/600010/包钢股份/2.740	135800	2.730	51700	2.720	9400	2.710	37800	2.700	51460	2.750	32300	2.760	161400	2.770	64199	2.780	166319	2.790	143900	/16842762//37804916/14157052/2.75/2.7//2008-9-18 14:30:5
9/600010/包钢股份/2.740	106200	2.730	51700	2.720	11700	2.710	37800	2.700	49360	2.750	46371	2.760	176700	2.770	55299	2.780	166019	2.790	143900	/16842762//37928332/14202052/2.74/2.7//2008-9-18 14:31:6
9/600010/包钢股份/2.730	51700	2.720	11700	2.710	37500	2.700	51360	2.690	10800	2.750	43471	2.760	177700	2.770	53299	2.780	156869	2.790	144900	/16842762//38126004/14274152/2.74/2.7//2008-9-18 14:32:6
9/600010/包钢股份/2.730	49000	2.720	39400	2.710	40100	2.700	68460	2.690	10800	2.740	24350	2.750	52071	2.760	178500	2.770	49099	2.780	153969	/16842762//38316124/14343552/2.74/2.7//2008-9-18 14:33:7
9/600010/包钢股份/2.730	43700	2.720	37100	2.710	40100	2.700	68560	2.690	10900	2.740	3150	2.750	53371	2.760	177500	2.770	49299	2.780	162769	/16842762//38414656/14379552/2.74/2.7//2008-9-18 14:34:8
9/600010/包钢股份/2.740	75550	2.730	47200	2.720	17100	2.710	91000	2.700	69760	2.750	28771	2.760	150900	2.770	49299	2.780	162769	2.790	150900	/16842762//38515040/14416102/2.75/2.7//2008-9-18 14:35:8
9/600010/包钢股份/2.740	97950	2.730	74700	2.720	16300	2.710	90700	2.700	71460	2.750	25271	2.760	149500	2.770	54999	2.780	167269	2.790	150900	/16842762//38590156/14443502/2.74/2.7//2008-9-18 14:36:9
9/600010/包钢股份/2.740	51450	2.730	75200	2.720	16700	2.710	90700	2.700	77260	2.750	24821	2.760	149800	2.770	58199	2.780	167269	2.790	150900	/16842762//38732452/14495402/2.74/2.7//2008-9-18 14:37:10
9/600010/包钢股份/2.740	35550	2.730	72600	2.720	16700	2.710	88900	2.700	77360	2.750	23421	2.760	154800	2.770	42700	2.780	155169	2.790	156600	/16842762//38818596/14526802/2.75/2.7//2008-9-18 14:38:10
9/600010/包钢股份/2.730	5400	2.720	15800	2.710	88900	2.700	77360	2.690	11900	2.740	43049	2.750	71715	2.760	157400	2.770	42600	2.780	156669	/16842762//39074896/14620552/2.73/2.7//2008-9-18 14:39:11
9/600010/包钢股份/2.720	10700	2.710	86800	2.700	79360	2.690	16500	2.680	52100	2.730	5200	2.740	44249	2.750	112315	2.760	161700	2.770	42600	/16842762//39086804/14624952/2.72/2.7//2008-9-18 14:40:12
9/600010/包钢股份/2.710	77900	2.700	81160	2.690	17500	2.680	50200	2.670	32400	2.730	3300	2.740	42449	2.750	65121	2.760	157300	2.770	42700	/16842762//39217128/14672852/2.73/2.7//2008-9-18 14:41:12
9/600010/包钢股份/2.710	65300	2.700	81260	2.690	17500	2.680	50200	2.670	32400	2.720	500	2.730	4000	2.740	44349	2.750	75921	2.760	157100	/16842762//39309180/14706752/2.72/2.7//2008-9-18 14:42:13
9/600010/包钢股份/2.720	2300	2.710	92200	2.700	81960	2.690	19400	2.680	50900	2.730	2100	2.740	47849	2.750	75621	2.760	157100	2.770	47800	/16842762//39364712/14727152/2.72/2.7//2008-9-18 14:43:14
9/600010/包钢股份/2.720	10700	2.710	93400	2.700	91360	2.690	19900	2.680	52900	2.730	42700	2.740	59849	2.750	75571	2.760	157100	2.770	48800	/16842762//39437860/14754052/2.72/2.7//2008-9-18 14:44:14
9/600010/包钢股份/2.710	84300	2.700	88760	2.690	19900	2.680	54600	2.670	43300	2.720	3300	2.730	39800	2.740	58449	2.750	81671	2.760	157100	/16842762//39493280/14774452/2.72/2.7//2008-9-18 14:45:15
9/600010/包钢股份/2.720	4100	2.710	88000	2.700	94260	2.690	21900	2.680	49600	2.730	36621	2.740	53449	2.750	82171	2.760	157100	2.770	50000	/16842762//39639464/14828352/2.72/2.7//2008-9-18 14:46:16
9/600010/包钢股份/2.710	60000	2.700	94060	2.690	32000	2.680	49600	2.670	43900	2.720	34850	2.730	46521	2.740	54049	2.750	81571	2.760	157400	/16842762//39762124/14873552/2.71/2.7//2008-9-18 14:47:16
9/600010/包钢股份/2.710	47400	2.700	101560	2.690	32000	2.680	44600	2.670	44500	2.720	38550	2.730	68021	2.740	55549	2.750	81571	2.760	158400	/16842762//39809868/14891152/2.71/2.7//2008-9-18 14:48:17
9/600010/包钢股份/2.700	104760	2.690	32800	2.680	46600	2.670	44500	2.660	48600	2.720	34950	2.730	68421	2.740	58149	2.750	81571	2.760	158400	/16842762//39958732/14946052/2.71/2.7//2008-9-18 14:49:18
9/600010/包钢股份/2.690	27500	2.680	47600	2.670	44500	2.660	48600	2.650	59700	2.700	75940	2.710	3400	2.720	49550	2.730	68421	2.740	58049	/16842762//40323684/15081212/2.7/2.7//2008-9-18 14:50:18
9/600010/包钢股份/2.690	24700	2.680	46700	2.670	45000	2.660	47100	2.650	59800	2.700	69440	2.710	16400	2.720	50150	2.730	212421	2.740	58049	/16842762//40390004/15105812/2.7/2.7//2008-9-18 14:51:19
9/600010/包钢股份/2.700	36160	2.690	30200	2.680	50800	2.670	43600	2.660	46100	2.710	16400	2.720	49650	2.730	212421	2.740	58049	2.750	106471	/16842762//40606332/15185952/2.7/2.7//2008-9-18 14:52:20
9/600010/包钢股份/2.700	39660	2.690	34900	2.680	51900	2.670	43600	2.660	46100	2.710	8600	2.720	52250	2.730	220921	2.740	58649	2.750	106471	/16842762//40667504/15208552/2.71/2.7//2008-9-18 14:53:21
9/600010/包钢股份/2.700	24960	2.690	35800	2.680	52200	2.670	43600	2.660	47700	2.710	11700	2.720	51550	2.730	219021	2.740	58649	2.750	123471	/16842762//40710432/15224452/2.7/2.7//2008-9-18 14:54:21
9/600010/包钢股份/2.710	12000	2.700	52760	2.690	26800	2.680	85000	2.670	44100	2.720	100244	2.730	217521	2.740	57149	2.750	125471	2.760	152400	/16842762//40764888/15244552/2.71/2.7//2008-9-18 14:55:22
9/600010/包钢股份/2.700	72460	2.690	33800	2.680	84300	2.670	44100	2.660	46000	2.710	2700	2.720	84144	2.730	217521	2.740	56549	2.750	125471	/16842762//40859428/15279452/2.71/2.7//2008-9-18 14:56:23
9/600010/包钢股份/2.700	74460	2.690	37500	2.680	90300	2.670	44100	2.660	46000	2.710	6300	2.720	92644	2.730	212021	2.740	56549	2.750	125971	/16842762//40967544/15319352/2.71/2.7//2008-9-18 14:57:23
9/600010/包钢股份/2.710	13500	2.700	51560	2.690	38600	2.680	85300	2.670	44100	2.720	112944	2.730	213021	2.740	56549	2.750	135971	2.760	151400	/16842762//41147604/15385852/2.71/2.7//2008-9-18 14:58:24
9/600010/包钢股份/2.710	11100	2.700	69760	2.690	37200	2.680	65100	2.670	44100	2.720	112044	2.730	212621	2.740	57049	2.750	135971	2.760	151000	/16842762//41217268/15411552/2.71/2.7//2008-9-18 14:59:25
9/600010/包钢股份/2.700	58160	2.690	32000	2.680	65100	2.670	44100	2.660	46000	2.710	53900	2.720	75444	2.730	213621	2.740	90049	2.750	135971	/16842762//41383904/15472952/2.71/2.7//2008-9-18 15:0:26
9/600010/包钢股份/2.700	58160	2.690	32000	2.680	65100	2.670	44100	2.660	46000	2.710	53900	2.720	75444	2.730	213621	2.740	90049	2.750	135971	/16842762//41383904/15472952/2.71/2.7//2008-9-18 15:1:26
9/600010/包钢股份/2.700	58160	2.690	32000	2.680	65100	2.670	44100	2.660	46000	2.710	53900	2.720	75444	2.730	213621	2.740	90049	2.750	135971	/16842762//41383904/15472952/2.71/2.7//2008-9-18 15:2:27
