62/600099/林海股份/3.200	100	3.160	1000	3.140	200	3.120	3100	3.110	3200	3.240	4800	3.250	29400	3.280	900	3.360	1000	3.380	1500	/16842817//50440/15700/3.21/3.31//2008-9-18 9:31:34
62/600099/林海股份/3.170	1800	3.160	200	3.150	800	3.140	200	3.120	3100	3.200	300	3.240	4800	3.250	9400	3.280	900	3.360	1000	/16842817//53884/16800/3.2/3.31//2008-9-18 9:32:35
62/600099/林海股份/3.200	1000	3.180	4000	3.170	2800	3.160	200	3.150	800	3.230	900	3.240	6800	3.250	9400	3.280	900	3.350	20200	/16842817//54204/16900/3.2/3.31//2008-9-18 9:33:35
62/600099/林海股份/3.180	4000	3.170	2800	3.160	200	3.150	2400	3.140	200	3.200	600	3.230	900	3.240	6800	3.250	9400	3.280	900	/16842817//59964/18700/3.2/3.31//2008-9-18 9:34:35
62/600099/林海股份/3.200	900	3.190	600	3.180	2000	3.170	5800	3.160	900	3.230	900	3.240	6800	3.250	9400	3.280	900	3.290	8600	/16842817//60604/18900/3.2/3.31//2008-9-18 9:35:35
62/600099/林海股份/3.200	2000	3.190	600	3.180	2000	3.170	2800	3.160	900	3.220	10000	3.230	900	3.240	6800	3.250	9400	3.280	900	/16842817//66684/20800/3.2/3.31//2008-9-18 9:36:36
62/600099/林海股份/3.190	600	3.180	2000	3.170	2800	3.160	1900	3.150	2400	3.200	35900	3.220	10000	3.230	900	3.240	6800	3.250	8400	/16842817//92284/28800/3.2/3.31//2008-9-18 9:37:36
62/600099/林海股份/3.180	17500	3.150	2400	3.140	200	3.130	200	3.120	3100	3.190	5400	3.200	35500	3.220	10000	3.230	900	3.240	6800	/16842817//149801/46900/3.18/3.31//2008-9-18 9:38:36
62/600099/林海股份/3.160	2000	3.150	1700	3.140	1200	3.130	5200	3.120	3100	3.180	890	3.190	5400	3.200	35500	3.220	100	3.230	900	/16842817//207359/65000/3.18/3.31//2008-9-18 9:39:36
62/600099/林海股份/3.180	1810	3.160	1000	3.150	4700	3.140	1200	3.130	5200	3.190	400	3.200	36500	3.220	100	3.240	6800	3.250	8400	/16842817//225997/70880/3.18/3.31//2008-9-18 9:40:36
62/600099/林海股份/3.180	200	3.160	110	3.150	5200	3.140	1200	3.130	200	3.200	35500	3.220	6400	3.240	6800	3.250	8400	3.300	1000	/16842817//246706/77390/3.2/3.31//2008-9-18 9:41:37
62/600099/林海股份/3.190	2000	3.180	2200	3.160	2910	3.150	5200	3.140	1200	3.200	33500	3.220	100	3.240	6800	3.250	8400	3.260	1000	/16842817//265886/83390/3.2/3.31//2008-9-18 9:42:37
62/600099/林海股份/3.180	200	3.160	2800	3.150	5200	3.140	1200	3.130	200	3.190	100	3.200	300	3.220	100	3.240	6800	3.250	8400	/16842817//407176/127590/3.19/3.31//2008-9-18 9:43:37
62/600099/林海股份/3.180	4900	3.170	300	3.160	3600	3.150	5200	3.140	1200	3.200	6000	3.220	100	3.230	3600	3.240	6800	3.250	8400	/16842817//423156/132590/3.2/3.31//2008-9-18 9:44:37
62/600099/林海股份/3.180	26900	3.160	3600	3.150	12700	3.140	1200	3.130	10200	3.200	1000	3.220	2900	3.230	3600	3.240	6800	3.250	8400	/16842817//439156/137590/3.2/3.31//2008-9-18 9:45:37
62/600099/林海股份/3.190	1900	3.180	26900	3.160	3600	3.150	29600	3.140	1200	3.200	13200	3.220	2900	3.230	3600	3.240	6800	3.250	8400	/16842817//442665/138690/3.19/3.31//2008-9-18 9:46:38
62/600099/林海股份/3.180	400	3.160	3600	3.150	29500	3.140	1200	3.130	200	3.200	13200	3.220	2900	3.230	3600	3.240	6800	3.250	8400	/16842817//541609/169790/3.18/3.31//2008-9-18 9:47:38
62/600099/林海股份/3.180	3300	3.160	1600	3.150	29500	3.140	200	3.130	200	3.190	12000	3.200	1200	3.220	2900	3.230	3600	3.240	6800	/16842817//548306/171890/3.18/3.31//2008-9-18 9:48:38
62/600099/林海股份/3.160	1600	3.150	29500	3.140	200	3.130	200	3.120	3100	3.180	7200	3.190	12000	3.200	1600	3.220	2900	3.230	3600	/16842817//566741/177690/3.18/3.31//2008-9-18 9:49:39
62/600099/林海股份/3.160	14000	3.150	30100	3.140	200	3.130	200	3.120	3100	3.180	2200	3.190	12000	3.200	2100	3.220	2900	3.230	3600	/16842817//642690/201690/3.16/3.31//2008-9-18 9:50:39
62/600099/林海股份/3.160	11800	3.150	30600	3.140	200	3.130	200	3.120	100	3.180	2200	3.190	12000	3.200	2100	3.220	2900	3.230	3600	/16842817//642690/201690/3.16/3.31//2008-9-18 9:51:39
62/600099/林海股份/3.160	13500	3.150	30600	3.140	200	3.130	200	3.120	100	3.180	2000	3.190	12000	3.200	2100	3.220	2900	3.230	3600	/16842817//643962/202090/3.18/3.31//2008-9-18 9:52:39
62/600099/林海股份/3.170	200	3.160	7600	3.150	13200	3.140	200	3.130	200	3.180	2000	3.190	12000	3.200	2100	3.220	2900	3.230	3600	/16842817//644595/202290/3.17/3.31//2008-9-18 9:53:40
62/600099/林海股份/3.150	10300	3.140	200	3.130	200	3.120	100	3.110	6700	3.160	20500	3.170	18600	3.180	3000	3.200	2600	3.220	2900	/16842817//680937/213790/3.16/3.31//2008-9-18 9:54:40
62/600099/林海股份/3.130	200	3.120	4400	3.110	6700	3.100	17900	3.090	8300	3.140	1300	3.150	13700	3.160	21900	3.170	6600	3.180	3000	/16842817//714638/224490/3.14/3.31//2008-9-18 9:55:40
62/600099/林海股份/3.120	4400	3.110	9000	3.100	17900	3.090	8300	3.080	4000	3.130	11000	3.140	1300	3.150	1700	3.160	23100	3.180	2800	/16842817//726530/228290/3.13/3.31//2008-9-18 9:56:41
62/600099/林海股份/3.120	3700	3.110	9800	3.100	17300	3.090	8300	3.080	4000	3.130	10100	3.140	1300	3.160	23100	3.180	2800	3.200	2600	/16842817//739356/232390/3.13/3.31//2008-9-18 9:57:41
62/600099/林海股份/3.130	10300	3.120	3500	3.110	8700	3.100	17300	3.090	8300	3.140	1800	3.160	22600	3.180	2800	3.200	2600	3.220	100	/16842817//771593/242690/3.13/3.31//2008-9-18 9:58:41
62/600099/林海股份/3.130	12100	3.120	3500	3.110	8600	3.100	17300	3.090	8300	3.140	200	3.160	22600	3.180	2800	3.200	2600	3.220	100	/16842817//774733/243690/3.14/3.31//2008-9-18 9:59:41
62/600099/林海股份/3.120	4300	3.110	10000	3.100	17300	3.090	8300	3.080	4500	3.160	22600	3.180	2800	3.200	2600	3.220	100	3.230	3600	/16842817//813230/255990/3.12/3.31//2008-9-18 10:0:42
62/600099/林海股份/3.110	10000	3.100	17300	3.090	8300	3.080	4500	3.060	14500	3.160	22500	3.180	2800	3.200	2600	3.220	100	3.230	3600	/16842817//845426/266290/3.12/3.31//2008-9-18 10:1:42
62/600099/林海股份/3.090	8300	3.080	4500	3.070	11000	3.060	14500	3.050	2400	3.100	9800	3.140	1000	3.150	2500	3.160	28000	3.170	2100	/16842817//916826/289290/3.1/3.11//2008-9-18 10:2:42
62/600099/林海股份/3.080	600	3.070	11000	3.060	14500	3.050	2400	3.020	8000	3.090	9800	3.100	8300	3.110	200	3.140	1000	3.150	2800	/16842817//955053/301690/3.09/3.11//2008-9-18 10:3:42
62/600099/林海股份/3.080	200	3.070	900	3.060	14500	3.050	2400	3.020	8000	3.090	3800	3.100	8300	3.110	200	3.140	1000	3.150	2800	/16842817//1069179/338790/3.07/3.11//2008-9-18 10:4:43
62/600099/林海股份/3.080	100	3.070	3900	3.060	14500	3.050	3500	3.020	8000	3.090	6800	3.100	8300	3.110	200	3.140	1000	3.150	2800	/16842817//1031708/326590/3.08/3.11//2008-9-18 10:5:43
62/600099/林海股份/3.060	14500	3.050	3500	3.020	8000	3.010	15300	3.000	16600	3.070	500	3.080	800	3.100	8300	3.110	200	3.140	1000	/16842817//1102678/349590/3.07/3.11//2008-9-18 10:6:43
62/600099/林海股份/3.060	500	3.050	3500	3.020	7000	3.010	15300	3.000	16800	3.070	8500	3.080	11000	3.100	8300	3.110	200	3.140	1000	/16842817//1159332/368090/3.07/3.11//2008-9-18 10:7:44
62/600099/林海股份/3.050	3500	3.020	8000	3.010	15300	3.000	20800	2.990	3500	3.070	11100	3.080	11000	3.100	1000	3.110	200	3.140	1000	/16842817//1203480/382490/3.07/3.11//2008-9-18 10:8:44
62/600099/林海股份/3.050	8000	3.020	9000	3.010	15300	3.000	22300	2.990	5500	3.060	19000	3.070	19500	3.080	11000	3.100	1000	3.110	200	/16842817//1211125/384990/3.06/3.11//2008-9-18 10:9:44
62/600099/林海股份/3.060	2801	3.050	4500	3.020	8000	3.010	21400	3.000	22300	3.070	18000	3.080	11000	3.100	1000	3.110	200	3.140	1000	/16842817//1245583/396289/3.05/3.11//2008-9-18 10:10:44
62/600099/林海股份/3.050	2100	3.030	2000	3.020	8400	3.010	21400	3.000	21300	3.060	14899	3.070	6900	3.080	11000	3.100	1000	3.110	200	/16842817//1276542/406390/3.06/3.11//2008-9-18 10:11:45
62/600099/林海股份/3.060	4801	3.050	8800	3.030	2600	3.020	10400	3.010	21400	3.070	6900	3.080	11000	3.100	1000	3.110	200	3.130	1000	/16842817//1322133/421289/3.06/3.11//2008-9-18 10:12:45
62/600099/林海股份/3.070	4600	3.060	3801	3.050	5800	3.030	2600	3.020	10400	3.080	11000	3.110	200	3.130	1000	3.140	1000	3.150	800	/16842817//1344851/428689/3.07/3.11//2008-9-18 10:13:45
62/600099/林海股份/3.070	6000	3.060	3801	3.050	3800	3.030	3000	3.020	11400	3.080	9400	3.110	200	3.130	1000	3.140	1000	3.150	800	/16842817//1348234/429789/3.08/3.11//2008-9-18 10:14:46
62/600099/林海股份/3.060	5801	3.050	3800	3.030	5000	3.020	11400	3.010	21400	3.070	7400	3.080	9400	3.110	200	3.130	1000	3.140	1000	/16842817//1385054/441789/3.07/3.11//2008-9-18 10:15:46
62/600099/林海股份/3.070	8200	3.060	5801	3.050	3800	3.030	5000	3.020	11400	3.080	9400	3.110	200	3.130	1000	3.140	2000	3.150	800	/16842817//1405940/448589/3.07/3.11//2008-9-18 10:16:46
62/600099/林海股份/3.080	4100	3.070	3400	3.060	10801	3.050	4400	3.030	4000	3.110	200	3.130	1000	3.140	2000	3.150	800	3.160	6400	/16842817//1453624/464089/3.08/3.11//2008-9-18 10:17:47
62/600099/林海股份/3.090	600	3.080	3700	3.070	2400	3.060	16001	3.050	2400	3.110	400	3.130	1000	3.140	3000	3.150	6800	3.160	6400	/16842817//1453624/464089/3.08/3.11//2008-9-18 10:18:47
62/600099/林海股份/3.080	6200	3.070	5400	3.060	15001	3.050	58300	3.030	4000	3.090	8000	3.100	3600	3.110	400	3.130	1000	3.140	3000	/16842817//1490704/476089/3.09/3.11//2008-9-18 10:19:47
62/600099/林海股份/3.090	4000	3.080	5200	3.070	5400	3.060	15001	3.050	2400	3.110	400	3.130	1000	3.140	3000	3.150	8800	3.160	6400	/16842817//1499974/479089/3.09/3.11//2008-9-18 10:20:48
62/600099/林海股份/3.090	3700	3.080	6000	3.070	3400	3.060	10001	3.050	2400	3.110	6400	3.130	1000	3.140	4300	3.150	8300	3.160	6400	/16842817//1507749/481589/3.11/3.11//2008-9-18 10:21:48
62/600099/林海股份/3.090	33500	3.080	7000	3.070	3400	3.060	10001	3.050	2400	3.110	17400	3.130	1000	3.140	4300	3.150	8300	3.160	1400	/16842817//1507749/481589/3.11/3.11//2008-9-18 10:22:48
62/600099/林海股份/3.100	3300	3.090	33800	3.080	7000	3.070	2400	3.060	10001	3.110	17400	3.130	1000	3.140	4300	3.150	8300	3.160	1400	/16842817//1510849/482589/3.1/3.11//2008-9-18 10:23:48
62/600099/林海股份/3.100	1100	3.090	33600	3.080	7000	3.070	4200	3.060	11001	3.110	5500	3.130	1000	3.140	4300	3.150	7300	3.160	1400	/16842817//1520159/485589/3.1/3.11//2008-9-18 10:24:49
62/600099/林海股份/3.100	2000	3.090	33600	3.080	7000	3.070	2000	3.060	10001	3.110	5500	3.130	1000	3.140	4300	3.150	7300	3.160	1400	/16842817//1524189/486889/3.1/3.11//2008-9-18 10:25:49
62/600099/林海股份/3.080	7000	3.070	2400	3.060	10001	3.050	2400	3.030	60300	3.090	600	3.100	1000	3.110	6500	3.130	1000	3.140	3300	/16842817//1634213/522489/3.09/3.11//2008-9-18 10:26:49
62/600099/林海股份/3.080	2000	3.070	2400	3.060	10001	3.050	2400	3.030	4000	3.090	600	3.100	1000	3.110	6500	3.130	1000	3.140	3300	/16842817//1649613/527489/3.08/3.11//2008-9-18 10:27:50
62/600099/林海股份/3.060	10001	3.050	2400	3.040	1000	3.030	4000	3.020	10400	3.070	1200	3.090	600	3.100	1000	3.110	6500	3.130	1000	/16842817//1677265/536489/3.07/3.11//2008-9-18 10:28:50
62/600099/林海股份/3.090	200	3.070	1700	3.060	10301	3.050	2400	3.040	1000	3.100	1000	3.110	6500	3.120	500	3.130	1000	3.140	3300	/16842817//1706135/545889/3.07/3.11//2008-9-18 10:29:50
62/600099/林海股份/3.080	200	3.070	5500	3.060	10301	3.050	1900	3.040	1000	3.090	41900	3.100	1300	3.110	6500	3.120	500	3.130	1000	/16842817//1706753/546089/3.09/3.11//2008-9-18 10:30:51
62/600099/林海股份/3.080	2600	3.070	4000	3.060	10401	3.050	3600	3.040	1000	3.090	41800	3.100	300	3.110	6500	3.120	500	3.130	1000	/16842817//1716585/549289/3.08/3.11//2008-9-18 10:31:51
62/600099/林海股份/3.080	3200	3.070	1000	3.060	7701	3.050	3600	3.040	1000	3.090	41800	3.100	300	3.110	6500	3.120	500	3.130	1000	/16842817//1730733/553889/3.07/3.11//2008-9-18 10:32:51
62/600099/林海股份/3.080	3200	3.070	1000	3.060	15701	3.050	3600	3.040	1000	3.090	41800	3.100	300	3.110	6500	3.120	500	3.130	1000	/16842817//1730733/553889/3.07/3.11//2008-9-18 10:33:52
62/600099/林海股份/3.070	1000	3.060	15701	3.050	3600	3.040	1000	3.030	4000	3.080	33800	3.090	41400	3.100	300	3.110	6500	3.120	500	/16842817//1747985/559489/3.08/3.11//2008-9-18 10:34:52
62/600099/林海股份/3.070	7200	3.060	15701	3.050	3600	3.040	1000	3.030	4000	3.080	28800	3.090	43700	3.100	300	3.110	6500	3.120	500	/16842817//1755343/561889/3.07/3.11//2008-9-18 10:35:52
62/600099/林海股份/3.060	5601	3.050	3600	3.040	1000	3.030	4000	3.020	12600	3.070	6700	3.080	28800	3.090	43700	3.100	300	3.110	6500	/16842817//1809274/579489/3.06/3.11//2008-9-18 10:36:53
62/600099/林海股份/3.050	3600	3.040	1000	3.030	2000	3.020	12600	3.010	21000	3.060	35899	3.070	7000	3.090	43700	3.100	300	3.110	6500	/16842817//1827637/585490/3.06/3.11//2008-9-18 10:37:53
62/600099/林海股份/3.040	1000	3.030	3000	3.020	12600	3.010	21000	3.000	22200	3.050	2700	3.060	20899	3.070	6700	3.090	43700	3.100	147150	/16842817//1866067/598090/3.05/3.11//2008-9-18 10:38:53
62/600099/林海股份/3.040	4700	3.030	5000	3.020	12600	3.010	22000	3.000	22200	3.050	5600	3.060	20000	3.070	1500	3.090	43700	3.100	149150	/16842817//1871522/599890/3.04/3.11//2008-9-18 10:39:54
62/600099/林海股份/3.030	5000	3.020	12200	3.010	22000	3.000	22200	2.990	6500	3.040	16199	3.050	2400	3.070	1500	3.090	43700	3.100	149150	/16842817//1885810/604590/3.04/3.11//2008-9-18 10:40:54
62/600099/林海股份/3.040	13501	3.030	3000	3.020	12200	3.010	22000	3.000	22500	3.070	1500	3.090	43700	3.100	2300	3.110	6500	3.120	500	/16842817//1944764/623989/3.03/3.11//2008-9-18 10:41:54
62/600099/林海股份/3.040	801	3.030	4200	3.020	14200	3.010	22000	3.000	22500	3.070	1500	3.080	5200	3.090	43700	3.100	2300	3.110	6500	/16842817//1981244/635989/3.04/3.11//2008-9-18 10:42:55
62/600099/林海股份/3.040	1801	3.030	5200	3.020	24200	3.010	22000	3.000	22700	3.070	23200	3.080	5200	3.090	43700	3.100	2300	3.110	6500	/16842817//1981244/635989/3.04/3.11//2008-9-18 10:43:55
62/600099/林海股份/3.040	16401	3.030	5200	3.020	24200	3.010	22000	3.000	22700	3.060	3000	3.070	1500	3.080	2000	3.090	43700	3.100	2300	/16842817//2000396/642289/3.04/3.11//2008-9-18 10:44:56
62/600099/林海股份/3.030	15700	3.020	24200	3.010	22000	3.000	29900	2.990	10500	3.040	16199	3.070	1500	3.080	8300	3.090	43700	3.100	2300	/16842817//2052991/659590/3.04/3.11//2008-9-18 10:45:56
62/600099/林海股份/3.030	14100	3.020	14200	3.010	21000	3.000	29900	2.990	10500	3.040	14199	3.060	1000	3.070	1500	3.080	8300	3.090	43700	/16842817//2066949/664190/3.04/3.11//2008-9-18 10:46:56
62/600099/林海股份/3.010	21000	3.000	30900	2.990	10000	2.980	253500	0.000	0	3.020	1999	3.030	1400	3.060	2400	3.070	1500	3.080	5100	/16842817//2152557/692490/3.02/3.11//2008-9-18 10:47:57
62/600099/林海股份/3.030	701	3.010	20200	3.000	32400	2.990	11100	2.980	190500	3.060	2400	3.070	1500	3.080	5100	3.090	43700	3.100	2300	/16842817//2171304/698689/3.03/3.11//2008-9-18 10:48:57
62/600099/林海股份/3.030	16600	3.010	28600	3.000	31200	2.990	12700	2.980	141500	3.060	12400	3.070	4200	3.080	5100	3.090	43700	3.100	2300	/16842817//2174640/699790/3.03/3.11//2008-9-18 10:49:57
62/600099/林海股份/3.010	29600	3.000	31200	2.990	13200	2.980	143100	0.000	0	3.030	5200	3.050	3100	3.060	12400	3.070	4200	3.080	6600	/16842817//2224938/716390/3.03/3.11//2008-9-18 10:50:58
62/600099/林海股份/3.010	28600	3.000	31400	2.990	22400	2.980	145600	0.000	0	3.020	400	3.030	4500	3.050	100	3.060	12400	3.070	1000	/16842817//2229477/717890/3.02/3.11//2008-9-18 10:51:58
62/600099/林海股份/3.010	28400	3.000	31500	2.990	22400	2.980	146500	0.000	0	3.020	700	3.030	4300	3.050	1100	3.060	12400	3.070	1000	/16842817//2242461/722190/3.02/3.11//2008-9-18 10:52:58
62/600099/林海股份/3.020	600	3.010	28400	3.000	31500	2.990	22400	2.980	145500	3.030	4500	3.050	1100	3.060	12400	3.070	1000	3.080	4800	/16842817//2250011/724690/3.02/3.11//2008-9-18 10:53:59
62/600099/林海股份/3.020	1200	3.010	28400	3.000	31700	2.990	22400	2.980	145500	3.030	200	3.050	1100	3.060	12400	3.070	1000	3.080	4800	/16842817//2252427/725490/3.02/3.11//2008-9-18 10:54:59
62/600099/林海股份/3.020	900	3.010	28400	3.000	36300	2.990	24400	2.980	145700	3.030	200	3.050	1100	3.060	12400	3.070	1000	3.080	4600	/16842817//2258165/727390/3.02/3.11//2008-9-18 10:56:0
62/600099/林海股份/3.030	500	3.020	900	3.010	28400	3.000	47500	2.990	23500	3.050	1100	3.060	12400	3.070	1000	3.080	4600	3.090	43700	/16842817//2258771/727590/3.03/3.11//2008-9-18 10:57:0
62/600099/林海股份/3.010	28400	3.000	48600	2.990	23500	2.980	145600	0.000	0	3.020	300	3.030	100	3.050	4300	3.060	12400	3.070	1000	/16842817//2264212/729390/3.02/3.11//2008-9-18 10:58:0
62/600099/林海股份/3.000	48600	2.990	23500	2.980	144600	0.000	0	0.000	0	3.010	52700	3.020	600	3.030	100	3.050	8500	3.060	12400	/16842817//2352696/758790/3.0/3.11//2008-9-18 10:59:1
62/600099/林海股份/3.000	19400	2.990	23500	2.980	134900	0.000	0	0.000	0	3.010	53700	3.020	300	3.030	100	3.050	8500	3.060	12400	/16842817//2428896/784190/3.0/3.11//2008-9-18 11:0:1
62/600099/林海股份/2.990	22400	2.980	135900	0.000	0	0.000	0	0.000	0	3.000	14800	3.010	43200	3.020	300	3.050	8500	3.060	12400	/16842817//2489201/804290/3.0/3.11//2008-9-18 11:1:2
62/600099/林海股份/2.990	22400	2.980	136000	0.000	0	0.000	0	0.000	0	3.000	20200	3.010	1000	3.020	300	3.050	5300	3.060	12400	/16842817//2491001/804890/3.0/3.11//2008-9-18 11:2:2
62/600099/林海股份/2.990	15200	2.980	141100	0.000	0	0.000	0	0.000	0	3.000	19400	3.010	1000	3.020	300	3.050	5300	3.060	12400	/16842817//2519424/814390/3.0/3.11//2008-9-18 11:3:2
62/600099/林海股份/2.990	15200	2.980	132900	0.000	0	0.000	0	0.000	0	3.000	9200	3.020	300	3.050	5300	3.060	12400	3.080	4600	/16842817//2559014/827590/3.0/3.11//2008-9-18 11:4:3
62/600099/林海股份/2.990	19400	2.980	133900	0.000	0	0.000	0	0.000	0	3.000	6800	3.020	300	3.050	5300	3.060	12400	3.080	4600	/16842817//2559014/827590/3.0/3.11//2008-9-18 11:5:3
62/600099/林海股份/3.000	700	2.990	16700	2.980	139700	0.000	0	0.000	0	3.020	300	3.050	1100	3.060	12400	3.080	5900	3.090	43700	/16842817//2591714/838490/3.0/3.11//2008-9-18 11:6:4
62/600099/林海股份/3.000	27600	2.990	15700	2.980	137700	0.000	0	0.000	0	3.040	1000	3.050	1100	3.060	12400	3.080	6900	3.090	43700	/16842817//2602532/842090/3.0/3.11//2008-9-18 11:7:4
62/600099/林海股份/3.010	1300	3.000	34900	2.990	15700	2.980	137700	0.000	0	3.040	1000	3.050	1600	3.060	12400	3.080	6900	3.090	43700	/16842817//2605532/843090/3.0/3.11//2008-9-18 11:8:4
62/600099/林海股份/3.010	1300	3.000	36100	2.990	15700	2.980	194900	0.000	0	3.040	1000	3.050	1600	3.060	12400	3.080	6900	3.090	43700	/16842817//2606138/843290/3.03/3.11//2008-9-18 11:9:5
62/600099/林海股份/3.010	1300	3.000	39000	2.990	15800	2.980	137700	0.000	0	3.050	1600	3.060	12400	3.080	6900	3.090	43700	3.100	2300	/16842817//2609178/844290/3.04/3.11//2008-9-18 11:10:5
62/600099/林海股份/3.020	3000	3.010	1500	3.000	39000	2.990	15800	2.980	144400	3.040	500	3.050	14800	3.060	12400	3.080	9900	3.090	43700	/16842817//2609178/844290/3.04/3.11//2008-9-18 11:11:6
62/600099/林海股份/3.030	700	3.020	3000	3.010	5500	3.000	39000	2.990	16800	3.040	3800	3.050	15800	3.060	12400	3.080	13900	3.090	43700	/16842817//2609178/844290/3.04/3.11//2008-9-18 11:12:6
62/600099/林海股份/3.020	3000	3.010	5500	3.000	41000	2.990	16800	2.980	144700	3.040	3800	3.050	5800	3.060	12400	3.080	13900	3.090	43700	/16842817//2612814/845490/3.03/3.11//2008-9-18 11:13:7
62/600099/林海股份/3.010	2300	3.000	41000	2.990	16800	2.980	144700	0.000	0	3.020	2700	3.030	2100	3.040	2000	3.050	2600	3.060	11400	/16842817//2621874/848490/3.02/3.11//2008-9-18 11:14:7
62/600099/林海股份/3.010	600	3.000	42000	2.990	17800	2.980	144700	0.000	0	3.020	600	3.030	1500	3.040	2000	3.050	2600	3.060	11400	/16842817//2631819/851790/3.01/3.11//2008-9-18 11:15:7
62/600099/林海股份/3.020	400	3.010	1600	3.000	42000	2.990	17800	2.980	144700	3.030	1500	3.040	2000	3.050	5000	3.060	11400	3.080	13900	/16842817//2635443/852990/3.02/3.11//2008-9-18 11:16:8
62/600099/林海股份/3.010	1600	3.000	31700	2.990	16800	2.980	144700	0.000	0	3.040	2000	3.050	5000	3.060	1400	3.080	13900	3.090	43700	/16842817//2643929/855790/3.03/3.11//2008-9-18 11:17:8
62/600099/林海股份/3.020	3500	3.010	13700	3.000	30700	2.990	16800	2.980	144700	3.030	1000	3.040	3800	3.050	5000	3.060	1400	3.080	12600	/16842817//2649974/857790/3.02/3.11//2008-9-18 11:18:9
62/600099/林海股份/3.020	1800	3.010	13700	3.000	31400	2.990	16800	2.980	143800	3.030	5000	3.040	3800	3.050	5000	3.060	1400	3.080	12600	/16842817//2656014/859790/3.02/3.11//2008-9-18 11:19:9
62/600099/林海股份/3.020	1800	3.010	13700	3.000	31400	2.990	16800	2.980	143800	3.030	5000	3.040	3800	3.050	5000	3.060	1400	3.080	12600	/16842817//2656014/859790/3.02/3.11//2008-9-18 11:20:10
62/600099/林海股份/3.010	12700	3.000	31400	2.990	16900	2.980	143800	0.000	0	3.020	1300	3.030	5000	3.040	3800	3.050	5000	3.060	1400	/16842817//2662356/861890/3.02/3.11//2008-9-18 11:21:10
62/600099/林海股份/3.020	8200	3.010	12700	3.000	31400	2.990	18800	2.980	143800	3.030	5000	3.040	3800	3.050	5000	3.060	1400	3.080	12600	/16842817//2670812/864690/3.02/3.11//2008-9-18 11:22:10
62/600099/林海股份/3.020	3200	3.010	12700	3.000	31400	2.990	18800	2.980	143800	3.030	5000	3.040	3800	3.050	4000	3.060	1400	3.080	12600	/16842817//2685912/869690/3.02/3.11//2008-9-18 11:23:11
62/600099/林海股份/3.020	1400	3.010	12700	3.000	31400	2.990	18800	2.980	144000	3.030	5000	3.040	3800	3.050	4000	3.060	1400	3.080	12600	/16842817//2688328/870490/3.02/3.11//2008-9-18 11:24:11
62/600099/林海股份/3.020	2400	3.010	12700	3.000	31400	2.990	18700	2.980	144000	3.030	5000	3.040	3300	3.050	4000	3.060	1400	3.080	12600	/16842817//2688328/870490/3.02/3.11//2008-9-18 11:25:12
62/600099/林海股份/3.020	2300	3.010	12700	3.000	30400	2.990	18700	2.980	143800	3.030	5000	3.040	3300	3.050	4000	3.060	1400	3.070	4200	/16842817//2688630/870590/3.02/3.11//2008-9-18 11:26:12
62/600099/林海股份/3.010	12700	3.000	30400	2.990	18700	2.980	137100	0.000	0	3.020	12450	3.030	5000	3.040	3300	3.050	4500	3.060	1400	/16842817//2695576/872890/3.02/3.11//2008-9-18 11:27:13
62/600099/林海股份/3.010	12500	3.000	31400	2.990	18700	2.980	137100	0.000	0	3.020	12450	3.030	5000	3.040	3300	3.050	4500	3.060	1400	/16842817//2696178/873090/3.01/3.11//2008-9-18 11:28:13
62/600099/林海股份/3.000	28400	2.990	18700	2.980	132300	0.000	0	0.000	0	3.010	2200	3.020	12450	3.030	5000	3.040	3300	3.050	4500	/16842817//2734405/885790/3.01/3.11//2008-9-18 11:29:14
62/600099/林海股份/3.000	25400	2.990	18700	2.980	132300	0.000	0	0.000	0	3.010	800	3.020	12450	3.030	5000	3.040	3300	3.050	4500	/16842817//2747619/890190/3.01/3.11//2008-9-18 11:30:14
62/600099/林海股份/3.000	25400	2.990	18700	2.980	132300	0.000	0	0.000	0	3.010	800	3.020	12450	3.030	5000	3.040	3300	3.050	4500	/16842817//2747619/890190/3.01/3.11//2008-9-18 11:31:15
62/600099/林海股份/3.000	13400	2.990	35700	2.980	51000	0.000	0	0.000	0	3.020	9350	3.030	5000	3.040	3300	3.050	4500	3.060	1400	/16842817//2825514/916090/3.02/3.11//2008-9-18 13:1:15
62/600099/林海股份/2.990	1700	2.980	49500	0.000	0	0.000	0	0.000	0	3.010	1400	3.020	9350	3.030	5000	3.040	3300	3.050	4500	/16842817//2953196/958790/2.99/3.11//2008-9-18 13:2:16
62/600099/林海股份/2.980	2200	0.000	0	0.000	0	0.000	0	0.000	0	3.010	1400	3.020	9350	3.030	5000	3.040	3300	3.050	4500	/16842817//3143983/1022790/2.98/3.11//2008-9-18 13:3:16
62/600099/林海股份/2.980	13400	0.000	0	0.000	0	0.000	0	0.000	0	2.990	820	3.010	1400	3.020	9350	3.030	5000	3.040	3300	/16842817//3144281/1022890/2.98/3.11//2008-9-18 13:4:17
62/600099/林海股份/2.980	8180	0.000	0	0.000	0	0.000	0	0.000	0	3.010	1400	3.020	9350	3.030	5000	3.040	3300	3.050	4500	/16842817//3172664/1032410/2.98/3.11//2008-9-18 13:5:17
62/600099/林海股份/3.010	3600	3.000	1000	2.990	1500	2.980	8980	0.000	0	3.020	9350	3.030	5000	3.040	3300	3.050	4500	3.060	1400	/16842817//3176878/1033810/3.01/3.11//2008-9-18 13:6:18
62/600099/林海股份/3.010	1500	3.000	1000	2.990	4600	2.980	10180	0.000	0	3.020	9350	3.030	5000	3.040	3300	3.050	4500	3.060	1400	/16842817//3183199/1035910/3.01/3.11//2008-9-18 13:7:18
62/600099/林海股份/3.010	1500	3.000	1000	2.990	4600	2.980	10180	0.000	0	3.020	7350	3.030	5000	3.040	3300	3.050	5000	3.060	1400	/16842817//3189239/1037910/3.02/3.11//2008-9-18 13:8:19
62/600099/林海股份/3.010	1500	3.000	1000	2.990	3100	2.980	10180	0.000	0	3.020	7650	3.030	5000	3.040	3300	3.050	5000	3.060	1400	/16842817//3189239/1037910/3.02/3.11//2008-9-18 13:9:19
62/600099/林海股份/3.010	1500	3.000	1000	2.990	3000	2.980	10280	0.000	0	3.020	7650	3.030	5000	3.040	1800	3.050	5000	3.060	1400	/16842817//3189239/1037910/3.02/3.11//2008-9-18 13:10:20
62/600099/林海股份/3.000	1000	2.990	3000	2.980	10380	0.000	0	0.000	0	3.010	3700	3.020	7650	3.030	5500	3.040	1800	3.050	5000	/16842817//3193754/1039410/3.01/3.11//2008-9-18 13:11:20
62/600099/林海股份/2.990	3000	2.980	10380	0.000	0	0.000	0	0.000	0	3.000	100	3.010	3800	3.020	7650	3.030	5500	3.040	1800	/16842817//3202454/1042310/3.0/3.11//2008-9-18 13:12:21
62/600099/林海股份/2.990	51500	2.980	14780	0.000	0	0.000	0	0.000	0	3.000	100	3.010	3800	3.020	7650	3.030	5500	3.040	1800	/16842817//3211125/1045210/2.99/3.11//2008-9-18 13:13:21
62/600099/林海股份/2.990	51500	2.980	14780	0.000	0	0.000	0	0.000	0	3.000	600	3.010	100	3.020	7650	3.030	5000	3.040	1800	/16842817//3211125/1045210/2.99/3.11//2008-9-18 13:14:22
62/600099/林海股份/3.000	1000	2.990	57000	2.980	28480	0.000	0	0.000	0	3.010	500	3.020	7650	3.030	5000	3.040	1800	3.050	5000	/16842817//3229725/1051410/3.0/3.11//2008-9-18 13:15:22
62/600099/林海股份/3.000	1300	2.990	54000	2.980	28980	0.000	0	0.000	0	3.010	500	3.020	7650	3.030	5000	3.040	1800	3.050	5000	/16842817//3246525/1057010/3.0/3.11//2008-9-18 13:16:23
62/600099/林海股份/3.000	900	2.990	54000	2.980	30980	0.000	0	0.000	0	3.010	400	3.020	7650	3.030	5000	3.040	1800	3.050	5000	/16842817//3230925/1051810/3.0/3.11//2008-9-18 13:17:23
62/600099/林海股份/3.000	1900	2.990	54000	2.980	29980	0.000	0	0.000	0	3.010	400	3.020	7650	3.030	5000	3.040	2300	3.050	5000	/16842817//3236925/1053810/3.0/3.11//2008-9-18 13:18:24
62/600099/林海股份/2.990	54000	2.980	39980	0.000	0	0.000	0	0.000	0	3.000	52200	3.010	400	3.020	7650	3.030	5000	3.040	2300	/16842817//3246225/1056910/3.0/3.11//2008-9-18 13:19:24
62/600099/林海股份/2.990	54000	2.980	39080	0.000	0	0.000	0	0.000	0	3.000	48100	3.010	700	3.020	8650	3.030	5000	3.040	2300	/16842817//3258525/1061010/3.0/3.11//2008-9-18 13:20:25
62/600099/林海股份/3.000	4000	2.990	54500	2.980	39080	0.000	0	0.000	0	3.010	700	3.020	8650	3.030	5000	3.040	2300	3.050	5000	/16842817//3541125/1155210/3.0/3.11//2008-9-18 13:21:25
62/600099/林海股份/3.010	3700	3.000	10900	2.990	54500	2.980	34880	0.000	0	3.020	8650	3.030	5000	3.040	2300	3.050	4000	3.060	1400	/16842817//3404932/1109810/3.01/3.11//2008-9-18 13:22:26
62/600099/林海股份/3.010	4200	3.000	11000	2.990	54500	2.980	34680	0.000	0	3.020	3650	3.030	5000	3.040	1800	3.050	3500	3.060	1400	/16842817//3420032/1114810/3.02/3.11//2008-9-18 13:23:26
62/600099/林海股份/3.020	6550	3.010	4200	3.000	20000	2.990	66300	2.980	22880	3.030	5000	3.040	1800	3.050	3500	3.060	1400	3.070	6200	/16842817//3431055/1118460/3.02/3.11//2008-9-18 13:24:27
62/600099/林海股份/3.020	8550	3.010	4200	3.000	19800	2.990	52000	2.980	22880	3.030	500	3.050	4600	3.060	1400	3.070	6200	3.080	12600	/16842817//3447720/1123960/3.03/3.11//2008-9-18 13:25:27
62/600099/林海股份/3.030	6100	3.020	2200	3.010	4200	3.000	31500	2.990	52000	3.040	1000	3.050	4600	3.060	1400	3.070	7200	3.080	13200	/16842817//3448932/1124360/3.03/3.11//2008-9-18 13:26:28
62/600099/林海股份/3.020	2200	3.010	4200	3.000	31500	2.990	52000	2.980	62080	3.030	3820	3.040	1000	3.050	4600	3.060	1400	3.070	7200	/16842817//3472263/1132060/3.03/3.11//2008-9-18 13:27:28
62/600099/林海股份/3.030	1680	3.020	2200	3.010	4200	3.000	31500	2.990	52000	3.040	1000	3.050	3900	3.060	1400	3.070	7200	3.080	13200	/16842817//3486868/1136880/3.03/3.11//2008-9-18 13:28:29
62/600099/林海股份/3.020	200	3.010	4200	3.000	54600	2.990	52000	2.980	62480	3.030	1520	3.040	1000	3.050	3900	3.060	1400	3.070	7200	/16842817//3497049/1140240/3.03/3.11//2008-9-18 13:29:29
62/600099/林海股份/3.020	200	3.010	4200	3.000	54600	2.990	52000	2.980	62480	3.030	3020	3.040	1000	3.050	3400	3.060	1400	3.070	7200	/16842817//3497049/1140240/3.03/3.11//2008-9-18 13:30:30
62/600099/林海股份/3.010	4200	3.000	54600	2.990	52000	2.980	62480	0.000	0	3.030	2520	3.050	3400	3.060	1400	3.070	7200	3.080	13200	/16842817//3495587/1139760/3.03/3.11//2008-9-18 13:31:30
62/600099/林海股份/3.020	6000	3.010	9200	3.000	54600	2.990	52000	2.980	62480	3.030	1020	3.050	3400	3.060	1400	3.070	7200	3.080	13200	/16842817//3495587/1139760/3.03/3.11//2008-9-18 13:32:31
62/600099/林海股份/3.040	9800	3.030	4280	3.020	6000	3.010	4700	3.000	54600	3.050	2400	3.060	1400	3.070	7200	3.080	13200	3.090	43700	/16842817//3507202/1143580/3.05/3.11//2008-9-18 13:33:31
62/600099/林海股份/3.040	9800	3.030	3280	3.020	6000	3.010	5000	3.000	54600	3.050	200	3.070	7200	3.080	13200	3.090	43700	3.100	9300	/16842817//3510862/1144780/3.05/3.11//2008-9-18 13:34:32
62/600099/林海股份/3.060	100	3.040	8000	3.030	3280	3.020	6000	3.010	4600	3.070	6400	3.080	6200	3.090	43700	3.100	9300	3.110	5500	/16842817//3556140/1159580/3.07/3.11//2008-9-18 13:35:32
62/600099/林海股份/3.040	9000	3.030	1280	3.020	6000	3.010	4600	3.000	32400	3.060	8300	3.070	2600	3.080	13100	3.090	43700	3.100	9300	/16842817//3559200/1160580/3.06/3.11//2008-9-18 13:36:33
62/600099/林海股份/3.040	3600	3.030	1280	3.020	6000	3.010	4600	3.000	32400	3.060	18300	3.070	2500	3.080	13100	3.090	43700	3.100	9300	/16842817//3584786/1168980/3.04/3.11//2008-9-18 13:37:34
62/600099/林海股份/3.040	1000	3.030	2180	3.020	6000	3.010	4600	3.000	32400	3.050	1000	3.060	15500	3.070	2500	3.080	12100	3.090	43700	/16842817//3586622/1169580/3.06/3.11//2008-9-18 13:38:34
62/600099/林海股份/3.040	900	3.030	1280	3.020	6000	3.010	4600	3.000	32400	3.050	400	3.060	15500	3.070	2500	3.080	12100	3.090	43700	/16842817//3590878/1170980/3.04/3.11//2008-9-18 13:39:35
62/600099/林海股份/3.040	900	3.030	1280	3.020	6000	3.010	4600	3.000	32400	3.060	16000	3.070	2000	3.080	12100	3.090	43700	3.100	9300	/16842817//3593318/1171780/3.05/3.11//2008-9-18 13:40:35
62/600099/林海股份/3.010	1080	3.000	32400	2.990	50900	2.980	21280	0.000	0	3.060	3500	3.070	2000	3.080	12100	3.090	43700	3.100	10700	/16842817//3630173/1183980/3.01/3.11//2008-9-18 13:41:36
62/600099/林海股份/3.040	700	3.030	1000	3.020	3200	3.010	15580	3.000	36400	3.050	1400	3.060	3000	3.070	2000	3.080	2600	3.090	43700	/16842817//3636273/1185980/3.05/3.11//2008-9-18 13:42:36
62/600099/林海股份/3.050	5600	3.040	700	3.030	2000	3.020	3300	3.010	20580	3.060	100	3.070	2000	3.080	2800	3.090	43700	3.100	10700	/16842817//3662561/1194580/3.06/3.11//2008-9-18 13:43:37
62/600099/林海股份/3.070	10900	3.060	600	3.050	5600	3.040	700	3.030	2000	3.080	800	3.090	43700	3.100	8700	3.110	5500	3.120	1300	/16842817//3662023/1194380/3.08/3.11//2008-9-18 13:44:37
62/600099/林海股份/3.080	12500	3.070	10900	3.060	600	3.050	3000	3.040	700	3.090	29700	3.100	7300	3.110	6000	3.120	1300	3.140	6000	/16842817//3707747/1209180/3.09/3.11//2008-9-18 13:45:38
62/600099/林海股份/3.080	6700	3.070	10900	3.060	600	3.050	3000	3.040	700	3.090	19700	3.100	7300	3.110	6000	3.120	800	3.140	6000	/16842817//3752815/1223780/3.08/3.11//2008-9-18 13:46:39
62/600099/林海股份/3.090	4500	3.080	16600	3.070	10900	3.060	21700	3.050	3000	3.100	6600	3.110	6000	3.120	800	3.140	6000	3.150	2700	/16842817//3832846/1249680/3.09/3.11//2008-9-18 13:47:39
62/600099/林海股份/3.100	4100	3.090	21100	3.080	14000	3.070	10900	3.060	21700	3.110	7200	3.120	800	3.130	700	3.140	6000	3.150	2700	/16842817//3853306/1256280/3.1/3.11//2008-9-18 13:48:40
62/600099/林海股份/3.090	22900	3.080	20800	3.060	21700	3.050	34100	3.040	700	3.100	1900	3.130	500	3.180	100	3.190	1400	3.200	5300	/16842817//3922935/1278580/3.1/3.11//2008-9-18 13:49:40
62/600099/林海股份/3.090	18700	3.080	23000	3.060	21700	3.050	34100	3.040	700	3.100	1900	3.130	500	3.160	1000	3.170	390	3.180	13700	/16842817//3935913/1282780/3.09/3.11//2008-9-18 13:50:41
62/600099/林海股份/3.090	10100	3.080	21000	3.060	21700	3.040	700	3.030	5000	3.100	600	3.130	500	3.150	500	3.160	1000	3.170	390	/16842817//3966517/1292680/3.09/3.11//2008-9-18 13:51:41
62/600099/林海股份/3.100	14700	3.090	20100	3.080	18000	3.060	21700	3.040	700	3.130	3000	3.150	500	3.160	1000	3.170	3390	3.180	13700	/16842817//3983877/1298280/3.1/3.11//2008-9-18 13:52:42
62/600099/林海股份/3.100	300	3.090	20100	3.080	22000	3.060	24700	3.040	700	3.120	800	3.130	7600	3.150	500	3.160	11900	3.170	3890	/16842817//4028517/1312680/3.1/3.11//2008-9-18 13:53:42
62/600099/林海股份/3.070	19200	3.060	24700	3.040	700	3.030	4000	3.020	1100	3.080	4000	3.100	6200	3.120	3800	3.130	6600	3.150	500	/16842817//4289185/1397180/3.08/3.11//2008-9-18 13:54:43
62/600099/林海股份/3.070	19200	3.060	24700	3.040	700	3.030	4000	3.020	1100	3.080	7000	3.100	6700	3.120	6800	3.130	1500	3.140	1000	/16842817//4289185/1397180/3.08/3.11//2008-9-18 13:55:44
62/600099/林海股份/3.070	30900	3.060	26600	3.040	700	3.030	4000	3.020	1100	3.080	200	3.100	6700	3.120	6800	3.130	1500	3.140	1000	/16842817//4180260/1361880/3.08/3.11//2008-9-18 13:56:44
62/600099/林海股份/3.080	1100	3.070	30900	3.060	26600	3.050	9400	3.040	700	3.100	6700	3.120	6000	3.130	1500	3.140	1000	3.160	12300	/16842817//4180876/1362080/3.08/3.11//2008-9-18 13:57:45
62/600099/林海股份/3.080	1100	3.070	30900	3.060	26600	3.050	57400	3.040	700	3.100	7300	3.120	6000	3.130	1500	3.140	1000	3.150	1000	/16842817//4180876/1362080/3.08/3.11//2008-9-18 13:58:45
62/600099/林海股份/3.080	1200	3.070	30900	3.060	26600	3.050	57400	3.040	700	3.100	8300	3.120	6000	3.130	1500	3.140	1000	3.150	1000	/16842817//4180876/1362080/3.08/3.11//2008-9-18 13:59:46
62/600099/林海股份/3.080	300	3.070	30900	3.060	26600	3.050	57400	3.040	700	3.100	8300	3.120	6000	3.130	1500	3.140	1000	3.150	1000	/16842817//4180876/1362080/3.08/3.11//2008-9-18 14:0:47
62/600099/林海股份/3.070	30900	3.060	26600	3.050	57400	3.040	700	3.030	3000	3.080	4200	3.100	6300	3.120	6000	3.130	1500	3.140	1000	/16842817//4204940/1369880/3.08/3.11//2008-9-18 14:1:47
62/600099/林海股份/3.070	30900	3.060	26600	3.050	57400	3.040	700	3.030	3000	3.080	3200	3.100	6300	3.120	6000	3.130	1500	3.140	1000	/16842817//4208020/1370880/3.08/3.11//2008-9-18 14:2:48
62/600099/林海股份/3.070	30900	3.060	26600	3.050	57400	3.040	700	3.030	3000	3.080	4200	3.100	7300	3.120	6000	3.130	1500	3.140	1000	/16842817//4208020/1370880/3.08/3.11//2008-9-18 14:3:48
62/600099/林海股份/3.070	15500	3.060	26600	3.050	57400	3.040	700	3.030	3300	3.080	8200	3.090	1000	3.100	7300	3.120	3000	3.130	500	/16842817//4255298/1386280/3.07/3.11//2008-9-18 14:4:49
62/600099/林海股份/3.070	15200	3.060	26600	3.050	57400	3.040	700	3.030	3300	3.080	8200	3.090	1000	3.100	7300	3.120	3000	3.130	500	/16842817//4256219/1386580/3.07/3.11//2008-9-18 14:5:50
62/600099/林海股份/3.070	21100	3.060	26600	3.050	57400	3.040	700	3.030	3300	3.080	5200	3.090	1000	3.100	6300	3.120	3000	3.130	500	/16842817//4266687/1389980/3.08/3.11//2008-9-18 14:6:50
62/600099/林海股份/3.080	2100	3.070	21100	3.060	26600	3.050	57400	3.040	700	3.090	1000	3.100	6300	3.120	3000	3.130	500	3.140	1000	/16842817//4282703/1395180/3.08/3.11//2008-9-18 14:7:51
62/600099/林海股份/3.090	1300	3.080	3100	3.070	21100	3.060	26600	3.050	57400	3.100	6300	3.120	3000	3.130	500	3.140	1000	3.150	1000	/16842817//4287338/1396680/3.09/3.11//2008-9-18 14:8:51
62/600099/林海股份/3.100	10500	3.090	1300	3.080	3100	3.070	21300	3.060	26600	3.120	3000	3.130	500	3.140	1000	3.150	1500	3.160	12300	/16842817//4306868/1402980/3.1/3.11//2008-9-18 14:9:52
62/600099/林海股份/3.120	2600	3.100	600	3.080	61900	3.070	15300	3.060	26600	3.130	500	3.140	1000	3.150	1500	3.160	12300	3.170	1500	/16842817//4316228/1405980/3.12/3.11//2008-9-18 14:10:53
62/600099/林海股份/3.120	2600	3.100	600	3.080	61900	3.070	15300	3.060	26600	3.130	10270	3.140	2700	3.150	3500	3.160	2300	3.170	1500	/16842817//4319358/1406980/3.13/3.11//2008-9-18 14:11:53
62/600099/林海股份/3.120	1700	3.100	600	3.080	62400	3.070	15300	3.060	26600	3.130	6160	3.140	2700	3.150	3500	3.160	1400	3.170	1500	/16842817//4334379/1411780/3.13/3.11//2008-9-18 14:12:54
62/600099/林海股份/3.120	1100	3.100	10600	3.090	2000	3.080	62400	3.070	15300	3.130	5360	3.140	2000	3.150	3000	3.160	1400	3.170	1500	/16842817//4341259/1413980/3.13/3.11//2008-9-18 14:13:55
62/600099/林海股份/3.130	1240	3.100	10600	3.090	2000	3.080	63400	3.070	15300	3.140	2000	3.150	2000	3.160	1400	3.170	2900	3.180	11600	/16842817//4382683/1427240/3.13/3.11//2008-9-18 14:14:55
62/600099/林海股份/3.130	740	3.100	11100	3.090	2000	3.080	63400	3.070	15300	3.150	2000	3.160	1400	3.170	3200	3.180	11600	3.190	1000	/16842817//4390528/1429740/3.13/3.11//2008-9-18 14:15:56
62/600099/林海股份/3.130	240	3.110	1000	3.100	11100	3.090	2000	3.080	63400	3.150	2000	3.160	1400	3.170	3200	3.180	6600	3.200	1000	/16842817//4392093/1430240/3.13/3.11//2008-9-18 14:16:56
62/600099/林海股份/3.130	240	3.110	1200	3.100	11100	3.090	8300	3.080	62400	3.150	2000	3.160	1400	3.170	3200	3.180	6600	3.200	1000	/16842817//4395223/1431240/3.13/3.11//2008-9-18 14:17:57
62/600099/林海股份/3.170	2300	3.160	1400	3.150	1700	3.130	940	3.110	1200	3.180	6600	3.200	1000	3.220	100	3.240	2800	3.250	1500	/16842817//4424933/1440640/3.17/3.11//2008-9-18 14:18:58
62/600099/林海股份/3.180	9800	3.170	3300	3.150	1100	3.130	240	3.110	1200	3.200	500	3.220	100	3.240	2800	3.250	1500	3.280	8100	/16842817//4435816/1444040/3.2/3.11//2008-9-18 14:19:58
62/600099/林海股份/3.200	9500	3.180	9500	3.170	3300	3.150	700	3.130	240	3.210	1500	3.220	2100	3.240	2800	3.250	1500	3.280	8100	/16842817//4439970/1445340/3.2/3.11//2008-9-18 14:20:59
62/600099/林海股份/3.210	52300	3.200	11400	3.180	2300	3.170	3300	3.130	240	3.220	800	3.240	2800	3.250	1900	3.280	8100	3.290	4700	/16842817//4448013/1447840/3.22/3.11//2008-9-18 14:22:0
62/600099/林海股份/3.240	10700	3.220	21900	3.210	53300	3.200	3000	3.180	1000	3.250	1900	3.280	8100	3.290	4700	3.300	7300	3.330	1000	/16842817//4463549/1452640/3.24/3.11//2008-9-18 14:23:0
62/600099/林海股份/3.270	1600	3.250	19500	3.240	10000	3.220	21200	3.210	52300	3.280	7100	3.290	4700	3.300	6300	3.330	1000	3.340	1000	/16842817//4469445/1454440/3.27/3.11//2008-9-18 14:24:1
62/600099/林海股份/3.260	5000	3.250	5600	3.240	10000	3.220	21200	3.210	52300	3.270	10690	3.280	500	3.290	4100	3.300	6300	3.310	5000	/16842817//4610100/1497540/3.26/3.11//2008-9-18 14:25:2
62/600099/林海股份/3.240	9800	3.220	11200	3.210	52300	3.200	3100	3.170	2300	3.250	3600	3.260	7000	3.270	9390	3.280	11500	3.290	4100	/16842817//4669402/1515740/3.24/3.11//2008-9-18 14:26:2
62/600099/林海股份/3.220	11200	3.210	52300	3.200	3100	3.170	2300	3.150	100	3.240	1000	3.260	5300	3.270	9790	3.280	11500	3.290	4100	/16842817//4733392/1535440/3.24/3.11//2008-9-18 14:27:3
62/600099/林海股份/3.220	5900	3.210	52300	3.200	3100	3.180	2400	3.170	2300	3.240	500	3.260	6300	3.270	10790	3.280	16500	3.290	2700	/16842817//4748868/1540240/3.22/3.11//2008-9-18 14:28:4
62/600099/林海股份/3.210	52300	3.200	3100	3.180	2400	3.170	2300	3.150	100	3.220	14800	3.230	1100	3.240	87700	3.260	6300	3.270	12990	/16842817//4786542/1551940/3.22/3.11//2008-9-18 14:29:4
62/600099/林海股份/3.210	50200	3.200	3100	3.180	2400	3.170	2300	3.150	100	3.220	9600	3.230	1100	3.240	500	3.250	600	3.260	3000	/16842817//4844481/1569940/3.21/3.11//2008-9-18 14:30:5
62/600099/林海股份/3.200	300	3.180	2400	3.170	2300	3.150	100	3.130	640	3.210	1100	3.220	100700	3.230	1100	3.240	500	3.250	600	/16842817//5017803/1623940/3.2/3.11//2008-9-18 14:31:6
62/600099/林海股份/3.180	2400	3.170	2300	3.150	100	3.130	640	3.120	50200	3.200	900	3.210	98250	3.220	98700	3.230	1100	3.240	500	/16842817//5018763/1624240/3.2/3.11//2008-9-18 14:32:6
62/600099/林海股份/3.180	2400	3.170	2300	3.150	100	3.130	640	3.120	50200	3.190	2600	3.200	9623	3.210	98250	3.220	97700	3.230	1100	/16842817//5021943/1625240/3.18/3.11//2008-9-18 14:33:7
62/600099/林海股份/3.180	16400	3.170	2300	3.150	100	3.130	6840	3.110	24000	3.190	1100	3.200	7900	3.210	98250	3.220	97700	3.230	1100	/16842817//5029908/1627740/3.19/3.11//2008-9-18 14:34:8
62/600099/林海股份/3.180	16400	3.170	2300	3.150	100	3.140	3000	3.130	6840	3.190	100	3.200	8400	3.210	98250	3.220	97700	3.230	1100	/16842817//5033098/1628740/3.19/3.11//2008-9-18 14:35:8
62/600099/林海股份/3.170	2300	3.150	100	3.140	3000	3.130	6840	3.110	27300	3.210	73850	3.220	10500	3.230	1100	3.240	500	3.250	1100	/16842817//5189915/1677740/3.21/3.11//2008-9-18 14:36:9
62/600099/林海股份/3.190	10000	3.180	14100	3.170	2300	3.150	2100	3.140	3000	3.210	70550	3.220	7100	3.230	1100	3.240	500	3.250	1100	/16842817//5217144/1686240/3.21/3.11//2008-9-18 14:37:10
62/600099/林海股份/3.200	600	3.190	8600	3.180	14200	3.170	3100	3.150	2100	3.210	70550	3.220	22100	3.230	1100	3.240	500	3.250	1100	/16842817//5222569/1687940/3.2/3.11//2008-9-18 14:38:10
62/600099/林海股份/3.190	8600	3.180	14200	3.170	3100	3.150	2100	3.140	3000	3.200	3500	3.210	71550	3.220	22100	3.230	1100	3.240	500	/16842817//5272214/1703440/3.21/3.11//2008-9-18 14:39:11
62/600099/林海股份/3.190	4900	3.180	14100	3.170	2300	3.150	2100	3.140	3000	3.200	5000	3.210	71050	3.220	22100	3.230	1100	3.240	500	/16842817//5290397/1709140/3.19/3.11//2008-9-18 14:40:12
62/600099/林海股份/3.190	7100	3.180	14100	3.170	2300	3.150	3400	3.140	3000	3.200	6700	3.210	71650	3.220	22100	3.230	1100	3.240	500	/16842817//5301562/1712640/3.19/3.11//2008-9-18 14:41:12
62/600099/林海股份/3.190	3700	3.180	14100	3.170	2300	3.150	2100	3.140	3000	3.200	8200	3.210	71650	3.220	22100	3.230	1100	3.240	500	/16842817//5312408/1716040/3.19/3.11//2008-9-18 14:42:13
62/600099/林海股份/3.180	14100	3.170	2300	3.150	2100	3.140	3000	3.130	240	3.190	300	3.200	10200	3.210	66650	3.220	22100	3.230	1100	/16842817//5336014/1723440/3.19/3.11//2008-9-18 14:43:14
62/600099/林海股份/3.180	11800	3.150	2100	3.140	3000	3.130	240	3.120	1200	3.190	300	3.200	10100	3.210	66650	3.220	22100	3.230	1100	/16842817//5331525/1722040/3.18/3.11//2008-9-18 14:44:14
62/600099/林海股份/3.180	11400	3.150	2100	3.140	3000	3.130	240	3.120	1200	3.190	200	3.200	11500	3.210	66650	3.220	22100	3.230	1100	/16842817//5333116/1722540/3.19/3.11//2008-9-18 14:45:15
62/600099/林海股份/3.190	1000	3.180	9400	3.150	5100	3.140	3000	3.130	240	3.200	100	3.210	66650	3.220	22100	3.230	1100	3.240	500	/16842817//5390311/1740440/3.19/3.11//2008-9-18 14:46:16
62/600099/林海股份/3.150	5100	3.140	3000	3.130	240	3.120	1200	3.110	3500	3.180	200	3.190	10500	3.200	9200	3.210	112150	3.220	22100	/16842817//5577376/1798840/3.18/3.11//2008-9-18 14:47:16
62/600099/林海股份/3.180	24600	3.150	5000	3.140	3000	3.130	240	3.120	1200	3.190	1700	3.200	9200	3.210	115150	3.220	22100	3.230	1100	/16842817//5603550/1807040/3.19/3.11//2008-9-18 14:48:17
62/600099/林海股份/3.180	5500	3.150	7000	3.140	4000	3.130	240	3.120	1200	3.190	1700	3.200	15400	3.210	113150	3.220	22100	3.230	1100	/16842817//5664288/1826140/3.18/3.11//2008-9-18 14:49:18
62/600099/林海股份/3.160	500	3.150	7000	3.140	3000	3.130	240	3.120	1200	3.180	800	3.190	1700	3.200	17300	3.210	113150	3.220	7100	/16842817//5681778/1831640/3.18/3.11//2008-9-18 14:50:18
62/600099/林海股份/3.160	500	3.150	7100	3.130	240	3.120	1200	3.110	12800	3.180	1000	3.190	1400	3.200	18300	3.210	113150	3.220	7100	/16842817//5686551/1833140/3.19/3.11//2008-9-18 14:51:19
62/600099/林海股份/3.160	500	3.150	7100	3.130	240	3.120	1200	3.110	6500	3.180	1000	3.190	3400	3.200	20300	3.210	113150	3.220	3100	/16842817//5686551/1833140/3.19/3.11//2008-9-18 14:52:20
62/600099/林海股份/3.160	500	3.150	7100	3.130	240	3.120	1200	3.110	6500	3.180	6200	3.190	3400	3.200	20300	3.210	26450	3.220	3100	/16842817//5686551/1833140/3.19/3.11//2008-9-18 14:53:21
62/600099/林海股份/3.200	7300	3.180	5600	3.160	20500	3.150	7100	3.130	240	3.210	26450	3.220	3100	3.230	1100	3.240	500	3.250	4600	/16842817//5783349/1863440/3.2/3.11//2008-9-18 14:54:21
62/600099/林海股份/3.210	6000	3.200	6300	3.180	5600	3.160	20500	3.150	7100	3.220	2100	3.230	1100	3.240	500	3.250	25950	3.260	2000	/16842817//5812881/1872640/3.21/3.11//2008-9-18 14:55:22
62/600099/林海股份/3.230	11600	3.220	12600	3.210	5200	3.200	6300	3.180	5600	3.240	22800	3.250	4600	3.260	23300	3.270	9390	3.280	16500	/16842817//5899058/1899340/3.23/3.11//2008-9-18 14:56:23
62/600099/林海股份/3.220	12600	3.210	5200	3.200	6300	3.180	5600	3.160	20500	3.230	3900	3.240	22000	3.250	4600	3.260	7000	3.270	9890	/16842817//5911332/1903140/3.23/3.11//2008-9-18 14:57:23
62/600099/林海股份/3.220	11600	3.210	5200	3.200	6300	3.180	5600	3.160	20500	3.230	2500	3.240	22000	3.250	5100	3.260	7000	3.270	9890	/16842817//5936516/1910940/3.23/3.11//2008-9-18 14:58:24
62/600099/林海股份/3.220	5600	3.210	5200	3.200	6300	3.180	5600	3.160	20500	3.230	500	3.240	300	3.250	7100	3.260	7400	3.270	9890	/16842817//6059780/1949040/3.23/3.11//2008-9-18 14:59:25
62/600099/林海股份/3.230	400	3.220	400	3.210	5200	3.200	6300	3.180	5600	3.240	1800	3.250	7100	3.260	7400	3.270	9890	3.280	10500	/16842817//6081369/1955740/3.23/3.11//2008-9-18 15:0:26
62/600099/林海股份/3.230	400	3.220	400	3.210	5200	3.200	6300	3.180	5600	3.240	1800	3.250	7100	3.260	7400	3.270	9890	3.280	10500	/16842817//6081369/1955740/3.23/3.11//2008-9-18 15:1:26
62/600099/林海股份/3.230	400	3.220	400	3.210	5200	3.200	6300	3.180	5600	3.240	1800	3.250	7100	3.260	7400	3.270	9890	3.280	10500	/16842817//6081369/1955740/3.23/3.11//2008-9-18 15:2:27
