687/600039/四川路桥/4.420	6300	4.410	8200	4.400	15900	4.390	1300	4.380	2600	4.430	100	4.450	8600	4.470	11000	4.480	4700	4.490	88000	/16843472//326632/73100/4.42/4.62//2008-9-18 9:31:34
687/600039/四川路桥/4.440	600	4.430	5300	4.420	6900	4.410	7700	4.400	14300	4.450	6900	4.470	11000	4.480	13700	4.490	81900	4.500	2500	/16843472//528559/118600/4.44/4.62//2008-9-18 9:32:35
687/600039/四川路桥/4.440	8800	4.430	5900	4.420	10700	4.410	23600	4.400	21900	4.450	11100	4.470	11000	4.480	13700	4.490	64000	4.500	2500	/16843472//674710/151500/4.45/4.62//2008-9-18 9:33:35
687/600039/四川路桥/4.440	12401	4.430	5900	4.420	5500	4.410	28600	4.400	23800	4.450	14300	4.470	11000	4.480	14700	4.490	60600	4.500	2900	/16843472//812423/182499/4.44/4.62//2008-9-18 9:34:35
687/600039/四川路桥/4.410	28600	4.400	24900	4.390	200	4.380	2900	4.370	800	4.420	3900	4.430	500	4.440	15700	4.450	14899	4.470	11000	/16843472//1057934/237900/4.41/4.62//2008-9-18 9:35:35
687/600039/四川路桥/4.400	19600	4.390	400	4.380	2900	4.370	1800	4.360	11500	4.420	100	4.430	3100	4.440	14200	4.450	14899	4.470	11000	/16843472//1236645/278400/4.4/4.62//2008-9-18 9:36:36
687/600039/四川路桥/4.410	4600	4.400	12900	4.390	2000	4.380	3900	4.370	4800	4.420	1500	4.430	5000	4.440	18500	4.450	9899	4.470	11000	/16843472//1464308/330000/4.41/4.62//2008-9-18 9:37:36
687/600039/四川路桥/4.400	17100	4.390	15000	4.380	3600	4.370	15200	4.360	10100	4.410	3700	4.420	1300	4.430	6000	4.440	13500	4.450	3299	/16843472//1701070/383700/4.41/4.62//2008-9-18 9:38:36
687/600039/四川路桥/4.410	2600	4.400	16400	4.390	15000	4.380	4600	4.370	4900	4.420	1800	4.430	3000	4.440	13500	4.450	2999	4.470	11000	/16843472//1746924/394100/4.41/4.62//2008-9-18 9:39:36
687/600039/四川路桥/4.410	12700	4.400	23000	4.390	15000	4.380	5600	4.370	6400	4.420	16000	4.430	3000	4.440	13500	4.450	15999	4.480	11400	/16843472//1866136/421100/4.41/4.62//2008-9-18 9:40:36
687/600039/四川路桥/4.420	4600	4.410	3100	4.400	25100	4.390	12000	4.380	6000	4.430	1400	4.440	12600	4.450	6999	4.470	10300	4.480	11400	/16843472//1999496/451300/4.43/4.62//2008-9-18 9:41:37
687/600039/四川路桥/4.440	200	4.430	5500	4.420	5300	4.410	11800	4.400	24600	4.450	499	4.470	10300	4.480	11400	4.490	42300	4.500	10200	/16843472//2167614/489200/4.43/4.62//2008-9-18 9:42:37
687/600039/四川路桥/4.420	2400	4.410	11600	4.400	25100	4.390	2000	4.380	6000	4.430	18800	4.450	699	4.470	10300	4.480	11400	4.490	42300	/16843472//2245562/506800/4.43/4.62//2008-9-18 9:43:37
687/600039/四川路桥/4.410	12100	4.400	25500	4.390	1800	4.380	6000	4.370	6000	4.420	1100	4.430	10800	4.450	499	4.470	10300	4.480	11700	/16843472//2325661/524900/4.42/4.62//2008-9-18 9:44:37
687/600039/四川路桥/4.400	28600	4.390	1800	4.380	6000	4.370	6000	4.360	10100	4.410	48598	4.420	1800	4.430	18200	4.450	8199	4.470	10300	/16843472//2453683/553900/4.41/4.62//2008-9-18 9:45:37
687/600039/四川路桥/4.400	26700	4.390	1800	4.380	6700	4.370	6000	4.360	10100	4.410	5398	4.420	1900	4.430	13700	4.450	8499	4.470	10300	/16843472//2696580/609000/4.41/4.62//2008-9-18 9:46:38
687/600039/四川路桥/4.400	39000	4.390	1800	4.380	6900	4.370	6000	4.360	10100	4.410	48198	4.420	1500	4.430	14600	4.450	8499	4.470	10300	/16843472//2827102/638600/4.41/4.62//2008-9-18 9:47:38
687/600039/四川路桥/4.390	1800	4.380	7900	4.370	6000	4.360	11500	4.350	9200	4.400	5300	4.410	10198	4.420	1500	4.430	15600	4.450	8499	/16843472//3211187/725800/4.4/4.62//2008-9-18 9:48:38
687/600039/四川路桥/4.380	9000	4.370	5500	4.360	10300	4.350	9200	4.340	10900	4.390	2000	4.400	32700	4.410	9198	4.420	600	4.430	15300	/16843472//3327737/752300/4.39/4.62//2008-9-18 9:49:39
687/600039/四川路桥/4.390	500	4.380	20500	4.370	5500	4.360	15300	4.350	11200	4.400	30800	4.410	6998	4.420	800	4.430	14400	4.450	8499	/16843472//3579658/809700/4.4/4.62//2008-9-18 9:50:39
687/600039/四川路桥/4.370	7100	4.360	17300	4.350	22400	4.340	15900	4.330	1100	4.390	11980	4.400	32000	4.410	6998	4.420	1000	4.430	16200	/16843472//3770279/853200/4.37/4.62//2008-9-18 9:51:39
687/600039/四川路桥/4.360	13300	4.350	26400	4.340	15900	4.330	1100	4.320	1800	4.370	4400	4.380	13300	4.390	11600	4.400	33000	4.410	13098	/16843472//3895209/881800/4.36/4.62//2008-9-18 9:52:39
687/600039/四川路桥/4.340	6900	4.330	24600	4.320	1800	4.310	52300	4.300	35500	4.350	16780	4.360	85233	4.370	24300	4.380	12000	4.390	9600	/16843472//4113025/931810/4.34/4.62//2008-9-18 9:53:40
687/600039/四川路桥/4.300	29800	4.280	20000	4.270	3000	4.260	7500	4.250	3100	4.310	10800	4.320	10800	4.330	44500	4.340	8300	4.350	36600	/16843472//4523922/1026910/4.31/4.62//2008-9-18 9:54:40
687/600039/四川路桥/4.270	6000	4.260	7500	4.250	36300	4.240	2500	4.230	700	4.280	6800	4.290	600	4.300	73901	4.310	70300	4.320	13800	/16843472//4754735/1080610/4.28/4.62//2008-9-18 9:55:40
687/600039/四川路桥/4.260	21300	4.250	6300	4.240	2500	4.230	15000	4.220	1500	4.270	13500	4.280	4100	4.290	22100	4.300	58501	4.310	3300	/16843472//4958198/1128310/4.27/4.62//2008-9-18 9:56:41
687/600039/四川路桥/4.270	7000	4.260	2000	4.250	7100	4.240	1600	4.230	15000	4.280	2100	4.290	21000	4.300	48601	4.310	2800	4.320	4100	/16843472//5164046/1176610/4.27/4.62//2008-9-18 9:57:41
687/600039/四川路桥/4.280	7100	4.270	4300	4.260	9900	4.250	7300	4.240	1600	4.290	300	4.300	46501	4.310	2800	4.320	4000	4.330	1300	/16843472//5380694/1227210/4.28/4.62//2008-9-18 9:58:41
687/600039/四川路桥/4.300	6699	4.290	2500	4.280	9000	4.270	4300	4.260	13300	4.310	600	4.320	4000	4.330	1300	4.340	800	4.350	21000	/16843472//5612960/1281211/4.31/4.62//2008-9-18 9:59:41
687/600039/四川路桥/4.300	5499	4.290	12800	4.280	7400	4.270	4300	4.260	10300	4.310	4700	4.320	3500	4.330	300	4.340	4800	4.350	25700	/16843472//5692700/1299711/4.31/4.62//2008-9-18 10:0:42
687/600039/四川路桥/4.280	9400	4.270	4800	4.260	10600	4.250	16300	4.240	100	4.300	27801	4.310	14800	4.320	40000	4.330	18700	4.340	4800	/16843472//5871441/1341310/4.29/4.62//2008-9-18 10:1:42
687/600039/四川路桥/4.250	3200	4.240	100	4.230	15300	4.220	33600	4.210	1500	4.280	18700	4.290	12500	4.300	36521	4.310	24800	4.320	28000	/16843472//6119497/1399410/4.25/4.29//2008-9-18 10:2:42
687/600039/四川路桥/4.200	43000	4.190	500	4.180	18200	4.170	16200	4.160	121000	4.220	1300	4.250	21513	4.260	5900	4.270	11200	4.280	9500	/16843472//6531296/1496810/4.2/4.29//2008-9-18 10:3:42
687/600039/四川路桥/4.170	19001	4.160	54900	0.000	0	0.000	0	0.000	0	4.190	800	4.200	17500	4.210	5100	4.220	61600	4.240	3000	/16843472//7492345/1726609/4.17/4.29//2008-9-18 10:4:43
687/600039/四川路桥/4.170	1000	4.160	79243	0.000	0	0.000	0	0.000	0	4.160	155757	4.170	10247	4.200	58450	4.210	7100	4.220	64100	/16843472//8718905/2021210/4.16/4.29//2008-9-18 10:5:43
687/600039/四川路桥/4.160	102043	0.000	0	0.000	0	0.000	0	0.000	0	4.170	7147	4.190	5400	4.200	29450	4.210	7100	4.220	74100	/16843472//9510391/2211467/4.16/4.29//2008-9-18 10:6:43
687/600039/四川路桥/4.190	19800	4.170	37353	4.160	255143	0.000	0	0.000	0	4.200	27150	4.210	7100	4.220	73100	4.230	90	4.240	3000	/16843472//9812427/2283914/4.19/4.29//2008-9-18 10:7:44
687/600039/四川路桥/4.190	26800	4.180	5100	4.170	72253	4.160	267443	0.000	0	4.200	550	4.210	7100	4.220	20000	4.230	90	4.240	3000	/16843472//9929167/2311714/4.2/4.29//2008-9-18 10:8:44
687/600039/四川路桥/4.210	5310	4.200	18500	4.190	30750	4.180	23600	4.170	75253	4.220	20000	4.230	90	4.240	3000	4.250	5800	4.260	500	/16843472//10056196/2341944/4.21/4.29//2008-9-18 10:9:44
687/600039/四川路桥/4.210	3000	4.200	3600	4.190	30750	4.180	11900	4.170	274953	4.230	90	4.240	3300	4.250	10100	4.260	1300	4.280	1300	/16843472//10296938/2399054/4.2/4.29//2008-9-18 10:10:44
687/600039/四川路桥/4.200	8800	4.190	27050	4.180	16000	4.170	268453	4.160	285543	4.210	5300	4.220	1000	4.230	90	4.240	3300	4.250	10100	/16843472//10545253/2458054/4.21/4.29//2008-9-18 10:11:45
687/600039/四川路桥/4.220	1600	4.210	9099	4.200	46200	4.190	32050	4.180	17100	4.240	1690	4.250	10100	4.260	1300	4.280	2300	4.290	2500	/16843472//10671568/2488055/4.21/4.29//2008-9-18 10:12:45
687/600039/四川路桥/4.210	4599	4.200	48700	4.190	32250	4.180	18200	4.170	268753	4.220	1400	4.240	33200	4.250	5290	4.260	1100	4.280	2300	/16843472//10800251/2518455/4.22/4.29//2008-9-18 10:13:45
687/600039/四川路桥/4.190	32050	4.180	19200	4.170	268753	4.160	294643	0.000	0	4.220	1100	4.230	11500	4.240	27900	4.250	5290	4.260	2100	/16843472//11086451/2586555/4.22/4.29//2008-9-18 10:14:46
687/600039/四川路桥/4.210	100	4.200	58200	4.190	26250	4.180	23400	4.170	252153	4.230	11000	4.240	27900	4.250	5690	4.260	2100	4.280	2300	/16843472//11113003/2592855/4.22/4.29//2008-9-18 10:15:46
687/600039/四川路桥/4.210	4000	4.200	9100	4.190	25950	4.180	40600	4.170	252553	4.220	39200	4.230	13500	4.240	27900	4.250	5690	4.260	1100	/16843472//11336067/2645955/4.22/4.29//2008-9-18 10:16:46
687/600039/四川路桥/4.210	6800	4.200	9800	4.190	25950	4.180	41700	4.170	249353	4.220	32700	4.230	7700	4.240	27900	4.250	5690	4.260	1100	/16843472//11405990/2662555/4.2/4.29//2008-9-18 10:17:47
687/600039/四川路桥/4.220	3000	4.210	13700	4.200	16800	4.190	25950	4.180	41600	4.230	7200	4.240	27900	4.250	5690	4.260	1100	4.280	2300	/16843472//11554956/2697855/4.23/4.29//2008-9-18 10:18:47
687/600039/四川路桥/4.210	10100	4.200	27400	4.190	25950	4.180	43100	4.170	249353	4.220	4000	4.230	3600	4.240	27900	4.250	5690	4.260	1100	/16843472//11732663/2739955/4.22/4.29//2008-9-18 10:19:47
687/600039/四川路桥/4.220	500	4.210	16902	4.200	29200	4.190	25250	4.180	39500	4.230	1700	4.240	27900	4.250	8690	4.260	1100	4.280	2300	/16843472//11709874/2734553/4.22/4.29//2008-9-18 10:20:48
687/600039/四川路桥/4.220	7000	4.210	17402	4.200	32400	4.190	25250	4.180	38200	4.230	5800	4.240	27900	4.250	8690	4.260	800	4.280	2300	/16843472//11789813/2753453/4.23/4.29//2008-9-18 10:21:48
687/600039/四川路桥/4.210	29202	4.200	33400	4.190	13400	4.180	38200	4.170	231753	4.220	200	4.240	23400	4.250	8690	4.260	800	4.280	3300	/16843472//11924255/2785253/4.22/4.29//2008-9-18 10:22:48
687/600039/四川路桥/4.210	29202	4.200	31400	4.190	8800	4.180	39900	4.170	231753	4.220	7100	4.230	28400	4.240	23400	4.250	8290	4.260	800	/16843472//11939875/2788953/4.22/4.29//2008-9-18 10:23:48
687/600039/四川路桥/4.220	3000	4.210	29502	4.200	31400	4.190	25300	4.180	42500	4.230	30400	4.240	23400	4.250	8290	4.260	800	4.280	3300	/16843472//12153841/2839653/4.23/4.29//2008-9-18 10:24:49
687/600039/四川路桥/4.230	8902	4.210	30000	4.200	31400	4.190	26300	4.180	43500	4.240	23400	4.250	8290	4.260	800	4.280	3300	4.290	11500	/16843472//12533972/2929753/4.23/4.29//2008-9-18 10:25:49
687/600039/四川路桥/4.220	500	4.210	50800	4.200	31400	4.190	26300	4.180	44900	4.230	4298	4.240	20400	4.250	8290	4.260	800	4.280	3300	/16843472//12601268/2945655/4.23/4.29//2008-9-18 10:26:49
687/600039/四川路桥/4.210	51400	4.200	30600	4.190	26300	4.180	47000	4.170	235353	4.220	6900	4.230	10298	4.240	20400	4.250	8290	4.260	800	/16843472//12626598/2951655/4.22/4.29//2008-9-18 10:27:50
687/600039/四川路桥/4.230	3502	4.210	51200	4.200	29600	4.190	27300	4.180	47000	4.240	20400	4.250	8290	4.260	800	4.280	3300	4.290	11500	/16843472//12814917/2996253/4.23/4.29//2008-9-18 10:28:50
687/600039/四川路桥/4.240	2206	4.230	1802	4.220	4700	4.210	53600	4.200	28900	4.250	8290	4.260	800	4.280	3300	4.290	11500	4.300	27321	/16843472//12938683/3025447/4.24/4.29//2008-9-18 10:29:50
687/600039/四川路桥/4.240	8500	4.230	2102	4.220	6700	4.210	33800	4.200	34100	4.250	7390	4.260	800	4.280	3300	4.290	15500	4.300	27321	/16843472//12952684/3028747/4.25/4.29//2008-9-18 10:30:51
687/600039/四川路桥/4.240	2400	4.230	2102	4.220	6700	4.210	34800	4.200	35000	4.250	5390	4.260	800	4.270	1500	4.280	7100	4.290	15500	/16843472//12982808/3035847/4.25/4.29//2008-9-18 10:31:51
687/600039/四川路桥/4.210	602	4.200	31900	4.190	27300	4.180	51100	4.170	236353	4.250	7390	4.260	800	4.270	1500	4.280	9000	4.290	15500	/16843472//13155801/3076847/4.21/4.29//2008-9-18 10:32:51
687/600039/四川路桥/4.210	1000	4.200	30600	4.190	27300	4.180	51600	4.170	236353	4.220	200	4.230	1500	4.250	5988	4.260	800	4.270	1500	/16843472//13182482/3083149/4.25/4.29//2008-9-18 10:33:52
687/600039/四川路桥/4.240	2400	4.220	1100	4.210	26300	4.200	37400	4.190	10800	4.250	30488	4.260	800	4.270	1500	4.280	9600	4.290	16000	/16843472//13216631/3091249/4.24/4.29//2008-9-18 10:34:52
687/600039/四川路桥/4.240	306	4.220	2000	4.210	29900	4.200	41200	4.190	10800	4.250	68188	4.260	1001	4.270	1500	4.280	9600	4.290	16000	/16843472//13252286/3099643/4.25/4.29//2008-9-18 10:35:52
687/600039/四川路桥/4.220	2300	4.210	29900	4.200	41200	4.190	10800	4.180	56200	4.230	1800	4.240	13994	4.250	66388	4.260	1001	4.270	1500	/16843472//13274375/3104849/4.23/4.29//2008-9-18 10:36:53
687/600039/四川路桥/4.220	500	4.210	30100	4.200	42700	4.190	10800	4.180	54500	4.230	4000	4.240	22494	4.250	103388	4.260	1001	4.280	5800	/16843472//13281143/3106449/4.23/4.29//2008-9-18 10:37:53
687/600039/四川路桥/4.210	29500	4.200	42700	4.190	9800	4.180	54000	4.170	238053	4.220	3900	4.230	5800	4.240	22794	4.250	77688	4.260	1001	/16843472//13290845/3108749/4.21/4.29//2008-9-18 10:38:53
687/600039/四川路桥/4.190	2300	4.180	70500	4.170	238053	4.160	324743	0.000	0	4.200	500	4.210	6200	4.220	4900	4.230	4900	4.240	30894	/16843472//13627905/3188949/4.19/4.29//2008-9-18 10:39:54
687/600039/四川路桥/4.190	3400	4.180	49221	4.170	238253	4.160	311943	0.000	0	4.210	6200	4.220	4500	4.230	5000	4.240	30594	4.250	69188	/16843472//13763041/3221228/4.19/4.29//2008-9-18 10:40:54
687/600039/四川路桥/4.190	19800	4.180	51521	4.170	241353	4.160	325643	0.000	0	4.200	1400	4.210	5200	4.220	3000	4.230	3000	4.240	30594	/16843472//13792393/3228228/4.2/4.29//2008-9-18 10:41:54
687/600039/四川路桥/4.200	22200	4.190	19500	4.180	52921	4.170	241653	4.160	331443	4.210	5200	4.220	3000	4.230	2000	4.240	31594	4.250	70088	/16843472//13810853/3232628/4.2/4.29//2008-9-18 10:42:55
687/600039/四川路桥/4.200	11800	4.190	15000	4.180	38621	4.170	241753	4.160	335943	4.210	7200	4.220	2900	4.230	2000	4.240	26594	4.250	70088	/16843472//13947113/3265028/4.2/4.29//2008-9-18 10:43:55
687/600039/四川路桥/4.210	29900	4.200	13800	4.190	31900	4.180	42621	4.170	242153	4.220	2900	4.230	2000	4.240	26594	4.250	70088	4.260	401	/16843472//13977425/3272228/4.21/4.29//2008-9-18 10:44:56
687/600039/四川路桥/4.220	900	4.210	29400	4.200	15900	4.190	31100	4.180	40621	4.230	2000	4.240	26594	4.250	70088	4.260	401	4.280	5800	/16843472//13999357/3277428/4.22/4.29//2008-9-18 10:45:56
687/600039/四川路桥/4.210	800	4.200	14400	4.190	30100	4.180	40621	4.170	241253	4.220	44900	4.230	5000	4.240	27394	4.250	70088	4.260	401	/16843472//14129054/3308228/4.21/4.29//2008-9-18 10:46:56
687/600039/四川路桥/4.190	25100	4.180	38921	4.170	241253	4.160	340143	0.000	0	4.200	17500	4.210	13100	4.220	51600	4.230	5200	4.240	28394	/16843472//14255832/3338428/4.19/4.29//2008-9-18 10:47:57
687/600039/四川路桥/4.180	37721	4.170	241353	4.160	341643	0.000	0	0.000	0	4.190	5500	4.200	38700	4.210	6000	4.220	51600	4.230	5200	/16843472//14432609/3380628/4.18/4.29//2008-9-18 10:48:57
687/600039/四川路桥/4.170	247553	4.160	347343	0.000	0	0.000	0	0.000	0	4.180	21779	4.190	16900	4.200	25200	4.210	5900	4.220	42700	/16843472//14582313/3416449/4.18/4.29//2008-9-18 10:49:57
687/600039/四川路桥/4.170	226153	4.160	345743	0.000	0	0.000	0	0.000	0	4.180	70979	4.190	13400	4.200	26800	4.210	5900	4.220	44400	/16843472//14697477/3444049/4.17/4.29//2008-9-18 10:50:58
687/600039/四川路桥/4.170	212859	4.160	368943	0.000	0	0.000	0	0.000	0	4.180	19880	4.190	9100	4.200	44400	4.210	44400	4.220	44500	/16843472//14832723/3476443/4.18/4.29//2008-9-18 10:51:58
687/600039/四川路桥/4.170	203759	4.160	357943	0.000	0	0.000	0	0.000	0	4.180	51278	4.190	9100	4.200	18400	4.210	5400	4.220	42800	/16843472//14890692/3490343/4.17/4.29//2008-9-18 10:52:58
687/600039/四川路桥/4.170	186661	4.160	364943	0.000	0	0.000	0	0.000	0	4.180	16980	4.190	9100	4.200	18400	4.210	5400	4.220	42800	/16843472//15052929/3529241/4.17/4.29//2008-9-18 10:53:59
687/600039/四川路桥/4.170	157661	4.160	366743	0.000	0	0.000	0	0.000	0	4.180	8401	4.190	9100	4.200	17400	4.210	5400	4.220	2800	/16843472//15248981/3576241/4.17/4.29//2008-9-18 10:54:59
687/600039/四川路桥/4.170	143661	4.160	383443	0.000	0	0.000	0	0.000	0	4.180	15489	4.190	9100	4.200	13400	4.210	4400	4.220	1100	/16843472//15410887/3615041/4.17/4.29//2008-9-18 10:56:0
687/600039/四川路桥/4.170	144661	4.160	384443	0.000	0	0.000	0	0.000	0	4.180	3089	4.190	9100	4.200	14400	4.210	4400	4.220	1100	/16843472//15516125/3640241/4.17/4.29//2008-9-18 10:57:0
687/600039/四川路桥/4.170	31661	4.160	384943	0.000	0	0.000	0	0.000	0	4.180	3089	4.190	9100	4.200	14700	4.210	4400	4.220	1100	/16843472//16003183/3757041/4.17/4.29//2008-9-18 10:58:0
687/600039/四川路桥/4.170	21272	4.160	372243	0.000	0	0.000	0	0.000	0	4.190	100	4.200	15000	4.210	1900	4.220	1100	4.230	5000	/16843472//16124527/3786130/4.17/4.29//2008-9-18 10:59:1
687/600039/四川路桥/4.170	31672	4.160	375843	0.000	0	0.000	0	0.000	0	4.180	9000	4.190	600	4.200	16800	4.210	1900	4.220	1100	/16843472//16106192/3781730/4.18/4.29//2008-9-18 11:0:1
687/600039/四川路桥/4.170	27972	4.160	377843	0.000	0	0.000	0	0.000	0	4.180	12400	4.190	2700	4.200	17800	4.210	1700	4.220	1100	/16843472//16161233/3794930/4.17/4.29//2008-9-18 11:1:2
687/600039/四川路桥/4.160	374743	0.000	0	0.000	0	0.000	0	0.000	0	4.170	53528	4.180	18300	4.190	200	4.200	17800	4.210	1700	/16843472//16292862/3826502/4.17/4.29//2008-9-18 11:2:2
687/600039/四川路桥/4.160	366043	0.000	0	0.000	0	0.000	0	0.000	0	4.170	42828	4.180	10900	4.190	100	4.200	17500	4.210	1700	/16843472//16383252/3848202/4.17/4.29//2008-9-18 11:3:2
687/600039/四川路桥/4.160	367333	0.000	0	0.000	0	0.000	0	0.000	0	4.170	41628	4.180	11200	4.190	100	4.200	21100	4.210	1000	/16843472//16419950/3857012/4.17/4.29//2008-9-18 11:4:3
687/600039/四川路桥/4.160	339833	0.000	0	0.000	0	0.000	0	0.000	0	4.170	35676	4.180	9800	4.190	600	4.200	20100	4.210	1000	/16843472//16564786/3891812/4.16/4.29//2008-9-18 11:5:3
687/600039/四川路桥/4.160	321833	0.000	0	0.000	0	0.000	0	0.000	0	4.170	10176	4.180	9800	4.190	600	4.200	20100	4.210	1000	/16843472//16695240/3923112/4.17/4.29//2008-9-18 11:6:4
687/600039/四川路桥/4.170	19624	4.160	299133	0.000	0	0.000	0	0.000	0	4.180	9800	4.190	600	4.200	18100	4.210	1000	4.220	1100	/16843472//16833444/3956288/4.17/4.29//2008-9-18 11:7:4
687/600039/四川路桥/4.190	10700	4.180	22400	4.170	14224	4.160	287133	0.000	0	4.200	15900	4.210	1000	4.220	1100	4.230	4200	4.240	26800	/16843472//16917054/3976288/4.2/4.29//2008-9-18 11:8:4
687/600039/四川路桥/4.200	5800	4.190	4400	4.180	22000	4.170	27724	4.160	280933	4.210	1000	4.220	1100	4.230	4200	4.240	23800	4.250	54200	/16843472//17043432/4006388/4.2/4.29//2008-9-18 11:9:5
687/600039/四川路桥/4.210	600	4.200	13300	4.190	4200	4.180	21600	4.170	25324	4.220	300	4.230	18800	4.240	23300	4.250	54200	4.260	200	/16843472//17061946/4010788/4.22/4.29//2008-9-18 11:10:5
687/600039/四川路桥/4.200	9500	4.190	2200	4.180	19300	4.170	26824	4.160	255833	4.210	10600	4.220	4200	4.230	16800	4.240	23300	4.250	54200	/16843472//17071650/4013088/4.21/4.29//2008-9-18 11:11:6
687/600039/四川路桥/4.200	600	4.190	2200	4.180	19400	4.170	29924	4.160	257833	4.210	12000	4.220	14900	4.230	16800	4.240	24100	4.250	54200	/16843472//17119554/4024488/4.2/4.29//2008-9-18 11:12:6
687/600039/四川路桥/4.190	500	4.180	24800	4.170	29924	4.160	260233	0.000	0	4.200	10800	4.210	27000	4.220	16900	4.230	16800	4.240	9100	/16843472//17131720/4027388/4.2/4.29//2008-9-18 11:13:7
687/600039/四川路桥/4.180	25300	4.170	29924	4.160	261233	0.000	0	0.000	0	4.190	2100	4.200	10200	4.210	30000	4.220	19700	4.230	16800	/16843472//17145556/4030688/4.18/4.29//2008-9-18 11:14:7
687/600039/四川路桥/4.180	6800	4.170	31224	4.160	267233	0.000	0	0.000	0	4.200	9300	4.210	30000	4.220	19700	4.230	15800	4.240	9100	/16843472//17270668/4060588/4.18/4.29//2008-9-18 11:15:7
687/600039/四川路桥/4.180	6800	4.170	39124	4.160	267533	0.000	0	0.000	0	4.190	7600	4.200	15600	4.210	30000	4.220	39200	4.230	15800	/16843472//17354286/4080588/4.18/4.29//2008-9-18 11:16:8
687/600039/四川路桥/4.170	41924	4.160	269333	0.000	0	0.000	0	0.000	0	4.180	42400	4.190	7600	4.200	12700	4.210	30000	4.220	39800	/16843472//17372656/4084988/4.17/4.29//2008-9-18 11:17:8
687/600039/四川路桥/4.170	6824	4.160	268933	0.000	0	0.000	0	0.000	0	4.180	41500	4.190	1100	4.200	12300	4.210	29700	4.220	41300	/16843472//17539048/4124888/4.18/4.29//2008-9-18 11:18:9
687/600039/四川路桥/4.170	19124	4.160	267733	0.000	0	0.000	0	0.000	0	4.180	37400	4.200	12200	4.210	29700	4.220	41300	4.230	17800	/16843472//17572454/4132888/4.18/4.29//2008-9-18 11:19:9
687/600039/四川路桥/4.160	269533	0.000	0	0.000	0	0.000	0	0.000	0	4.170	23976	4.180	49600	4.200	12200	4.210	26700	4.220	41300	/16843472//17657206/4153212/4.17/4.29//2008-9-18 11:20:10
687/600039/四川路桥/4.160	241633	0.000	0	0.000	0	0.000	0	0.000	0	4.170	37576	4.180	47800	4.200	12200	4.210	26700	4.220	36300	/16843472//17832790/4195412/4.16/4.29//2008-9-18 11:21:10
687/600039/四川路桥/4.160	238234	0.000	0	0.000	0	0.000	0	0.000	0	4.170	38376	4.180	47800	4.200	5600	4.210	26700	4.220	36300	/16843472//17933054/4219511/4.16/4.29//2008-9-18 11:22:10
687/600039/四川路桥/4.160	235434	0.000	0	0.000	0	0.000	0	0.000	0	4.170	35876	4.180	46900	4.200	5600	4.210	26700	4.220	36300	/16843472//17942678/4221811/4.16/4.29//2008-9-18 11:23:11
687/600039/四川路桥/4.160	213134	0.000	0	0.000	0	0.000	0	0.000	0	4.170	40076	4.180	12400	4.200	5600	4.210	26700	4.220	36300	/16843472//18037944/4244711/4.16/4.29//2008-9-18 11:24:11
687/600039/四川路桥/4.160	195985	0.000	0	0.000	0	0.000	0	0.000	0	4.170	29076	4.180	12400	4.200	5600	4.210	26700	4.220	72800	/16843472//18129288/4266660/4.16/4.29//2008-9-18 11:25:12
687/600039/四川路桥/4.160	195985	0.000	0	0.000	0	0.000	0	0.000	0	4.170	37476	4.180	12400	4.200	6100	4.210	26700	4.220	72200	/16843472//18168400/4276060/4.16/4.29//2008-9-18 11:26:12
687/600039/四川路桥/4.160	192885	0.000	0	0.000	0	0.000	0	0.000	0	4.170	37276	4.180	12400	4.200	6100	4.210	26700	4.220	72200	/16843472//18267826/4299960/4.16/4.29//2008-9-18 11:27:13
687/600039/四川路桥/4.160	188285	0.000	0	0.000	0	0.000	0	0.000	0	4.170	27276	4.180	12400	4.200	6100	4.210	26700	4.220	72200	/16843472//18315762/4311460/4.17/4.29//2008-9-18 11:28:13
687/600039/四川路桥/4.160	186285	0.000	0	0.000	0	0.000	0	0.000	0	4.170	20276	4.180	12400	4.200	5200	4.210	26700	4.220	73200	/16843472//18365384/4323360/4.17/4.29//2008-9-18 11:29:14
687/600039/四川路桥/4.160	180585	0.000	0	0.000	0	0.000	0	0.000	0	4.170	2876	4.180	12400	4.200	5200	4.210	26700	4.220	75200	/16843472//18416646/4335660/4.17/4.29//2008-9-18 11:30:14
687/600039/四川路桥/4.160	180585	0.000	0	0.000	0	0.000	0	0.000	0	4.170	2876	4.180	12400	4.200	5200	4.210	26700	4.220	75200	/16843472//18416646/4335660/4.17/4.29//2008-9-18 11:31:15
687/600039/四川路桥/4.170	14300	4.160	48084	0.000	0	0.000	0	0.000	0	4.180	10000	4.200	10400	4.210	26700	4.220	36700	4.230	17800	/16843472//19115926/4503661/4.17/4.29//2008-9-18 13:1:15
687/600039/四川路桥/4.170	14624	4.160	49884	0.000	0	0.000	0	0.000	0	4.180	7700	4.200	12400	4.210	56700	4.220	36700	4.230	17800	/16843472//19135032/4508237/4.17/4.29//2008-9-18 13:2:16
687/600039/四川路桥/4.170	3000	4.160	52284	0.000	0	0.000	0	0.000	0	4.180	11600	4.200	14400	4.210	56700	4.220	36700	4.230	17800	/16843472//19196352/4522937/4.18/4.29//2008-9-18 13:3:16
687/600039/四川路桥/4.160	53684	0.000	0	0.000	0	0.000	0	0.000	0	4.170	9100	4.180	24500	4.200	15800	4.210	56700	4.220	36700	/16843472//19222622/4529237/4.17/4.29//2008-9-18 13:4:17
687/600039/四川路桥/4.160	45484	0.000	0	0.000	0	0.000	0	0.000	0	4.170	7500	4.180	26500	4.200	15800	4.210	56700	4.220	36700	/16843472//19274634/4541737/4.16/4.29//2008-9-18 13:5:17
687/600039/四川路桥/4.160	9694	0.000	0	0.000	0	0.000	0	0.000	0	4.170	4100	4.180	25500	4.200	15800	4.210	56700	4.220	36700	/16843472//19515488/4599627/4.16/4.29//2008-9-18 13:6:18
687/600039/四川路桥/4.160	7194	0.000	0	0.000	0	0.000	0	0.000	0	4.160	16206	4.170	6400	4.180	19500	4.200	12900	4.210	56700	/16843472//19660232/4634421/4.16/4.29//2008-9-18 13:7:18
687/600039/四川路桥/4.160	7194	0.000	0	0.000	0	0.000	0	0.000	0	4.160	12306	4.170	4100	4.180	11600	4.200	13900	4.210	56700	/16843472//19728040/4650721/4.16/4.29//2008-9-18 13:8:19
687/600039/四川路桥/4.160	7194	0.000	0	0.000	0	0.000	0	0.000	0	4.160	6306	4.170	4100	4.180	11600	4.200	13400	4.210	57400	/16843472//19820808/4673021/4.16/4.29//2008-9-18 13:9:19
687/600039/四川路桥/4.160	7194	0.000	0	0.000	0	0.000	0	0.000	0	4.160	3426	4.170	4100	4.180	11600	4.200	14000	4.210	57400	/16843472//19854920/4681221/4.16/4.29//2008-9-18 13:10:20
687/600039/四川路桥/4.160	7194	0.000	0	0.000	0	0.000	0	0.000	0	4.160	4826	4.170	4100	4.180	11600	4.200	14000	4.210	59400	/16843472//19877384/4686621/4.16/4.29//2008-9-18 13:11:20
687/600039/四川路桥/4.160	7194	0.000	0	0.000	0	0.000	0	0.000	0	4.160	14326	4.170	4100	4.180	8600	4.200	14500	4.210	59400	/16843472//19890696/4689821/4.16/4.29//2008-9-18 13:12:21
687/600039/四川路桥/4.160	7194	0.000	0	0.000	0	0.000	0	0.000	0	4.160	33026	4.170	5100	4.180	8600	4.200	17000	4.210	59400	/16843472//19919816/4696821/4.16/4.29//2008-9-18 13:13:21
687/600039/四川路桥/4.160	7194	0.000	0	0.000	0	0.000	0	0.000	0	4.160	62426	4.170	5100	4.180	8600	4.200	17000	4.210	59400	/16843472//19936456/4700821/4.16/4.29//2008-9-18 13:14:22
687/600039/四川路桥/4.160	7194	0.000	0	0.000	0	0.000	0	0.000	0	4.160	60726	4.170	6100	4.180	8600	4.200	17400	4.210	60400	/16843472//19991368/4714021/4.16/4.29//2008-9-18 13:15:22
687/600039/四川路桥/4.160	7194	0.000	0	0.000	0	0.000	0	0.000	0	4.160	82116	4.170	6100	4.180	8600	4.190	1300	4.200	17400	/16843472//20008840/4718221/4.16/4.29//2008-9-18 13:16:23
687/600039/四川路桥/4.160	7194	0.000	0	0.000	0	0.000	0	0.000	0	4.160	86816	4.170	6100	4.180	8600	4.190	1300	4.200	17400	/16843472//20010920/4718721/4.16/4.29//2008-9-18 13:17:23
687/600039/四川路桥/4.160	7194	0.000	0	0.000	0	0.000	0	0.000	0	4.160	102116	4.170	5900	4.180	8600	4.190	1300	4.200	16900	/16843472//20076232/4734421/4.16/4.29//2008-9-18 13:18:24
687/600039/四川路桥/4.160	7194	0.000	0	0.000	0	0.000	0	0.000	0	4.160	115616	4.170	5900	4.180	8600	4.190	1300	4.200	19200	/16843472//20077064/4734621/4.16/4.29//2008-9-18 13:19:24
687/600039/四川路桥/4.160	7194	0.000	0	0.000	0	0.000	0	0.000	0	4.160	131606	4.170	5900	4.180	8600	4.190	1300	4.200	19200	/16843472//20086632/4736921/4.16/4.29//2008-9-18 13:20:25
687/600039/四川路桥/4.160	7194	0.000	0	0.000	0	0.000	0	0.000	0	4.160	160806	4.170	5900	4.180	8600	4.190	1300	4.200	16900	/16843472//20089960/4737721/4.16/4.29//2008-9-18 13:21:25
687/600039/四川路桥/4.160	7194	0.000	0	0.000	0	0.000	0	0.000	0	4.160	190706	4.170	5900	4.180	8600	4.190	1300	4.200	16900	/16843472//20090792/4737921/4.16/4.29//2008-9-18 13:22:26
687/600039/四川路桥/4.160	7194	0.000	0	0.000	0	0.000	0	0.000	0	4.160	180506	4.170	6500	4.180	8600	4.190	1300	4.200	16900	/16843472//20111592/4742921/4.16/4.29//2008-9-18 13:23:26
687/600039/四川路桥/4.160	7194	0.000	0	0.000	0	0.000	0	0.000	0	4.160	130816	4.170	6500	4.180	8600	4.190	1300	4.200	15400	/16843472//20304200/4789221/4.16/4.29//2008-9-18 13:24:27
687/600039/四川路桥/4.160	116084	0.000	0	0.000	0	0.000	0	0.000	0	4.170	4500	4.180	8600	4.190	1300	4.200	14000	4.210	60400	/16843472//20879178/4927437/4.16/4.29//2008-9-18 13:25:27
687/600039/四川路桥/4.180	19400	4.170	43300	4.160	116084	0.000	0	0.000	0	4.190	1300	4.200	10700	4.210	27700	4.220	6700	4.230	18800	/16843472//20982258/4952137/4.17/4.29//2008-9-18 13:26:28
687/600039/四川路桥/4.200	12100	4.190	1800	4.180	27200	4.170	43700	4.160	87984	4.210	27000	4.220	6700	4.230	18800	4.240	7500	4.250	58200	/16843472//21036406/4965037/4.2/4.29//2008-9-18 13:27:28
687/600039/四川路桥/4.190	800	4.180	17600	4.170	43000	4.160	80184	0.000	0	4.200	7401	4.210	27000	4.220	6700	4.230	18800	4.240	8500	/16843472//21091426/4978137/4.2/4.29//2008-9-18 13:28:29
687/600039/四川路桥/4.190	2000	4.180	15000	4.170	56800	4.160	74784	0.000	0	4.200	5500	4.210	7401	4.220	7100	4.230	18800	4.240	13100	/16843472//21238626/5013137/4.2/4.29//2008-9-18 13:29:29
687/600039/四川路桥/4.190	800	4.180	14100	4.170	42000	4.160	75084	0.000	0	4.200	3900	4.210	7401	4.220	21300	4.230	18800	4.240	14800	/16843472//21263378/5019037/4.19/4.29//2008-9-18 13:30:30
687/600039/四川路桥/4.200	2800	4.190	300	4.180	15300	4.170	41000	4.160	74384	4.210	7601	4.220	21300	4.230	18800	4.240	14800	4.250	91000	/16843472//21296128/5026837/4.2/4.29//2008-9-18 13:31:30
687/600039/四川路桥/4.210	2799	4.190	4500	4.180	15300	4.170	41000	4.160	75284	4.220	21100	4.230	18800	4.240	14800	4.250	91000	4.260	200	/16843472//21353322/5040438/4.21/4.29//2008-9-18 13:32:31
687/600039/四川路桥/4.210	3000	4.200	2900	4.190	4300	4.180	14900	4.170	26000	4.230	10401	4.240	16300	4.250	94300	4.260	200	4.270	2100	/16843472//21505336/5076437/4.23/4.29//2008-9-18 13:33:31
687/600039/四川路桥/4.220	12900	4.210	4900	4.200	4400	4.190	400	4.180	4300	4.240	11001	4.250	92500	4.260	200	4.270	2100	4.280	4600	/16843472//21521020/5080137/4.23/4.29//2008-9-18 13:34:32
687/600039/四川路桥/4.260	20900	4.250	27000	4.240	11899	4.230	2100	4.220	11500	4.300	23521	4.310	22500	4.320	17600	4.340	2400	4.350	15000	/16843472//22141950/5226038/4.26/4.29//2008-9-18 13:35:32
687/600039/四川路桥/4.290	8000	4.270	300	4.260	16600	4.250	27400	4.240	11899	4.310	5721	4.320	17600	4.340	1400	4.350	14300	4.360	1150	/16843472//22486210/5306138/4.29/4.29//2008-9-18 13:36:33
687/600039/四川路桥/4.300	4300	4.290	900	4.270	4100	4.260	11500	4.250	27400	4.310	15321	4.320	17600	4.340	3800	4.350	14300	4.360	1150	/16843472//22590586/5330438/4.3/4.29//2008-9-18 13:37:34
687/600039/四川路桥/4.270	2100	4.260	11300	4.250	27400	4.240	16299	4.230	200	4.280	4800	4.290	5800	4.300	32071	4.310	900	4.320	17500	/16843472//22771344/5372438/4.28/4.29//2008-9-18 13:38:34
687/600039/四川路桥/4.250	28100	4.240	24299	4.230	200	4.220	9200	4.210	1900	4.260	16771	4.270	1500	4.280	7600	4.290	6100	4.300	14800	/16843472//22871148/5395838/4.26/4.29//2008-9-18 13:39:35
687/600039/四川路桥/4.250	26700	4.240	23499	4.230	2200	4.220	9800	4.210	1400	4.260	11871	4.280	2800	4.290	8300	4.300	14500	4.310	1400	/16843472//22887322/5399638/4.26/4.29//2008-9-18 13:40:35
687/600039/四川路桥/4.240	19728	4.230	2200	4.220	9800	4.210	400	4.200	5000	4.280	1500	4.290	8300	4.300	15000	4.310	2600	4.320	17100	/16843472//23138592/5458709/4.24/4.29//2008-9-18 13:41:36
687/600039/四川路桥/4.260	800	4.250	2800	4.240	20228	4.230	2200	4.220	9800	4.280	2500	4.290	6700	4.300	15000	4.310	2600	4.320	18600	/16843472//23167538/5465509/4.26/4.29//2008-9-18 13:42:36
687/600039/四川路桥/4.280	700	4.260	8100	4.250	13200	4.240	20228	4.230	3200	4.290	7100	4.300	15700	4.310	3600	4.320	18600	4.330	4000	/16843472//23182940/5469109/4.28/4.29//2008-9-18 13:43:37
687/600039/四川路桥/4.300	6900	4.290	12900	4.280	21700	4.260	8500	4.250	13200	4.310	1600	4.320	18600	4.330	4000	4.340	1900	4.350	15700	/16843472//23303232/5497109/4.3/4.29//2008-9-18 13:44:37
687/600039/四川路桥/4.300	25500	4.290	44000	4.280	4200	4.270	1000	4.260	7200	4.320	15100	4.330	19000	4.340	3900	4.350	20100	4.360	650	/16843472//23437846/5528409/4.31/4.29//2008-9-18 13:45:38
687/600039/四川路桥/4.310	3400	4.300	20000	4.290	11700	4.280	4200	4.270	1000	4.320	2500	4.330	7000	4.340	15900	4.350	20000	4.360	650	/16843472//23509528/5545009/4.31/4.29//2008-9-18 13:46:39
687/600039/四川路桥/4.310	4600	4.300	20100	4.290	10700	4.280	3700	4.270	1000	4.320	11000	4.330	10300	4.340	18900	4.350	20000	4.360	650	/16843472//23642868/5575909/4.32/4.29//2008-9-18 13:47:39
687/600039/四川路桥/4.320	7700	4.300	16900	4.290	10700	4.280	3700	4.270	1000	4.330	11000	4.340	18900	4.350	20600	4.360	650	4.370	6000	/16843472//23877798/5630309/4.32/4.29//2008-9-18 13:48:40
687/600039/四川路桥/4.290	10700	4.280	3700	4.270	1000	4.260	6200	4.250	2800	4.300	1300	4.310	8700	4.320	43000	4.330	13000	4.340	18900	/16843472//24019116/5663109/4.3/4.29//2008-9-18 13:49:40
687/600039/四川路桥/4.270	1000	4.260	6200	4.250	1800	4.240	19928	4.230	3000	4.280	9300	4.290	13500	4.300	38000	4.310	27600	4.320	41200	/16843472//24089552/5679509/4.28/4.29//2008-9-18 13:50:41
687/600039/四川路桥/4.250	15300	4.240	20928	4.230	3500	4.220	9800	4.210	300	4.260	1800	4.270	11500	4.280	31800	4.290	12800	4.300	32400	/16843472//24128784/5688709/4.26/4.29//2008-9-18 13:51:41
687/600039/四川路桥/4.240	20428	4.230	3500	4.220	9800	4.210	2300	4.200	16100	4.250	9300	4.260	11000	4.270	13700	4.280	20800	4.290	12800	/16843472//24175114/5699609/4.24/4.29//2008-9-18 13:52:42
687/600039/四川路桥/4.280	16600	4.240	5928	4.230	13400	4.220	14800	4.210	4300	4.290	7300	4.300	14000	4.310	34100	4.320	31000	4.330	10000	/16843472//24405992/5753809/4.28/4.29//2008-9-18 13:53:42
687/600039/四川路桥/4.250	3300	4.240	9028	4.230	13400	4.220	14800	4.210	4300	4.260	1000	4.280	7500	4.290	6700	4.300	7400	4.310	35500	/16843472//24485580/5772409/4.26/4.29//2008-9-18 13:54:43
687/600039/四川路桥/4.240	7128	4.230	16400	4.220	19800	4.210	4300	4.200	10600	4.250	4500	4.260	12900	4.280	7200	4.290	12700	4.300	11700	/16843472//24504704/5776909/4.25/4.29//2008-9-18 13:55:44
687/600039/四川路桥/4.250	13400	4.240	7628	4.230	16400	4.220	17800	4.210	4300	4.260	1700	4.280	6700	4.290	12700	4.300	13900	4.310	35500	/16843472//24531914/5783309/4.25/4.29//2008-9-18 13:56:44
687/600039/四川路桥/4.250	6100	4.240	7628	4.230	6500	4.220	17800	4.210	4400	4.260	2800	4.280	6100	4.290	12700	4.300	11000	4.310	24500	/16843472//24563374/5790709/4.25/4.29//2008-9-18 13:57:45
687/600039/四川路桥/4.260	3300	4.250	5900	4.240	7628	4.230	7100	4.220	17800	4.280	4600	4.290	11100	4.300	11500	4.310	24500	4.320	31500	/16843472//24588938/5796709/4.28/4.29//2008-9-18 13:58:45
687/600039/四川路桥/4.260	1700	4.250	5000	4.240	6628	4.230	7600	4.220	17800	4.270	100	4.280	5900	4.290	5100	4.300	11500	4.310	27100	/16843472//24597052/5798609/4.26/4.29//2008-9-18 13:59:46
687/600039/四川路桥/4.270	2600	4.260	2800	4.250	7400	4.240	6628	4.230	7600	4.280	2500	4.290	7800	4.300	9900	4.310	16100	4.320	31900	/16843472//24663828/5814209/4.28/4.29//2008-9-18 14:0:47
687/600039/四川路桥/4.260	2800	4.250	7500	4.240	6628	4.230	7600	4.220	17800	4.270	11200	4.280	5700	4.290	15300	4.300	13900	4.310	16900	/16843472//24697188/5822009/4.27/4.29//2008-9-18 14:1:47
687/600039/四川路桥/4.250	15500	4.240	6028	4.230	8600	4.220	17800	4.210	4400	4.260	3300	4.270	19700	4.280	7000	4.290	35000	4.300	16500	/16843472//24710394/5825109/4.26/4.29//2008-9-18 14:2:48
687/600039/四川路桥/4.240	5928	4.230	11100	4.220	17800	4.210	4400	4.200	12500	4.250	4600	4.260	4700	4.270	36200	4.280	4700	4.290	35000	/16843472//24784350/5842509/4.25/4.29//2008-9-18 14:3:48
687/600039/四川路桥/4.240	2429	4.230	8100	4.220	17800	4.210	4400	4.200	12200	4.250	4300	4.260	3700	4.270	35200	4.280	5700	4.290	35000	/16843472//24811936/5849008/4.24/4.29//2008-9-18 14:4:49
687/600039/四川路桥/4.240	129	4.230	7100	4.220	17800	4.210	4400	4.200	15200	4.250	6000	4.260	3500	4.270	35200	4.280	6700	4.290	35000	/16843472//24865856/5861708/4.24/4.29//2008-9-18 14:5:50
687/600039/四川路桥/4.240	12000	4.230	10700	4.220	17800	4.210	4900	4.200	17000	4.250	5471	4.260	3300	4.270	33200	4.280	6700	4.290	35000	/16843472//24890172/5867437/4.25/4.29//2008-9-18 14:6:50
687/600039/四川路桥/4.250	11329	4.240	11000	4.230	9100	4.220	17800	4.210	7900	4.260	600	4.270	31200	4.280	7200	4.290	35200	4.300	15400	/16843472//24955506/5882808/4.26/4.29//2008-9-18 14:7:51
687/600039/四川路桥/4.270	13500	4.260	45200	4.250	600	4.240	11600	4.230	9100	4.280	6200	4.290	35200	4.300	15400	4.310	16000	4.320	32000	/16843472//25125824/5922708/4.27/4.29//2008-9-18 14:8:51
687/600039/四川路桥/4.290	8900	4.280	6200	4.270	10700	4.260	45200	4.240	13100	4.300	7200	4.310	16000	4.320	32000	4.330	10700	4.340	18900	/16843472//25152714/5928908/4.3/4.29//2008-9-18 14:9:52
687/600039/四川路桥/4.320	14800	4.300	9500	4.290	9700	4.280	5100	4.270	11200	4.330	5900	4.340	18900	4.350	25500	4.360	5950	4.370	4700	/16843472//25348616/5974308/4.33/4.29//2008-9-18 14:10:53
687/600039/四川路桥/4.330	9500	4.320	13800	4.300	2200	4.290	9700	4.280	2800	4.340	18000	4.350	22700	4.360	5950	4.370	4700	4.380	16300	/16843472//25389740/5983808/4.33/4.29//2008-9-18 14:11:53
687/600039/四川路桥/4.350	1100	4.340	19700	4.330	6800	4.320	16100	4.300	2200	4.360	5650	4.370	21200	4.380	16300	4.390	14900	4.400	18300	/16843472//25651742/6044108/4.35/4.29//2008-9-18 14:12:54
687/600039/四川路桥/4.340	19700	4.330	4800	4.320	16100	4.300	3200	4.290	9700	4.350	4513	4.360	12550	4.370	25200	4.380	14900	4.390	16400	/16843472//25886282/6097995/4.35/4.29//2008-9-18 14:13:55
687/600039/四川路桥/4.330	4800	4.320	16600	4.300	5400	4.290	9700	4.280	3000	4.340	10200	4.350	32113	4.360	12850	4.370	25200	4.380	4900	/16843472//26028678/6130808/4.34/4.29//2008-9-18 14:14:55
687/600039/四川路桥/4.320	14300	4.300	5400	4.290	9700	4.280	3000	4.270	10700	4.330	3400	4.340	15190	4.350	34113	4.360	13350	4.370	30700	/16843472//26092802/6145608/4.33/4.29//2008-9-18 14:15:56
687/600039/四川路桥/4.320	8950	4.300	6100	4.290	9700	4.280	3000	4.270	10700	4.340	15490	4.350	55613	4.360	13350	4.370	30700	4.380	7300	/16843472//26134100/6155158/4.32/4.29//2008-9-18 14:16:56
687/600039/四川路桥/4.320	8150	4.300	6100	4.290	9400	4.280	20700	4.270	10700	4.340	18990	4.350	63813	4.360	13450	4.370	30700	4.380	7300	/16843472//26155764/6160158/4.34/4.29//2008-9-18 14:17:57
687/600039/四川路桥/4.350	123597	4.340	500	4.330	1900	4.320	8450	4.310	600	4.360	13450	4.370	30700	4.380	7600	4.390	15400	4.400	19300	/16843472//26547484/6250261/4.35/4.29//2008-9-18 14:18:58
687/600039/四川路桥/4.380	7300	4.370	75800	4.360	138150	4.350	125797	4.340	2500	4.390	12900	4.400	13400	4.410	900	4.430	9800	4.440	2300	/16843472//26735500/6293311/4.38/4.29//2008-9-18 14:19:58
687/600039/四川路桥/4.410	10100	4.400	40800	4.390	66300	4.380	16700	4.370	22600	4.440	5300	4.450	17700	4.460	1300	4.470	11500	4.480	7100	/16843472//26912734/6333511/4.41/4.29//2008-9-18 14:20:59
687/600039/四川路桥/4.470	19700	4.460	4500	4.450	10800	4.440	50300	4.430	5700	4.480	7300	4.490	11300	4.500	23700	4.520	900	4.530	3000	/16843472//27183260/6394311/4.47/4.29//2008-9-18 14:22:0
687/600039/四川路桥/4.500	7500	4.480	37900	4.470	7600	4.460	20500	4.450	10900	4.520	900	4.530	3000	4.540	4000	4.550	1900	4.560	2900	/16843472//27531846/6472011/4.49/4.29//2008-9-18 14:23:0
687/600039/四川路桥/4.520	43699	4.510	7700	4.500	24100	4.490	21800	4.480	35400	4.530	10900	4.540	4000	4.550	2000	4.560	2900	4.570	600	/16843472//27674040/6503512/4.52/4.29//2008-9-18 14:24:1
687/600039/四川路桥/4.530	6600	4.520	46799	4.510	7500	4.500	31400	4.490	7100	4.540	3600	4.550	1700	4.560	2900	4.570	6100	4.580	12200	/16843472//27813878/6534412/4.53/4.29//2008-9-18 14:25:2
687/600039/四川路桥/4.500	31400	4.490	2000	4.480	19800	4.470	1200	4.460	3600	4.510	12001	4.520	300	4.530	11400	4.540	1900	4.550	3200	/16843472//28179772/6615311/4.51/4.29//2008-9-18 14:26:2
687/600039/四川路桥/4.480	11600	4.470	1300	4.460	3600	4.450	9700	4.420	3000	4.490	5700	4.500	75151	4.510	16391	4.520	33250	4.530	20000	/16843472//28476356/6681211/4.48/4.29//2008-9-18 14:27:3
687/600039/四川路桥/4.460	200	4.450	9700	4.420	3000	4.410	1900	4.400	4900	4.470	24900	4.480	46300	4.490	12200	4.500	62051	4.510	18991	/16843472//28560076/6699911/4.46/4.29//2008-9-18 14:28:4
687/600039/四川路桥/4.400	25200	4.390	2000	4.380	4100	4.370	1500	4.360	6100	4.410	300	4.420	1400	4.440	100	4.450	50800	4.460	78700	/16843472//28648940/6719911/4.41/4.29//2008-9-18 14:29:4
687/600039/四川路桥/4.390	200	4.380	700	4.370	5500	4.360	9100	4.350	17500	4.400	9500	4.410	1271	4.440	1300	4.450	42100	4.460	16400	/16843472//28926306/6782911/4.39/4.29//2008-9-18 14:30:5
687/600039/四川路桥/4.380	3600	4.360	9700	4.350	15800	4.340	500	4.330	1000	4.390	20300	4.400	8600	4.410	14371	4.420	3000	4.440	1300	/16843472//29023536/6805111/4.38/4.29//2008-9-18 14:31:6
687/600039/四川路桥/4.370	3850	4.360	26200	4.350	16300	4.340	500	4.330	1000	4.380	2200	4.390	7000	4.400	5100	4.410	13671	4.420	3000	/16843472//29175062/6839761/4.37/4.29//2008-9-18 14:32:6
687/600039/四川路桥/4.390	9200	4.380	32300	4.370	14850	4.360	11000	4.350	6400	4.400	4600	4.410	13671	4.420	3000	4.440	300	4.450	26700	/16843472//29239512/6854461/4.39/4.29//2008-9-18 14:33:7
687/600039/四川路桥/4.400	12300	4.390	30400	4.380	42100	4.370	15350	4.360	6100	4.440	5200	4.450	20071	4.460	14900	4.470	16800	4.480	13100	/16843472//29375136/6885161/4.44/4.29//2008-9-18 14:34:8
687/600039/四川路桥/4.440	1700	4.410	12600	4.400	14300	4.390	18000	4.380	39300	4.450	8571	4.460	4700	4.470	6400	4.480	10600	4.490	24800	/16843472//29405338/6891961/4.45/4.29//2008-9-18 14:35:8
687/600039/四川路桥/4.420	10000	4.410	12600	4.400	13500	4.390	17500	4.380	39300	4.430	100	4.440	5000	4.450	7871	4.460	5200	4.470	19400	/16843472//29423980/6896161/4.43/4.29//2008-9-18 14:36:9
687/600039/四川路桥/4.420	9900	4.410	12600	4.400	8900	4.390	17500	4.380	35100	4.430	4800	4.440	7000	4.450	7871	4.460	20401	4.470	19400	/16843472//29460312/6904361/4.43/4.29//2008-9-18 14:37:10
687/600039/四川路桥/4.410	12100	4.400	5000	4.390	11300	4.380	35100	4.370	9750	4.420	20300	4.430	29639	4.440	6700	4.450	11971	4.460	21001	/16843472//29514662/6916661/4.41/4.29//2008-9-18 14:38:10
687/600039/四川路桥/4.390	5300	4.380	24600	4.370	7750	4.360	4300	4.350	5400	4.400	7600	4.410	24800	4.420	31600	4.430	18600	4.440	5100	/16843472//29590022/6933761/4.4/4.29//2008-9-18 14:39:11
687/600039/四川路桥/4.380	8800	4.370	7300	4.360	4300	4.350	8400	4.340	2600	4.390	2339	4.400	24100	4.410	18000	4.420	24100	4.430	6100	/16843472//29632584/6943461/4.38/4.29//2008-9-18 14:40:12
687/600039/四川路桥/4.380	53599	4.370	9000	4.360	4100	4.350	8200	4.340	2600	4.390	11139	4.400	38100	4.410	15200	4.420	23100	4.430	5800	/16843472//29729386/6965562/4.38/4.29//2008-9-18 14:41:12
687/600039/四川路桥/4.380	47399	4.370	14000	4.360	4100	4.350	7700	4.340	2600	4.390	7739	4.400	29300	4.410	13100	4.420	20800	4.430	5800	/16843472//29787672/6978862/4.39/4.29//2008-9-18 14:42:13
687/600039/四川路桥/4.390	500	4.380	47260	4.370	7200	4.360	4100	4.350	7400	4.400	27700	4.410	10100	4.420	20300	4.430	5800	4.440	2600	/16843472//29881318/7000201/4.38/4.29//2008-9-18 14:43:14
687/600039/四川路桥/4.390	18200	4.380	66160	4.370	7200	4.360	4100	4.350	8400	4.400	13000	4.410	10100	4.420	20300	4.430	5800	4.440	5600	/16843472//30216360/7076501/4.39/4.29//2008-9-18 14:44:14
687/600039/四川路桥/4.400	28098	4.390	17900	4.380	65660	4.370	7200	4.360	6100	4.410	10100	4.420	20300	4.430	5800	4.440	5100	4.450	7271	/16843472//0/0/4.4/4.29//2008-9-18 14:45:15
687/600039/四川路桥/4.400	10100	4.390	17400	4.380	64360	4.370	6700	4.360	6100	4.410	8102	4.420	20000	4.430	5800	4.440	5100	4.450	7271	/16843472//30283162/7091603/4.4/4.29//2008-9-18 14:46:16
687/600039/四川路桥/4.380	64360	4.370	6700	4.360	6100	4.350	8600	4.340	6600	4.390	11748	4.400	19800	4.410	8700	4.420	19700	4.430	3800	/16843472//30440528/7127403/4.39/4.29//2008-9-18 14:47:16
687/600039/四川路桥/4.370	6700	4.360	6000	4.350	8600	4.340	6600	4.330	1000	4.380	3930	4.390	23648	4.400	25100	4.410	7700	4.420	20900	/16843472//30771580/7202963/4.38/4.29//2008-9-18 14:48:17
687/600039/四川路桥/4.350	10300	4.340	6600	4.330	1000	4.320	2500	4.310	3700	4.360	2000	4.370	10150	4.380	17530	4.390	15148	4.400	17700	/16843472//30848870/7220663/4.36/4.29//2008-9-18 14:49:18
687/600039/四川路桥/4.340	3900	4.330	1000	4.320	2500	4.310	4500	4.300	23400	4.350	11300	4.360	16400	4.370	15300	4.380	14830	4.390	15348	/16843472//30906730/7233963/4.35/4.29//2008-9-18 14:50:18
687/600039/四川路桥/4.320	8700	4.310	14100	4.300	18400	4.280	18800	4.270	10700	4.330	5900	4.340	15200	4.350	15500	4.360	15900	4.370	3900	/16843472//30974312/7249563/4.32/4.29//2008-9-18 14:51:19
687/600039/四川路桥/4.330	4900	4.320	27400	4.310	13600	4.300	20400	4.280	18800	4.340	8700	4.350	14000	4.360	14900	4.370	3900	4.380	12930	/16843472//31072192/7272163/4.33/4.29//2008-9-18 14:52:20
687/600039/四川路桥/4.340	14100	4.330	5200	4.320	11700	4.310	13600	4.300	27600	4.350	11000	4.360	12500	4.370	7500	4.380	12930	4.390	14848	/16843472//31160778/7292563/4.35/4.29//2008-9-18 14:53:21
687/600039/四川路桥/4.350	14600	4.340	15700	4.330	5200	4.320	7700	4.310	13000	4.360	1800	4.370	7500	4.380	7930	4.390	14848	4.400	19200	/16843472//31247402/7312463/4.36/4.29//2008-9-18 14:54:21
687/600039/四川路桥/4.350	8100	4.340	10700	4.330	12500	4.320	7200	4.310	13000	4.360	10900	4.370	5500	4.380	15930	4.390	14848	4.400	21200	/16843472//31321008/7329363/4.36/4.29//2008-9-18 14:55:22
687/600039/四川路桥/4.350	4900	4.340	10700	4.330	12500	4.320	6200	4.310	13000	4.360	5800	4.370	7500	4.380	16930	4.390	14848	4.400	20200	/16843472//31411120/7350063/4.36/4.29//2008-9-18 14:56:23
687/600039/四川路桥/4.350	1000	4.340	10700	4.330	12500	4.320	6200	4.310	13000	4.370	9000	4.380	16430	4.390	15048	4.400	20200	4.410	2200	/16843472//31567854/7386063/4.35/4.29//2008-9-18 14:57:23
687/600039/四川路桥/4.350	11300	4.340	36000	4.330	12800	4.320	5900	4.310	14000	4.360	5100	4.370	5300	4.380	16030	4.390	15548	4.400	28000	/16843472//31713010/7419363/4.36/4.29//2008-9-18 14:58:24
687/600039/四川路桥/4.350	38500	4.340	22300	4.330	4800	4.320	6200	4.310	14000	4.360	9600	4.370	14200	4.380	3530	4.390	15548	4.400	28000	/16843472//31904326/7463263/4.35/4.29//2008-9-18 14:59:25
687/600039/四川路桥/4.340	21400	4.330	4700	4.320	5900	4.310	14000	4.300	21200	4.350	19548	4.360	8300	4.370	14200	4.380	4530	4.390	15548	/16843472//32279464/7549463/4.35/4.29//2008-9-18 15:0:26
687/600039/四川路桥/4.340	21400	4.330	4700	4.320	5900	4.310	14000	4.300	21200	4.350	19548	4.360	8300	4.370	14200	4.380	4530	4.390	15548	/16843472//32279464/7549463/4.35/4.29//2008-9-18 15:1:26
687/600039/四川路桥/4.340	21400	4.330	4700	4.320	5900	4.310	14000	4.300	21200	4.350	19548	4.360	8300	4.370	14200	4.380	4530	4.390	15548	/16843472//32279464/7549463/4.35/4.29//2008-9-18 15:2:27
