52/600088/中视传媒/9.850	5100	9.820	14100	9.810	6700	9.800	12500	9.790	200	9.880	500	9.890	1500	9.900	800	9.920	3800	9.980	4100	/16842806//694874/70300/9.85/10.3//2008-9-18 9:31:34
52/600088/中视传媒/9.900	500	9.890	8300	9.880	7400	9.860	5000	9.850	7200	9.920	3300	9.980	2100	9.990	4200	10.000	10400	10.020	400	/16842806//778890/78800/9.9/10.3//2008-9-18 9:32:35
52/600088/中视传媒/9.960	1800	9.930	700	9.920	17400	9.910	1500	9.900	39600	9.980	900	9.990	3700	10.000	7900	10.020	400	10.030	6600	/16842806//903867/91400/9.98/10.3//2008-9-18 9:33:35
52/600088/中视传媒/9.960	2200	9.950	300	9.930	8200	9.920	8600	9.910	9700	9.970	900	9.980	2000	9.990	3200	10.000	5600	10.020	400	/16842806//1034338/104500/9.96/10.3//2008-9-18 9:34:35
52/600088/中视传媒/9.960	200	9.950	2500	9.920	7000	9.910	9700	9.900	16800	9.970	1500	10.000	6000	10.020	400	10.060	5500	10.080	3000	/16842806//1491902/150400/9.96/10.3//2008-9-18 9:35:35
52/600088/中视传媒/9.930	1000	9.920	6000	9.910	9700	9.900	16300	9.890	1000	9.950	1600	9.960	200	9.990	1000	10.000	5700	10.020	400	/16842806//1583585/159600/9.95/10.3//2008-9-18 9:36:36
52/600088/中视传媒/9.950	1900	9.940	1700	9.930	1100	9.920	8600	9.910	6700	9.970	300	9.990	1300	10.000	3200	10.020	400	10.060	5500	/16842806//1677126/169000/9.94/10.3//2008-9-18 9:37:36
52/600088/中视传媒/9.920	500	9.910	17500	9.900	8200	9.890	1000	9.880	9100	9.970	600	9.990	1300	10.000	5700	10.020	400	10.060	5700	/16842806//2165886/218300/9.92/10.3//2008-9-18 9:38:36
52/600088/中视传媒/9.920	7200	9.910	17500	9.900	10200	9.890	1000	9.880	8500	9.960	7200	9.970	500	9.990	1100	10.000	5700	10.020	500	/16842806//2190708/220800/9.92/10.3//2008-9-18 9:39:36
52/600088/中视传媒/9.930	12500	9.920	13000	9.910	5900	9.900	15400	9.890	1000	9.950	200	9.960	6100	9.970	500	9.990	300	10.000	5700	/16842806//2259286/227700/9.95/10.3//2008-9-18 9:40:36
52/600088/中视传媒/9.970	1400	9.960	8000	9.950	5400	9.940	2000	9.930	13600	9.990	300	10.000	5500	10.020	500	10.060	5700	10.080	3000	/16842806//2336976/235500/9.97/10.3//2008-9-18 9:41:37
52/600088/中视传媒/10.000	9900	9.990	10600	9.980	900	9.970	2100	9.960	3200	10.060	1200	10.080	3000	10.100	4900	10.150	200	10.160	1000	/16842806//2443162/246100/10.06/10.3//2008-9-18 9:42:37
52/600088/中视传媒/10.050	4900	10.020	100	10.010	200	10.000	3700	9.990	8900	10.060	1000	10.070	500	10.100	4700	10.120	3000	10.160	1000	/16842806//2446153/246400/10.05/10.3//2008-9-18 9:43:37
52/600088/中视传媒/10.060	11350	10.050	5000	10.040	100	10.030	5100	10.020	1500	10.070	500	10.080	500	10.100	4700	10.120	3000	10.160	1000	/16842806//2565278/258250/10.06/10.3//2008-9-18 9:44:37
52/600088/中视传媒/10.070	11290	10.060	13350	10.050	5000	10.040	1000	10.030	4700	10.090	6600	10.100	6700	10.120	3000	10.160	1800	10.170	900	/16842806//2743684/275960/10.08/10.3//2008-9-18 9:45:37
52/600088/中视传媒/10.060	13250	10.050	5500	10.040	1500	10.030	3700	10.020	1500	10.070	20410	10.080	8600	10.090	6600	10.100	6700	10.120	3000	/16842806//2902731/291750/10.07/10.3//2008-9-18 9:46:38
52/600088/中视传媒/10.040	1500	10.030	3700	10.020	1500	10.010	200	10.000	3400	10.050	5545	10.060	13350	10.070	20710	10.080	2500	10.090	6600	/16842806//3232178/324500/10.05/10.3//2008-9-18 9:47:38
52/600088/中视传媒/10.010	200	10.000	3400	9.990	2800	9.980	1400	9.970	800	10.020	2945	10.030	13400	10.040	3900	10.050	10000	10.060	12750	/16842806//3313425/332600/10.02/10.3//2008-9-18 9:48:38
52/600088/中视传媒/10.000	5100	9.990	2800	9.980	1400	9.970	2800	9.960	2600	10.010	2500	10.020	3945	10.030	13700	10.040	1700	10.050	10000	/16842806//3351474/336400/10.0/10.3//2008-9-18 9:49:39
52/600088/中视传媒/10.010	900	10.000	4500	9.990	2800	9.980	2000	9.970	2800	10.030	11045	10.040	1700	10.050	10000	10.060	1000	10.070	21310	/16842806//3520765/353300/10.01/10.3//2008-9-18 9:50:39
52/600088/中视传媒/10.000	500	9.990	2800	9.980	7000	9.970	2800	9.960	2700	10.010	700	10.030	24045	10.040	1700	10.050	10000	10.060	400	/16842806//3577792/359000/10.0/10.3//2008-9-18 9:51:39
52/600088/中视传媒/9.970	2600	9.960	2700	9.950	6700	9.930	11200	9.920	3200	9.980	6100	9.990	3799	10.000	4700	10.010	100	10.030	22745	/16842806//3662700/367500/9.98/10.3//2008-9-18 9:52:39
52/600088/中视传媒/9.950	4200	9.930	13200	9.920	3200	9.910	11600	9.900	20000	9.970	1399	9.980	11600	9.990	1300	10.000	2000	10.010	100	/16842806//3808148/382100/9.97/10.3//2008-9-18 9:53:40
52/600088/中视传媒/9.880	2400	9.860	1500	9.850	61000	9.830	2900	9.820	1300	9.890	9800	9.900	6700	9.920	700	9.950	7200	9.960	16710	/16842806//4336618/435400/9.89/10.3//2008-9-18 9:54:40
52/600088/中视传媒/9.870	4500	9.860	15200	9.850	62500	9.830	2500	9.820	1000	9.880	21209	9.890	1000	9.900	7900	9.950	1100	9.970	300	/16842806//4430452/444900/9.88/10.3//2008-9-18 9:55:40
52/600088/中视传媒/9.860	11400	9.850	64200	9.830	2500	9.820	1100	9.810	1800	9.870	27800	9.880	2809	9.890	700	9.900	6900	9.950	1100	/16842806//4779128/480200/9.87/10.3//2008-9-18 9:56:41
52/600088/中视传媒/9.870	13700	9.860	1900	9.850	65100	9.830	2500	9.820	1100	9.880	1709	9.890	700	9.900	1200	9.950	1100	9.960	500	/16842806//5209343/523800/9.88/10.3//2008-9-18 9:57:41
52/600088/中视传媒/9.900	4700	9.890	20300	9.880	23791	9.870	18900	9.860	8000	9.950	1100	9.960	500	9.970	300	9.980	400	9.990	2000	/16842806//5293435/532309/9.9/10.3//2008-9-18 9:58:41
52/600088/中视传媒/9.910	3000	9.900	10000	9.890	12400	9.880	17891	9.870	19600	9.950	4400	9.970	200	9.980	6000	9.990	2000	10.000	5000	/16842806//5337280/536709/9.95/10.3//2008-9-18 9:59:41
52/600088/中视传媒/9.900	3800	9.890	12200	9.880	17291	9.870	14800	9.860	3200	9.920	2000	9.940	1100	9.950	3700	9.970	2200	9.980	6300	/16842806//5468093/549909/9.9/10.3//2008-9-18 10:0:42
52/600088/中视传媒/9.900	100	9.890	12100	9.880	15891	9.870	14800	9.860	2400	9.930	100	9.950	3700	9.970	2200	9.980	6300	9.990	2600	/16842806//5733518/576709/9.9/10.3//2008-9-18 10:1:42
52/600088/中视传媒/9.900	2900	9.890	1900	9.880	9391	9.870	12600	9.860	2400	9.930	2700	9.950	3900	9.970	700	9.980	700	9.990	2600	/16842806//5704851/573809/9.9/9.9//2008-9-18 10:2:42
52/600088/中视传媒/9.870	12400	9.860	2500	9.850	66800	9.830	3400	9.820	1600	9.880	1500	9.890	10050	9.900	4400	9.930	2700	9.950	3900	/16842806//5809670/584409/9.88/9.9//2008-9-18 10:3:42
52/600088/中视传媒/9.860	3100	9.850	28400	9.830	3900	9.820	1600	9.810	2000	9.870	12500	9.880	5900	9.890	4500	9.900	4100	9.930	2700	/16842806//6414852/645809/9.86/9.9//2008-9-18 10:4:43
52/600088/中视传媒/9.820	300	9.810	2200	9.800	34000	9.780	29100	9.770	600	9.830	4500	9.840	100	9.850	20200	9.860	5100	9.870	800	/16842806//6809679/685909/9.81/9.9//2008-9-18 10:5:43
52/600088/中视传媒/9.800	23200	9.780	39500	9.770	600	9.760	3100	9.750	5400	9.810	380	9.820	300	9.830	7100	9.850	4800	9.860	5100	/16842806//7143192/719909/9.81/9.9//2008-9-18 10:6:43
52/600088/中视传媒/9.780	23520	9.770	600	9.760	100	9.750	7800	9.740	300	9.790	500	9.800	4900	9.810	2100	9.820	200	9.830	6500	/16842806//7771886/784089/9.78/9.9//2008-9-18 10:7:44
52/600088/中视传媒/9.760	200	9.750	8700	9.740	300	9.720	11200	9.710	4000	9.770	300	9.780	480	9.800	5500	9.810	500	9.820	200	/16842806//8179107/825709/9.78/9.9//2008-9-18 10:8:44
52/600088/中视传媒/9.860	10100	9.820	7796	9.810	720	9.800	4100	9.790	4100	9.870	700	9.880	2200	9.890	4500	9.900	4000	9.930	2500	/16842806//8458484/854193/9.86/9.9//2008-9-18 10:9:44
52/600088/中视传媒/9.870	200	9.860	1750	9.850	2700	9.830	8000	9.820	7696	9.880	700	9.890	4500	9.900	5000	9.930	2500	9.940	100	/16842806//8616816/870243/9.88/9.9//2008-9-18 10:10:44
52/600088/中视传媒/9.890	600	9.880	2300	9.870	200	9.860	1550	9.850	2700	9.930	2500	9.940	100	9.950	3900	9.970	600	9.980	7900	/16842806//0/0/9.89/9.9//2008-9-18 10:11:45
52/600088/中视传媒/9.920	200	9.900	21800	9.890	1700	9.880	100	9.870	200	9.930	1000	9.940	100	9.950	3900	9.970	600	9.980	7900	/16842806//8865088/895343/9.92/9.9//2008-9-18 10:12:45
52/600088/中视传媒/9.890	1700	9.870	200	9.860	1000	9.850	2700	9.830	3700	9.900	9200	9.920	1300	9.930	1900	9.940	3100	9.950	3900	/16842806//9099756/919043/9.9/9.9//2008-9-18 10:13:45
52/600088/中视传媒/9.850	1400	9.830	3700	9.820	10500	9.810	100	9.800	7800	9.860	1400	9.870	6300	9.880	2000	9.890	8300	9.900	7900	/16842806//9141231/923243/9.85/9.9//2008-9-18 10:14:46
52/600088/中视传媒/9.800	10800	9.780	1400	9.770	5300	9.760	1900	9.750	11400	9.830	100	9.850	1100	9.860	500	9.870	500	9.880	600	/16842806//9391205/948643/9.8/9.9//2008-9-18 10:15:46
52/600088/中视传媒/9.830	1600	9.820	8100	9.810	7700	9.800	13400	9.780	2600	9.840	900	9.860	500	9.870	400	9.880	100	9.890	6400	/16842806//9424689/952043/9.84/9.9//2008-9-18 10:16:46
52/600088/中视传媒/9.870	200	9.850	2000	9.840	14300	9.830	100	9.820	8100	9.880	2200	9.890	6400	9.900	9300	9.930	1900	9.940	100	/16842806//9429614/952543/9.87/9.9//2008-9-18 10:17:47
52/600088/中视传媒/9.890	1300	9.880	13100	9.870	4400	9.860	2000	9.850	3000	9.900	1500	9.930	1900	9.940	100	9.950	5700	9.970	600	/16842806//9591834/968943/9.89/9.9//2008-9-18 10:18:47
52/600088/中视传媒/9.900	3800	9.890	3300	9.880	1100	9.870	2600	9.850	500	9.940	8300	9.950	1700	9.970	600	9.980	7900	9.990	2000	/16842806//9691162/978943/9.94/9.9//2008-9-18 10:19:47
52/600088/中视传媒/9.900	4600	9.890	3300	9.880	1400	9.870	2600	9.850	500	9.910	900	9.920	200	9.940	2500	9.950	1700	9.970	600	/16842806//9826185/992543/9.91/9.9//2008-9-18 10:20:48
52/600088/中视传媒/9.890	1900	9.880	1400	9.870	2600	9.850	700	9.840	1100	9.900	6800	9.910	1300	9.920	200	9.930	900	9.940	900	/16842806//9899433/999943/9.9/9.9//2008-9-18 10:21:48
52/600088/中视传媒/9.900	7400	9.890	1900	9.880	3100	9.870	2500	9.850	700	9.910	1300	9.920	200	9.930	900	9.940	900	9.950	2100	/16842806//10035063/1013643/9.9/9.9//2008-9-18 10:22:48
52/600088/中视传媒/9.890	1900	9.880	3100	9.870	2500	9.850	700	9.840	1100	9.900	16100	9.910	800	9.920	200	9.930	900	9.940	600	/16842806//10152883/1025543/9.9/9.9//2008-9-18 10:23:48
52/600088/中视传媒/9.870	2500	9.850	1200	9.840	1100	9.820	8200	9.810	6300	9.880	300	9.890	9600	9.900	9200	9.920	200	9.930	900	/16842806//10182497/1028543/9.88/9.9//2008-9-18 10:24:49
52/600088/中视传媒/9.850	1200	9.840	1100	9.820	8900	9.810	4300	9.800	30000	9.860	300	9.870	3900	9.880	4900	9.890	3700	9.900	5200	/16842806//10240781/1034443/9.86/9.9//2008-9-18 10:25:49
52/600088/中视传媒/9.850	4900	9.830	2000	9.820	8400	9.810	11300	9.800	29400	9.870	800	9.880	1000	9.890	3700	9.900	3700	9.920	200	/16842806//10283115/1038743/9.82/9.9//2008-9-18 10:26:49
52/600088/中视传媒/9.830	2000	9.820	10200	9.810	10800	9.800	28800	9.780	1500	9.850	5000	9.880	800	9.890	3700	9.900	3700	9.920	200	/16842806//10470307/1057743/9.88/9.9//2008-9-18 10:27:50
52/600088/中视传媒/9.860	5000	9.840	1000	9.830	2900	9.820	9200	9.810	10700	9.890	1100	9.900	3700	9.920	200	9.930	900	9.940	600	/16842806//10817057/1092943/9.89/9.9//2008-9-18 10:28:50
52/600088/中视传媒/9.830	13200	9.820	9300	9.810	10700	9.800	30800	9.780	1500	9.950	600	9.970	700	9.980	8300	9.990	2000	10.000	20300	/16842806//11036719/1115143/9.95/9.9//2008-9-18 10:29:50
52/600088/中视传媒/9.910	4600	9.840	4800	9.830	14800	9.820	11800	9.810	10700	9.950	1000	9.960	3000	9.970	700	9.980	8300	9.990	2000	/16842806//11041592/1115643/9.9/9.9//2008-9-18 10:30:51
52/600088/中视传媒/9.910	1200	9.860	600	9.850	10900	9.840	5300	9.830	13200	9.950	8600	9.960	3500	9.970	2800	9.980	8300	9.990	2500	/16842806//11126031/1124143/9.95/9.9//2008-9-18 10:31:51
52/600088/中视传媒/9.910	1900	9.860	300	9.850	10600	9.840	4300	9.830	12500	9.920	100	9.950	6300	9.960	3500	9.970	2800	9.980	8300	/16842806//11192686/1130843/9.95/9.9//2008-9-18 10:32:51
52/600088/中视传媒/9.860	6000	9.850	11600	9.840	4300	9.830	11500	9.820	12300	9.900	500	9.910	2800	9.940	5100	9.950	6600	9.960	3500	/16842806//11219443/1133543/9.91/9.9//2008-9-18 10:33:52
52/600088/中视传媒/9.880	900	9.870	1000	9.860	25900	9.850	11600	9.840	4300	9.900	200	9.910	7800	9.940	5100	9.950	3000	9.960	3500	/16842806//11284559/1140143/9.86/9.9//2008-9-18 10:34:52
52/600088/中视传媒/9.860	24600	9.850	11600	9.840	4300	9.830	9400	9.820	12300	9.870	600	9.910	5600	9.940	5100	9.950	3400	9.960	500	/16842806//11333057/1145043/9.87/9.9//2008-9-18 10:35:52
52/600088/中视传媒/9.870	23500	9.860	6400	9.850	11600	9.840	4200	9.830	8900	9.900	300	9.910	5600	9.940	5100	9.950	3100	9.960	500	/16842806//11363654/1148143/9.87/9.9//2008-9-18 10:36:53
52/600088/中视传媒/9.910	100	9.900	8600	9.880	24800	9.870	23500	9.860	6600	9.940	5100	9.950	3700	9.960	500	9.970	1200	9.980	9500	/16842806//11492371/1161143/9.9/9.9//2008-9-18 10:37:53
52/600088/中视传媒/9.900	8200	9.880	24800	9.870	8600	9.860	6600	9.850	11600	9.910	3000	9.930	400	9.940	5500	9.950	3700	9.960	500	/16842806//11548989/1166843/9.9/9.9//2008-9-18 10:38:53
52/600088/中视传媒/9.900	8400	9.880	3000	9.870	4200	9.860	6600	9.850	11600	9.910	1900	9.940	2900	9.950	3700	9.960	500	9.970	1300	/16842806//11618445/1173843/9.91/9.9//2008-9-18 10:39:54
52/600088/中视传媒/9.910	1000	9.900	9300	9.880	3000	9.870	4100	9.860	9200	9.940	899	9.950	3700	9.960	500	9.970	1300	9.980	9500	/16842806//11726582/1184743/9.94/9.9//2008-9-18 10:40:54
52/600088/中视传媒/9.900	5300	9.880	3000	9.870	4100	9.860	9200	9.850	12700	9.910	600	9.940	699	9.950	4700	9.960	500	9.970	1300	/16842806//11781053/1190243/9.9/9.9//2008-9-18 10:41:54
52/600088/中视传媒/9.920	300	9.910	400	9.900	5300	9.880	3000	9.870	4100	9.930	900	9.940	999	9.950	4700	9.960	500	9.970	1300	/16842806//11786999/1190843/9.91/9.9//2008-9-18 10:42:55
52/600088/中视传媒/9.900	5100	9.880	3000	9.870	1600	9.860	11000	9.850	12700	9.920	800	9.930	1000	9.940	5699	9.950	5700	9.960	500	/16842806//11797915/1191943/9.93/9.9//2008-9-18 10:43:55
52/600088/中视传媒/9.880	3000	9.870	3600	9.860	11300	9.850	12700	9.840	2100	9.900	4300	9.920	11200	9.930	16300	9.940	5699	9.950	5700	/16842806//11867225/1198943/9.9/9.9//2008-9-18 10:44:56
52/600088/中视传媒/9.860	1100	9.850	12900	9.840	2100	9.830	7900	9.820	4100	9.870	1500	9.880	16400	9.900	5200	9.910	5000	9.920	23200	/16842806//12019159/1214343/9.87/9.9//2008-9-18 10:45:56
52/600088/中视传媒/9.820	900	9.810	10300	9.800	12300	9.790	300	9.780	2400	9.830	2800	9.840	6250	9.850	10300	9.860	14590	9.870	1800	/16842806//12284851/1241343/9.82/9.9//2008-9-18 10:46:56
52/600088/中视传媒/9.800	1000	9.790	500	9.780	2400	9.770	8100	9.760	4400	9.810	4200	9.820	7600	9.830	20000	9.840	5750	9.850	7700	/16842806//12522198/1265543/9.8/9.9//2008-9-18 10:47:57
52/600088/中视传媒/9.770	9400	9.760	4900	9.750	11900	9.740	300	9.730	3400	9.780	4100	9.790	27990	9.800	4700	9.810	4200	9.820	7200	/16842806//12579933/1271443/9.78/9.9//2008-9-18 10:48:57
52/600088/中视传媒/9.730	2900	9.720	11200	9.710	5600	9.700	18000	9.680	4200	9.750	1000	9.760	9800	9.770	43200	9.780	4400	9.790	27990	/16842806//12877567/1301943/9.73/9.9//2008-9-18 10:49:57
52/600088/中视传媒/9.730	400	9.720	16300	9.710	6100	9.700	16000	9.680	4200	9.740	1800	9.750	12300	9.760	5900	9.770	43200	9.780	2400	/16842806//13087857/1323543/9.73/9.9//2008-9-18 10:50:58
52/600088/中视传媒/9.710	6100	9.700	36900	9.680	4200	9.660	2600	9.650	8400	9.720	2190	9.730	10300	9.740	5100	9.750	7900	9.760	1300	/16842806//13652163/1381543/9.72/9.9//2008-9-18 10:51:58
52/600088/中视传媒/9.580	100	9.550	5300	9.530	3000	9.520	1500	9.510	11300	9.700	16300	9.740	5000	9.750	7900	9.760	1300	9.770	12400	/16842806//14927763/1513343/9.7/9.9//2008-9-18 10:52:58
52/600088/中视传媒/9.700	7600	9.680	5500	9.650	1300	9.580	400	9.530	500	9.720	26400	9.740	5000	9.750	6700	9.760	1200	9.770	13100	/16842806//15658817/1589743/9.7/9.9//2008-9-18 10:53:59
52/600088/中视传媒/9.500	6300	9.490	1000	9.450	500	9.440	1000	9.430	200	9.600	400	9.680	21600	9.690	600	9.700	28800	9.720	21200	/16842806//16045239/1630043/9.5/9.9//2008-9-18 10:54:59
52/600088/中视传媒/9.600	100	9.590	2100	9.550	1400	9.520	11700	9.510	5600	9.660	100	9.670	8900	9.680	18700	9.690	600	9.700	23100	/16842806//16152434/1641243/9.59/9.9//2008-9-18 10:56:0
52/600088/中视传媒/9.600	200	9.530	200	9.520	2000	9.510	18000	9.500	1700	9.650	1800	9.660	3600	9.670	8900	9.680	12200	9.690	600	/16842806//16612595/1689543/9.65/9.9//2008-9-18 10:57:0
52/600088/中视传媒/9.600	22300	9.500	4800	9.480	300	9.470	2000	9.460	7400	9.640	900	9.650	5700	9.660	4900	9.670	3600	9.680	12200	/16842806//17361318/1768243/9.6/9.9//2008-9-18 10:58:0
52/600088/中视传媒/9.520	800	9.510	4000	9.500	500	9.480	5000	9.470	900	9.570	400	9.640	2600	9.650	5700	9.660	7300	9.670	3600	/16842806//17726594/1806343/9.57/9.9//2008-9-18 10:59:1
52/600088/中视传媒/9.510	4000	9.500	7600	9.480	5500	9.470	900	9.460	7300	9.570	2900	9.600	7399	9.640	2500	9.650	5300	9.660	7300	/16842806//17774278/1811343/9.57/9.9//2008-9-18 11:0:1
52/600088/中视传媒/9.480	5600	9.470	900	9.460	8000	9.450	22600	9.430	700	9.520	10000	9.570	18200	9.600	7399	9.630	3000	9.640	1700	/16842806//18129144/1848643/9.57/9.9//2008-9-18 11:1:2
52/600088/中视传媒/9.510	300	9.500	8210	9.480	500	9.470	700	9.460	7800	9.520	13900	9.560	1200	9.570	18200	9.600	5399	9.630	3600	/16842806//18378708/1874933/9.51/9.9//2008-9-18 11:2:2
52/600088/中视传媒/9.500	500	9.480	1010	9.470	500	9.460	700	9.450	2800	9.510	6300	9.520	4280	9.560	6400	9.570	11200	9.600	5399	/16842806//18951328/1935333/9.51/9.9//2008-9-18 11:3:2
52/600088/中视传媒/9.470	1000	9.460	18600	9.450	63100	9.440	100	9.430	17800	9.480	5990	9.500	800	9.510	100	9.520	2700	9.560	6400	/16842806//19128114/1953943/9.48/9.9//2008-9-18 11:4:3
52/600088/中视传媒/9.480	35410	9.460	24600	9.450	11800	9.440	200	9.430	2300	9.500	100	9.510	2600	9.520	2700	9.550	200	9.560	1900	/16842806//19237030/1965433/9.48/9.9//2008-9-18 11:5:3
52/600088/中视传媒/9.530	100	9.520	2100	9.510	15700	9.500	2400	9.490	18200	9.550	200	9.560	1300	9.570	9900	9.600	2299	9.630	3600	/16842806//19293148/1971333/9.52/9.9//2008-9-18 11:6:4
52/600088/中视传媒/9.600	50101	9.570	4300	9.560	100	9.550	1200	9.530	1000	9.630	3600	9.640	1000	9.650	600	9.660	6200	9.670	3600	/16842806//19486608/1991532/9.6/9.9//2008-9-18 11:7:4
52/600088/中视传媒/9.650	3450	9.630	2200	9.620	900	9.610	2100	9.600	1850	9.660	4200	9.670	3600	9.680	100	9.700	2000	9.720	20200	/16842806//19531858/1996232/9.65/9.9//2008-9-18 11:8:4
52/600088/中视传媒/9.630	600	9.620	200	9.600	5900	9.580	100	9.570	1400	9.650	4600	9.660	600	9.670	3600	9.690	300	9.700	2300	/16842806//19622126/2005582/9.65/9.9//2008-9-18 11:9:5
52/600088/中视传媒/9.620	200	9.610	300	9.600	6000	9.580	1100	9.570	300	9.630	15200	9.640	2000	9.650	1000	9.660	1000	9.670	3600	/16842806//19712742/2014982/9.63/9.9//2008-9-18 11:10:5
52/600088/中视传媒/9.580	1100	9.570	300	9.560	1000	9.550	1700	9.520	1900	9.600	3500	9.610	800	9.630	10200	9.640	2000	9.650	1000	/16842806//19740608/2017882/9.6/9.9//2008-9-18 11:11:6
52/600088/中视传媒/9.580	300	9.560	200	9.520	1000	9.510	6700	9.500	3600	9.600	11200	9.610	800	9.620	500	9.630	9200	9.640	2000	/16842806//19832458/2027482/9.58/9.9//2008-9-18 11:12:6
52/600088/中视传媒/9.560	200	9.520	2200	9.510	6400	9.500	9800	9.490	23000	9.580	900	9.600	11700	9.610	600	9.630	2500	9.640	1200	/16842806//19849702/2029282/9.58/9.9//2008-9-18 11:13:7
52/600088/中视传媒/9.590	1100	9.580	2100	9.560	1200	9.550	1500	9.520	5500	9.600	13500	9.610	600	9.630	2500	9.640	700	9.650	2100	/16842806//19894584/2033982/9.58/9.9//2008-9-18 11:14:7
52/600088/中视传媒/9.560	1200	9.550	1500	9.520	10500	9.510	6300	9.500	10700	9.570	300	9.580	300	9.600	6500	9.610	200	9.630	2500	/16842806//20358556/2082382/9.58/9.9//2008-9-18 11:15:7
52/600088/中视传媒/9.580	500	9.520	5520	9.510	6300	9.500	11100	9.490	22700	9.600	6500	9.610	500	9.630	2500	9.640	700	9.650	2100	/16842806//20509916/2098262/9.52/9.9//2008-9-18 11:16:8
52/600088/中视传媒/9.510	5420	9.500	11300	9.490	8700	9.480	6510	9.470	1100	9.530	250	9.590	200	9.600	12700	9.610	500	9.630	2500	/16842806//20530744/2100462/9.51/9.9//2008-9-18 11:17:8
52/600088/中视传媒/9.520	100	9.510	4620	9.500	12900	9.490	8800	9.480	6610	9.530	5050	9.580	300	9.590	4200	9.600	12700	9.610	500	/16842806//20569782/2104562/9.53/9.9//2008-9-18 11:18:9
52/600088/中视传媒/9.530	16750	9.520	2500	9.510	4620	9.500	11700	9.490	8800	9.580	300	9.590	500	9.600	12700	9.610	500	9.630	2500	/16842806//20684602/2116612/9.53/9.9//2008-9-18 11:19:9
52/600088/中视传媒/9.540	13800	9.530	18450	9.520	3000	9.510	4620	9.500	11700	9.600	12700	9.610	200	9.630	2500	9.640	700	9.650	4300	/16842806//20708488/2119112/9.54/9.9//2008-9-18 11:20:10
52/600088/中视传媒/9.560	400	9.550	900	9.540	14300	9.530	18750	9.520	2500	9.600	12400	9.610	200	9.630	2500	9.650	3300	9.660	2000	/16842806//20719044/2120212/9.56/9.9//2008-9-18 11:21:10
52/600088/中视传媒/9.560	500	9.550	600	9.540	14300	9.530	18750	9.520	2500	9.590	500	9.600	11600	9.610	200	9.630	2500	9.650	3300	/16842806//20746856/2123112/9.56/9.9//2008-9-18 11:22:10
52/600088/中视传媒/9.540	11000	9.530	19850	9.520	2500	9.510	4620	9.500	17700	9.550	12700	9.560	7040	9.590	500	9.600	15000	9.610	200	/16842806//20849922/2133912/9.54/9.9//2008-9-18 11:23:11
52/600088/中视传媒/9.530	15250	9.520	2500	9.510	4620	9.500	21000	9.490	8600	9.540	20200	9.600	5740	9.610	200	9.630	2500	9.650	3300	/16842806//21164614/2166812/9.53/9.9//2008-9-18 11:24:11
52/600088/中视传媒/9.540	5900	9.530	13750	9.520	2500	9.510	4520	9.500	22200	9.600	6940	9.610	1100	9.630	2500	9.650	3300	9.660	2000	/16842806//21436482/2195312/9.54/9.9//2008-9-18 11:25:12
52/600088/中视传媒/9.550	4200	9.540	2100	9.530	13250	9.520	2000	9.510	4520	9.600	7940	9.610	1100	9.630	2500	9.650	4300	9.660	2000	/16842806//21498504/2201812/9.55/9.9//2008-9-18 11:26:12
52/600088/中视传媒/9.530	13250	9.520	2000	9.510	4520	9.500	22200	9.490	8500	9.550	4700	9.590	2100	9.600	7940	9.610	200	9.630	2500	/16842806//21565334/2208812/9.54/9.9//2008-9-18 11:27:13
52/600088/中视传媒/9.520	2000	9.510	4520	9.500	22200	9.490	8500	9.480	7010	9.540	5650	9.550	9400	9.590	1900	9.600	6240	9.610	200	/16842806//21807978/2234262/9.54/9.9//2008-9-18 11:28:13
52/600088/中视传媒/9.510	4620	9.500	27500	9.490	8500	9.480	7010	9.470	1100	9.520	13150	9.530	27500	9.550	10300	9.590	1900	9.600	4640	/16842806//21827018/2236262/9.52/9.9//2008-9-18 11:29:14
52/600088/中视传媒/9.500	28400	9.490	8500	9.480	8010	9.470	1100	9.460	15100	9.510	7530	9.520	9200	9.530	27500	9.550	10100	9.590	1900	/16842806//21887124/2242582/9.5/9.9//2008-9-18 11:30:14
52/600088/中视传媒/9.500	28400	9.490	8500	9.480	8010	9.470	1100	9.460	15100	9.510	7530	9.520	9200	9.530	27500	9.550	10100	9.590	1900	/16842806//21887124/2242582/9.5/9.9//2008-9-18 11:31:15
52/600088/中视传媒/9.470	3600	9.460	15600	9.450	57900	9.440	400	9.430	3000	9.480	2590	9.490	9000	9.500	19500	9.510	5200	9.520	3100	/16842806//22407610/2297392/9.48/9.9//2008-9-18 13:1:15
52/600088/中视传媒/9.460	15900	9.450	57900	9.440	400	9.430	2500	9.420	4100	9.470	1790	9.490	9000	9.500	17800	9.510	5200	9.520	3100	/16842806//22653086/2323292/9.47/9.9//2008-9-18 13:2:16
52/600088/中视传媒/9.460	7410	9.450	58300	9.440	400	9.430	3500	9.420	8100	9.480	5100	9.490	11000	9.500	17800	9.510	5200	9.520	3100	/16842806//22841274/2343182/9.46/9.9//2008-9-18 13:3:16
52/600088/中视传媒/9.450	45510	9.440	400	9.430	3500	9.420	8100	9.410	2100	9.460	16860	9.470	22300	9.480	5100	9.490	11000	9.500	20100	/16842806//22980208/2357882/9.45/9.9//2008-9-18 13:4:17
52/600088/中视传媒/9.440	300	9.430	3500	9.420	8000	9.410	1400	9.400	37400	9.450	5290	9.460	13760	9.470	1300	9.480	5100	9.490	11000	/16842806//23421626/2404592/9.44/9.9//2008-9-18 13:5:17
52/600088/中视传媒/9.440	5300	9.420	3600	9.410	1500	9.400	36500	9.390	1000	9.450	4290	9.460	13760	9.470	1300	9.480	5100	9.490	2000	/16842806//23581974/2421592/9.44/9.9//2008-9-18 13:6:18
52/600088/中视传媒/9.420	4500	9.410	1600	9.400	36500	9.390	1000	9.380	2700	9.440	1290	9.450	6201	9.460	11760	9.470	1300	9.480	5100	/16842806//23656594/2429492/9.44/9.9//2008-9-18 13:7:18
52/600088/中视传媒/9.420	1900	9.410	4800	9.400	36400	9.390	1000	9.380	2600	9.430	5700	9.440	2590	9.450	10201	9.460	11760	9.470	1300	/16842806//23783918/2442992/9.43/9.9//2008-9-18 13:8:19
52/600088/中视传媒/9.410	4800	9.400	38700	9.390	1000	9.380	2400	9.370	900	9.420	1200	9.430	100	9.440	1590	9.450	9201	9.460	11760	/16842806//23949784/2460592/9.42/9.9//2008-9-18 13:9:19
52/600088/中视传媒/9.410	3999	9.400	39200	9.390	1000	9.380	2400	9.370	1000	9.420	9890	9.440	1590	9.450	9000	9.460	11760	9.470	1300	/16842806//24067536/2473093/9.42/9.9//2008-9-18 13:10:20
52/600088/中视传媒/9.400	36399	9.390	1000	9.380	2400	9.370	1400	9.360	2800	9.420	7740	9.440	1590	9.450	9000	9.460	11760	9.470	1300	/16842806//24210546/2488293/9.42/9.9//2008-9-18 13:11:20
52/600088/中视传媒/9.370	1300	9.360	2800	9.350	13200	9.330	3700	9.320	7000	9.380	5800	9.400	25200	9.410	7740	9.420	8940	9.440	1590	/16842806//24605286/2530292/9.38/9.9//2008-9-18 13:12:21
52/600088/中视传媒/9.330	900	9.320	6900	9.310	1900	9.300	37400	9.290	3700	9.350	5500	9.370	4500	9.380	12200	9.410	5840	9.420	9250	/16842806//24816604/2552892/9.33/9.9//2008-9-18 13:13:21
52/600088/中视传媒/9.310	1200	9.300	35400	9.290	3700	9.280	41800	9.270	94300	9.320	6100	9.330	4700	9.380	5800	9.390	2100	9.410	5840	/16842806//25020178/2574692/9.31/9.9//2008-9-18 13:14:22
52/600088/中视传媒/9.290	8300	9.280	45100	9.270	161500	0.000	0	0.000	0	9.300	12060	9.310	23361	9.320	9600	9.380	5800	9.410	5840	/16842806//25465648/2622592/9.3/9.9//2008-9-18 13:15:22
52/600088/中视传媒/9.290	200	9.280	61900	9.270	181600	0.000	0	0.000	0	9.300	3360	9.310	22161	9.320	3200	9.380	7500	9.410	5840	/16842806//26254992/2707592/9.3/9.9//2008-9-18 13:16:23
52/600088/中视传媒/9.300	1000	9.290	1600	9.280	72601	9.270	178600	0.000	0	9.310	5621	9.320	3200	9.380	4500	9.410	400	9.420	8250	/16842806//26568258/2741291/9.28/9.9//2008-9-18 13:17:23
52/600088/中视传媒/9.300	1000	9.280	65014	9.270	179300	0.000	0	0.000	0	9.310	3821	9.320	3200	9.410	400	9.420	8250	9.440	1590	/16842806//26838458/2770378/9.31/9.9//2008-9-18 13:18:24
52/600088/中视传媒/9.350	21000	9.320	1700	9.310	5279	9.300	12100	9.290	4400	9.410	200	9.420	8250	9.440	1590	9.450	9300	9.460	200	/16842806//26915024/2778599/9.32/9.9//2008-9-18 13:19:24
52/600088/中视传媒/9.360	560	9.350	21000	9.330	700	9.320	3400	9.310	5479	9.410	200	9.420	8250	9.440	1590	9.450	9300	9.460	200	/16842806//26921014/2779239/9.36/9.9//2008-9-18 13:20:25
52/600088/中视传媒/9.410	2500	9.400	100	9.360	3560	9.350	700	9.320	3200	9.420	6450	9.440	1590	9.450	9000	9.460	200	9.470	1300	/16842806//26944558/2781739/9.42/9.9//2008-9-18 13:21:25
52/600088/中视传媒/9.420	950	9.410	3900	9.400	900	9.360	2360	9.350	1300	9.440	1590	9.450	9400	9.460	200	9.470	1300	9.490	1300	/16842806//27028866/2790689/9.42/9.9//2008-9-18 13:22:26
52/600088/中视传媒/9.440	10	9.430	800	9.420	1900	9.410	3000	9.400	1900	9.450	9400	9.460	200	9.470	1300	9.490	1300	9.500	11750	/16842806//27117422/2800079/9.44/9.9//2008-9-18 13:23:26
52/600088/中视传媒/9.430	3610	9.420	2300	9.410	22400	9.400	1900	9.360	1660	9.440	9200	9.450	6400	9.460	200	9.470	1300	9.490	1300	/16842806//27243910/2813479/9.44/9.9//2008-9-18 13:24:27
52/600088/中视传媒/9.480	400	9.460	800	9.420	3000	9.410	22300	9.400	1900	9.490	1300	9.500	11750	9.510	200	9.520	2700	9.530	6100	/16842806//27604538/2851679/9.47/9.9//2008-9-18 13:25:27
52/600088/中视传媒/9.500	3050	9.490	1800	9.480	2300	9.470	500	9.450	100	9.510	200	9.520	3900	9.530	6100	9.550	9200	9.600	18600	/16842806//27630262/2854329/9.5/9.9//2008-9-18 13:26:28
52/600088/中视传媒/9.510	10450	9.490	1600	9.480	1500	9.450	100	9.430	6900	9.520	3400	9.530	5300	9.550	9200	9.600	18600	9.610	200	/16842806//27750966/2867029/9.51/9.9//2008-9-18 13:27:28
52/600088/中视传媒/9.520	150	9.510	11450	9.500	1700	9.490	1500	9.480	1200	9.530	2500	9.550	9500	9.600	18600	9.610	200	9.630	2500	/16842806//27853326/2877779/9.52/9.9//2008-9-18 13:28:29
52/600088/中视传媒/9.490	300	9.480	300	9.470	19300	9.430	6900	9.420	2400	9.510	3800	9.520	9200	9.530	2900	9.540	2000	9.550	9500	/16842806//28066350/2900179/9.49/9.9//2008-9-18 13:29:29
52/600088/中视传媒/9.480	58100	9.470	15500	9.430	1000	9.420	2400	9.410	2400	9.500	13500	9.510	1400	9.520	8500	9.530	3900	9.550	9500	/16842806//28173438/2911479/9.48/9.9//2008-9-18 13:30:30
52/600088/中视传媒/9.480	59300	9.470	600	9.430	1000	9.420	2400	9.410	2400	9.500	2000	9.510	1400	9.520	7100	9.530	3900	9.550	9500	/16842806//28317796/2926679/9.5/9.9//2008-9-18 13:31:30
52/600088/中视传媒/9.550	35000	9.510	3600	9.500	11500	9.480	4700	9.470	500	9.600	21000	9.610	200	9.620	100	9.630	2500	9.650	5500	/16842806//28565686/2952679/9.55/9.9//2008-9-18 13:32:31
52/600088/中视传媒/9.650	29100	9.630	1800	9.620	400	9.610	500	9.600	30900	9.660	1000	9.670	3600	9.680	3000	9.700	7800	9.710	1200	/16842806//28922544/2989779/9.65/9.9//2008-9-18 13:33:31
52/600088/中视传媒/9.670	16400	9.660	14400	9.650	31000	9.610	100	9.600	2800	9.680	2200	9.700	6800	9.710	1200	9.720	2200	9.730	200	/16842806//28959478/2993579/9.68/9.9//2008-9-18 13:34:32
52/600088/中视传媒/9.680	2600	9.670	3800	9.660	1500	9.650	30900	9.640	2000	9.710	2000	9.720	2000	9.730	200	9.750	900	9.760	5800	/16842806//29220226/3020479/9.72/9.9//2008-9-18 13:35:32
52/600088/中视传媒/9.700	370	9.680	700	9.670	1000	9.660	5400	9.650	30900	9.710	100	9.740	2000	9.750	8600	9.770	4300	9.780	4200	/16842806//29410070/3040009/9.7/9.9//2008-9-18 13:36:33
52/600088/中视传媒/9.690	200	9.680	19870	9.670	1200	9.660	5400	9.650	30900	9.700	1300	9.720	100	9.730	2100	9.740	1500	9.780	8600	/16842806//29685610/3068309/9.7/9.9//2008-9-18 13:37:34
52/600088/中视传媒/9.680	2500	9.670	1000	9.660	6000	9.650	30400	9.610	200	9.690	3700	9.700	1700	9.720	100	9.730	2100	9.740	500	/16842806//29763126/3076309/9.69/9.9//2008-9-18 13:38:34
52/600088/中视传媒/9.680	1000	9.670	1000	9.660	8500	9.650	3600	9.610	100	9.700	1000	9.720	100	9.730	2100	9.740	500	9.780	17300	/16842806//29917154/3092209/9.7/9.9//2008-9-18 13:39:35
52/600088/中视传媒/9.730	400	9.720	21650	9.700	1000	9.680	1500	9.670	1000	9.740	500	9.750	2800	9.780	18200	9.790	18400	9.800	10000	/16842806//30002200/3100959/9.73/9.9//2008-9-18 13:40:35
52/600088/中视传媒/9.720	11250	9.700	1000	9.680	1000	9.670	1000	9.660	8800	9.750	6700	9.770	6700	9.780	18000	9.790	18400	9.800	10800	/16842806//30129572/3114059/9.73/9.9//2008-9-18 13:41:36
52/600088/中视传媒/9.720	5250	9.700	600	9.680	1000	9.670	1000	9.660	8400	9.730	400	9.740	400	9.750	9500	9.760	400	9.770	7400	/16842806//30190814/3120359/9.72/9.9//2008-9-18 13:42:36
52/600088/中视传媒/9.680	500	9.670	1000	9.660	7900	9.650	1600	9.610	100	9.700	350	9.720	1500	9.730	2400	9.740	800	9.750	6000	/16842806//30269984/3128509/9.7/9.9//2008-9-18 13:43:37
52/600088/中视传媒/9.750	300	9.730	300	9.720	2900	9.710	880	9.700	3800	9.770	4300	9.780	6900	9.790	18600	9.800	10300	9.820	5000	/16842806//30428070/3144729/9.75/9.9//2008-9-18 13:44:37
52/600088/中视传媒/9.780	200	9.770	8200	9.760	2600	9.750	5000	9.730	300	9.790	1400	9.800	10000	9.820	5600	9.850	3200	9.860	800	/16842806//30719630/3174529/9.79/9.9//2008-9-18 13:45:38
52/600088/中视传媒/9.850	20000	9.820	7500	9.800	5000	9.780	1700	9.770	2000	9.860	3000	9.870	2100	9.880	700	9.900	12300	9.910	100	/16842806//31091682/3212429/9.86/9.9//2008-9-18 13:46:39
52/600088/中视传媒/9.880	5500	9.860	100	9.850	13700	9.830	100	9.820	6400	9.890	5300	9.900	12000	9.920	11400	9.930	1400	9.950	5000	/16842806//31297806/3233329/9.88/9.9//2008-9-18 13:47:39
52/600088/中视传媒/9.860	600	9.850	13700	9.830	100	9.820	1200	9.810	800	9.880	9600	9.890	8800	9.900	12000	9.920	11100	9.930	1400	/16842806//31554618/3259329/9.86/9.9//2008-9-18 13:48:40
52/600088/中视传媒/9.770	800	9.760	2600	9.750	200	9.720	2900	9.700	2400	9.850	11100	9.860	1000	9.870	10800	9.880	4199	9.890	6400	/16842806//31963734/3300829/9.77/9.9//2008-9-18 13:49:40
52/600088/中视传媒/9.760	300	9.730	10000	9.720	2900	9.700	2400	9.670	1000	9.800	5000	9.840	7200	9.850	20291	9.860	500	9.870	10200	/16842806//32035484/3308129/9.76/9.9//2008-9-18 13:50:41
52/600088/中视传媒/9.730	9900	9.720	2900	9.700	2600	9.670	1000	9.660	4000	9.740	100	9.750	10000	9.760	18250	9.770	1000	9.800	5900	/16842806//32103800/3315129/9.73/9.9//2008-9-18 13:51:41
52/600088/中视传媒/9.670	1000	9.660	4000	9.650	1000	9.600	4100	9.580	300	9.700	3500	9.720	4801	9.730	1945	9.740	8300	9.750	10300	/16842806//32164968/3321429/9.7/9.9//2008-9-18 13:52:42
52/600088/中视传媒/9.670	5500	9.660	4000	9.650	1000	9.610	600	9.600	4100	9.680	2000	9.690	1000	9.700	7700	9.710	600	9.720	2001	/16842806//32185292/3323529/9.67/9.9//2008-9-18 13:53:42
52/600088/中视传媒/9.660	100	9.650	1000	9.610	600	9.600	4100	9.580	300	9.670	9500	9.680	200	9.690	2100	9.700	7201	9.710	1000	/16842806//32427024/3348529/9.67/9.9//2008-9-18 13:54:43
52/600088/中视传媒/9.650	400	9.620	5000	9.610	1000	9.600	4400	9.580	300	9.660	400	9.670	8700	9.680	200	9.690	2100	9.700	7001	/16842806//32443406/3350229/9.65/9.9//2008-9-18 13:55:44
52/600088/中视传媒/9.650	1680	9.640	600	9.620	5000	9.610	2800	9.600	5000	9.670	1900	9.680	200	9.690	2100	9.700	6601	9.710	1000	/16842806//32492858/3355349/9.65/9.9//2008-9-18 13:56:44
52/600088/中视传媒/9.680	2300	9.670	8300	9.660	1600	9.650	580	9.640	600	9.690	2100	9.700	7001	9.710	1000	9.720	2001	9.740	8000	/16842806//32517030/3357849/9.68/9.9//2008-9-18 13:57:45
52/600088/中视传媒/9.690	2500	9.680	10000	9.670	6700	9.660	1100	9.650	1080	9.700	4001	9.710	1000	9.720	2001	9.740	8200	9.750	3300	/16842806//32562562/3362549/9.7/9.9//2008-9-18 13:58:45
52/600088/中视传媒/9.710	1300	9.700	6399	9.690	3100	9.680	10400	9.670	6700	9.720	2001	9.740	8200	9.750	3100	9.760	2400	9.800	7100	/16842806//32617876/3368250/9.71/9.9//2008-9-18 13:59:46
52/600088/中视传媒/9.700	2499	9.690	3200	9.680	10400	9.670	6700	9.660	100	9.710	1201	9.740	8000	9.750	3100	9.760	2400	9.800	8200	/16842806//32709188/3377650/9.72/9.9//2008-9-18 14:0:47
52/600088/中视传媒/9.690	1300	9.680	9100	9.670	6000	9.660	100	9.650	1080	9.700	12801	9.710	50	9.720	101	9.740	8000	9.750	3100	/16842806//32803264/3387349/9.69/9.9//2008-9-18 14:1:47
52/600088/中视传媒/9.650	100	9.600	1980	9.580	300	9.560	3500	9.500	14100	9.680	7900	9.690	3402	9.700	16101	9.710	50	9.720	200	/16842806//33046676/3412549/9.6/9.9//2008-9-18 14:2:48
52/600088/中视传媒/9.600	4580	9.580	300	9.560	3500	9.520	200	9.510	15000	9.650	500	9.680	5000	9.690	2602	9.700	19101	9.710	50	/16842806//33058210/3413749/9.65/9.9//2008-9-18 14:3:48
52/600088/中视传媒/9.560	3500	9.520	10900	9.510	15000	9.500	11500	9.430	500	9.580	6120	9.670	1500	9.690	2102	9.700	20901	9.710	50	/16842806//33210926/3429629/9.58/9.9//2008-9-18 14:4:49
52/600088/中视传媒/9.580	6580	9.570	600	9.560	4500	9.530	7900	9.520	10900	9.600	1700	9.650	900	9.670	1500	9.680	3700	9.690	602	/16842806//33291586/3438049/9.6/9.9//2008-9-18 14:5:50
52/600088/中视传媒/9.620	400	9.600	7200	9.590	10500	9.580	3580	9.560	4500	9.670	200	9.680	3700	9.690	602	9.700	21901	9.720	400	/16842806//33406928/3450049/9.6/9.9//2008-9-18 14:6:50
52/600088/中视传媒/9.630	1600	9.620	7600	9.610	2700	9.600	7500	9.590	10200	9.680	300	9.690	5802	9.700	10501	9.720	400	9.750	5800	/16842806//33580244/3467949/9.68/9.9//2008-9-18 14:7:51
52/600088/中视传媒/9.700	1797	9.690	800	9.680	6200	9.640	600	9.630	500	9.720	400	9.750	5800	9.760	2400	9.800	8600	9.840	5900	/16842806//33742192/3484652/9.7/9.9//2008-9-18 14:8:51
52/600088/中视传媒/9.730	100	9.720	3800	9.710	700	9.700	4097	9.690	7300	9.750	1100	9.760	2400	9.800	9500	9.840	3300	9.850	14990	/16842806//33804568/3491052/9.75/9.9//2008-9-18 14:9:52
52/600088/中视传媒/9.770	200	9.760	900	9.750	11700	9.730	100	9.720	3300	9.790	3100	9.800	9500	9.840	1000	9.850	12990	9.860	1000	/16842806//33838716/3494552/9.76/9.9//2008-9-18 14:10:53
52/600088/中视传媒/9.790	4300	9.770	1100	9.760	5900	9.750	11300	9.730	100	9.800	8200	9.840	2500	9.850	13980	9.860	1000	9.870	2000	/16842806//33946408/3505552/9.79/9.9//2008-9-18 14:11:53
52/600088/中视传媒/9.770	1100	9.760	3800	9.750	11000	9.730	100	9.710	500	9.790	21100	9.840	10300	9.850	14680	9.860	1000	9.870	2000	/16842806//34055196/3516652/9.79/9.9//2008-9-18 14:12:54
52/600088/中视传媒/9.760	200	9.750	10200	9.730	100	9.710	500	9.700	2497	9.770	1800	9.780	500	9.790	9800	9.800	1100	9.830	5000	/16842806//34303536/3542052/9.75/9.9//2008-9-18 14:13:55
52/600088/中视传媒/9.750	1200	9.730	100	9.710	700	9.700	2497	9.690	5800	9.760	800	9.790	7500	9.800	3500	9.830	5000	9.840	3800	/16842806//34418612/3553852/9.76/9.9//2008-9-18 14:14:55
52/600088/中视传媒/9.690	5197	9.680	3100	9.640	300	9.620	2600	9.610	1600	9.700	3700	9.750	5300	9.760	800	9.780	5000	9.790	6700	/16842806//34481776/3560352/9.69/9.9//2008-9-18 14:15:56
52/600088/中视传媒/9.700	20100	9.690	10297	9.680	3100	9.640	300	9.620	2600	9.740	500	9.750	5800	9.760	800	9.780	5000	9.790	6700	/16842806//34613720/3573952/9.7/9.9//2008-9-18 14:16:56
52/600088/中视传媒/9.730	200	9.710	12600	9.700	19400	9.690	10297	9.680	33100	9.740	300	9.750	1800	9.760	400	9.780	5000	9.790	6700	/16842806//34690620/3581852/9.73/9.9//2008-9-18 14:17:57
52/600088/中视传媒/9.800	12800	9.780	2000	9.770	6300	9.760	4700	9.750	5900	9.810	100	9.840	3800	9.850	6900	9.860	1500	9.870	1600	/16842806//34870584/3600252/9.8/9.9//2008-9-18 14:18:58
52/600088/中视传媒/9.880	700	9.870	4500	9.860	8300	9.850	12200	9.840	3900	9.900	14699	9.910	2000	9.920	11100	9.930	700	9.950	5200	/16842806//35114088/3624952/9.9/9.9//2008-9-18 14:19:58
52/600088/中视传媒/9.920	2301	9.910	400	9.900	35500	9.890	13100	9.880	5200	9.950	4000	9.960	900	9.970	3099	9.980	3600	9.990	3200	/16842806//35622172/3676251/9.92/9.9//2008-9-18 14:20:59
52/600088/中视传媒/9.990	5700	9.980	12401	9.970	14400	9.960	10300	9.950	7400	10.000	29300	10.010	1200	10.020	1000	10.030	200	10.040	600	/16842806//36002004/3714350/10.0/9.9//2008-9-18 14:22:0
52/600088/中视传媒/10.020	11200	10.010	6900	10.000	108100	9.990	34500	9.980	8701	10.100	5000	10.120	1000	10.130	700	10.150	11500	10.160	300	/16842806//36513284/3765350/10.1/9.9//2008-9-18 14:23:0
52/600088/中视传媒/10.110	300	10.100	25800	10.080	800	10.070	2900	10.040	300	10.120	1600	10.130	800	10.140	10400	10.150	10400	10.160	300	/16842806//36720468/3785850/10.12/9.9//2008-9-18 14:24:1
52/600088/中视传媒/10.070	2100	10.060	3000	10.040	300	10.030	2600	10.020	10300	10.100	4750	10.110	200	10.120	4210	10.130	500	10.140	10600	/16842806//37491000/3862050/10.1/9.9//2008-9-18 14:25:2
52/600088/中视传媒/10.000	35600	9.990	5700	9.980	2000	9.970	13600	9.960	7700	10.020	11200	10.030	11400	10.040	1600	10.070	3000	10.090	700	/16842806//37768852/3889750/10.0/9.9//2008-9-18 14:26:2
52/600088/中视传媒/10.010	1650	10.000	16300	9.990	5700	9.980	2000	9.970	12000	10.020	1800	10.030	8450	10.050	500	10.070	3000	10.090	700	/16842806//38256992/3938500/10.01/9.9//2008-9-18 14:27:3
52/600088/中视传媒/9.970	11100	9.960	7700	9.950	1600	9.940	300	9.930	4800	9.980	200	9.990	300	10.000	12080	10.010	3400	10.020	2300	/16842806//38686404/3981450/9.97/9.9//2008-9-18 14:28:4
52/600088/中视传媒/9.950	1600	9.940	300	9.930	4800	9.900	9700	9.890	5000	9.960	100	9.970	12595	9.980	11800	9.990	3100	10.000	19680	/16842806//39019364/4014850/9.97/9.9//2008-9-18 14:29:4
52/600088/中视传媒/9.910	200	9.900	9700	9.890	5000	9.880	200	9.870	5200	9.930	2500	9.940	100	9.950	4300	9.960	7950	9.970	19345	/16842806//39120744/4025050/9.93/9.9//2008-9-18 14:30:5
52/600088/中视传媒/9.910	3600	9.900	9400	9.890	5000	9.880	1200	9.870	5200	9.930	3350	9.940	1700	9.950	4500	9.960	5350	9.970	7100	/16842806//39161428/4029150/9.93/9.9//2008-9-18 14:31:6
52/600088/中视传媒/9.900	9400	9.890	5000	9.880	1200	9.870	5200	9.860	500	9.910	700	9.930	2350	9.940	1700	9.950	4500	9.960	2350	/16842806//39265520/4039650/9.91/9.9//2008-9-18 14:32:6
52/600088/中视传媒/9.930	3450	9.920	5200	9.910	21201	9.900	4500	9.890	5700	9.940	1100	9.950	4000	9.960	2350	9.970	4300	9.980	10500	/16842806//39435420/4056799/9.93/9.9//2008-9-18 14:33:7
52/600088/中视传媒/9.960	3950	9.940	25200	9.930	6950	9.920	3100	9.910	4100	9.970	4000	9.980	10500	9.990	100	10.000	21980	10.010	2200	/16842806//39541348/4067449/9.96/9.9//2008-9-18 14:34:8
52/600088/中视传媒/9.980	400	9.970	3200	9.960	1350	9.950	400	9.940	1200	10.000	12500	10.010	50	10.020	1500	10.030	3550	10.050	1850	/16842806//39748856/4088249/9.98/9.9//2008-9-18 14:35:8
52/600088/中视传媒/9.970	2400	9.960	1350	9.950	400	9.940	1200	9.930	200	10.000	400	10.020	850	10.030	3550	10.050	1950	10.070	2500	/16842806//39978676/4111249/10.0/9.9//2008-9-18 14:36:9
52/600088/中视传媒/9.970	3830	9.940	50	9.930	200	9.910	300	9.900	3400	9.990	5000	10.000	22610	10.010	5000	10.020	850	10.030	3550	/16842806//40063076/4119719/9.97/9.9//2008-9-18 14:37:10
52/600088/中视传媒/9.900	3000	9.890	5700	9.880	2000	9.870	5200	9.860	700	9.910	1860	9.960	1600	9.970	9000	9.980	2000	9.990	12700	/16842806//40125544/4125999/9.91/9.9//2008-9-18 14:38:10
52/600088/中视传媒/9.890	3100	9.880	1200	9.870	5200	9.860	1300	9.850	1000	9.900	7100	9.910	5060	9.960	1600	9.970	3000	9.980	3700	/16842806//40208672/4134399/9.89/9.9//2008-9-18 14:39:11
52/600088/中视传媒/9.850	700	9.810	2600	9.800	6000	9.780	100	9.760	1000	9.870	300	9.890	8000	9.900	3200	9.910	4960	9.960	1600	/16842806//40352856/4148999/9.85/9.9//2008-9-18 14:40:12
52/600088/中视传媒/9.810	1699	9.800	7600	9.780	2300	9.760	1000	9.750	3600	9.820	1800	9.850	1300	9.870	1800	9.880	1050	9.890	8000	/16842806//40456940/4159600/9.82/9.9//2008-9-18 14:41:12
52/600088/中视传媒/9.850	13100	9.830	1200	9.820	13500	9.810	3799	9.800	9400	9.870	1800	9.880	1000	9.890	8000	9.900	900	9.910	3960	/16842806//40512016/4165200/9.85/9.9//2008-9-18 14:42:13
52/600088/中视传媒/9.870	3200	9.860	100	9.850	13500	9.840	3400	9.830	1700	9.880	1000	9.890	8000	9.900	900	9.910	3960	9.930	500	/16842806//40536680/4167700/9.87/9.9//2008-9-18 14:43:14
52/600088/中视传媒/9.860	1200	9.850	13600	9.840	3400	9.830	1200	9.820	600	9.880	620	9.890	4000	9.900	1100	9.910	3960	9.930	500	/16842806//40656232/4179800/9.88/9.9//2008-9-18 14:44:14
52/600088/中视传媒/9.870	6700	9.860	1200	9.850	15800	9.840	3400	9.830	1200	9.880	700	9.890	3020	9.900	1200	9.910	3960	9.930	500	/16842806//40688844/4183100/9.87/9.9//2008-9-18 14:45:15
52/600088/中视传媒/9.840	1200	9.820	100	9.810	3099	9.800	10400	9.780	2600	9.850	19700	9.870	1400	9.880	600	9.890	3020	9.900	1200	/16842806//40892996/4203800/9.84/9.9//2008-9-18 14:46:16
52/600088/中视传媒/9.800	10000	9.780	3800	9.760	3800	9.750	3400	9.740	1500	9.810	2751	9.840	3700	9.850	15300	9.870	900	9.880	600	/16842806//40972108/4211848/9.81/9.9//2008-9-18 14:47:16
52/600088/中视传媒/9.760	2600	9.750	3500	9.740	4000	9.730	4000	9.720	3000	9.800	19500	9.810	10351	9.820	100	9.840	5900	9.850	15100	/16842806//41141052/4229099/9.76/9.9//2008-9-18 14:48:17
52/600088/中视传媒/9.730	1700	9.720	3500	9.710	10000	9.700	21500	9.690	500	9.740	1700	9.760	12000	9.790	5200	9.800	1100	9.810	4900	/16842806//41321440/4247599/9.74/9.9//2008-9-18 14:49:18
52/600088/中视传媒/9.690	500	9.680	900	9.620	800	9.610	400	9.600	8900	9.700	2700	9.720	15651	9.730	15840	9.740	2100	9.750	100	/16842806//41964936/4313899/9.7/9.9//2008-9-18 14:50:18
52/600088/中视传媒/9.680	1100	9.630	14700	9.620	7300	9.610	5900	9.600	8700	9.700	7500	9.710	5000	9.720	8251	9.730	12640	9.740	1700	/16842806//42297968/4348299/9.68/9.9//2008-9-18 14:51:19
52/600088/中视传媒/9.710	16790	9.700	14500	9.690	100	9.680	18900	9.650	600	9.720	8251	9.730	24140	9.740	400	9.750	100	9.760	900	/16842806//42508532/4370009/9.71/9.9//2008-9-18 14:52:20
52/600088/中视传媒/9.740	100	9.730	8060	9.720	2500	9.710	24539	9.700	8900	9.750	300	9.760	900	9.790	2400	9.800	500	9.810	3700	/16842806//42923732/4412700/9.75/9.9//2008-9-18 14:53:21
52/600088/中视传媒/9.760	5800	9.750	100	9.740	14100	9.730	7260	9.720	2400	9.790	800	9.800	18700	9.810	3700	9.820	1000	9.840	3000	/16842806//43002736/4420800/9.79/9.9//2008-9-18 14:54:21
52/600088/中视传媒/9.740	1857	9.730	3200	9.720	2400	9.710	8739	9.700	9500	9.800	12250	9.810	3700	9.820	1000	9.840	3000	9.850	2400	/16842806//43265420/4447643/9.8/9.9//2008-9-18 14:55:22
52/600088/中视传媒/9.750	9800	9.740	2457	9.730	6400	9.720	600	9.710	8739	9.780	12900	9.790	1400	9.800	18250	9.810	3700	9.820	1400	/16842806//43610088/4482843/9.78/9.9//2008-9-18 14:56:23
52/600088/中视传媒/9.760	2200	9.750	8600	9.740	2357	9.730	6400	9.720	600	9.780	17000	9.790	13200	9.800	23150	9.820	1400	9.840	3000	/16842806//43993380/4522043/9.75/9.9//2008-9-18 14:57:23
52/600088/中视传媒/9.720	5800	9.710	8739	9.700	13200	9.680	31600	9.660	1000	9.730	8743	9.750	100	9.760	5500	9.780	31200	9.790	13400	/16842806//44653768/4589700/9.73/9.9//2008-9-18 14:58:24
52/600088/中视传媒/9.730	500	9.720	5200	9.710	8739	9.700	12200	9.680	31500	9.770	443	9.780	37700	9.790	11200	9.800	19450	9.820	1400	/16842806//45210808/4646900/9.73/9.9//2008-9-18 14:59:25
52/600088/中视传媒/9.710	2061	9.700	13700	9.680	31000	9.660	1000	9.650	1100	9.730	9100	9.750	500	9.760	3900	9.770	5343	9.780	29500	/16842806//45545028/4681278/9.73/9.9//2008-9-18 15:0:26
52/600088/中视传媒/9.710	2061	9.700	13700	9.680	31000	9.660	1000	9.650	1100	9.730	9100	9.750	500	9.760	3900	9.770	5343	9.780	29500	/16842806//45545028/4681278/9.73/9.9//2008-9-18 15:1:26
52/600088/中视传媒/9.710	2061	9.700	13700	9.680	31000	9.660	1000	9.650	1100	9.730	9100	9.750	500	9.760	3900	9.770	5343	9.780	29500	/16842806//45545028/4681278/9.73/9.9//2008-9-18 15:2:27
