12/600019/宝钢股份/5.990	34101	5.980	27200	5.970	13600	5.960	10400	5.950	33100	6.000	232099	6.010	14900	6.020	15200	6.030	69450	6.040	257800	/16842765//11976993/1991399/5.99/6.19//2008-9-18 9:31:34
12/600019/宝钢股份/5.990	27401	5.980	123300	5.970	13900	5.960	26800	5.950	230700	6.000	30200	6.010	8900	6.020	13000	6.030	28950	6.040	211400	/16842765//13945374/2319599/6.0/6.19//2008-9-18 9:32:35
12/600019/宝钢股份/6.030	300	6.020	500	6.010	37600	6.000	237901	5.990	47601	6.040	64850	6.050	124450	6.060	44000	6.070	57600	6.080	49000	/16842765//16653506/2769098/6.04/6.19//2008-9-18 9:33:35
12/600019/宝钢股份/6.020	5100	6.010	2000	6.000	402401	5.990	44301	5.980	147800	6.030	2700	6.040	82950	6.050	108450	6.060	44000	6.070	57600	/16842765//19606878/3260598/6.03/6.19//2008-9-18 9:34:35
12/600019/宝钢股份/6.010	80300	6.000	104201	5.990	41201	5.980	179600	5.970	17900	6.020	5262	6.030	43682	6.040	60150	6.050	120600	6.060	44900	/16842765//22860834/3802298/6.02/6.19//2008-9-18 9:35:35
12/600019/宝钢股份/6.000	163024	5.990	42701	5.980	180400	5.970	15900	5.960	49500	6.010	100	6.020	31600	6.030	45044	6.040	35150	6.050	90800	/16842765//25319710/4211475/6.01/6.19//2008-9-18 9:36:36
12/600019/宝钢股份/5.990	5000	5.980	3500	5.970	400	5.960	57104	5.950	245400	6.000	78071	6.010	14934	6.020	69140	6.030	17600	6.040	34650	/16842765//30191770/5024396/6.0/6.19//2008-9-18 9:37:36
12/600019/宝钢股份/5.990	1000	5.980	5000	5.970	200	5.960	48700	5.950	50604	6.000	92771	6.010	23134	6.020	89400	6.030	15300	6.040	34550	/16842765//35808064/5965996/5.99/6.19//2008-9-18 9:38:36
12/600019/宝钢股份/5.950	116900	5.940	38598	5.930	5100	5.920	74600	5.910	130100	5.970	200	5.980	29500	5.990	46144	6.000	110271	6.010	33034	/16842765//38166752/6362602/5.95/6.19//2008-9-18 9:39:36
12/600019/宝钢股份/5.940	1900	5.930	33100	5.920	19300	5.910	126300	5.900	706498	5.960	2500	5.970	200	5.980	15200	5.990	48244	6.000	116671	/16842765//42619008/7112802/5.94/6.19//2008-9-18 9:40:36
12/600019/宝钢股份/5.960	9100	5.950	73652	5.940	85800	5.930	150800	5.920	86400	5.990	69400	6.000	153115	6.010	32134	6.020	207940	6.030	19700	/16842765//43813116/7312750/5.99/6.19//2008-9-18 9:41:37
12/600019/宝钢股份/5.970	900	5.960	29190	5.950	146852	5.940	93800	5.930	151200	5.990	70500	6.000	154315	6.010	34234	6.020	207540	6.030	36700	/16842765//44184384/7374860/5.98/6.19//2008-9-18 9:42:37
12/600019/宝钢股份/5.990	23400	5.980	5900	5.970	6500	5.960	44390	5.950	141052	6.000	58331	6.010	69134	6.020	104840	6.030	34700	6.040	30550	/16842765//46477416/7757260/6.0/6.19//2008-9-18 9:43:37
12/600019/宝钢股份/6.000	200000	5.990	2500	5.980	14469	5.970	6800	5.960	45090	6.010	91634	6.020	103700	6.030	34200	6.040	32050	6.050	109900	/16842765//48495580/8093691/6.0/6.19//2008-9-18 9:44:37
12/600019/宝钢股份/5.990	4800	5.980	30269	5.970	10800	5.960	44490	5.950	90800	6.000	52835	6.010	8200	6.020	102400	6.030	34700	6.040	33250	/16842765//50403820/8411691/6.0/6.19//2008-9-18 9:45:37
12/600019/宝钢股份/5.980	25969	5.970	10100	5.960	29890	5.950	141400	5.940	94500	5.990	5100	6.000	100735	6.010	10100	6.020	105900	6.030	35800	/16842765//51112228/8529891/5.99/6.19//2008-9-18 9:46:38
12/600019/宝钢股份/5.980	33269	5.970	14200	5.960	36490	5.950	140300	5.940	94600	5.990	6200	6.000	6835	6.010	13500	6.020	95900	6.030	35800	/16842765//52097292/8694191/5.99/6.19//2008-9-18 9:47:38
12/600019/宝钢股份/5.980	35469	5.970	14200	5.960	42990	5.950	145500	5.940	120600	5.990	67300	6.000	227035	6.010	63100	6.020	198300	6.030	35800	/16842765//52860128/8821591/5.99/6.19//2008-9-18 9:48:38
12/600019/宝钢股份/5.990	3000	5.980	11700	5.970	500	5.950	700	5.940	500	6.000	109935	6.010	12100	6.020	95600	6.030	157200	6.040	29250	/16842765//57713156/9635291/5.99/6.19//2008-9-18 9:49:39
12/600019/宝钢股份/5.960	12700	5.950	15400	5.940	1600	5.930	74559	5.920	140300	5.980	4300	5.990	28300	6.000	94035	6.010	13900	6.020	199000	/16842765//58075124/9695791/5.98/6.19//2008-9-18 9:50:39
12/600019/宝钢股份/5.960	7000	5.950	41100	5.940	105500	5.930	66859	5.920	91900	5.970	13600	5.980	22000	5.990	25300	6.000	106535	6.010	18600	/16842765//58910332/9835991/5.96/6.19//2008-9-18 9:51:39
12/600019/宝钢股份/5.950	64800	5.940	106700	5.930	70359	5.920	157200	5.910	391700	5.960	14500	5.970	12300	5.980	3100	5.990	25500	6.000	265335	/16842765//59616068/9954391/5.96/6.19//2008-9-18 9:52:39
12/600019/宝钢股份/5.920	30100	5.910	100259	5.900	1033798	5.890	135100	5.880	87100	5.950	1700	5.960	7200	5.990	2600	6.000	116135	6.010	18300	/16842765//65878960/11008891/5.95/6.19//2008-9-18 9:53:40
12/600019/宝钢股份/5.910	109000	5.900	122757	5.890	135100	5.880	106800	5.870	13500	5.950	37100	5.960	16900	5.970	15200	5.980	66800	5.990	174900	/16842765//73024112/12219191/5.92/6.19//2008-9-18 9:54:40
12/600019/宝钢股份/5.900	1257	5.890	139600	5.880	112500	5.870	213500	5.860	30800	5.910	106800	5.920	21200	5.930	1600	5.940	55800	5.950	90700	/16842765//74972272/12549091/5.91/6.19//2008-9-18 9:55:40
12/600019/宝钢股份/5.900	45492	5.890	11800	5.880	116000	5.870	216200	5.860	35800	5.910	21443	5.920	20900	5.930	8500	5.940	55800	5.950	65600	/16842765//77607600/12995856/5.91/6.19//2008-9-18 9:56:41
12/600019/宝钢股份/5.900	117700	5.890	79492	5.880	138800	5.870	216400	5.860	40600	5.910	20443	5.920	21400	5.930	24000	5.940	55800	5.950	66800	/16842765//79061744/13242256/5.9/6.19//2008-9-18 9:57:41
12/600019/宝钢股份/5.900	18057	5.890	154592	5.880	160200	5.870	218500	5.860	45400	5.910	58000	5.920	40200	5.930	24000	5.940	56200	5.950	104800	/16842765//81477888/13651299/5.91/6.19//2008-9-18 9:58:41
12/600019/宝钢股份/5.900	9900	5.890	113849	5.880	190800	5.870	218500	5.860	52400	5.910	76301	5.920	45600	5.930	24100	5.940	56200	5.950	104800	/16842765//83093256/13925099/5.91/6.19//2008-9-18 9:59:41
12/600019/宝钢股份/5.900	109400	5.890	73549	5.880	236100	5.870	218600	5.860	51400	5.910	59701	5.920	45700	5.930	9000	5.940	56200	5.950	105700	/16842765//85100704/14265299/5.9/6.19//2008-9-18 10:0:42
12/600019/宝钢股份/5.900	52400	5.890	17400	5.880	23649	5.870	218900	5.860	50700	5.910	901	5.920	46600	5.930	8500	5.940	56200	5.950	105900	/16842765//89841192/15069599/5.91/6.19//2008-9-18 10:1:42
12/600019/宝钢股份/5.890	122550	5.880	156849	5.870	242100	5.860	57900	5.850	335800	5.900	67801	5.910	56100	5.920	47100	5.930	10000	5.940	70600	/16842765//90821096/15235749/5.89/5.9//2008-9-18 10:2:42
12/600019/宝钢股份/5.890	73850	5.880	164949	5.870	244100	5.860	74200	5.850	339000	5.900	100301	5.910	56700	5.920	47200	5.930	10000	5.940	65500	/16842765//92236704/15476049/5.89/5.9//2008-9-18 10:3:42
12/600019/宝钢股份/5.880	107299	5.870	244100	5.860	73900	5.850	342200	5.840	4600	5.890	11900	5.900	127001	5.910	56700	5.920	47200	5.930	10000	/16842765//93543112/15697949/5.89/5.9//2008-9-18 10:4:43
12/600019/宝钢股份/5.890	34500	5.880	109799	5.870	244600	5.860	77900	5.850	349000	5.900	129391	5.910	57800	5.920	47200	5.930	13600	5.940	65100	/16842765//94183432/15806649/5.89/5.9//2008-9-18 10:5:43
12/600019/宝钢股份/5.870	171000	5.860	279400	5.850	502000	5.840	5200	5.830	2200	5.880	21551	5.890	24200	5.900	145791	5.910	53800	5.920	51600	/16842765//98062368/16466348/5.87/5.9//2008-9-18 10:6:43
12/600019/宝钢股份/5.880	33649	5.870	42100	5.860	2970	5.850	2200	5.840	34400	5.890	22200	5.900	156191	5.910	54900	5.920	51600	5.930	16900	/16842765//104488976/17563028/5.88/5.9//2008-9-18 10:7:44
12/600019/宝钢股份/5.860	239500	5.850	202966	5.840	236400	5.830	106200	5.820	30800	5.870	17400	5.880	16600	5.890	77551	5.900	157491	5.910	54900	/16842765//105771200/17781482/5.87/5.9//2008-9-18 10:8:44
12/600019/宝钢股份/5.860	304900	5.850	36066	5.840	235700	5.830	106600	5.820	34500	5.870	55600	5.880	56000	5.890	94651	5.900	146891	5.910	62000	/16842765//110519120/18591982/5.86/5.9//2008-9-18 10:9:44
12/600019/宝钢股份/5.870	12300	5.860	149399	5.850	104866	5.840	234200	5.830	107800	5.880	53500	5.890	94651	5.900	104990	5.910	12000	5.920	9000	/16842765//113529040/19105484/5.87/5.9//2008-9-18 10:10:44
12/600019/宝钢股份/5.880	47100	5.870	6800	5.860	167499	5.850	325666	5.840	241600	5.890	95151	5.900	105790	5.910	12000	5.920	9000	5.930	9700	/16842765//114595408/19286984/5.88/5.9//2008-9-18 10:11:45
12/600019/宝钢股份/5.880	5577	5.870	42200	5.860	333799	5.850	340966	5.840	41600	5.890	93250	5.900	102290	5.910	12700	5.920	10200	5.930	9700	/16842765//115381712/19420706/5.89/5.9//2008-9-18 10:12:45
12/600019/宝钢股份/5.880	11690	5.870	14400	5.860	167676	5.850	332866	5.840	93600	5.890	69951	5.900	102290	5.910	12700	5.920	10200	5.930	9700	/16842765//117596336/19798116/5.89/5.9//2008-9-18 10:13:45
12/600019/宝钢股份/5.870	87400	5.860	38576	5.850	333666	5.840	48000	5.830	112800	5.880	40810	5.890	88651	5.900	101290	5.910	12700	5.920	9700	/16842765//119043808/20044806/5.88/5.9//2008-9-18 10:14:46
12/600019/宝钢股份/5.880	22030	5.870	95400	5.860	113276	5.850	349666	5.840	52500	5.890	111461	5.900	102790	5.910	12700	5.920	11100	5.930	9700	/16842765//120012768/20209476/5.89/5.9//2008-9-18 10:15:46
12/600019/宝钢股份/5.880	4000	5.870	103430	5.860	112476	5.850	359966	5.840	52600	5.900	6951	5.910	12700	5.920	11100	5.930	9700	5.940	14900	/16842765//121815984/20515576/5.9/5.9//2008-9-18 10:16:46
12/600019/宝钢股份/5.890	9900	5.880	51400	5.870	603130	5.860	114876	5.850	374966	5.900	171651	5.910	10900	5.920	11300	5.930	9700	5.940	1500	/16842765//122678904/20661876/5.89/5.9//2008-9-18 10:17:47
12/600019/宝钢股份/5.930	179400	5.920	9100	5.910	32300	5.900	1023149	5.890	274100	5.940	600	5.950	88500	5.960	13900	5.970	15200	5.980	27300	/16842765//123926512/20873228/5.93/5.9//2008-9-18 10:18:47
12/600019/宝钢股份/5.970	13000	5.960	37600	5.950	33000	5.940	3100	5.930	180000	5.980	26200	5.990	198600	6.000	157488	6.010	18900	6.020	100500	/16842765//125489928/21135828/5.97/5.9//2008-9-18 10:19:47
12/600019/宝钢股份/5.980	2700	5.950	700	5.940	57800	5.930	22100	5.920	106100	5.990	18500	6.000	95088	6.010	105300	6.020	100600	6.030	161300	/16842765//129548296/21814428/5.98/5.9//2008-9-18 10:20:48
12/600019/宝钢股份/5.940	47700	5.930	22600	5.920	107800	5.910	23400	5.900	284149	5.950	600	5.970	1000	5.980	898800	5.990	38500	6.000	63000	/16842765//131521872/22144328/5.95/5.9//2008-9-18 10:21:48
12/600019/宝钢股份/5.920	99800	5.910	24400	5.900	294749	5.890	266100	5.880	294400	5.930	1600	5.950	43400	5.960	1000	5.970	24788	5.980	916800	/16842765//131985472/22222428/5.92/5.9//2008-9-18 10:22:48
12/600019/宝钢股份/5.930	5100	5.910	16300	5.900	157724	5.890	66200	5.880	296800	5.950	196800	5.970	11600	5.980	3600	5.990	93690	6.000	67200	/16842765//140054864/23576152/5.9/5.9//2008-9-18 10:23:48
12/600019/宝钢股份/5.920	2073	5.910	101100	5.900	14900	5.890	213100	5.880	308600	5.930	1100	5.940	1600	5.990	12400	6.000	29878	6.010	26100	/16842765//145555888/24500604/5.92/5.9//2008-9-18 10:24:49
12/600019/宝钢股份/5.940	800	5.930	1500	5.920	67340	5.910	86175	5.900	212800	5.950	300	5.980	22400	5.990	36589	6.000	371278	6.010	47500	/16842765//146323712/24629660/5.95/5.9//2008-9-18 10:25:49
12/600019/宝钢股份/5.920	50790	5.910	86775	5.900	246000	5.890	274800	5.880	314700	5.940	1300	5.950	5700	5.960	2200	5.970	2500	5.980	25100	/16842765//146529632/24664412/5.92/5.9//2008-9-18 10:26:49
12/600019/宝钢股份/5.930	700	5.920	77740	5.910	89475	5.900	241800	5.890	273800	5.950	9900	5.960	5100	5.970	3500	5.980	25000	5.990	86162	/16842765//146794672/24709160/5.92/5.9//2008-9-18 10:27:50
12/600019/宝钢股份/5.950	4800	5.940	5450	5.930	31200	5.920	67715	5.910	109175	5.960	10000	5.980	2800	5.990	119300	6.000	286140	6.010	29600	/16842765//149242496/25118136/5.95/5.9//2008-9-18 10:28:50
12/600019/宝钢股份/5.930	12800	5.920	70915	5.910	211275	5.900	260700	5.890	273800	5.940	23500	5.950	1200	5.960	10400	5.980	7200	5.990	119900	/16842765//149495728/25160786/5.94/5.9//2008-9-18 10:29:50
12/600019/宝钢股份/5.930	71500	5.920	73238	5.910	212275	5.900	260200	5.890	222800	5.950	61127	5.960	16400	5.980	14700	5.990	120700	6.000	298540	/16842765//150114560/25265264/5.93/5.9//2008-9-18 10:30:51
12/600019/宝钢股份/5.930	68523	5.920	95238	5.910	216175	5.900	293900	5.890	222900	5.940	800	5.950	45127	5.960	16400	5.980	22700	5.990	122100	/16842765//150473920/25325740/5.93/5.9//2008-9-18 10:31:51
12/600019/宝钢股份/5.960	1674	5.950	176622	5.940	50200	5.930	22623	5.920	100538	5.970	400	5.980	33000	5.990	10100	6.000	318940	6.010	31800	/16842765//151467376/25492844/5.97/5.9//2008-9-18 10:32:51
12/600019/宝钢股份/5.940	50000	5.930	92423	5.920	100538	5.910	218175	5.900	898700	5.950	60755	5.960	45336	5.970	28200	5.980	37800	5.990	57900	/16842765//152570544/25678240/5.95/5.9//2008-9-18 10:33:52
12/600019/宝钢股份/5.930	87297	5.920	100738	5.910	207075	5.900	287500	5.890	171300	5.940	167150	5.950	186255	5.960	48736	5.970	24500	5.980	51900	/16842765//152938368/25740166/5.94/5.9//2008-9-18 10:34:52
12/600019/宝钢股份/5.900	149936	5.890	162900	5.880	321700	5.870	138230	5.860	155276	5.910	8000	5.920	111900	5.930	57703	5.940	166450	5.950	191105	/16842765//157457648/26504040/5.92/5.9//2008-9-18 10:35:52
12/600019/宝钢股份/5.890	123174	5.880	319900	5.870	138230	5.860	161976	5.850	526100	5.900	418015	5.910	68000	5.920	122600	5.930	30203	5.940	109050	/16842765//159248528/26807702/5.9/5.9//2008-9-18 10:36:53
12/600019/宝钢股份/5.870	130030	5.860	299576	5.850	532800	5.840	55000	5.830	112900	5.880	78977	5.890	117752	5.900	415115	5.910	54800	5.920	4500	/16842765//162015136/27277976/5.88/5.9//2008-9-18 10:37:53
12/600019/宝钢股份/5.860	48278	5.850	542400	5.840	55700	5.830	113000	5.820	38900	5.870	45221	5.880	52100	5.890	115251	5.900	153715	5.910	54500	/16842765//164417216/27687604/5.87/5.9//2008-9-18 10:38:53
12/600019/宝钢股份/5.860	112401	5.850	580100	5.840	25800	5.830	118500	5.820	38900	5.870	20800	5.880	7011	5.890	35399	5.900	56115	5.910	53500	/16842765//165334464/27843880/5.86/5.9//2008-9-18 10:39:54
12/600019/宝钢股份/5.860	377724	5.850	548100	5.840	27000	5.830	116500	5.820	39900	5.870	800	5.880	7211	5.890	33899	5.900	57115	5.910	53500	/16842765//166515728/28045358/5.86/5.9//2008-9-18 10:40:54
12/600019/宝钢股份/5.890	4701	5.880	201589	5.870	62774	5.860	398373	5.850	565500	5.900	55115	5.910	53200	5.920	3700	5.930	4603	5.940	60951	/16842765//166989296/28125944/5.89/5.9//2008-9-18 10:41:54
12/600019/宝钢股份/5.880	214098	5.870	121074	5.860	398273	5.850	558500	5.840	27400	5.890	500	5.910	1000	5.920	3700	5.930	4003	5.940	60951	/16842765//167510224/28214336/5.88/5.9//2008-9-18 10:42:55
12/600019/宝钢股份/5.890	49100	5.880	191321	5.870	122574	5.860	417873	5.850	1067600	5.900	4100	5.910	1900	5.920	4300	5.930	16503	5.940	64751	/16842765//167729520/28251614/5.9/5.9//2008-9-18 10:43:55
12/600019/宝钢股份/5.890	21703	5.880	190021	5.870	118374	5.860	167473	5.850	422100	5.900	63600	5.950	92004	5.960	27100	5.970	27700	5.980	49099	/16842765//168718064/28418612/5.9/5.9//2008-9-18 10:44:56
12/600019/宝钢股份/5.880	185647	5.870	117174	5.860	167973	5.850	425000	5.840	27600	5.890	21200	5.900	105600	5.930	1700	5.940	60752	5.950	103504	/16842765//169294864/28516488/5.89/5.9//2008-9-18 10:45:56
12/600019/宝钢股份/5.860	119021	5.850	424800	5.840	27600	5.830	116700	5.820	49600	5.880	175604	5.890	249252	5.900	136100	5.930	2400	5.940	30800	/16842765//172562912/29072660/5.86/5.9//2008-9-18 10:46:56
12/600019/宝钢股份/5.840	27100	5.830	117200	5.820	50100	5.810	256200	5.800	703700	5.850	1400	5.860	125200	5.870	63100	5.880	183904	5.890	21200	/16842765//175898080/29642538/5.84/5.9//2008-9-18 10:47:57
12/600019/宝钢股份/5.790	37100	5.780	31400	5.770	18400	5.760	17000	5.750	96200	5.800	2300777	5.830	1000	5.840	31900	5.850	133152	5.860	39300	/16842765//189158432/31927038/5.8/5.9//2008-9-18 10:48:57
12/600019/宝钢股份/5.780	23802	5.770	56174	5.760	20000	5.750	774000	5.740	3600	5.790	3500	5.800	1918579	5.810	200	5.820	2800	5.830	63800	/16842765//190011104/32074662/5.78/5.9//2008-9-18 10:49:57
12/600019/宝钢股份/5.780	12755	5.770	58374	5.760	370200	5.750	793800	5.740	4500	5.790	3600	5.800	1933959	5.820	2800	5.830	62700	5.840	11300	/16842765//191521392/32335908/5.79/5.9//2008-9-18 10:50:58
12/600019/宝钢股份/5.760	360675	5.750	1130700	5.740	9500	5.730	21500	5.720	24000	5.770	233273	5.780	1800	5.790	14600	5.800	1935859	5.810	200	/16842765//193019904/32595364/5.77/5.9//2008-9-18 10:51:58
12/600019/宝钢股份/5.770	46827	5.760	107598	5.750	455000	5.740	14800	5.730	22500	5.790	1800	5.800	1934959	5.810	200	5.820	20400	5.830	62700	/16842765//195926112/33099112/5.79/5.9//2008-9-18 10:52:58
12/600019/宝钢股份/5.780	500	5.770	100376	5.760	221598	5.750	464700	5.740	16100	5.790	81824	5.800	1336059	5.810	200	5.820	20400	5.830	63300	/16842765//200267856/33848264/5.78/5.9//2008-9-18 10:53:59
12/600019/宝钢股份/5.770	6700	5.750	416897	5.740	16100	5.730	22700	5.720	25100	5.780	109300	5.790	37121	5.800	1353359	5.810	200	5.820	3700	/16842765//203664864/34437740/5.77/5.9//2008-9-18 10:54:59
12/600019/宝钢股份/5.770	90674	5.760	91000	5.750	416846	5.740	16300	5.730	22700	5.780	98600	5.790	48620	5.800	1353559	5.810	200	5.820	7800	/16842765//204162320/34523920/5.78/5.9//2008-9-18 10:56:0
12/600019/宝钢股份/5.760	1000	5.750	130443	5.740	16300	5.730	25700	5.720	28500	5.770	65800	5.780	83400	5.790	35320	5.800	1351259	5.810	200	/16842765//207832432/35161496/5.77/5.9//2008-9-18 10:57:0
12/600019/宝钢股份/5.750	77941	5.740	15300	5.730	25700	5.720	27400	5.710	111500	5.760	4400	5.770	71800	5.780	56000	5.790	34120	5.800	1372709	/16842765//209519120/35454696/5.75/5.9//2008-9-18 10:58:0
12/600019/宝钢股份/5.740	15700	5.730	25600	5.720	40400	5.710	224600	5.700	307000	5.750	49400	5.760	39311	5.770	74500	5.780	55600	5.790	22120	/16842765//210239632/35579936/5.75/5.9//2008-9-18 10:59:1
12/600019/宝钢股份/5.730	25174	5.720	73200	5.710	196200	5.700	284100	5.690	16100	5.740	9800	5.750	27400	5.760	46111	5.770	74000	5.780	55600	/16842765//210753392/35669364/5.74/5.9//2008-9-18 11:0:1
12/600019/宝钢股份/5.730	82258	5.720	132200	5.710	260300	5.700	305200	5.690	15700	5.740	65126	5.750	194600	5.760	47511	5.770	71800	5.780	55100	/16842765//211190448/35745480/5.74/5.9//2008-9-18 11:1:2
12/600019/宝钢股份/5.720	234300	5.710	266100	5.700	322700	5.690	15700	5.680	74000	5.730	33155	5.740	48926	5.750	205900	5.760	11700	5.770	4000	/16842765//212023792/35890840/5.73/5.9//2008-9-18 11:2:2
12/600019/宝钢股份/5.720	171548	5.710	366100	5.700	335000	5.690	16100	5.680	76700	5.730	1055	5.740	39526	5.750	198300	5.760	8400	5.770	3800	/16842765//212980864/36057992/5.73/5.9//2008-9-18 11:3:2
12/600019/宝钢股份/5.720	159748	5.710	366100	5.700	349300	5.690	17300	5.680	111800	5.730	12400	5.740	13107	5.750	183800	5.760	8400	5.770	3600	/16842765//213690912/36181888/5.73/5.9//2008-9-18 11:4:3
12/600019/宝钢股份/5.740	7667	5.730	40900	5.720	170822	5.710	369000	5.700	363000	5.750	133000	5.760	8400	5.770	3600	5.780	37600	5.790	126521	/16842765//214832624/36380748/5.75/5.9//2008-9-18 11:5:3
12/600019/宝钢股份/5.740	64074	5.730	108000	5.720	179922	5.710	371100	5.700	373400	5.750	44626	5.760	28400	5.770	3300	5.780	33600	5.790	16521	/16842765//215630384/36519576/5.75/5.9//2008-9-18 11:6:4
12/600019/宝钢股份/5.770	3800	5.760	2400	5.750	448418	5.740	81474	5.730	106100	5.800	25886	5.810	1500	5.820	1900	5.830	22600	5.840	10000	/16842765//224578576/38063056/5.77/5.9//2008-9-18 11:7:4
12/600019/宝钢股份/5.820	119824	5.800	4700	5.790	3400	5.780	2200	5.770	11274	5.830	200	5.840	11886	5.850	65500	5.860	10000	5.870	7400	/16842765//225170752/38164960/5.82/5.9//2008-9-18 11:8:4
12/600019/宝钢股份/5.850	27674	5.840	88014	5.830	3100	5.820	7298	5.810	100000	5.860	2900	5.870	2000	5.880	36704	5.890	52300	5.900	79100	/16842765//227300544/38529496/5.86/5.9//2008-9-18 11:9:5
12/600019/宝钢股份/5.840	84014	5.830	6000	5.820	13900	5.810	202000	5.800	6000	5.850	20578	5.860	39000	5.870	12900	5.880	35404	5.890	64600	/16842765//227923056/38635672/5.85/5.9//2008-9-18 11:10:5
12/600019/宝钢股份/5.790	1900	5.780	15700	5.770	11974	5.760	204700	5.750	415718	5.800	6826	5.810	9812	5.830	1795	5.840	56100	5.850	40978	/16842765//230083952/39006784/5.8/5.9//2008-9-18 11:11:6
12/600019/宝钢股份/5.760	7522	5.750	419518	5.740	73574	5.730	88200	5.720	142500	5.800	204800	5.810	57438	5.820	200	5.830	1795	5.840	44900	/16842765//232387680/39406336/5.76/5.9//2008-9-18 11:12:6
12/600019/宝钢股份/5.760	84470	5.750	411118	5.740	72474	5.730	90800	5.720	146600	5.770	5220	5.790	800	5.800	212300	5.810	57438	5.820	1200	/16842765//232807952/39479288/5.76/5.9//2008-9-18 11:13:7
12/600019/宝钢股份/5.790	3000	5.770	31654	5.760	276444	5.750	429918	5.740	72474	5.800	210300	5.810	57638	5.820	1200	5.830	1795	5.840	44600	/16842765//232958864/39505460/5.79/5.9//2008-9-18 11:14:7
12/600019/宝钢股份/5.770	31942	5.760	243844	5.750	437518	5.740	74474	5.730	106200	5.790	24399	5.800	212500	5.810	58038	5.820	1200	5.830	1795	/16842765//233121312/39533572/5.79/5.9//2008-9-18 11:15:7
12/600019/宝钢股份/5.800	22001	5.790	4900	5.780	2600	5.770	46742	5.760	246544	5.810	5538	5.820	1200	5.830	3795	5.840	275900	5.850	45578	/16842765//235419888/39929772/5.8/5.9//2008-9-18 11:16:8
12/600019/宝钢股份/5.790	5200	5.780	5500	5.770	101042	5.760	246444	5.750	444118	5.800	18937	5.820	1300	5.830	39995	5.840	275900	5.850	46578	/16842765//235607904/39962172/5.8/5.9//2008-9-18 11:17:8
12/600019/宝钢股份/5.800	11763	5.790	4300	5.780	40700	5.770	55442	5.760	246444	5.810	1000	5.820	11300	5.830	37895	5.840	275500	5.850	48778	/16842765//235961856/40023208/5.8/5.9//2008-9-18 11:18:9
12/600019/宝钢股份/5.790	10800	5.780	49100	5.770	55442	5.760	246144	5.750	430018	5.800	1837	5.810	17900	5.820	11300	5.830	41895	5.840	275500	/16842765//236176256/40060172/5.8/5.9//2008-9-18 11:19:9
12/600019/宝钢股份/5.800	55863	5.790	23200	5.780	112500	5.770	68900	5.760	338144	5.810	14400	5.820	11300	5.830	22595	5.840	275500	5.850	54278	/16842765//236825984/40172208/5.8/5.9//2008-9-18 11:20:10
12/600019/宝钢股份/5.800	200963	5.790	30900	5.780	116000	5.770	124400	5.760	348544	5.810	12500	5.820	12200	5.830	22695	5.840	275500	5.850	55678	/16842765//237816656/40343008/5.8/5.9//2008-9-18 11:21:10
12/600019/宝钢股份/5.800	10663	5.790	30600	5.780	115400	5.770	124400	5.760	345944	5.810	3200	5.840	15045	5.850	55678	5.860	86900	5.870	15400	/16842765//240862800/40866208/5.81/5.9//2008-9-18 11:22:10
12/600019/宝钢股份/5.810	12000	5.800	71863	5.790	31400	5.780	103300	5.770	123900	5.830	76600	5.840	236245	5.850	58978	5.860	24300	5.870	15400	/16842765//241026336/40894312/5.83/5.9//2008-9-18 11:23:11
12/600019/宝钢股份/5.780	46163	5.770	121400	5.760	345944	5.750	443918	5.740	77474	5.800	210400	5.810	300	5.820	113700	5.830	96800	5.840	237745	/16842765//242696208/41182808/5.78/5.9//2008-9-18 11:24:11
12/600019/宝钢股份/5.780	35263	5.770	72400	5.760	411144	5.750	443718	5.740	41300	5.800	208400	5.810	8700	5.820	15300	5.830	115200	5.840	22700	/16842765//243697392/41356008/5.78/5.9//2008-9-18 11:25:12
12/600019/宝钢股份/5.770	185900	5.760	229607	5.750	444618	5.740	41400	5.730	92000	5.780	4800	5.790	13800	5.800	215900	5.810	18700	5.820	17300	/16842765//246855280/41903912/5.77/5.9//2008-9-18 11:26:12
12/600019/宝钢股份/5.780	2400	5.770	15900	5.760	380207	5.750	446718	5.740	41400	5.790	47900	5.800	280500	5.810	18700	5.820	17300	5.830	115700	/16842765//248224320/42141008/5.78/5.9//2008-9-18 11:27:13
12/600019/宝钢股份/5.770	64500	5.760	60607	5.750	458118	5.740	40600	5.730	92600	5.780	3500	5.790	71800	5.800	284300	5.810	18700	5.820	18800	/16842765//250305328/42502208/5.77/5.9//2008-9-18 11:28:13
12/600019/宝钢股份/5.770	54700	5.760	263907	5.750	453318	5.740	41200	5.730	92700	5.780	72300	5.790	47600	5.800	241200	5.810	18400	5.820	19100	/16842765//250411568/42520608/5.77/5.9//2008-9-18 11:29:14
12/600019/宝钢股份/5.760	131062	5.750	453718	5.740	42200	5.730	92700	5.720	50600	5.770	7000	5.780	1200	5.790	52600	5.800	41600	5.810	18400	/16842765//252679856/42913956/5.77/5.9//2008-9-18 11:30:14
12/600019/宝钢股份/5.760	131062	5.750	453718	5.740	42200	5.730	92700	5.720	50600	5.770	7000	5.780	1200	5.790	52600	5.800	41600	5.810	18400	/16842765//252679856/42913956/5.77/5.9//2008-9-18 11:31:15
12/600019/宝钢股份/5.750	368918	5.740	18900	5.730	101500	5.720	63400	5.710	339100	5.760	143238	5.780	19200	5.790	9000	5.800	62720	5.810	9600	/16842765//256822304/43632780/5.75/5.9//2008-9-18 13:1:15
12/600019/宝钢股份/5.750	301418	5.740	20600	5.730	101000	5.720	64200	5.710	339100	5.760	125438	5.770	9900	5.780	23200	5.790	29157	5.800	74520	/16842765//256610640/43596016/5.75/5.9//2008-9-18 13:2:16
12/600019/宝钢股份/5.780	47260	5.760	72100	5.750	185880	5.740	20500	5.730	102300	5.790	29157	5.800	75020	5.810	9600	5.820	20000	5.830	47000	/16842765//258579904/43937896/5.78/5.9//2008-9-18 13:3:16
12/600019/宝钢股份/5.780	12861	5.770	161500	5.760	153600	5.750	180780	5.740	41200	5.800	77	5.810	9800	5.820	20000	5.830	47000	5.840	24400	/16842765//259882464/44162992/5.8/5.9//2008-9-18 13:4:17
12/600019/宝钢股份/5.790	11400	5.780	23561	5.770	261500	5.760	165800	5.750	233180	5.800	64877	5.810	12800	5.820	41500	5.830	47000	5.840	24400	/16842765//260342928/44242392/5.79/5.9//2008-9-18 13:5:17
12/600019/宝钢股份/5.800	54684	5.790	100	5.780	20000	5.770	258500	5.760	162300	5.810	5300	5.820	41500	5.830	47000	5.840	24400	5.850	45300	/16842765//261217760/44393372/5.8/5.9//2008-9-18 13:6:18
12/600019/宝钢股份/5.800	323534	5.790	17800	5.780	26300	5.770	258500	5.760	161800	5.810	68700	5.820	41200	5.830	47200	5.840	24400	5.850	45400	/16842765//262177392/44558820/5.81/5.9//2008-9-18 13:7:18
12/600019/宝钢股份/5.800	209584	5.790	17700	5.780	26500	5.770	258600	5.760	162000	5.810	19900	5.820	41300	5.830	47500	5.840	23700	5.850	48800	/16842765//263577152/44799972/5.81/5.9//2008-9-18 13:8:19
12/600019/宝钢股份/5.810	80790	5.800	269184	5.790	17700	5.780	26500	5.770	460400	5.820	40200	5.830	47700	5.840	23700	5.850	51000	5.860	29300	/16842765//264344192/44931980/5.81/5.9//2008-9-18 13:9:19
12/600019/宝钢股份/5.810	51830	5.800	280884	5.790	17700	5.780	26000	5.770	460700	5.820	83300	5.830	47700	5.840	23700	5.850	51500	5.860	30300	/16842765//265326384/45100992/5.81/5.9//2008-9-18 13:10:20
12/600019/宝钢股份/5.810	7500	5.800	231784	5.790	67700	5.780	25600	5.770	460700	5.820	24479	5.830	49600	5.840	23700	5.850	51500	5.860	30300	/16842765//266598944/45319972/5.81/5.9//2008-9-18 13:11:20
12/600019/宝钢股份/5.800	230383	5.790	67700	5.780	25600	5.770	460700	5.760	162000	5.810	6400	5.820	116979	5.830	48400	5.840	24700	5.850	53200	/16842765//267116576/45409072/5.81/5.9//2008-9-18 13:12:21
12/600019/宝钢股份/5.820	7140	5.810	16681	5.800	164813	5.790	117700	5.780	147700	5.830	48900	5.840	24700	5.850	64600	5.860	30400	5.870	51600	/16842765//268804960/45699520/5.82/5.9//2008-9-18 13:13:21
12/600019/宝钢股份/5.800	175313	5.790	117700	5.780	147500	5.770	461200	5.760	181600	5.810	3800	5.820	122979	5.830	61100	5.840	24700	5.850	72900	/16842765//269743040/45860944/5.81/5.9//2008-9-18 13:14:22
12/600019/宝钢股份/5.800	12113	5.790	129900	5.780	247600	5.770	462100	5.760	183200	5.810	1700	5.820	145479	5.830	51100	5.840	25100	5.850	74100	/16842765//271157024/46104544/5.8/5.9//2008-9-18 13:15:22
12/600019/宝钢股份/5.790	110513	5.780	250300	5.770	454600	5.760	186600	5.750	199380	5.800	3500	5.810	2900	5.820	145632	5.830	50700	5.840	26100	/16842765//271676384/46194040/5.8/5.9//2008-9-18 13:16:23
12/600019/宝钢股份/5.790	913	5.780	249900	5.770	454600	5.760	166600	5.750	197680	5.800	49100	5.810	34300	5.820	157182	5.830	52700	5.840	26100	/16842765//272737824/46377240/5.8/5.9//2008-9-18 13:17:23
12/600019/宝钢股份/5.810	76700	5.800	28250	5.790	12513	5.780	351200	5.770	455300	5.820	155382	5.830	53300	5.840	28100	5.850	106100	5.860	30193	/16842765//273975680/46590492/5.81/5.9//2008-9-18 13:18:24
12/600019/宝钢股份/5.800	33250	5.790	12313	5.780	355100	5.770	454400	5.760	168700	5.810	800	5.820	158582	5.830	52200	5.840	28100	5.850	106800	/16842765//274533600/46686492/5.81/5.9//2008-9-18 13:19:24
12/600019/宝钢股份/5.810	9118	5.800	49950	5.790	62313	5.780	355500	5.770	455400	5.820	45500	5.830	48300	5.840	28500	5.850	106800	5.860	29593	/16842765//275725920/46891376/5.82/5.9//2008-9-18 13:20:25
12/600019/宝钢股份/5.820	6000	5.810	17618	5.800	57050	5.790	65213	5.780	355500	5.830	98300	5.840	31500	5.850	111900	5.860	29793	5.870	52600	/16842765//276159072/46965776/5.81/5.9//2008-9-18 13:21:25
12/600019/宝钢股份/5.850	34700	5.820	21000	5.810	75818	5.800	69750	5.790	100713	5.860	32393	5.870	52600	5.880	33300	5.890	66200	5.900	95270	/16842765//278700416/47400872/5.85/5.9//2008-9-18 13:22:26
12/600019/宝钢股份/5.860	68000	5.850	26400	5.830	4100	5.820	9000	5.810	67018	5.870	51093	5.880	28400	5.890	62800	5.900	98070	5.910	6300	/16842765//278442656/47356472/5.86/5.9//2008-9-18 13:23:26
12/600019/宝钢股份/5.870	13002	5.860	60751	5.850	29700	5.830	4300	5.820	9100	5.880	24000	5.890	61300	5.900	80070	5.910	6300	5.920	31000	/16842765//279088608/47466520/5.88/5.9//2008-9-18 13:24:27
12/600019/宝钢股份/5.890	50100	5.880	2300	5.870	63400	5.860	59651	5.850	39800	5.900	33270	5.910	7800	5.920	26000	5.930	39899	5.940	5500	/16842765//280371712/47684420/5.89/5.9//2008-9-18 13:25:27
12/600019/宝钢股份/5.890	48000	5.880	7400	5.870	61800	5.860	58651	5.850	39000	5.900	15471	5.910	43700	5.920	27700	5.930	94899	5.940	5500	/16842765//280840512/47763920/5.9/5.9//2008-9-18 13:26:28
12/600019/宝钢股份/5.880	6400	5.870	60200	5.860	59451	5.850	189000	5.830	2800	5.890	13600	5.900	32871	5.910	40200	5.920	26500	5.930	94899	/16842765//281876896/47939820/5.88/5.9//2008-9-18 13:27:28
12/600019/宝钢股份/5.900	74129	5.880	1500	5.870	38600	5.860	59351	5.850	191500	5.910	40200	5.920	33300	5.930	95499	5.940	40000	5.950	161600	/16842765//283038624/48136992/5.9/5.9//2008-9-18 13:28:29
12/600019/宝钢股份/5.900	51379	5.880	14700	5.870	38900	5.860	60351	5.850	194500	5.910	77300	5.920	32000	5.930	93099	5.940	47700	5.950	105600	/16842765//283960256/48293040/5.91/5.9//2008-9-18 13:29:29
12/600019/宝钢股份/5.890	300	5.880	14400	5.870	38900	5.860	62751	5.850	196900	5.900	37950	5.910	101021	5.920	37450	5.930	93399	5.940	83700	/16842765//284814656/48437820/5.9/5.9//2008-9-18 13:30:30
12/600019/宝钢股份/5.910	59130	5.900	20400	5.880	11400	5.870	39900	5.860	63351	5.920	12650	5.930	93999	5.940	84300	5.950	110400	5.960	55600	/16842765//286391808/48704892/5.91/5.9//2008-9-18 13:31:30
12/600019/宝钢股份/5.950	297300	5.930	3100	5.920	34250	5.910	59130	5.900	600	5.980	40599	5.990	54550	6.000	340512	6.010	29899	6.020	62990	/16842765//289176576/49173040/5.98/5.9//2008-9-18 13:32:31
12/600019/宝钢股份/5.990	1300	5.980	5389	5.970	44700	5.960	14700	5.950	305800	6.000	100	6.010	20299	6.020	62990	6.030	158000	6.040	31850	/16842765//292471936/49723052/6.0/5.9//2008-9-18 13:33:31
12/600019/宝钢股份/6.000	47100	5.990	20900	5.980	10989	5.970	37700	5.960	14900	6.010	9299	6.020	73490	6.030	158900	6.040	34680	6.050	145000	/16842765//293553344/49903452/6.01/5.9//2008-9-18 13:34:32
12/600019/宝钢股份/6.000	130840	5.990	3900	5.980	8100	5.970	24900	5.960	4200	6.010	37800	6.020	152589	6.030	159400	6.040	34280	6.050	151600	/16842765//294794656/50110312/6.0/5.9//2008-9-18 13:35:32
12/600019/宝钢股份/6.020	2000	6.010	48740	6.000	98040	5.990	2500	5.980	7700	6.040	6800	6.050	2700	6.090	16400	6.100	34869	6.110	5600	/16842765//306052416/51965872/6.02/5.9//2008-9-18 13:36:33
12/600019/宝钢股份/6.000	104720	5.990	3500	5.980	7900	5.970	38700	5.960	5200	6.010	2000	6.020	500	6.050	500	6.060	2000	6.100	31746	/16842765//308524704/52373332/6.01/5.9//2008-9-18 13:37:34
12/600019/宝钢股份/6.020	42854	6.010	24340	6.000	114420	5.990	4500	5.980	16400	6.030	200	6.050	2000	6.060	1000	6.080	2000	6.090	21300	/16842765//309196000/52484240/6.02/5.9//2008-9-18 13:38:34
12/600019/宝钢股份/6.030	3000	6.020	53594	6.010	18240	6.000	116120	5.990	4500	6.040	1000	6.050	4900	6.060	2200	6.080	16000	6.090	27700	/16842765//309583168/52548496/6.04/5.9//2008-9-18 13:39:35
12/600019/宝钢股份/6.020	36234	6.010	16240	6.000	120120	5.990	4000	5.980	14900	6.030	200	6.050	4700	6.060	10400	6.070	3500	6.080	21600	/16842765//310048672/52625560/6.02/5.9//2008-9-18 13:40:35
12/600019/宝钢股份/6.020	25434	6.010	19340	6.000	112020	5.990	3000	5.980	25000	6.030	1160	6.040	52000	6.050	22000	6.060	10400	6.070	5000	/16842765//310928960/52771560/6.02/5.9//2008-9-18 13:41:36
12/600019/宝钢股份/6.010	20340	6.000	113020	5.990	3000	5.980	26000	5.970	10000	6.020	9986	6.030	21100	6.040	48800	6.050	33800	6.060	10400	/16842765//311327328/52837692/6.02/5.9//2008-9-18 13:42:36
12/600019/宝钢股份/6.020	200	6.010	4080	6.000	110920	5.990	3100	5.980	26500	6.030	52586	6.040	5300	6.050	17300	6.060	10400	6.070	7000	/16842765//312194080/52981652/6.02/5.9//2008-9-18 13:43:37
12/600019/宝钢股份/6.010	2600	6.000	7640	5.990	3100	5.980	26900	5.970	11300	6.020	11000	6.030	43086	6.040	7300	6.050	16400	6.060	10400	/16842765//313508704/53200512/6.01/5.9//2008-9-18 13:44:37
12/600019/宝钢股份/6.020	300	6.000	7780	5.990	12100	5.980	28900	5.970	8800	6.030	78986	6.040	8300	6.050	14900	6.060	10600	6.070	7100	/16842765//314094848/53297872/6.03/5.9//2008-9-18 13:45:38
12/600019/宝钢股份/6.000	125400	5.990	18720	5.980	30700	5.970	8800	5.960	9500	6.010	4300	6.020	800	6.030	61486	6.040	8300	6.050	15100	/16842765//315006432/53449632/6.0/5.9//2008-9-18 13:46:39
12/600019/宝钢股份/6.010	19100	6.000	120500	5.990	19720	5.980	28400	5.970	8800	6.020	29700	6.030	250786	6.040	8300	6.050	14300	6.060	11200	/16842765//315754496/53574132/6.02/5.9//2008-9-18 13:47:39
12/600019/宝钢股份/6.020	22900	6.010	40500	6.000	141400	5.990	18720	5.980	29100	6.030	257986	6.040	8100	6.050	14500	6.060	11700	6.070	10100	/16842765//316088544/53629632/6.03/5.9//2008-9-18 13:48:40
12/600019/宝钢股份/6.010	600	6.000	3900	5.990	12600	5.980	28800	5.970	8900	6.020	20800	6.030	294486	6.040	8100	6.050	16600	6.060	11700	/16842765//317554912/53873832/6.01/5.9//2008-9-18 13:49:40
12/600019/宝钢股份/5.980	22200	5.970	168900	5.960	86100	5.950	316800	5.930	500	6.000	48100	6.010	6300	6.020	50700	6.030	259586	6.040	8100	/16842765//318011968/53950032/6.0/5.9//2008-9-18 13:50:41
12/600019/宝钢股份/5.960	70016	5.950	314600	5.930	500	5.920	15150	5.910	64730	5.970	4000	5.980	15500	5.990	5169	6.000	101681	6.010	4500	/16842765//319758688/54242516/5.96/5.9//2008-9-18 13:51:41
12/600019/宝钢股份/5.950	315600	5.940	400	5.930	1500	5.920	15650	5.910	71030	5.960	18014	5.970	8100	5.980	30100	5.990	44500	6.000	100599	/16842765//319960160/54276316/5.96/5.9//2008-9-18 13:52:42
12/600019/宝钢股份/5.950	292650	5.940	1700	5.930	1500	5.920	45650	5.910	74430	5.960	6700	5.970	10000	5.990	11000	6.000	8122	6.010	4700	/16842765//321156320/54476264/5.95/5.9//2008-9-18 13:53:42
12/600019/宝钢股份/5.960	14200	5.950	266250	5.940	1700	5.930	2400	5.920	45650	5.970	70100	5.980	100	5.990	11300	6.000	14922	6.010	4700	/16842765//321434944/54523064/5.96/5.9//2008-9-18 13:54:43
12/600019/宝钢股份/5.960	2100	5.950	283450	5.940	5800	5.930	3400	5.920	45650	5.980	2400	6.000	9970	6.010	4700	6.020	30300	6.030	14300	/16842765//322599264/54717664/5.96/5.9//2008-9-18 13:55:44
12/600019/宝钢股份/5.960	9962	5.950	284350	5.940	5800	5.930	2400	5.920	46250	5.970	100	5.980	1800	6.000	17070	6.010	37400	6.020	29700	/16842765//322729024/54739404/5.97/5.9//2008-9-18 13:56:44
12/600019/宝钢股份/5.970	2100	5.960	8714	5.950	286650	5.940	5800	5.930	5000	5.980	12600	6.000	28070	6.010	37400	6.020	30300	6.030	14300	/16842765//322819328/54754552/5.98/5.9//2008-9-18 13:57:45
12/600019/宝钢股份/5.980	47700	5.970	2600	5.960	3300	5.950	283916	5.940	5800	5.990	100	6.000	34470	6.010	46000	6.020	30100	6.030	17500	/16842765//323085312/54799100/5.98/5.9//2008-9-18 13:58:45
12/600019/宝钢股份/6.000	106182	5.990	400	5.980	47690	5.970	3300	5.960	7400	6.010	14200	6.020	27600	6.030	110800	6.040	9500	6.050	25782	/16842765//323628576/54889628/6.0/5.9//2008-9-18 13:59:46
12/600019/宝钢股份/5.980	40490	5.970	3300	5.960	7400	5.950	281116	5.940	5700	6.000	20766	6.010	43600	6.020	97100	6.030	113100	6.040	9500	/16842765//324451712/55026808/6.0/5.9//2008-9-18 14:0:47
12/600019/宝钢股份/5.970	3500	5.960	19200	5.950	281116	5.940	6000	5.930	3400	5.980	10258	5.990	50100	6.000	37166	6.010	51500	6.020	99200	/16842765//324811808/55087000/5.98/5.9//2008-9-18 14:1:47
12/600019/宝钢股份/5.960	2952	5.950	284616	5.940	6000	5.930	3500	5.920	15150	5.970	36300	5.980	57458	5.990	50100	6.000	39266	6.010	51400	/16842765//324976096/55114548/5.96/5.9//2008-9-18 14:2:48
12/600019/宝钢股份/5.950	179968	5.940	5700	5.930	3500	5.920	16450	5.910	68330	5.960	73448	5.970	35200	5.980	52958	5.990	500	6.000	36266	/16842765//325695520/55235448/5.95/5.9//2008-9-18 14:3:48
12/600019/宝钢股份/5.950	139220	5.940	6700	5.930	4500	5.920	15450	5.910	72930	5.960	76948	5.970	18100	5.980	52958	5.990	500	6.000	38466	/16842765//325998752/55286396/5.96/5.9//2008-9-18 14:4:49
12/600019/宝钢股份/5.970	19300	5.960	500	5.950	60472	5.940	6700	5.930	4500	5.980	20906	5.990	500	6.000	48266	6.010	15400	6.020	90200	/16842765//327439776/55528344/5.97/5.9//2008-9-18 14:5:50
12/600019/宝钢股份/5.960	6000	5.950	54824	5.940	7700	5.930	4700	5.920	16550	6.000	39972	6.010	16400	6.020	88200	6.030	115100	6.040	13200	/16842765//328030208/55627192/6.0/5.9//2008-9-18 14:6:50
12/600019/宝钢股份/6.000	166552	5.960	21252	5.950	71224	5.940	7700	5.930	4200	6.010	22300	6.020	94800	6.030	115300	6.040	13200	6.050	45382	/16842765//328722528/55742688/6.0/5.9//2008-9-18 14:7:51
12/600019/宝钢股份/6.010	6800	6.000	614204	5.980	10000	5.970	3100	5.960	39052	6.020	38400	6.030	117200	6.040	15500	6.050	45282	6.060	11500	/16842765//330109472/55973536/6.01/5.9//2008-9-18 14:8:51
12/600019/宝钢股份/6.010	20252	6.000	613104	5.980	10000	5.970	2300	5.960	38652	6.020	700	6.030	40200	6.040	15500	6.050	49482	6.060	11500	/16842765//330969472/56116284/6.02/5.9//2008-9-18 14:9:52
12/600019/宝钢股份/6.020	16052	6.010	59852	6.000	615204	5.980	10900	5.970	3800	6.030	41300	6.040	14900	6.050	61182	6.060	11500	6.070	11600	/16842765//331182848/56151732/6.02/5.9//2008-9-18 14:10:53
12/600019/宝钢股份/6.030	30600	6.020	22604	6.010	68352	6.000	619604	5.980	10900	6.040	15200	6.050	60182	6.060	11500	6.070	8900	6.080	90300	/16842765//331728032/56242180/6.03/5.9//2008-9-18 14:11:53
12/600019/宝钢股份/6.030	2452	6.020	39404	6.010	69252	6.000	625304	5.980	12200	6.040	5000	6.050	21782	6.060	9500	6.070	9100	6.080	47100	/16842765//332322688/56340628/6.03/5.9//2008-9-18 14:12:54
12/600019/宝钢股份/6.020	24856	6.010	81552	6.000	628204	5.980	12300	5.970	12500	6.030	15248	6.040	13500	6.050	22982	6.060	11600	6.070	11600	/16842765//332601088/56386828/6.03/5.9//2008-9-18 14:13:55
12/600019/宝钢股份/6.040	5652	6.030	4000	6.020	15708	6.010	82552	6.000	627404	6.050	48982	6.060	11600	6.070	12600	6.080	46700	6.090	88200	/16842765//332922496/56440124/6.04/5.9//2008-9-18 14:14:55
12/600019/宝钢股份/6.030	38252	6.020	18108	6.010	80552	6.000	641104	5.980	14200	6.040	53348	6.050	63682	6.060	12300	6.070	13600	6.080	46200	/16842765//333208608/56487524/6.04/5.9//2008-9-18 14:15:56
12/600019/宝钢股份/6.030	10354	6.020	18608	6.010	79552	6.000	653704	5.980	14600	6.040	48158	6.050	166782	6.060	11600	6.070	13600	6.080	45200	/16842765//333524096/56539824/6.04/5.9//2008-9-18 14:16:56
12/600019/宝钢股份/6.030	23200	6.020	11260	6.010	81452	6.000	655604	5.980	15400	6.050	110886	6.060	11600	6.070	13600	6.080	45200	6.090	87700	/16842765//334528320/56706124/6.03/5.9//2008-9-18 14:17:57
12/600019/宝钢股份/6.060	66100	6.050	98414	6.040	9700	6.030	39400	6.020	14012	6.070	3600	6.080	44200	6.090	89700	6.100	362900	6.110	12200	/16842765//335467424/56861360/6.06/5.9//2008-9-18 14:18:58
12/600019/宝钢股份/6.090	42700	6.080	60100	6.070	8715	6.060	73852	6.050	44514	6.100	304700	6.110	12300	6.120	33200	6.130	8400	6.140	31600	/16842765//336498880/57030892/6.1/5.9//2008-9-18 14:19:58
12/600019/宝钢股份/6.110	12900	6.100	108000	6.090	71000	6.080	75600	6.070	5015	6.120	18500	6.130	8100	6.140	29800	6.150	134201	6.160	51500	/16842765//338762528/57401940/6.12/5.9//2008-9-18 14:20:59
12/600019/宝钢股份/6.130	3700	6.120	37500	6.110	20552	6.100	57800	6.090	60800	6.150	25000	6.160	49500	6.170	19300	6.180	109100	6.190	182500	/16842765//340366816/57663188/6.15/5.9//2008-9-18 14:22:0
12/600019/宝钢股份/6.150	800	6.140	2000	6.130	10100	6.120	30152	6.110	16952	6.180	22100	6.200	188100	6.210	17800	6.220	7500	6.230	14600	/16842765//345217568/58448636/6.15/5.9//2008-9-18 14:23:0
12/600019/宝钢股份/6.150	17000	6.130	10900	6.120	37552	6.110	11552	6.100	49100	6.200	85848	6.210	17600	6.220	56700	6.230	7800	6.240	12650	/16842765//347343776/58792236/6.15/5.9//2008-9-18 14:24:1
12/600019/宝钢股份/6.150	9352	6.130	11800	6.120	30552	6.110	9552	6.100	48500	6.160	700	6.170	2000	6.180	7200	6.190	132024	6.200	130348	/16842765//347795872/58865484/6.15/5.9//2008-9-18 14:25:2
12/600019/宝钢股份/6.150	8232	6.130	42600	6.120	31452	6.110	8552	6.100	48900	6.160	50	6.170	12500	6.180	64100	6.190	12900	6.200	101000	/16842765//350046688/59229204/6.15/5.9//2008-9-18 14:26:2
12/600019/宝钢股份/6.150	85200	6.140	6400	6.130	35252	6.120	30852	6.110	14252	6.160	31600	6.170	2000	6.180	13100	6.190	74500	6.200	89700	/16842765//351959008/59538884/6.15/5.9//2008-9-18 14:27:3
12/600019/宝钢股份/6.130	19286	6.120	31652	6.110	39652	6.100	38000	6.090	58100	6.150	6100	6.160	10000	6.170	2400	6.180	49000	6.190	77300	/16842765//353236928/59746648/6.13/5.9//2008-9-18 14:28:4
12/600019/宝钢股份/6.110	34652	6.100	38000	6.090	58100	6.080	36800	6.070	5515	6.120	83448	6.130	10062	6.140	6300	6.150	34200	6.160	22300	/16842765//353612256/59807888/6.12/5.9//2008-9-18 14:29:4
12/600019/宝钢股份/6.100	38100	6.090	28100	6.080	37400	6.070	6015	6.060	12400	6.110	69296	6.120	105448	6.130	27400	6.140	1500	6.150	38300	/16842765//353875936/59851040/6.11/5.9//2008-9-18 14:30:5
12/600019/宝钢股份/6.080	11752	6.070	5515	6.060	12400	6.050	53614	6.040	5300	6.100	23800	6.110	86296	6.120	98048	6.130	27400	6.140	16800	/16842765//0/0/6.1/5.9//2008-9-18 14:31:6
12/600019/宝钢股份/6.080	1900	6.070	13315	6.060	65400	6.050	48514	6.040	5800	6.090	99	6.100	51896	6.110	99296	6.120	91448	6.130	26000	/16842765//354949248/60027240/6.08/5.9//2008-9-18 14:32:6
12/600019/宝钢股份/6.090	37000	6.080	22152	6.070	18615	6.060	15800	6.050	53614	6.100	25485	6.110	98896	6.120	91148	6.130	26500	6.140	16800	/16842765//355352800/60093488/6.1/5.9//2008-9-18 14:33:7
12/600019/宝钢股份/6.100	4600	6.090	99167	6.080	26552	6.070	16815	6.060	19900	6.110	43096	6.120	95248	6.130	26500	6.140	15500	6.150	42200	/16842765//355966112/60194020/6.11/5.9//2008-9-18 14:34:8
12/600019/宝钢股份/6.110	10900	6.100	12700	6.090	36499	6.080	11852	6.070	16815	6.120	87748	6.130	26500	6.150	44300	6.160	27100	6.170	12100	/16842765//356424096/60268988/6.12/5.9//2008-9-18 14:35:8
12/600019/宝钢股份/6.090	16999	6.080	21352	6.070	17815	6.060	20600	6.050	137914	6.100	25200	6.110	18500	6.120	80748	6.130	7300	6.140	2000	/16842765//356863552/60341036/6.1/5.9//2008-9-18 14:36:9
12/600019/宝钢股份/6.100	53400	6.090	1900	6.080	22203	6.070	17415	6.060	25900	6.110	10100	6.120	82148	6.130	6600	6.140	2000	6.150	48500	/16842765//357467968/60440184/6.1/5.9//2008-9-18 14:37:10
12/600019/宝钢股份/6.090	100	6.080	14770	6.070	19415	6.060	33900	6.050	65914	6.100	9481	6.110	9100	6.120	84348	6.130	6800	6.140	2000	/16842765//358134752/60549516/6.1/5.9//2008-9-18 14:38:10
12/600019/宝钢股份/6.070	10471	6.060	26900	6.050	66414	6.040	5800	6.030	36000	6.080	42000	6.090	7400	6.100	111081	6.110	10500	6.120	86548	/16842765//358426656/60597532/6.08/5.9//2008-9-18 14:39:11
12/600019/宝钢股份/6.060	4000	6.050	64514	6.040	6300	6.030	13800	6.020	13600	6.070	9243	6.080	30600	6.090	19600	6.100	120581	6.110	10500	/16842765//358907520/60676800/6.06/5.9//2008-9-18 14:40:12
12/600019/宝钢股份/6.050	121100	6.040	9500	6.030	13800	6.020	33200	6.010	36500	6.060	24500	6.070	11533	6.080	30600	6.090	19900	6.100	146381	/16842765//359167360/60719716/6.05/5.9//2008-9-18 14:41:12
12/600019/宝钢股份/6.050	87619	6.040	9600	6.030	14900	6.020	33500	6.010	37500	6.060	52333	6.070	11833	6.080	29200	6.090	22600	6.100	184231	/16842765//359762944/60818064/6.06/5.9//2008-9-18 14:42:13
12/600019/宝钢股份/6.050	47224	6.040	18400	6.030	15600	6.020	23500	6.010	37500	6.060	22333	6.070	12833	6.080	33300	6.090	22600	6.100	186331	/16842765//360536704/60945892/6.06/5.9//2008-9-18 14:43:14
12/600019/宝钢股份/6.050	48891	6.040	60400	6.030	15600	6.020	25500	6.010	38300	6.060	48933	6.070	11643	6.080	55100	6.090	22600	6.100	189621	/16842765//360697312/60972424/6.06/5.9//2008-9-18 14:44:14
12/600019/宝钢股份/6.040	35319	6.030	20600	6.020	27700	6.010	44300	6.000	697600	6.050	100	6.060	20306	6.070	13643	6.080	53900	6.090	26600	/16842765//361572800/61117096/6.04/5.9//2008-9-18 14:45:15
12/600019/宝钢股份/6.030	45849	6.020	8500	6.010	56900	6.000	718600	5.990	900	6.040	12500	6.050	389	6.060	30550	6.070	13643	6.080	53900	/16842765//362303584/61238068/6.03/5.9//2008-9-18 14:46:16
12/600019/宝钢股份/6.010	26216	6.000	748000	5.990	900	5.980	17600	5.970	5200	6.020	8481	6.030	10000	6.040	1000	6.050	22689	6.060	29050	/16842765//363252640/61395700/6.02/5.9//2008-9-18 14:47:16
12/600019/宝钢股份/6.010	227112	6.000	748800	5.990	900	5.980	17600	5.970	5700	6.020	7381	6.030	9800	6.040	4800	6.050	23589	6.060	49950	/16842765//363677792/61466404/6.01/5.9//2008-9-18 14:48:17
12/600019/宝钢股份/5.980	9452	5.970	7700	5.960	38852	5.950	60324	5.940	5900	6.000	76435	6.010	800	6.020	1900	6.030	7500	6.040	14800	/16842765//370080480/62532964/6.0/5.9//2008-9-18 14:49:18
12/600019/宝钢股份/6.000	371951	5.980	14152	5.970	7100	5.960	37252	5.950	59824	6.010	84400	6.020	4900	6.030	7600	6.040	4800	6.050	32189	/16842765//370925600/62673812/6.0/5.9//2008-9-18 14:50:18
12/600019/宝钢股份/6.000	299537	5.990	2000	5.980	17152	5.970	12500	5.960	37252	6.010	69600	6.020	4400	6.030	8100	6.040	25000	6.050	29189	/16842765//371594336/62785228/6.0/5.9//2008-9-18 14:51:19
12/600019/宝钢股份/6.000	206831	5.990	2000	5.980	16152	5.970	12500	5.960	38252	6.010	40500	6.020	2800	6.030	8500	6.040	25000	6.050	22889	/16842765//372393888/62918432/6.01/5.9//2008-9-18 14:52:20
12/600019/宝钢股份/6.010	11119	6.000	199917	5.990	14400	5.980	14152	5.970	13500	6.020	4100	6.030	9000	6.040	45000	6.050	19289	6.060	65350	/16842765//372990336/63017728/6.02/5.9//2008-9-18 14:53:21
12/600019/宝钢股份/6.010	1405	6.000	443717	5.990	3900	5.980	15452	5.970	13500	6.020	2800	6.030	28200	6.040	5900	6.050	17189	6.060	70350	/16842765//373668256/63130240/6.02/5.9//2008-9-18 14:54:21
12/600019/宝钢股份/6.020	76500	6.010	29760	6.000	445717	5.990	3900	5.980	14952	6.030	28400	6.040	4900	6.050	62474	6.060	69350	6.070	27133	/16842765//373791264/63150688/6.02/5.9//2008-9-18 14:55:22
12/600019/宝钢股份/6.030	4100	6.020	56000	6.010	37760	6.000	444517	5.990	2900	6.040	17100	6.050	64274	6.060	72550	6.070	8833	6.080	40300	/16842765//374288352/63233188/6.03/5.9//2008-9-18 14:56:23
12/600019/宝钢股份/6.020	57300	6.010	36560	6.000	450917	5.990	1900	5.980	14352	6.030	184800	6.040	3900	6.050	64774	6.060	84550	6.070	9833	/16842765//374912832/63336688/6.03/5.9//2008-9-18 14:57:23
12/600019/宝钢股份/6.020	16700	6.010	26260	6.000	462617	5.990	1900	5.980	20552	6.030	124500	6.040	8390	6.050	71974	6.060	84650	6.070	9543	/16842765//375967872/63511788/6.03/5.9//2008-9-18 14:58:24
12/600019/宝钢股份/6.010	9700	6.000	213077	5.990	2400	5.980	13752	5.970	13500	6.020	31200	6.030	119200	6.040	7590	6.050	71074	6.060	85550	/16842765//378275104/63895988/6.02/5.9//2008-9-18 14:59:25
12/600019/宝钢股份/6.000	280277	5.990	1400	5.980	14052	5.970	13500	5.960	39452	6.020	134700	6.030	31600	6.040	4090	6.050	69374	6.060	85550	/16842765//379157280/64042888/6.01/5.9//2008-9-18 15:0:26
12/600019/宝钢股份/6.000	280277	5.990	1400	5.980	14052	5.970	13500	5.960	39452	6.020	134700	6.030	31600	6.040	4090	6.050	69374	6.060	85550	/16842765//379157280/64042888/6.01/5.9//2008-9-18 15:1:26
12/600019/宝钢股份/6.000	280277	5.990	1400	5.980	14052	5.970	13500	5.960	39452	6.020	134700	6.030	31600	6.040	4090	6.050	69374	6.060	85550	/16842765//379157280/64042888/6.01/5.9//2008-9-18 15:2:27
