47/600083/ST博信/3.570	9900	3.560	16600	0.000	0	0.000	0	0.000	0	3.690	3400	3.700	1079	3.720	31400	3.770	6000	3.780	4700	/16842801//1428/400/3.57/3.75//2008-9-18 9:32:35
47/600083/ST博信/3.580	1000	3.570	10000	3.560	29200	0.000	0	0.000	0	3.690	3400	3.700	1079	3.720	31400	3.770	6000	3.780	4700	/16842801//2499/700/3.57/3.75//2008-9-18 9:33:35
47/600083/ST博信/3.590	1000	3.580	3000	3.570	10000	3.560	29200	0.000	0	3.690	3400	3.700	1079	3.720	31400	3.770	6000	3.780	4700	/16842801//2499/700/3.57/3.75//2008-9-18 9:34:35
47/600083/ST博信/3.590	1400	3.580	3000	3.570	10500	3.560	29200	0.000	0	3.690	3300	3.700	1079	3.720	31400	3.770	6000	3.780	4700	/16842801//3586/1000/3.69/3.75//2008-9-18 9:35:35
47/600083/ST博信/3.600	200	3.590	1800	3.580	3000	3.570	10500	3.560	29200	3.680	1300	3.690	1900	3.700	2179	3.720	31400	3.770	6000	/16842801//10228/2800/3.69/3.75//2008-9-18 9:36:36
47/600083/ST博信/3.600	700	3.590	1800	3.580	4200	3.570	11500	3.560	29900	3.680	1300	3.690	9800	3.700	2179	3.720	31400	3.770	6000	/16842801//10228/2800/3.69/3.75//2008-9-18 9:37:36
47/600083/ST博信/3.590	1800	3.580	4200	3.570	11500	3.560	29600	0.000	0	3.600	5200	3.680	1300	3.690	1300	3.700	2179	3.720	31400	/16842801//14188/3900/3.6/3.75//2008-9-18 9:38:36
47/600083/ST博信/3.590	1800	3.580	2200	3.570	11500	3.560	28600	0.000	0	3.600	6200	3.680	1300	3.690	1300	3.700	2179	3.720	31400	/16842801//14188/3900/3.6/3.75//2008-9-18 9:39:36
47/600083/ST博信/3.590	1800	3.580	2200	3.570	11500	3.560	28900	0.000	0	3.700	4679	3.720	31400	3.750	1000	3.760	600	3.770	6200	/16842801//57190/15700/3.7/3.75//2008-9-18 9:40:36
47/600083/ST博信/3.600	3000	3.590	2300	3.580	5900	3.570	11800	3.560	24000	3.700	7279	3.720	31400	3.750	1000	3.760	600	3.770	6200	/16842801//57190/15700/3.7/3.75//2008-9-18 9:41:37
47/600083/ST博信/3.600	4000	3.590	2300	3.580	5900	3.570	11800	3.560	24000	3.700	6179	3.720	31400	3.740	3700	3.760	600	3.770	6200	/16842801//57190/15700/3.7/3.75//2008-9-18 9:42:37
47/600083/ST博信/3.600	1000	3.590	2300	3.580	5900	3.570	11800	3.560	24000	3.690	300	3.700	6179	3.720	31400	3.740	3700	3.760	600	/16842801//57190/15700/3.7/3.75//2008-9-18 9:43:37
47/600083/ST博信/3.600	1600	3.590	2300	3.580	5900	3.570	17800	3.560	24000	3.690	200	3.700	8479	3.720	31400	3.740	3700	3.760	600	/16842801//46498/12800/3.69/3.75//2008-9-18 9:44:37
47/600083/ST博信/3.600	3400	3.590	2300	3.580	5900	3.570	17800	3.560	24000	3.690	1300	3.700	7379	3.720	31400	3.740	3700	3.760	600	/16842801//47218/13000/3.6/3.75//2008-9-18 9:45:37
47/600083/ST博信/3.600	3100	3.590	2300	3.580	5900	3.570	17800	3.560	34100	3.690	1300	3.700	7379	3.720	31400	3.740	3700	3.760	600	/16842801//48298/13300/3.6/3.75//2008-9-18 9:46:38
47/600083/ST博信/3.600	1100	3.590	2300	3.580	5900	3.570	17800	3.560	37100	3.690	1900	3.700	7379	3.720	31400	3.740	3700	3.760	600	/16842801//55498/15300/3.6/3.75//2008-9-18 9:47:38
47/600083/ST博信/3.600	100	3.590	2300	3.580	5900	3.570	17800	3.560	37100	3.690	2900	3.700	7979	3.720	31400	3.740	3700	3.760	600	/16842801//77098/21300/3.6/3.75//2008-9-18 9:48:38
47/600083/ST博信/3.600	100	3.590	2200	3.580	5900	3.570	17800	3.560	37100	3.690	2900	3.700	7979	3.720	31400	3.740	3700	3.760	600	/16842801//95098/26300/3.6/3.75//2008-9-18 9:49:39
47/600083/ST博信/3.600	100	3.590	2200	3.580	5900	3.570	17800	3.560	37100	3.690	2900	3.700	8979	3.720	31400	3.740	3700	3.760	600	/16842801//95098/26300/3.6/3.75//2008-9-18 9:50:39
47/600083/ST博信/3.600	1500	3.590	2200	3.580	5900	3.570	17800	3.560	37100	3.690	2900	3.700	7179	3.740	3700	3.760	600	3.770	6000	/16842801//95098/26300/3.6/3.75//2008-9-18 9:51:39
47/600083/ST博信/3.600	1500	3.590	2200	3.580	5900	3.570	17800	3.560	37100	3.690	2900	3.700	7179	3.740	3700	3.760	600	3.770	6000	/16842801//95098/26300/3.6/3.75//2008-9-18 9:52:39
47/600083/ST博信/3.600	1500	3.590	2200	3.580	5900	3.570	17800	3.560	37100	3.690	2900	3.700	7179	3.740	3700	3.760	600	3.770	6000	/16842801//95098/26300/3.6/3.75//2008-9-18 9:53:40
47/600083/ST博信/3.590	2200	3.580	5900	3.570	17800	3.560	37100	0.000	0	3.600	900	3.680	2000	3.690	2900	3.700	5579	3.740	3700	/16842801//82498/22800/3.6/3.75//2008-9-18 9:54:40
47/600083/ST博信/3.590	200	3.580	5900	3.570	17800	3.560	36800	0.000	0	3.600	900	3.680	2000	3.690	2900	3.700	5579	3.740	3700	/16842801//89678/24800/3.59/3.75//2008-9-18 9:55:40
47/600083/ST博信/3.590	200	3.580	5900	3.570	17800	3.560	40800	0.000	0	3.600	900	3.680	2000	3.690	2900	3.700	9579	3.740	3700	/16842801//89678/24800/3.59/3.75//2008-9-18 9:56:41
47/600083/ST博信/3.580	1000	3.570	17800	3.560	43100	0.000	0	0.000	0	3.590	200	3.680	2000	3.690	2900	3.700	9579	3.740	3700	/16842801//109733/30400/3.58/3.75//2008-9-18 9:57:41
47/600083/ST博信/3.590	300	3.580	1000	3.570	17800	3.560	48100	0.000	0	3.600	1000	3.670	1500	3.680	2100	3.690	2800	3.700	9579	/16842801//114051/31600/3.6/3.75//2008-9-18 9:58:41
47/600083/ST博信/3.580	1000	3.570	17800	3.560	50100	0.000	0	0.000	0	3.590	1700	3.600	1000	3.670	1500	3.680	2100	3.690	2800	/16842801//115128/31900/3.59/3.75//2008-9-18 9:59:41
47/600083/ST博信/3.570	20500	3.560	49300	0.000	0	0.000	0	0.000	0	3.580	700	3.600	1000	3.670	1500	3.680	2100	3.690	2800	/16842801//118708/32900/3.58/3.75//2008-9-18 10:0:42
47/600083/ST博信/3.570	68800	3.560	54300	0.000	0	0.000	0	0.000	0	3.580	3200	3.600	1000	3.670	1500	3.680	2100	3.690	2800	/16842801//123706/34300/3.57/3.75//2008-9-18 10:1:42
47/600083/ST博信/3.570	70900	3.560	54300	0.000	0	0.000	0	0.000	0	3.580	3200	3.600	1000	3.670	1500	3.680	2100	3.690	2800	/16842801//123706/34300/3.57/3.57//2008-9-18 10:2:42
47/600083/ST博信/3.570	67800	3.560	54400	0.000	0	0.000	0	0.000	0	3.580	3200	3.600	1000	3.670	1500	3.680	2100	3.690	2800	/16842801//122635/34000/3.57/3.57//2008-9-18 10:3:42
47/600083/ST博信/3.570	67800	3.560	54400	0.000	0	0.000	0	0.000	0	3.580	2900	3.600	1000	3.670	1500	3.680	2100	3.690	1800	/16842801//123709/34300/3.58/3.57//2008-9-18 10:4:43
47/600083/ST博信/3.570	46300	3.560	54400	0.000	0	0.000	0	0.000	0	3.580	1900	3.600	2000	3.670	1500	3.680	2100	3.690	1800	/16842801//202973/56500/3.57/3.57//2008-9-18 10:5:43
47/600083/ST博信/3.570	36500	3.560	53400	0.000	0	0.000	0	0.000	0	3.580	1900	3.600	2000	3.650	900	3.670	1500	3.680	100	/16842801//237959/66300/3.57/3.57//2008-9-18 10:6:43
47/600083/ST博信/3.570	39800	3.560	49400	0.000	0	0.000	0	0.000	0	3.580	900	3.600	2000	3.650	900	3.670	1500	3.680	100	/16842801//245119/68300/3.58/3.57//2008-9-18 10:7:44
47/600083/ST博信/3.580	3600	3.570	36600	3.560	49400	0.000	0	0.000	0	3.650	900	3.670	1500	3.680	100	3.690	1800	3.700	9579	/16842801//275915/76900/3.6/3.57//2008-9-18 10:8:44
47/600083/ST博信/3.600	500	3.580	3700	3.570	36600	3.560	49700	0.000	0	3.650	900	3.670	1500	3.680	100	3.690	1800	3.700	9879	/16842801//275915/76900/3.6/3.57//2008-9-18 10:9:44
47/600083/ST博信/3.580	1500	3.570	36600	3.560	49700	0.000	0	0.000	0	3.600	6900	3.640	1000	3.650	900	3.670	1500	3.680	100	/16842801//278795/77700/3.6/3.57//2008-9-18 10:10:44
47/600083/ST博信/3.580	1900	3.570	36600	3.560	49700	0.000	0	0.000	0	3.600	6900	3.640	1000	3.650	900	3.670	1500	3.680	100	/16842801//284165/79200/3.58/3.57//2008-9-18 10:11:45
47/600083/ST博信/3.580	1900	3.570	36600	3.560	49700	0.000	0	0.000	0	3.600	6900	3.640	1000	3.650	900	3.670	1500	3.680	100	/16842801//284165/79200/3.58/3.57//2008-9-18 10:12:45
47/600083/ST博信/3.580	1900	3.570	39600	3.560	49700	0.000	0	0.000	0	3.600	6900	3.640	1000	3.650	900	3.670	1500	3.680	100	/16842801//284165/79200/3.58/3.57//2008-9-18 10:13:45
47/600083/ST博信/3.580	700	3.570	39600	3.560	51400	0.000	0	0.000	0	3.600	6900	3.640	1000	3.650	900	3.670	1500	3.680	100	/16842801//288461/80400/3.58/3.57//2008-9-18 10:14:46
47/600083/ST博信/3.580	700	3.570	39600	3.560	51400	0.000	0	0.000	0	3.600	6900	3.640	1000	3.650	900	3.670	1500	3.680	100	/16842801//288461/80400/3.58/3.57//2008-9-18 10:15:46
47/600083/ST博信/3.570	38300	3.560	51400	0.000	0	0.000	0	0.000	0	3.600	6600	3.640	1000	3.650	900	3.670	1500	3.680	100	/16842801//296688/82700/3.6/3.57//2008-9-18 10:16:46
47/600083/ST博信/3.570	38300	3.560	51400	0.000	0	0.000	0	0.000	0	3.600	4600	3.640	1000	3.650	900	3.670	1500	3.680	100	/16842801//307488/85700/3.6/3.57//2008-9-18 10:17:47
47/600083/ST博信/3.580	600	3.570	35300	3.560	51400	0.000	0	0.000	0	3.600	5200	3.640	1000	3.650	900	3.670	1500	3.680	100	/16842801//307488/85700/3.6/3.57//2008-9-18 10:18:47
47/600083/ST博信/3.580	3600	3.570	35300	3.560	51400	0.000	0	0.000	0	3.600	5200	3.640	1000	3.650	900	3.670	1500	3.680	100	/16842801//307488/85700/3.6/3.57//2008-9-18 10:19:47
47/600083/ST博信/3.580	3200	3.570	35300	3.560	51400	0.000	0	0.000	0	3.600	200	3.640	1000	3.650	900	3.670	1500	3.680	100	/16842801//326920/91100/3.58/3.57//2008-9-18 10:20:48
47/600083/ST博信/3.580	5200	3.570	35300	3.560	51400	0.000	0	0.000	0	3.600	1200	3.640	1000	3.650	900	3.670	1500	3.680	100	/16842801//328352/91500/3.58/3.57//2008-9-18 10:21:48
47/600083/ST博信/3.580	5200	3.570	5100	3.560	51400	0.000	0	0.000	0	3.600	1200	3.640	1000	3.650	900	3.670	1500	3.680	100	/16842801//328352/91500/3.58/3.57//2008-9-18 10:22:48
47/600083/ST博信/3.580	3200	3.570	5100	3.560	49400	0.000	0	0.000	0	3.600	1200	3.640	1000	3.650	900	3.670	1500	3.680	100	/16842801//334080/93100/3.58/3.57//2008-9-18 10:23:48
47/600083/ST博信/3.580	3200	3.570	5100	3.560	49400	0.000	0	0.000	0	3.600	200	3.640	1000	3.650	900	3.670	1500	3.680	100	/16842801//337680/94100/3.6/3.57//2008-9-18 10:24:49
47/600083/ST博信/3.580	1200	3.570	7100	3.560	49400	0.000	0	0.000	0	3.600	200	3.640	1000	3.650	900	3.670	1500	3.680	100	/16842801//344840/96100/3.58/3.57//2008-9-18 10:25:49
47/600083/ST博信/3.580	1100	3.570	7100	3.560	49900	0.000	0	0.000	0	3.590	800	3.600	3800	3.640	1000	3.650	900	3.670	1500	/16842801//345198/96200/3.58/3.57//2008-9-18 10:26:49
47/600083/ST博信/3.570	7300	3.560	49900	0.000	0	0.000	0	0.000	0	3.590	800	3.600	3800	3.640	1000	3.650	900	3.670	1500	/16842801//349136/97300/3.58/3.57//2008-9-18 10:27:50
47/600083/ST博信/3.570	7300	3.560	49900	0.000	0	0.000	0	0.000	0	3.590	800	3.600	3800	3.640	1000	3.650	900	3.670	1500	/16842801//349136/97300/3.58/3.57//2008-9-18 10:28:50
47/600083/ST博信/3.570	7300	3.560	49900	0.000	0	0.000	0	0.000	0	3.590	800	3.600	3800	3.640	1000	3.650	900	3.670	1500	/16842801//349136/97300/3.58/3.57//2008-9-18 10:29:50
47/600083/ST博信/3.560	49900	0.000	0	0.000	0	0.000	0	0.000	0	3.570	17200	3.590	800	3.600	3800	3.640	1000	3.650	900	/16842801//376625/105000/3.57/3.57//2008-9-18 10:30:51
47/600083/ST博信/3.560	48300	0.000	0	0.000	0	0.000	0	0.000	0	3.570	16200	3.590	800	3.600	3800	3.640	1000	3.650	900	/16842801//385891/107600/3.56/3.57//2008-9-18 10:31:51
47/600083/ST博信/3.560	48300	0.000	0	0.000	0	0.000	0	0.000	0	3.590	800	3.600	3800	3.640	1000	3.650	900	3.670	1500	/16842801//389095/108500/3.56/3.57//2008-9-18 10:32:51
47/600083/ST博信/3.560	32100	0.000	0	0.000	0	0.000	0	0.000	0	3.590	800	3.600	3800	3.640	1000	3.650	900	3.670	1500	/16842801//443563/123800/3.56/3.57//2008-9-18 10:33:52
47/600083/ST博信/3.560	4499	0.000	0	0.000	0	0.000	0	0.000	0	3.590	1300	3.600	3800	3.640	1000	3.650	900	3.670	1500	/16842801//541823/151401/3.56/3.57//2008-9-18 10:34:52
47/600083/ST博信/3.560	299	0.000	0	0.000	0	0.000	0	0.000	0	3.580	200	3.590	1300	3.600	3800	3.640	1000	3.650	900	/16842801//556775/155601/3.56/3.57//2008-9-18 10:35:52
47/600083/ST博信/3.560	3399	0.000	0	0.000	0	0.000	0	0.000	0	3.580	200	3.590	1300	3.600	3800	3.640	1000	3.650	900	/16842801//558199/156001/3.56/3.57//2008-9-18 10:36:53
47/600083/ST博信/3.560	3399	0.000	0	0.000	0	0.000	0	0.000	0	3.580	200	3.590	500	3.600	3800	3.640	1000	3.650	900	/16842801//558199/156001/3.56/3.57//2008-9-18 10:37:53
47/600083/ST博信/3.560	2899	0.000	0	0.000	0	0.000	0	0.000	0	3.580	200	3.590	500	3.600	200	3.640	1000	3.650	900	/16842801//561047/156801/3.56/3.57//2008-9-18 10:38:53
47/600083/ST博信/3.560	3599	0.000	0	0.000	0	0.000	0	0.000	0	3.580	2200	3.590	500	3.600	200	3.640	1000	3.650	900	/16842801//561047/156801/3.56/3.57//2008-9-18 10:39:54
47/600083/ST博信/3.560	4599	0.000	0	0.000	0	0.000	0	0.000	0	3.580	2200	3.590	500	3.600	200	3.640	1000	3.650	900	/16842801//561047/156801/3.56/3.57//2008-9-18 10:40:54
47/600083/ST博信/3.560	1099	0.000	0	0.000	0	0.000	0	0.000	0	3.580	2200	3.590	500	3.600	200	3.640	1000	3.650	900	/16842801//575287/160801/3.56/3.57//2008-9-18 10:41:54
47/600083/ST博信/3.560	1099	0.000	0	0.000	0	0.000	0	0.000	0	3.580	2200	3.590	500	3.600	200	3.640	1000	3.650	900	/16842801//575287/160801/3.56/3.57//2008-9-18 10:42:55
47/600083/ST博信/3.560	1099	0.000	0	0.000	0	0.000	0	0.000	0	3.580	2200	3.590	500	3.600	200	3.640	1000	3.650	900	/16842801//575287/160801/3.56/3.57//2008-9-18 10:43:55
47/600083/ST博信/3.560	99	0.000	0	0.000	0	0.000	0	0.000	0	3.580	2200	3.590	500	3.600	200	3.640	1000	3.650	900	/16842801//578847/161801/3.56/3.57//2008-9-18 10:44:56
47/600083/ST博信/3.560	99	0.000	0	0.000	0	0.000	0	0.000	0	3.560	201	3.580	2200	3.590	500	3.600	200	3.640	1000	/16842801//579199/161900/3.56/3.57//2008-9-18 10:45:56
47/600083/ST博信/3.560	99	0.000	0	0.000	0	0.000	0	0.000	0	3.560	501	3.580	2000	3.590	500	3.600	200	3.640	1000	/16842801//579551/161999/3.56/3.57//2008-9-18 10:46:56
47/600083/ST博信/3.560	99	0.000	0	0.000	0	0.000	0	0.000	0	3.560	1201	3.580	2000	3.590	500	3.600	200	3.640	1000	/16842801//580979/162400/3.56/3.57//2008-9-18 10:47:57
47/600083/ST博信/3.560	99	0.000	0	0.000	0	0.000	0	0.000	0	3.560	8201	3.570	900	3.580	2300	3.590	500	3.600	200	/16842801//580979/162400/3.56/3.57//2008-9-18 10:48:57
47/600083/ST博信/3.560	99	0.000	0	0.000	0	0.000	0	0.000	0	3.560	9201	3.570	900	3.580	300	3.590	500	3.600	200	/16842801//580979/162400/3.56/3.57//2008-9-18 10:49:57
47/600083/ST博信/3.560	99	0.000	0	0.000	0	0.000	0	0.000	0	3.560	9201	3.570	900	3.580	300	3.590	500	3.600	200	/16842801//580979/162400/3.56/3.57//2008-9-18 10:50:58
47/600083/ST博信/3.560	99	0.000	0	0.000	0	0.000	0	0.000	0	3.560	4201	3.570	900	3.580	300	3.590	500	3.600	200	/16842801//598779/167400/3.56/3.57//2008-9-18 10:51:58
47/600083/ST博信/3.560	99	0.000	0	0.000	0	0.000	0	0.000	0	3.570	900	3.580	300	3.590	500	3.600	200	3.640	1000	/16842801//601627/168200/3.56/3.57//2008-9-18 10:52:58
47/600083/ST博信/3.560	99	0.000	0	0.000	0	0.000	0	0.000	0	3.570	900	3.580	300	3.590	500	3.600	200	3.640	1000	/16842801//601627/168200/3.56/3.57//2008-9-18 10:53:59
47/600083/ST博信/3.560	99	0.000	0	0.000	0	0.000	0	0.000	0	3.560	1000	3.570	900	3.580	300	3.590	500	3.600	200	/16842801//601627/168200/3.56/3.57//2008-9-18 10:54:59
47/600083/ST博信/3.560	99	0.000	0	0.000	0	0.000	0	0.000	0	3.560	3000	3.570	900	3.580	300	3.590	500	3.600	200	/16842801//601627/168200/3.56/3.57//2008-9-18 10:56:0
47/600083/ST博信/3.560	99	0.000	0	0.000	0	0.000	0	0.000	0	3.560	3000	3.570	900	3.580	300	3.590	500	3.600	200	/16842801//601627/168200/3.56/3.57//2008-9-18 10:57:0
47/600083/ST博信/3.560	99	0.000	0	0.000	0	0.000	0	0.000	0	3.560	3400	3.570	900	3.600	200	3.640	1000	3.650	900	/16842801//601627/168200/3.56/3.57//2008-9-18 10:58:0
47/600083/ST博信/3.560	99	0.000	0	0.000	0	0.000	0	0.000	0	3.560	3801	3.570	900	3.600	200	3.640	1000	3.650	900	/16842801//637227/178200/3.56/3.57//2008-9-18 10:59:1
47/600083/ST博信/3.560	99	0.000	0	0.000	0	0.000	0	0.000	0	3.560	2000	3.570	900	3.600	200	3.640	1000	3.650	900	/16842801//637227/178200/3.56/3.57//2008-9-18 11:0:1
47/600083/ST博信/3.560	99	0.000	0	0.000	0	0.000	0	0.000	0	3.560	2000	3.570	900	3.600	200	3.640	1000	3.650	900	/16842801//637227/178200/3.56/3.57//2008-9-18 11:1:2
47/600083/ST博信/3.560	99	0.000	0	0.000	0	0.000	0	0.000	0	3.560	2000	3.570	900	3.600	200	3.640	1000	3.650	900	/16842801//637227/178200/3.56/3.57//2008-9-18 11:1:2
47/600083/ST博信/3.560	99	0.000	0	0.000	0	0.000	0	0.000	0	3.560	2000	3.570	900	3.600	200	3.640	1000	3.650	900	/16842801//637227/178200/3.56/3.57//2008-9-18 11:2:2
47/600083/ST博信/3.560	3000	0.000	0	0.000	0	0.000	0	0.000	0	3.570	900	3.600	200	3.640	1000	3.650	900	3.660	4000	/16842801//637227/178200/3.56/3.57//2008-9-18 11:3:2
47/600083/ST博信/3.560	3000	0.000	0	0.000	0	0.000	0	0.000	0	3.570	400	3.600	200	3.630	2000	3.640	1000	3.650	900	/16842801//639012/178700/3.57/3.57//2008-9-18 11:4:3
47/600083/ST博信/3.560	3000	0.000	0	0.000	0	0.000	0	0.000	0	3.570	1500	3.600	200	3.630	2000	3.640	1000	3.650	900	/16842801//639012/178700/3.57/3.57//2008-9-18 11:5:3
47/600083/ST博信/3.560	3000	0.000	0	0.000	0	0.000	0	0.000	0	3.570	1900	3.600	200	3.630	2000	3.640	1000	3.650	900	/16842801//639012/178700/3.57/3.57//2008-9-18 11:6:4
47/600083/ST博信/3.560	3000	0.000	0	0.000	0	0.000	0	0.000	0	3.570	1900	3.600	200	3.630	2000	3.640	1000	3.650	900	/16842801//639012/178700/3.57/3.57//2008-9-18 11:7:4
47/600083/ST博信/3.560	3000	0.000	0	0.000	0	0.000	0	0.000	0	3.570	1900	3.600	200	3.630	2000	3.640	1000	3.650	900	/16842801//639012/178700/3.57/3.57//2008-9-18 11:8:4
47/600083/ST博信/3.560	800	0.000	0	0.000	0	0.000	0	0.000	0	3.560	2200	3.570	1900	3.600	200	3.630	2000	3.640	1000	/16842801//645420/180500/3.56/3.57//2008-9-18 11:9:5
47/600083/ST博信/3.560	300	0.000	0	0.000	0	0.000	0	0.000	0	3.570	1900	3.600	200	3.630	2000	3.640	1000	3.650	2100	/16842801//666424/186400/3.56/3.57//2008-9-18 11:10:5
47/600083/ST博信/3.560	2300	0.000	0	0.000	0	0.000	0	0.000	0	3.570	1900	3.600	200	3.630	2000	3.640	1000	3.650	2100	/16842801//690276/193100/3.56/3.57//2008-9-18 11:11:6
47/600083/ST博信/3.560	300	0.000	0	0.000	0	0.000	0	0.000	0	3.570	1500	3.600	200	3.630	2000	3.640	1000	3.650	2100	/16842801//673544/188400/3.56/3.57//2008-9-18 11:12:6
47/600083/ST博信/3.560	300	0.000	0	0.000	0	0.000	0	0.000	0	3.560	3700	3.570	1500	3.600	200	3.630	2000	3.640	1000	/16842801//674612/188700/3.56/3.57//2008-9-18 11:13:7
47/600083/ST博信/3.560	300	0.000	0	0.000	0	0.000	0	0.000	0	3.560	3700	3.570	1500	3.600	200	3.630	2000	3.640	1000	/16842801//674612/188700/3.56/3.57//2008-9-18 11:14:7
47/600083/ST博信/3.560	300	0.000	0	0.000	0	0.000	0	0.000	0	3.560	8501	3.570	1500	3.600	200	3.630	2000	3.640	1000	/16842801//674612/188700/3.56/3.57//2008-9-18 11:15:7
47/600083/ST博信/3.560	300	0.000	0	0.000	0	0.000	0	0.000	0	3.560	8501	3.570	400	3.600	200	3.630	2000	3.640	1000	/16842801//674612/188700/3.56/3.57//2008-9-18 11:16:8
47/600083/ST博信/3.560	300	0.000	0	0.000	0	0.000	0	0.000	0	3.560	8501	3.570	400	3.600	200	3.630	2000	3.640	1000	/16842801//674612/188700/3.56/3.57//2008-9-18 11:17:8
47/600083/ST博信/3.560	300	0.000	0	0.000	0	0.000	0	0.000	0	3.560	8501	3.570	400	3.600	200	3.630	2000	3.640	1000	/16842801//674612/188700/3.56/3.57//2008-9-18 11:18:9
47/600083/ST博信/3.560	300	0.000	0	0.000	0	0.000	0	0.000	0	3.560	12701	3.570	400	3.600	200	3.630	2000	3.640	1000	/16842801//674612/188700/3.56/3.57//2008-9-18 11:19:9
47/600083/ST博信/3.560	300	0.000	0	0.000	0	0.000	0	0.000	0	3.560	12701	3.570	400	3.600	200	3.630	2000	3.640	1000	/16842801//674612/188700/3.56/3.57//2008-9-18 11:20:10
47/600083/ST博信/3.560	300	0.000	0	0.000	0	0.000	0	0.000	0	3.560	12701	3.570	400	3.600	200	3.630	2000	3.640	1000	/16842801//674612/188700/3.56/3.57//2008-9-18 11:21:10
47/600083/ST博信/3.560	300	0.000	0	0.000	0	0.000	0	0.000	0	3.560	13601	3.570	400	3.600	200	3.630	2000	3.640	1000	/16842801//674612/188700/3.56/3.57//2008-9-18 11:22:10
47/600083/ST博信/3.560	300	0.000	0	0.000	0	0.000	0	0.000	0	3.560	13601	3.570	400	3.600	200	3.630	2000	3.640	1000	/16842801//674612/188700/3.56/3.57//2008-9-18 11:23:11
47/600083/ST博信/3.560	300	0.000	0	0.000	0	0.000	0	0.000	0	3.560	13601	3.570	400	3.600	200	3.630	2000	3.640	1000	/16842801//674612/188700/3.56/3.57//2008-9-18 11:24:11
47/600083/ST博信/3.560	300	0.000	0	0.000	0	0.000	0	0.000	0	3.560	8601	3.570	400	3.600	200	3.630	2000	3.640	1000	/16842801//692412/193700/3.56/3.57//2008-9-18 11:25:12
47/600083/ST博信/3.560	300	0.000	0	0.000	0	0.000	0	0.000	0	3.560	8601	3.570	400	3.600	200	3.630	2000	3.640	1000	/16842801//692412/193700/3.56/3.57//2008-9-18 11:26:12
47/600083/ST博信/3.560	300	0.000	0	0.000	0	0.000	0	0.000	0	3.560	8601	3.570	400	3.600	200	3.630	2000	3.640	1000	/16842801//692412/193700/3.56/3.57//2008-9-18 11:27:13
47/600083/ST博信/3.560	300	0.000	0	0.000	0	0.000	0	0.000	0	3.560	8601	3.570	400	3.600	200	3.630	2000	3.640	1000	/16842801//692412/193700/3.56/3.57//2008-9-18 11:28:13
47/600083/ST博信/3.560	300	0.000	0	0.000	0	0.000	0	0.000	0	3.560	8601	3.570	400	3.600	200	3.630	2000	3.640	1000	/16842801//692412/193700/3.56/3.57//2008-9-18 11:29:14
47/600083/ST博信/3.560	300	0.000	0	0.000	0	0.000	0	0.000	0	3.560	8601	3.570	400	3.600	200	3.630	2000	3.640	1000	/16842801//692412/193700/3.56/3.57//2008-9-18 11:30:14
47/600083/ST博信/3.560	300	0.000	0	0.000	0	0.000	0	0.000	0	3.560	8601	3.570	400	3.600	200	3.630	2000	3.640	1000	/16842801//692412/193700/3.56/3.57//2008-9-18 11:31:15
47/600083/ST博信/3.560	300	0.000	0	0.000	0	0.000	0	0.000	0	3.560	81801	3.570	400	3.600	200	3.620	1000	3.630	2000	/16842801//723028/202300/3.56/3.57//2008-9-18 13:1:15
47/600083/ST博信/3.560	300	0.000	0	0.000	0	0.000	0	0.000	0	3.560	83001	3.570	400	3.600	200	3.620	1000	3.630	2000	/16842801//723028/202300/3.56/3.57//2008-9-18 13:2:16
47/600083/ST博信/3.560	300	0.000	0	0.000	0	0.000	0	0.000	0	3.560	105501	3.570	400	3.600	200	3.620	1000	3.630	2000	/16842801//723028/202300/3.56/3.57//2008-9-18 13:3:16
47/600083/ST博信/3.560	300	0.000	0	0.000	0	0.000	0	0.000	0	3.560	105801	3.570	400	3.600	200	3.620	1000	3.630	2000	/16842801//723028/202300/3.56/3.57//2008-9-18 13:4:17
47/600083/ST博信/3.560	300	0.000	0	0.000	0	0.000	0	0.000	0	3.560	106101	3.570	400	3.600	200	3.620	1000	3.630	2000	/16842801//723028/202300/3.56/3.57//2008-9-18 13:5:17
47/600083/ST博信/3.560	300	0.000	0	0.000	0	0.000	0	0.000	0	3.560	108401	3.570	400	3.600	200	3.620	1000	3.630	2000	/16842801//723028/202300/3.56/3.57//2008-9-18 13:6:18
47/600083/ST博信/3.560	300	0.000	0	0.000	0	0.000	0	0.000	0	3.560	109801	3.570	400	3.600	200	3.620	1000	3.630	2000	/16842801//723028/202300/3.56/3.57//2008-9-18 13:7:18
47/600083/ST博信/3.560	300	0.000	0	0.000	0	0.000	0	0.000	0	3.560	109601	3.570	400	3.600	200	3.620	1000	3.630	2000	/16842801//723028/202300/3.56/3.57//2008-9-18 13:8:19
47/600083/ST博信/3.560	300	0.000	0	0.000	0	0.000	0	0.000	0	3.560	109601	3.570	400	3.600	200	3.620	1000	3.630	2000	/16842801//723028/202300/3.56/3.57//2008-9-18 13:9:19
47/600083/ST博信/3.560	300	0.000	0	0.000	0	0.000	0	0.000	0	3.560	109601	3.570	400	3.600	200	3.620	1000	3.630	2000	/16842801//723028/202300/3.56/3.57//2008-9-18 13:10:20
47/600083/ST博信/3.560	300	0.000	0	0.000	0	0.000	0	0.000	0	3.560	109601	3.570	400	3.600	200	3.620	1000	3.630	2000	/16842801//723028/202300/3.56/3.57//2008-9-18 13:11:20
47/600083/ST博信/3.560	300	0.000	0	0.000	0	0.000	0	0.000	0	3.560	109401	3.570	400	3.600	200	3.620	1000	3.630	2000	/16842801//708432/198200/3.56/3.57//2008-9-18 13:12:21
47/600083/ST博信/3.560	300	0.000	0	0.000	0	0.000	0	0.000	0	3.560	109401	3.570	400	3.600	200	3.620	1000	3.630	2000	/16842801//708432/198200/3.56/3.57//2008-9-18 13:13:21
47/600083/ST博信/3.560	300	0.000	0	0.000	0	0.000	0	0.000	0	3.560	110901	3.570	400	3.600	200	3.620	1000	3.630	2000	/16842801//708432/198200/3.56/3.57//2008-9-18 13:14:22
47/600083/ST博信/3.560	300	0.000	0	0.000	0	0.000	0	0.000	0	3.560	110901	3.570	400	3.600	200	3.620	1000	3.630	2000	/16842801//708432/198200/3.56/3.57//2008-9-18 13:15:22
47/600083/ST博信/3.560	300	0.000	0	0.000	0	0.000	0	0.000	0	3.560	113901	3.570	400	3.600	200	3.620	1000	3.630	2000	/16842801//708432/198200/3.56/3.57//2008-9-18 13:16:23
47/600083/ST博信/3.560	300	0.000	0	0.000	0	0.000	0	0.000	0	3.560	121501	3.570	400	3.600	200	3.620	1000	3.630	2000	/16842801//708432/198200/3.56/3.57//2008-9-18 13:17:23
47/600083/ST博信/3.560	300	0.000	0	0.000	0	0.000	0	0.000	0	3.560	121001	3.570	400	3.600	200	3.620	1000	3.630	2000	/16842801//710212/198700/3.56/3.57//2008-9-18 13:18:24
47/600083/ST博信/3.560	300	0.000	0	0.000	0	0.000	0	0.000	0	3.560	121001	3.570	400	3.600	200	3.620	1000	3.630	2000	/16842801//710212/198700/3.56/3.57//2008-9-18 13:19:24
47/600083/ST博信/3.560	300	0.000	0	0.000	0	0.000	0	0.000	0	3.560	121001	3.570	400	3.600	200	3.620	1000	3.630	2000	/16842801//710212/198700/3.56/3.57//2008-9-18 13:20:25
47/600083/ST博信/3.560	300	0.000	0	0.000	0	0.000	0	0.000	0	3.560	124001	3.570	400	3.600	200	3.620	1000	3.630	2000	/16842801//710212/198700/3.56/3.57//2008-9-18 13:21:25
47/600083/ST博信/3.560	300	0.000	0	0.000	0	0.000	0	0.000	0	3.560	125101	3.570	400	3.600	200	3.620	1000	3.630	2000	/16842801//711636/199100/3.56/3.57//2008-9-18 13:22:26
47/600083/ST博信/3.560	300	0.000	0	0.000	0	0.000	0	0.000	0	3.560	125101	3.570	400	3.600	200	3.620	1000	3.630	2000	/16842801//711636/199100/3.56/3.57//2008-9-18 13:23:26
47/600083/ST博信/3.560	300	0.000	0	0.000	0	0.000	0	0.000	0	3.560	125101	3.570	400	3.600	200	3.620	1000	3.630	2000	/16842801//711636/199100/3.56/3.57//2008-9-18 13:24:27
47/600083/ST博信/3.560	300	0.000	0	0.000	0	0.000	0	0.000	0	3.560	125101	3.570	400	3.600	200	3.620	1000	3.630	2000	/16842801//711636/199100/3.56/3.57//2008-9-18 13:25:27
47/600083/ST博信/3.560	300	0.000	0	0.000	0	0.000	0	0.000	0	3.560	125101	3.570	400	3.600	200	3.620	1000	3.630	2000	/16842801//711636/199100/3.56/3.57//2008-9-18 13:26:28
47/600083/ST博信/3.560	300	0.000	0	0.000	0	0.000	0	0.000	0	3.560	124601	3.570	400	3.600	200	3.620	1000	3.630	2000	/16842801//713416/199600/3.56/3.57//2008-9-18 13:27:28
47/600083/ST博信/3.560	300	0.000	0	0.000	0	0.000	0	0.000	0	3.560	123101	3.570	400	3.600	200	3.620	1000	3.630	2000	/16842801//715196/200100/3.56/3.57//2008-9-18 13:28:29
47/600083/ST博信/3.560	300	0.000	0	0.000	0	0.000	0	0.000	0	3.560	123101	3.570	400	3.600	200	3.620	1000	3.630	2000	/16842801//715196/200100/3.56/3.57//2008-9-18 13:29:29
47/600083/ST博信/3.560	300	0.000	0	0.000	0	0.000	0	0.000	0	3.560	123101	3.570	400	3.600	200	3.620	1000	3.630	2000	/16842801//715196/200100/3.56/3.57//2008-9-18 13:30:30
47/600083/ST博信/3.560	300	0.000	0	0.000	0	0.000	0	0.000	0	3.560	123101	3.570	400	3.600	200	3.620	1000	3.630	2000	/16842801//715196/200100/3.56/3.57//2008-9-18 13:31:30
47/600083/ST博信/3.560	300	0.000	0	0.000	0	0.000	0	0.000	0	3.560	120101	3.570	400	3.600	200	3.620	1000	3.630	2000	/16842801//715196/200100/3.56/3.57//2008-9-18 13:32:31
47/600083/ST博信/3.560	300	0.000	0	0.000	0	0.000	0	0.000	0	3.560	120101	3.570	400	3.600	200	3.620	1000	3.630	2000	/16842801//715196/200100/3.56/3.57//2008-9-18 13:33:31
47/600083/ST博信/3.560	300	0.000	0	0.000	0	0.000	0	0.000	0	3.560	117601	3.570	400	3.600	200	3.620	1000	3.630	2000	/16842801//718756/201100/3.56/3.57//2008-9-18 13:34:32
47/600083/ST博信/3.560	300	0.000	0	0.000	0	0.000	0	0.000	0	3.560	112301	3.570	400	3.600	200	3.620	1000	3.630	2000	/16842801//736556/206100/3.56/3.57//2008-9-18 13:35:32
47/600083/ST博信/3.560	300	0.000	0	0.000	0	0.000	0	0.000	0	3.560	111301	3.570	400	3.600	200	3.620	1000	3.630	2000	/16842801//740116/207100/3.56/3.57//2008-9-18 13:36:33
47/600083/ST博信/3.560	300	0.000	0	0.000	0	0.000	0	0.000	0	3.560	111201	3.570	400	3.600	200	3.620	1000	3.630	2000	/16842801//740472/207200/3.56/3.57//2008-9-18 13:37:34
47/600083/ST博信/3.560	300	0.000	0	0.000	0	0.000	0	0.000	0	3.560	80501	3.570	400	3.600	200	3.620	1000	3.630	2000	/16842801//803484/224900/3.56/3.57//2008-9-18 13:38:34
47/600083/ST博信/3.560	300	0.000	0	0.000	0	0.000	0	0.000	0	3.560	75001	3.570	400	3.600	200	3.620	1000	3.630	2000	/16842801//807756/226100/3.56/3.57//2008-9-18 13:39:35
47/600083/ST博信/3.560	300	0.000	0	0.000	0	0.000	0	0.000	0	3.560	73901	3.570	400	3.600	200	3.620	1000	3.630	2000	/16842801//811672/227200/3.56/3.57//2008-9-18 13:40:35
47/600083/ST博信/3.560	300	0.000	0	0.000	0	0.000	0	0.000	0	3.560	81901	3.570	400	3.600	200	3.620	1000	3.630	2000	/16842801//818792/229200/3.56/3.57//2008-9-18 13:41:36
47/600083/ST博信/3.560	48799	0.000	0	0.000	0	0.000	0	0.000	0	3.570	400	3.600	200	3.620	1000	3.630	2000	3.640	1000	/16842801//1145960/321101/3.56/3.57//2008-9-18 13:42:36
47/600083/ST博信/3.560	68799	0.000	0	0.000	0	0.000	0	0.000	0	3.570	400	3.600	200	3.620	1000	3.630	2000	3.640	1000	/16842801//1145960/321101/3.56/3.57//2008-9-18 13:43:37
47/600083/ST博信/3.570	13200	3.560	68799	0.000	0	0.000	0	0.000	0	3.600	200	3.620	1000	3.630	2000	3.640	1000	3.650	2100	/16842801//1148102/321701/3.57/3.57//2008-9-18 13:44:37
47/600083/ST博信/3.600	5500	3.570	7900	3.560	63699	0.000	0	0.000	0	3.620	1000	3.630	2000	3.640	1000	3.650	2100	3.660	5100	/16842801//1149542/322101/3.6/3.57//2008-9-18 13:45:38
47/600083/ST博信/3.600	2900	3.570	7400	3.560	65399	0.000	0	0.000	0	3.620	1000	3.630	2000	3.640	1000	3.650	2100	3.660	5100	/16842801//1167182/327001/3.6/3.57//2008-9-18 13:46:39
47/600083/ST博信/3.620	3000	3.610	2500	3.600	200	3.570	2600	3.560	65399	3.630	2000	3.640	1000	3.650	2100	3.660	5100	3.670	1500	/16842801//1175142/329201/3.62/3.57//2008-9-18 13:47:39
47/600083/ST博信/3.630	1000	3.620	3000	3.600	200	3.570	2600	3.560	65399	3.640	1000	3.650	2100	3.660	5100	3.670	1500	3.680	1100	/16842801//1182402/331201/3.63/3.57//2008-9-18 13:48:40
47/600083/ST博信/3.630	3300	3.620	3000	3.600	200	3.570	2600	3.560	65399	3.640	1000	3.650	2900	3.660	5100	3.670	1500	3.680	1100	/16842801//1186032/332201/3.63/3.57//2008-9-18 13:49:40
47/600083/ST博信/3.620	3000	3.600	200	3.570	2600	3.560	65399	0.000	0	3.630	17300	3.640	2000	3.650	2900	3.660	5100	3.670	1500	/16842801//1198737/335701/3.63/3.57//2008-9-18 13:50:41
47/600083/ST博信/3.600	200	3.570	2600	3.560	65399	0.000	0	0.000	0	3.630	5700	3.640	1000	3.650	2900	3.660	5100	3.670	1500	/16842801//1251705/350301/3.62/3.57//2008-9-18 13:51:41
47/600083/ST博信/3.600	200	3.570	2600	3.560	55399	0.000	0	0.000	0	3.630	5700	3.640	1000	3.650	2900	3.660	5100	3.670	1500	/16842801//1255325/351301/3.62/3.57//2008-9-18 13:52:42
47/600083/ST博信/3.600	200	3.580	5000	3.570	2700	3.560	55399	0.000	0	3.620	2000	3.630	3700	3.640	1000	3.650	2900	3.660	5100	/16842801//1255325/351301/3.62/3.57//2008-9-18 13:53:42
47/600083/ST博信/3.600	200	3.580	5000	3.570	2600	3.560	55399	0.000	0	3.620	2000	3.630	3700	3.640	1000	3.650	2900	3.660	5100	/16842801//1255325/351301/3.62/3.57//2008-9-18 13:54:43
47/600083/ST博信/3.600	300	3.580	5000	3.570	2600	3.560	56199	0.000	0	3.620	12500	3.630	3700	3.640	1000	3.650	2900	3.660	5100	/16842801//1255325/351301/3.62/3.57//2008-9-18 13:55:44
47/600083/ST博信/3.600	300	3.580	5000	3.570	2600	3.560	56199	0.000	0	3.620	12500	3.630	3700	3.640	1000	3.650	2900	3.660	5100	/16842801//1255325/351301/3.62/3.57//2008-9-18 13:56:44
47/600083/ST博信/3.600	300	3.580	5000	3.570	2600	3.560	56199	0.000	0	3.620	2500	3.630	3700	3.640	1000	3.650	2900	3.660	5100	/16842801//1255325/351301/3.62/3.57//2008-9-18 13:57:45
47/600083/ST博信/3.600	300	3.580	5000	3.570	2600	3.560	56199	0.000	0	3.620	1500	3.630	3700	3.640	1000	3.650	2900	3.660	5100	/16842801//1255325/351301/3.62/3.57//2008-9-18 13:58:45
47/600083/ST博信/3.600	5300	3.580	5000	3.570	2600	3.560	56199	0.000	0	3.620	1500	3.630	3700	3.640	1000	3.650	2900	3.660	5100	/16842801//1255325/351301/3.62/3.57//2008-9-18 13:59:46
47/600083/ST博信/3.600	5300	3.570	2600	3.560	56199	0.000	0	0.000	0	3.620	1500	3.630	3700	3.640	1000	3.650	2900	3.660	5100	/16842801//1255325/351301/3.62/3.57//2008-9-18 14:0:47
47/600083/ST博信/3.600	2300	3.570	2600	3.560	56199	0.000	0	0.000	0	3.620	1500	3.630	700	3.640	1000	3.650	2900	3.660	5100	/16842801//1266125/354301/3.6/3.57//2008-9-18 14:1:47
47/600083/ST博信/3.570	2600	3.560	56199	0.000	0	0.000	0	0.000	0	3.600	700	3.620	1500	3.640	1000	3.650	2900	3.660	5100	/16842801//1274405/356601/3.6/3.57//2008-9-18 14:2:48
47/600083/ST博信/3.570	2600	3.560	56199	0.000	0	0.000	0	0.000	0	3.600	4000	3.620	1500	3.640	1000	3.650	2900	3.660	5100	/16842801//1274405/356601/3.6/3.57//2008-9-18 14:3:48
47/600083/ST博信/3.560	59699	0.000	0	0.000	0	0.000	0	0.000	0	3.570	400	3.600	4000	3.620	1900	3.640	1000	3.650	2900	/16842801//1283687/359201/3.57/3.57//2008-9-18 14:4:49
47/600083/ST博信/3.560	49699	0.000	0	0.000	0	0.000	0	0.000	0	3.570	400	3.600	4000	3.620	1900	3.640	1000	3.650	2900	/16842801//1319287/369201/3.56/3.57//2008-9-18 14:5:50
47/600083/ST博信/3.570	4600	3.560	52299	0.000	0	0.000	0	0.000	0	3.600	4000	3.620	1900	3.640	1000	3.650	2900	3.660	5100	/16842801//1320715/369601/3.57/3.57//2008-9-18 14:6:50
47/600083/ST博信/3.570	14700	3.560	60299	0.000	0	0.000	0	0.000	0	3.590	10000	3.600	3000	3.620	1500	3.640	1000	3.650	2900	/16842801//1324315/370601/3.6/3.57//2008-9-18 14:7:51
47/600083/ST博信/3.570	14700	3.560	58699	0.000	0	0.000	0	0.000	0	3.590	8200	3.600	3000	3.620	1500	3.640	1000	3.650	2900	/16842801//1337239/374201/3.59/3.57//2008-9-18 14:8:51
47/600083/ST博信/3.570	14700	3.560	58699	0.000	0	0.000	0	0.000	0	3.590	8200	3.600	3000	3.620	1500	3.640	1000	3.650	2900	/16842801//1337239/374201/3.59/3.57//2008-9-18 14:9:52
47/600083/ST博信/3.580	5000	3.570	14700	3.560	58699	0.000	0	0.000	0	3.590	600	3.600	3000	3.620	1500	3.640	1000	3.650	2900	/16842801//1385345/387601/3.59/3.57//2008-9-18 14:10:53
47/600083/ST博信/3.580	4100	3.570	14700	3.560	58699	0.000	0	0.000	0	3.600	3000	3.620	1500	3.640	1000	3.650	2900	3.660	5100	/16842801//1363796/381601/3.58/3.57//2008-9-18 14:11:53
47/600083/ST博信/3.580	5200	3.570	14700	3.560	58699	0.000	0	0.000	0	3.600	3000	3.620	1500	3.640	1000	3.650	2900	3.660	5100	/16842801//1367018/382501/3.58/3.57//2008-9-18 14:12:54
47/600083/ST博信/3.590	1000	3.580	5200	3.570	14700	3.560	58699	0.000	0	3.600	2100	3.620	1500	3.640	1000	3.650	2900	3.660	5100	/16842801//1370258/383401/3.6/3.57//2008-9-18 14:13:55
47/600083/ST博信/3.590	1000	3.580	5500	3.570	14700	3.560	58699	0.000	0	3.600	600	3.620	1500	3.640	1000	3.650	2900	3.660	5100	/16842801//1375658/384901/3.6/3.57//2008-9-18 14:14:55
47/600083/ST博信/3.600	5400	3.590	1000	3.580	5600	3.570	14700	3.560	58699	3.620	1500	3.640	1000	3.650	2100	3.660	5100	3.670	1500	/16842801//1379978/386101/3.6/3.57//2008-9-18 14:15:56
47/600083/ST博信/3.600	5400	3.590	1000	3.580	6600	3.570	14700	3.560	58699	3.620	3500	3.640	1000	3.650	2100	3.660	5100	3.670	1500	/16842801//1379978/386101/3.6/3.57//2008-9-18 14:16:56
47/600083/ST博信/3.590	1000	3.580	6600	3.570	14700	3.560	58699	0.000	0	3.600	3600	3.620	3500	3.640	1000	3.650	2100	3.660	5100	/16842801//1397258/390901/3.6/3.57//2008-9-18 14:17:57
47/600083/ST博信/3.590	900	3.580	6300	3.570	14700	3.560	58699	0.000	0	3.600	3300	3.620	3500	3.640	1000	3.650	2100	3.660	5100	/16842801//1398697/391301/3.6/3.57//2008-9-18 14:18:58
47/600083/ST博信/3.590	900	3.580	6500	3.570	10100	3.560	58699	0.000	0	3.600	2300	3.620	3500	3.640	1000	3.650	2100	3.660	5100	/16842801//1402297/392301/3.6/3.57//2008-9-18 14:19:58
47/600083/ST博信/3.600	700	3.590	900	3.580	6500	3.570	10100	3.560	58699	3.620	3500	3.640	1000	3.650	2100	3.660	5100	3.670	1500	/16842801//1410577/394601/3.6/3.57//2008-9-18 14:20:59
47/600083/ST博信/3.590	900	3.580	6300	3.570	10100	3.560	58699	0.000	0	3.600	5400	3.620	900	3.640	1000	3.650	2100	3.660	5100	/16842801//1420309/397301/3.6/3.57//2008-9-18 14:22:0
47/600083/ST博信/3.620	100	3.600	3400	3.590	900	3.580	6300	3.570	10100	3.640	1000	3.650	2100	3.660	5100	3.680	1000	3.700	13579	/16842801//1444087/403901/3.62/3.57//2008-9-18 14:23:0
47/600083/ST博信/3.620	10100	3.610	200	3.600	1800	3.580	4300	3.570	10100	3.640	1000	3.650	2100	3.660	5100	3.680	1000	3.700	13579	/16842801//1450965/405801/3.62/3.57//2008-9-18 14:24:1
47/600083/ST博信/3.620	10700	3.610	200	3.600	1800	3.580	4300	3.570	10100	3.640	1000	3.650	2100	3.660	5100	3.680	1000	3.690	800	/16842801//1450965/405801/3.62/3.57//2008-9-18 14:25:2
47/600083/ST博信/3.640	9000	3.620	10100	3.610	200	3.600	1800	3.580	4300	3.650	900	3.660	1100	3.680	1000	3.690	1200	3.700	13579	/16842801//1451347/405901/3.64/3.57//2008-9-18 14:26:2
47/600083/ST博信/3.660	7800	3.650	4100	3.640	9000	3.620	10100	3.610	200	3.680	1000	3.690	1200	3.700	13579	3.740	1000	3.760	600	/16842801//1458658/407901/3.66/3.57//2008-9-18 14:27:3
47/600083/ST博信/3.660	5800	3.650	4100	3.640	9000	3.620	20100	3.610	200	3.670	900	3.680	1000	3.690	1200	3.700	13579	3.740	1000	/16842801//1465978/409901/3.66/3.57//2008-9-18 14:28:4
47/600083/ST博信/3.660	5000	3.650	4100	3.640	9000	3.620	20100	3.610	200	3.670	900	3.680	2000	3.690	2200	3.700	13579	3.760	600	/16842801//1470736/411201/3.66/3.57//2008-9-18 14:29:4
47/600083/ST博信/3.640	9000	3.620	20100	3.610	200	3.600	1800	3.580	4300	3.650	5700	3.660	2500	3.670	900	3.680	1000	3.690	2200	/16842801//1502171/419801/3.65/3.57//2008-9-18 14:30:5
47/600083/ST博信/3.640	2900	3.620	20100	3.610	200	3.600	500	3.580	4300	3.650	5700	3.660	500	3.670	900	3.680	1000	3.690	1200	/16842801//1524739/426001/3.64/3.57//2008-9-18 14:31:6
47/600083/ST博信/3.640	2900	3.620	20100	3.610	200	3.600	500	3.580	4300	3.650	5000	3.660	500	3.670	900	3.680	1000	3.690	1200	/16842801//1524739/426001/3.64/3.57//2008-9-18 14:32:6
47/600083/ST博信/3.640	2900	3.620	20100	3.610	200	3.600	500	3.580	4300	3.650	5000	3.660	500	3.670	900	3.680	1000	3.690	1200	/16842801//1524739/426001/3.64/3.57//2008-9-18 14:33:7
47/600083/ST博信/3.640	3100	3.620	20100	3.610	200	3.600	500	3.580	4300	3.650	5000	3.660	500	3.670	900	3.680	1000	3.690	1200	/16842801//1530199/427501/3.64/3.57//2008-9-18 14:34:8
47/600083/ST博信/3.640	3000	3.620	20100	3.610	200	3.600	500	3.580	4300	3.650	5000	3.660	500	3.670	900	3.680	1000	3.690	1200	/16842801//1527651/426801/3.64/3.57//2008-9-18 14:35:8
47/600083/ST博信/3.640	2800	3.620	20100	3.610	200	3.600	500	3.580	4300	3.650	5000	3.660	500	3.670	900	3.680	1000	3.690	1200	/16842801//1528379/427001/3.64/3.57//2008-9-18 14:36:9
47/600083/ST博信/3.640	4700	3.620	20100	3.610	200	3.600	500	3.580	4300	3.660	500	3.670	900	3.680	1000	3.690	1200	3.700	12079	/16842801//1528379/427001/3.64/3.57//2008-9-18 14:37:10
47/600083/ST博信/3.640	2800	3.620	20100	3.610	200	3.600	500	3.580	4300	3.660	500	3.670	900	3.680	1000	3.690	1200	3.700	12079	/16842801//1528379/427001/3.64/3.57//2008-9-18 14:38:10
47/600083/ST博信/3.640	800	3.620	20100	3.610	200	3.600	500	3.580	4300	3.660	500	3.670	900	3.680	1000	3.690	1200	3.700	12079	/16842801//1532019/428001/3.64/3.57//2008-9-18 14:39:11
47/600083/ST博信/3.620	20100	3.610	200	3.600	500	3.580	4300	3.570	10100	3.640	399	3.660	500	3.670	900	3.680	1000	3.690	1200	/16842801//1534931/428801/3.64/3.57//2008-9-18 14:40:12
47/600083/ST博信/3.620	20100	3.610	200	3.600	500	3.580	4300	3.570	10100	3.640	2599	3.650	2500	3.660	500	3.670	900	3.680	1000	/16842801//1534931/428801/3.64/3.57//2008-9-18 14:41:12
47/600083/ST博信/3.620	20100	3.610	200	3.600	500	3.580	4300	3.570	10100	3.640	2599	3.650	2500	3.660	500	3.670	900	3.680	1000	/16842801//1534931/428801/3.64/3.57//2008-9-18 14:42:13
47/600083/ST博信/3.620	20100	3.610	200	3.600	500	3.580	4300	3.570	10100	3.630	1000	3.640	3599	3.660	500	3.670	900	3.680	1000	/16842801//1534931/428801/3.64/3.57//2008-9-18 14:43:14
47/600083/ST博信/3.630	100	3.620	20100	3.600	500	3.580	4300	3.570	10100	3.640	5200	3.660	500	3.670	900	3.680	1000	3.690	2400	/16842801//1538561/429801/3.63/3.57//2008-9-18 14:44:14
47/600083/ST博信/3.630	100	3.620	20100	3.600	500	3.580	4300	3.570	10100	3.640	5200	3.660	500	3.670	900	3.680	1000	3.690	2400	/16842801//1538561/429801/3.63/3.57//2008-9-18 14:45:15
47/600083/ST博信/3.620	19601	3.600	500	3.580	4300	3.570	10100	3.560	61199	3.640	3200	3.660	500	3.670	900	3.680	1000	3.690	2400	/16842801//1551640/433400/3.64/3.57//2008-9-18 14:46:16
47/600083/ST博信/3.620	19601	3.600	500	3.580	4300	3.570	10100	3.560	58199	3.640	4700	3.660	500	3.670	900	3.680	1000	3.690	5700	/16842801//1551640/433400/3.64/3.57//2008-9-18 14:47:16
47/600083/ST博信/3.620	18601	3.600	500	3.580	7400	3.570	10100	3.560	58199	3.640	4700	3.660	500	3.670	900	3.680	1000	3.690	5700	/16842801//1555260/434400/3.62/3.57//2008-9-18 14:48:17
47/600083/ST博信/3.620	8601	3.600	500	3.580	7400	3.570	10100	3.560	58199	3.640	6700	3.660	22000	3.670	900	3.680	1000	3.690	5700	/16842801//1591460/444400/3.62/3.57//2008-9-18 14:49:18
47/600083/ST博信/3.620	4601	3.600	500	3.580	7400	3.570	10100	3.560	57199	3.640	4700	3.660	22000	3.670	900	3.680	1000	3.690	5700	/16842801//1613180/450400/3.62/3.57//2008-9-18 14:50:18
47/600083/ST博信/3.580	7400	3.570	10100	3.560	55499	0.000	0	0.000	0	3.600	6999	3.640	4700	3.660	22000	3.670	900	3.680	1000	/16842801//1624396/453501/3.6/3.57//2008-9-18 14:51:19
47/600083/ST博信/3.580	10400	3.570	10100	3.560	55499	0.000	0	0.000	0	3.600	6999	3.640	4700	3.660	22000	3.670	900	3.680	1000	/16842801//1624396/453501/3.6/3.57//2008-9-18 14:52:20
47/600083/ST博信/3.580	10400	3.570	10100	3.560	55499	0.000	0	0.000	0	3.600	10100	3.640	4700	3.660	22000	3.670	900	3.680	1000	/16842801//1624396/453501/3.6/3.57//2008-9-18 14:53:21
47/600083/ST博信/3.580	10400	3.570	10100	3.560	61499	0.000	0	0.000	0	3.600	5500	3.640	4700	3.650	500	3.660	22000	3.670	900	/16842801//1640956/458101/3.6/3.57//2008-9-18 14:54:21
47/600083/ST博信/3.600	600	3.580	10400	3.570	10100	3.560	61499	0.000	0	3.640	4700	3.650	500	3.660	22000	3.670	900	3.680	1000	/16842801//1661115/463701/3.6/3.57//2008-9-18 14:55:22
47/600083/ST博信/3.600	800	3.580	10400	3.570	10100	3.560	61499	0.000	0	3.640	4700	3.650	500	3.660	22000	3.670	900	3.680	1000	/16842801//1661115/463701/3.6/3.57//2008-9-18 14:56:23
47/600083/ST博信/3.600	1100	3.580	7400	3.570	10100	3.560	61499	0.000	0	3.640	4700	3.650	500	3.660	22000	3.670	900	3.680	1000	/16842801//1661115/463701/3.6/3.57//2008-9-18 14:57:23
47/600083/ST博信/3.600	4100	3.580	7400	3.570	10100	3.560	61499	0.000	0	3.640	4600	3.650	500	3.660	22000	3.670	900	3.680	4000	/16842801//1661843/463901/3.64/3.57//2008-9-18 14:58:24
47/600083/ST博信/3.600	5100	3.580	4300	3.570	10500	3.560	61499	0.000	0	3.640	16600	3.650	1000	3.660	800	3.670	900	3.680	4000	/16842801//1661843/463901/3.64/3.57//2008-9-18 14:59:25
47/600083/ST博信/3.600	8200	3.580	4300	3.570	10500	3.560	61499	0.000	0	3.640	15600	3.650	1000	3.660	800	3.670	900	3.680	4000	/16842801//1665119/464801/3.64/3.57//2008-9-18 15:0:26
47/600083/ST博信/3.600	8200	3.580	4300	3.570	10500	3.560	61499	0.000	0	3.640	15600	3.650	1000	3.660	800	3.670	900	3.680	4000	/16842801//1665119/464801/3.64/3.57//2008-9-18 15:1:26
47/600083/ST博信/3.600	8200	3.580	4300	3.570	10500	3.560	61499	0.000	0	3.640	15600	3.650	1000	3.660	800	3.670	900	3.680	4000	/16842801//1665119/464801/3.64/3.57//2008-9-18 15:2:27
