675/600030/中信证券/16.150	249500	16.130	20400	16.120	4600	16.110	30000	16.100	217749	16.180	5100	16.200	4710	16.250	2125	16.300	2300	16.320	30000	/16843460//61867860/3812151/16.18/17.13//2008-9-18 9:31:34
675/600030/中信证券/16.220	32300	16.210	34222	16.200	279650	16.190	8800	16.180	129500	16.300	88025	16.320	30700	16.330	48700	16.340	96707	16.350	149960	/16843460//70663160/4354379/16.3/17.13//2008-9-18 9:32:35
675/600030/中信证券/16.260	600	16.250	95297	16.240	2500	16.230	38700	16.220	36700	16.280	46900	16.290	25100	16.300	130700	16.320	30900	16.330	48700	/16843460//82796760/5100689/16.28/17.13//2008-9-18 9:33:35
675/600030/中信证券/16.190	2000	16.180	86000	16.170	7300	16.160	107000	16.150	113100	16.200	467000	16.210	20500	16.240	3100	16.250	206438	16.260	25700	/16843460//100423024/6186851/16.2/17.13//2008-9-18 9:34:35
675/600030/中信证券/16.150	20191	16.140	10900	16.110	5000	16.100	102811	16.090	24000	16.170	3500	16.190	30600	16.200	53300	16.210	20500	16.220	400	/16843460//121518216/7493198/16.15/17.13//2008-9-18 9:35:35
675/600030/中信证券/16.060	300	16.030	36944	16.020	118200	16.010	88200	16.000	372900	16.090	62900	16.100	138700	16.130	2000	16.140	11597	16.150	35400	/16843460//134381056/8292312/16.09/17.13//2008-9-18 9:36:36
675/600030/中信证券/15.980	5100	15.970	51600	15.960	35200	15.950	2300	15.940	500	16.000	792091	16.010	243700	16.020	227499	16.030	58310	16.040	100	/16843460//150664960/9309700/16.0/17.13//2008-9-18 9:37:36
675/600030/中信证券/15.880	79200	15.860	2600	15.850	55000	15.840	1200	15.830	2900	15.900	76006	15.910	128179	15.920	31300	15.930	3800	15.940	3300	/16843460//163849696/10136800/15.9/17.13//2008-9-18 9:38:36
675/600030/中信证券/15.880	20600	15.870	3200	15.860	11800	15.850	200	15.840	100	15.900	25635	15.910	158409	15.920	37000	15.930	4200	15.940	500	/16843460//187926640/11652800/15.88/17.13//2008-9-18 9:39:36
675/600030/中信证券/15.910	368552	15.900	121700	15.890	29900	15.880	28900	15.870	4200	15.970	32570	15.980	72100	15.990	36200	16.000	468546	16.010	23000	/16843460//201519328/12508188/15.91/17.13//2008-9-18 9:40:36
675/600030/中信证券/16.050	25100	16.040	1200	16.030	13300	16.020	48500	16.010	160600	16.130	12998	16.140	2500	16.150	36600	16.160	200	16.170	700	/16843460//222572912/13823894/16.05/17.13//2008-9-18 9:41:37
675/600030/中信证券/16.080	8200	16.070	3500	16.060	10000	16.050	36100	16.040	9200	16.090	49400	16.100	3042	16.130	12998	16.140	2200	16.150	28600	/16843460//233116960/14479144/16.09/17.13//2008-9-18 9:42:37
675/600030/中信证券/16.060	12800	16.050	6400	16.030	4300	16.020	27200	16.010	123500	16.090	8800	16.100	229600	16.120	2000	16.130	10000	16.140	1500	/16843460//244953568/15214944/16.09/17.13//2008-9-18 9:43:37
675/600030/中信证券/16.040	11200	16.030	7550	16.020	26100	16.010	120400	16.000	888594	16.060	10700	16.080	333650	16.090	41015	16.100	153100	16.120	5000	/16843460//253639376/15755394/16.06/17.13//2008-9-18 9:44:37
675/600030/中信证券/16.030	76680	16.020	60800	16.010	49800	16.000	898194	15.990	7900	16.060	1800	16.080	2000	16.090	36515	16.100	153600	16.120	5000	/16843460//267994000/16649264/16.06/17.13//2008-9-18 9:45:37
675/600030/中信证券/16.070	200	16.060	14500	16.050	91600	16.040	65600	16.030	52900	16.080	749715	16.090	202500	16.100	157400	16.110	600	16.120	5100	/16843460//274114528/17030064/16.08/17.13//2008-9-18 9:46:38
675/600030/中信证券/16.040	33900	16.030	54400	16.020	42500	16.010	141000	16.000	820800	16.050	10700	16.060	100	16.070	69099	16.080	270065	16.090	209500	/16843460//289221696/17970164/16.05/17.13//2008-9-18 9:47:38
675/600030/中信证券/16.060	300	16.050	14700	16.040	32303	16.030	50400	16.020	74000	16.080	233877	16.090	209500	16.100	165600	16.110	600	16.120	5100	/16843460//296871264/18446560/16.07/17.13//2008-9-18 9:48:38
675/600030/中信证券/16.050	2400	16.040	40303	16.030	96100	16.020	127100	16.010	164400	16.060	8450	16.070	26100	16.080	204077	16.090	208700	16.100	164000	/16843460//306740992/19061212/16.06/17.13//2008-9-18 9:49:39
675/600030/中信证券/16.040	46003	16.030	194600	16.020	104500	16.010	166600	16.000	1023400	16.050	59689	16.060	8400	16.070	28800	16.080	176947	16.090	208100	/16843460//315316032/19595160/16.05/17.13//2008-9-18 9:50:39
675/600030/中信证券/15.980	23900	15.970	32800	15.960	5300	15.950	24900	15.940	900	16.000	105797	16.030	200	16.040	15900	16.050	293539	16.060	122411	/16843460//349426784/21725164/16.0/17.13//2008-9-18 9:51:39
675/600030/中信证券/15.870	3000	15.850	25267	15.840	5700	15.830	15000	15.820	64700	15.880	2400	15.950	146200	15.970	700	15.980	36800	15.990	64100	/16843460//367102080/22835796/15.88/17.13//2008-9-18 9:52:39
675/600030/中信证券/15.820	8268	15.810	240300	15.800	471500	15.790	11100	15.780	58900	15.860	27300	15.870	139982	15.880	153798	15.890	3600	15.900	63894	/16843460//374865408/23325396/15.86/17.13//2008-9-18 9:53:40
675/600030/中信证券/15.800	264521	15.770	5800	15.760	17400	15.750	69700	15.740	100	15.810	6089	15.820	6800	15.830	25300	15.840	83300	15.850	9800	/16843460//407756640/25406644/15.8/17.13//2008-9-18 9:54:40
675/600030/中信证券/15.750	43700	15.740	100	15.730	3700	15.720	2700	15.710	117000	15.780	19800	15.790	27643	15.800	531609	15.810	9600	15.820	89500	/16843460//422702752/26352764/15.75/17.13//2008-9-18 9:55:40
675/600030/中信证券/15.720	53518	15.710	315850	15.700	158598	15.690	14200	15.680	42400	15.760	16900	15.770	4400	15.780	11000	15.790	3600	15.800	493202	/16843460//446073792/27835098/15.76/17.13//2008-9-18 9:56:41
675/600030/中信证券/15.750	3100	15.740	100	15.730	5200	15.720	5350	15.710	34700	15.760	1551	15.790	11700	15.800	507402	15.810	34900	15.820	8500	/16843460//463398368/28936548/15.78/17.13//2008-9-18 9:57:41
675/600030/中信证券/15.780	31500	15.770	7900	15.760	23586	15.750	52200	15.740	3800	15.800	10300	15.810	31900	15.820	6500	15.830	22000	15.840	53200	/16843460//475833600/29724400/15.8/17.13//2008-9-18 9:58:41
675/600030/中信证券/15.830	27700	15.810	18900	15.800	236810	15.790	7900	15.780	13100	15.840	48200	15.850	10600	15.860	31200	15.870	136610	15.880	23900	/16843460//482385024/30138792/15.84/17.13//2008-9-18 9:59:41
675/600030/中信证券/15.810	18100	15.800	239610	15.790	7900	15.780	14500	15.770	23700	15.830	30900	15.840	1600	15.850	91200	15.860	26528	15.870	134510	/16843460//487394112/30455092/15.83/17.13//2008-9-18 10:0:42
675/600030/中信证券/15.760	31386	15.750	59100	15.740	4400	15.730	34000	15.720	11500	15.770	4800	15.780	14950	15.790	25800	15.800	53490	15.820	9000	/16843460//496208416/31013000/15.77/17.13//2008-9-18 10:1:42
675/600030/中信证券/15.650	17300	15.640	1300	15.630	12500	15.620	21200	15.610	187500	15.680	22940	15.690	274784	15.700	200189	15.710	1400	15.720	2500	/16843460//510297760/31909664/15.68/15.73//2008-9-18 10:2:42
675/600030/中信证券/15.550	90600	15.540	5200	15.530	12400	15.520	42300	15.510	124400	15.580	200	15.600	662644	15.610	640959	15.620	15600	15.630	16250	/16843460//529565216/33144364/15.58/15.73//2008-9-18 10:3:42
675/600030/中信证券/15.480	57900	15.470	26900	15.460	19500	15.450	167100	15.440	24700	15.500	67700	15.510	29500	15.520	500	15.530	6800	15.540	18400	/16843460//562534848/35268264/15.5/15.73//2008-9-18 10:4:43
675/600030/中信证券/15.440	90300	15.430	616843	15.420	1727600	0.000	0	0.000	0	15.450	5000	15.460	72019	15.470	800	15.480	133438	15.490	105927	/16843460//589445888/37008420/15.45/15.73//2008-9-18 10:5:43
675/600030/中信证券/15.420	1830659	0.000	0	0.000	0	0.000	0	0.000	0	15.430	190800	15.440	287639	15.450	124180	15.460	63689	15.470	9900	/16843460//627611136/39482304/15.43/15.73//2008-9-18 10:6:43
675/600030/中信证券/15.420	3259	0.000	0	0.000	0	0.000	0	0.000	0	15.420	1568446	15.430	202700	15.440	206690	15.450	108200	15.460	36589	/16843460//701514240/44274864/15.42/15.73//2008-9-18 10:7:44
675/600030/中信证券/15.420	2294584	0.000	0	0.000	0	0.000	0	0.000	0	15.430	147400	15.440	84090	15.450	77100	15.460	36389	15.470	8500	/16843460//736706496/46557080/15.43/15.73//2008-9-18 10:8:44
675/600030/中信证券/15.490	1634	15.480	10100	15.470	7200	15.460	87500	15.450	214566	15.500	142102	15.510	9100	15.520	3700	15.530	11500	15.540	9900	/16843460//746387968/47183768/15.48/15.73//2008-9-18 10:9:44
675/600030/中信证券/15.550	71761	15.540	23500	15.530	197900	15.520	13200	15.510	32100	15.560	5700	15.570	16100	15.580	9800	15.590	4900	15.600	59622	/16843460//752027904/47547112/15.56/15.73//2008-9-18 10:10:44
675/600030/中信证券/15.620	1400	15.610	24500	15.600	205172	15.590	40300	15.580	64178	15.650	39700	15.660	3700	15.670	7000	15.680	10300	15.690	24000	/16843460//757534656/47900260/15.61/15.73//2008-9-18 10:11:45
675/600030/中信证券/15.600	103200	15.590	16920	15.580	30100	15.570	6900	15.560	39400	15.640	600	15.650	87642	15.660	5100	15.670	25600	15.680	17100	/16843460//769990336/48697712/15.65/15.73//2008-9-18 10:12:45
675/600030/中信证券/15.650	17008	15.640	18900	15.630	1600	15.620	23500	15.610	13700	15.700	49100	15.720	100	15.730	200	15.760	73200	15.770	8100	/16843460//783200704/49540504/15.7/15.73//2008-9-18 10:13:45
675/600030/中信证券/15.650	6800	15.630	175	15.620	13100	15.610	14200	15.600	63900	15.680	3600	15.690	300	15.700	45833	15.710	9500	15.720	100	/16843460//786290368/49737640/15.68/15.73//2008-9-18 10:14:46
675/600030/中信证券/15.640	36600	15.630	1300	15.620	3975	15.610	3400	15.600	74600	15.650	14440	15.670	6200	15.680	500	15.690	11100	15.700	10600	/16843460//793754752/50213536/15.65/15.73//2008-9-18 10:15:46
675/600030/中信证券/15.680	10300	15.670	14800	15.660	2100	15.650	22611	15.640	4800	15.690	19700	15.700	20400	15.710	10400	15.720	9700	15.730	19500	/16843460//796748096/50404728/15.68/15.73//2008-9-18 10:16:46
675/600030/中信证券/15.700	4400	15.680	11212	15.670	7500	15.660	15900	15.650	53611	15.730	8022	15.740	400	15.750	17480	15.760	18830	15.770	1000	/16843460//800304000/50631316/15.7/15.73//2008-9-18 10:17:47
675/600030/中信证券/15.700	9200	15.680	23905	15.670	10900	15.660	13000	15.650	44111	15.750	18700	15.760	11830	15.780	38300	15.790	21800	15.800	136200	/16843460//807012736/51057824/15.75/15.73//2008-9-18 10:18:47
675/600030/中信证券/15.780	100	15.770	500	15.760	2800	15.750	23170	15.740	3600	15.800	4900	15.810	6000	15.820	600	15.830	18100	15.840	11000	/16843460//815654400/51604652/15.8/15.73//2008-9-18 10:19:47
675/600030/中信证券/15.820	800	15.800	850000	15.790	1300	15.780	5100	15.770	2000	15.900	236682	15.910	500	15.920	3000	15.930	22300	15.940	53945	/16843460//831618368/52610552/15.9/15.73//2008-9-18 10:20:48
675/600030/中信证券/15.840	4090	15.830	51900	15.820	9700	15.810	5800	15.800	783000	15.850	3500	15.900	3110	15.910	2650	15.920	14700	15.930	22300	/16843460//840915328/53196464/15.84/15.73//2008-9-18 10:21:48
675/600030/中信证券/15.830	30268	15.820	132700	15.810	40300	15.800	814600	15.790	3100	15.840	600	15.850	33500	15.870	3200	15.880	10500	15.890	8000	/16843460//844059520/53394884/15.85/15.73//2008-9-18 10:22:48
675/600030/中信证券/15.800	734300	15.790	5000	15.780	1500	15.770	1500	15.760	4000	15.810	26100	15.820	63785	15.830	11500	15.840	18247	15.850	32050	/16843460//851113664/53840852/15.8/15.73//2008-9-18 10:23:48
675/600030/中信证券/15.790	4800	15.780	700	15.770	1500	15.760	3900	15.750	173970	15.800	32200	15.810	28700	15.820	43288	15.830	43300	15.840	9432	/16843460//860226176/54417576/15.8/15.73//2008-9-18 10:24:49
675/600030/中信证券/15.750	77226	15.740	200	15.730	7300	15.720	1100	15.710	2500	15.760	800	15.780	3100	15.790	91200	15.800	151291	15.810	33798	/16843460//862674176/54572920/15.75/15.73//2008-9-18 10:25:49
675/600030/中信证券/15.720	310	15.710	43500	15.700	139700	15.690	1600	15.680	27105	15.730	24680	15.740	700	15.750	47799	15.760	4100	15.780	19200	/16843460//864887872/54713536/15.72/15.73//2008-9-18 10:26:49
675/600030/中信证券/15.720	200	15.710	2000	15.700	103407	15.690	1600	15.680	26705	15.730	15580	15.740	1300	15.750	37499	15.760	4000	15.780	17400	/16843460//867658944/54889940/15.7/15.73//2008-9-18 10:27:50
675/600030/中信证券/15.730	13720	15.710	200	15.700	79357	15.690	1600	15.680	26705	15.750	35699	15.760	4000	15.780	16600	15.790	29400	15.800	126466	/16843460//869821184/55027568/15.74/15.73//2008-9-18 10:28:50
675/600030/中信证券/15.730	5500	15.710	8512	15.700	120901	15.690	2900	15.680	14617	15.740	5600	15.750	30999	15.760	4000	15.780	16600	15.790	30300	/16843460//872396224/55191520/15.73/15.73//2008-9-18 10:29:50
675/600030/中信证券/15.750	400	15.730	7000	15.710	199700	15.700	121314	15.690	4600	15.760	8800	15.780	14600	15.790	29200	15.800	122366	15.810	24400	/16843460//874733440/55340020/15.75/15.73//2008-9-18 10:30:51
675/600030/中信证券/15.730	1700	15.720	1000	15.710	500	15.700	100080	15.690	3700	15.750	93500	15.760	26400	15.780	8500	15.790	29100	15.800	123366	/16843460//882275520/55819856/15.75/15.73//2008-9-18 10:31:51
675/600030/中信证券/15.670	560	15.660	24500	15.650	131111	15.640	6100	15.630	6900	15.680	60935	15.690	9300	15.700	342200	15.710	300	15.730	5100	/16843460//884999808/55993392/15.68/15.73//2008-9-18 10:32:51
675/600030/中信证券/15.650	150501	15.640	6100	15.630	6900	15.620	3675	15.610	34700	15.660	38250	15.670	53940	15.680	22500	15.690	1900	15.700	289300	/16843460//889043968/56251760/15.65/15.73//2008-9-18 10:33:52
675/600030/中信证券/15.650	29800	15.640	5900	15.630	6900	15.620	8875	15.610	34700	15.660	2200	15.700	79057	15.710	300	15.730	600	15.750	1200	/16843460//897521728/56792664/15.65/15.73//2008-9-18 10:34:52
675/600030/中信证券/15.680	300	15.670	1400	15.660	38400	15.650	23800	15.640	7000	15.700	83957	15.710	1300	15.730	600	15.750	1200	15.760	4800	/16843460//899393408/56912164/15.7/15.73//2008-9-18 10:35:52
675/600030/中信证券/15.690	600	15.670	2000	15.660	54100	15.650	47400	15.640	7800	15.700	31157	15.710	1000	15.730	600	15.750	2200	15.760	5300	/16843460//901102272/57021064/15.7/15.73//2008-9-18 10:36:53
675/600030/中信证券/15.670	800	15.660	33400	15.650	56500	15.640	11900	15.630	7100	15.690	36151	15.700	43357	15.710	1000	15.730	1800	15.740	1500	/16843460//902790272/57128764/15.67/15.73//2008-9-18 10:37:53
675/600030/中信证券/15.620	234900	15.610	13175	15.600	458600	15.590	20420	15.580	27000	15.680	19100	15.690	12151	15.700	46457	15.710	1000	15.730	2100	/16843460//906411328/57360064/15.62/15.73//2008-9-18 10:38:53
675/600030/中信证券/15.660	11860	15.640	4800	15.630	74560	15.620	204000	15.610	27275	15.680	47689	15.690	13651	15.700	82557	15.710	1000	15.730	2100	/16843460//908391360/57486544/15.68/15.73//2008-9-18 10:39:54
675/600030/中信证券/15.630	23900	15.620	4900	15.610	37875	15.600	462500	15.590	20120	15.640	1600	15.650	4800	15.660	4000	15.670	4731	15.680	3300	/16843460//912452736/57745704/15.63/15.73//2008-9-18 10:40:54
675/600030/中信证券/15.650	5100	15.640	11412	15.630	12900	15.620	5400	15.610	122675	15.660	1100	15.670	4731	15.680	3400	15.690	3300	15.700	15200	/16843460//914436352/57872492/15.65/15.73//2008-9-18 10:41:54
675/600030/中信证券/15.670	3569	15.660	50000	15.650	105659	15.640	22812	15.630	16300	15.680	13400	15.690	3300	15.700	18000	15.710	2000	15.720	600	/16843460//915998272/57972264/15.67/15.73//2008-9-18 10:42:55
675/600030/中信证券/15.670	3300	15.660	61569	15.650	115759	15.640	22312	15.630	18100	15.690	1400	15.700	25100	15.710	2000	15.720	600	15.730	2200	/16843460//917443008/58064464/15.66/15.73//2008-9-18 10:43:55
675/600030/中信证券/15.660	21700	15.650	116928	15.640	22412	15.630	7600	15.620	61100	15.670	3000	15.690	1100	15.700	23100	15.710	2000	15.720	800	/16843460//919409280/58189964/15.68/15.73//2008-9-18 10:44:56
675/600030/中信证券/15.620	61300	15.610	123575	15.600	467600	15.590	20020	15.580	32300	15.630	2990	15.640	200	15.650	7300	15.660	2000	15.680	2541	/16843460//923222848/58433504/15.63/15.73//2008-9-18 10:45:56
675/600030/中信证券/15.590	19420	15.580	32100	15.570	2700	15.560	36900	15.550	48700	15.600	64825	15.610	6400	15.620	77381	15.640	1500	15.650	84186	/16843460//933382720/59084576/15.6/15.73//2008-9-18 10:46:56
675/600030/中信证券/15.500	221117	15.490	40934	15.480	56100	15.470	1900	15.460	33900	15.530	2000	15.540	400	15.550	2000	15.560	3800	15.570	390	/16843460//943140224/59711780/15.54/15.73//2008-9-18 10:47:57
675/600030/中信证券/15.510	461175	15.500	236817	15.490	38634	15.480	60900	15.470	1900	15.520	200	15.540	2500	15.550	49000	15.560	35300	15.570	46790	/16843460//948843328/60079304/15.52/15.73//2008-9-18 10:48:57
675/600030/中信证券/15.520	4000	15.510	334276	15.500	243717	15.490	37334	15.480	64400	15.530	2500	15.540	12500	15.550	18700	15.560	19300	15.570	10690	/16843460//955026304/60477704/15.52/15.73//2008-9-18 10:49:57
675/600030/中信证券/15.510	339751	15.500	258817	15.490	36834	15.480	67500	15.470	12600	15.520	8975	15.550	8800	15.560	12700	15.570	10300	15.580	27500	/16843460//957880256/60661428/15.52/15.73//2008-9-18 10:50:58
675/600030/中信证券/15.550	1100	15.540	200	15.530	81700	15.520	138509	15.510	343551	15.560	200	15.570	9100	15.580	17500	15.590	46100	15.600	64600	/16843460//960706752/60843320/15.55/15.73//2008-9-18 10:51:58
675/600030/中信证券/15.550	6800	15.530	61500	15.520	137409	15.510	355551	15.500	319517	15.560	4800	15.570	12500	15.580	18300	15.590	45900	15.600	56200	/16843460//963047424/60993920/15.55/15.73//2008-9-18 10:52:58
675/600030/中信证券/15.550	43161	15.540	5000	15.530	67500	15.520	34709	15.510	355051	15.560	13100	15.570	9500	15.580	17900	15.590	46000	15.600	56000	/16843460//964757504/61103960/15.55/15.73//2008-9-18 10:53:59
675/600030/中信证券/15.570	200	15.560	10300	15.550	61261	15.540	21800	15.530	68500	15.600	25700	15.610	1400	15.620	2222	15.640	500	15.650	6200	/16843460//968096768/61318360/15.57/15.73//2008-9-18 10:54:59
675/600030/中信证券/15.570	2800	15.560	59100	15.550	54761	15.540	15800	15.530	43200	15.590	9	15.600	17100	15.610	1400	15.620	3722	15.640	500	/16843460//970783424/61490960/15.57/15.73//2008-9-18 10:56:0
675/600030/中信证券/15.600	16969	15.590	2500	15.580	3250	15.570	30000	15.560	26200	15.620	4722	15.640	500	15.650	6100	15.660	8000	15.670	700	/16843460//972135040/61577640/15.6/15.73//2008-9-18 10:57:0
675/600030/中信证券/15.620	1578	15.610	3900	15.600	36069	15.590	5800	15.580	1900	15.640	200	15.650	1600	15.660	8500	15.670	900	15.680	15800	/16843460//973127424/61641160/15.64/15.73//2008-9-18 10:58:0
675/600030/中信证券/15.600	31497	15.590	6000	15.570	22600	15.560	23500	15.550	53861	15.610	9300	15.620	8200	15.630	11400	15.640	2400	15.650	29000	/16843460//974112384/61704212/15.61/15.73//2008-9-18 10:59:1
675/600030/中信证券/15.530	39002	15.520	28309	15.510	135700	15.500	345817	15.490	54400	15.540	700	15.550	159039	15.580	29900	15.590	62300	15.600	123202	/16843460//976969984/61887768/15.54/15.73//2008-9-18 11:0:1
675/600030/中信证券/15.520	295459	15.510	135900	15.500	334317	15.490	56200	15.480	70500	15.530	61797	15.540	17159	15.550	156839	15.580	23200	15.590	24344	/16843460//978786112/62004720/15.52/15.73//2008-9-18 11:1:2
675/600030/中信证券/15.530	52501	15.520	158916	15.510	136500	15.500	345317	15.490	58500	15.540	14259	15.550	154939	15.580	12600	15.590	20344	15.600	37200	/16843460//983829312/62329560/15.54/15.73//2008-9-18 11:2:2
675/600030/中信证券/15.550	195383	15.540	56200	15.530	53201	15.520	30200	15.510	120200	15.580	5000	15.590	14244	15.600	72600	15.610	33779	15.620	12800	/16843460//988166976/62608576/15.58/15.73//2008-9-18 11:3:2
675/600030/中信证券/15.610	8000	15.600	33500	15.590	7400	15.580	23100	15.570	7000	15.630	4023	15.640	5400	15.650	74300	15.660	6237	15.670	1300	/16843460//992731840/62901360/15.6/15.73//2008-9-18 11:4:3
675/600030/中信证券/15.590	5800	15.580	5500	15.570	5300	15.560	59320	15.550	23400	15.610	11650	15.630	2100	15.640	1300	15.650	67043	15.660	6237	/16843460//995622144/63086456/15.61/15.73//2008-9-18 11:5:3
675/600030/中信证券/15.590	1500	15.580	2200	15.570	10100	15.560	49120	15.550	24600	15.600	17000	15.610	10350	15.620	6100	15.630	3000	15.640	3100	/16843460//996741824/63158256/15.6/15.73//2008-9-18 11:6:4
675/600030/中信证券/15.600	109770	15.590	11056	15.580	2100	15.570	6900	15.560	50420	15.650	58793	15.660	6237	15.670	3200	15.680	16600	15.690	9800	/16843460//1002844672/63549332/15.6/15.73//2008-9-18 11:7:4
675/600030/中信证券/15.670	11000	15.660	129963	15.650	3200	15.640	300	15.630	200	15.680	15950	15.690	4800	15.700	38049	15.710	13100	15.720	700	/16843460//1006232320/63765760/15.68/15.73//2008-9-18 11:8:4
675/600030/中信证券/15.720	3200	15.710	16500	15.700	224201	15.690	15200	15.680	49800	15.730	2400	15.740	20700	15.750	11100	15.760	1800	15.770	10500	/16843460//1008368128/63901860/15.72/15.73//2008-9-18 11:9:5
675/600030/中信证券/15.760	4000	15.750	8500	15.740	1400	15.730	9100	15.720	22000	15.780	7300	15.790	13400	15.800	151300	15.810	20700	15.820	7000	/16843460//1009956864/64002760/15.76/15.73//2008-9-18 11:10:5
675/600030/中信证券/15.770	13185	15.760	12389	15.750	4600	15.740	3000	15.730	7000	15.780	22400	15.790	9700	15.800	72400	15.810	20500	15.820	9200	/16843460//1013571648/64231788/15.77/15.73//2008-9-18 11:11:6
675/600030/中信证券/15.660	57063	15.650	5200	15.640	1800	15.610	2200	15.600	148470	15.700	118410	15.710	1200	15.750	9800	15.760	58350	15.770	50300	/16843460//1019173312/64588172/15.7/15.73//2008-9-18 11:12:6
675/600030/中信证券/15.680	5390	15.670	700	15.660	47763	15.650	14600	15.640	1900	15.690	9600	15.700	164110	15.710	1200	15.750	28500	15.760	129850	/16843460//1020405312/64666684/15.68/15.73//2008-9-18 11:13:7
675/600030/中信证券/15.660	11663	15.650	15000	15.640	1900	15.630	300	15.620	200	15.670	5500	15.680	52810	15.690	42200	15.700	135661	15.710	1200	/16843460//1021864064/64759772/15.66/15.73//2008-9-18 11:14:7
675/600030/中信证券/15.650	8900	15.640	2300	15.630	900	15.620	400	15.610	4100	15.660	5800	15.670	17000	15.680	10200	15.690	148207	15.700	137661	/16843460//1023784576/64882336/15.66/15.73//2008-9-18 11:15:7
675/600030/中信证券/15.660	54500	15.650	4100	15.640	2300	15.630	1100	15.620	700	15.670	700	15.680	9100	15.690	148207	15.700	144011	15.710	1100	/16843460//1025302336/64979236/15.66/15.73//2008-9-18 11:16:8
675/600030/中信证券/15.660	29370	15.650	4200	15.640	2300	15.630	1100	15.620	1100	15.670	67200	15.680	12400	15.690	148107	15.700	147311	15.710	1100	/16843460//1026267776/65040864/15.66/15.73//2008-9-18 11:17:8
675/600030/中信证券/15.650	2800	15.640	2700	15.630	1400	15.620	1100	15.610	3900	15.660	28081	15.670	46250	15.680	9800	15.690	158107	15.700	146111	/16843460//1027465536/65117336/15.66/15.73//2008-9-18 11:18:9
675/600030/中信证券/15.610	3000	15.600	135500	15.590	3156	15.580	4500	15.570	6500	15.620	4100	15.630	100	15.640	300	15.650	5960	15.660	55681	/16843460//1028106368/65158336/15.6/15.73//2008-9-18 11:19:9
675/600030/中信证券/15.600	129810	15.590	3456	15.580	4500	15.570	5500	15.560	45020	15.610	800	15.640	100	15.650	600	15.660	9581	15.670	21800	/16843460//1033388032/65496528/15.61/15.73//2008-9-18 11:20:10
675/600030/中信证券/15.600	90509	15.590	3656	15.580	15200	15.570	6000	15.560	45020	15.610	2000	15.640	11800	15.650	16100	15.660	15181	15.670	19400	/16843460//1034800320/65587028/15.61/15.73//2008-9-18 11:21:10
675/600030/中信证券/15.610	1600	15.600	68509	15.590	3856	15.580	36200	15.570	6300	15.640	7500	15.650	16100	15.660	15181	15.670	18400	15.680	13700	/16843460//1036118912/65671528/15.61/15.73//2008-9-18 11:22:10
675/600030/中信证券/15.610	17500	15.600	17800	15.590	100	15.560	42725	15.550	18000	15.620	4000	15.630	2900	15.640	9200	15.650	17100	15.660	15481	/16843460//1039747456/65904188/15.61/15.73//2008-9-18 11:23:11
675/600030/中信证券/15.570	7200	15.560	2225	15.550	18000	15.540	92400	15.530	22901	15.580	2300	15.590	200	15.600	211400	15.610	35600	15.620	4600	/16843460//1041814208/66036788/15.56/15.73//2008-9-18 11:24:11
675/600030/中信证券/15.560	492	15.550	49625	15.540	94800	15.530	23701	15.520	24300	15.570	17000	15.580	39522	15.590	14600	15.600	208200	15.610	31100	/16843460//1043220608/66127096/15.56/15.73//2008-9-18 11:25:12
675/600030/中信证券/15.560	37992	15.550	50325	15.540	95200	15.530	25201	15.520	26500	15.570	4100	15.580	40222	15.590	13300	15.600	209200	15.610	19800	/16843460//1045139392/66250396/15.56/15.73//2008-9-18 11:26:12
675/600030/中信证券/15.540	36000	15.530	38601	15.520	30000	15.510	142500	15.500	393317	15.550	54625	15.560	24698	15.570	8600	15.580	39722	15.590	3600	/16843460//1048164096/66444912/15.54/15.73//2008-9-18 11:27:13
675/600030/中信证券/15.520	100	15.510	1500	15.500	392818	15.490	37100	15.480	80800	15.530	19100	15.540	12390	15.550	37925	15.560	28698	15.570	6700	/16843460//1053016384/66757512/15.53/15.73//2008-9-18 11:28:13
675/600030/中信证券/15.520	3300	15.510	29600	15.500	376218	15.490	38100	15.480	80400	15.530	12253	15.540	1000	15.550	31325	15.560	22590	15.570	3400	/16843460//1055290240/66904012/15.53/15.73//2008-9-18 11:29:14
675/600030/中信证券/15.550	214	15.540	6800	15.530	14600	15.520	10800	15.510	28300	15.560	3890	15.570	3400	15.580	35122	15.590	2500	15.600	12900	/16843460//1057219776/67028096/15.56/15.73//2008-9-18 11:30:14
675/600030/中信证券/15.550	214	15.540	6800	15.530	14600	15.520	10800	15.510	28300	15.560	3890	15.570	3400	15.580	35122	15.590	2500	15.600	12900	/16843460//1057219776/67028096/15.56/15.73//2008-9-18 11:31:15
675/600030/中信证券/15.450	39543	15.440	85200	15.430	561200	15.420	4280100	0.000	0	15.460	1600	15.470	200	15.480	7600	15.490	20290	15.500	14889	/16843460//1081151616/68571672/15.46/15.73//2008-9-18 13:1:15
675/600030/中信证券/15.440	45911	15.430	53123	15.420	3238100	0.000	0	0.000	0	15.450	11600	15.460	69942	15.470	5500	15.480	7000	15.490	25390	/16843460//1117732480/70942984/15.44/15.73//2008-9-18 13:2:16
675/600030/中信证券/15.420	3322300	0.000	0	0.000	0	0.000	0	0.000	0	15.430	539281	15.440	226936	15.450	5000	15.460	13000	15.470	5200	/16843460//1127054208/71547016/15.43/15.73//2008-9-18 13:3:16
675/600030/中信证券/15.420	3047012	0.000	0	0.000	0	0.000	0	0.000	0	15.430	206681	15.440	197590	15.450	6900	15.460	12500	15.470	5200	/16843460//1137991936/72256104/15.43/15.73//2008-9-18 13:4:17
675/600030/中信证券/15.430	2200	15.420	2673351	0.000	0	0.000	0	0.000	0	15.440	163190	15.450	6900	15.460	11300	15.470	5200	15.480	7100	/16843460//1151809024/73151864/15.43/15.73//2008-9-18 13:5:17
675/600030/中信证券/15.430	311970	15.420	2628951	0.000	0	0.000	0	0.000	0	15.440	16590	15.450	6900	15.460	11300	15.470	5200	15.480	7100	/16843460//1157915392/73547496/15.44/15.73//2008-9-18 13:6:18
675/600030/中信证券/15.460	9500	15.450	26700	15.440	124411	15.430	361070	15.420	2621951	15.470	200	15.480	7100	15.490	8000	15.500	14301	15.510	4200	/16843460//1159765888/73667280/15.47/15.73//2008-9-18 13:7:18
675/600030/中信证券/15.480	44792	15.470	45100	15.460	14400	15.450	72600	15.440	117711	15.490	5100	15.500	34701	15.510	1500	15.530	19800	15.540	63412	/16843460//1160729984/73729592/15.48/15.73//2008-9-18 13:8:19
675/600030/中信证券/15.520	500	15.510	1500	15.500	17000	15.490	49799	15.480	40492	15.540	63812	15.550	29175	15.560	1600	15.570	62000	15.580	42322	/16843460//1162238720/73826896/15.52/15.73//2008-9-18 13:9:19
675/600030/中信证券/15.470	25481	15.460	12800	15.450	65100	15.440	109511	15.430	351270	15.500	10630	15.510	1500	15.520	15200	15.530	22500	15.540	65520	/16843460//1165304320/74024704/15.5/15.73//2008-9-18 13:10:20
675/600030/中信证券/15.460	31600	15.450	69900	15.440	107611	15.430	362270	15.420	2681051	15.470	400	15.480	25019	15.490	17900	15.500	37830	15.510	19100	/16843460//1167159296/74144584/15.47/15.73//2008-9-18 13:11:20
675/600030/中信证券/15.460	6000	15.450	61600	15.440	89811	15.430	469770	15.420	2803951	15.470	25500	15.480	17400	15.490	22300	15.500	38030	15.510	19000	/16843460//1169104640/74270384/15.46/15.73//2008-9-18 13:12:21
675/600030/中信证券/15.440	88311	15.430	498470	15.420	2926151	0.000	0	0.000	0	15.450	290200	15.460	20699	15.470	44619	15.480	7200	15.490	22300	/16843460//1170945152/74389488/15.45/15.73//2008-9-18 13:13:21
675/600030/中信证券/15.430	446349	15.420	3072751	0.000	0	0.000	0	0.000	0	15.440	13500	15.450	276000	15.460	43600	15.470	38100	15.480	8800	/16843460//1175374592/74676416/15.43/15.73//2008-9-18 13:14:22
675/600030/中信证券/15.420	1087694	0.000	0	0.000	0	0.000	0	0.000	0	15.430	55622	15.440	31020	15.450	279618	15.460	19700	15.470	19000	/16843460//1220897024/77628120/15.42/15.73//2008-9-18 13:15:22
675/600030/中信证券/15.420	1087694	0.000	0	0.000	0	0.000	0	0.000	0	15.420	5147177	15.430	76622	15.440	34820	15.450	287118	15.460	24700	/16843460//1260347520/80186512/15.42/15.73//2008-9-18 13:16:23
675/600030/中信证券/15.420	1087694	0.000	0	0.000	0	0.000	0	0.000	0	15.420	9248106	15.430	73422	15.440	32720	15.450	286818	15.460	23600	/16843460//1263965056/80421120/15.42/15.73//2008-9-18 13:17:23
675/600030/中信证券/15.420	1087694	0.000	0	0.000	0	0.000	0	0.000	0	15.420	9253309	15.430	63922	15.440	32720	15.450	286818	15.460	23400	/16843460//1268628096/80723520/15.42/15.73//2008-9-18 13:18:24
675/600030/中信证券/15.420	1087694	0.000	0	0.000	0	0.000	0	0.000	0	15.420	9500352	15.430	64422	15.440	32720	15.450	286818	15.460	18600	/16843460//1269772160/80797712/15.42/15.73//2008-9-18 13:19:24
675/600030/中信证券/15.420	1087694	0.000	0	0.000	0	0.000	0	0.000	0	15.420	9127783	15.430	63422	15.440	32720	15.450	287218	15.460	19300	/16843460//1279028864/81398016/15.42/15.73//2008-9-18 13:20:25
675/600030/中信证券/15.420	1087694	0.000	0	0.000	0	0.000	0	0.000	0	15.420	8771041	15.430	59222	15.440	32720	15.450	286818	15.460	19300	/16843460//1282974848/81653920/15.42/15.73//2008-9-18 13:21:25
675/600030/中信证券/15.420	1087694	0.000	0	0.000	0	0.000	0	0.000	0	15.420	3740470	15.430	89286	15.440	36220	15.450	286818	15.460	19300	/16843460//1286979328/81913616/15.42/15.73//2008-9-18 13:22:26
675/600030/中信证券/15.420	1059331	0.000	0	0.000	0	0.000	0	0.000	0	15.430	22386	15.440	35820	15.450	285418	15.460	19300	15.470	7000	/16843460//1323558784/84285784/15.42/15.73//2008-9-18 13:23:26
675/600030/中信证券/15.470	3700	15.460	27592	15.450	409900	15.440	31200	15.430	477000	15.490	11500	15.500	28630	15.510	20000	15.520	5000	15.530	5000	/16843460//1326063616/84447976/15.49/15.73//2008-9-18 13:24:27
675/600030/中信证券/15.510	79399	15.500	169870	15.490	15200	15.480	15200	15.470	28600	15.520	57895	15.530	4000	15.540	10100	15.550	200	15.560	200	/16843460//1333128832/84902912/15.52/15.73//2008-9-18 13:25:27
675/600030/中信证券/15.550	25705	15.540	16700	15.530	19500	15.520	187300	15.510	74199	15.560	19500	15.570	64200	15.580	31000	15.590	25100	15.600	62800	/16843460//1339318656/85301200/15.56/15.73//2008-9-18 13:26:28
675/600030/中信证券/15.530	1000	15.520	50700	15.510	29104	15.500	277100	15.490	7800	15.550	112699	15.570	18000	15.580	24700	15.590	23900	15.600	63700	/16843460//1352088832/86123008/15.55/15.73//2008-9-18 13:27:28
675/600030/中信证券/15.540	900	15.530	7600	15.520	1500	15.510	27904	15.500	235800	15.550	300	15.560	9650	15.570	49000	15.580	20543	15.590	29600	/16843460//1356045312/86377304/15.54/15.73//2008-9-18 13:28:29
675/600030/中信证券/15.520	1900	15.510	29004	15.500	239000	15.490	6500	15.480	14500	15.530	2700	15.540	7100	15.550	39470	15.560	213133	15.570	77600	/16843460//1358811520/86555200/15.53/15.73//2008-9-18 13:29:29
675/600030/中信证券/15.490	4600	15.480	16600	15.470	6600	15.460	12992	15.450	283700	15.500	32900	15.510	2200	15.520	700	15.530	3900	15.540	5500	/16843460//1364880640/86946400/15.5/15.73//2008-9-18 13:30:30
675/600030/中信证券/15.530	19400	15.520	53400	15.510	22100	15.500	405932	15.490	8300	15.540	1300	15.550	64400	15.560	202953	15.570	65700	15.580	21043	/16843460//1368629888/87188176/15.53/15.73//2008-9-18 13:31:30
675/600030/中信证券/15.600	6437	15.590	3500	15.580	57600	15.570	20700	15.560	335847	15.610	13600	15.620	32400	15.630	22200	15.640	1700	15.650	15707	/16843460//1377987456/87789392/15.61/15.73//2008-9-18 13:32:31
675/600030/中信证券/15.670	12100	15.660	121566	15.650	127000	15.640	5200	15.630	124800	15.690	19307	15.700	70051	15.710	2300	15.720	300	15.730	7800	/16843460//1383192192/88121720/15.69/15.73//2008-9-18 13:33:31
675/600030/中信证券/15.750	62700	15.740	15000	15.730	112800	15.720	30700	15.710	34500	15.760	13099	15.770	28800	15.780	21720	15.790	13100	15.800	159400	/16843460//1387964672/88425232/15.76/15.73//2008-9-18 13:34:32
675/600030/中信证券/15.840	91400	15.830	78049	15.820	13200	15.810	13500	15.800	671300	15.850	116500	15.870	4100	15.880	24260	15.890	24300	15.900	63900	/16843460//1402415360/89338176/15.85/15.73//2008-9-18 13:35:32
675/600030/中信证券/15.760	5100	15.750	31400	15.740	2100	15.730	25300	15.720	11300	15.790	68090	15.800	6000	15.820	11600	15.830	800	15.840	38300	/16843460//1434072320/91338928/15.79/15.73//2008-9-18 13:36:33
675/600030/中信证券/15.810	600	15.800	12300	15.790	3450	15.780	2600	15.770	2500	15.840	2000	15.850	94998	15.860	12800	15.870	5600	15.880	18460	/16843460//1441042176/91779512/15.84/15.73//2008-9-18 13:37:34
675/600030/中信证券/15.820	7500	15.810	25300	15.800	118684	15.790	14450	15.780	5600	15.840	4700	15.850	6709	15.860	15710	15.870	49500	15.880	27360	/16843460//1445921024/92087528/15.84/15.73//2008-9-18 13:38:34
675/600030/中信证券/15.840	11771	15.830	26900	15.820	65900	15.810	21400	15.800	123884	15.860	4082	15.880	25560	15.890	33600	15.900	86500	15.910	8450	/16843460//1450752768/92392352/15.86/15.73//2008-9-18 13:39:35
675/600030/中信证券/15.860	100	15.850	5100	15.840	22071	15.830	27300	15.820	67000	15.870	4600	15.880	6642	15.890	33800	15.900	97600	15.910	11250	/16843460//1454192768/92609256/15.87/15.73//2008-9-18 13:40:35
675/600030/中信证券/15.850	129600	15.840	55500	15.830	20271	15.820	66400	15.810	8200	15.860	200	15.890	26932	15.900	93200	15.910	6750	15.920	7300	/16843460//1462371584/93125256/15.85/15.73//2008-9-18 13:41:36
675/600030/中信证券/15.950	14400	15.910	51400	15.900	375718	15.890	34100	15.880	38600	15.960	2300	15.970	4000	15.980	61300	15.990	36100	16.000	273690	/16843460//1467217280/93429840/15.95/15.73//2008-9-18 13:42:36
675/600030/中信证券/16.100	22500	16.090	2000	16.080	43100	16.070	1100	16.060	14590	16.110	700	16.120	5500	16.130	5200	16.140	2550	16.150	21600	/16843460//1477227264/94054640/16.11/15.73//2008-9-18 13:43:37
675/600030/中信证券/16.170	6700	16.160	2500	16.150	231800	16.140	30300	16.130	218050	16.180	1100	16.190	60820	16.200	128700	16.210	900	16.220	1800	/16843460//1494967552/95152736/16.19/15.73//2008-9-18 13:44:37
675/600030/中信证券/16.230	3999	16.220	3700	16.210	52350	16.200	77347	16.190	192900	16.250	84280	16.260	12500	16.270	5490	16.280	40800	16.290	165300	/16843460//1516909952/96507960/16.23/15.73//2008-9-18 13:45:38
675/600030/中信证券/16.150	66300	16.140	43000	16.130	58800	16.120	13200	16.110	5100	16.180	2400	16.190	38158	16.200	206904	16.210	600	16.220	72251	/16843460//1543584384/98154856/16.18/15.73//2008-9-18 13:46:39
675/600030/中信证券/16.080	5300	16.070	600	16.050	16000	16.040	10000	16.030	13500	16.100	73100	16.130	3100	16.140	9900	16.150	25790	16.160	34601	/16843460//1554441472/98827560/16.1/15.73//2008-9-18 13:47:39
675/600030/中信证券/16.040	3700	16.030	100	16.020	1000	16.010	85800	16.000	29000	16.100	35600	16.110	16600	16.120	1300	16.130	24060	16.140	9700	/16843460//1559463808/99140160/16.1/15.73//2008-9-18 13:48:40
675/600030/中信证券/16.030	700	16.020	29570	16.010	79610	16.000	61100	15.990	1000	16.040	2400	16.050	700	16.060	900	16.070	1700	16.080	7700	/16843460//1564333696/99443480/16.03/15.73//2008-9-18 13:49:40
675/600030/中信证券/16.000	47381	15.990	2100	15.980	1000	15.970	200	15.950	3000	16.030	200	16.040	11299	16.050	22500	16.060	1600	16.070	34500	/16843460//1571370368/99882376/16.0/15.73//2008-9-18 13:50:41
675/600030/中信证券/15.910	102800	15.900	36200	15.890	2200	15.880	31900	15.870	50700	15.950	2600	15.970	35100	15.980	700	15.990	42100	16.000	98301	/16843460//1574345472/100068360/15.91/15.73//2008-9-18 13:51:41
675/600030/中信证券/15.910	20901	15.900	135200	15.890	5300	15.880	65200	15.870	50600	15.920	2700	15.930	700	15.940	13700	15.950	7700	15.960	1900	/16843460//1578094720/100303856/15.92/15.73//2008-9-18 13:52:42
675/600030/中信证券/15.910	126320	15.900	26698	15.890	8900	15.880	16200	15.870	50600	15.920	10300	15.930	1100	15.940	15700	15.950	13500	15.960	1100	/16843460//1585677824/100780544/15.92/15.73//2008-9-18 13:53:42
675/600030/中信证券/15.940	2400	15.930	12200	15.920	113634	15.910	170720	15.900	21298	15.950	9100	15.960	900	15.970	19000	15.980	700	15.990	21300	/16843460//1588086656/100931808/15.95/15.73//2008-9-18 13:54:43
675/600030/中信证券/16.000	37500	15.970	200	15.960	80700	15.950	57101	15.940	35250	16.010	21200	16.020	8200	16.030	13300	16.040	21299	16.050	30000	/16843460//1594433664/101328752/16.0/15.73//2008-9-18 13:55:44
675/600030/中信证券/15.980	58800	15.970	10500	15.960	92700	15.950	62701	15.940	19100	16.000	22674	16.020	400	16.030	4450	16.040	21599	16.050	30544	/16843460//1594619648/101340352/16.0/15.73//2008-9-18 13:56:44
675/600030/中信证券/16.010	118200	16.000	164126	15.990	183800	15.980	4900	15.970	11500	16.020	1800	16.030	500	16.040	12100	16.050	16244	16.070	13300	/16843460//1598018816/101552632/16.02/15.73//2008-9-18 13:57:45
675/600030/中信证券/16.070	36300	16.060	83900	16.050	5218	16.040	300	16.030	51900	16.080	27622	16.090	3900	16.100	104593	16.110	3600	16.120	4800	/16843460//1600153600/101685608/16.07/15.73//2008-9-18 13:58:45
675/600030/中信证券/16.100	61806	16.090	44300	16.080	900	16.040	2400	16.030	7000	16.110	3400	16.120	8400	16.130	21360	16.140	4000	16.150	18290	/16843460//1608578816/102209624/16.1/15.73//2008-9-18 13:59:46
675/600030/中信证券/16.000	140726	15.990	181200	15.980	5700	15.970	4500	15.960	6700	16.050	500	16.080	12100	16.090	57292	16.100	219200	16.110	14000	/16843460//1614934912/102605128/16.0/15.73//2008-9-18 14:0:47
675/600030/中信证券/16.000	66827	15.970	2600	15.960	8400	15.950	15900	15.940	29800	16.010	3700	16.020	500	16.030	8300	16.050	8400	16.060	2500	/16843460//1622203136/103059232/16.0/15.73//2008-9-18 14:1:47
675/600030/中信证券/15.950	10600	15.940	27100	15.930	2200	15.920	27300	15.910	12900	15.980	4200	15.990	1500	16.000	276877	16.010	1600	16.020	1700	/16843460//1626607360/103334552/15.95/15.73//2008-9-18 14:2:48
675/600030/中信证券/15.960	60600	15.950	19607	15.940	30400	15.930	14200	15.920	25900	15.970	1400	15.980	5000	15.990	29900	16.000	263676	16.010	1000	/16843460//1631491840/103640752/15.96/15.73//2008-9-18 14:3:48
675/600030/中信证券/16.070	301	16.050	83600	16.010	5500	16.000	5000	15.980	1500	16.090	150	16.100	104500	16.110	9200	16.120	22900	16.130	25860	/16843460//1646139136/104554824/16.09/15.73//2008-9-18 14:4:49
675/600030/中信证券/16.040	1500	16.010	56000	16.000	8200	15.990	100	15.980	1500	16.050	6629	16.060	2200	16.070	200	16.080	9000	16.090	14295	/16843460//1650088960/104800624/16.05/15.73//2008-9-18 14:5:50
675/600030/中信证券/16.100	257125	16.090	1600	16.080	17000	16.070	11700	16.060	51800	16.120	7600	16.130	25760	16.140	2400	16.150	63215	16.160	26301	/16843460//1657420544/105256200/16.12/15.73//2008-9-18 14:6:50
675/600030/中信证券/16.170	100	16.160	2800	16.150	189496	16.140	1500	16.130	12900	16.180	100	16.190	300	16.200	24591	16.210	2700	16.220	7600	/16843460//1665530624/105757784/16.2/15.73//2008-9-18 14:7:51
675/600030/中信证券/16.280	4800	16.270	600	16.260	6900	16.250	300	16.240	54000	16.290	150140	16.300	81541	16.310	1800	16.320	1500	16.330	12800	/16843460//1672185856/106167672/16.29/15.73//2008-9-18 14:8:51
675/600030/中信证券/16.340	4400	16.330	2100	16.320	2100	16.310	23900	16.300	54963	16.350	1100	16.380	72099	16.390	75000	16.400	203950	16.410	1450	/16843460//1679816192/106635848/16.34/15.73//2008-9-18 14:9:52
675/600030/中信证券/16.370	1800	16.350	48551	16.340	400	16.330	4600	16.320	8900	16.390	70100	16.400	152750	16.410	2450	16.420	15200	16.430	3200	/16843460//1688918272/107191504/16.37/15.73//2008-9-18 14:10:53
675/600030/中信证券/16.420	3100	16.400	27914	16.390	22200	16.380	10700	16.370	21700	16.430	500	16.440	6300	16.450	12450	16.460	3200	16.470	9100	/16843460//1700176896/107877584/16.42/15.73//2008-9-18 14:11:53
675/600030/中信证券/16.400	220715	16.390	38000	16.380	5900	16.370	11600	16.360	3300	16.410	5100	16.420	13100	16.430	500	16.440	8400	16.450	39420	/16843460//1707114752/108300384/16.4/15.73//2008-9-18 14:12:54
675/600030/中信证券/16.420	12200	16.410	95960	16.400	189115	16.390	34700	16.380	5600	16.440	11600	16.450	61525	16.460	7200	16.470	15850	16.480	43400	/16843460//1712864768/108650728/16.42/15.73//2008-9-18 14:13:55
675/600030/中信证券/16.350	35551	16.340	200	16.330	1700	16.320	2100	16.310	3600	16.390	900	16.400	80902	16.410	14300	16.420	2550	16.430	27290	/16843460//1720988032/109145904/16.35/15.73//2008-9-18 14:14:55
675/600030/中信证券/16.380	300	16.360	15800	16.350	1400	16.320	17600	16.310	7600	16.400	134870	16.410	10900	16.420	20650	16.430	47500	16.440	48844	/16843460//1727279104/109529696/16.4/15.73//2008-9-18 14:15:56
675/600030/中信证券/16.310	11300	16.300	39551	16.290	105900	16.280	4100	16.270	2000	16.320	1160	16.380	700	16.390	26020	16.400	198885	16.410	4100	/16843460//1729784960/109682800/16.32/15.73//2008-9-18 14:16:56
675/600030/中信证券/16.380	14650	16.370	500	16.360	96500	16.350	11000	16.340	5100	16.390	7020	16.400	242055	16.410	4100	16.420	57140	16.430	20500	/16843460//1733694208/109921712/16.38/15.73//2008-9-18 14:17:57
675/600030/中信证券/16.440	5500	16.430	34800	16.420	172400	16.410	61200	16.400	169800	16.450	8300	16.480	29015	16.490	50900	16.500	226980	16.510	23800	/16843460//1741827968/110417080/16.45/15.73//2008-9-18 14:18:58
675/600030/中信证券/16.540	54100	16.530	184800	16.520	167400	16.510	46900	16.500	964905	16.550	191701	16.560	2000	16.590	1000	16.600	153800	16.610	13600	/16843460//1756077696/111279080/16.55/15.73//2008-9-18 14:19:58
675/600030/中信证券/16.690	3400	16.680	26340	16.670	500	16.660	19800	16.650	52500	16.700	77065	16.710	300	16.720	10600	16.730	12100	16.740	11600	/16843460//1780257152/112730296/16.7/15.73//2008-9-18 14:20:59
675/600030/中信证券/16.810	18200	16.800	28373	16.790	3200	16.780	6400	16.770	7700	16.820	11000	16.830	11300	16.840	11400	16.850	21550	16.860	16300	/16843460//1799399296/113873184/16.81/15.73//2008-9-18 14:22:0
675/600030/中信证券/16.800	31303	16.760	20000	16.750	1300	16.730	100	16.710	29600	16.810	4800	16.820	1700	16.840	2680	16.850	7600	16.870	100	/16843460//1838052224/116177448/16.8/15.73//2008-9-18 14:23:0
675/600030/中信证券/16.760	2500	16.750	29500	16.740	300	16.720	10300	16.710	200	16.790	4650	16.800	655397	16.820	300	16.830	1800	16.850	9200	/16843460//1866758016/117890152/16.79/15.73//2008-9-18 14:24:1
675/600030/中信证券/16.750	26480	16.740	4100	16.730	600	16.720	7000	16.710	2400	16.760	98400	16.770	15800	16.780	78419	16.790	118750	16.800	772837	/16843460//1880008320/118681376/16.75/15.73//2008-9-18 14:25:2
675/600030/中信证券/16.720	400	16.710	6900	16.700	131700	16.690	10100	16.680	30140	16.750	71308	16.760	27500	16.770	36610	16.780	46254	16.790	137750	/16843460//1889172992/119228456/16.75/15.73//2008-9-18 14:26:2
675/600030/中信证券/16.640	2500	16.630	31800	16.620	30100	16.610	2100	16.600	51700	16.650	3700	16.670	23200	16.680	55910	16.690	38300	16.700	38700	/16843460//1899383680/119839704/16.65/15.73//2008-9-18 14:27:3
675/600030/中信证券/16.530	101000	16.520	20300	16.510	12200	16.500	340400	16.490	300	16.550	3600	16.560	137	16.570	200	16.580	23100	16.590	43800	/16843460//1906095744/120243600/16.53/15.73//2008-9-18 14:28:4
675/600030/中信证券/16.500	211701	16.490	300	16.480	2700	16.450	11700	16.440	5500	16.510	1000	16.530	41700	16.540	85500	16.550	24300	16.560	6737	/16843460//1912125056/120608600/16.5/15.73//2008-9-18 14:29:4
675/600030/中信证券/16.480	113000	16.460	500	16.450	8800	16.440	9200	16.430	8000	16.500	23600	16.510	170600	16.520	7800	16.530	800	16.540	80191	/16843460//1920406528/121110304/16.5/15.73//2008-9-18 14:30:5
675/600030/中信证券/16.500	49100	16.490	6300	16.480	40500	16.460	500	16.450	8300	16.510	82700	16.520	10300	16.530	14700	16.540	83191	16.550	21900	/16843460//1927780224/121557304/16.51/15.73//2008-9-18 14:31:6
675/600030/中信证券/16.520	47300	16.510	36400	16.500	27565	16.490	43850	16.480	60600	16.540	73400	16.550	24799	16.560	3137	16.570	8000	16.580	133700	/16843460//1936353152/122076688/16.52/15.73//2008-9-18 14:32:6
675/600030/中信证券/16.560	700	16.550	36000	16.540	124901	16.530	34460	16.520	55200	16.570	24200	16.580	132900	16.590	44100	16.600	83370	16.610	1000	/16843460//1940105984/122303528/16.56/15.73//2008-9-18 14:33:7
675/600030/中信证券/16.590	86700	16.580	581100	16.570	61300	16.560	47500	16.550	47000	16.600	66072	16.610	1200	16.620	2000	16.630	10400	16.640	21200	/16843460//1944947072/122595528/16.6/15.73//2008-9-18 14:34:8
675/600030/中信证券/16.670	52000	16.660	37250	16.650	50850	16.640	33500	16.630	30900	16.680	3650	16.690	18400	16.700	67700	16.710	12300	16.720	17400	/16843460//1949831040/122889184/16.67/15.73//2008-9-18 14:35:8
675/600030/中信证券/16.690	12600	16.680	70900	16.670	45800	16.660	52650	16.650	48950	16.700	13589	16.710	700	16.720	100	16.730	1800	16.740	1000	/16843460//1963126784/123684880/16.7/15.73//2008-9-18 14:36:9
675/600030/中信证券/16.640	15300	16.630	16400	16.620	16000	16.610	51400	16.600	106800	16.680	94800	16.690	7700	16.700	127600	16.710	32149	16.720	11300	/16843460//1972517760/124247880/16.64/15.73//2008-9-18 14:37:10
675/600030/中信证券/16.620	6300	16.610	1600	16.600	95034	16.590	93700	16.580	570300	16.640	26100	16.650	125200	16.660	17900	16.670	99100	16.680	208460	/16843460//1976498432/124487152/16.62/15.73//2008-9-18 14:38:10
675/600030/中信证券/16.580	483026	16.570	26200	16.560	23200	16.550	40600	16.540	16700	16.590	85800	16.600	384876	16.610	4849	16.620	53516	16.630	3300	/16843460//1982525312/124850352/16.58/15.73//2008-9-18 14:39:11
675/600030/中信证券/16.550	12134	16.540	16300	16.530	8860	16.520	6100	16.510	86600	16.560	4600	16.570	3700	16.580	360500	16.590	135292	16.600	365676	/16843460//1992358912/125443552/16.55/15.73//2008-9-18 14:40:12
675/600030/中信证券/16.500	16409	16.490	300	16.480	8400	16.470	2100	16.460	3000	16.510	92149	16.520	16600	16.530	7502	16.540	4300	16.550	19200	/16843460//1997197952/125736400/16.5/15.73//2008-9-18 14:41:12
675/600030/中信证券/16.380	6930	16.370	5000	16.360	9800	16.350	4100	16.340	700	16.390	7200	16.400	41166	16.410	100	16.420	4000	16.430	1100	/16843460//2000315392/125925904/16.39/15.73//2008-9-18 14:42:13
675/600030/中信证券/16.370	2700	16.360	1500	16.350	4200	16.300	95634	16.280	110700	16.380	9699	16.390	38100	16.400	56713	16.410	8000	16.440	1500	/16843460//2007033728/126337256/16.38/15.73//2008-9-18 14:43:14
675/600030/中信证券/16.390	8035	16.380	2400	16.370	7600	16.360	1100	16.350	2200	16.400	21263	16.410	2500	16.420	3600	16.440	1500	16.450	53100	/16843460//2014341760/126784512/16.39/15.73//2008-9-18 14:44:14
675/600030/中信证券/16.410	2300	16.400	61834	16.390	39506	16.380	25200	16.370	6700	16.440	2700	16.450	56900	16.460	800	16.480	300	16.490	42900	/16843460//2016954240/126943808/16.44/15.73//2008-9-18 14:45:15
675/600030/中信证券/16.390	1940	16.380	24300	16.370	5400	16.360	11800	16.350	9300	16.400	67500	16.410	36100	16.420	24500	16.430	500	16.440	23600	/16843460//2020300928/127147840/16.4/15.73//2008-9-18 14:46:16
675/600030/中信证券/16.280	87774	16.260	2400	16.250	36500	16.240	5800	16.230	13700	16.300	23138	16.310	27300	16.320	17400	16.330	23966	16.340	25300	/16843460//2023474432/127341944/16.3/15.73//2008-9-18 14:47:16
675/600030/中信证券/16.230	1000	16.210	78834	16.200	61400	16.180	18600	16.170	2000	16.250	307930	16.260	33200	16.270	1100	16.280	146126	16.290	17400	/16843460//2032596864/127903184/16.25/15.73//2008-9-18 14:48:17
675/600030/中信证券/16.180	43786	16.170	4000	16.160	11800	16.150	180600	16.140	1000	16.200	18600	16.210	500	16.220	100	16.230	2345	16.240	700	/16843460//2053274880/129177632/16.2/15.73//2008-9-18 14:49:18
675/600030/中信证券/16.200	129068	16.190	700	16.180	72786	16.170	7900	16.160	18700	16.210	63830	16.220	500	16.230	1000	16.240	6200	16.250	69567	/16843460//2062419712/129741864/16.21/15.73//2008-9-18 14:50:18
675/600030/中信证券/16.220	3334	16.210	124722	16.200	15700	16.190	1100	16.180	53786	16.240	19550	16.250	78567	16.260	18400	16.270	1500	16.280	60100	/16843460//2072392448/130357080/16.23/15.73//2008-9-18 14:51:19
675/600030/中信证券/16.250	20683	16.240	100	16.230	31244	16.220	31300	16.210	113656	16.260	17200	16.270	2000	16.280	59400	16.290	11000	16.300	127432	/16843460//2076026752/130580848/16.25/15.73//2008-9-18 14:52:20
675/600030/中信证券/16.250	27334	16.240	2000	16.230	11578	16.220	47400	16.210	114956	16.260	63144	16.270	30800	16.280	61200	16.290	17900	16.300	138032	/16843460//2084225664/131085352/16.26/15.73//2008-9-18 14:53:21
675/600030/中信证券/16.240	100	16.220	51412	16.210	131756	16.200	152400	16.190	1600	16.250	157666	16.260	15710	16.270	42000	16.280	64300	16.290	44200	/16843460//2089944448/131437248/16.25/15.73//2008-9-18 14:54:21
675/600030/中信证券/16.250	9599	16.240	5200	16.230	300	16.220	47921	16.210	128956	16.270	9476	16.280	39000	16.290	46000	16.300	140688	16.310	26600	/16843460//2096512640/131841544/16.27/15.73//2008-9-18 14:55:22
675/600030/中信证券/16.240	59047	16.230	19900	16.220	81121	16.210	96600	16.200	188100	16.250	13341	16.260	11600	16.270	27376	16.280	48394	16.290	44400	/16843460//2102681984/132221392/16.24/15.73//2008-9-18 14:56:23
675/600030/中信证券/16.260	100	16.250	41900	16.240	28516	16.230	20300	16.220	89421	16.270	17276	16.280	66594	16.290	44300	16.300	139838	16.310	26300	/16843460//2109113600/132617224/16.25/15.73//2008-9-18 14:57:23
675/600030/中信证券/16.260	19870	16.250	67600	16.230	18219	16.220	83621	16.210	92900	16.270	13376	16.280	68994	16.290	47900	16.300	134238	16.310	26800	/16843460//2116327424/133061000/16.26/15.73//2008-9-18 14:58:24
675/600030/中信证券/16.250	2090	16.240	600	16.230	600	16.220	9220	16.210	92600	16.260	52170	16.270	28600	16.280	50720	16.290	52400	16.300	125038	/16843460//2123903360/133527200/16.25/15.73//2008-9-18 14:59:25
675/600030/中信证券/16.240	200	16.210	90620	16.200	150900	16.190	2300	16.180	14186	16.250	200	16.260	32562	16.270	5900	16.280	36156	16.290	75600	/16843460//2129621632/133879088/16.25/15.73//2008-9-18 15:0:26
675/600030/中信证券/16.240	200	16.210	90620	16.200	150900	16.190	2300	16.180	14186	16.250	200	16.260	32562	16.270	5900	16.280	36156	16.290	75600	/16843460//2129621632/133879088/16.25/15.73//2008-9-18 15:1:26
675/600030/中信证券/16.240	200	16.210	90620	16.200	150900	16.190	2300	16.180	14186	16.250	200	16.260	32562	16.270	5900	16.280	36156	16.290	75600	/16843460//2129621632/133879088/16.25/15.73//2008-9-18 15:2:27
