11/600018/上港集团/4.220	52200	4.190	7700	4.180	18800	4.170	7900	4.100	500	4.240	1500	4.250	5300	4.260	2000	4.270	300	4.280	1000	/16842764//1399870/340500/4.22/4.22//2008-9-18 9:31:34
11/600018/上港集团/4.260	4700	4.250	6400	4.190	1500	4.180	6400	4.170	1700	4.270	200	4.280	18810	4.290	8370	4.300	45500	4.310	1000	/16842764//2017714/485148/4.27/4.22//2008-9-18 9:32:35
11/600018/上港集团/4.170	1300	4.160	4000	4.110	4100	4.100	3000	4.090	9700	4.180	1300	4.200	3800	4.210	4500	4.220	800	4.240	7600	/16842764//2201682/528848/4.18/4.22//2008-9-18 9:33:35
11/600018/上港集团/4.110	5000	4.100	2600	4.090	10300	4.080	10800	4.060	18100	4.150	600	4.160	5500	4.170	1300	4.180	400	4.200	5000	/16842764//2310530/555048/4.15/4.22//2008-9-18 9:34:35
11/600018/上港集团/4.110	6600	4.100	2800	4.090	8600	4.080	8001	4.070	1600	4.150	16200	4.160	5500	4.170	300	4.180	900	4.190	5000	/16842764//2535717/609947/4.11/4.22//2008-9-18 9:35:35
11/600018/上港集团/4.110	600	4.100	14800	4.090	15200	4.080	11501	4.070	6500	4.140	1700	4.150	16000	4.160	5500	4.170	300	4.180	1700	/16842764//2581411/621047/4.11/4.22//2008-9-18 9:36:36
11/600018/上港集团/4.090	2000	4.080	3101	4.070	7500	4.060	27100	4.050	21000	4.100	4800	4.110	800	4.140	19200	4.150	10100	4.160	5500	/16842764//2880172/693847/4.08/4.22//2008-9-18 9:37:36
11/600018/上港集团/4.080	2000	4.070	11700	4.060	28600	4.050	28200	4.040	3800	4.090	7400	4.100	19300	4.110	48060	4.140	19200	4.150	8200	/16842764//3070842/740447/4.08/4.22//2008-9-18 9:38:36
11/600018/上港集团/4.090	82800	4.080	2200	4.070	5200	4.060	28700	4.050	25500	4.100	32300	4.110	48060	4.140	19200	4.150	8200	4.160	5600	/16842764//3421414/826347/4.09/4.22//2008-9-18 9:39:36
11/600018/上港集团/4.100	12700	4.090	48700	4.080	14300	4.070	15600	4.060	27400	4.110	6460	4.140	19200	4.150	9200	4.160	5600	4.170	300	/16842764//3888013/940147/4.11/4.22//2008-9-18 9:40:36
11/600018/上港集团/4.120	600	4.110	10100	4.100	28000	4.090	46900	4.080	9200	4.170	21000	4.180	11500	4.190	11000	4.200	18030	4.210	2100	/16842764//4131268/999007/4.11/4.22//2008-9-18 9:41:37
11/600018/上港集团/4.120	12700	4.110	30100	4.100	81600	4.090	46500	4.080	9300	4.160	7700	4.170	20000	4.180	14000	4.190	11000	4.200	24030	/16842764//4295283/1038707/4.16/4.22//2008-9-18 9:42:37
11/600018/上港集团/4.130	9000	4.120	12300	4.110	31000	4.100	93800	4.090	48500	4.150	53100	4.160	6400	4.170	22300	4.180	12500	4.190	11000	/16842764//4393711/1062507/4.15/4.22//2008-9-18 9:43:37
11/600018/上港集团/4.130	5400	4.120	15300	4.110	32600	4.100	98000	4.090	48000	4.150	56700	4.160	5300	4.170	22300	4.180	12500	4.190	11000	/16842764//4423484/1069707/4.14/4.22//2008-9-18 9:44:37
11/600018/上港集团/4.120	12400	4.110	42100	4.100	98900	4.090	48000	4.080	38500	4.130	17100	4.140	3000	4.150	58400	4.160	4500	4.170	22300	/16842764//4548171/1099907/4.12/4.22//2008-9-18 9:45:37
11/600018/上港集团/4.110	43500	4.100	100200	4.090	48000	4.080	42900	4.070	43800	4.120	3762	4.130	5100	4.140	2000	4.150	54600	4.160	4500	/16842764//4716436/1140707/4.12/4.22//2008-9-18 9:46:38
11/600018/上港集团/4.130	9200	4.120	15238	4.110	44100	4.100	53300	4.090	48000	4.140	1000	4.150	6100	4.160	4500	4.170	22300	4.180	16400	/16842764//4823014/1166469/4.13/4.22//2008-9-18 9:47:38
11/600018/上港集团/4.140	1100	4.130	9900	4.120	11638	4.110	44600	4.100	49200	4.150	6000	4.170	20600	4.180	16400	4.190	12000	4.200	70130	/16842764//4897323/1184369/4.14/4.22//2008-9-18 9:48:38
11/600018/上港集团/4.150	6900	4.140	1800	4.130	12400	4.120	11638	4.110	44600	4.160	23200	4.170	8400	4.180	16400	4.190	13000	4.200	70130	/16842764//5012176/1211969/4.16/4.22//2008-9-18 9:49:39
11/600018/上港集团/4.130	1600	4.120	16438	4.110	43600	4.100	55000	4.090	48700	4.140	66600	4.150	5000	4.160	22600	4.170	8400	4.180	16400	/16842764//5117721/1237469/4.14/4.22//2008-9-18 9:50:39
11/600018/上港集团/4.110	10100	4.100	28938	4.090	51300	4.080	47400	4.070	45600	4.120	8400	4.130	5700	4.140	66600	4.150	5000	4.160	22600	/16842764//5536143/1339269/4.12/4.22//2008-9-18 9:51:39
11/600018/上港集团/4.100	12938	4.090	51300	4.080	47400	4.070	45600	4.060	34000	4.110	6300	4.120	5600	4.130	5600	4.140	66600	4.150	7900	/16842764//5784005/1399669/4.1/4.22//2008-9-18 9:52:39
11/600018/上港集团/4.090	34500	4.080	47200	4.070	44100	4.060	35300	4.050	66600	4.100	16462	4.110	32423	4.120	9100	4.130	5600	4.140	66600	/16842764//5967252/1444407/4.1/4.22//2008-9-18 9:53:40
11/600018/上港集团/4.080	21000	4.070	32400	4.060	35500	4.050	67000	4.040	5500	4.090	18500	4.100	14062	4.110	7423	4.120	9100	4.130	16000	/16842764//6207568/1503207/4.08/4.22//2008-9-18 9:54:40
11/600018/上港集团/4.070	34600	4.060	36000	4.050	68000	4.040	7000	4.030	63000	4.080	10600	4.090	4100	4.100	15962	4.110	7423	4.120	4100	/16842764//6339746/1535607/4.08/4.22//2008-9-18 9:55:40
11/600018/上港集团/4.070	25499	4.060	42500	4.050	65200	4.040	7000	4.030	62600	4.080	5000	4.090	4100	4.100	19162	4.110	7423	4.120	4100	/16842764//6411483/1553208/4.07/4.22//2008-9-18 9:56:41
11/600018/上港集团/4.060	35499	4.050	70200	4.040	6500	4.030	65100	4.020	28400	4.070	3600	4.080	220000	4.090	4100	4.100	21162	4.110	7423	/16842764//6668357/1616308/4.06/4.22//2008-9-18 9:57:41
11/600018/上港集团/4.070	8100	4.060	30199	4.050	70300	4.040	9700	4.030	52200	4.080	214900	4.090	4100	4.100	21362	4.110	7423	4.120	4100	/16842764//6757888/1638308/4.07/4.22//2008-9-18 9:58:41
11/600018/上港集团/4.060	24199	4.050	70500	4.040	11700	4.030	62300	4.020	26900	4.070	1800	4.080	212700	4.090	4100	4.100	40362	4.110	7423	/16842764//6937821/1682508/4.07/4.22//2008-9-18 9:59:41
11/600018/上港集团/4.060	99	4.050	72100	4.040	12700	4.030	61300	4.020	27400	4.070	3500	4.080	209130	4.090	4100	4.100	40362	4.110	2423	/16842764//7073480/1715908/4.06/4.22//2008-9-18 10:0:42
11/600018/上港集团/4.050	41499	4.040	14200	4.030	61800	4.020	30300	4.010	57600	4.060	15800	4.070	4700	4.080	212030	4.090	4100	4.100	42362	/16842764//7298461/1771408/4.06/4.22//2008-9-18 10:1:42
11/600018/上港集团/4.050	8100	4.040	5400	4.030	57100	4.020	49200	4.010	57100	4.060	16000	4.070	4700	4.080	212030	4.090	4100	4.100	41862	/16842764//7560817/1836207/4.05/4.05//2008-9-18 10:2:42
11/600018/上港集团/4.030	28100	4.020	39200	4.010	67700	4.000	165000	3.990	9700	4.040	16200	4.050	30423	4.060	19400	4.070	4300	4.080	212030	/16842764//7811526/1898307/4.03/4.05//2008-9-18 10:3:42
11/600018/上港集团/4.010	68900	4.000	177300	3.990	10700	3.980	82600	3.970	1200	4.020	29870	4.030	17700	4.040	9500	4.050	30923	4.060	23000	/16842764//8138742/1979607/4.01/4.05//2008-9-18 10:4:43
11/600018/上港集团/4.000	165700	3.990	15700	3.980	83300	3.970	3200	3.960	2100	4.010	49581	4.020	74832	4.030	48200	4.040	9500	4.050	28100	/16842764//8581013/2089907/4.01/4.05//2008-9-18 10:5:43
11/600018/上港集团/3.990	6700	3.980	84800	3.970	3400	3.960	3200	3.950	44600	4.000	87000	4.010	20281	4.020	75132	4.030	36100	4.040	9500	/16842764//9515207/2323407/4.0/4.05//2008-9-18 10:6:43
11/600018/上港集团/3.960	3100	3.950	46500	3.940	500	3.930	3300	3.920	15000	3.970	900	3.980	58700	3.990	56800	4.000	101700	4.010	15181	/16842764//10008968/2447407/3.97/4.05//2008-9-18 10:7:44
11/600018/上港集团/3.970	8200	3.960	20100	3.950	67400	3.940	2500	3.930	3300	3.980	4000	3.990	55200	4.000	75400	4.010	14181	4.020	72032	/16842764//10301290/2520907/3.98/4.05//2008-9-18 10:8:44
11/600018/上港集团/3.980	5200	3.970	11100	3.960	29000	3.950	71600	3.940	5000	3.990	24200	4.000	73500	4.010	9900	4.020	72032	4.030	25600	/16842764//10696341/2620107/3.99/4.05//2008-9-18 10:9:44
11/600018/上港集团/3.990	20500	3.980	10099	3.970	21200	3.960	27600	3.950	78700	4.000	66367	4.010	9600	4.020	72032	4.030	26100	4.040	10500	/16842764//10889741/2668608/4.0/4.05//2008-9-18 10:10:44
11/600018/上港集团/3.990	28500	3.980	73599	3.970	23500	3.960	27200	3.950	81700	4.000	55667	4.010	9600	4.020	72032	4.030	24100	4.040	9500	/16842764//11207468/2748208/3.99/4.05//2008-9-18 10:11:45
11/600018/上港集团/4.000	79483	3.990	43100	3.980	122599	3.970	22000	3.960	29900	4.010	2400	4.020	72032	4.030	24100	4.040	11600	4.050	52800	/16842764//11548326/2833425/4.01/4.05//2008-9-18 10:12:45
11/600018/上港集团/4.010	16000	4.000	43264	3.990	56200	3.980	131199	3.970	25400	4.020	46532	4.030	24100	4.040	11600	4.050	52800	4.060	25600	/16842764//11821960/2901644/4.01/4.05//2008-9-18 10:13:45
11/600018/上港集团/4.010	14500	4.000	42164	3.990	55900	3.980	131499	3.970	28400	4.020	44282	4.030	23100	4.040	11600	4.050	52800	4.060	27300	/16842764//11933864/2929544/4.01/4.05//2008-9-18 10:14:46
11/600018/上港集团/3.990	58300	3.980	130599	3.970	25900	3.960	23600	3.950	81300	4.000	42136	4.010	12300	4.020	8282	4.030	23100	4.040	11600	/16842764//12539053/3080608/4.0/4.05//2008-9-18 10:15:46
11/600018/上港集团/3.990	58400	3.980	93499	3.970	25900	3.960	23700	3.950	84500	4.000	22536	4.010	11800	4.020	9382	4.030	23100	4.040	11600	/16842764//12652643/3109008/4.0/4.05//2008-9-18 10:16:46
11/600018/上港集团/4.010	1400	4.000	84264	3.990	59000	3.980	94499	3.970	25600	4.020	12482	4.030	22600	4.040	11600	4.050	53800	4.060	24600	/16842764//12803266/3146644/4.0/4.05//2008-9-18 10:17:47
11/600018/上港集团/4.010	12400	4.000	96364	3.990	59000	3.980	94699	3.970	46500	4.020	1500	4.030	22500	4.040	8600	4.050	53800	4.060	24600	/16842764//12862714/3161444/4.02/4.05//2008-9-18 10:18:47
11/600018/上港集团/4.040	200	4.030	22300	4.020	8500	4.010	27600	4.000	104764	4.060	6300	4.070	2800	4.080	7300	4.090	3800	4.100	46362	/16842764//13331730/3277444/4.04/4.05//2008-9-18 10:19:47
11/600018/上港集团/4.060	6000	4.050	4400	4.040	500	4.030	5000	4.020	6800	4.100	10162	4.110	1500	4.120	8400	4.130	19500	4.140	1000	/16842764//13821414/3397744/4.1/4.05//2008-9-18 10:20:48
11/600018/上港集团/4.070	400	4.050	20000	4.030	500	4.020	32638	4.010	73300	4.090	3300	4.100	25900	4.110	13800	4.120	10000	4.130	19500	/16842764//14162651/3481606/4.07/4.05//2008-9-18 10:21:48
11/600018/上港集团/4.030	13900	4.020	40038	4.010	76300	4.000	133364	3.990	47200	4.080	8000	4.090	24400	4.100	47500	4.110	45650	4.120	11500	/16842764//14296336/3514606/4.03/4.05//2008-9-18 10:22:48
11/600018/上港集团/4.020	20701	4.010	76300	4.000	127064	3.990	47500	3.980	110499	4.030	1000	4.070	1500	4.080	12800	4.090	34650	4.100	49800	/16842764//14447481/3552143/4.03/4.05//2008-9-18 10:23:48
11/600018/上港集团/4.050	16000	4.030	2000	4.010	71814	4.000	138164	3.990	47800	4.060	1500	4.070	14200	4.080	10700	4.090	38650	4.100	44100	/16842764//14599853/3590030/4.03/4.05//2008-9-18 10:24:49
11/600018/上港集团/4.020	44963	4.010	36214	4.000	138164	3.990	47800	3.980	117699	4.030	19600	4.050	1300	4.070	14200	4.080	10700	4.090	26650	/16842764//14777403/3634067/4.03/4.05//2008-9-18 10:25:49
11/600018/上港集团/4.020	21976	4.010	37914	4.000	138264	3.990	52200	3.980	118899	4.030	18698	4.050	2300	4.060	4100	4.070	14200	4.080	10700	/16842764//14893151/3662854/4.03/4.05//2008-9-18 10:26:49
11/600018/上港集团/4.020	19200	4.010	31703	4.000	131264	3.990	51200	3.980	149499	4.030	14898	4.050	2300	4.060	4100	4.070	14200	4.080	20700	/16842764//15104150/3715341/4.02/4.05//2008-9-18 10:27:50
11/600018/上港集团/4.010	17866	4.000	140964	3.990	51200	3.980	150899	3.970	46300	4.020	500	4.030	45298	4.050	12500	4.060	4100	4.070	4600	/16842764//15299657/3764028/4.01/4.05//2008-9-18 10:28:50
11/600018/上港集团/4.000	146843	3.990	51100	3.980	135899	3.970	47600	3.960	20600	4.010	6900	4.020	100	4.030	51698	4.050	13000	4.060	4100	/16842764//15380367/3784165/4.01/4.05//2008-9-18 10:29:50
11/600018/上港集团/4.000	119300	3.990	51100	3.980	135899	3.970	47400	3.960	22300	4.010	300	4.020	10200	4.030	51698	4.050	6700	4.060	4100	/16842764//15570361/3831608/4.0/4.05//2008-9-18 10:30:51
11/600018/上港集团/4.010	100	4.000	88257	3.990	51100	3.980	136499	3.970	47400	4.020	10790	4.030	51998	4.050	6700	4.060	4100	4.070	3100	/16842764//15821573/3894404/4.0/4.05//2008-9-18 10:31:51
11/600018/上港集团/4.000	39114	3.990	52100	3.980	137999	3.970	55000	3.960	39600	4.010	700	4.020	7690	4.030	51998	4.050	6700	4.060	4100	/16842764//16075313/3957794/4.0/4.05//2008-9-18 10:32:51
11/600018/上港集团/3.990	53300	3.980	141199	3.970	81400	3.960	41000	3.950	93900	4.000	2529	4.010	1000	4.020	11690	4.030	50698	4.050	6700	/16842764//16296892/4013179/4.0/4.05//2008-9-18 10:33:52
11/600018/上港集团/3.990	30428	3.980	145099	3.970	81400	3.960	41900	3.950	96900	4.000	6900	4.010	700	4.020	12290	4.030	44298	4.050	5700	/16842764//16434983/4047780/4.0/4.05//2008-9-18 10:34:52
11/600018/上港集团/3.990	10585	3.980	143599	3.970	81400	3.960	42100	3.950	96900	4.000	42833	4.010	900	4.020	12290	4.030	44298	4.050	5700	/16842764//16620855/4094323/3.99/4.05//2008-9-18 10:35:52
11/600018/上港集团/3.990	9847	3.980	137994	3.970	81400	3.960	47600	3.950	96900	4.000	35633	4.010	2900	4.020	12290	4.030	44298	4.050	5700	/16842764//16810296/4141766/3.99/4.05//2008-9-18 10:36:53
11/600018/上港集团/3.980	128898	3.970	82700	3.960	47600	3.950	96900	3.940	11000	3.990	600	4.000	21733	4.010	4900	4.020	13290	4.030	44298	/16842764//17030316/4196909/3.98/4.05//2008-9-18 10:37:53
11/600018/上港集团/3.990	2800	3.980	116655	3.970	83400	3.960	47900	3.950	98100	4.000	26633	4.010	5300	4.020	13290	4.030	144298	4.050	5700	/16842764//17167878/4231452/3.98/4.05//2008-9-18 10:38:53
11/600018/上港集团/3.980	100612	3.970	83400	3.960	49000	3.950	106100	3.940	12000	3.990	800	4.000	22733	4.010	6300	4.020	13290	4.030	144598	/16842764//17294400/4263195/3.98/4.05//2008-9-18 10:39:54
11/600018/上港集团/3.980	110722	3.970	83500	3.960	51800	3.950	106600	3.940	12500	3.990	853	4.000	22133	4.010	3300	4.020	15290	4.030	144598	/16842764//17417338/4294032/3.99/4.05//2008-9-18 10:40:54
11/600018/上港集团/3.990	4194	3.980	110032	3.970	84500	3.960	52400	3.950	108700	4.000	32433	4.010	3300	4.020	15290	4.030	144598	4.050	10700	/16842764//17604440/4340981/3.99/4.05//2008-9-18 10:41:54
11/600018/上港集团/3.980	57789	3.970	114500	3.960	54200	3.950	115400	3.940	12500	3.990	4106	4.000	19133	4.010	5900	4.020	8490	4.030	144598	/16842764//17865390/4406518/3.98/4.05//2008-9-18 10:42:55
11/600018/上港集团/3.980	35546	3.970	117900	3.960	55200	3.950	115100	3.940	12500	3.990	2300	4.000	20239	4.010	5900	4.020	8990	4.030	144598	/16842764//18041976/4450861/3.99/4.05//2008-9-18 10:43:55
11/600018/上港集团/3.970	119703	3.960	58200	3.950	111200	3.940	12800	3.930	8800	3.980	400	3.990	2300	4.000	48239	4.010	5900	4.020	11790	/16842764//18214510/4494204/3.98/4.05//2008-9-18 10:44:56
11/600018/上港集团/3.980	3147	3.970	94913	3.960	57100	3.950	111200	3.940	13800	3.990	5800	4.000	81739	4.010	5500	4.020	13790	4.030	144598	/16842764//18436454/4550047/3.98/4.05//2008-9-18 10:45:56
11/600018/上港集团/3.960	40770	3.950	112400	3.940	14800	3.930	9000	3.920	19200	3.970	7300	3.980	26253	3.990	8300	4.000	82839	4.010	5500	/16842764//19041564/4702537/3.96/4.05//2008-9-18 10:46:56
11/600018/上港集团/3.940	11500	3.930	9300	3.920	19200	3.910	9900	3.900	89100	3.950	47453	3.960	21020	3.970	4500	3.980	22000	3.990	2200	/16842764//19572426/4836907/3.94/4.05//2008-9-18 10:47:57
11/600018/上港集团/3.910	7747	3.900	87300	3.890	6900	3.880	75300	3.860	1000	3.920	87800	3.940	14543	3.950	42548	3.960	20720	3.970	5500	/16842764//19782428/4890360/3.91/4.05//2008-9-18 10:48:57
11/600018/上港集团/3.890	8400	3.880	76500	3.860	10000	3.850	44000	3.840	800	3.900	22139	3.910	2500	3.920	37400	3.930	600	3.940	4800	/16842764//20251306/5010507/3.9/4.05//2008-9-18 10:49:57
11/600018/上港集团/3.880	17467	3.870	1000	3.860	3000	3.850	48600	3.840	800	3.890	3900	3.900	33500	3.910	1000	3.920	36400	3.930	1600	/16842764//20598650/5099940/3.89/4.05//2008-9-18 10:50:58
11/600018/上港集团/3.860	200	3.850	28924	3.840	2800	3.830	12300	3.820	9400	3.880	9300	3.890	1300	3.900	700	3.910	21000	3.920	26400	/16842764//20954374/5191883/3.88/4.05//2008-9-18 10:51:58
11/600018/上港集团/3.850	2200	3.840	2500	3.830	11081	3.820	17600	3.810	103600	3.860	3800	3.880	13300	3.890	1700	3.900	6000	3.910	21000	/16842764//21287210/5278326/3.85/4.05//2008-9-18 10:52:58
11/600018/上港集团/3.820	10438	3.810	109400	3.800	441800	0.000	0	0.000	0	3.830	6000	3.840	33190	3.850	3000	3.860	11300	3.880	7300	/16842764//21502288/5334469/3.82/4.05//2008-9-18 10:53:59
11/600018/上港集团/3.810	80010	3.800	509000	0.000	0	0.000	0	0.000	0	3.820	78115	3.830	19100	3.840	32690	3.850	3000	3.860	11300	/16842764//21815166/5416497/3.81/4.05//2008-9-18 10:54:59
11/600018/上港集团/3.810	61467	3.800	561400	0.000	0	0.000	0	0.000	0	3.820	50515	3.830	14500	3.840	32690	3.850	3000	3.860	10600	/16842764//22121964/5496940/3.82/4.05//2008-9-18 10:56:0
11/600018/上港集团/3.810	700	3.800	625621	0.000	0	0.000	0	0.000	0	3.820	29915	3.830	11600	3.840	2690	3.850	24689	3.860	10600	/16842764//22565806/5613386/3.81/4.05//2008-9-18 10:57:0
11/600018/上港集团/3.800	695587	0.000	0	0.000	0	0.000	0	0.000	0	3.810	5253	3.820	16915	3.830	11600	3.840	2690	3.850	32989	/16842764//22991372/5725120/3.81/4.05//2008-9-18 10:58:0
11/600018/上港集团/3.810	48147	3.800	600281	0.000	0	0.000	0	0.000	0	3.820	11515	3.830	11600	3.840	2690	3.850	33189	3.860	10000	/16842764//23717434/5916079/3.82/4.05//2008-9-18 10:59:1
11/600018/上港集团/3.820	100	3.810	35126	3.800	605381	0.000	0	0.000	0	3.830	11300	3.840	2690	3.850	33189	3.860	12000	3.880	7800	/16842764//23979118/5984700/3.82/4.05//2008-9-18 11:0:1
11/600018/上港集团/3.820	947	3.810	59973	3.800	621581	0.000	0	0.000	0	3.830	4800	3.840	2690	3.850	34189	3.860	12000	3.880	7800	/16842764//24130012/6024206/3.82/4.05//2008-9-18 11:1:2
11/600018/上港集团/3.810	85614	3.800	630781	0.000	0	0.000	0	0.000	0	3.820	1600	3.830	2100	3.840	2490	3.850	34189	3.860	12000	/16842764//24277006/6062712/3.82/4.05//2008-9-18 11:2:2
11/600018/上港集团/3.830	2400	3.820	12647	3.810	96861	3.800	652281	0.000	0	3.840	2490	3.850	34189	3.860	12000	3.880	7800	3.890	700	/16842764//24366832/6086218/3.83/4.05//2008-9-18 11:3:2
11/600018/上港集团/3.840	8810	3.820	9241	3.810	116861	3.800	646381	0.000	0	3.850	34479	3.860	12000	3.880	7800	3.890	3500	3.900	1200	/16842764//24475460/6114614/3.84/4.05//2008-9-18 11:4:3
11/600018/上港集团/3.840	4100	3.830	3700	3.820	45688	3.810	155861	3.800	618581	3.850	7379	3.860	12000	3.880	7800	3.890	10700	3.900	4700	/16842764//24667630/6164620/3.84/4.05//2008-9-18 11:5:3
11/600018/上港集团/3.830	1000	3.820	92382	3.810	162761	3.800	638281	0.000	0	3.840	500	3.850	7379	3.860	12000	3.880	7800	3.890	8000	/16842764//24889040/6222479/3.82/4.05//2008-9-18 11:6:4
11/600018/上港集团/3.830	7194	3.820	135782	3.810	160561	3.800	639681	0.000	0	3.850	5079	3.860	12000	3.880	7800	3.890	300	3.900	4700	/16842764//24906634/6227032/3.83/4.05//2008-9-18 11:7:4
11/600018/上港集团/3.850	115568	3.840	600	3.830	72141	3.820	147082	3.810	167561	3.860	12000	3.880	8800	3.890	300	3.900	7500	3.910	1000	/16842764//25012996/6254717/3.85/4.05//2008-9-18 11:8:4
11/600018/上港集团/3.860	97247	3.850	108315	3.830	74141	3.820	163182	3.810	161661	3.880	1300	3.890	600	3.900	7000	3.910	1500	3.920	15700	/16842764//25165382/6294223/3.87/4.05//2008-9-18 11:9:5
11/600018/上港集团/3.880	3100	3.870	3699	3.860	96947	3.850	104815	3.830	40041	3.900	4000	3.910	5600	3.920	11700	3.930	2600	3.950	34053	/16842764//25261984/6319124/3.88/4.05//2008-9-18 11:10:5
11/600018/上港集团/3.860	84140	3.850	106915	3.830	44341	3.820	156982	3.810	163461	3.880	2200	3.900	12350	3.910	7100	3.920	11700	3.930	1600	/16842764//25383630/6350530/3.88/4.05//2008-9-18 11:11:6
11/600018/上港集团/3.860	58587	3.850	110515	3.830	47341	3.820	143982	3.810	165161	3.870	700	3.880	3553	3.890	4100	3.900	19150	3.910	9100	/16842764//25542092/6391483/3.86/4.05//2008-9-18 11:12:6
11/600018/上港集团/3.830	41688	3.820	91982	3.810	166061	3.800	666481	0.000	0	3.850	30651	3.860	7900	3.880	18753	3.890	4700	3.900	14550	/16842764//26262416/6578438/3.85/4.05//2008-9-18 11:13:7
11/600018/上港集团/3.850	3200	3.810	7247	3.800	529159	0.000	0	0.000	0	3.860	3000	3.870	4200	3.880	19753	3.890	24700	3.900	14550	/16842764//28092834/7058744/3.85/4.05//2008-9-18 11:14:7
11/600018/上港集团/3.810	15017	3.800	516402	0.000	0	0.000	0	0.000	0	3.850	87100	3.860	19100	3.870	1500	3.880	19753	3.890	24700	/16842764//28276146/7106831/3.81/4.05//2008-9-18 11:15:7
11/600018/上港集团/3.810	35217	3.800	610502	0.000	0	0.000	0	0.000	0	3.820	11200	3.830	800	3.840	10400	3.850	86100	3.860	4100	/16842764//28315160/7117031/3.82/4.05//2008-9-18 11:16:8
11/600018/上港集团/3.820	600	3.810	33017	3.800	640802	0.000	0	0.000	0	3.830	3600	3.840	6700	3.850	86100	3.860	4100	3.870	1500	/16842764//28444486/7150931/3.81/4.05//2008-9-18 11:17:8
11/600018/上港集团/3.810	57117	3.800	653302	0.000	0	0.000	0	0.000	0	3.820	6800	3.840	6700	3.850	86100	3.860	4100	3.870	1500	/16842764//28512568/7168731/3.82/4.05//2008-9-18 11:18:9
11/600018/上港集团/3.810	51317	3.800	687102	0.000	0	0.000	0	0.000	0	3.820	2900	3.840	6700	3.850	84600	3.860	4100	3.870	1500	/16842764//28622780/7197631/3.82/4.05//2008-9-18 11:19:9
11/600018/上港集团/3.820	13000	3.810	49517	3.800	712302	0.000	0	0.000	0	3.840	5800	3.850	84600	3.860	4500	3.870	1500	3.880	24953	/16842764//28688884/7214931/3.84/4.05//2008-9-18 11:20:10
11/600018/上港集团/3.820	3000	3.810	57717	3.800	752002	0.000	0	0.000	0	3.840	3600	3.850	79600	3.860	4500	3.870	4300	3.880	21953	/16842764//28821330/7249531/3.84/4.05//2008-9-18 11:21:10
11/600018/上港集团/3.820	12200	3.810	61317	3.800	753902	0.000	0	0.000	0	3.830	200	3.840	5200	3.850	79600	3.860	4500	3.870	4300	/16842764//28810262/7246631/3.83/4.05//2008-9-18 11:22:10
11/600018/上港集团/3.830	1700	3.820	18200	3.810	62617	3.800	737602	0.000	0	3.840	8200	3.850	79600	3.860	4500	3.870	4300	3.880	23353	/16842764//28857370/7258931/3.83/4.05//2008-9-18 11:23:11
11/600018/上港集团/3.820	16900	3.810	59817	3.800	734702	0.000	0	0.000	0	3.830	12700	3.840	8200	3.850	59600	3.860	4500	3.870	4300	/16842764//28879942/7264831/3.83/4.05//2008-9-18 11:24:11
11/600018/上港集团/3.820	14900	3.810	74517	3.800	717302	0.000	0	0.000	0	3.830	10600	3.840	3500	3.850	59600	3.860	4500	3.870	4300	/16842764//28900222/7270131/3.82/4.05//2008-9-18 11:25:12
11/600018/上港集团/3.820	4700	3.810	80217	3.800	729602	0.000	0	0.000	0	3.830	6500	3.840	5000	3.850	59600	3.860	4500	3.870	4300	/16842764//28962528/7286431/3.83/4.05//2008-9-18 11:26:12
11/600018/上港集团/3.810	81917	3.800	722002	0.000	0	0.000	0	0.000	0	3.820	1700	3.830	13900	3.840	5700	3.850	59600	3.860	4500	/16842764//29039708/7306631/3.82/4.05//2008-9-18 11:27:13
11/600018/上港集团/3.810	65117	3.800	718602	0.000	0	0.000	0	0.000	0	3.820	10000	3.830	25400	3.840	4700	3.850	59600	3.860	4500	/16842764//29148722/7335231/3.81/4.05//2008-9-18 11:28:13
11/600018/上港集团/3.810	75217	3.800	714602	0.000	0	0.000	0	0.000	0	3.830	20500	3.840	4000	3.850	59600	3.860	4500	3.870	1000	/16842764//29235354/7357931/3.82/4.05//2008-9-18 11:29:14
11/600018/上港集团/3.810	54117	3.800	711802	0.000	0	0.000	0	0.000	0	3.820	4600	3.830	20500	3.840	4000	3.850	20600	3.860	4500	/16842764//29329090/7382531/3.81/4.05//2008-9-18 11:30:14
11/600018/上港集团/3.810	54117	3.800	711802	0.000	0	0.000	0	0.000	0	3.820	4600	3.830	20500	3.840	4000	3.850	20600	3.860	4500	/16842764//29329090/7382531/3.81/4.05//2008-9-18 11:31:15
11/600018/上港集团/3.820	23600	3.810	100918	3.800	713402	0.000	0	0.000	0	3.830	1500	3.840	4000	3.850	27700	3.860	5500	3.870	1000	/16842764//30127108/7591430/3.83/4.05//2008-9-18 13:1:15
11/600018/上港集团/3.820	650	3.810	114018	3.800	715702	0.000	0	0.000	0	3.830	100	3.840	4000	3.850	27700	3.860	5500	3.870	1000	/16842764//30349286/7649580/3.82/4.05//2008-9-18 13:2:16
11/600018/上港集团/3.820	18150	3.810	114518	3.800	714202	0.000	0	0.000	0	3.850	31200	3.860	5500	3.870	1000	3.880	22353	3.890	13600	/16842764//30378526/7657180/3.82/4.05//2008-9-18 13:3:16
11/600018/上港集团/3.830	300	3.820	22050	3.810	114518	3.800	710402	0.000	0	3.840	2300	3.850	34500	3.860	10500	3.870	1000	3.880	22353	/16842764//30407076/7664580/3.82/4.05//2008-9-18 13:4:17
11/600018/上港集团/3.820	36850	3.810	118618	3.800	730702	0.000	0	0.000	0	3.830	400	3.840	1300	3.850	34500	3.860	10500	3.870	4400	/16842764//30477120/7682880/3.83/4.05//2008-9-18 13:5:17
11/600018/上港集团/3.830	300	3.820	32350	3.810	115118	3.800	735702	0.000	0	3.840	1700	3.850	35100	3.860	10500	3.870	14400	3.880	23353	/16842764//30560136/7704580/3.83/4.05//2008-9-18 13:6:18
11/600018/上港集团/3.830	12500	3.820	33550	3.810	117518	3.800	740302	0.000	0	3.840	1200	3.850	38200	3.860	10500	3.870	14400	3.880	23353	/16842764//30578926/7709480/3.83/4.05//2008-9-18 13:7:18
11/600018/上港集团/3.840	1200	3.830	10400	3.820	15550	3.810	122518	3.800	742102	3.850	36200	3.860	10500	3.870	13400	3.880	33353	3.890	13600	/16842764//30604232/7716080/3.84/4.05//2008-9-18 13:8:19
11/600018/上港集团/3.830	9900	3.820	16850	3.810	125718	3.800	749602	0.000	0	3.840	5900	3.850	40800	3.860	10800	3.870	13400	3.880	33353	/16842764//30651432/7728380/3.83/4.05//2008-9-18 13:9:19
11/600018/上港集团/3.850	5800	3.830	300	3.810	106468	3.800	752202	0.000	0	3.860	15800	3.870	13400	3.880	33353	3.890	13600	3.900	100250	/16842764//31045526/7831180/3.85/4.05//2008-9-18 13:10:20
11/600018/上港集团/3.900	17600	3.870	17297	3.860	3000	3.850	4900	3.840	2500	3.910	7400	3.920	15300	3.930	12600	3.940	3460	3.950	21709	/16842764//31900942/8051083/3.87/4.05//2008-9-18 13:11:20
11/600018/上港集团/3.870	17597	3.860	3000	3.850	4900	3.840	2900	3.830	3200	3.880	11500	3.890	2100	3.900	6100	3.910	36600	3.920	20500	/16842764//32000634/8076683/3.88/4.05//2008-9-18 13:12:21
11/600018/上港集团/3.870	16097	3.860	3000	3.850	4800	3.840	2500	3.830	4000	3.880	3000	3.890	950	3.900	38500	3.910	37600	3.920	19800	/16842764//32100408/8102383/3.88/4.05//2008-9-18 13:13:21
11/600018/上港集团/3.860	4500	3.850	7900	3.840	2500	3.830	49100	3.820	39900	3.870	44803	3.880	4900	3.890	450	3.900	59800	3.910	37600	/16842764//32226570/8134980/3.87/4.05//2008-9-18 13:14:22
11/600018/上港集团/3.870	6000	3.860	100	3.850	700	3.830	29100	3.820	39900	3.880	6303	3.890	1450	3.900	63800	3.910	37100	3.920	22400	/16842764//32607724/8233780/3.88/4.05//2008-9-18 13:15:22
11/600018/上港集团/3.870	19500	3.860	1500	3.850	1700	3.840	1000	3.830	34500	3.880	2000	3.890	703	3.900	52300	3.910	37100	3.920	22900	/16842764//32734972/8266580/3.87/4.05//2008-9-18 13:16:23
11/600018/上港集团/3.850	1700	3.840	2500	3.830	44500	3.820	42100	3.810	125568	3.870	32700	3.880	5300	3.890	9203	3.900	55500	3.910	37100	/16842764//32859556/8298780/3.86/4.05//2008-9-18 13:17:23
11/600018/上港集团/3.860	128600	3.850	300	3.840	13800	3.830	35700	3.820	46800	3.870	11800	3.880	3600	3.890	10603	3.900	55700	3.910	37100	/16842764//33013376/8338580/3.86/4.05//2008-9-18 13:18:24
11/600018/上港集团/3.860	125200	3.850	1300	3.840	15000	3.830	34700	3.820	49400	3.870	3100	3.880	4800	3.890	12603	3.900	55600	3.910	32100	/16842764//33082608/8356480/3.86/4.05//2008-9-18 13:19:24
11/600018/上港集团/3.870	8100	3.860	115800	3.850	2000	3.840	15000	3.830	35000	3.890	2603	3.900	54600	3.910	32500	3.920	22900	3.930	11600	/16842764//33201126/8387080/3.88/4.05//2008-9-18 13:20:25
11/600018/上港集团/3.870	5500	3.860	115800	3.850	7900	3.840	15000	3.830	35000	3.880	1100	3.890	9203	3.900	49900	3.910	32100	3.920	22900	/16842764//33275830/8406380/3.88/4.05//2008-9-18 13:21:25
11/600018/上港集团/3.890	17800	3.880	1500	3.870	7600	3.860	121600	3.850	7900	3.900	43103	3.910	31100	3.920	22900	3.930	11600	3.940	5260	/16842764//33383118/8433980/3.89/4.05//2008-9-18 13:22:26
11/600018/上港集团/3.900	128500	3.890	16100	3.880	900	3.870	18600	3.860	122800	3.910	15800	3.920	21400	3.930	11600	3.940	5760	3.950	22709	/16842764//33603100/8490383/3.91/4.05//2008-9-18 13:23:26
11/600018/上港集团/3.910	600	3.900	128933	3.890	16200	3.880	1700	3.870	18600	3.920	18100	3.930	21600	3.940	6760	3.950	24209	3.960	6400	/16842764//33782176/8536250/3.91/4.05//2008-9-18 13:24:27
11/600018/上港集团/3.910	12400	3.900	128833	3.890	16200	3.880	7200	3.870	18000	3.920	18600	3.930	21600	3.940	6360	3.950	24709	3.960	5900	/16842764//33849440/8553450/3.91/4.05//2008-9-18 13:25:27
11/600018/上港集团/3.920	147500	3.910	17000	3.900	128633	3.890	600	3.880	1200	3.930	2900	3.940	4860	3.950	22809	3.960	5800	3.970	3600	/16842764//34073100/8610450/3.92/4.05//2008-9-18 13:26:28
11/600018/上港集团/3.930	12800	3.920	137300	3.910	17000	3.900	128633	3.890	600	3.940	17360	3.950	17809	3.960	5800	3.970	3600	3.980	13700	/16842764//34122612/8623050/3.93/4.05//2008-9-18 13:27:28
11/600018/上港集团/3.920	3900	3.910	14900	3.900	177733	3.890	500	3.880	1600	3.930	12000	3.940	16660	3.950	17709	3.960	3300	3.970	4600	/16842764//34195724/8641650/3.93/4.05//2008-9-18 13:28:29
11/600018/上港集团/3.910	7401	3.900	179733	3.890	500	3.880	800	3.870	17400	3.920	2500	3.930	7200	3.940	17660	3.950	17209	3.960	4300	/16842764//34409888/8696249/3.92/4.05//2008-9-18 13:29:29
11/600018/上港集团/3.910	6201	3.900	181133	3.890	500	3.880	800	3.870	17400	3.920	600	3.940	11260	3.950	21409	3.960	4300	3.970	4700	/16842764//34560508/8734649/3.91/4.05//2008-9-18 13:30:30
11/600018/上港集团/3.920	14200	3.910	10700	3.900	180333	3.890	500	3.880	800	3.950	3769	3.960	6400	3.970	5700	3.980	11700	3.990	17800	/16842764//34737000/8779449/3.92/4.05//2008-9-18 13:31:30
11/600018/上港集团/3.950	4400	3.940	5000	3.930	1000	3.920	5800	3.910	23000	3.970	4600	3.980	9269	3.990	37900	4.000	145988	4.010	4700	/16842764//34869676/8812949/3.97/4.05//2008-9-18 13:32:31
11/600018/上港集团/3.970	5100	3.960	1100	3.950	4400	3.940	7000	3.930	26600	3.980	200	3.990	28769	4.000	159388	4.010	4700	4.020	10790	/16842764//35132380/8878949/3.99/4.05//2008-9-18 13:33:31
11/600018/上港集团/3.980	500	3.970	2600	3.960	1100	3.950	7400	3.940	9100	3.990	20969	4.000	160888	4.010	4700	4.020	10790	4.030	12300	/16842764//35240016/8905949/3.99/4.05//2008-9-18 13:34:32
11/600018/上港集团/3.950	2000	3.940	17880	3.930	28100	3.920	3400	3.910	22300	3.970	12600	3.980	300	3.990	17869	4.000	157938	4.010	7700	/16842764//35417356/8950569/3.97/4.05//2008-9-18 13:35:32
11/600018/上港集团/3.940	15380	3.930	28700	3.920	3900	3.910	16800	3.900	180833	3.950	31720	3.970	6400	3.980	6500	3.990	22769	4.000	148038	/16842764//35571292/8989469/3.95/4.05//2008-9-18 13:36:33
11/600018/上港集团/3.930	6860	3.920	10900	3.910	16800	3.900	181533	3.890	500	3.940	3100	3.950	19020	3.970	500	3.980	11500	3.990	24469	/16842764//35779632/9042389/3.94/4.05//2008-9-18 13:37:34
11/600018/上港集团/3.940	3400	3.930	13700	3.920	21640	3.910	42400	3.900	188533	3.950	19320	3.970	500	3.980	4500	3.990	25969	4.000	150538	/16842764//35899252/9072809/3.94/4.05//2008-9-18 13:38:34
11/600018/上港集团/3.940	1200	3.920	19020	3.910	53900	3.900	193833	3.890	700	3.950	16420	3.970	5900	3.980	1800	3.990	28069	4.000	151538	/16842764//36031888/9106529/3.94/4.05//2008-9-18 13:39:35
11/600018/上港集团/3.950	20200	3.930	1200	3.920	15580	3.910	57800	3.900	192133	3.970	2000	3.990	10169	4.000	131538	4.010	7700	4.020	11790	/16842764//36267232/9165969/3.95/4.05//2008-9-18 13:40:35
11/600018/上港集团/3.970	200	3.960	13900	3.950	8180	3.930	1200	3.920	20580	3.990	2000	4.000	113407	4.010	7700	4.020	11790	4.030	20100	/16842764//36544412/9235589/4.0/4.05//2008-9-18 13:41:36
11/600018/上港集团/3.980	2400	3.970	2900	3.960	1100	3.950	9000	3.940	10000	3.990	17700	4.000	130707	4.010	7700	4.020	11790	4.030	23600	/16842764//36620220/9254709/3.99/4.05//2008-9-18 13:42:36
11/600018/上港集团/3.990	100	3.980	1200	3.960	1480	3.950	18600	3.940	10000	4.000	117107	4.010	7700	4.020	11790	4.030	33600	4.040	1700	/16842764//36828296/9306929/3.99/4.05//2008-9-18 13:43:37
11/600018/上港集团/3.990	37	3.970	500	3.960	7660	3.950	23100	3.940	10000	4.000	92307	4.010	9100	4.020	9790	4.030	34100	4.040	4700	/16842764//36999856/9349912/4.0/4.05//2008-9-18 13:44:37
11/600018/上港集团/3.970	1400	3.960	21277	3.950	23100	3.940	2000	3.930	2200	3.990	1000	4.000	49607	4.010	9100	4.020	9790	4.030	13600	/16842764//37428748/9457432/3.97/4.05//2008-9-18 13:45:38
11/600018/上港集团/3.920	9500	3.910	32600	3.900	188833	3.890	700	3.880	6000	3.930	10443	3.950	6400	3.960	3600	3.970	1000	4.000	44307	/16842764//37748700/9538309/3.93/4.05//2008-9-18 13:46:39
11/600018/上港集团/3.950	1000	3.930	26757	3.920	44100	3.910	42800	3.900	194933	3.990	2900	4.000	42407	4.010	19100	4.020	11790	4.030	13100	/16842764//38160220/9642952/4.0/4.05//2008-9-18 13:47:39
11/600018/上港集团/3.990	2800	3.960	2200	3.950	7600	3.940	6700	3.930	37857	4.000	49807	4.010	19100	4.020	11790	4.030	13500	4.040	7700	/16842764//38205660/9654452/4.0/4.05//2008-9-18 13:48:40
11/600018/上港集团/3.960	3000	3.950	8900	3.940	24300	3.930	44657	3.920	27800	3.990	152941	4.000	59107	4.010	2700	4.020	10790	4.030	13500	/16842764//38822028/9809011/3.99/4.05//2008-9-18 13:49:40
11/600018/上港集团/3.950	7300	3.940	23500	3.930	34057	3.920	27300	3.910	48900	3.960	1500	3.980	14300	3.990	166841	4.000	60007	4.010	5300	/16842764//38756352/9792752/3.96/4.05//2008-9-18 13:50:41
11/600018/上港集团/3.940	23400	3.930	26557	3.920	23300	3.910	46900	3.900	221033	3.950	18200	3.960	8200	3.970	400	3.980	17600	3.990	155641	/16842764//38823140/9809652/3.95/4.05//2008-9-18 13:51:41
11/600018/上港集团/3.930	14457	3.920	20100	3.910	49900	3.900	218333	3.890	700	3.950	10200	3.960	13200	3.970	1400	3.980	18700	3.990	156241	/16842764//38969320/9846752/3.95/4.05//2008-9-18 13:52:42
11/600018/上港集团/3.930	10257	3.920	74800	3.910	45800	3.900	220533	3.890	700	3.950	19900	3.960	13600	3.970	1400	3.980	18200	3.990	154341	/16842764//39053256/9868052/3.93/4.05//2008-9-18 13:53:42
11/600018/上港集团/3.920	54357	3.910	49400	3.900	223033	3.890	700	3.880	35400	3.950	13700	3.960	13600	3.970	1000	3.980	21100	3.990	153341	/16842764//39228052/9912552/3.92/4.05//2008-9-18 13:54:43
11/600018/上港集团/3.920	32941	3.910	48400	3.900	223233	3.890	700	3.880	39400	3.950	1100	3.960	7200	3.970	1000	3.980	20100	3.990	153341	/16842764//39419844/9961268/3.92/4.05//2008-9-18 13:55:44
11/600018/上港集团/3.930	1000	3.920	49925	3.910	47400	3.900	218933	3.890	700	3.960	2800	3.970	1800	3.980	14000	3.990	153341	4.000	88607	/16842764//39507180/9983484/3.96/4.05//2008-9-18 13:56:44
11/600018/上港集团/3.930	10000	3.920	33509	3.910	46500	3.900	218933	3.890	700	3.950	2000	3.960	4800	3.970	1800	3.980	15000	3.990	157841	/16842764//39563752/9997900/3.92/4.05//2008-9-18 13:57:45
11/600018/上港集团/3.930	1000	3.920	34693	3.910	48000	3.900	218933	3.890	10700	3.950	3200	3.960	4800	3.970	2800	3.980	25700	3.990	158341	/16842764//39684244/10028516/3.95/4.05//2008-9-18 13:58:45
11/600018/上港集团/3.960	13400	3.940	2684	3.930	2800	3.920	36393	3.910	42000	3.970	1800	3.980	27300	3.990	158341	4.000	92307	4.010	5300	/16842764//39808180/10059932/3.96/4.05//2008-9-18 13:59:46
11/600018/上港集团/3.930	5278	3.920	39393	3.910	43300	3.900	216133	3.890	14000	3.960	22000	3.980	21900	3.990	157841	4.000	90307	4.010	6300	/16842764//39972964/10101638/3.93/4.05//2008-9-18 14:0:47
11/600018/上港集团/3.920	61555	3.910	43300	3.900	218033	3.890	14000	3.880	48700	3.960	20400	3.970	3000	3.980	22900	3.990	157841	4.000	92307	/16842764//40149328/10146554/3.92/4.05//2008-9-18 14:1:47
11/600018/上港集团/3.930	1200	3.920	42139	3.910	40500	3.900	218233	3.890	14000	3.940	500	3.950	500	3.960	20400	3.970	6000	3.980	13900	/16842764//40251320/10172570/3.92/4.05//2008-9-18 14:2:48
11/600018/上港集团/3.920	16723	3.910	45400	3.900	220033	3.890	14000	3.880	46700	3.940	700	3.950	600	3.960	30400	3.970	6500	3.980	17700	/16842764//40369020/10202586/3.92/4.05//2008-9-18 14:3:48
11/600018/上港集团/3.930	300	3.920	1707	3.910	47900	3.900	221233	3.890	14000	3.960	18100	3.970	6000	3.980	17700	3.990	157341	4.000	93107	/16842764//40459836/10225702/3.96/4.05//2008-9-18 14:4:49
11/600018/上港集团/3.920	17191	3.910	47500	3.900	221233	3.890	14000	3.880	46800	3.970	4400	3.980	3200	3.990	113141	4.000	93207	4.010	6300	/16842764//40914684/10340118/3.92/4.05//2008-9-18 14:5:50
11/600018/上港集团/3.930	8400	3.920	32275	3.910	55300	3.900	222433	3.890	14000	3.970	1000	3.980	4300	3.990	108741	4.000	93207	4.010	6300	/16842764//41102232/10387434/3.98/4.05//2008-9-18 14:6:50
11/600018/上港集团/3.990	12400	3.950	2000	3.940	1000	3.930	76400	3.920	39059	4.000	92807	4.010	6800	4.020	11090	4.030	13900	4.040	8800	/16842764//41319148/10442050/3.99/4.05//2008-9-18 14:7:51
11/600018/上港集团/3.940	4200	3.930	70584	3.920	44859	3.910	59200	3.900	223833	4.000	47607	4.010	6800	4.020	11090	4.030	13900	4.040	7200	/16842764//41544564/10498566/4.0/4.05//2008-9-18 14:8:51
11/600018/上港集团/3.950	1500	3.940	6100	3.930	112768	3.920	56059	3.910	62700	3.990	17000	4.000	45900	4.010	16800	4.020	12090	4.030	14200	/16842764//41657588/10527182/3.99/4.05//2008-9-18 14:9:52
11/600018/上港集团/3.980	200	3.950	4800	3.940	17784	3.930	114068	3.920	45300	3.990	18000	4.000	62700	4.010	16800	4.020	12090	4.030	14700	/16842764//41727916/10544998/3.95/4.05//2008-9-18 14:10:53
11/600018/上港集团/3.980	400	3.950	2500	3.940	27768	3.930	114968	3.920	45200	3.990	15899	4.000	60700	4.010	16800	4.020	12090	4.030	14700	/16842764//41862996/10579114/3.98/4.05//2008-9-18 14:11:53
11/600018/上港集团/3.990	6400	3.970	8500	3.950	7000	3.940	31552	3.930	112968	4.000	52699	4.010	16300	4.020	12090	4.030	14700	4.040	7800	/16842764//42082596/10634330/3.99/4.05//2008-9-18 14:12:54
11/600018/上港集团/3.980	3000	3.970	584	3.960	2200	3.950	13300	3.940	43252	4.000	56699	4.010	13700	4.020	12290	4.030	15300	4.040	7800	/16842764//42183864/10659746/4.0/4.05//2008-9-18 14:13:55
11/600018/上港集团/3.990	8500	3.980	800	3.960	1200	3.950	8268	3.940	34952	4.000	60299	4.010	13000	4.020	12290	4.030	15300	4.040	7800	/16842764//42271696/10681862/3.99/4.05//2008-9-18 14:14:55
11/600018/上港集团/3.950	6152	3.940	40152	3.930	119968	3.920	50900	3.910	54700	3.980	2300	3.990	10500	4.000	60399	4.010	13000	4.020	12890	/16842764//42420044/10719278/3.98/4.05//2008-9-18 14:15:56
11/600018/上港集团/3.970	900	3.950	8800	3.940	33988	3.930	120968	3.920	45900	3.980	9400	3.990	16400	4.000	60899	4.010	13000	4.020	12890	/16842764//42482092/10734994/3.98/4.05//2008-9-18 14:16:56
11/600018/上港集团/4.000	5100	3.990	19200	3.970	300	3.950	25184	3.940	35788	4.010	6699	4.020	12890	4.030	12300	4.040	7800	4.050	50800	/16842764//42971996/10857710/4.0/4.05//2008-9-18 14:17:57
11/600018/上港集团/4.040	5700	4.030	5400	4.020	500	4.010	3200	4.000	4000	4.050	50800	4.060	10200	4.070	18600	4.080	44700	4.090	14600	/16842764//43211836/10917426/4.04/4.05//2008-9-18 14:18:58
11/600018/上港集团/4.050	3200	4.040	19200	4.010	5600	4.000	10200	3.990	1200	4.060	9000	4.070	9600	4.080	44700	4.090	14600	4.100	69800	/16842764//43565960/11005002/4.05/4.05//2008-9-18 14:19:58
11/600018/上港集团/4.070	49900	4.060	12084	4.050	21200	4.040	3300	4.010	6400	4.080	23800	4.090	13100	4.100	65500	4.110	30750	4.120	30100	/16842764//43854880/11076018/4.08/4.05//2008-9-18 14:20:59
11/600018/上港集团/4.080	2500	4.070	18684	4.060	6500	4.050	20300	4.040	3300	4.090	54300	4.100	68200	4.110	30750	4.120	30100	4.130	13100	/16842764//44258784/11175034/4.09/4.05//2008-9-18 14:22:0
11/600018/上港集团/4.050	8168	4.040	2600	4.010	7200	4.000	19200	3.990	1200	4.060	100	4.090	9900	4.100	64800	4.110	30250	4.120	30689	/16842764//44894268/11330750/4.06/4.05//2008-9-18 14:23:0
11/600018/上港集团/3.950	31436	3.940	26988	3.930	115668	3.920	28700	3.910	43300	4.010	7700	4.060	200	4.080	8200	4.090	13400	4.100	66100	/16842764//45418408/11461366/3.95/4.05//2008-9-18 14:24:1
11/600018/上港集团/4.050	5000	4.020	600	4.010	34400	4.000	8200	3.990	6500	4.080	26000	4.090	16800	4.100	70500	4.110	31650	4.120	31689	/16842764//45540156/11491682/4.08/4.05//2008-9-18 14:25:2
11/600018/上港集团/4.050	1100	4.030	2400	4.020	4100	4.010	30984	4.000	15500	4.060	15000	4.070	4700	4.080	71600	4.090	20000	4.100	79200	/16842764//45714072/11534498/4.07/4.05//2008-9-18 14:26:2
11/600018/上港集团/4.020	9000	4.010	23068	4.000	15800	3.990	6500	3.980	6000	4.050	11000	4.060	27400	4.070	22900	4.080	73900	4.090	21900	/16842764//45815708/11559714/4.05/4.05//2008-9-18 14:27:3
11/600018/上港集团/4.010	25052	4.000	15400	3.990	6500	3.980	6400	3.970	19200	4.020	10600	4.040	10000	4.050	17700	4.060	29400	4.070	24400	/16842764//45945500/11591930/4.02/4.05//2008-9-18 14:28:4
11/600018/上港集团/4.010	5246	4.000	12200	3.990	6000	3.980	6000	3.970	15400	4.040	10000	4.050	21800	4.060	30400	4.070	22600	4.080	77100	/16842764//46121500/11635736/4.01/4.05//2008-9-18 14:29:4
11/600018/上港集团/4.000	19130	3.990	6000	3.980	17000	3.970	16400	3.960	47000	4.020	12000	4.030	1300	4.040	10800	4.050	21800	4.060	30000	/16842764//46218952/11660052/4.0/4.05//2008-9-18 14:30:5
11/600018/上港集团/4.000	15214	3.990	8000	3.980	14100	3.970	18100	3.960	45000	4.020	3300	4.030	9800	4.040	800	4.050	22800	4.060	30000	/16842764//46328848/11687468/4.02/4.05//2008-9-18 14:31:6
11/600018/上港集团/4.040	2200	4.020	13000	4.010	2000	4.000	21098	3.990	11000	4.050	17900	4.060	29000	4.070	9500	4.080	76500	4.090	21700	/16842764//46472024/11723084/4.03/4.05//2008-9-18 14:32:6
11/600018/上港集团/4.020	3684	4.010	6299	4.000	12998	3.990	9000	3.980	16100	4.050	20200	4.060	28000	4.070	12500	4.080	76500	4.090	21700	/16842764//46583664/11750801/4.05/4.05//2008-9-18 14:33:7
11/600018/上港集团/4.020	7184	4.010	3600	4.000	17281	3.990	9600	3.980	15700	4.030	2200	4.040	3000	4.050	20200	4.060	13000	4.070	12500	/16842764//46704920/11781017/4.02/4.05//2008-9-18 14:34:8
11/600018/上港集团/4.020	4700	4.010	9900	4.000	34749	3.990	12600	3.980	16300	4.030	100	4.040	5500	4.050	23500	4.060	13000	4.070	15500	/16842764//46825920/11811133/4.01/4.05//2008-9-18 14:35:8
11/600018/上港集团/4.030	4000	4.010	2700	4.000	47533	3.990	9600	3.980	6700	4.040	7200	4.050	21600	4.060	13000	4.070	15500	4.080	80489	/16842764//47045396/11865849/4.04/4.05//2008-9-18 14:36:9
11/600018/上港集团/4.010	6200	4.000	182817	3.990	6600	3.980	7700	3.970	11700	4.020	300	4.030	7900	4.040	11000	4.050	21600	4.060	13500	/16842764//47239732/11914265/4.02/4.05//2008-9-18 14:37:10
11/600018/上港集团/4.000	145069	3.990	6600	3.980	17800	3.970	11700	3.960	29900	4.030	6000	4.040	11000	4.050	21600	4.060	13500	4.070	16000	/16842764//47432620/11962413/4.0/4.05//2008-9-18 14:38:10
11/600018/上港集团/4.000	48921	3.990	6600	3.980	22200	3.970	11700	3.960	30600	4.020	3200	4.030	23489	4.040	11000	4.050	19100	4.060	15500	/16842764//47862100/12069761/4.0/4.05//2008-9-18 14:39:11
11/600018/上港集团/4.010	3000	4.000	19973	3.990	8700	3.980	25200	3.970	11700	4.020	13900	4.030	28389	4.040	11000	4.050	18100	4.060	15500	/16842764//48139068/12138909/4.0/4.05//2008-9-18 14:40:12
11/600018/上港集团/3.990	800	3.980	25025	3.970	18700	3.960	28500	3.950	54136	4.000	1000	4.010	3900	4.020	15800	4.030	29689	4.040	12000	/16842764//48335508/12188057/3.99/4.05//2008-9-18 14:41:12
11/600018/上港集团/3.990	2000	3.980	4977	3.970	20100	3.960	28200	3.950	53436	4.000	1800	4.010	4900	4.020	15800	4.030	30689	4.040	12500	/16842764//48495484/12228205/4.0/4.05//2008-9-18 14:42:13
11/600018/上港集团/3.980	2000	3.970	2000	3.960	28247	3.950	48836	3.940	23288	4.000	1400	4.020	10200	4.030	30489	4.040	12500	4.050	13500	/16842764//0/0/3.96/4.05//2008-9-18 14:43:14
11/600018/上港集团/3.970	45852	3.960	28847	3.950	53836	3.940	23288	3.930	26000	4.000	38600	4.010	19900	4.020	13700	4.030	28989	4.040	12500	/16842764//48865880/12321283/4.0/4.05//2008-9-18 14:44:14
11/600018/上港集团/3.960	20251	3.950	57036	3.940	18388	3.930	26000	3.920	21400	3.990	2000	4.000	28400	4.010	23400	4.020	13700	4.030	28489	/16842764//49159472/12395231/3.96/4.05//2008-9-18 14:45:15
11/600018/上港集团/3.950	25939	3.940	31488	3.930	23000	3.920	22400	3.910	41100	3.960	28800	3.970	20950	3.980	1600	3.990	2000	4.000	37900	/16842764//49433848/12464579/3.95/4.05//2008-9-18 14:46:16
11/600018/上港集团/3.920	6879	3.910	56600	3.900	210833	3.890	13700	3.880	64600	3.970	13450	3.980	1600	4.000	39900	4.010	23400	4.020	13600	/16842764//50013080/12611527/3.92/4.05//2008-9-18 14:47:16
11/600018/上港集团/3.920	300	3.910	40631	3.900	202833	3.890	15200	3.880	67100	3.930	5700	3.950	38500	3.970	17950	3.980	5700	3.990	35400	/16842764//50172372/12652175/3.93/4.05//2008-9-18 14:48:17
11/600018/上港集团/3.920	5000	3.910	7383	3.900	213933	3.890	16200	3.880	77200	3.930	2500	3.940	1000	3.950	39000	3.970	15950	3.980	5700	/16842764//50457220/12724923/3.93/4.05//2008-9-18 14:49:18
11/600018/上港集团/3.910	3635	3.900	217533	3.890	16200	3.880	77800	3.870	14000	3.930	800	3.950	39700	3.970	15950	3.980	15100	3.990	41800	/16842764//50589416/12758671/3.91/4.05//2008-9-18 14:50:18
11/600018/上港集团/3.930	1400	3.920	1200	3.910	2387	3.900	217433	3.890	17700	3.940	2000	3.950	13500	3.970	15950	3.980	15100	3.990	41800	/16842764//50748332/12799219/3.91/4.05//2008-9-18 14:51:19
11/600018/上港集团/3.910	21021	3.900	221233	3.890	17700	3.880	77600	3.870	14000	3.920	2900	3.930	800	3.940	8500	3.950	14100	3.970	15950	/16842764//50873688/12831185/3.92/4.05//2008-9-18 14:52:20
11/600018/上港集团/3.900	209624	3.890	26500	3.880	66000	3.870	14200	3.860	134300	3.930	100	3.940	18900	3.950	14100	3.970	15950	3.980	17100	/16842764//51169048/12906715/3.9/4.05//2008-9-18 14:53:21
11/600018/上港集团/3.910	400	3.900	220476	3.890	26500	3.880	78500	3.870	14200	3.920	6300	3.940	17900	3.950	15100	3.970	15950	3.980	17100	/16842764//51360632/12955663/3.92/4.05//2008-9-18 14:54:21
11/600018/上港集团/3.920	6300	3.910	22700	3.900	235986	3.890	26500	3.880	77500	3.930	4400	3.940	18200	3.950	15100	3.970	15950	3.980	23100	/16842764//51442124/12976453/3.91/4.05//2008-9-18 14:55:22
11/600018/上港集团/3.910	19900	3.900	260586	3.890	27000	3.880	83700	3.870	16200	3.930	4700	3.940	23800	3.950	15100	3.970	16450	3.980	13100	/16842764//51629616/13024353/3.93/4.05//2008-9-18 14:56:23
11/600018/上港集团/3.920	2200	3.910	58000	3.900	269786	3.890	18700	3.880	82200	3.930	3200	3.940	24600	3.950	19500	3.970	3500	3.980	15000	/16842764//51758584/13057253/3.93/4.05//2008-9-18 14:57:23
11/600018/上港集团/3.920	8700	3.910	89600	3.900	267786	3.890	19100	3.880	81700	3.930	17600	3.940	26700	3.950	19800	3.970	5000	3.980	19800	/16842764//51891740/13091253/3.94/4.05//2008-9-18 14:58:24
11/600018/上港集团/3.920	19950	3.910	800	3.900	2400	3.880	200	3.870	10486	3.930	9900	3.940	28400	3.950	18800	3.970	5500	3.980	24800	/16842764//53849392/13593303/3.92/4.05//2008-9-18 14:59:25
11/600018/上港集团/3.930	14400	3.920	10050	3.910	600	3.900	6800	3.880	1500	3.940	25200	3.950	18800	3.970	5500	3.980	24800	3.990	44200	/16842764//53996504/13630803/3.9/4.05//2008-9-18 15:0:26
11/600018/上港集团/3.930	14400	3.920	10050	3.910	600	3.900	6800	3.880	1500	3.940	25200	3.950	18800	3.970	5500	3.980	24800	3.990	44200	/16842764//53996504/13630803/3.9/4.05//2008-9-18 15:1:26
11/600018/上港集团/3.930	14400	3.920	10050	3.910	600	3.900	6800	3.880	1500	3.940	25200	3.950	18800	3.970	5500	3.980	24800	3.990	44200	/16842764//53996504/13630803/3.9/4.05//2008-9-18 15:2:27
