30/600066/宇通客车/10.420	1300	10.400	1700	10.380	1200	10.320	800	10.300	2200	10.490	3300	10.500	4000	10.510	6750	10.540	7900	10.550	5399	/16842784//293220/27900/10.49/10.79//2008-9-18 9:31:34
30/600066/宇通客车/10.400	800	10.380	1200	10.320	800	10.300	3700	10.280	3200	10.420	800	10.490	1300	10.500	3000	10.510	2050	10.540	7900	/16842784//378749/36100/10.42/10.79//2008-9-18 9:32:35
30/600066/宇通客车/10.430	2000	10.420	2200	10.410	900	10.400	10600	10.380	1200	10.480	1400	10.490	1400	10.500	6900	10.510	2050	10.540	7900	/16842784//455782/43500/10.42/10.79//2008-9-18 9:33:35
30/600066/宇通客车/10.400	6440	10.380	1200	10.320	800	10.310	300	10.300	4500	10.480	2600	10.490	1400	10.500	14100	10.510	2050	10.540	7900	/16842784//610592/58360/10.4/10.79//2008-9-18 9:34:35
30/600066/宇通客车/10.400	5140	10.380	1200	10.320	2500	10.310	300	10.300	4800	10.410	60	10.430	4000	10.470	100	10.480	500	10.490	13800	/16842784//689771/65960/10.41/10.79//2008-9-18 9:35:35
30/600066/宇通客车/10.320	1400	10.310	300	10.300	6200	10.280	4200	10.270	300	10.400	3500	10.410	2800	10.430	2819	10.460	100	10.470	100	/16842784//845051/80900/10.32/10.79//2008-9-18 9:36:36
30/600066/宇通客车/10.310	5100	10.300	6400	10.280	3200	10.260	200	10.250	500	10.320	8050	10.400	4800	10.410	700	10.430	3319	10.460	100	/16842784//925547/88700/10.32/10.79//2008-9-18 9:37:36
30/600066/宇通客车/10.280	3200	10.260	200	10.250	500	10.210	1900	10.200	1900	10.300	350	10.310	6500	10.320	8000	10.400	3500	10.430	2800	/16842784//1134689/109000/10.3/10.79//2008-9-18 9:38:36
30/600066/宇通客车/10.260	200	10.250	500	10.210	800	10.200	2000	10.180	800	10.280	800	10.300	6819	10.310	6250	10.320	8300	10.400	12400	/16842784//1203628/115700/10.28/10.79//2008-9-18 9:39:36
30/600066/宇通客车/10.270	900	10.240	7200	10.210	9500	10.200	4700	10.190	400	10.300	4900	10.310	4150	10.320	8300	10.400	13400	10.430	1300	/16842784//1368473/131800/10.27/10.79//2008-9-18 9:40:36
30/600066/宇通客车/10.240	5600	10.210	9500	10.200	6000	10.190	400	10.180	12600	10.270	477	10.300	3400	10.310	4150	10.320	6600	10.350	100	/16842784//1431080/137900/10.27/10.79//2008-9-18 9:41:37
30/600066/宇通客车/10.310	1950	10.300	4723	10.270	400	10.240	6400	10.210	9500	10.320	6600	10.350	100	10.390	1800	10.400	12400	10.430	1300	/16842784//1547776/149227/10.31/10.79//2008-9-18 9:42:37
30/600066/宇通客车/10.320	1300	10.310	2350	10.300	6823	10.270	400	10.250	3000	10.350	600	10.390	1800	10.400	12400	10.430	1300	10.460	200	/16842784//1632401/157427/10.32/10.79//2008-9-18 9:43:37
30/600066/宇通客车/10.320	1050	10.310	2350	10.300	6823	10.270	1400	10.250	3900	10.350	900	10.380	2100	10.390	1800	10.400	15400	10.430	1300	/16842784//1649450/159077/10.35/10.79//2008-9-18 9:44:37
30/600066/宇通客车/10.270	1000	10.250	3900	10.240	5900	10.210	9500	10.200	6300	10.300	1977	10.370	500	10.380	2100	10.390	6800	10.400	15400	/16842784//1777561/171500/10.3/10.79//2008-9-18 9:45:37
30/600066/宇通客车/10.270	923	10.250	3900	10.240	5900	10.210	10000	10.200	6800	10.360	100	10.370	14560	10.380	2000	10.390	7300	10.400	3000	/16842784//1814492/175077/10.37/10.79//2008-9-18 9:46:38
30/600066/宇通客车/10.270	900	10.250	623	10.240	5900	10.210	10200	10.200	5600	10.360	5600	10.370	14560	10.380	2000	10.390	6800	10.400	3000	/16842784//1893739/182777/10.27/10.79//2008-9-18 9:47:38
30/600066/宇通客车/10.290	300	10.280	500	10.270	1600	10.260	100	10.250	623	10.340	700	10.350	13800	10.360	11600	10.370	14560	10.380	2000	/16842784//1905121/183877/10.34/10.79//2008-9-18 9:48:38
30/600066/宇通客车/10.270	2100	10.250	1423	10.240	5900	10.210	10200	10.200	12100	10.330	620	10.340	1700	10.350	14800	10.360	7600	10.370	14560	/16842784//1963883/189577/10.33/10.79//2008-9-18 9:49:39
30/600066/宇通客车/10.280	4600	10.270	2100	10.250	11623	10.240	5900	10.210	10400	10.290	1900	10.300	9400	10.330	2000	10.340	1220	10.350	1150	/16842784//2018510/194877/10.29/10.79//2008-9-18 9:50:39
30/600066/宇通客车/10.290	500	10.280	2300	10.270	1400	10.250	11623	10.240	5900	10.300	9600	10.330	2000	10.340	1220	10.350	1150	10.360	7600	/16842784//2102860/203077/10.29/10.79//2008-9-18 9:51:39
30/600066/宇通客车/10.250	8123	10.240	5900	10.210	10400	10.200	12200	10.190	1400	10.290	14550	10.300	9800	10.340	1220	10.350	1950	10.360	2300	/16842784//2222022/214677/10.25/10.79//2008-9-18 9:52:39
30/600066/宇通客车/10.190	1000	10.180	12700	10.160	6600	10.150	16700	10.140	500	10.200	7057	10.250	18500	10.270	800	10.280	12800	10.290	23950	/16842784//2615728/253200/10.2/10.79//2008-9-18 9:53:40
30/600066/宇通客车/10.180	10200	10.160	6600	10.150	17200	10.140	500	10.120	16900	10.200	2057	10.250	2500	10.280	500	10.290	24650	10.300	10000	/16842784//3023257/293200/10.2/10.79//2008-9-18 9:54:40
30/600066/宇通客车/10.190	4700	10.180	21143	10.160	6600	10.150	17200	10.120	16900	10.200	2000	10.250	400	10.270	100	10.280	1200	10.290	24650	/16842784//3098387/300557/10.19/10.79//2008-9-18 9:55:40
30/600066/宇通客车/10.200	3500	10.190	4900	10.180	22343	10.160	6600	10.150	17200	10.250	400	10.280	1600	10.290	14800	10.300	11300	10.340	220	/16842784//3116754/302357/10.2/10.79//2008-9-18 9:56:41
30/600066/宇通客车/10.220	14000	10.210	1500	10.200	14250	10.190	6100	10.180	21243	10.280	600	10.290	14800	10.300	12700	10.340	220	10.350	1950	/16842784//3273469/317707/10.28/10.79//2008-9-18 9:57:41
30/600066/宇通客车/10.250	5900	10.230	500	10.220	14100	10.210	11500	10.200	14550	10.280	1600	10.290	14800	10.300	10000	10.340	1620	10.350	1950	/16842784//3305244/320807/10.25/10.79//2008-9-18 9:58:41
30/600066/宇通客车/10.300	9200	10.280	1000	10.260	1500	10.250	5600	10.230	300	10.340	1620	10.350	1950	10.360	2000	10.370	2160	10.380	2000	/16842784//3583137/347807/10.3/10.79//2008-9-18 9:59:41
30/600066/宇通客车/10.310	700	10.300	19300	10.280	1000	10.260	1500	10.250	5600	10.330	500	10.340	1320	10.350	1950	10.360	2000	10.370	2160	/16842784//3592431/348707/10.34/10.79//2008-9-18 10:0:42
30/600066/宇通客车/10.300	1700	10.280	11400	10.250	5600	10.230	300	10.220	24100	10.310	12200	10.330	1500	10.340	1720	10.350	2850	10.360	2000	/16842784//3780928/367007/10.3/10.79//2008-9-18 10:1:42
30/600066/宇通客车/10.280	2900	10.250	4600	10.230	300	10.220	24200	10.210	10200	10.300	1000	10.310	9940	10.330	500	10.340	600	10.350	1950	/16842784//3987852/387107/10.28/10.3//2008-9-18 10:2:42
30/600066/宇通客车/10.250	9700	10.230	10300	10.220	24200	10.210	10200	10.200	16250	10.270	500	10.280	12800	10.300	3500	10.310	9420	10.330	500	/16842784//4031031/391307/10.25/10.3//2008-9-18 10:3:42
30/600066/宇通客车/10.230	10200	10.220	24200	10.210	10200	10.200	17350	10.190	32000	10.250	14399	10.270	500	10.280	8900	10.290	500	10.300	2400	/16842784//4327252/420207/10.23/10.3//2008-9-18 10:4:43
30/600066/宇通客车/10.220	21100	10.210	10200	10.200	17150	10.190	32000	10.180	20743	10.230	700	10.240	1500	10.250	13399	10.270	500	10.280	3900	/16842784//4488885/436007/10.23/10.3//2008-9-18 10:5:43
30/600066/宇通客车/10.210	7600	10.200	17350	10.190	32000	10.180	20743	10.160	6600	10.220	4800	10.230	5000	10.240	2500	10.250	5399	10.270	500	/16842784//4761733/462707/10.21/10.3//2008-9-18 10:6:43
30/600066/宇通客车/10.190	32000	10.180	20743	10.160	6600	10.150	16700	10.120	16900	10.200	37840	10.220	2600	10.230	5000	10.240	2500	10.250	5399	/16842784//5230591/508657/10.2/10.3//2008-9-18 10:7:44
30/600066/宇通客车/10.200	21260	10.190	24700	10.180	20743	10.160	6600	10.150	16700	10.220	3100	10.230	5000	10.240	1000	10.250	5399	10.270	500	/16842784//5711384/555797/10.2/10.3//2008-9-18 10:8:44
30/600066/宇通客车/10.230	800	10.220	5500	10.200	22060	10.190	24700	10.180	20743	10.250	5969	10.270	500	10.280	3900	10.290	500	10.300	14700	/16842784//5834046/567797/10.23/10.3//2008-9-18 10:9:44
30/600066/宇通客车/10.230	3500	10.220	6500	10.200	31160	10.190	24700	10.180	20743	10.280	3389	10.290	500	10.300	14700	10.310	9420	10.330	500	/16842784//5915021/575697/10.28/10.3//2008-9-18 10:10:44
30/600066/宇通客车/10.250	13500	10.230	500	10.220	2500	10.200	31860	10.190	24900	10.280	2700	10.290	500	10.300	13700	10.310	9420	10.330	500	/16842784//5948795/578997/10.28/10.3//2008-9-18 10:11:45
30/600066/宇通客车/10.260	20000	10.250	27800	10.230	500	10.220	3000	10.200	34360	10.280	2900	10.290	500	10.300	13700	10.310	9420	10.330	500	/16842784//6078002/591597/10.28/10.3//2008-9-18 10:12:45
30/600066/宇通客车/10.300	11400	10.280	4500	10.270	600	10.260	20000	10.250	25800	10.310	9620	10.330	500	10.340	100	10.350	32450	10.360	2000	/16842784//6284909/611697/10.3/10.3//2008-9-18 10:13:45
30/600066/宇通客车/10.350	3330	10.310	1000	10.300	3200	10.290	1000	10.280	4000	10.360	2000	10.370	2160	10.380	3740	10.390	6800	10.400	4550	/16842784//6857182/667067/10.35/10.3//2008-9-18 10:14:46
30/600066/宇通客车/10.300	12700	10.290	1000	10.270	600	10.260	20000	10.250	29200	10.350	3600	10.360	2400	10.370	2160	10.380	3740	10.390	6800	/16842784//6955840/676597/10.35/10.3//2008-9-18 10:15:46
30/600066/宇通客车/10.300	13300	10.290	1000	10.270	12600	10.260	20000	10.250	29200	10.340	300	10.350	3800	10.360	2700	10.370	2160	10.380	4910	/16842784//7078366/688497/10.3/10.3//2008-9-18 10:16:46
30/600066/宇通客车/10.310	1681	10.300	18500	10.290	1000	10.270	12600	10.260	20000	10.320	4800	10.340	2300	10.350	3800	10.360	1700	10.370	2160	/16842784//7145554/695016/10.32/10.3//2008-9-18 10:17:47
30/600066/宇通客车/10.310	2581	10.300	18500	10.290	1000	10.280	200	10.270	12600	10.340	2300	10.350	3800	10.360	1200	10.370	2160	10.380	4910	/16842784//7195077/699816/10.31/10.3//2008-9-18 10:18:47
30/600066/宇通客车/10.310	3581	10.300	18500	10.290	1000	10.280	200	10.270	12600	10.340	1300	10.350	3800	10.360	1200	10.370	2160	10.380	4910	/16842784//7205417/700816/10.34/10.3//2008-9-18 10:19:47
30/600066/宇通客车/10.320	1000	10.310	3581	10.300	18500	10.290	1000	10.280	900	10.340	2000	10.350	3800	10.360	700	10.370	2160	10.380	4910	/16842784//7210587/701316/10.34/10.3//2008-9-18 10:20:48
30/600066/宇通客车/10.320	400	10.310	3581	10.300	18500	10.290	1000	10.280	900	10.340	3710	10.350	3800	10.360	800	10.370	2160	10.380	4910	/16842784//7216779/701916/10.32/10.3//2008-9-18 10:21:48
30/600066/宇通客车/10.330	1000	10.320	14000	10.310	1281	10.300	19000	10.290	1000	10.340	1100	10.350	610	10.360	800	10.370	2160	10.380	4910	/16842784//7345924/714416/10.31/10.3//2008-9-18 10:22:48
30/600066/宇通客车/10.320	14000	10.310	1281	10.300	19000	10.290	1000	10.280	1900	10.330	8800	10.340	900	10.350	610	10.360	100	10.370	2160	/16842784//7371751/716916/10.33/10.3//2008-9-18 10:23:48
30/600066/宇通客车/10.320	14000	10.310	1281	10.300	19000	10.290	1000	10.280	1900	10.330	4800	10.340	900	10.350	610	10.360	100	10.370	2160	/16842784//7423401/721916/10.33/10.3//2008-9-18 10:24:49
30/600066/宇通客车/10.330	1300	10.320	14000	10.310	1281	10.300	19000	10.290	1000	10.340	900	10.350	10	10.360	100	10.370	2160	10.380	4410	/16842784//7478150/727216/10.33/10.3//2008-9-18 10:25:49
30/600066/宇通客车/10.320	24000	10.310	1281	10.300	19000	10.290	1000	10.280	1900	10.330	17200	10.340	500	10.350	3650	10.360	100	10.370	2160	/16842784//7496748/729016/10.33/10.3//2008-9-18 10:26:49
30/600066/宇通客车/10.320	4900	10.310	1281	10.300	19000	10.290	1000	10.280	1900	10.330	6200	10.340	500	10.350	4150	10.360	100	10.370	2160	/16842784//7807490/759116/10.33/10.3//2008-9-18 10:27:50
30/600066/宇通客车/10.320	400	10.310	13281	10.300	19000	10.290	1000	10.280	1900	10.330	8200	10.340	500	10.350	18450	10.360	100	10.370	2160	/16842784//7967450/774616/10.32/10.3//2008-9-18 10:28:50
30/600066/宇通客车/10.310	12181	10.300	19000	10.290	1000	10.280	1900	10.270	12600	10.330	7100	10.340	1600	10.350	18450	10.360	100	10.370	2160	/16842784//8020082/779716/10.31/10.3//2008-9-18 10:29:50
30/600066/宇通客车/10.320	100	10.310	8681	10.300	19000	10.290	1000	10.280	1900	10.330	7100	10.340	1600	10.350	18450	10.360	100	10.370	2160	/16842784//8102562/787716/10.31/10.3//2008-9-18 10:30:51
30/600066/宇通客车/10.320	200	10.310	8081	10.300	19000	10.290	1000	10.280	1900	10.330	7400	10.340	700	10.350	18450	10.360	100	10.370	2160	/16842784//8089179/786416/10.32/10.3//2008-9-18 10:31:51
30/600066/宇通客车/10.310	681	10.300	19000	10.290	1000	10.280	1900	10.270	13600	10.330	2500	10.340	700	10.350	18750	10.360	100	10.370	2160	/16842784//8215061/798616/10.31/10.3//2008-9-18 10:32:51
30/600066/宇通客车/10.310	1681	10.300	19000	10.290	1000	10.280	1900	10.270	15600	10.320	500	10.330	2500	10.340	700	10.350	19150	10.360	100	/16842784//8215061/798616/10.31/10.3//2008-9-18 10:33:52
30/600066/宇通客车/10.290	1000	10.280	1200	10.270	15600	10.260	20000	10.250	29200	10.300	8919	10.310	1500	10.320	500	10.330	2500	10.340	700	/16842784//8442512/820697/10.3/10.3//2008-9-18 10:34:52
30/600066/宇通客车/10.280	2200	10.270	15600	10.260	20000	10.250	29200	10.230	300	10.290	9300	10.300	6819	10.320	500	10.330	1900	10.340	700	/16842784//8493992/825697/10.29/10.3//2008-9-18 10:35:52
30/600066/宇通客车/10.270	24600	10.260	20000	10.250	28400	10.230	300	10.220	2000	10.290	8130	10.300	7119	10.320	500	10.330	1900	10.340	700	/16842784//8537169/829897/10.29/10.3//2008-9-18 10:36:53
30/600066/宇通客车/10.270	17700	10.260	20500	10.250	28400	10.230	300	10.220	2000	10.280	700	10.290	8130	10.300	6219	10.320	500	10.330	500	/16842784//8608032/836797/10.27/10.3//2008-9-18 10:37:53
30/600066/宇通客车/10.280	9650	10.270	17700	10.260	20500	10.250	28400	10.230	300	10.290	5030	10.300	6219	10.330	500	10.340	1000	10.350	19150	/16842784//8664089/842247/10.28/10.3//2008-9-18 10:38:53
30/600066/宇通客车/10.280	16750	10.270	17700	10.260	20500	10.250	28400	10.230	300	10.290	3830	10.300	6219	10.330	500	10.340	1000	10.350	19150	/16842784//8682608/844047/10.29/10.3//2008-9-18 10:39:54
30/600066/宇通客车/10.280	16050	10.270	17700	10.260	20500	10.250	28400	10.230	300	10.290	2830	10.300	6219	10.330	500	10.340	1000	10.350	19150	/16842784//8724786/848147/10.29/10.3//2008-9-18 10:40:54
30/600066/宇通客车/10.280	16350	10.270	17700	10.260	20500	10.250	28400	10.230	300	10.290	2330	10.300	6219	10.320	100	10.330	500	10.340	1000	/16842784//8716552/847347/10.28/10.3//2008-9-18 10:41:54
30/600066/宇通客车/10.290	1370	10.280	32050	10.270	17700	10.260	20500	10.250	28400	10.300	6219	10.320	100	10.330	500	10.340	1000	10.350	19150	/16842784//8783724/853877/10.29/10.3//2008-9-18 10:42:55
30/600066/宇通客车/10.290	1370	10.280	32250	10.270	17700	10.260	20500	10.250	28400	10.300	6119	10.330	500	10.340	1000	10.350	19150	10.360	100	/16842784//8784754/853977/10.3/10.3//2008-9-18 10:43:55
30/600066/宇通客车/10.280	31180	10.270	17700	10.260	20000	10.250	28400	10.240	300	10.300	6119	10.330	500	10.340	1000	10.350	19150	10.360	100	/16842784//8807795/856217/10.28/10.3//2008-9-18 10:44:56
30/600066/宇通客车/10.280	28780	10.270	17700	10.260	20000	10.250	28400	10.240	300	10.290	2200	10.300	1519	10.330	1000	10.340	1000	10.350	18750	/16842784//8909713/866117/10.3/10.3//2008-9-18 10:45:56
30/600066/宇通客车/10.280	27780	10.270	17700	10.260	20000	10.250	28400	10.240	300	10.290	2200	10.300	1519	10.330	1000	10.340	1000	10.350	18750	/16842784//8905561/865717/10.28/10.3//2008-9-18 10:46:56
30/600066/宇通客车/10.280	11080	10.270	17700	10.260	20000	10.250	28400	10.240	300	10.290	2000	10.300	6119	10.330	1000	10.340	1000	10.350	18750	/16842784//9071071/881817/10.28/10.3//2008-9-18 10:47:57
30/600066/宇通客车/10.270	13700	10.260	20000	10.250	28400	10.240	300	10.230	300	10.280	4106	10.290	2000	10.300	6119	10.330	1000	10.340	1000	/16842784//9226053/896897/10.27/10.3//2008-9-18 10:48:57
30/600066/宇通客车/10.260	5500	10.250	28400	10.240	300	10.230	300	10.220	2000	10.270	7600	10.280	4220	10.300	1119	10.330	1000	10.340	1000	/16842784//9515522/925097/10.26/10.3//2008-9-18 10:49:57
30/600066/宇通客车/10.250	46400	10.240	300	10.230	300	10.220	2000	10.210	2200	10.260	18486	10.270	4200	10.280	4220	10.300	1119	10.330	1000	/16842784//9746382/947597/10.25/10.3//2008-9-18 10:50:58
30/600066/宇通客车/10.220	27000	10.210	2200	10.200	41000	10.190	24900	10.180	22443	10.250	1300	10.260	50006	10.270	3700	10.280	4220	10.300	2019	/16842784//10303009/1001897/10.26/10.3//2008-9-18 10:51:58
30/600066/宇通客车/10.220	23550	10.210	3400	10.200	34900	10.190	24900	10.180	20443	10.240	300	10.250	6600	10.260	50006	10.270	2800	10.280	4220	/16842784//10350562/1006547/10.22/10.3//2008-9-18 10:52:58
30/600066/宇通客车/10.220	16950	10.210	3400	10.200	34800	10.190	24900	10.180	20343	10.230	300	10.240	800	10.250	8500	10.260	50006	10.270	2800	/16842784//10440500/1015347/10.22/10.3//2008-9-18 10:53:59
30/600066/宇通客车/10.220	37750	10.210	3400	10.200	34800	10.190	24900	10.180	20343	10.240	1000	10.260	3606	10.270	2800	10.280	4620	10.300	4019	/16842784//11092651/1078947/10.22/10.3//2008-9-18 10:54:59
30/600066/宇通客车/10.220	32400	10.210	4400	10.200	33800	10.190	24900	10.180	20343	10.240	800	10.260	3606	10.270	2800	10.280	4620	10.300	2519	/16842784//11148354/1084397/10.22/10.3//2008-9-18 10:56:0
30/600066/宇通客车/10.230	500	10.220	32350	10.210	4400	10.200	33800	10.190	24900	10.240	1500	10.260	3606	10.270	2800	10.280	4620	10.300	4719	/16842784//11151937/1084747/10.24/10.3//2008-9-18 10:57:0
30/600066/宇通客车/10.230	1000	10.220	31350	10.210	4400	10.200	34700	10.190	25000	10.240	800	10.260	3606	10.270	800	10.280	4620	10.300	4719	/16842784//11173425/1086847/10.22/10.3//2008-9-18 10:58:0
30/600066/宇通客车/10.260	11744	10.200	26550	10.190	25000	10.180	20343	10.160	6600	10.270	800	10.280	4980	10.290	1000	10.300	4719	10.330	500	/16842784//11930337/1160859/10.26/10.3//2008-9-18 10:59:1
30/600066/宇通客车/10.210	2000	10.200	26850	10.190	25000	10.180	20843	10.160	6600	10.260	2256	10.270	800	10.280	4980	10.290	1000	10.300	3019	/16842784//11976928/1165391/10.26/10.3//2008-9-18 11:0:1
30/600066/宇通客车/10.220	400	10.210	500	10.200	26850	10.190	25000	10.180	20843	10.260	4456	10.270	800	10.280	5080	10.290	1000	10.300	2619	/16842784//12058157/1173347/10.21/10.3//2008-9-18 11:1:2
30/600066/宇通客车/10.210	3900	10.200	11450	10.190	25000	10.180	20343	10.170	100	10.260	4500	10.270	1800	10.280	5080	10.290	1000	10.300	2619	/16842784//12264249/1193547/10.21/10.3//2008-9-18 11:2:2
30/600066/宇通客车/10.200	13760	10.190	25000	10.180	20343	10.170	100	10.160	6600	10.210	1070	10.250	500	10.260	2500	10.270	1800	10.280	5080	/16842784//12421384/1208937/10.2/10.3//2008-9-18 11:3:2
30/600066/宇通客车/10.190	7060	10.180	20343	10.170	100	10.160	6600	10.150	17700	10.200	3300	10.210	2470	10.250	500	10.260	3000	10.270	1800	/16842784//12760885/1242237/10.2/10.3//2008-9-18 11:4:3
30/600066/宇通客车/10.180	20643	10.170	100	10.160	6600	10.150	18600	10.120	16400	10.190	16140	10.200	4400	10.210	2470	10.260	3000	10.270	1800	/16842784//12875647/1253497/10.19/10.3//2008-9-18 11:5:3
30/600066/宇通客车/10.180	17693	10.170	100	10.160	6600	10.150	18600	10.120	16400	10.190	8140	10.200	4400	10.210	470	10.260	3000	10.270	1800	/16842784//12986180/1264347/10.19/10.3//2008-9-18 11:6:4
30/600066/宇通客车/10.180	15843	10.170	100	10.160	6600	10.150	18700	10.120	16400	10.190	1740	10.200	2900	10.210	470	10.260	3000	10.270	1800	/16842784//13131309/1278597/10.18/10.3//2008-9-18 11:7:4
30/600066/宇通客车/10.190	5060	10.180	21843	10.170	100	10.160	18600	10.150	18700	10.200	200	10.210	470	10.260	3000	10.270	1800	10.280	5480	/16842784//13176580/1283037/10.2/10.3//2008-9-18 11:8:4
30/600066/宇通客车/10.210	30	10.200	7500	10.190	4560	10.180	22243	10.170	100	10.260	3000	10.270	1800	10.280	5680	10.290	1000	10.300	7619	/16842784//13183418/1283707/10.21/10.3//2008-9-18 11:9:5
30/600066/宇通客车/10.210	7230	10.200	9500	10.190	4560	10.180	22243	10.170	100	10.260	900	10.270	1800	10.280	5680	10.290	1000	10.300	7319	/16842784//13204964/1285807/10.26/10.3//2008-9-18 11:10:5
30/600066/宇通客车/10.210	9830	10.200	7400	10.190	4560	10.180	22243	10.170	100	10.280	3080	10.290	1000	10.300	7319	10.310	200	10.330	500	/16842784//13271672/1292307/10.28/10.3//2008-9-18 11:11:6
30/600066/宇通客车/10.210	8230	10.200	6900	10.190	7760	10.180	22243	10.170	100	10.230	100	10.260	1700	10.280	4080	10.290	1000	10.300	7319	/16842784//13334989/1298507/10.21/10.3//2008-9-18 11:12:6
30/600066/宇通客车/10.200	6600	10.190	7760	10.180	22343	10.170	100	10.160	19100	10.210	1670	10.230	100	10.260	2000	10.280	4080	10.290	1000	/16842784//13541538/1318737/10.21/10.3//2008-9-18 11:13:7
30/600066/宇通客车/10.190	8060	10.180	22343	10.170	100	10.160	19100	10.150	18700	10.200	4100	10.210	3070	10.230	100	10.260	3800	10.280	4080	/16842784//13611919/1325637/10.2/10.3//2008-9-18 11:14:7
30/600066/宇通客车/10.190	7960	10.180	22543	10.170	100	10.160	19100	10.150	18700	10.200	5600	10.210	3070	10.230	100	10.260	4300	10.280	3980	/16842784//13613959/1325837/10.2/10.3//2008-9-18 11:15:7
30/600066/宇通客车/10.200	3000	10.190	12960	10.180	22643	10.170	100	10.160	19100	10.210	3070	10.230	100	10.260	4300	10.280	3980	10.290	1000	/16842784//13677198/1332037/10.2/10.3//2008-9-18 11:16:8
30/600066/宇通客车/10.200	990	10.190	13560	10.180	23243	10.170	100	10.160	19100	10.210	2570	10.230	100	10.250	400	10.260	4300	10.280	3980	/16842784//13720660/1336297/10.21/10.3//2008-9-18 11:17:8
30/600066/宇通客车/10.200	10890	10.190	13560	10.180	23243	10.170	100	10.160	19100	10.210	5570	10.230	100	10.250	400	10.260	4300	10.280	3980	/16842784//13705865/1334847/10.2/10.3//2008-9-18 11:18:9
30/600066/宇通客车/10.210	4230	10.200	11090	10.190	13460	10.180	23243	10.170	100	10.230	100	10.250	400	10.260	4300	10.280	3980	10.290	1000	/16842784//13764776/1340617/10.21/10.3//2008-9-18 11:19:9
30/600066/宇通客车/10.210	3530	10.200	11090	10.190	13460	10.180	23243	10.170	100	10.230	100	10.250	400	10.260	4300	10.280	4480	10.290	1000	/16842784//13776010/1341717/10.21/10.3//2008-9-18 11:20:10
30/600066/宇通客车/10.210	130	10.200	11090	10.190	13460	10.180	23243	10.170	100	10.260	4300	10.280	4480	10.290	1000	10.300	8619	10.310	200	/16842784//13819939/1346017/10.21/10.3//2008-9-18 11:21:10
30/600066/宇通客车/10.210	6000	10.200	10920	10.190	13460	10.180	23343	10.170	100	10.250	1000	10.260	5300	10.280	4480	10.290	1000	10.300	8619	/16842784//13823001/1346317/10.2/10.3//2008-9-18 11:22:10
30/600066/宇通客车/10.210	5400	10.200	10920	10.190	13460	10.180	23543	10.170	100	10.250	4360	10.260	5300	10.280	4480	10.290	1000	10.300	8619	/16842784//13840358/1348017/10.21/10.3//2008-9-18 11:23:11
30/600066/宇通客车/10.220	6600	10.210	5400	10.200	11120	10.190	13460	10.180	23543	10.250	6260	10.260	5300	10.280	4480	10.290	1000	10.300	8619	/16842784//13846493/1348617/10.22/10.3//2008-9-18 11:24:11
30/600066/宇通客车/10.210	5500	10.200	11320	10.190	13460	10.180	23543	10.170	100	10.220	1400	10.250	6360	10.260	5300	10.280	4480	10.290	1300	/16842784//13914967/1355317/10.22/10.3//2008-9-18 11:25:12
30/600066/宇通客车/10.210	3600	10.200	11320	10.190	13460	10.180	23543	10.170	100	10.240	2900	10.250	3460	10.260	5300	10.280	4480	10.290	1300	/16842784//13996811/1363317/10.21/10.3//2008-9-18 11:26:12
30/600066/宇通客车/10.220	200	10.210	3500	10.200	11320	10.190	13460	10.180	23543	10.230	1200	10.240	2400	10.250	3460	10.260	5300	10.280	4480	/16842784//14003973/1364017/10.24/10.3//2008-9-18 11:27:13
30/600066/宇通客车/10.170	100	10.160	19100	10.150	18600	10.140	2000	10.120	16500	10.180	48177	10.210	800	10.220	3200	10.230	1200	10.240	2400	/16842784//14534041/1416040/10.18/10.3//2008-9-18 11:28:13
30/600066/宇通客车/10.140	2000	10.120	16500	10.110	2400	10.100	4100	10.090	18900	10.150	11300	10.160	3200	10.170	1790	10.180	48177	10.220	2200	/16842784//14930096/1455040/10.15/10.3//2008-9-18 11:29:14
30/600066/宇通客车/10.120	15800	10.110	2400	10.100	6200	10.090	18900	10.080	2800	10.140	300	10.150	8700	10.160	800	10.170	1790	10.180	48177	/16842784//14988924/1460840/10.14/10.3//2008-9-18 11:30:14
30/600066/宇通客车/10.120	15800	10.110	2400	10.100	6200	10.090	18900	10.080	2800	10.140	300	10.150	8700	10.160	800	10.170	1790	10.180	48177	/16842784//14988924/1460840/10.14/10.3//2008-9-18 11:31:15
30/600066/宇通客车/10.100	14200	10.090	18900	10.080	8800	10.070	700	10.060	24000	10.120	2806	10.140	42100	10.150	11600	10.170	5700	10.200	47120	/16842784//15651703/1526340/10.1/10.3//2008-9-18 13:1:15
30/600066/宇通客车/10.090	18900	10.080	8600	10.070	700	10.060	24000	10.050	39000	10.100	22550	10.120	3706	10.140	42100	10.150	11600	10.170	5200	/16842784//15877438/1548690/10.1/10.3//2008-9-18 13:2:16
30/600066/宇通客车/10.080	8600	10.070	700	10.060	24000	10.050	39000	10.030	23300	10.090	4300	10.100	25950	10.120	3706	10.140	40100	10.150	11600	/16842784//15988850/1559740/10.08/10.3//2008-9-18 13:3:16
30/600066/宇通客车/10.080	3500	10.070	1100	10.060	24000	10.050	39000	10.030	23300	10.090	4400	10.100	25950	10.120	3906	10.140	40000	10.150	11600	/16842784//16091716/1569940/10.08/10.3//2008-9-18 13:4:17
30/600066/宇通客车/10.070	200	10.060	34000	10.050	39000	10.030	23300	10.020	10500	10.100	28250	10.110	2000	10.120	3006	10.140	40000	10.150	11600	/16842784//16176427/1578340/10.07/10.3//2008-9-18 13:5:17
30/600066/宇通客车/10.090	4600	10.080	2000	10.070	800	10.060	34300	10.050	39000	10.100	19150	10.110	2000	10.120	3006	10.140	40000	10.150	11600	/16842784//16377278/1598240/10.09/10.3//2008-9-18 13:6:18
30/600066/宇通客车/10.090	100	10.080	1900	10.070	800	10.060	35300	10.050	39000	10.100	9850	10.120	3006	10.140	40200	10.150	8300	10.190	300	/16842784//16464114/1606840/10.09/10.3//2008-9-18 13:7:18
30/600066/宇通客车/10.090	1000	10.080	1400	10.070	800	10.060	35300	10.050	39000	10.100	4650	10.120	3006	10.140	40200	10.150	8300	10.160	4000	/16842784//16552952/1615640/10.1/10.3//2008-9-18 13:8:19
30/600066/宇通客车/10.080	1000	10.070	800	10.060	35500	10.050	39000	10.030	23300	10.090	400	10.100	4350	10.120	3006	10.140	40200	10.150	8300	/16842784//16574136/1617740/10.08/10.3//2008-9-18 13:9:19
30/600066/宇通客车/10.070	1000	10.060	35500	10.050	39000	10.030	23300	10.020	10000	10.080	1900	10.090	700	10.100	4350	10.120	5806	10.140	40200	/16842784//16595304/1619840/10.08/10.3//2008-9-18 13:10:20
30/600066/宇通客车/10.070	80	10.060	35500	10.050	39000	10.030	23300	10.020	10000	10.090	300	10.100	4350	10.120	5806	10.140	40200	10.150	8300	/16842784//16700235/1630260/10.07/10.3//2008-9-18 13:11:20
30/600066/宇通客车/10.100	18620	10.070	1000	10.060	32380	10.050	39000	10.030	23300	10.120	5806	10.140	40200	10.150	8300	10.160	4100	10.190	300	/16842784//16859382/1646040/10.1/10.3//2008-9-18 13:12:21
30/600066/宇通客车/10.100	9820	10.070	1000	10.060	32380	10.050	39000	10.030	23300	10.120	6406	10.140	40200	10.150	8300	10.160	4100	10.180	1800	/16842784//16964422/1656440/10.1/10.3//2008-9-18 13:13:21
30/600066/宇通客车/10.070	1000	10.060	32780	10.050	39000	10.030	23300	10.020	10000	10.100	969	10.110	2500	10.120	5206	10.140	40200	10.150	8300	/16842784//17083828/1668260/10.1/10.3//2008-9-18 13:14:22
30/600066/宇通客车/10.060	31780	10.050	39000	10.030	23300	10.020	10000	10.010	3300	10.070	47640	10.100	4069	10.110	2500	10.120	6606	10.140	40200	/16842784//17386934/1698360/10.07/10.3//2008-9-18 13:15:22
30/600066/宇通客车/10.060	13220	10.050	39000	10.030	23300	10.020	10000	10.010	2800	10.070	11440	10.100	4519	10.110	2500	10.120	6606	10.140	40200	/16842784//17956308/1754920/10.06/10.3//2008-9-18 13:16:23
30/600066/宇通客车/10.070	8740	10.060	13220	10.050	39000	10.030	23300	10.020	10000	10.100	6519	10.110	2500	10.120	6606	10.140	40200	10.150	8300	/16842784//18137166/1772880/10.07/10.3//2008-9-18 13:17:23
30/600066/宇通客车/10.060	13220	10.050	39000	10.030	23300	10.020	10000	10.010	3800	10.070	6850	10.090	13000	10.100	34519	10.110	2500	10.120	6606	/16842784//18386298/1797620/10.07/10.3//2008-9-18 13:18:24
30/600066/宇通客车/10.030	35400	10.020	10000	10.010	3800	10.000	60400	9.990	200	10.050	28600	10.060	1980	10.070	32550	10.090	13000	10.100	34519	/16842784//18921282/1850840/10.03/10.3//2008-9-18 13:19:24
30/600066/宇通客车/10.020	10000	10.010	2800	10.000	59900	9.990	200	9.980	2500	10.030	12585	10.050	32100	10.060	1980	10.070	27850	10.090	13000	/16842784//19287378/1887340/10.03/10.3//2008-9-18 13:20:25
30/600066/宇通客车/10.010	11100	10.000	88200	9.990	200	9.980	2500	9.940	500	10.020	6300	10.030	3885	10.050	32100	10.060	1980	10.070	27850	/16842784//19451742/1903740/10.01/10.3//2008-9-18 13:21:25
30/600066/宇通客车/10.010	30	10.000	4650	9.990	200	9.980	3500	9.940	18000	10.020	700	10.030	3065	10.050	32100	10.060	1980	10.070	7850	/16842784//20578290/2016360/10.02/10.3//2008-9-18 13:22:26
30/600066/宇通客车/10.020	300	10.010	6100	10.000	40680	9.990	400	9.980	3500	10.030	3065	10.050	30200	10.060	1780	10.070	7850	10.090	13100	/16842784//20616304/2020160/10.02/10.3//2008-9-18 13:23:26
30/600066/宇通客车/10.030	4235	10.020	5700	10.010	6100	10.000	120080	9.990	400	10.050	28700	10.060	1780	10.070	7850	10.090	13100	10.100	6969	/16842784//20666128/2025125/10.05/10.3//2008-9-18 13:24:27
30/600066/宇通客车/10.040	1100	10.030	8035	10.020	13600	10.010	7400	10.000	119980	10.050	7400	10.060	1780	10.070	31750	10.090	13100	10.100	6469	/16842784//20880194/2046425/10.05/10.3//2008-9-18 13:25:27
30/600066/宇通客车/10.070	370	10.030	7835	10.020	13600	10.010	7900	10.000	120680	10.090	13100	10.100	6869	10.110	2500	10.120	1806	10.140	40200	/16842784//21325326/2090655/10.07/10.3//2008-9-18 13:26:28
30/600066/宇通客车/10.110	3500	10.100	1531	10.080	1000	10.070	370	10.050	700	10.120	1806	10.140	40200	10.150	8300	10.160	8200	10.190	300	/16842784//21569330/2114824/10.11/10.3//2008-9-18 13:27:28
30/600066/宇通客车/10.070	370	10.050	700	10.030	5200	10.020	12300	10.010	7900	10.080	1000	10.100	23969	10.120	1300	10.140	40200	10.150	8300	/16842784//21759542/2133655/10.08/10.3//2008-9-18 13:28:29
30/600066/宇通客车/10.070	2470	10.050	700	10.030	4200	10.020	12300	10.010	8000	10.100	23939	10.120	1100	10.140	40200	10.150	8300	10.160	8100	/16842784//22052346/2162655/10.1/10.3//2008-9-18 13:29:29
30/600066/宇通客车/10.080	100	10.030	2470	10.020	12000	10.010	4900	10.000	121880	10.100	23939	10.120	2000	10.130	4060	10.140	40200	10.150	8300	/16842784//22107576/2168155/10.07/10.3//2008-9-18 13:30:30
30/600066/宇通客车/10.060	5000	10.030	4270	10.020	17900	10.010	6500	10.000	122980	10.100	16369	10.120	2000	10.130	4060	10.140	40200	10.150	8300	/16842784//22183296/2175655/10.03/10.3//2008-9-18 13:31:30
30/600066/宇通客车/10.060	5000	10.050	100	10.030	9970	10.020	17900	10.010	5000	10.100	4069	10.120	1000	10.130	4060	10.140	40200	10.150	8300	/16842784//22323686/2189555/10.1/10.3//2008-9-18 13:32:31
30/600066/宇通客车/10.120	16000	10.100	60831	10.070	2200	10.060	10000	10.050	100	10.150	1780	10.160	8100	10.190	300	10.200	51320	10.220	1100	/16842784//23021964/2258424/10.15/10.3//2008-9-18 13:33:31
30/600066/宇通客车/10.170	10000	10.160	1800	10.130	400	10.120	6000	10.110	200	10.180	15000	10.200	5400	10.220	1100	10.230	200	10.250	5700	/16842784//23562262/2311424/10.2/10.3//2008-9-18 13:34:32
30/600066/宇通客车/10.230	2000	10.210	9800	10.200	11100	10.180	31600	10.170	10000	10.250	600	10.260	2600	10.270	2000	10.280	8480	10.290	4400	/16842784//23830498/2337724/10.25/10.3//2008-9-18 13:35:32
30/600066/宇通客车/10.230	500	10.220	2000	10.210	9500	10.200	300	10.180	29400	10.250	23800	10.260	800	10.270	2000	10.280	8480	10.290	4400	/16842784//23909392/2345424/10.25/10.3//2008-9-18 13:36:33
30/600066/宇通客车/10.260	200	10.250	2000	10.240	300	10.230	3000	10.220	2400	10.270	1300	10.280	8480	10.290	3400	10.300	11719	10.310	200	/16842784//24206636/2374424/10.25/10.3//2008-9-18 13:37:34
30/600066/宇通客车/10.270	600	10.250	2300	10.240	30000	10.230	3000	10.220	400	10.280	28480	10.290	3400	10.300	11719	10.310	200	10.330	3499	/16842784//24227168/2376424/10.27/10.3//2008-9-18 13:38:34
30/600066/宇通客车/10.250	900	10.240	30000	10.230	3000	10.220	400	10.210	9500	10.260	900	10.270	1400	10.280	24580	10.290	4870	10.300	12119	/16842784//24350510/2388424/10.26/10.3//2008-9-18 13:39:35
30/600066/宇通客车/10.240	30000	10.230	3000	10.220	400	10.210	9500	10.200	400	10.250	5000	10.260	900	10.270	2300	10.280	24580	10.290	4870	/16842784//24364860/2389824/10.25/10.3//2008-9-18 13:40:35
30/600066/宇通客车/10.230	2900	10.220	400	10.210	9500	10.200	400	10.180	20700	10.240	6200	10.250	25400	10.260	900	10.270	2800	10.280	24580	/16842784//24673082/2419924/10.23/10.3//2008-9-18 13:41:36
30/600066/宇通客车/10.220	300	10.210	10400	10.200	500	10.180	20700	10.160	1000	10.230	1000	10.240	3200	10.250	21300	10.260	900	10.270	2700	/16842784//24701700/2422724/10.23/10.3//2008-9-18 13:42:36
30/600066/宇通客车/10.280	4920	10.240	1000	10.210	700	10.200	600	10.180	20400	10.290	4570	10.300	13518	10.330	3499	10.340	500	10.350	4950	/16842784//25355784/2486504/10.28/10.3//2008-9-18 13:43:37
30/600066/宇通客车/10.290	100	10.280	5920	10.230	2000	10.220	200	10.210	500	10.300	14518	10.330	3499	10.340	25500	10.350	4950	10.380	3440	/16842784//25509214/2501404/10.3/10.3//2008-9-18 13:44:37
30/600066/宇通客车/10.300	48582	10.290	5200	10.280	20120	10.230	2000	10.220	200	10.330	3499	10.340	25500	10.350	4950	10.380	3440	10.390	14600	/16842784//25679410/2517922/10.33/10.3//2008-9-18 13:45:38
30/600066/宇通客车/10.330	2600	10.310	200	10.300	48182	10.290	5200	10.280	20120	10.340	16699	10.350	4650	10.380	3440	10.390	14600	10.400	3749	/16842784//25810690/2530622/10.33/10.3//2008-9-18 13:46:39
30/600066/宇通客车/10.330	4200	10.310	100	10.300	47182	10.290	5200	10.280	20120	10.340	10999	10.350	4650	10.380	3440	10.390	14600	10.400	3049	/16842784//25896488/2538922/10.34/10.3//2008-9-18 13:47:39
30/600066/宇通客车/10.330	400	10.310	100	10.300	46282	10.290	2600	10.280	20120	10.340	899	10.350	5150	10.380	440	10.390	14600	10.400	3049	/16842784//26129118/2561422/10.34/10.3//2008-9-18 13:48:40
30/600066/宇通客车/10.290	2600	10.280	20120	10.250	700	10.220	200	10.210	600	10.300	1468	10.340	16959	10.350	36000	10.380	940	10.390	14600	/16842784//27244318/2669636/10.3/10.3//2008-9-18 13:49:40
30/600066/宇通客车/10.220	6700	10.210	600	10.200	1000	10.180	20400	10.150	10000	10.280	3130	10.290	1600	10.300	3418	10.330	1770	10.340	16160	/16842784//27032446/2649124/10.28/10.3//2008-9-18 13:50:41
30/600066/宇通客车/10.220	2800	10.210	300	10.200	1500	10.180	20400	10.150	13500	10.280	4830	10.290	2250	10.300	23668	10.330	6070	10.340	16160	/16842784//27627266/2707424/10.22/10.3//2008-9-18 13:51:41
30/600066/宇通客车/10.220	1400	10.210	4300	10.200	1500	10.190	24500	10.180	20400	10.260	1799	10.270	16800	10.280	1700	10.290	2250	10.300	23668	/16842784//27658986/2710524/10.22/10.3//2008-9-18 13:52:42
30/600066/宇通客车/10.230	770	10.210	16800	10.200	1600	10.190	24500	10.180	20400	10.260	3050	10.270	16800	10.280	1700	10.290	2050	10.300	24467	/16842784//27690974/2713654/10.22/10.3//2008-9-18 13:53:42
30/600066/宇通客车/10.210	16300	10.200	1600	10.190	24500	10.180	20400	10.150	13500	10.220	429	10.260	1050	10.270	15800	10.280	1900	10.290	1650	/16842784//27723378/2716824/10.22/10.3//2008-9-18 13:54:43
30/600066/宇通客车/10.220	400	10.210	15371	10.200	2500	10.190	24500	10.180	20400	10.260	799	10.270	14000	10.280	400	10.290	1650	10.300	23668	/16842784//27767710/2721153/10.22/10.3//2008-9-18 13:55:44
30/600066/宇通客车/10.220	2000	10.210	17871	10.200	2500	10.190	24500	10.180	20400	10.260	399	10.270	14000	10.280	400	10.290	6650	10.300	24168	/16842784//27771814/2721553/10.26/10.3//2008-9-18 13:56:44
30/600066/宇通客车/10.200	71	10.180	20400	10.150	13500	10.130	1300	10.120	6000	10.220	4700	10.260	1800	10.270	11199	10.280	400	10.290	5650	/16842784//28046700/2748453/10.2/10.3//2008-9-18 13:57:45
30/600066/宇通客车/10.200	1571	10.180	21400	10.150	13500	10.130	1300	10.120	6000	10.220	2870	10.260	1800	10.270	11199	10.280	400	10.290	5650	/16842784//28077348/2751453/10.22/10.3//2008-9-18 13:58:45
30/600066/宇通客车/10.220	130	10.210	200	10.200	1971	10.190	2200	10.180	24100	10.240	500	10.260	3300	10.270	11199	10.280	400	10.290	5650	/16842784//28136012/2757193/10.22/10.3//2008-9-18 13:59:46
30/600066/宇通客车/10.240	300	10.210	6800	10.200	2171	10.190	2200	10.180	24100	10.270	3169	10.280	400	10.290	5650	10.300	24018	10.330	5670	/16842784//28238346/2767153/10.27/10.3//2008-9-18 14:0:47
30/600066/宇通客车/10.210	7200	10.200	12671	10.190	2200	10.180	24100	10.150	13500	10.270	3169	10.280	1400	10.290	5650	10.300	23518	10.330	5670	/16842784//28258780/2769153/10.21/10.3//2008-9-18 14:1:47
30/600066/宇通客车/10.180	17171	10.150	48500	10.130	1300	10.120	6000	10.110	100	10.200	21500	10.210	1000	10.250	5120	10.260	4065	10.270	24069	/16842784//28785012/2820753/10.2/10.3//2008-9-18 14:2:48
30/600066/宇通客车/10.180	15471	10.150	48500	10.130	900	10.120	6000	10.110	100	10.200	21000	10.210	1000	10.250	5120	10.260	4065	10.270	24069	/16842784//28803352/2822553/10.18/10.3//2008-9-18 14:3:48
30/600066/宇通客车/10.150	3571	10.130	900	10.120	6000	10.110	500	10.100	53231	10.190	200	10.200	21000	10.210	1000	10.250	5120	10.270	24069	/16842784//29428056/2884053/10.15/10.3//2008-9-18 14:4:49
30/600066/宇通客车/10.150	3921	10.130	7700	10.120	6000	10.110	4000	10.100	103031	10.200	21000	10.210	1000	10.250	5120	10.270	24069	10.280	1400	/16842784//29577274/2898703/10.15/10.3//2008-9-18 14:5:50
30/600066/宇通客车/10.150	4521	10.130	7700	10.120	6000	10.110	6100	10.100	103931	10.200	19200	10.210	1000	10.250	5120	10.270	24069	10.280	6300	/16842784//29602754/2901203/10.2/10.3//2008-9-18 14:6:50
30/600066/宇通客车/10.160	1400	10.150	4821	10.130	7700	10.120	6000	10.110	6100	10.200	17500	10.210	1000	10.250	5120	10.260	100	10.270	24069	/16842784//29620094/2902903/10.2/10.3//2008-9-18 14:7:51
30/600066/宇通客车/10.130	7700	10.120	6000	10.110	6100	10.100	103731	10.090	600	10.150	27679	10.200	4600	10.210	1000	10.250	5120	10.260	100	/16842784//29977226/2938024/10.15/10.3//2008-9-18 14:8:51
30/600066/宇通客车/10.160	11100	10.150	34921	10.130	15200	10.120	6000	10.110	6800	10.200	4600	10.210	1000	10.250	5120	10.260	100	10.270	24069	/16842784//30258168/2965703/10.15/10.3//2008-9-18 14:9:52
30/600066/宇通客车/10.180	3500	10.170	11800	10.160	27900	10.150	44100	10.130	13800	10.200	2100	10.210	1400	10.250	5120	10.260	100	10.270	24069	/16842784//30283668/2968203/10.2/10.3//2008-9-18 14:10:53
30/600066/宇通客车/10.250	2000	10.220	3700	10.210	1200	10.200	30700	10.180	2000	10.270	9989	10.280	1900	10.290	15000	10.300	24618	10.330	5670	/16842784//30578810/2997003/10.27/10.3//2008-9-18 14:11:53
30/600066/宇通客车/10.270	1000	10.220	300	10.210	36100	10.200	20546	10.180	3900	10.280	500	10.290	15000	10.300	24618	10.330	6170	10.340	13160	/16842784//31233528/3060857/10.25/10.3//2008-9-18 14:12:54
30/600066/宇通客车/10.250	14000	10.220	1000	10.210	36100	10.200	20746	10.180	3800	10.270	2565	10.280	1400	10.290	15000	10.300	24618	10.330	6170	/16842784//31264338/3063857/10.27/10.3//2008-9-18 14:13:55
30/600066/宇通客车/10.250	14300	10.220	3800	10.210	36100	10.200	20546	10.180	4100	10.270	1065	10.280	1800	10.290	15000	10.300	24618	10.330	6170	/16842784//31281798/3065557/10.27/10.3//2008-9-18 14:14:55
30/600066/宇通客车/10.260	500	10.250	11185	10.240	400	10.220	3800	10.210	36100	10.280	1800	10.290	15000	10.300	23518	10.330	6170	10.340	10560	/16842784//31334266/3070672/10.25/10.3//2008-9-18 14:15:56
30/600066/宇通客车/10.260	2900	10.250	14285	10.240	400	10.220	4100	10.210	36100	10.280	20400	10.290	15000	10.300	23618	10.330	6170	10.340	10560	/16842784//31349686/3072172/10.28/10.3//2008-9-18 14:16:56
30/600066/宇通客车/10.260	100	10.250	14185	10.240	900	10.220	2800	10.210	36100	10.280	13900	10.290	15000	10.300	23618	10.330	6170	10.340	10760	/16842784//31442166/3081172/10.28/10.3//2008-9-18 14:17:57
30/600066/宇通客车/10.280	7400	10.260	2100	10.250	14685	10.240	900	10.220	2800	10.290	5800	10.300	23618	10.330	6270	10.340	10760	10.350	39300	/16842784//31679726/3104272/10.29/10.3//2008-9-18 14:18:58
30/600066/宇通客车/10.330	1000	10.320	25982	10.300	5000	10.290	15500	10.280	800	10.350	4460	10.380	840	10.390	14600	10.400	3050	10.430	2000	/16842784//32514414/3185090/10.35/10.3//2008-9-18 14:19:58
30/600066/宇通客车/10.430	22000	10.400	27110	10.380	13800	10.370	200	10.350	14240	10.450	150	10.460	100	10.500	27700	10.510	100	10.530	1500	/16842784//32630188/3196240/10.43/10.3//2008-9-18 14:20:59
30/600066/宇通客车/10.500	8300	10.490	400	10.470	400	10.460	2500	10.450	24950	10.510	100	10.530	1500	10.540	200	10.550	950	10.570	100	/16842784//33250192/3255290/10.5/10.3//2008-9-18 14:22:0
30/600066/宇通客车/10.570	4300	10.550	3650	10.520	2000	10.510	5200	10.500	7500	10.580	3600	10.590	6500	10.600	5590	10.620	600	10.670	500	/16842784//33313978/3261340/10.57/10.3//2008-9-18 14:23:0
30/600066/宇通客车/10.580	5400	10.570	12400	10.560	300	10.550	3350	10.520	600	10.590	2900	10.600	90167	10.620	600	10.670	700	10.680	3000	/16842784//33454740/3274640/10.59/10.3//2008-9-18 14:24:1
30/600066/宇通客车/10.570	11900	10.560	300	10.550	2850	10.520	600	10.510	2200	10.580	10300	10.590	13100	10.600	84867	10.620	1600	10.670	700	/16842784//33825312/3309640/10.58/10.3//2008-9-18 14:25:2
30/600066/宇通客车/10.510	1450	10.500	20600	10.470	400	10.450	13550	10.440	5000	10.520	900	10.550	9900	10.560	4900	10.570	26450	10.580	10400	/16842784//34044952/3330440/10.52/10.3//2008-9-18 14:26:2
30/600066/宇通客车/10.500	10700	10.470	400	10.450	11850	10.440	5000	10.430	500	10.510	50	10.540	200	10.550	9900	10.560	4400	10.570	14250	/16842784//34198840/3345090/10.51/10.3//2008-9-18 14:27:3
30/600066/宇通客车/10.500	6750	10.470	400	10.450	16000	10.440	5000	10.430	500	10.540	1200	10.550	10200	10.560	4400	10.570	7400	10.580	10300	/16842784//34282344/3353040/10.5/10.3//2008-9-18 14:28:4
30/600066/宇通客车/10.550	29470	10.510	200	10.500	2150	10.470	900	10.450	16000	10.560	4400	10.570	7200	10.580	11800	10.600	84177	10.620	600	/16842784//34675704/3390370/10.55/10.3//2008-9-18 14:29:4
30/600066/宇通客车/10.550	26380	10.510	200	10.500	2150	10.470	900	10.450	16000	10.560	550	10.570	7700	10.580	11500	10.600	86177	10.620	600	/16842784//34814972/3403560/10.56/10.3//2008-9-18 14:30:5
30/600066/宇通客车/10.550	24780	10.540	500	10.510	200	10.500	1150	10.470	900	10.570	400	10.580	1300	10.590	4900	10.600	86177	10.670	700	/16842784//35199352/3439910/10.55/10.3//2008-9-18 14:31:6
30/600066/宇通客车/10.550	48280	10.540	500	10.510	200	10.500	150	10.470	900	10.570	1000	10.580	200	10.600	3577	10.670	700	10.690	1200	/16842784//36267172/3540710/10.55/10.3//2008-9-18 14:32:6
30/600066/宇通客车/10.550	49680	10.540	500	10.510	200	10.500	150	10.470	900	10.560	13300	10.580	200	10.600	6577	10.670	500	10.690	1200	/16842784//36360092/3549510/10.56/10.3//2008-9-18 14:33:7
30/600066/宇通客车/10.550	48580	10.540	500	10.510	200	10.500	150	10.470	900	10.560	16900	10.580	200	10.590	1500	10.600	4877	10.670	580	/16842784//36456172/3558610/10.55/10.3//2008-9-18 14:34:8
30/600066/宇通客车/10.560	1000	10.550	50180	10.540	500	10.500	150	10.470	900	10.580	200	10.590	1500	10.600	4877	10.670	580	10.690	1200	/16842784//36636744/3575710/10.56/10.3//2008-9-18 14:35:8
30/600066/宇通客车/10.580	9000	10.550	50180	10.540	500	10.500	150	10.470	900	10.590	2300	10.600	9677	10.670	580	10.690	1200	10.700	1950	/16842784//36677996/3579610/10.59/10.3//2008-9-18 14:36:9
30/600066/宇通客车/10.580	1300	10.550	50180	10.540	500	10.500	150	10.470	900	10.590	9000	10.600	11777	10.670	980	10.690	1200	10.700	1950	/16842784//36781744/3589410/10.58/10.3//2008-9-18 14:37:10
30/600066/宇通客车/10.550	49580	10.540	500	10.500	250	10.470	900	10.450	16000	10.560	200	10.590	13500	10.600	11777	10.650	1200	10.670	3380	/16842784//36828312/3593810/10.56/10.3//2008-9-18 14:38:10
30/600066/宇通客车/10.550	36603	10.540	500	10.500	50250	10.470	900	10.450	16000	10.580	1000	10.640	2898	10.650	2000	10.670	3380	10.690	1200	/16842784//37253464/3633987/10.55/10.3//2008-9-18 14:39:11
30/600066/宇通客车/10.560	4000	10.550	24129	10.540	500	10.500	50150	10.470	900	10.570	1000	10.580	5400	10.600	3000	10.640	2898	10.650	2800	/16842784//37408300/3648661/10.56/10.3//2008-9-18 14:40:12
30/600066/宇通客车/10.550	24529	10.540	500	10.500	50150	10.470	900	10.450	16000	10.560	4660	10.570	1100	10.580	5400	10.600	3400	10.640	2898	/16842784//37439980/3651661/10.56/10.3//2008-9-18 14:41:12
30/600066/宇通客车/10.550	18329	10.540	500	10.500	50150	10.470	900	10.450	16000	10.560	5360	10.570	1750	10.580	5400	10.600	3400	10.640	2898	/16842784//37505388/3657861/10.55/10.3//2008-9-18 14:42:13
30/600066/宇通客车/10.560	25250	10.550	16129	10.540	700	10.500	650	10.470	900	10.570	1300	10.580	5400	10.600	3400	10.640	2898	10.650	2200	/16842784//37757752/3681761/10.56/10.3//2008-9-18 14:43:14
30/600066/宇通客车/10.560	24350	10.550	16129	10.540	700	10.500	650	10.470	900	10.570	600	10.600	900	10.640	2898	10.650	2200	10.670	2380	/16842784//37765924/3682511/10.57/10.3//2008-9-18 14:44:14
30/600066/宇通客车/10.560	24350	10.550	16129	10.540	700	10.500	650	10.470	900	10.570	2400	10.600	5600	10.630	130	10.640	2000	10.650	2200	/16842784//37781776/3684011/10.57/10.3//2008-9-18 14:45:15
30/600066/宇通客车/10.560	17350	10.550	16129	10.540	700	10.500	650	10.470	400	10.570	3290	10.580	2000	10.600	4670	10.630	130	10.640	2000	/16842784//37856756/3691111/10.56/10.3//2008-9-18 14:46:16
30/600066/宇通客车/10.550	17129	10.540	700	10.500	650	10.470	400	10.450	16000	10.600	3640	10.630	130	10.640	2000	10.650	12300	10.670	2380	/16842784//38195516/3723161/10.6/10.3//2008-9-18 14:47:16
30/600066/宇通客车/10.500	1150	10.470	400	10.450	16000	10.400	10710	10.380	5800	10.540	4800	10.550	7471	10.560	3500	10.580	300	10.600	3860	/16842784//38388880/3741490/10.54/10.3//2008-9-18 14:48:17
30/600066/宇通客车/10.480	3700	10.470	24400	10.450	16000	10.400	10710	10.380	5800	10.500	4650	10.530	3000	10.540	6000	10.550	2371	10.560	3800	/16842784//38410940/3743590/10.5/10.3//2008-9-18 14:49:18
30/600066/宇通客车/10.470	21900	10.450	16000	10.400	10710	10.380	5800	10.350	700	10.500	4550	10.530	3000	10.540	6000	10.550	2371	10.560	3800	/16842784//38534148/3755340/10.5/10.3//2008-9-18 14:50:18
30/600066/宇通客车/10.480	8000	10.470	21900	10.450	16000	10.400	10710	10.380	5800	10.490	200	10.500	850	10.530	3860	10.540	5900	10.550	2371	/16842784//38623316/3763840/10.48/10.3//2008-9-18 14:51:19
30/600066/宇通客车/10.480	9600	10.470	21400	10.450	16000	10.400	10710	10.380	5800	10.500	850	10.520	700	10.530	3860	10.540	5900	10.550	2371	/16842784//38664200/3767740/10.48/10.3//2008-9-18 14:52:20
30/600066/宇通客车/10.500	39650	10.490	300	10.480	15000	10.470	21400	10.450	16000	10.520	1200	10.530	3860	10.540	5900	10.550	2371	10.560	3800	/16842784//38709316/3772040/10.5/10.3//2008-9-18 14:53:21
30/600066/宇通客车/10.500	59150	10.480	11000	10.470	21400	10.450	16000	10.400	10710	10.510	1900	10.520	1200	10.530	3860	10.540	5900	10.550	2371	/16842784//38713008/3772390/10.51/10.3//2008-9-18 14:54:21
30/600066/宇通客车/10.500	57650	10.480	10500	10.470	21400	10.450	16000	10.400	10710	10.510	100	10.520	1200	10.530	3860	10.540	3900	10.550	2371	/16842784//38772900/3778090/10.51/10.3//2008-9-18 14:55:22
30/600066/宇通客车/10.540	9840	10.520	200	10.510	4300	10.500	58250	10.480	10500	10.600	2411	10.640	2000	10.650	12000	10.670	3300	10.690	1700	/16842784//39003656/3799950/10.54/10.3//2008-9-18 14:56:23
30/600066/宇通客车/10.540	6840	10.510	1000	10.500	58950	10.480	10500	10.470	21400	10.570	200	10.600	2991	10.630	1000	10.640	2000	10.650	12200	/16842784//39040544/3803450/10.54/10.3//2008-9-18 14:57:23
30/600066/宇通客车/10.600	429	10.550	200	10.540	12340	10.510	1000	10.500	58350	10.630	1000	10.650	12200	10.670	3300	10.690	1700	10.700	3750	/16842784//39159772/3814721/10.6/10.3//2008-9-18 14:58:24
30/600066/宇通客车/10.550	1940	10.540	12340	10.510	4000	10.500	58350	10.480	10500	10.600	8800	10.630	300	10.640	7000	10.650	2771	10.670	5300	/16842784//39319164/3829710/10.55/10.3//2008-9-18 14:59:25
30/600066/宇通客车/10.600	1100	10.550	3140	10.540	12340	10.510	4000	10.500	57850	10.630	2500	10.640	7000	10.650	3271	10.670	4300	10.690	1700	/16842784//39481344/3845010/10.6/10.3//2008-9-18 15:0:26
30/600066/宇通客车/10.600	1100	10.550	3140	10.540	12340	10.510	4000	10.500	57850	10.630	2500	10.640	7000	10.650	3271	10.670	4300	10.690	1700	/16842784//39481344/3845010/10.6/10.3//2008-9-18 15:1:26
30/600066/宇通客车/10.600	1100	10.550	3140	10.540	12340	10.510	4000	10.500	57850	10.630	2500	10.640	7000	10.650	3271	10.670	4300	10.690	1700	/16842784//39481344/3845010/10.6/10.3//2008-9-18 15:2:27
