45/600081/东风科技/3.340	2300	3.330	1400	3.310	1600	3.300	2500	3.280	3000	3.350	6700	3.370	10000	3.400	10000	3.440	5000	3.450	7600	/16842799//27084/8100/3.34/3.45//2008-9-18 9:31:34
45/600081/东风科技/3.330	1400	3.310	1600	3.300	3500	3.280	3000	3.250	26700	3.340	200	3.370	10000	3.400	10000	3.440	5000	3.450	15900	/16842799//85390/25500/3.34/3.45//2008-9-18 9:32:35
45/600081/东风科技/3.340	7100	3.330	1400	3.310	1600	3.300	4500	3.280	3000	3.400	10000	3.440	8000	3.450	13900	3.460	10000	3.480	20900	/16842799//120769/36000/3.37/3.45//2008-9-18 9:33:35
45/600081/东风科技/3.360	100	3.350	4100	3.340	3000	3.330	1803	3.310	1600	3.370	500	3.390	8000	3.400	9000	3.440	10000	3.450	13600	/16842799//182243/54394/3.33/3.45//2008-9-18 9:34:35
45/600081/东风科技/3.340	500	3.330	4203	3.310	2400	3.300	4500	3.280	3000	3.350	500	3.370	500	3.380	4300	3.390	8000	3.400	9000	/16842799//177637/52997/3.34/3.45//2008-9-18 9:35:35
45/600081/东风科技/3.330	1903	3.310	2400	3.300	4800	3.280	3000	3.250	26700	3.340	4200	3.350	500	3.370	500	3.380	3500	3.390	8000	/16842799//193963/57897/3.34/3.45//2008-9-18 9:36:36
45/600081/东风科技/3.280	3000	3.260	2000	3.250	26700	3.240	2000	3.210	700	3.300	3457	3.330	2097	3.340	3900	3.350	500	3.370	2200	/16842799//229419/68600/3.3/3.45//2008-9-18 9:37:36
45/600081/东风科技/3.260	3900	3.250	26700	3.240	2000	3.210	700	3.200	6500	3.280	2200	3.290	11697	3.300	4457	3.340	3900	3.350	500	/16842799//251743/75400/3.28/3.45//2008-9-18 9:38:36
45/600081/东风科技/3.250	28100	3.240	2000	3.220	1000	3.210	700	3.200	8000	3.260	600	3.280	3200	3.290	11697	3.300	4457	3.340	3900	/16842799//282059/84700/3.25/3.45//2008-9-18 9:39:36
45/600081/东风科技/3.270	1000	3.260	400	3.250	26500	3.240	2000	3.220	1000	3.280	2600	3.290	11697	3.300	3457	3.340	3900	3.370	4800	/16842799//360923/108900/3.28/3.45//2008-9-18 9:40:36
45/600081/东风科技/3.270	4000	3.260	16400	3.250	26500	3.240	2000	3.220	1600	3.280	11300	3.290	11300	3.300	3457	3.340	3900	3.350	600	/16842799//369093/111400/3.27/3.45//2008-9-18 9:41:37
45/600081/东风科技/3.270	8800	3.260	13400	3.250	29000	3.240	2000	3.220	1600	3.280	4400	3.300	3457	3.340	3900	3.350	600	3.370	4800	/16842799//396603/119800/3.27/3.45//2008-9-18 9:42:37
45/600081/东风科技/3.320	543	3.280	8700	3.270	3000	3.260	36200	3.250	30000	3.340	3900	3.350	600	3.370	4800	3.380	1000	3.400	22600	/16842799//459773/139057/3.3/3.45//2008-9-18 9:43:37
45/600081/东风科技/3.320	1143	3.300	21500	3.280	8800	3.270	2200	3.260	36200	3.340	3900	3.350	600	3.370	1000	3.380	2000	3.390	3300	/16842799//460105/139157/3.32/3.45//2008-9-18 9:44:37
45/600081/东风科技/3.340	2600	3.330	1500	3.320	1143	3.300	28800	3.280	8800	3.350	600	3.360	5000	3.370	1000	3.380	2000	3.390	8300	/16842799//474801/143557/3.34/3.45//2008-9-18 9:45:37
45/600081/东风科技/3.330	1100	3.320	1143	3.300	30600	3.280	8800	3.270	2000	3.340	2600	3.350	9000	3.360	5000	3.370	500	3.380	2000	/16842799//487157/147257/3.33/3.45//2008-9-18 9:46:38
45/600081/东风科技/3.320	943	3.300	30600	3.280	8800	3.270	2000	3.260	35700	3.330	4400	3.340	6400	3.350	7400	3.360	5000	3.370	500	/16842799//494494/149457/3.33/3.45//2008-9-18 9:47:38
45/600081/东风科技/3.330	3500	3.320	943	3.300	30600	3.280	8800	3.270	2000	3.340	5400	3.350	7400	3.360	6500	3.370	500	3.380	2000	/16842799//516139/155957/3.33/3.45//2008-9-18 9:48:38
45/600081/东风科技/3.320	943	3.310	100	3.300	23300	3.280	8800	3.270	2000	3.330	6000	3.340	5400	3.350	700	3.360	6500	3.370	500	/16842799//531124/160457/3.33/3.45//2008-9-18 9:49:39
45/600081/东风科技/3.320	943	3.310	100	3.300	24000	3.280	8800	3.270	2000	3.330	6000	3.340	5400	3.350	700	3.360	6500	3.370	500	/16842799//531124/160457/3.33/3.45//2008-9-18 9:50:39
45/600081/东风科技/3.320	1443	3.310	100	3.300	24000	3.280	8800	3.270	2000	3.330	4000	3.340	5400	3.350	700	3.360	6500	3.370	500	/16842799//538116/162557/3.33/3.45//2008-9-18 9:51:39
45/600081/东风科技/3.310	20100	3.300	23500	3.280	8900	3.270	2000	3.260	40100	3.320	4257	3.330	4000	3.340	5400	3.350	700	3.360	6500	/16842799//546891/165200/3.32/3.45//2008-9-18 9:52:39
45/600081/东风科技/3.300	8600	3.280	8900	3.270	2000	3.260	41100	3.250	29700	3.320	2857	3.330	6800	3.340	5400	3.350	10700	3.360	6500	/16842799//624856/188800/3.3/3.45//2008-9-18 9:53:40
45/600081/东风科技/3.300	3100	3.280	5400	3.270	2000	3.260	41100	3.250	37800	3.320	8157	3.330	4000	3.340	4900	3.350	10700	3.360	6500	/16842799//638716/193000/3.3/3.45//2008-9-18 9:54:40
45/600081/东风科技/3.280	5400	3.270	1000	3.260	41100	3.250	37800	3.240	3000	3.290	1400	3.320	12157	3.330	4000	3.340	4900	3.350	10700	/16842799//648946/196100/3.3/3.45//2008-9-18 9:55:40
45/600081/东风科技/3.270	13100	3.260	41100	3.250	37800	3.240	13000	3.230	3200	3.280	800	3.290	1400	3.320	11157	3.330	4000	3.340	4900	/16842799//671237/202900/3.27/3.45//2008-9-18 9:56:41
45/600081/东风科技/3.290	700	3.280	16600	3.270	2600	3.260	40100	3.250	39800	3.320	12257	3.330	4000	3.340	4900	3.350	10400	3.360	5000	/16842799//745570/225600/3.29/3.45//2008-9-18 9:57:41
45/600081/东风科技/3.300	1100	3.290	700	3.280	16800	3.270	2600	3.260	37700	3.320	6300	3.340	4900	3.350	10400	3.360	5000	3.370	500	/16842799//745570/225600/3.29/3.45//2008-9-18 9:58:41
45/600081/东风科技/3.290	700	3.280	16800	3.270	3100	3.260	37700	3.250	41800	3.300	900	3.320	6300	3.340	4900	3.350	10400	3.360	5000	/16842799//744924/225400/3.3/3.45//2008-9-18 9:59:41
45/600081/东风科技/3.280	1200	3.270	3100	3.260	37700	3.250	42700	3.240	13000	3.320	5700	3.340	9900	3.350	10400	3.360	15400	3.370	500	/16842799//810585/245400/3.28/3.45//2008-9-18 10:0:42
45/600081/东风科技/3.270	2300	3.260	35700	3.250	48700	3.240	13000	3.230	3200	3.280	29000	3.300	13500	3.320	5700	3.340	9900	3.350	10400	/16842799//817137/247400/3.27/3.45//2008-9-18 10:1:42
45/600081/东风科技/3.250	56400	3.240	14000	3.230	3200	3.220	2600	3.210	5200	3.260	1000	3.270	11800	3.280	27000	3.300	13500	3.320	5700	/16842799//1338872/407700/3.25/3.25//2008-9-18 10:2:42
45/600081/东风科技/3.250	29707	3.240	12000	3.230	3200	3.220	2600	3.210	5200	3.270	9300	3.280	27500	3.300	10500	3.320	5700	3.340	9900	/16842799//1190026/361993/3.25/3.25//2008-9-18 10:3:42
45/600081/东风科技/3.250	3307	3.240	12000	3.230	3300	3.220	2600	3.210	8000	3.260	6900	3.270	4000	3.280	27500	3.300	10500	3.320	1700	/16842799//1309631/398793/3.25/3.25//2008-9-18 10:4:43
45/600081/东风科技/3.240	10807	3.230	3300	3.220	2600	3.210	6400	3.200	12000	3.260	6900	3.270	4000	3.280	1000	3.300	10500	3.320	1700	/16842799//1316109/400793/3.24/3.25//2008-9-18 10:5:43
45/600081/东风科技/3.250	2100	3.240	4807	3.230	3300	3.220	2600	3.210	6400	3.260	11600	3.270	4000	3.280	1000	3.300	10500	3.320	1400	/16842799//1363184/415293/3.25/3.25//2008-9-18 10:6:43
45/600081/东风科技/3.250	5600	3.240	5907	3.230	3300	3.220	2600	3.210	6400	3.260	11600	3.270	1000	3.280	1000	3.300	10500	3.320	1400	/16842799//1377809/419793/3.25/3.25//2008-9-18 10:7:44
45/600081/东风科技/3.240	6407	3.230	3300	3.220	2600	3.210	11400	3.200	8100	3.250	6899	3.260	11600	3.280	1000	3.300	12600	3.320	1400	/16842799//1400559/426793/3.25/3.25//2008-9-18 10:8:44
45/600081/东风科技/3.250	501	3.240	13607	3.230	3300	3.220	4000	3.210	11400	3.260	4700	3.280	1000	3.300	11000	3.320	1600	3.330	100	/16842799//1450278/442092/3.25/3.25//2008-9-18 10:9:44
45/600081/东风科技/3.250	4101	3.240	14107	3.230	3300	3.220	4000	3.210	11400	3.260	1500	3.280	1000	3.300	11000	3.320	1600	3.330	100	/16842799//1460710/445292/3.26/3.25//2008-9-18 10:10:44
45/600081/东风科技/3.250	6601	3.240	14107	3.230	3300	3.220	3600	3.210	11400	3.260	3600	3.280	1000	3.300	11000	3.320	1600	3.330	100	/16842799//1471129/448492/3.25/3.25//2008-9-18 10:11:45
45/600081/东风科技/3.240	14107	3.230	3300	3.220	3600	3.210	11400	3.200	13100	3.250	19300	3.280	1000	3.290	1500	3.300	11000	3.320	1600	/16842799//1529074/466292/3.25/3.25//2008-9-18 10:12:45
45/600081/东风科技/3.240	12507	3.230	3300	3.220	3600	3.210	11400	3.200	14100	3.250	17500	3.280	1000	3.290	2500	3.300	11000	3.320	1600	/16842799//1548883/472392/3.25/3.25//2008-9-18 10:13:45
45/600081/东风科技/3.240	12507	3.230	3300	3.220	3600	3.210	11400	3.200	14200	3.250	19500	3.280	1000	3.290	2500	3.300	11000	3.320	1300	/16842799//1554408/474092/3.25/3.25//2008-9-18 10:14:46
45/600081/东风科技/3.240	3207	3.230	3300	3.220	6600	3.210	11400	3.200	14200	3.250	19700	3.280	500	3.290	2500	3.300	11000	3.320	1300	/16842799//1589087/484792/3.25/3.25//2008-9-18 10:15:46
45/600081/东风科技/3.230	3300	3.220	6600	3.210	11900	3.200	13800	3.190	1700	3.240	11493	3.250	2000	3.280	1100	3.290	2500	3.300	11000	/16842799//1631237/497799/3.24/3.25//2008-9-18 10:16:46
45/600081/东风科技/3.240	1607	3.230	1000	3.210	3000	3.200	12200	3.190	1700	3.250	2000	3.280	2100	3.290	2500	3.300	16000	3.320	1300	/16842799//1750744/534892/3.24/3.25//2008-9-18 10:17:47
45/600081/东风科技/3.250	1000	3.240	3107	3.230	1000	3.200	14300	3.190	1700	3.280	2100	3.290	4000	3.300	16000	3.320	1300	3.330	100	/16842799//1760160/537792/3.25/3.25//2008-9-18 10:18:47
45/600081/东风科技/3.250	4200	3.240	1107	3.230	2900	3.200	15200	3.190	1700	3.290	3200	3.300	16000	3.320	1300	3.330	699	3.340	4900	/16842799//1772304/541492/3.29/3.25//2008-9-18 10:19:47
45/600081/东风科技/3.280	500	3.250	1300	3.240	707	3.230	13900	3.210	6500	3.290	9000	3.300	16000	3.320	1300	3.330	699	3.340	4900	/16842799//1773618/541892/3.29/3.25//2008-9-18 10:20:48
45/600081/东风科技/3.250	2900	3.240	707	3.230	3900	3.210	6500	3.200	15800	3.280	5500	3.290	11700	3.300	28100	3.320	1300	3.330	699	/16842799//1776241/542692/3.28/3.25//2008-9-18 10:21:48
45/600081/东风科技/3.250	2600	3.240	707	3.230	2900	3.210	1000	3.200	16800	3.280	8900	3.290	11300	3.300	28100	3.320	1300	3.330	699	/16842799//1777216/542992/3.28/3.25//2008-9-18 10:22:48
45/600081/东风科技/3.240	707	3.230	2900	3.210	1000	3.200	19200	3.190	1700	3.250	2400	3.280	7900	3.290	11300	3.300	28100	3.320	1300	/16842799//1794116/548192/3.25/3.25//2008-9-18 10:23:48
45/600081/东风科技/3.240	7	3.230	3900	3.210	1000	3.200	21200	3.190	1700	3.250	2700	3.280	8900	3.290	10300	3.300	28100	3.320	1300	/16842799//1790527/547092/3.24/3.25//2008-9-18 10:24:49
45/600081/东风科技/3.230	3900	3.210	1800	3.200	18800	3.190	1700	3.180	1000	3.240	393	3.280	8900	3.290	10300	3.300	28100	3.320	1300	/16842799//1788282/546399/3.24/3.25//2008-9-18 10:25:49
45/600081/东风科技/3.230	3900	3.220	100	3.210	11400	3.200	18800	3.190	1700	3.240	893	3.280	8900	3.290	10300	3.300	28100	3.320	1300	/16842799//1789902/546899/3.24/3.25//2008-9-18 10:26:49
45/600081/东风科技/3.240	28007	3.230	3900	3.220	1100	3.210	11400	3.200	22000	3.280	8900	3.290	10300	3.300	28100	3.320	1300	3.340	4900	/16842799//1792795/547792/3.24/3.25//2008-9-18 10:27:50
45/600081/东风科技/3.250	2500	3.240	27207	3.230	9900	3.220	100	3.210	11400	3.280	8900	3.290	11900	3.300	28100	3.320	1300	3.330	400	/16842799//1798627/549592/3.24/3.25//2008-9-18 10:28:50
45/600081/东风科技/3.250	2400	3.240	27207	3.230	9900	3.220	100	3.210	11400	3.280	10700	3.290	11900	3.300	28100	3.320	1300	3.330	400	/16842799//1798952/549692/3.25/3.25//2008-9-18 10:29:50
45/600081/东风科技/3.250	400	3.240	27207	3.230	9900	3.220	100	3.210	11900	3.280	11200	3.290	11900	3.300	28100	3.320	1300	3.330	400	/16842799//1805452/551692/3.25/3.25//2008-9-18 10:30:51
45/600081/东风科技/3.250	1600	3.240	27207	3.230	10000	3.220	100	3.210	11900	3.280	10700	3.290	11900	3.300	28100	3.320	1300	3.330	400	/16842799//1808702/552692/3.25/3.25//2008-9-18 10:31:51
45/600081/东风科技/3.250	600	3.240	27207	3.230	10000	3.220	100	3.210	11900	3.270	6300	3.280	16400	3.290	9200	3.300	28100	3.320	1300	/16842799//1811952/553692/3.25/3.25//2008-9-18 10:32:51
45/600081/东风科技/3.250	600	3.240	27207	3.230	9900	3.220	200	3.210	11400	3.270	11300	3.280	16400	3.290	7600	3.300	28100	3.320	21300	/16842799//1811952/553692/3.25/3.25//2008-9-18 10:33:52
45/600081/东风科技/3.240	27207	3.230	9900	3.220	100	3.210	11500	3.200	23400	3.250	500	3.260	3100	3.270	8300	3.280	13700	3.290	7600	/16842799//1816827/555192/3.25/3.25//2008-9-18 10:34:52
45/600081/东风科技/3.250	1280	3.240	22107	3.230	3900	3.220	100	3.210	11500	3.260	3100	3.270	7000	3.280	13700	3.290	7600	3.300	28100	/16842799//1841541/562812/3.25/3.25//2008-9-18 10:35:52
45/600081/东风科技/3.250	680	3.240	22107	3.230	2900	3.220	100	3.210	11500	3.260	3100	3.270	7000	3.280	13700	3.290	7600	3.300	29200	/16842799//1843491/563412/3.25/3.25//2008-9-18 10:36:53
45/600081/东风科技/3.240	22107	3.230	2900	3.220	100	3.210	16500	3.200	20400	3.250	5820	3.260	3100	3.270	7000	3.280	13700	3.290	7600	/16842799//1845701/564092/3.25/3.25//2008-9-18 10:37:53
45/600081/东风科技/3.240	23707	3.230	2900	3.220	100	3.210	16500	3.200	20400	3.250	5820	3.260	3100	3.270	7000	3.280	13700	3.290	7000	/16842799//1845701/564092/3.25/3.25//2008-9-18 10:38:53
45/600081/东风科技/3.240	28107	3.230	2900	3.220	100	3.210	16500	3.200	20400	3.250	5720	3.260	3100	3.270	7000	3.280	13700	3.290	7000	/16842799//1846026/564192/3.25/3.25//2008-9-18 10:39:54
45/600081/东风科技/3.240	28107	3.230	2900	3.220	300	3.210	16500	3.200	20400	3.250	5420	3.260	3100	3.270	7000	3.280	13700	3.290	7000	/16842799//1849276/565192/3.25/3.25//2008-9-18 10:40:54
45/600081/东风科技/3.250	2680	3.240	28107	3.230	2900	3.220	300	3.210	16500	3.260	3100	3.270	2000	3.280	13800	3.290	7000	3.300	69200	/16842799//1865331/570132/3.25/3.25//2008-9-18 10:41:54
45/600081/东风科技/3.250	2680	3.240	28107	3.230	2900	3.220	300	3.210	16400	3.260	3100	3.270	2000	3.280	13800	3.290	7000	3.300	69200	/16842799//1865331/570132/3.25/3.25//2008-9-18 10:42:55
45/600081/东风科技/3.250	380	3.240	28107	3.230	5900	3.220	300	3.210	16400	3.260	4100	3.270	2000	3.280	13800	3.290	7000	3.300	70000	/16842799//1872741/572412/3.25/3.25//2008-9-18 10:43:55
45/600081/东风科技/3.250	980	3.240	28507	3.230	5900	3.220	300	3.210	16400	3.260	4000	3.270	2000	3.280	13800	3.290	9700	3.300	70000	/16842799//1873067/572512/3.26/3.25//2008-9-18 10:44:56
45/600081/东风科技/3.240	25987	3.230	5900	3.220	300	3.210	16400	3.200	17200	3.260	10000	3.270	4000	3.280	13800	3.290	10100	3.300	70000	/16842799//1899027/580512/3.24/3.25//2008-9-18 10:45:56
45/600081/东风科技/3.240	18487	3.230	5900	3.220	300	3.210	16400	3.200	17200	3.250	5000	3.260	10000	3.270	4000	3.280	13800	3.290	10100	/16842799//1913280/584912/3.24/3.25//2008-9-18 10:46:56
45/600081/东风科技/3.230	4300	3.220	300	3.210	17400	3.200	16300	3.190	1900	3.240	2113	3.250	10500	3.260	10000	3.270	4000	3.280	10200	/16842799//1975116/603999/3.23/3.25//2008-9-18 10:47:57
45/600081/东风科技/3.220	1300	3.210	17300	3.200	17800	3.190	1900	3.180	800	3.230	4100	3.240	24993	3.250	24700	3.260	10000	3.270	4000	/16842799//1987078/607699/3.23/3.25//2008-9-18 10:48:57
45/600081/东风科技/3.220	2000	3.200	7000	3.190	1900	3.180	800	3.160	2300	3.230	4100	3.240	20893	3.250	24700	3.260	8900	3.270	4000	/16842799//2099416/642699/3.22/3.25//2008-9-18 10:49:57
45/600081/东风科技/3.180	1000	3.160	2300	3.150	18400	3.140	6500	3.130	5500	3.220	500	3.230	1400	3.240	20893	3.250	20300	3.260	8900	/16842799//2173999/665999/3.2/3.25//2008-9-18 10:50:58
45/600081/东风科技/3.160	14100	3.150	19700	3.140	6500	3.130	5500	3.120	29400	3.170	2300	3.180	8700	3.190	200	3.200	3700	3.220	300	/16842799//2187315/670199/3.17/3.25//2008-9-18 10:51:58
45/600081/东风科技/3.170	500	3.160	1600	3.150	22700	3.140	6500	3.130	5100	3.180	7800	3.200	3700	3.220	300	3.230	500	3.240	19893	/16842799//2221821/681099/3.18/3.25//2008-9-18 10:52:58
45/600081/东风科技/3.170	200	3.160	2800	3.150	23700	3.140	6500	3.130	5100	3.200	3700	3.220	300	3.230	500	3.240	19893	3.250	20000	/16842799//2264384/694499/3.17/3.25//2008-9-18 10:53:59
45/600081/东风科技/3.180	1000	3.170	2200	3.160	7800	3.150	21700	3.140	6500	3.200	4600	3.220	300	3.230	2200	3.240	19893	3.250	20000	/16842799//2264384/694499/3.17/3.25//2008-9-18 10:54:59
45/600081/东风科技/3.180	800	3.170	7200	3.160	17400	3.150	21700	3.140	6500	3.200	8100	3.220	300	3.230	2200	3.240	19893	3.250	16000	/16842799//2267900/695599/3.2/3.25//2008-9-18 10:56:0
45/600081/东风科技/3.170	7200	3.160	18000	3.150	21000	3.140	6500	3.130	5800	3.180	1500	3.200	8100	3.220	300	3.230	2200	3.240	19893	/16842799//2270444/696399/3.18/3.25//2008-9-18 10:57:0
45/600081/东风科技/3.160	14500	3.150	21000	3.140	6500	3.130	5800	3.120	31000	3.170	6800	3.200	4500	3.220	300	3.230	2200	3.240	27893	/16842799//2312635/709699/3.17/3.25//2008-9-18 10:58:0
45/600081/东风科技/3.160	5900	3.150	19000	3.140	6500	3.130	6800	3.120	31000	3.170	7400	3.180	2700	3.200	4500	3.220	1200	3.230	2200	/16842799//2313268/709899/3.17/3.25//2008-9-18 10:59:1
45/600081/东风科技/3.150	19000	3.140	6500	3.130	9400	3.120	31000	3.110	46300	3.160	2900	3.170	4000	3.180	2700	3.200	4500	3.220	2200	/16842799//2353770/722699/3.16/3.25//2008-9-18 11:0:1
45/600081/东风科技/3.150	6700	3.140	6500	3.130	8700	3.120	30700	3.110	53200	3.160	21000	3.170	4100	3.180	2700	3.190	1000	3.200	4500	/16842799//2387459/733399/3.15/3.25//2008-9-18 11:1:2
45/600081/东风科技/3.150	5600	3.140	6500	3.130	8700	3.120	30700	3.110	53800	3.170	4100	3.180	2700	3.190	1000	3.200	500	3.220	1800	/16842799//2491659/766399/3.15/3.25//2008-9-18 11:2:2
45/600081/东风科技/3.140	5900	3.130	13700	3.120	20700	3.110	60500	0.000	0	3.150	20800	3.170	4100	3.180	2700	3.190	1000	3.200	500	/16842799//2516223/774199/3.15/3.25//2008-9-18 11:3:2
45/600081/东风科技/3.140	3300	3.130	13700	3.120	20000	3.110	74500	0.000	0	3.150	5000	3.160	300	3.170	4100	3.180	2700	3.190	1000	/16842799//2635940/812199/3.16/3.25//2008-9-18 11:4:3
45/600081/东风科技/3.130	7900	3.120	22500	3.110	76700	0.000	0	0.000	0	3.150	3200	3.160	700	3.170	4100	3.180	2700	3.190	1000	/16842799//2670440/823199/3.13/3.25//2008-9-18 11:5:3
45/600081/东风科技/3.130	11546	3.120	22400	3.110	80600	0.000	0	0.000	0	3.140	37100	3.150	4300	3.160	700	3.170	4100	3.180	2700	/16842799//2686914/828453/3.13/3.25//2008-9-18 11:6:4
45/600081/东风科技/3.130	4646	3.120	27400	3.110	86600	0.000	0	0.000	0	3.140	35800	3.150	4300	3.160	700	3.170	4100	3.180	2700	/16842799//2706646/834753/3.14/3.25//2008-9-18 11:7:4
45/600081/东风科技/3.130	7346	3.120	28600	3.110	86100	0.000	0	0.000	0	3.140	29300	3.150	4300	3.160	700	3.170	4100	3.180	2700	/16842799//2728308/841653/3.14/3.25//2008-9-18 11:8:4
45/600081/东风科技/3.130	700	3.110	27960	0.000	0	0.000	0	0.000	0	3.140	1000	3.150	4300	3.160	700	3.170	4100	3.190	1000	/16842799//3154066/978039/3.13/3.25//2008-9-18 11:9:5
45/600081/东风科技/3.140	17900	3.130	1800	3.120	2000	3.110	38060	0.000	0	3.150	1900	3.160	300	3.170	4100	3.190	1000	3.200	100	/16842799//3172326/983839/3.15/3.25//2008-9-18 11:10:5
45/600081/东风科技/3.140	700	3.130	2000	3.120	4000	3.110	40260	0.000	0	3.160	300	3.170	4100	3.190	1000	3.200	5500	3.220	1300	/16842799//3219996/999019/3.15/3.25//2008-9-18 11:11:6
45/600081/东风科技/3.160	100	3.150	8150	3.140	3900	3.130	2000	3.120	5900	3.170	2100	3.180	2800	3.190	6000	3.200	5500	3.210	10000	/16842799//3221417/999469/3.16/3.25//2008-9-18 11:12:6
45/600081/东风科技/3.130	3000	3.120	4600	3.110	45360	0.000	0	0.000	0	3.140	3400	3.150	2550	3.170	2100	3.180	2800	3.190	6000	/16842799//3271897/1015519/3.14/3.25//2008-9-18 11:13:7
45/600081/东风科技/3.130	2700	3.120	4600	3.110	45360	0.000	0	0.000	0	3.140	2700	3.150	2550	3.170	2100	3.190	6000	3.200	6600	/16842799//3276291/1016919/3.14/3.25//2008-9-18 11:14:7
45/600081/东风科技/3.110	45660	0.000	0	0.000	0	0.000	0	0.000	0	3.130	17600	3.140	2700	3.150	2550	3.170	2100	3.190	6000	/16842799//3364193/1045119/3.11/3.25//2008-9-18 11:15:7
45/600081/东风科技/3.110	51760	0.000	0	0.000	0	0.000	0	0.000	0	3.120	15399	3.130	17600	3.140	2200	3.170	2100	3.190	6000	/16842799//3353663/1041719/3.12/3.25//2008-9-18 11:16:8
45/600081/东风科技/3.110	50610	0.000	0	0.000	0	0.000	0	0.000	0	3.120	6309	3.140	2200	3.170	2100	3.190	6000	3.200	3100	/16842799//3428876/1065869/3.12/3.25//2008-9-18 11:17:8
45/600081/东风科技/3.120	1191	3.110	41010	0.000	0	0.000	0	0.000	0	3.140	2200	3.170	2100	3.190	6000	3.200	3100	3.210	1000	/16842799//3553982/1106078/3.12/3.25//2008-9-18 11:18:9
45/600081/东风科技/3.110	50502	0.000	0	0.000	0	0.000	0	0.000	0	3.140	2200	3.170	2100	3.180	400	3.190	1000	3.200	3100	/16842799//3598775/1120477/3.11/3.25//2008-9-18 11:19:9
45/600081/东风科技/3.110	18802	0.000	0	0.000	0	0.000	0	0.000	0	3.140	2200	3.170	2100	3.180	2700	3.190	1000	3.200	3100	/16842799//3785426/1180477/3.11/3.25//2008-9-18 11:20:10
45/600081/东风科技/3.110	50802	0.000	0	0.000	0	0.000	0	0.000	0	3.140	2700	3.170	2100	3.180	2700	3.190	1000	3.200	52200	/16842799//3785426/1180477/3.11/3.25//2008-9-18 11:21:10
45/600081/东风科技/3.120	800	3.110	56402	0.000	0	0.000	0	0.000	0	3.140	2200	3.160	5400	3.170	2100	3.180	2700	3.190	1000	/16842799//3789469/1181777/3.11/3.25//2008-9-18 11:22:10
45/600081/东风科技/3.120	500	3.110	47802	0.000	0	0.000	0	0.000	0	3.140	2200	3.160	5400	3.170	2100	3.180	4000	3.190	1000	/16842799//3799453/1184977/3.12/3.25//2008-9-18 11:23:11
45/600081/东风科技/3.120	17800	3.110	44802	0.000	0	0.000	0	0.000	0	3.130	15000	3.140	2200	3.160	5400	3.170	2100	3.180	4000	/16842799//3810071/1188377/3.14/3.25//2008-9-18 11:24:11
45/600081/东风科技/3.120	2400	3.110	47002	0.000	0	0.000	0	0.000	0	3.130	12500	3.140	2200	3.170	2100	3.180	4000	3.190	1000	/16842799//3876552/1209677/3.12/3.25//2008-9-18 11:25:12
45/600081/东风科技/3.110	59302	0.000	0	0.000	0	0.000	0	0.000	0	3.130	10800	3.140	2200	3.170	2100	3.180	4000	3.190	1000	/16842799//3889016/1213677/3.13/3.25//2008-9-18 11:26:12
45/600081/东风科技/3.120	1200	3.110	47002	0.000	0	0.000	0	0.000	0	3.130	10600	3.140	2200	3.170	2100	3.180	4000	3.190	1000	/16842799//3939403/1229877/3.13/3.25//2008-9-18 11:27:13
45/600081/东风科技/3.130	32600	3.110	47302	0.000	0	0.000	0	0.000	0	3.140	2200	3.170	2100	3.180	4000	3.190	1000	3.200	8100	/16842799//3989156/1245777/3.13/3.25//2008-9-18 11:28:13
45/600081/东风科技/3.130	28600	3.110	47402	0.000	0	0.000	0	0.000	0	3.140	2200	3.170	2100	3.180	4000	3.190	1000	3.200	8100	/16842799//3999798/1249177/3.13/3.25//2008-9-18 11:29:14
45/600081/东风科技/3.110	47402	0.000	0	0.000	0	0.000	0	0.000	0	3.130	257570	3.140	1600	3.170	2100	3.180	4000	3.190	1000	/16842799//4180718/1306977/3.13/3.25//2008-9-18 11:30:14
45/600081/东风科技/3.110	47402	0.000	0	0.000	0	0.000	0	0.000	0	3.130	257570	3.140	1600	3.170	2100	3.180	4000	3.190	1000	/16842799//4180718/1306977/3.13/3.25//2008-9-18 11:31:15
45/600081/东风科技/3.110	1805	0.000	0	0.000	0	0.000	0	0.000	0	3.120	5400	3.130	260609	3.140	1600	3.150	2600	3.160	4900	/16842799//4387278/1373474/3.11/3.25//2008-9-18 13:1:15
45/600081/东风科技/3.110	1805	0.000	0	0.000	0	0.000	0	0.000	0	3.110	295	3.120	5400	3.130	260609	3.140	1600	3.150	2600	/16842799//4402221/1378279/3.11/3.25//2008-9-18 13:2:16
45/600081/东风科技/3.110	605	0.000	0	0.000	0	0.000	0	0.000	0	3.110	8795	3.120	5400	3.130	260609	3.140	1600	3.150	2600	/16842799//4408457/1380284/3.11/3.25//2008-9-18 13:3:16
45/600081/东风科技/3.110	605	0.000	0	0.000	0	0.000	0	0.000	0	3.110	8595	3.120	5400	3.130	260609	3.140	1600	3.150	2600	/16842799//4430833/1387479/3.11/3.25//2008-9-18 13:4:17
45/600081/东风科技/3.110	25705	0.000	0	0.000	0	0.000	0	0.000	0	3.120	5400	3.130	261109	3.140	1600	3.150	2600	3.160	4900	/16842799//4470004/1400074/3.11/3.25//2008-9-18 13:5:17
45/600081/东风科技/3.110	26205	0.000	0	0.000	0	0.000	0	0.000	0	3.120	5400	3.130	261109	3.140	1600	3.150	2600	3.160	1000	/16842799//4470626/1400274/3.11/3.25//2008-9-18 13:6:18
45/600081/东风科技/3.110	505	0.000	0	0.000	0	0.000	0	0.000	0	3.120	5400	3.130	261109	3.140	1600	3.150	2600	3.160	1000	/16842799//4555218/1427474/3.11/3.25//2008-9-18 13:7:18
45/600081/东风科技/3.110	7205	0.000	0	0.000	0	0.000	0	0.000	0	3.120	4900	3.130	261109	3.140	1600	3.150	2600	3.160	1000	/16842799//4568596/1431774/3.11/3.25//2008-9-18 13:8:19
45/600081/东风科技/3.110	6705	0.000	0	0.000	0	0.000	0	0.000	0	3.120	3900	3.130	261109	3.140	1600	3.150	2600	3.160	1000	/16842799//4619610/1448174/3.12/3.25//2008-9-18 13:9:19
45/600081/东风科技/3.110	4905	0.000	0	0.000	0	0.000	0	0.000	0	3.120	8800	3.130	261109	3.140	1100	3.150	2600	3.160	1000	/16842799//4638270/1454174/3.11/3.25//2008-9-18 13:10:20
45/600081/东风科技/3.110	14405	0.000	0	0.000	0	0.000	0	0.000	0	3.110	8295	3.120	8800	3.130	261109	3.140	1100	3.150	2600	/16842799//4707638/1476479/3.11/3.25//2008-9-18 13:11:20
45/600081/东风科技/3.110	14405	0.000	0	0.000	0	0.000	0	0.000	0	3.110	8295	3.120	8800	3.130	261109	3.140	1100	3.150	2600	/16842799//4708571/1476779/3.11/3.25//2008-9-18 13:12:21
45/600081/东风科技/3.110	55505	0.000	0	0.000	0	0.000	0	0.000	0	3.120	8800	3.130	261109	3.140	1100	3.150	2600	3.160	1000	/16842799//4738723/1486474/3.11/3.25//2008-9-18 13:13:21
45/600081/东风科技/3.110	49605	0.000	0	0.000	0	0.000	0	0.000	0	3.120	400	3.130	261209	3.140	1100	3.150	2600	3.160	1000	/16842799//4759871/1493274/3.11/3.25//2008-9-18 13:14:22
45/600081/东风科技/3.110	47105	0.000	0	0.000	0	0.000	0	0.000	0	3.120	10700	3.130	261109	3.140	1100	3.150	2600	3.160	1000	/16842799//4767646/1495774/3.11/3.25//2008-9-18 13:15:22
45/600081/东风科技/3.110	29705	0.000	0	0.000	0	0.000	0	0.000	0	3.120	4900	3.130	261109	3.140	1100	3.150	2600	3.160	1000	/16842799//4854162/1523574/3.12/3.25//2008-9-18 13:16:23
45/600081/东风科技/3.110	9505	0.000	0	0.000	0	0.000	0	0.000	0	3.120	200	3.130	261209	3.140	1100	3.150	2600	3.160	1000	/16842799//4937868/1550474/3.11/3.25//2008-9-18 13:17:23
45/600081/东风科技/3.110	4805	0.000	0	0.000	0	0.000	0	0.000	0	3.120	10500	3.130	261109	3.140	1100	3.150	2600	3.160	1000	/16842799//4953418/1555474/3.11/3.25//2008-9-18 13:18:24
45/600081/东风科技/3.110	4805	0.000	0	0.000	0	0.000	0	0.000	0	3.110	5095	3.120	10500	3.130	261109	3.150	2600	3.160	1000	/16842799//4968672/1560379/3.11/3.25//2008-9-18 13:19:24
45/600081/东风科技/3.110	4805	0.000	0	0.000	0	0.000	0	0.000	0	3.110	4995	3.120	10500	3.130	261109	3.150	2600	3.160	1000	/16842799//4968983/1560479/3.11/3.25//2008-9-18 13:20:25
45/600081/东风科技/3.110	905	0.000	0	0.000	0	0.000	0	0.000	0	3.120	10500	3.130	261109	3.150	2600	3.160	1000	3.170	2100	/16842799//4984518/1565474/3.11/3.25//2008-9-18 13:21:25
45/600081/东风科技/3.110	7605	0.000	0	0.000	0	0.000	0	0.000	0	3.120	10500	3.130	261109	3.150	2600	3.160	1000	3.170	2100	/16842799//4990738/1567474/3.11/3.25//2008-9-18 13:22:26
45/600081/东风科技/3.110	2755	0.000	0	0.000	0	0.000	0	0.000	0	3.120	8800	3.130	258809	3.150	2600	3.160	1000	3.170	2100	/16842799//5014235/1575024/3.12/3.25//2008-9-18 13:23:26
45/600081/东风科技/3.110	2055	0.000	0	0.000	0	0.000	0	0.000	0	3.120	5500	3.130	258809	3.150	2600	3.160	1000	3.170	2100	/16842799//5024531/1578324/3.12/3.25//2008-9-18 13:24:27
45/600081/东风科技/3.120	51000	3.110	6355	0.000	0	0.000	0	0.000	0	3.130	257770	3.150	2600	3.160	1000	3.170	2100	3.180	2300	/16842799//5042939/1584224/3.12/3.25//2008-9-18 13:25:27
45/600081/东风科技/3.120	56361	3.110	7655	0.000	0	0.000	0	0.000	0	3.130	210770	3.150	2600	3.160	1000	3.170	2100	3.180	2300	/16842799//5190483/1631363/3.13/3.25//2008-9-18 13:26:28
45/600081/东风科技/3.120	61461	3.110	4255	0.000	0	0.000	0	0.000	0	3.130	201870	3.150	2600	3.160	1000	3.170	2100	3.180	2300	/16842799//5218340/1640263/3.13/3.25//2008-9-18 13:27:28
45/600081/东风科技/3.120	59461	3.110	4255	0.000	0	0.000	0	0.000	0	3.130	200770	3.150	2900	3.160	1000	3.170	2100	3.180	2300	/16842799//5234273/1645363/3.13/3.25//2008-9-18 13:28:29
45/600081/东风科技/3.120	55161	3.110	5255	0.000	0	0.000	0	0.000	0	3.130	199770	3.150	2900	3.160	1000	3.170	2100	3.180	2300	/16842799//5253929/1651663/3.12/3.25//2008-9-18 13:29:29
45/600081/东风科技/3.120	52661	3.110	5655	0.000	0	0.000	0	0.000	0	3.130	199770	3.150	2900	3.160	1000	3.170	2100	3.180	7300	/16842799//5253305/1651463/3.12/3.25//2008-9-18 13:30:30
45/600081/东风科技/3.120	42661	3.110	5655	0.000	0	0.000	0	0.000	0	3.130	201570	3.150	2900	3.160	1000	3.170	2100	3.180	5000	/16842799//5287635/1662463/3.12/3.25//2008-9-18 13:31:30
45/600081/东风科技/3.120	39261	3.110	10355	0.000	0	0.000	0	0.000	0	3.130	200570	3.150	2900	3.160	1000	3.170	2100	3.180	5000	/16842799//5302309/1667163/3.13/3.25//2008-9-18 13:32:31
45/600081/东风科技/3.120	41461	3.110	10855	0.000	0	0.000	0	0.000	0	3.130	180070	3.150	2900	3.160	1000	3.170	2100	3.180	5100	/16842799//5366474/1687663/3.13/3.25//2008-9-18 13:33:31
45/600081/东风科技/3.120	39261	3.110	10855	0.000	0	0.000	0	0.000	0	3.130	137470	3.150	2900	3.160	1000	3.170	2100	3.180	5100	/16842799//5506052/1732263/3.13/3.25//2008-9-18 13:34:32
45/600081/东风科技/3.120	50261	3.110	15200	0.000	0	0.000	0	0.000	0	3.130	66070	3.150	2900	3.160	1000	3.170	2100	3.180	100	/16842799//5720770/1800863/3.13/3.25//2008-9-18 13:35:32
45/600081/东风科技/3.160	4300	3.150	7000	3.140	8800	3.130	32930	3.120	53861	3.170	2100	3.180	100	3.200	3100	3.210	1900	3.220	1100	/16842799//5939864/1870833/3.16/3.25//2008-9-18 13:36:33
45/600081/东风科技/3.170	8700	3.160	8300	3.150	5200	3.140	11400	3.130	31630	3.180	2600	3.190	3300	3.200	3100	3.210	1900	3.220	1100	/16842799//5948111/1873433/3.18/3.25//2008-9-18 13:37:34
45/600081/东风科技/3.170	1500	3.160	4300	3.150	5000	3.140	9400	3.130	16130	3.190	300	3.200	3100	3.210	1900	3.220	1100	3.230	2200	/16842799//6001805/1890333/3.17/3.25//2008-9-18 13:38:34
45/600081/东风科技/3.170	3900	3.160	4300	3.150	6000	3.140	7900	3.130	18930	3.180	7100	3.190	3000	3.200	3100	3.210	1900	3.220	2100	/16842799//6026927/1898233/3.18/3.25//2008-9-18 13:39:35
45/600081/东风科技/3.160	500	3.150	5000	3.140	4400	3.130	11530	3.120	53261	3.170	2300	3.180	14700	3.190	3000	3.200	3100	3.210	1900	/16842799//6038004/1901733/3.16/3.25//2008-9-18 13:40:35
45/600081/东风科技/3.150	5000	3.140	4200	3.130	11030	3.120	53261	3.110	16200	3.170	1300	3.180	14700	3.190	1000	3.200	3100	3.210	1900	/16842799//6042112/1903033/3.16/3.25//2008-9-18 13:41:36
45/600081/东风科技/3.170	900	3.160	100	3.150	5000	3.140	4200	3.130	11030	3.180	11900	3.190	500	3.200	3100	3.210	1900	3.220	2100	/16842799//6055743/1907333/3.17/3.25//2008-9-18 13:42:36
45/600081/东风科技/3.170	3400	3.160	2700	3.150	5000	3.140	4200	3.130	11030	3.180	10900	3.190	500	3.200	100	3.210	1900	3.220	2100	/16842799//6067827/1911133/3.18/3.25//2008-9-18 13:43:37
45/600081/东风科技/3.190	1500	3.180	22600	3.170	5400	3.160	3800	3.150	5000	3.200	1400	3.210	6900	3.220	2100	3.230	7200	3.240	13000	/16842799//6102489/1922033/3.18/3.25//2008-9-18 13:44:37
45/600081/东风科技/3.220	1900	3.210	16700	3.200	22300	3.190	2500	3.180	22400	3.230	2200	3.240	13000	3.250	6200	3.260	10100	3.270	6400	/16842799//6142642/1934533/3.22/3.25//2008-9-18 13:45:38
45/600081/东风科技/3.220	32400	3.210	32500	3.200	22500	3.190	2500	3.180	21300	3.230	12300	3.240	10000	3.250	200	3.260	7200	3.280	13800	/16842799//6167857/1942333/3.23/3.25//2008-9-18 13:46:39
45/600081/东风科技/3.220	1600	3.210	17500	3.200	22300	3.190	1500	3.180	21300	3.230	30600	3.240	5000	3.250	200	3.260	7200	3.280	8800	/16842799//6212019/1956033/3.22/3.25//2008-9-18 13:47:39
45/600081/东风科技/3.210	13500	3.200	22300	3.190	1500	3.180	21300	3.170	1900	3.220	7500	3.230	19400	3.240	5000	3.250	200	3.260	12800	/16842799//6259077/1970633/3.22/3.25//2008-9-18 13:48:40
45/600081/东风科技/3.200	19300	3.190	1500	3.180	21300	3.170	1900	3.160	700	3.210	14700	3.220	11500	3.230	500	3.240	5000	3.250	200	/16842799//6311751/1987033/3.21/3.25//2008-9-18 13:49:40
45/600081/东风科技/3.200	7300	3.180	21300	3.170	1900	3.160	900	3.150	5500	3.210	13700	3.220	6500	3.230	500	3.240	5000	3.250	200	/16842799//6320081/1989633/3.2/3.25//2008-9-18 13:50:41
45/600081/东风科技/3.180	1300	3.170	1900	3.160	700	3.150	5500	3.140	3000	3.210	13700	3.220	6500	3.230	500	3.240	5000	3.250	200	/16842799//6420171/2021033/3.18/3.25//2008-9-18 13:51:41
45/600081/东风科技/3.170	900	3.150	5500	3.140	3000	3.130	7430	3.120	37361	3.180	3600	3.200	4900	3.210	13700	3.220	4500	3.230	500	/16842799//6424623/2022433/3.18/3.25//2008-9-18 13:52:42
45/600081/东风科技/3.180	400	3.170	900	3.150	5000	3.140	3000	3.130	12930	3.200	5300	3.210	13700	3.220	4500	3.230	3100	3.240	5000	/16842799//6439251/2027033/3.18/3.25//2008-9-18 13:53:42
45/600081/东风科技/3.180	3300	3.170	900	3.150	5000	3.140	3000	3.130	12930	3.190	1000	3.200	5300	3.210	1000	3.220	4500	3.230	3100	/16842799//6442431/2028033/3.18/3.25//2008-9-18 13:54:43
45/600081/东风科技/3.190	1300	3.180	3300	3.170	900	3.150	8000	3.140	3000	3.200	5300	3.210	1000	3.220	4500	3.230	3100	3.240	5000	/16842799//6445621/2029033/3.19/3.25//2008-9-18 13:55:44
45/600081/东风科技/3.190	1300	3.180	3300	3.170	900	3.150	8000	3.140	3000	3.200	5700	3.210	2000	3.220	4500	3.230	3100	3.240	5000	/16842799//6454241/2031733/3.19/3.25//2008-9-18 13:56:44
45/600081/东风科技/3.190	1300	3.180	3700	3.170	900	3.150	8200	3.140	2000	3.200	5700	3.210	2000	3.220	4500	3.230	3100	3.240	5000	/16842799//6454241/2031733/3.19/3.25//2008-9-18 13:57:45
45/600081/东风科技/3.190	1300	3.180	14400	3.170	900	3.150	3000	3.140	2000	3.200	3300	3.210	2000	3.220	4500	3.230	3100	3.240	5000	/16842799//6460641/2033733/3.2/3.25//2008-9-18 13:58:45
45/600081/东风科技/3.200	2200	3.190	1500	3.180	14100	3.170	900	3.150	3000	3.210	2000	3.220	4500	3.230	3100	3.240	5000	3.250	3200	/16842799//6476001/2038533/3.2/3.25//2008-9-18 13:59:46
45/600081/东风科技/3.210	2700	3.200	4700	3.190	1500	3.180	14100	3.170	900	3.220	4200	3.230	3100	3.240	5000	3.250	3200	3.260	12800	/16842799//6484992/2041333/3.22/3.25//2008-9-18 14:0:47
45/600081/东风科技/3.190	1500	3.180	14100	3.170	900	3.150	4500	3.140	2000	3.200	10700	3.210	15100	3.220	4200	3.230	3100	3.240	5000	/16842799//6508699/2048733/3.2/3.25//2008-9-18 14:1:47
45/600081/东风科技/3.180	3400	3.170	900	3.160	2000	3.150	4500	3.140	2000	3.190	600	3.200	19900	3.210	10100	3.220	4200	3.230	3100	/16842799//6513484/2050233/3.19/3.25//2008-9-18 14:2:48
45/600081/东风科技/3.150	4500	3.140	2000	3.130	13930	3.120	37761	3.110	220900	3.170	2100	3.180	1600	3.190	1600	3.200	22600	3.210	2800	/16842799//6530002/2055433/3.17/3.25//2008-9-18 14:3:48
45/600081/东风科技/3.130	7930	3.120	37761	3.110	220900	0.000	0	0.000	0	3.140	400	3.150	1600	3.160	5000	3.170	100	3.180	3000	/16842799//6534689/2056933/3.14/3.25//2008-9-18 14:4:49
45/600081/东风科技/3.130	22930	3.120	38461	3.110	223400	0.000	0	0.000	0	3.140	600	3.150	1600	3.170	100	3.180	3000	3.190	1500	/16842799//6537201/2057733/3.14/3.25//2008-9-18 14:5:50
45/600081/东风科技/3.140	15600	3.130	22930	3.120	58461	3.110	223000	0.000	0	3.150	100	3.170	100	3.180	3000	3.190	1500	3.200	16300	/16842799//6545385/2060333/3.15/3.25//2008-9-18 14:6:50
45/600081/东风科技/3.170	900	3.160	2500	3.150	8100	3.140	15600	3.130	22930	3.180	3000	3.190	1500	3.200	16300	3.210	2000	3.230	3100	/16842799//6546649/2060733/3.17/3.25//2008-9-18 14:7:51
45/600081/东风科技/3.180	2000	3.170	11700	3.160	2500	3.150	15900	3.140	15600	3.190	1500	3.200	5600	3.210	2000	3.230	3100	3.240	5000	/16842799//6565729/2066733/3.18/3.25//2008-9-18 14:8:51
45/600081/东风科技/3.200	11400	3.190	2000	3.180	27200	3.170	11700	3.160	18400	3.230	3100	3.240	5000	3.250	5200	3.260	18500	3.270	400	/16842799//6573142/2069033/3.2/3.25//2008-9-18 14:9:52
45/600081/东风科技/3.210	2700	3.200	13000	3.190	1000	3.180	25300	3.170	900	3.260	12000	3.270	400	3.280	8800	3.290	2000	3.300	43420	/16842799//6641305/2090033/3.21/3.25//2008-9-18 14:10:53
45/600081/东风科技/3.240	5000	3.230	11400	3.210	6300	3.200	13000	3.180	25300	3.260	3000	3.270	400	3.280	8800	3.290	3000	3.300	43420	/16842799//6699985/2108033/3.26/3.25//2008-9-18 14:11:53
45/600081/东风科技/3.260	1800	3.240	5000	3.230	2400	3.210	6300	3.200	13500	3.290	5100	3.300	43420	3.320	1100	3.340	1000	3.350	6000	/16842799//6773964/2130533/3.29/3.25//2008-9-18 14:12:54
45/600081/东风科技/3.290	1800	3.260	1800	3.250	4700	3.240	5000	3.220	4800	3.300	43420	3.320	1100	3.340	11000	3.350	6200	3.360	10400	/16842799//6804232/2139733/3.29/3.25//2008-9-18 14:13:55
45/600081/东风科技/3.260	1800	3.250	4700	3.240	5000	3.220	4800	3.210	6300	3.280	1900	3.290	38000	3.300	47820	3.320	1100	3.340	11000	/16842799//6836772/2149633/3.28/3.25//2008-9-18 14:14:55
45/600081/东风科技/3.250	4700	3.240	5000	3.220	4900	3.210	6300	3.200	30300	3.260	200	3.280	5900	3.290	30200	3.300	47820	3.320	2000	/16842799//6848508/2153233/3.26/3.25//2008-9-18 14:15:56
45/600081/东风科技/3.240	5000	3.230	400	3.220	4800	3.210	7300	3.200	28700	3.250	2100	3.260	700	3.270	1000	3.280	2900	3.290	26200	/16842799//6873190/2160833/3.25/3.25//2008-9-18 14:16:56
45/600081/东风科技/3.260	500	3.250	1600	3.240	5000	3.230	1000	3.220	1000	3.270	1000	3.280	2900	3.290	17600	3.300	43920	3.310	1000	/16842799//6866044/2158633/3.26/3.25//2008-9-18 14:17:57
45/600081/东风科技/3.270	17900	3.260	2700	3.250	4000	3.240	5000	3.230	1000	3.280	2400	3.290	7400	3.300	43920	3.310	1000	3.320	2000	/16842799//6880418/2163033/3.28/3.25//2008-9-18 14:18:58
45/600081/东风科技/3.300	880	3.290	11800	3.280	15900	3.270	17900	3.250	1300	3.310	1000	3.320	2000	3.340	11000	3.350	6200	3.360	15400	/16842799//6927006/2177173/3.3/3.25//2008-9-18 14:19:58
45/600081/东风科技/3.310	3200	3.300	17900	3.290	5000	3.280	3200	3.270	17900	3.340	8100	3.350	6200	3.360	15400	3.370	2200	3.380	7600	/16842799//6935748/2179753/3.34/3.25//2008-9-18 14:20:59
45/600081/东风科技/3.350	4100	3.340	13900	3.310	4100	3.300	8200	3.290	5000	3.360	4700	3.370	2200	3.380	7600	3.400	11500	3.420	1000	/16842799//7054345/2215153/3.36/3.25//2008-9-18 14:22:0
45/600081/东风科技/3.380	14300	3.370	11500	3.360	14100	3.350	6100	3.340	4300	3.390	1000	3.400	11500	3.420	1000	3.440	10300	3.450	9600	/16842799//7147114/2242653/3.38/3.25//2008-9-18 14:23:0
45/600081/东风科技/3.380	16100	3.370	12100	3.360	14100	3.350	5600	3.340	4300	3.390	6100	3.400	2100	3.420	1000	3.430	5000	3.440	10300	/16842799//7217013/2263253/3.39/3.25//2008-9-18 14:24:1
45/600081/东风科技/3.380	12000	3.370	12100	3.360	13000	3.350	6600	3.340	4300	3.390	5200	3.400	5300	3.420	2100	3.430	5000	3.440	10300	/16842799//7227481/2266353/3.38/3.25//2008-9-18 14:25:2
45/600081/东风科技/3.380	6200	3.370	600	3.360	13000	3.350	5400	3.340	1200	3.390	5800	3.400	5900	3.420	1000	3.430	5000	3.440	25300	/16842799//7305897/2289553/3.38/3.25//2008-9-18 14:26:2
45/600081/东风科技/3.360	13300	3.350	5400	3.310	3600	3.300	7200	3.290	5000	3.370	6100	3.380	10600	3.390	10100	3.400	5900	3.420	1400	/16842799//7328875/2296353/3.37/3.25//2008-9-18 14:27:3
45/600081/东风科技/3.360	955	3.350	5400	3.310	3600	3.300	7200	3.290	5000	3.370	18200	3.380	12800	3.390	14100	3.400	4900	3.420	3400	/16842799//7373387/2309598/3.36/3.25//2008-9-18 14:28:4
45/600081/东风科技/3.310	3600	3.300	7200	3.290	5000	3.280	3000	3.270	19200	3.340	7800	3.350	12600	3.360	11345	3.370	15500	3.380	13400	/16842799//7399376/2317353/3.35/3.25//2008-9-18 14:29:4
45/600081/东风科技/3.300	6900	3.290	3000	3.280	4000	3.270	19200	3.250	300	3.310	9500	3.340	10800	3.350	14300	3.360	8345	3.370	15000	/16842799//7389972/2314553/3.31/3.25//2008-9-18 14:30:5
45/600081/东风科技/3.290	3000	3.280	7400	3.270	19200	3.260	1000	3.250	300	3.300	1100	3.310	4100	3.330	500	3.340	10800	3.350	10100	/16842799//7443850/2330853/3.31/3.25//2008-9-18 14:31:6
45/600081/东风科技/3.310	2400	3.300	6600	3.290	3000	3.280	6000	3.270	19200	3.330	500	3.340	10800	3.350	9500	3.360	9245	3.370	15000	/16842799//7458066/2335153/3.31/3.25//2008-9-18 14:32:6
45/600081/东风科技/3.310	20200	3.300	6000	3.290	3900	3.280	2000	3.270	19200	3.340	3000	3.350	9500	3.360	9245	3.370	15000	3.380	8200	/16842799//7468008/2338153/3.31/3.25//2008-9-18 14:33:7
45/600081/东风科技/3.330	400	3.320	8700	3.310	14900	3.300	4000	3.290	3900	3.340	3000	3.350	5000	3.360	9345	3.370	13000	3.380	8200	/16842799//7479996/2341753/3.33/3.25//2008-9-18 14:34:8
45/600081/东风科技/3.340	17200	3.330	12700	3.320	7000	3.310	14900	3.300	4000	3.350	3200	3.360	5045	3.370	13000	3.380	8200	3.390	6100	/16842799//7501061/2348053/3.34/3.25//2008-9-18 14:35:8
45/600081/东风科技/3.340	12500	3.330	2700	3.320	6500	3.310	14700	3.300	4000	3.350	900	3.360	5045	3.370	13000	3.380	8200	3.390	6100	/16842799//7517111/2352853/3.34/3.25//2008-9-18 14:36:9
45/600081/东风科技/3.340	3200	3.330	2700	3.320	1500	3.310	10700	3.300	4000	3.350	5700	3.360	6345	3.370	12100	3.380	8200	3.390	6100	/16842799//7553863/2363853/3.34/3.25//2008-9-18 14:37:10
45/600081/东风科技/3.330	1300	3.320	1500	3.310	10700	3.300	4000	3.290	3900	3.340	7600	3.350	6100	3.360	5345	3.370	12900	3.380	12900	/16842799//7569213/2368453/3.33/3.25//2008-9-18 14:38:10
45/600081/东风科技/3.320	100	3.310	8200	3.300	1800	3.290	3900	3.280	1000	3.330	5600	3.340	6300	3.350	1100	3.360	5300	3.370	12900	/16842799//7603753/2378853/3.32/3.25//2008-9-18 14:39:11
45/600081/东风科技/3.310	455	3.300	100	3.290	3900	3.280	1000	3.270	19200	3.320	500	3.330	5100	3.340	6300	3.350	1100	3.360	5300	/16842799//7628728/2386398/3.31/3.25//2008-9-18 14:40:12
45/600081/东风科技/3.290	3900	3.280	2300	3.270	19200	3.260	1000	3.240	5000	3.310	5045	3.320	1500	3.330	5100	3.340	1200	3.350	1100	/16842799//7630564/2386953/3.3/3.25//2008-9-18 14:41:12
45/600081/东风科技/3.290	4100	3.280	2300	3.270	19200	3.260	1000	3.240	5000	3.300	12000	3.310	5045	3.320	8800	3.330	5100	3.340	1200	/16842799//7630564/2386953/3.3/3.25//2008-9-18 14:42:13
45/600081/东风科技/3.290	3100	3.280	1900	3.270	19200	3.260	1000	3.240	5000	3.300	12000	3.310	5045	3.320	8800	3.330	5100	3.340	1200	/16842799//7637144/2388953/3.29/3.25//2008-9-18 14:43:14
45/600081/东风科技/3.290	500	3.280	2900	3.270	19500	3.260	1000	3.240	5000	3.300	1900	3.310	5045	3.320	8800	3.330	5100	3.340	1200	/16842799//7679357/2401753/3.3/3.25//2008-9-18 14:44:14
45/600081/东风科技/3.290	1300	3.280	2900	3.270	19500	3.260	1000	3.240	5000	3.300	2000	3.310	5045	3.320	2000	3.330	5100	3.340	5500	/16842799//7679357/2401753/3.3/3.25//2008-9-18 14:45:15
45/600081/东风科技/3.270	3300	3.260	1000	3.240	5000	3.220	15300	3.200	21400	3.300	4100	3.310	3245	3.320	2300	3.330	5100	3.340	5500	/16842799//7810710/2441753/3.3/3.25//2008-9-18 14:46:16
45/600081/东风科技/3.280	1600	3.270	4800	3.260	1000	3.240	5000	3.220	15300	3.290	200	3.300	3200	3.310	3245	3.320	2300	3.330	3800	/16842799//0/0/3.3/3.25//2008-9-18 14:47:16
45/600081/东风科技/3.280	1800	3.270	4800	3.260	1000	3.240	5000	3.230	4500	3.300	6000	3.310	3245	3.320	2300	3.330	3800	3.340	5500	/16842799//7830130/2447653/3.28/3.25//2008-9-18 14:48:17
45/600081/东风科技/3.270	3300	3.260	1000	3.240	5300	3.230	4500	3.220	15300	3.280	1600	3.290	3600	3.300	7100	3.310	3045	3.320	5300	/16842799//7836034/2449453/3.28/3.25//2008-9-18 14:49:18
45/600081/东风科技/3.270	1800	3.260	1000	3.240	5300	3.230	4500	3.220	16800	3.280	16800	3.290	4900	3.300	11500	3.310	3045	3.320	5300	/16842799//7841595/2451153/3.27/3.25//2008-9-18 14:50:18
45/600081/东风科技/3.250	2000	3.240	5300	3.230	4500	3.220	16800	3.200	21500	3.260	2600	3.270	3400	3.280	7800	3.290	3000	3.300	19900	/16842799//7850741/2453953/3.26/3.25//2008-9-18 14:51:19
45/600081/东风科技/3.260	3800	3.250	1600	3.240	5300	3.230	4500	3.220	16800	3.270	1200	3.280	10800	3.290	3000	3.300	19900	3.310	4545	/16842799//7869318/2459653/3.26/3.25//2008-9-18 14:52:20
45/600081/东风科技/3.250	3100	3.240	5400	3.230	4500	3.220	16800	3.210	5000	3.260	25500	3.280	10800	3.290	3000	3.300	19900	3.310	4545	/16842799//7923780/2476353/3.26/3.25//2008-9-18 14:53:21
45/600081/东风科技/3.250	8200	3.240	5400	3.230	4500	3.220	16800	3.210	5000	3.260	28400	3.270	1400	3.280	10800	3.290	3000	3.300	19900	/16842799//7932231/2478953/3.25/3.25//2008-9-18 14:54:21
45/600081/东风科技/3.250	9800	3.240	5400	3.230	4800	3.220	1500	3.210	5000	3.260	30500	3.280	10600	3.290	3000	3.300	19900	3.310	4545	/16842799//7940702/2481553/3.26/3.25//2008-9-18 14:55:22
45/600081/东风科技/3.270	15000	3.260	42300	3.250	11500	3.240	8900	3.230	4800	3.280	10600	3.290	1300	3.300	19400	3.310	4545	3.320	5300	/16842799//8056422/2517053/3.26/3.25//2008-9-18 14:56:23
45/600081/东风科技/3.270	6100	3.260	43300	3.250	11500	3.240	8900	3.230	4800	3.280	10500	3.290	2200	3.300	19400	3.310	4545	3.320	5300	/16842799//8078029/2523653/3.28/3.25//2008-9-18 14:57:23
45/600081/东风科技/3.290	21400	3.270	4500	3.260	44200	3.250	10500	3.240	8900	3.300	20000	3.310	4545	3.320	5300	3.330	3800	3.340	1200	/16842799//8143963/2543753/3.29/3.25//2008-9-18 14:58:24
45/600081/东风科技/3.290	900	3.280	2200	3.270	5500	3.260	44200	3.250	8900	3.300	8300	3.310	4945	3.320	5300	3.330	3800	3.340	1200	/16842799//8214708/2565253/3.29/3.25//2008-9-18 14:59:25
45/600081/东风科技/3.270	4500	3.260	44200	3.250	10200	3.240	8900	3.230	4800	3.280	35404	3.300	9400	3.310	6345	3.320	4300	3.330	3800	/16842799//8232419/2570653/3.28/3.25//2008-9-18 15:0:26
45/600081/东风科技/3.270	4500	3.260	44200	3.250	10200	3.240	8900	3.230	4800	3.280	35404	3.300	9400	3.310	6345	3.320	4300	3.330	3800	/16842799//8232419/2570653/3.28/3.25//2008-9-18 15:1:26
45/600081/东风科技/3.270	4500	3.260	44200	3.250	10200	3.240	8900	3.230	4800	3.280	35404	3.300	9400	3.310	6345	3.320	4300	3.330	3800	/16842799//8232419/2570653/3.28/3.25//2008-9-18 15:2:27
