676/600012/皖通高速/4.100	10400	4.090	21100	4.080	6400	4.050	7600	4.040	3000	4.110	800	4.120	2100	4.150	100	4.160	100	4.170	1000	/16843461//79692/19400/4.1/4.18//2008-9-18 9:31:34
676/600012/皖通高速/4.100	5300	4.090	21100	4.080	9400	4.050	7600	4.040	3000	4.180	14000	4.200	200	4.210	8500	4.220	9100	4.230	13200	/16843461//143431/34900/4.1/4.18//2008-9-18 9:32:35
676/600012/皖通高速/4.160	17702	4.120	2000	4.100	5300	4.090	21100	4.080	9400	4.170	1200	4.180	14000	4.200	6300	4.210	8500	4.220	9100	/16843461//155031/37698/4.16/4.18//2008-9-18 9:33:35
676/600012/皖通高速/4.160	6502	4.120	4000	4.110	500	4.100	10400	4.090	21100	4.180	14000	4.200	6300	4.210	8500	4.220	9100	4.230	16200	/16843461//209963/50898/4.16/4.18//2008-9-18 9:34:35
676/600012/皖通高速/4.160	402	4.120	4000	4.110	2000	4.100	10400	4.090	21100	4.170	100	4.180	21700	4.200	6900	4.210	12500	4.220	10100	/16843461//235339/56998/4.16/4.18//2008-9-18 9:35:35
676/600012/皖通高速/4.110	1000	4.100	6802	4.090	21100	4.080	9400	4.050	7600	4.160	1000	4.170	9600	4.180	21700	4.200	6800	4.210	12500	/16843461//277104/67154/4.11/4.18//2008-9-18 9:36:36
676/600012/皖通高速/4.100	8702	4.090	21100	4.080	9400	4.050	7600	4.040	3000	4.110	200	4.160	1500	4.170	13600	4.180	21700	4.200	6800	/16843461//281715/68276/4.11/4.18//2008-9-18 9:37:36
676/600012/皖通高速/4.160	4100	4.090	12602	4.080	9400	4.050	8800	4.040	3000	4.170	13600	4.180	21700	4.200	6800	4.210	14600	4.220	10700	/16843461//471756/114376/4.16/4.18//2008-9-18 9:38:36
676/600012/皖通高速/4.110	5000	4.100	15900	4.090	26102	4.080	9400	4.050	6800	4.160	8500	4.170	14500	4.180	21700	4.200	7300	4.210	15600	/16843461//510078/123576/4.17/4.18//2008-9-18 9:39:36
676/600012/皖通高速/4.170	300	4.120	1500	4.110	4200	4.100	41200	4.090	13602	4.180	23200	4.190	1200	4.200	8000	4.210	15600	4.220	10700	/16843461//676984/163676/4.17/4.18//2008-9-18 9:40:36
676/600012/皖通高速/4.130	500	4.120	17200	4.110	12900	4.100	40200	4.090	13602	4.170	27000	4.180	23500	4.190	1200	4.200	9100	4.210	15600	/16843461//691918/167276/4.12/4.18//2008-9-18 9:41:37
676/600012/皖通高速/4.120	20900	4.110	9400	4.100	40200	4.090	16602	4.080	9800	4.160	1400	4.170	27000	4.180	24800	4.190	1800	4.200	9100	/16843461//700163/169276/4.12/4.18//2008-9-18 9:42:37
676/600012/皖通高速/4.130	3100	4.120	25900	4.110	9400	4.100	39300	4.090	16602	4.160	17800	4.170	27000	4.180	24800	4.190	600	4.200	9100	/16843461//716647/173276/4.12/4.18//2008-9-18 9:43:37
676/600012/皖通高速/4.130	12500	4.120	25900	4.110	14500	4.100	39300	4.090	16602	4.160	8800	4.170	7000	4.180	24800	4.190	600	4.200	9100	/16843461//805347/194676/4.16/4.18//2008-9-18 9:44:37
676/600012/皖通高速/4.130	14500	4.120	26900	4.110	14500	4.100	27800	4.090	16602	4.160	300	4.170	11200	4.180	22800	4.190	600	4.200	8900	/16843461//876067/211676/4.16/4.18//2008-9-18 9:45:37
676/600012/皖通高速/4.130	26900	4.120	26900	4.110	14500	4.100	27800	4.090	16602	4.160	1300	4.170	8000	4.180	32300	4.190	600	4.200	8900	/16843461//853510/206276/4.13/4.18//2008-9-18 9:46:38
676/600012/皖通高速/4.160	3700	4.150	700	4.140	24000	4.130	21000	4.120	29900	4.170	10000	4.180	32500	4.190	600	4.200	9900	4.210	15600	/16843461//853549/206276/4.16/4.18//2008-9-18 9:47:38
676/600012/皖通高速/4.170	1400	4.160	23100	4.150	700	4.140	24000	4.130	21000	4.180	28100	4.190	600	4.200	9900	4.210	15600	4.220	14700	/16843461//921991/222676/4.18/4.18//2008-9-18 9:48:38
676/600012/皖通高速/4.170	1400	4.160	3700	4.150	700	4.140	22000	4.130	21300	4.180	20000	4.190	600	4.200	9900	4.210	15600	4.220	15200	/16843461//953744/230276/4.17/4.18//2008-9-18 9:49:39
676/600012/皖通高速/4.170	9100	4.160	3700	4.150	700	4.140	22100	4.130	21300	4.180	21000	4.190	600	4.200	11900	4.210	16600	4.220	13500	/16843461//953744/230276/4.17/4.18//2008-9-18 9:50:39
676/600012/皖通高速/4.170	10800	4.160	3700	4.150	1700	4.140	22100	4.130	21300	4.180	17000	4.190	600	4.200	11900	4.210	16600	4.220	13500	/16843461//970464/234276/4.18/4.18//2008-9-18 9:51:39
676/600012/皖通高速/4.160	3700	4.150	1700	4.140	100	4.130	21300	4.120	16900	4.170	12900	4.180	22000	4.190	1100	4.200	15100	4.210	16600	/16843461//1020504/246276/4.17/4.18//2008-9-18 9:52:39
676/600012/皖通高速/4.150	1700	4.140	100	4.130	21300	4.120	16900	4.110	11500	4.160	4900	4.170	17300	4.180	16700	4.190	1100	4.200	15100	/16843461//1035896/249976/4.16/4.18//2008-9-18 9:53:40
676/600012/皖通高速/4.140	1100	4.130	21600	4.120	16900	4.110	11500	4.100	71600	4.150	3800	4.160	3800	4.170	17300	4.180	17200	4.190	1100	/16843461//1051271/253676/4.15/4.18//2008-9-18 9:54:40
676/600012/皖通高速/4.130	11600	4.120	16900	4.110	11500	4.100	71600	4.090	16902	4.140	33100	4.150	1300	4.160	3800	4.170	17900	4.180	18200	/16843461//1105405/266776/4.13/4.18//2008-9-18 9:55:40
676/600012/皖通高速/4.140	7600	4.130	11300	4.120	16900	4.110	7500	4.100	70600	4.150	1300	4.160	16600	4.170	17900	4.180	18200	4.190	1100	/16843461//1208077/291576/4.14/4.18//2008-9-18 9:56:41
676/600012/皖通高速/4.130	11300	4.120	13900	4.110	7500	4.100	70600	4.090	25002	4.140	5600	4.150	18900	4.160	15600	4.170	18400	4.180	19200	/16843461//1247821/301176/4.14/4.18//2008-9-18 9:57:41
676/600012/皖通高速/4.140	2500	4.130	11300	4.120	13900	4.110	5500	4.100	70600	4.150	16400	4.160	15600	4.170	18400	4.180	20500	4.190	2100	/16843461//1311577/316576/4.14/4.18//2008-9-18 9:58:41
676/600012/皖通高速/4.130	11300	4.120	13900	4.110	5500	4.100	70600	4.090	25002	4.140	7100	4.150	3100	4.160	15600	4.170	18400	4.180	24500	/16843461//1301227/314076/4.14/4.18//2008-9-18 9:59:41
676/600012/皖通高速/4.130	11300	4.120	13900	4.110	5500	4.100	70600	4.090	25002	4.140	7200	4.150	7300	4.160	15600	4.170	18400	4.180	24500	/16843461//1301227/314076/4.14/4.18//2008-9-18 10:0:42
676/600012/皖通高速/4.130	9000	4.120	13900	4.110	5500	4.100	70600	4.090	25002	4.140	7200	4.150	7300	4.160	43600	4.170	18400	4.180	24500	/16843461//1300376/313876/4.13/4.18//2008-9-18 10:1:42
676/600012/皖通高速/4.130	9500	4.120	13900	4.110	5500	4.100	83300	4.090	26002	4.140	1600	4.150	7300	4.160	43600	4.170	18400	4.180	24500	/16843461//1333885/321976/4.14/4.13//2008-9-18 10:2:42
676/600012/皖通高速/4.120	500	4.110	4500	4.100	83300	4.090	5300	4.080	14300	4.130	22200	4.140	3600	4.150	6800	4.160	43600	4.170	8500	/16843461//1377250/332476/4.13/4.13//2008-9-18 10:3:42
676/600012/皖通高速/4.130	500	4.120	1000	4.110	4500	4.100	83300	4.090	5300	4.140	1600	4.150	6800	4.160	43600	4.170	8500	4.180	24500	/16843461//1488795/359476/4.14/4.13//2008-9-18 10:4:43
676/600012/皖通高速/4.120	500	4.110	4500	4.100	82300	4.090	5300	4.080	14300	4.140	1100	4.150	7999	4.160	43600	4.170	8400	4.180	24500	/16843461//1484640/358476/4.12/4.13//2008-9-18 10:5:43
676/600012/皖通高速/4.100	124800	4.090	5300	4.080	34900	4.060	6000	4.050	45800	4.110	8100	4.120	12600	4.140	1100	4.150	10999	4.160	43600	/16843461//1523690/367976/4.11/4.13//2008-9-18 10:6:43
676/600012/皖通高速/4.090	6400	4.080	34900	4.060	1000	4.050	40800	4.040	3000	4.100	12600	4.110	7100	4.120	12600	4.140	1100	4.150	10999	/16843461//2030415/491576/4.1/4.13//2008-9-18 10:7:44
676/600012/皖通高速/4.100	41910	4.090	23700	4.080	36900	4.060	1000	4.050	40800	4.110	700	4.120	15100	4.140	1100	4.150	10999	4.160	43600	/16843461//2105869/509966/4.1/4.13//2008-9-18 10:8:44
676/600012/皖通高速/4.100	30600	4.090	24100	4.080	36900	4.060	1000	4.050	39600	4.110	12090	4.120	15500	4.140	11100	4.150	11699	4.160	45900	/16843461//2290014/554876/4.11/4.13//2008-9-18 10:9:44
676/600012/皖通高速/4.100	28700	4.090	24100	4.080	36900	4.060	1000	4.050	39600	4.110	10890	4.120	22400	4.140	11100	4.150	22299	4.160	45900	/16843461//2310526/559876/4.11/4.13//2008-9-18 10:10:44
676/600012/皖通高速/4.100	90999	4.090	23100	4.080	36900	4.060	1000	4.050	39600	4.110	10190	4.120	22400	4.130	300	4.140	11100	4.150	22299	/16843461//2343354/567878/4.1/4.13//2008-9-18 10:11:45
676/600012/皖通高速/4.100	83209	4.090	23100	4.080	36900	4.060	2000	4.050	39600	4.120	21400	4.130	800	4.140	11100	4.150	19299	4.160	45900	/16843461//2409021/583867/4.1/4.13//2008-9-18 10:12:45
676/600012/皖通高速/4.110	1300	4.100	83709	4.090	24100	4.080	86900	4.060	3000	4.120	24200	4.130	800	4.140	11100	4.150	21899	4.160	45900	/16843461//2409845/584067/4.12/4.13//2008-9-18 10:13:45
676/600012/皖通高速/4.100	75509	4.090	24100	4.080	87400	4.060	3000	4.050	39600	4.110	1000	4.120	22300	4.130	800	4.140	11100	4.150	21899	/16843461//2470639/598867/4.12/4.13//2008-9-18 10:14:46
676/600012/皖通高速/4.100	139409	4.090	24200	4.080	37400	4.060	3000	4.050	39600	4.110	3900	4.120	22200	4.130	800	4.140	11100	4.150	21899	/16843461//2471027/598967/4.11/4.13//2008-9-18 10:15:46
676/600012/皖通高速/4.110	1100	4.100	133009	4.090	24200	4.080	37400	4.060	3100	4.120	23200	4.130	800	4.140	11100	4.150	21899	4.160	45900	/16843461//2515355/609767/4.11/4.13//2008-9-18 10:16:46
676/600012/皖通高速/4.100	129009	4.090	24200	4.080	37400	4.060	3100	4.050	40600	4.110	2000	4.120	20500	4.130	1000	4.140	1100	4.150	21899	/16843461//2530962/613567/4.11/4.13//2008-9-18 10:17:47
676/600012/皖通高速/4.110	3400	4.100	124809	4.090	24200	4.080	37400	4.060	3100	4.120	2500	4.130	1000	4.140	11100	4.150	21899	4.160	46400	/16843461//2646591/641667/4.1/4.13//2008-9-18 10:18:47
676/600012/皖通高速/4.120	1800	4.110	23700	4.100	124809	4.090	32200	4.080	37400	4.130	1000	4.140	11100	4.150	21899	4.160	46400	4.170	2600	/16843461//2667181/646667/4.12/4.13//2008-9-18 10:19:47
676/600012/皖通高速/4.120	3800	4.110	30200	4.100	126009	4.090	24200	4.080	37400	4.130	800	4.140	11100	4.150	18199	4.160	46400	4.170	2600	/16843461//2667181/646667/4.12/4.13//2008-9-18 10:20:48
676/600012/皖通高速/4.120	3800	4.110	26300	4.100	124809	4.090	25700	4.080	37400	4.130	1200	4.140	11100	4.150	19199	4.160	46400	4.170	2600	/16843461//2663479/645767/4.13/4.13//2008-9-18 10:21:48
676/600012/皖通高速/4.120	2300	4.110	26300	4.100	111909	4.090	25200	4.080	37600	4.130	1600	4.140	11100	4.150	19199	4.160	46400	4.170	2600	/16843461//2670087/647367/4.13/4.13//2008-9-18 10:22:48
676/600012/皖通高速/4.120	2300	4.110	26300	4.100	111909	4.090	25200	4.080	37600	4.130	8200	4.140	2700	4.150	18199	4.160	46400	4.170	2600	/16843461//2723861/660367/4.13/4.13//2008-9-18 10:23:48
676/600012/皖通高速/4.120	7400	4.110	25800	4.100	112909	4.090	25200	4.080	37600	4.130	8200	4.140	3700	4.150	28199	4.160	46400	4.170	2600	/16843461//2723861/660367/4.13/4.13//2008-9-18 10:24:49
676/600012/皖通高速/4.120	7400	4.110	25800	4.100	112909	4.090	25200	4.080	37600	4.130	2900	4.140	3700	4.150	28199	4.160	46800	4.170	2600	/16843461//2767639/670967/4.13/4.13//2008-9-18 10:25:49
676/600012/皖通高速/4.130	4000	4.120	6600	4.110	25800	4.100	112909	4.090	25200	4.140	3700	4.150	28199	4.160	46800	4.170	2600	4.180	24500	/16843461//2757727/668567/4.13/4.13//2008-9-18 10:26:49
676/600012/皖通高速/4.130	13000	4.120	6600	4.110	25800	4.100	120909	4.090	25200	4.140	4400	4.150	28399	4.160	46800	4.170	2600	4.180	24500	/16843461//2761857/669567/4.13/4.13//2008-9-18 10:27:50
676/600012/皖通高速/4.130	12600	4.120	6600	4.110	25800	4.100	120909	4.090	25100	4.140	9600	4.150	28399	4.160	46800	4.170	2600	4.180	24500	/16843461//2763509/669967/4.13/4.13//2008-9-18 10:28:50
676/600012/皖通高速/4.130	12600	4.120	6700	4.110	25800	4.100	120909	4.090	25100	4.140	9600	4.150	28399	4.160	46400	4.170	5600	4.180	24500	/16843461//2763509/669967/4.13/4.13//2008-9-18 10:29:50
676/600012/皖通高速/4.130	12600	4.120	6700	4.110	25800	4.100	120909	4.090	25100	4.140	5400	4.150	28399	4.160	46400	4.170	5600	4.180	24500	/16843461//2763509/669967/4.13/4.13//2008-9-18 10:30:51
676/600012/皖通高速/4.130	8400	4.120	6700	4.110	25800	4.100	120909	4.090	25100	4.140	20700	4.150	28399	4.160	46400	4.170	5600	4.180	24500	/16843461//2780855/674167/4.13/4.13//2008-9-18 10:31:51
676/600012/皖通高速/4.130	6400	4.120	6700	4.110	23300	4.100	120909	4.090	25100	4.140	20700	4.150	28399	4.160	44100	4.170	5600	4.180	24500	/16843461//2789115/676167/4.13/4.13//2008-9-18 10:32:51
676/600012/皖通高速/4.130	2800	4.120	6700	4.110	23500	4.100	112909	4.090	25100	4.140	20700	4.150	28399	4.160	44100	4.170	5600	4.180	24500	/16843461//2803983/679767/4.13/4.13//2008-9-18 10:33:52
676/600012/皖通高速/4.120	4900	4.110	23500	4.100	112909	4.090	25100	4.080	37600	4.130	200	4.140	21200	4.150	28399	4.160	44100	4.170	5600	/16843461//2823787/684567/4.12/4.13//2008-9-18 10:34:52
676/600012/皖通高速/4.120	4900	4.110	22500	4.100	112909	4.090	25100	4.080	37600	4.130	1400	4.140	21200	4.150	29099	4.160	44100	4.170	5600	/16843461//2823787/684567/4.12/4.13//2008-9-18 10:35:52
676/600012/皖通高速/4.110	22500	4.100	115909	4.090	25100	4.080	36600	4.060	2100	4.120	3000	4.130	1400	4.140	21200	4.150	29099	4.160	44100	/16843461//2843975/689467/4.12/4.13//2008-9-18 10:36:53
676/600012/皖通高速/4.110	22900	4.100	116909	4.090	25100	4.080	36600	4.060	2100	4.120	11700	4.130	1400	4.140	22300	4.150	29099	4.160	44100	/16843461//2843975/689467/4.12/4.13//2008-9-18 10:37:53
676/600012/皖通高速/4.110	23200	4.100	116909	4.090	25100	4.080	36600	4.060	2100	4.120	12400	4.130	10200	4.140	22300	4.150	29099	4.160	16100	/16843461//2843975/689467/4.12/4.13//2008-9-18 10:38:53
676/600012/皖通高速/4.120	13400	4.110	4700	4.100	117909	4.090	25100	4.080	36600	4.130	10200	4.140	23600	4.150	30099	4.160	16100	4.170	5600	/16843461//2948599/714867/4.12/4.13//2008-9-18 10:39:54
676/600012/皖通高速/4.120	3400	4.110	11700	4.100	117909	4.090	25100	4.080	36600	4.130	10200	4.140	25200	4.150	30099	4.160	16100	4.170	5600	/16843461//2996803/726567/4.12/4.13//2008-9-18 10:40:54
676/600012/皖通高速/4.110	11700	4.100	116909	4.090	25100	4.080	36600	4.060	2100	4.120	17600	4.130	10400	4.140	25200	4.150	30099	4.160	16600	/16843461//2969611/719967/4.12/4.13//2008-9-18 10:41:54
676/600012/皖通高速/4.110	11700	4.100	117109	4.090	25100	4.080	36600	4.060	2100	4.120	7200	4.130	9300	4.140	25200	4.150	30099	4.160	16600	/16843461//3012459/730367/4.12/4.13//2008-9-18 10:42:55
676/600012/皖通高速/4.120	2300	4.110	12500	4.100	117109	4.090	25100	4.080	36600	4.130	9300	4.140	25200	4.150	30099	4.160	16600	4.170	5600	/16843461//3070524/744467/4.12/4.13//2008-9-18 10:43:55
676/600012/皖通高速/4.110	9000	4.100	117109	4.090	25100	4.080	36600	4.060	2100	4.120	2700	4.130	14300	4.140	25200	4.150	30099	4.160	16600	/16843461//3089476/749067/4.12/4.13//2008-9-18 10:44:56
676/600012/皖通高速/4.110	9700	4.100	113109	4.090	25100	4.080	36700	4.060	2100	4.120	10700	4.130	14300	4.140	25200	4.150	30099	4.160	18100	/16843461//3101803/752067/4.11/4.13//2008-9-18 10:45:56
676/600012/皖通高速/4.110	4000	4.100	110700	4.090	25100	4.080	36700	4.060	2100	4.120	10700	4.130	14100	4.140	23700	4.150	30099	4.160	18100	/16843461//3137149/760667/4.11/4.13//2008-9-18 10:46:56
676/600012/皖通高速/4.100	110700	4.090	25100	4.080	36700	4.060	2100	4.050	38600	4.110	5300	4.120	12400	4.130	13900	4.140	23700	4.150	30099	/16843461//3153589/764667/4.11/4.13//2008-9-18 10:47:57
676/600012/皖通高速/4.100	64000	4.090	25100	4.080	34700	4.060	2100	4.050	38600	4.110	24400	4.120	5300	4.130	14800	4.140	24200	4.150	30099	/16843461//3345059/811367/4.1/4.13//2008-9-18 10:48:57
676/600012/皖通高速/4.090	21600	4.080	34900	4.060	2100	4.050	38600	4.040	3000	4.100	8800	4.110	24400	4.120	5300	4.130	14800	4.140	24200	/16843461//3606639/875167/4.1/4.13//2008-9-18 10:49:57
676/600012/皖通高速/4.080	31800	4.060	2100	4.050	38600	4.040	3000	4.030	3300	4.090	1000	4.100	17800	4.110	24400	4.120	5300	4.130	14800	/16843461//3694983/896767/4.09/4.13//2008-9-18 10:50:58
676/600012/皖通高速/4.090	8400	4.080	31600	4.060	2100	4.050	41800	4.040	3000	4.100	17400	4.110	24400	4.120	10700	4.130	14800	4.140	24800	/16843461//3748975/909967/4.1/4.13//2008-9-18 10:51:58
676/600012/皖通高速/4.100	8700	4.090	3130	4.080	31600	4.060	2100	4.050	42300	4.110	22400	4.120	10700	4.130	14800	4.140	24800	4.150	32299	/16843461//3950129/959037/4.1/4.13//2008-9-18 10:52:58
676/600012/皖通高速/4.090	3031	4.080	31600	4.060	2100	4.050	42300	4.040	3000	4.100	10000	4.110	29500	4.120	11700	4.130	14800	4.140	24800	/16843461//3986204/967836/4.09/4.13//2008-9-18 10:53:59
676/600012/皖通高速/4.080	32200	4.060	5100	4.050	42300	4.040	3500	4.030	3300	4.090	37734	4.100	11400	4.110	29500	4.120	11700	4.130	14800	/16843461//4006499/972798/4.09/4.13//2008-9-18 10:54:59
676/600012/皖通高速/4.060	5400	4.050	42300	4.040	3000	4.030	5300	4.020	3400	4.080	31000	4.090	38734	4.100	10000	4.110	29500	4.120	11700	/16843461//4141397/1005867/4.06/4.13//2008-9-18 10:56:0
676/600012/皖通高速/4.060	2500	4.040	3000	4.030	5300	4.020	3400	4.010	28500	4.070	1000	4.080	34200	4.090	38734	4.100	10000	4.110	29500	/16843461//4344761/1056067/4.05/4.13//2008-9-18 10:57:0
676/600012/皖通高速/4.050	1500	4.030	5300	4.020	8400	4.010	38500	4.000	37100	4.060	8800	4.070	16700	4.080	8400	4.090	38734	4.100	10000	/16843461//4357753/1059267/4.06/4.13//2008-9-18 10:58:0
676/600012/皖通高速/4.040	3500	4.010	12300	4.000	136700	3.990	2500	3.980	5500	4.050	1200	4.060	6700	4.070	2500	4.080	7000	4.090	1000	/16843461//4560307/1109567/4.03/4.13//2008-9-18 10:59:1
676/600012/皖通高速/4.050	58600	4.040	3900	4.020	5100	4.010	13600	4.000	139800	4.060	6700	4.070	2500	4.080	9000	4.090	1000	4.100	10000	/16843461//4709035/1146367/4.06/4.13//2008-9-18 11:0:1
676/600012/皖通高速/4.040	900	4.020	2600	4.010	16000	4.000	140000	3.990	2500	4.050	48799	4.060	13700	4.070	2000	4.080	6000	4.090	1500	/16843461//4958485/1207967/4.04/4.13//2008-9-18 11:1:2
676/600012/皖通高速/4.050	51201	4.020	3600	4.010	35800	4.000	140300	3.990	2500	4.060	12700	4.070	2000	4.080	6000	4.090	1500	4.100	10000	/16843461//5382839/1312765/4.05/4.13//2008-9-18 11:2:2
676/600012/皖通高速/4.050	23101	4.030	1000	4.020	3600	4.010	36500	4.000	140300	4.060	5700	4.070	2000	4.080	6000	4.090	1500	4.100	23000	/16843461//5299008/1292066/4.05/4.13//2008-9-18 11:3:2
676/600012/皖通高速/4.050	21101	4.020	3600	4.010	36500	4.000	140300	3.990	2500	4.060	3700	4.070	2000	4.080	4000	4.090	21100	4.100	21000	/16843461//5315228/1296066/4.06/4.13//2008-9-18 11:4:3
676/600012/皖通高速/4.050	20301	4.020	3600	4.010	38300	4.000	143300	3.990	2500	4.060	4400	4.070	2000	4.080	5500	4.090	21100	4.100	23500	/16843461//5322926/1297966/4.05/4.13//2008-9-18 11:5:3
676/600012/皖通高速/4.050	12701	4.020	2600	4.010	39300	4.000	143300	3.990	2500	4.060	2800	4.070	2000	4.080	10500	4.090	21100	4.100	33500	/16843461//5358586/1306766/4.05/4.13//2008-9-18 11:6:4
676/600012/皖通高速/4.050	2701	4.020	4100	4.010	39900	4.000	143300	3.990	2500	4.060	1800	4.070	2000	4.080	10500	4.090	21100	4.100	29000	/16843461//5403146/1317766/4.05/4.13//2008-9-18 11:7:4
676/600012/皖通高速/4.020	7100	4.010	39900	4.000	143200	3.990	2500	3.980	4100	4.050	700	4.060	699	4.070	2000	4.080	10500	4.090	18100	/16843461//5424221/1322967/4.06/4.13//2008-9-18 11:8:4
676/600012/皖通高速/4.050	4000	4.020	10800	4.010	39900	4.000	142200	3.990	1500	4.060	699	4.070	4000	4.080	10500	4.090	18100	4.100	29000	/16843461//5432315/1324967/4.05/4.13//2008-9-18 11:9:5
676/600012/皖通高速/4.050	53400	4.020	9800	4.010	39700	4.000	142400	3.990	1500	4.060	4299	4.070	4000	4.080	10500	4.090	18100	4.100	32300	/16843461//5432318/1324967/4.05/4.13//2008-9-18 11:10:5
676/600012/皖通高速/4.050	31200	4.020	9800	4.010	43200	4.000	142400	3.990	1500	4.060	4299	4.070	4000	4.080	10500	4.090	18100	4.100	32300	/16843461//5529123/1348867/4.06/4.13//2008-9-18 11:11:6
676/600012/皖通高速/4.050	26000	4.020	8200	4.010	43200	4.000	142100	3.990	1500	4.060	5099	4.070	7000	4.080	10500	4.090	18100	4.100	32300	/16843461//5554243/1355067/4.05/4.13//2008-9-18 11:12:6
676/600012/皖通高速/4.050	24600	4.020	41300	4.010	46900	4.000	142200	3.990	2100	4.060	399	4.070	7000	4.080	10500	4.090	18100	4.100	32500	/16843461//5594017/1364867/4.06/4.13//2008-9-18 11:13:7
676/600012/皖通高速/4.050	23601	4.020	41300	4.010	46900	4.000	142200	3.990	2100	4.060	4500	4.070	4000	4.080	10500	4.090	18100	4.100	32500	/16843461//5607401/1368166/4.05/4.13//2008-9-18 11:14:7
676/600012/皖通高速/4.050	13101	4.020	41600	4.010	46900	4.000	141200	3.990	2100	4.060	6500	4.070	4000	4.080	10500	4.090	18100	4.100	32500	/16843461//5649926/1378666/4.05/4.13//2008-9-18 11:15:7
676/600012/皖通高速/4.050	11601	4.020	41900	4.010	46900	4.000	141700	3.990	2100	4.060	5000	4.070	4000	4.080	10500	4.090	18100	4.100	29200	/16843461//5663309/1381966/4.06/4.13//2008-9-18 11:16:8
676/600012/皖通高速/4.020	41900	4.010	46900	4.000	142100	3.990	2100	3.980	4200	4.050	8899	4.060	5700	4.070	4000	4.080	10500	4.090	18100	/16843461//5754847/1404568/4.05/4.13//2008-9-18 11:17:8
676/600012/皖通高速/4.020	42200	4.010	48900	4.000	142100	3.990	2100	3.980	4200	4.050	9299	4.060	15700	4.070	4000	4.080	10500	4.090	18100	/16843461//5710698/1393667/4.05/4.13//2008-9-18 11:18:9
676/600012/皖通高速/4.030	2100	4.020	41200	4.010	49200	4.000	142100	3.990	2100	4.050	8299	4.060	15700	4.070	4000	4.080	10500	4.090	18100	/16843461//5719981/1395967/4.03/4.13//2008-9-18 11:19:9
676/600012/皖通高速/4.030	700	4.020	41200	4.010	49900	4.000	142100	3.990	2100	4.040	300	4.050	8799	4.060	15700	4.070	4000	4.080	10500	/16843461//5725623/1397367/4.03/4.13//2008-9-18 11:20:10
676/600012/皖通高速/4.030	10500	4.020	41200	4.010	49900	4.000	147200	3.990	2100	4.040	5300	4.050	20599	4.060	15700	4.070	4000	4.080	10500	/16843461//5742146/1401467/4.03/4.13//2008-9-18 11:21:10
676/600012/皖通高速/4.030	3700	4.020	41200	4.010	50900	4.000	147200	3.990	2100	4.040	13400	4.050	20599	4.060	15000	4.070	4000	4.080	10500	/16843461//5792167/1413867/4.03/4.13//2008-9-18 11:22:10
676/600012/皖通高速/4.030	1700	4.020	41200	4.010	49900	4.000	143100	3.990	2100	4.040	700	4.050	20599	4.060	15000	4.070	4000	4.080	10800	/16843461//5820387/1420867/4.03/4.13//2008-9-18 11:23:11
676/600012/皖通高速/4.020	28400	4.010	49900	4.000	143800	3.990	2100	3.980	4200	4.030	500	4.040	14400	4.050	20599	4.060	15000	4.070	4000	/16843461//5867011/1432467/4.02/4.13//2008-9-18 11:24:11
676/600012/皖通高速/4.020	4400	4.010	49900	4.000	143800	3.990	2100	3.980	4200	4.030	6600	4.040	700	4.050	20599	4.060	15000	4.070	4000	/16843461//5971541/1458467/4.02/4.13//2008-9-18 11:25:12
676/600012/皖通高速/4.010	48900	4.000	143800	3.990	2100	3.980	4200	3.970	500	4.020	7000	4.030	5900	4.040	700	4.050	20599	4.060	15000	/16843461//6039489/1475367/4.02/4.13//2008-9-18 11:26:12
676/600012/皖通高速/4.050	59601	4.020	5000	4.010	11700	4.000	143800	3.990	2100	4.060	15000	4.070	4000	4.080	10800	4.090	19800	4.100	30200	/16843461//6353127/1553266/4.05/4.13//2008-9-18 11:27:13
676/600012/皖通高速/4.050	16601	4.020	5300	4.010	12700	4.000	143800	3.990	2100	4.060	21000	4.070	5000	4.080	10800	4.090	19800	4.100	31100	/16843461//6527277/1596266/4.05/4.13//2008-9-18 11:28:13
676/600012/皖通高速/4.050	14501	4.020	3600	4.010	12700	4.000	143800	3.990	2300	4.060	21000	4.070	5000	4.080	11400	4.090	19800	4.100	31100	/16843461//6994092/1711566/4.05/4.13//2008-9-18 11:29:14
676/600012/皖通高速/4.050	8101	4.020	3600	4.010	12700	4.000	144100	3.990	3300	4.060	21000	4.070	5000	4.080	11400	4.090	19800	4.100	32100	/16843461//6986802/1709766/4.05/4.13//2008-9-18 11:30:14
676/600012/皖通高速/4.050	8101	4.020	3600	4.010	12700	4.000	144100	3.990	3300	4.060	21000	4.070	5000	4.080	11400	4.090	19800	4.100	32100	/16843461//6986802/1709766/4.05/4.13//2008-9-18 11:31:15
676/600012/皖通高速/4.010	16900	4.000	146000	3.990	3300	3.980	2900	3.970	500	4.020	3720	4.040	3800	4.050	72199	4.060	23000	4.070	5000	/16843461//7058625/1727567/4.02/4.13//2008-9-18 13:1:15
676/600012/皖通高速/4.000	144500	3.990	2700	3.980	2900	3.970	500	3.960	2100	4.010	10900	4.020	2300	4.040	4700	4.050	67399	4.060	23000	/16843461//7130394/1745467/4.0/4.13//2008-9-18 13:2:16
676/600012/皖通高速/4.000	136780	3.990	2700	3.980	2500	3.970	500	3.960	2100	4.010	7700	4.020	1800	4.040	4700	4.050	58399	4.060	23000	/16843461//7168898/1755087/4.0/4.13//2008-9-18 13:3:16
676/600012/皖通高速/4.000	134680	3.990	2700	3.980	3000	3.970	500	3.960	2100	4.020	1800	4.040	4700	4.050	58199	4.060	23000	4.070	5000	/16843461//7264298/1778887/4.0/4.13//2008-9-18 13:4:17
676/600012/皖通高速/4.000	133080	3.990	1700	3.980	3500	3.970	1500	3.960	2100	4.010	7600	4.020	1800	4.030	2000	4.040	10600	4.050	58199	/16843461//7291099/1785587/4.01/4.13//2008-9-18 13:5:17
676/600012/皖通高速/4.000	127380	3.990	1700	3.980	3500	3.970	1500	3.960	2100	4.010	800	4.020	1800	4.030	2600	4.040	10600	4.050	59099	/16843461//7331583/1795687/4.0/4.13//2008-9-18 13:6:18
676/600012/皖通高速/4.000	123880	3.990	1700	3.980	3500	3.970	1500	3.960	2100	4.010	15500	4.020	1800	4.030	2600	4.040	8600	4.050	59099	/16843461//7345983/1799287/4.0/4.13//2008-9-18 13:7:18
676/600012/皖通高速/4.000	93550	3.990	1700	3.980	3500	3.970	1500	3.960	2100	4.010	800	4.020	1800	4.030	2600	4.040	8600	4.050	59099	/16843461//7472503/1830917/4.0/4.13//2008-9-18 13:8:19
676/600012/皖通高速/4.000	80850	3.990	1700	3.980	3500	3.970	1500	3.960	2600	4.010	1100	4.020	1500	4.030	600	4.040	8600	4.050	46399	/16843461//7531323/1845617/4.01/4.13//2008-9-18 13:9:19
676/600012/皖通高速/4.000	65850	3.990	1700	3.980	3500	3.970	1500	3.960	2600	4.010	9300	4.020	1500	4.030	13599	4.040	7700	4.050	44199	/16843461//7603353/1863617/4.0/4.13//2008-9-18 13:10:20
676/600012/皖通高速/4.000	43350	3.990	1700	3.980	3500	3.970	1500	3.960	2600	4.010	15500	4.020	81500	4.030	899	4.040	13100	4.050	45199	/16843461//7709383/1890117/4.01/4.13//2008-9-18 13:11:20
676/600012/皖通高速/4.000	27050	3.990	1800	3.980	3500	3.970	1500	3.960	3600	4.010	15700	4.020	81500	4.030	899	4.040	13100	4.050	45199	/16843461//7786593/1909417/4.0/4.13//2008-9-18 13:12:21
676/600012/皖通高速/3.990	1800	3.980	3500	3.970	1500	3.960	11600	3.950	56800	4.000	3350	4.020	81500	4.030	899	4.040	13100	4.050	45199	/16843461//8018249/1967267/4.0/4.13//2008-9-18 13:13:21
676/600012/皖通高速/3.990	600	3.980	3500	3.970	11800	3.960	11600	3.950	56800	4.000	14549	4.020	81500	4.030	899	4.040	13100	4.050	45299	/16843461//8023037/1968467/3.99/4.13//2008-9-18 13:14:22
676/600012/皖通高速/3.990	1700	3.980	5500	3.970	11800	3.960	11100	3.950	57300	4.000	16749	4.020	82600	4.030	899	4.040	13100	4.050	45299	/16843461//8098448/1987367/3.99/4.13//2008-9-18 13:15:22
676/600012/皖通高速/3.980	4100	3.970	11800	3.960	11100	3.950	57300	3.930	600	3.990	5300	4.000	17749	4.020	82600	4.030	899	4.040	8100	/16843461//8120355/1992867/3.98/4.13//2008-9-18 13:16:23
676/600012/皖通高速/3.980	900	3.970	21800	3.960	15600	3.950	57300	3.930	600	3.990	5400	4.000	18749	4.010	1000	4.020	82600	4.030	899	/16843461//8134305/1996367/3.99/4.13//2008-9-18 13:17:23
676/600012/皖通高速/3.980	10500	3.970	20700	3.960	15600	3.950	57300	3.930	600	3.990	6900	4.000	19749	4.010	1000	4.020	82600	4.030	299	/16843461//8157368/2002167/3.98/4.13//2008-9-18 13:18:24
676/600012/皖通高速/3.980	11601	3.970	20700	3.960	15600	3.950	58300	3.930	1800	3.990	3800	4.000	19749	4.010	1300	4.020	82600	4.030	299	/16843461//8172519/2005966/3.98/4.13//2008-9-18 13:19:24
676/600012/皖通高速/3.980	14601	3.970	20700	3.960	8500	3.950	58300	3.930	600	3.990	21600	4.000	17749	4.010	1300	4.020	81600	4.030	1599	/16843461//8181297/2008166/3.99/4.13//2008-9-18 13:20:25
676/600012/皖通高速/3.980	20801	3.970	18400	3.960	8500	3.950	58300	3.930	600	3.990	7500	4.000	24049	4.010	6300	4.020	81600	4.030	1599	/16843461//8266610/2029566/3.99/4.13//2008-9-18 13:21:25
676/600012/皖通高速/3.990	9400	3.980	21801	3.970	18900	3.960	9000	3.950	58300	4.000	12349	4.010	6300	4.020	81600	4.030	1599	4.040	10300	/16843461//8325332/2044266/4.0/4.13//2008-9-18 13:22:26
676/600012/皖通高速/3.990	4400	3.980	28101	3.970	18900	3.960	9000	3.950	58300	4.000	3049	4.010	8300	4.020	83300	4.030	1599	4.040	10300	/16843461//8417610/2067366/4.0/4.13//2008-9-18 13:23:26
676/600012/皖通高速/4.000	24151	3.990	10200	3.980	22801	3.970	18900	3.960	9400	4.010	7600	4.020	83300	4.030	1599	4.040	10300	4.050	43699	/16843461//8432613/2071115/4.01/4.13//2008-9-18 13:24:27
676/600012/皖通高速/4.010	5400	4.000	15051	3.990	10200	3.980	12701	3.970	19900	4.020	83300	4.030	15899	4.040	4900	4.050	43399	4.060	23000	/16843461//8513155/2091215/4.01/4.13//2008-9-18 13:25:27
676/600012/皖通高速/4.010	16300	4.000	18051	3.990	9500	3.980	7301	3.970	20100	4.020	81300	4.030	14599	4.040	4900	4.050	43399	4.060	23000	/16843461//8502769/2088615/4.02/4.13//2008-9-18 13:26:28
676/600012/皖通高速/4.010	15500	4.000	21051	3.990	9500	3.980	7301	3.970	20100	4.020	73800	4.030	14599	4.040	5900	4.050	43399	4.060	23000	/16843461//8530899/2095615/4.02/4.13//2008-9-18 13:27:28
676/600012/皖通高速/4.010	14900	4.000	21151	3.990	9500	3.980	6301	3.970	20100	4.020	73100	4.030	14599	4.040	5900	4.050	53399	4.060	23000	/16843461//8536119/2096915/4.02/4.13//2008-9-18 13:28:29
676/600012/皖通高速/4.000	21251	3.990	6500	3.980	7301	3.970	20100	3.960	8900	4.010	9500	4.020	80100	4.030	14599	4.040	5900	4.050	53399	/16843461//8603888/2113815/4.01/4.13//2008-9-18 13:29:29
676/600012/皖通高速/4.000	21251	3.990	6500	3.980	7301	3.970	20100	3.960	8900	4.010	6100	4.020	73100	4.030	14599	4.040	5900	4.050	53399	/16843461//8602279/2113415/4.01/4.13//2008-9-18 13:30:30
676/600012/皖通高速/4.000	20251	3.990	6300	3.980	7301	3.970	20100	3.960	8500	4.010	3100	4.020	73100	4.030	14599	4.040	5900	4.050	53399	/16843461//8614309/2116415/4.01/4.13//2008-9-18 13:31:30
676/600012/皖通高速/4.010	2700	4.000	4500	3.990	6300	3.980	7901	3.970	20100	4.020	72100	4.030	14599	4.040	5900	4.050	53399	4.060	23000	/16843461//8665196/2129115/4.01/4.13//2008-9-18 13:32:31
676/600012/皖通高速/4.010	5600	4.000	6200	3.990	9300	3.980	7901	3.970	21100	4.020	57100	4.030	14599	4.040	5900	4.050	53399	4.060	23000	/16843461//8766097/2154215/4.02/4.13//2008-9-18 13:33:31
676/600012/皖通高速/4.020	57100	4.010	6000	4.000	6200	3.990	8800	3.980	7501	4.030	14599	4.040	5900	4.050	53399	4.060	22000	4.070	3000	/16843461//9016493/2216515/4.02/4.13//2008-9-18 13:34:32
676/600012/皖通高速/4.030	90701	4.020	5200	4.010	6000	4.000	6100	3.990	8800	4.050	35799	4.060	22000	4.070	3000	4.080	6000	4.090	34120	/16843461//9171166/2254814/4.05/4.13//2008-9-18 13:35:32
676/600012/皖通高速/4.050	24401	4.030	26701	4.020	3700	4.010	6000	4.000	6100	4.060	14000	4.070	3000	4.080	6000	4.090	34120	4.100	34600	/16843461//9352682/2299613/4.06/4.13//2008-9-18 13:36:33
676/600012/皖通高速/4.050	21001	4.030	26701	4.020	2600	4.010	6000	4.000	6100	4.060	11600	4.070	3000	4.080	6000	4.090	34120	4.100	34600	/16843461//9366476/2303013/4.06/4.13//2008-9-18 13:37:34
676/600012/皖通高速/4.050	16501	4.030	26701	4.020	2600	4.010	5600	4.000	6100	4.060	400	4.070	7000	4.080	6900	4.090	34120	4.100	33600	/16843461//9433420/2319513/4.05/4.13//2008-9-18 13:38:34
676/600012/皖通高速/4.050	6100	4.030	26701	4.020	3300	4.010	5600	4.000	6100	4.060	300	4.070	7000	4.080	6400	4.090	34120	4.100	33600	/16843461//9433826/2319613/4.06/4.13//2008-9-18 13:39:35
676/600012/皖通高速/4.050	3900	4.030	26701	4.020	3300	4.010	5600	4.000	5800	4.060	5199	4.070	17500	4.080	6900	4.090	34120	4.100	33600	/16843461//9439496/2321013/4.05/4.13//2008-9-18 13:40:35
676/600012/皖通高速/4.050	2400	4.030	26701	4.020	3300	4.010	5600	4.000	5800	4.060	1200	4.070	17500	4.080	6900	4.090	34120	4.100	33600	/16843461//9448811/2323313/4.05/4.13//2008-9-18 13:41:36
676/600012/皖通高速/4.030	26701	4.020	3300	4.010	5600	4.000	5800	3.990	8800	4.060	4000	4.070	16500	4.080	8900	4.090	34120	4.100	33600	/16843461//9467453/2327913/4.05/4.13//2008-9-18 13:42:36
676/600012/皖通高速/4.040	5500	4.030	26701	4.020	3300	4.010	5600	4.000	2700	4.060	200	4.070	16500	4.080	8900	4.090	34120	4.100	35700	/16843461//9528560/2343013/4.06/4.13//2008-9-18 13:43:37
676/600012/皖通高速/4.050	9000	4.040	8600	4.030	26701	4.020	3700	4.010	5600	4.060	6000	4.070	16500	4.080	8900	4.090	34120	4.100	35700	/16843461//9532212/2343913/4.04/4.13//2008-9-18 13:44:37
676/600012/皖通高速/4.060	8000	4.050	14200	4.040	8600	4.030	31801	4.020	3700	4.070	10400	4.080	8900	4.090	34120	4.100	35700	4.110	20800	/16843461//9598056/2360113/4.07/4.13//2008-9-18 13:45:38
676/600012/皖通高速/4.100	72880	4.060	22800	4.050	9200	4.040	7600	4.030	26801	4.110	20800	4.120	4800	4.130	600	4.140	4200	4.150	29899	/16843461//10120040/2487633/4.1/4.13//2008-9-18 13:46:39
676/600012/皖通高速/4.100	64280	4.060	22500	4.050	8200	4.040	6600	4.030	26801	4.110	11500	4.120	4800	4.130	600	4.140	5200	4.150	29299	/16843461//10188993/2504433/4.1/4.13//2008-9-18 13:47:39
676/600012/皖通高速/4.100	281	4.080	1000	4.070	1000	4.060	22500	4.050	10700	4.110	6900	4.120	5800	4.130	600	4.140	7200	4.150	29299	/16843461//10491205/2578132/4.1/4.13//2008-9-18 13:48:40
676/600012/皖通高速/4.090	300	4.080	1000	4.070	1000	4.060	22500	4.050	10700	4.100	3000	4.110	619	4.120	5100	4.130	5400	4.140	7200	/16843461//10537520/2589413/4.1/4.13//2008-9-18 13:49:40
676/600012/皖通高速/4.070	1000	4.060	22500	4.050	10900	4.040	6600	4.030	26801	4.090	8400	4.100	4000	4.110	1219	4.120	4800	4.130	7400	/16843461//10624827/2610713/4.08/4.13//2008-9-18 13:50:41
676/600012/皖通高速/4.060	21900	4.050	10700	4.040	6600	4.030	26801	4.020	3700	4.080	1000	4.090	8400	4.100	5000	4.110	1219	4.120	4800	/16843461//10631323/2612313/4.06/4.13//2008-9-18 13:51:41
676/600012/皖通高速/4.060	19900	4.050	11200	4.040	6600	4.030	26801	4.020	3700	4.080	1500	4.090	8400	4.100	10000	4.110	1219	4.120	4800	/16843461//10639443/2614313/4.06/4.13//2008-9-18 13:52:42
676/600012/皖通高速/4.070	3000	4.060	19900	4.050	11200	4.040	9600	4.030	26801	4.080	1500	4.090	8400	4.100	10000	4.110	1219	4.120	4800	/16843461//10639443/2614313/4.06/4.13//2008-9-18 13:53:42
676/600012/皖通高速/4.070	2000	4.060	20000	4.050	11200	4.040	9600	4.030	26801	4.080	1600	4.090	8400	4.100	10000	4.110	1219	4.120	4800	/16843461//10643513/2615313/4.07/4.13//2008-9-18 13:54:43
676/600012/皖通高速/4.080	4200	4.060	20000	4.050	11200	4.040	11900	4.030	26801	4.090	8400	4.100	10000	4.110	2219	4.120	4800	4.130	7400	/16843461//10672849/2622513/4.08/4.13//2008-9-18 13:55:44
676/600012/皖通高速/4.070	10000	4.060	19000	4.050	11200	4.040	11900	4.030	26801	4.080	4600	4.090	8400	4.100	10000	4.110	1619	4.120	4800	/16843461//10687547/2626113/4.08/4.13//2008-9-18 13:56:44
676/600012/皖通高速/4.080	10300	4.070	7000	4.060	9000	4.050	11300	4.040	11900	4.090	8400	4.100	10000	4.110	1619	4.120	4800	4.130	7400	/16843461//10718525/2633713/4.08/4.13//2008-9-18 13:57:45
676/600012/皖通高速/4.080	7300	4.070	7000	4.060	9000	4.050	11300	4.040	11900	4.090	8400	4.100	20000	4.110	1619	4.120	4800	4.130	7400	/16843461//10730765/2636713/4.08/4.13//2008-9-18 13:58:45
676/600012/皖通高速/4.080	6700	4.070	7000	4.060	9000	4.050	11300	4.040	11900	4.090	8400	4.100	20000	4.110	1619	4.120	4800	4.130	7400	/16843461//10733213/2637313/4.08/4.13//2008-9-18 13:59:46
676/600012/皖通高速/4.080	7100	4.070	7000	4.060	9000	4.050	11300	4.040	11900	4.090	8400	4.100	20000	4.110	1619	4.120	4800	4.130	7400	/16843461//10735258/2637813/4.09/4.13//2008-9-18 14:0:47
676/600012/皖通高速/4.080	5900	4.070	7000	4.060	9100	4.050	11300	4.040	11900	4.090	11400	4.100	20000	4.110	1619	4.120	5100	4.130	7400	/16843461//10740154/2639013/4.08/4.13//2008-9-18 14:1:47
676/600012/皖通高速/4.070	7000	4.060	9100	4.050	11300	4.040	11900	4.030	8100	4.080	2100	4.090	8900	4.100	20000	4.110	1619	4.120	5100	/16843461//10772406/2646913/4.08/4.13//2008-9-18 14:2:48
676/600012/皖通高速/4.070	7000	4.060	9100	4.050	3200	4.040	11900	4.030	8100	4.080	100	4.090	8900	4.100	20000	4.110	1619	4.120	5100	/16843461//10784646/2649913/4.08/4.13//2008-9-18 14:3:48
676/600012/皖通高速/4.060	9100	4.050	3200	4.040	11900	4.030	8100	4.020	3700	4.070	6000	4.080	3100	4.090	9200	4.100	20000	4.110	1619	/16843461//10813136/2656913/4.07/4.13//2008-9-18 14:4:49
676/600012/皖通高速/4.050	3200	4.040	11900	4.030	6100	4.020	3700	4.010	5600	4.060	900	4.070	6000	4.080	3000	4.090	9200	4.100	20000	/16843461//10850082/2666013/4.06/4.13//2008-9-18 14:5:50
676/600012/皖通高速/4.050	11100	4.040	11900	4.030	6100	4.020	3700	4.010	5600	4.070	4900	4.080	3000	4.090	9200	4.100	20000	4.110	1619	/16843461//10858618/2668113/4.07/4.13//2008-9-18 14:6:50
676/600012/皖通高速/4.070	5100	4.060	1300	4.050	11100	4.040	11900	4.030	6100	4.080	2000	4.090	9200	4.100	20000	4.110	1619	4.120	4800	/16843461//10882641/2674013/4.08/4.13//2008-9-18 14:7:51
676/600012/皖通高速/4.080	1100	4.070	3600	4.060	1300	4.050	11100	4.040	11900	4.090	7200	4.100	20000	4.110	2619	4.120	4800	4.130	7400	/16843461//10905066/2679513/4.08/4.13//2008-9-18 14:8:51
676/600012/皖通高速/4.080	7100	4.070	8600	4.060	1900	4.050	11100	4.040	11900	4.090	6800	4.100	20000	4.110	2619	4.120	4800	4.130	7400	/16843461//10902622/2678913/4.09/4.13//2008-9-18 14:9:52
676/600012/皖通高速/4.080	7300	4.070	8600	4.060	1900	4.050	3100	4.040	11900	4.090	7500	4.100	20000	4.110	2619	4.120	4800	4.130	7400	/16843461//10906712/2679913/4.09/4.13//2008-9-18 14:10:53
676/600012/皖通高速/4.090	1000	4.080	8300	4.070	8600	4.060	1900	4.050	6200	4.100	20500	4.110	2619	4.120	4800	4.130	7400	4.140	6700	/16843461//10957837/2692413/4.09/4.13//2008-9-18 14:11:53
676/600012/皖通高速/4.080	8300	4.070	8600	4.060	1900	4.050	6200	4.040	11900	4.100	10000	4.110	2619	4.120	4800	4.130	7400	4.140	6800	/16843461//10964027/2693913/4.09/4.13//2008-9-18 14:12:54
676/600012/皖通高速/4.080	8300	4.070	8600	4.060	1500	4.050	9300	4.040	11900	4.100	8200	4.110	2619	4.120	4800	4.130	7400	4.140	6800	/16843461//10972227/2695913/4.1/4.13//2008-9-18 14:13:55
676/600012/皖通高速/4.080	700	4.070	8600	4.060	1500	4.050	9300	4.040	11900	4.090	100	4.100	8800	4.110	2619	4.120	4900	4.130	7400	/16843461//11016307/2706713/4.08/4.13//2008-9-18 14:14:55
676/600012/皖通高速/4.080	4600	4.070	8600	4.060	3000	4.050	9300	4.040	11900	4.100	10900	4.110	2619	4.120	4900	4.130	7400	4.140	6800	/16843461//11018756/2707313/4.09/4.13//2008-9-18 14:15:56
676/600012/皖通高速/4.090	8400	4.080	9000	4.070	8600	4.060	3000	4.050	6200	4.100	17700	4.110	2619	4.120	4900	4.130	7400	4.140	6800	/16843461//11021210/2707913/4.09/4.13//2008-9-18 14:16:56
676/600012/皖通高速/4.090	8400	4.080	9000	4.070	8600	4.060	3000	4.050	6200	4.100	12700	4.110	2619	4.120	4900	4.130	7400	4.140	6800	/16843461//11058110/2716913/4.1/4.13//2008-9-18 14:17:57
676/600012/皖通高速/4.090	8100	4.080	5200	4.070	8600	4.060	3000	4.050	6200	4.100	1600	4.110	2619	4.120	4900	4.130	5600	4.140	6800	/16843461//11082297/2722813/4.1/4.13//2008-9-18 14:18:58
676/600012/皖通高速/4.110	8100	4.100	20381	4.090	12100	4.080	5600	4.070	8600	4.130	4700	4.140	6800	4.150	25199	4.160	16500	4.170	10600	/16843461//11145359/2738132/4.13/4.13//2008-9-18 14:19:58
676/600012/皖通高速/4.120	700	4.110	10100	4.100	23681	4.090	12100	4.080	5600	4.130	1700	4.140	5800	4.150	25199	4.160	15500	4.170	10600	/16843461//11152816/2739932/4.13/4.13//2008-9-18 14:20:59
676/600012/皖通高速/4.150	11201	4.140	36800	4.130	11000	4.120	800	4.110	5500	4.160	15500	4.170	10200	4.180	25700	4.190	2200	4.200	32000	/16843461//11280164/2770631/4.15/4.13//2008-9-18 14:22:0
676/600012/皖通高速/4.150	14201	4.140	36800	4.130	14000	4.120	800	4.110	5500	4.160	10100	4.170	10200	4.180	23900	4.190	2200	4.200	34500	/16843461//11316346/2779331/4.16/4.13//2008-9-18 14:23:0
676/600012/皖通高速/4.160	24800	4.150	14201	4.140	36800	4.130	11000	4.120	700	4.170	10200	4.180	23900	4.190	2200	4.200	34500	4.210	9000	/16843461//11382906/2795331/4.16/4.13//2008-9-18 14:24:1
676/600012/皖通高速/4.150	9501	4.140	36800	4.130	11000	4.120	700	4.110	5500	4.170	10700	4.180	23000	4.190	1200	4.200	32500	4.210	9000	/16843461//11481872/2819131/4.15/4.13//2008-9-18 14:25:2
676/600012/皖通高速/4.160	400	4.150	5001	4.140	36800	4.130	10000	4.120	500	4.170	12700	4.180	23900	4.190	2600	4.200	37500	4.210	9000	/16843461//11513027/2826631/4.16/4.13//2008-9-18 14:26:2
676/600012/皖通高速/4.150	3001	4.140	36800	4.130	10000	4.120	1000	4.110	5500	4.160	500	4.170	7100	4.180	24300	4.190	2600	4.200	39300	/16843461//11571357/2840631/4.17/4.13//2008-9-18 14:27:3
676/600012/皖通高速/4.150	2101	4.140	36800	4.130	11500	4.120	1000	4.110	2500	4.170	9600	4.180	24300	4.190	2600	4.200	40800	4.210	9000	/16843461//11566722/2839531/4.15/4.13//2008-9-18 14:28:4
676/600012/皖通高速/4.150	8101	4.140	36800	4.130	11500	4.120	1000	4.110	2500	4.160	2600	4.170	15100	4.180	23900	4.190	2600	4.200	41800	/16843461//11567554/2839731/4.16/4.13//2008-9-18 14:29:4
676/600012/皖通高速/4.130	11500	4.120	1000	4.110	2500	4.100	25100	4.090	8100	4.140	32099	4.160	5300	4.170	14600	4.180	23900	4.190	1800	/16843461//11770125/2888632/4.14/4.13//2008-9-18 14:30:5
676/600012/皖通高速/4.130	6000	4.120	1000	4.110	2200	4.100	25100	4.090	8100	4.150	2500	4.160	8600	4.170	14600	4.180	23900	4.190	1800	/16843461//11794905/2894632/4.13/4.13//2008-9-18 14:31:6
676/600012/皖通高速/4.140	15200	4.130	6000	4.120	1000	4.110	2700	4.100	25100	4.150	3100	4.160	8600	4.170	14600	4.180	23900	4.190	1800	/16843461//11794905/2894632/4.13/4.13//2008-9-18 14:32:6
676/600012/皖通高速/4.150	2300	4.140	14200	4.130	6000	4.120	1000	4.110	2700	4.160	8600	4.170	12600	4.180	25900	4.190	1800	4.200	41800	/16843461//11809845/2898232/4.15/4.13//2008-9-18 14:33:7
676/600012/皖通高速/4.150	8700	4.140	14200	4.130	6000	4.120	1000	4.110	2700	4.160	11600	4.170	12600	4.180	26100	4.190	1800	4.200	41800	/16843461//11811090/2898532/4.15/4.13//2008-9-18 14:34:8
676/600012/皖通高速/4.150	6700	4.140	14200	4.130	7000	4.120	1000	4.110	2700	4.160	11300	4.170	12600	4.180	31600	4.190	1800	4.200	41800	/16843461//11819390/2900532/4.15/4.13//2008-9-18 14:35:8
676/600012/皖通高速/4.150	5400	4.140	14200	4.130	7000	4.120	1000	4.110	2700	4.160	7700	4.170	12600	4.180	31400	4.190	1800	4.200	42800	/16843461//11838486/2905132/4.15/4.13//2008-9-18 14:36:9
676/600012/皖通高速/4.140	14200	4.130	7000	4.120	1000	4.110	2700	4.100	28900	4.150	14100	4.160	8300	4.170	12600	4.180	31400	4.190	1800	/16843461//11865046/2911532/4.15/4.13//2008-9-18 14:37:10
676/600012/皖通高速/4.140	3700	4.130	7000	4.120	1000	4.110	3700	4.100	28900	4.150	1400	4.160	8300	4.170	12600	4.180	31400	4.190	1800	/16843461//11919721/2924732/4.15/4.13//2008-9-18 14:38:10
676/600012/皖通高速/4.140	600	4.130	7000	4.120	1500	4.110	3700	4.100	30100	4.150	2000	4.160	8300	4.170	12600	4.180	31400	4.190	1800	/16843461//11944571/2930732/4.14/4.13//2008-9-18 14:39:11
676/600012/皖通高速/4.130	7000	4.120	1500	4.110	3700	4.100	28900	4.090	8100	4.140	2100	4.150	2700	4.160	7500	4.170	13600	4.180	31100	/16843461//11947066/2931332/4.14/4.13//2008-9-18 14:40:12
676/600012/皖通高速/4.130	2900	4.120	1500	4.110	3700	4.100	28900	4.090	8100	4.140	3100	4.150	2700	4.160	9900	4.170	13600	4.180	31100	/16843461//11968129/2936432/4.13/4.13//2008-9-18 14:41:12
676/600012/皖通高速/4.120	500	4.110	3700	4.100	28900	4.090	8100	4.080	5500	4.130	2100	4.140	2100	4.150	2900	4.160	10700	4.170	13600	/16843461//11984226/2940332/4.12/4.13//2008-9-18 14:42:13
676/600012/皖通高速/4.130	26500	4.120	500	4.110	3700	4.100	24300	4.090	8100	4.140	2100	4.150	5000	4.160	10700	4.170	13600	4.180	31000	/16843461//11997019/2943432/4.13/4.13//2008-9-18 14:43:14
676/600012/皖通高速/4.140	2900	4.130	21700	4.120	2500	4.110	13800	4.100	24500	4.150	5000	4.160	10900	4.170	13600	4.180	31000	4.190	1200	/16843461//12026776/2950632/4.14/4.13//2008-9-18 14:44:14
676/600012/皖通高速/4.140	2600	4.130	21700	4.120	2500	4.110	8800	4.100	25500	4.150	1000	4.160	9600	4.170	13600	4.180	31800	4.190	1200	/16843461//12057048/2957932/4.14/4.13//2008-9-18 14:45:15
676/600012/皖通高速/4.130	20900	4.120	2500	4.110	8800	4.100	25500	4.090	8100	4.140	3200	4.150	5000	4.160	9600	4.170	13600	4.180	34800	/16843461//12063672/2959532/4.14/4.13//2008-9-18 14:46:16
676/600012/皖通高速/4.130	16200	4.120	2500	4.110	5700	4.100	27100	4.090	8100	4.140	3200	4.150	5000	4.160	9600	4.170	13600	4.180	35100	/16843461//12100842/2968532/4.13/4.13//2008-9-18 14:47:16
676/600012/皖通高速/4.130	4200	4.120	2500	4.110	5700	4.100	29900	4.090	8100	4.140	1200	4.150	5000	4.160	9600	4.170	13600	4.180	35100	/16843461//12146302/2979532/4.13/4.13//2008-9-18 14:48:17
676/600012/皖通高速/4.110	3700	4.100	26800	4.090	9300	4.080	5500	4.070	5000	4.120	2500	4.130	3100	4.140	3000	4.150	5000	4.160	11600	/16843461//12195399/2991432/4.12/4.13//2008-9-18 14:49:18
676/600012/皖通高速/4.100	25200	4.090	9300	4.080	5500	4.070	5000	4.060	1500	4.110	4900	4.120	500	4.130	3100	4.140	3000	4.150	5000	/16843461//12206491/2994132/4.11/4.13//2008-9-18 14:50:18
676/600012/皖通高速/4.100	25800	4.090	9800	4.080	15500	4.070	5000	4.060	1000	4.110	2000	4.120	500	4.130	3100	4.140	3000	4.150	5000	/16843461//12232791/3000532/4.1/4.13//2008-9-18 14:51:19
676/600012/皖通高速/4.100	26100	4.090	9800	4.080	17100	4.070	5000	4.060	1000	4.110	200	4.120	2500	4.130	3100	4.140	3000	4.150	5000	/16843461//12240189/3002332/4.11/4.13//2008-9-18 14:52:20
676/600012/皖通高速/4.110	11100	4.100	25300	4.090	10300	4.080	17100	4.070	5000	4.120	2500	4.130	3100	4.140	3000	4.150	6200	4.160	11600	/16843461//12257451/3006532/4.11/4.13//2008-9-18 14:53:21
676/600012/皖通高速/4.110	11300	4.100	26900	4.090	10300	4.080	15500	4.070	5000	4.130	38000	4.140	3000	4.150	6700	4.160	12700	4.170	13600	/16843461//12263652/3008032/4.13/4.13//2008-9-18 14:54:21
676/600012/皖通高速/4.110	9700	4.100	26900	4.090	10300	4.080	16000	4.070	5000	4.130	20700	4.140	3000	4.150	6700	4.160	12700	4.170	13600	/16843461//12349897/3028932/4.13/4.13//2008-9-18 14:55:22
676/600012/皖通高速/4.120	1900	4.110	9700	4.100	27000	4.090	9100	4.080	16000	4.130	11200	4.140	4100	4.150	6700	4.160	12700	4.170	13600	/16843461//12403587/3041932/4.13/4.13//2008-9-18 14:56:23
676/600012/皖通高速/4.130	3800	4.120	1900	4.110	9700	4.100	28200	4.090	9100	4.140	4000	4.150	6700	4.160	12700	4.170	13600	4.180	35100	/16843461//12444062/3051732/4.14/4.13//2008-9-18 14:57:23
676/600012/皖通高速/4.120	2200	4.110	2000	4.100	28100	4.090	9100	4.080	16000	4.140	3200	4.150	7400	4.160	12700	4.170	13600	4.180	60600	/16843461//12476304/3059532/4.14/4.13//2008-9-18 14:58:24
676/600012/皖通高速/4.120	1900	4.110	2000	4.100	28100	4.090	9100	4.080	16000	4.140	6100	4.150	11400	4.160	12700	4.170	13600	4.180	60600	/16843461//12492864/3063532/4.14/4.13//2008-9-18 14:59:25
676/600012/皖通高速/4.120	1900	4.110	9000	4.100	28100	4.090	1000	4.080	16000	4.140	800	4.150	11400	4.160	12700	4.170	13600	4.180	60600	/16843461//12516025/3069132/4.14/4.13//2008-9-18 15:0:26
676/600012/皖通高速/4.120	1900	4.110	9000	4.100	28100	4.090	1000	4.080	16000	4.140	800	4.150	11400	4.160	12700	4.170	13600	4.180	60600	/16843461//12516025/3069132/4.14/4.13//2008-9-18 15:1:26
676/600012/皖通高速/4.120	1900	4.110	9000	4.100	28100	4.090	1000	4.080	16000	4.140	800	4.150	11400	4.160	12700	4.170	13600	4.180	60600	/16843461//12516025/3069132/4.14/4.13//2008-9-18 15:2:27
