49/600085/同仁堂/13.360	1700	13.350	5700	13.340	100	13.330	400	13.300	1000	13.400	520	13.430	15780	13.460	1600	13.500	2420	13.530	3700	/16842803//115356/8600/13.4/13.61//2008-9-18 9:31:34
49/600085/同仁堂/13.350	6700	13.340	100	13.330	400	13.310	300	13.300	1100	13.360	500	13.380	3000	13.390	1400	13.400	4320	13.430	12780	/16842803//160836/12000/13.36/13.61//2008-9-18 9:32:35
49/600085/同仁堂/13.330	700	13.310	300	13.300	2100	13.280	400	13.260	200	13.350	7500	13.380	3000	13.400	8320	13.430	12380	13.460	1600	/16842803//294323/22000/13.33/13.61//2008-9-18 9:33:35
49/600085/同仁堂/13.310	1700	13.300	2300	13.280	1400	13.260	1200	13.250	300	13.330	1900	13.340	1000	13.350	4800	13.380	3000	13.400	8320	/16842803//323635/24200/13.31/13.61//2008-9-18 9:34:35
49/600085/同仁堂/13.280	1000	13.260	1200	13.250	1500	13.220	300	13.200	1200	13.300	2200	13.320	620	13.330	1200	13.340	1000	13.350	4800	/16842803//403463/30200/13.3/13.61//2008-9-18 9:35:35
49/600085/同仁堂/13.260	1700	13.250	2900	13.220	300	13.200	1200	13.180	500	13.280	1300	13.300	2640	13.310	5100	13.320	620	13.330	1200	/16842803//448643/33600/13.28/13.61//2008-9-18 9:36:36
49/600085/同仁堂/13.250	1300	13.220	300	13.200	1300	13.160	1000	13.150	2000	13.260	4380	13.270	300	13.280	100	13.300	1740	13.310	100	/16842803//552024/41400/13.26/13.61//2008-9-18 9:37:36
49/600085/同仁堂/13.230	500	13.220	1300	13.210	500	13.200	2300	13.160	1000	13.250	520	13.260	3380	13.270	300	13.280	100	13.300	1600	/16842803//585159/43900/13.25/13.61//2008-9-18 9:38:36
49/600085/同仁堂/13.200	1780	13.160	1000	13.150	2000	13.120	300	13.090	500	13.230	600	13.260	3380	13.270	1300	13.280	100	13.300	600	/16842803//683264/51320/13.2/13.61//2008-9-18 9:39:36
49/600085/同仁堂/13.200	1000	13.170	300	13.160	1800	13.150	2000	13.120	300	13.230	520	13.260	3380	13.270	1300	13.280	100	13.290	300	/16842803//763522/57400/13.23/13.61//2008-9-18 9:40:36
49/600085/同仁堂/13.210	1100	13.200	920	13.170	600	13.160	2000	13.150	2000	13.250	1000	13.260	3380	13.270	1300	13.280	100	13.290	300	/16842803//788365/59280/13.21/13.61//2008-9-18 9:41:37
49/600085/同仁堂/13.240	900	13.220	1000	13.210	2200	13.200	3820	13.170	1500	13.260	3380	13.270	1300	13.280	100	13.290	300	13.300	600	/16842803//830733/62480/13.24/13.61//2008-9-18 9:42:37
49/600085/同仁堂/13.300	500	13.280	1800	13.270	16170	13.260	1200	13.240	900	13.320	620	13.330	1200	13.340	150	13.350	100	13.380	3400	/16842803//905441/68110/13.27/13.61//2008-9-18 9:43:37
49/600085/同仁堂/13.320	1000	13.300	800	13.290	400	13.280	2700	13.270	16870	13.330	2420	13.340	150	13.350	100	13.370	500	13.380	3400	/16842803//983962/74010/13.3/13.61//2008-9-18 9:44:37
49/600085/同仁堂/13.330	15580	13.310	300	13.300	3100	13.290	1200	13.280	2700	13.340	150	13.350	100	13.370	1700	13.380	3400	13.400	4320	/16842803//1029540/77430/13.33/13.61//2008-9-18 9:45:37
49/600085/同仁堂/13.350	900	13.340	250	13.330	15780	13.310	300	13.300	3100	13.370	5000	13.380	3400	13.430	11660	13.460	100	13.500	3220	/16842803//1035545/77880/13.35/13.61//2008-9-18 9:46:38
49/600085/同仁堂/13.340	50	13.330	15780	13.300	4200	13.290	1100	13.280	2800	13.350	2600	13.400	5760	13.490	1500	13.500	3080	13.530	100	/16842803//1371795/102980/13.35/13.61//2008-9-18 9:47:38
49/600085/同仁堂/13.340	5050	13.330	15780	13.320	1000	13.300	2300	13.280	2800	13.400	760	13.490	1500	13.500	4280	13.530	100	13.580	300	/16842803//1560524/117080/13.4/13.61//2008-9-18 9:48:38
49/600085/同仁堂/13.440	2740	13.400	2000	13.360	500	13.350	2700	13.340	5850	13.490	1500	13.500	4080	13.530	100	13.580	300	13.600	5295	/16842803//1500520/112600/13.4/13.61//2008-9-18 9:49:39
49/600085/同仁堂/13.320	640	13.300	2400	13.280	1800	13.270	15370	13.250	500	13.330	1410	13.400	100	13.490	1500	13.500	4080	13.530	100	/16842803//1994030/149570/13.32/13.61//2008-9-18 9:50:39
49/600085/同仁堂/13.330	1790	13.320	1640	13.300	2400	13.280	3100	13.270	15370	13.400	100	13.450	400	13.480	100	13.490	1500	13.500	4080	/16842803//2012825/150980/13.33/13.61//2008-9-18 9:51:39
49/600085/同仁堂/13.330	690	13.320	1640	13.300	2600	13.280	3100	13.270	15870	13.400	100	13.450	400	13.480	100	13.490	1500	13.500	4080	/16842803//2034158/152580/13.33/13.61//2008-9-18 9:52:39
49/600085/同仁堂/13.330	890	13.320	1640	13.300	600	13.280	3100	13.270	15970	13.340	200	13.400	6120	13.450	400	13.480	100	13.490	1500	/16842803//2058183/154380/13.4/13.61//2008-9-18 9:53:40
49/600085/同仁堂/13.340	800	13.330	890	13.320	640	13.300	1600	13.280	3100	13.400	6320	13.450	400	13.480	100	13.490	1500	13.500	4380	/16842803//2068874/155180/13.34/13.61//2008-9-18 9:54:40
49/600085/同仁堂/13.340	810	13.330	890	13.320	640	13.300	1700	13.280	3100	13.400	10920	13.450	400	13.480	100	13.490	1500	13.500	4380	/16842803//2076612/155760/13.34/13.61//2008-9-18 9:55:40
49/600085/同仁堂/13.330	400	13.320	640	13.300	2700	13.290	5000	13.280	3100	13.380	400	13.400	10920	13.450	400	13.480	500	13.490	1500	/16842803//2086078/156470/13.33/13.61//2008-9-18 9:56:41
49/600085/同仁堂/13.300	2540	13.290	5000	13.280	3100	13.270	15970	13.220	800	13.330	1400	13.360	4900	13.380	400	13.390	5000	13.400	10920	/16842803//2107393/158070/13.33/13.61//2008-9-18 9:57:41
49/600085/同仁堂/13.300	12540	13.290	5000	13.280	3100	13.270	15370	13.220	900	13.330	1600	13.360	4900	13.380	400	13.390	7000	13.400	10920	/16842803//2114055/158570/13.33/13.61//2008-9-18 9:58:41
49/600085/同仁堂/13.310	13000	13.300	12740	13.290	5000	13.280	3100	13.270	15370	13.330	100	13.360	4900	13.380	1600	13.390	7000	13.400	10920	/16842803//2152712/161470/13.33/13.61//2008-9-18 9:59:41
49/600085/同仁堂/13.310	9840	13.300	12440	13.290	5000	13.280	3100	13.270	15370	13.330	500	13.360	4900	13.380	1200	13.390	7000	13.400	10920	/16842803//2177443/163330/13.31/13.61//2008-9-18 10:0:42
49/600085/同仁堂/13.290	5000	13.280	3100	13.270	15370	13.220	2400	13.210	1600	13.300	4040	13.310	100	13.330	800	13.360	4900	13.380	1200	/16842803//2688826/201770/13.3/13.61//2008-9-18 10:1:42
49/600085/同仁堂/13.270	10070	13.220	2400	13.210	1600	13.200	8720	13.170	1200	13.300	3440	13.310	600	13.330	300	13.360	4600	13.380	1200	/16842803//2667774/200210/13.27/13.29//2008-9-18 10:2:42
49/600085/同仁堂/13.270	7210	13.250	500	13.220	10600	13.210	1600	13.200	8620	13.290	5000	13.300	3540	13.310	600	13.330	300	13.360	4600	/16842803//2705726/203070/13.27/13.29//2008-9-18 10:3:42
49/600085/同仁堂/13.280	2032	13.250	140	13.220	10600	13.210	1600	13.200	5320	13.290	5100	13.300	3540	13.310	600	13.330	300	13.380	1200	/16842803//2845587/213608/13.28/13.29//2008-9-18 10:4:43
49/600085/同仁堂/13.250	240	13.230	1000	13.220	10600	13.210	1600	13.200	5320	13.270	1068	13.280	1040	13.290	5100	13.300	4540	13.310	100	/16842803//2887169/216740/13.27/13.29//2008-9-18 10:5:43
49/600085/同仁堂/13.250	340	13.230	1600	13.220	10600	13.210	1700	13.200	7720	13.260	2647	13.270	1468	13.280	1040	13.290	5100	13.300	4540	/16842803//2891149/217040/13.26/13.29//2008-9-18 10:6:43
49/600085/同仁堂/13.220	2900	13.210	2700	13.200	7720	13.180	1000	13.170	1000	13.230	900	13.250	2700	13.260	2647	13.270	1468	13.280	1040	/16842803//3267467/245480/13.22/13.29//2008-9-18 10:7:44
49/600085/同仁堂/13.210	2700	13.200	10320	13.180	1000	13.170	1000	13.160	2200	13.220	500	13.230	1600	13.250	3000	13.260	2040	13.270	1468	/16842803//3196073/240080/13.22/13.29//2008-9-18 10:8:44
49/600085/同仁堂/13.220	14980	13.210	2600	13.200	11020	13.180	1000	13.170	1000	13.230	3880	13.250	3000	13.260	640	13.270	868	13.280	600	/16842803//3228065/242500/13.22/13.29//2008-9-18 10:9:44
49/600085/同仁堂/13.230	1320	13.220	11080	13.210	2600	13.200	10820	13.180	1000	13.250	2660	13.260	640	13.270	868	13.280	600	13.290	5100	/16842803//3360045/252480/13.23/13.29//2008-9-18 10:10:44
49/600085/同仁堂/13.250	140	13.240	3400	13.230	5100	13.220	6200	13.210	2100	13.260	640	13.270	868	13.280	100	13.290	5100	13.300	5140	/16842803//3456115/259740/13.25/13.29//2008-9-18 10:11:45
49/600085/同仁堂/13.260	200	13.250	5740	13.230	5000	13.220	5800	13.210	2100	13.270	1208	13.280	200	13.290	5100	13.300	2100	13.310	100	/16842803//3515770/264240/13.26/13.29//2008-9-18 10:12:45
49/600085/同仁堂/13.250	4420	13.230	3000	13.220	6100	13.210	2400	13.200	11320	13.270	1208	13.280	200	13.290	5100	13.300	2100	13.310	100	/16842803//3534586/265660/13.25/13.29//2008-9-18 10:13:45
49/600085/同仁堂/13.260	200	13.250	4420	13.230	3000	13.220	6100	13.210	5400	13.270	908	13.280	200	13.290	5100	13.300	2300	13.310	100	/16842803//3538567/265960/13.27/13.29//2008-9-18 10:14:46
49/600085/同仁堂/13.250	4420	13.230	3000	13.220	6100	13.210	5400	13.200	11320	13.260	240	13.270	1908	13.280	200	13.290	5100	13.300	2900	/16842803//3554487/267160/13.26/13.29//2008-9-18 10:15:46
49/600085/同仁堂/13.250	3720	13.230	5200	13.220	6400	13.210	5400	13.200	11320	13.260	1140	13.270	1508	13.280	200	13.290	5100	13.300	2900	/16842803//3567735/268160/13.25/13.29//2008-9-18 10:16:46
49/600085/同仁堂/13.250	3180	13.230	5200	13.220	5900	13.210	2400	13.200	12320	13.260	340	13.270	108	13.280	200	13.290	5100	13.300	2900	/16842803//3612023/271500/13.26/13.29//2008-9-18 10:17:47
49/600085/同仁堂/13.260	2400	13.250	3180	13.230	5200	13.220	5900	13.210	2400	13.290	448	13.300	2900	13.310	100	13.320	100	13.380	1200	/16842803//3687750/277200/13.29/13.29//2008-9-18 10:18:47
49/600085/同仁堂/13.290	7052	13.270	1500	13.260	7600	13.250	4380	13.230	5200	13.300	2800	13.310	100	13.320	100	13.380	1200	13.390	2100	/16842803//3748164/281748/13.29/13.29//2008-9-18 10:19:47
49/600085/同仁堂/13.300	1060	13.290	7052	13.270	1000	13.260	1300	13.250	3980	13.320	940	13.380	2200	13.390	2000	13.400	4400	13.440	1200	/16842803//3809879/286388/13.3/13.29//2008-9-18 10:20:48
49/600085/同仁堂/13.300	5890	13.290	7052	13.280	300	13.270	1000	13.260	1200	13.320	940	13.380	2200	13.390	2000	13.400	4400	13.440	1200	/16842803//3812140/286558/13.3/13.29//2008-9-18 10:21:48
49/600085/同仁堂/13.320	360	13.300	5890	13.290	7452	13.280	300	13.270	1000	13.380	11570	13.390	2000	13.400	4400	13.440	1200	13.450	900	/16842803//3824660/287498/13.32/13.29//2008-9-18 10:22:48
49/600085/同仁堂/13.300	5890	13.290	7452	13.280	300	13.270	1000	13.260	1200	13.310	500	13.320	740	13.330	600	13.380	11570	13.390	2000	/16842803//3832120/288058/13.32/13.29//2008-9-18 10:23:48
49/600085/同仁堂/13.300	5290	13.290	7452	13.280	300	13.270	1000	13.260	1200	13.320	740	13.330	600	13.370	1239	13.380	11570	13.390	2000	/16842803//3854741/289758/13.31/13.29//2008-9-18 10:24:49
49/600085/同仁堂/13.320	500	13.300	2350	13.290	7452	13.280	300	13.270	1000	13.370	1239	13.380	11570	13.390	2000	13.400	4400	13.440	1200	/16842803//3919136/294598/13.32/13.29//2008-9-18 10:25:49
49/600085/同仁堂/13.320	400	13.300	4450	13.290	7452	13.280	300	13.270	1000	13.360	300	13.370	800	13.380	11570	13.390	2000	13.400	3900	/16842803//3920468/294698/13.32/13.29//2008-9-18 10:26:49
49/600085/同仁堂/13.280	300	13.270	1000	13.260	1200	13.250	11480	13.230	5200	13.290	7148	13.300	8970	13.360	300	13.370	800	13.380	11570	/16842803//4158444/312600/13.29/13.29//2008-9-18 10:27:50
49/600085/同仁堂/13.260	200	13.250	11480	13.230	5200	13.220	5900	13.210	3600	13.270	2600	13.280	300	13.290	7148	13.300	8970	13.360	300	/16842803//4177025/314000/13.27/13.29//2008-9-18 10:28:50
49/600085/同仁堂/13.250	8880	13.230	5200	13.220	5900	13.210	3600	13.200	9320	13.270	200	13.280	300	13.290	7148	13.300	8970	13.360	300	/16842803//4261893/320400/13.27/13.29//2008-9-18 10:29:50
49/600085/同仁堂/13.250	8180	13.230	5200	13.220	5900	13.210	3600	13.200	9320	13.270	200	13.280	240	13.290	7148	13.300	8970	13.360	300	/16842803//4265868/320700/13.25/13.29//2008-9-18 10:30:51
49/600085/同仁堂/13.230	5200	13.220	5900	13.210	3600	13.200	16220	13.180	1300	13.250	1420	13.270	200	13.280	240	13.290	7148	13.300	8970	/16842803//4376903/329080/13.25/13.29//2008-9-18 10:31:51
49/600085/同仁堂/13.200	4220	13.180	1300	13.170	1000	13.160	2300	13.150	5700	13.220	5150	13.230	100	13.250	11420	13.270	200	13.280	240	/16842803//4803588/361380/13.22/13.29//2008-9-18 10:32:51
49/600085/同仁堂/13.200	920	13.180	1300	13.170	1000	13.160	2300	13.150	5700	13.210	1320	13.220	5450	13.250	11420	13.270	200	13.280	240	/16842803//4847148/364680/13.2/13.29//2008-9-18 10:33:52
49/600085/同仁堂/13.180	690	13.170	1000	13.160	2300	13.150	5700	13.120	10300	13.200	3880	13.210	1320	13.220	5150	13.250	11420	13.270	200	/16842803//4893722/368210/13.18/13.29//2008-9-18 10:34:52
49/600085/同仁堂/13.150	5100	13.120	10300	13.100	11800	13.090	6800	13.070	100	13.180	100	13.200	1160	13.210	1320	13.220	5150	13.250	11420	/16842803//5012152/377200/13.15/13.29//2008-9-18 10:35:52
49/600085/同仁堂/13.150	1100	13.120	10300	13.100	13800	13.090	6800	13.070	100	13.160	1000	13.180	100	13.200	1060	13.210	1560	13.220	5150	/16842803//5088436/383000/13.15/13.29//2008-9-18 10:36:53
49/600085/同仁堂/13.160	400	13.150	200	13.120	10300	13.100	13800	13.090	6800	13.180	100	13.200	1060	13.210	1560	13.220	5150	13.250	16460	/16842803//5116061/385100/13.16/13.29//2008-9-18 10:37:53
49/600085/同仁堂/13.160	9194	13.150	10200	13.120	10300	13.100	13500	13.090	6800	13.200	160	13.210	1560	13.220	5150	13.250	16460	13.270	1000	/16842803//5134568/386506/13.16/13.29//2008-9-18 10:38:53
49/600085/同仁堂/13.170	3990	13.160	7894	13.150	10200	13.120	10300	13.100	13500	13.200	2360	13.210	1560	13.220	5150	13.250	16460	13.270	1000	/16842803//5197892/391316/13.17/13.29//2008-9-18 10:39:54
49/600085/同仁堂/13.200	5240	13.180	90	13.170	2500	13.160	7894	13.150	10200	13.210	1560	13.220	5150	13.250	16460	13.270	1000	13.280	240	/16842803//5276471/397276/13.2/13.29//2008-9-18 10:40:54
49/600085/同仁堂/13.180	90	13.170	2500	13.160	7894	13.150	10200	13.120	10300	13.200	3560	13.250	90	13.270	1000	13.280	240	13.290	7148	/16842803//5652822/425716/13.2/13.29//2008-9-18 10:41:54
49/600085/同仁堂/13.180	90	13.170	2500	13.160	9294	13.150	200	13.120	10300	13.200	3860	13.250	90	13.270	1000	13.280	240	13.290	7148	/16842803//5658102/426116/13.2/13.29//2008-9-18 10:42:55
49/600085/同仁堂/13.170	190	13.160	9294	13.150	200	13.120	10300	13.100	13800	13.200	4160	13.250	90	13.270	1000	13.280	360	13.290	7148	/16842803//5687071/428316/13.17/13.29//2008-9-18 10:43:55
49/600085/同仁堂/13.160	8594	13.150	200	13.120	10400	13.100	13800	13.090	6800	13.200	3960	13.250	90	13.270	1000	13.280	360	13.290	7148	/16842803//5698923/429216/13.2/13.29//2008-9-18 10:44:56
49/600085/同仁堂/13.160	7234	13.150	200	13.120	10400	13.100	13800	13.090	6800	13.180	1040	13.190	11300	13.200	3960	13.250	90	13.270	1000	/16842803//5722084/430976/13.16/13.29//2008-9-18 10:45:56
49/600085/同仁堂/13.160	2695	13.150	200	13.120	10300	13.100	13800	13.090	6800	13.170	1700	13.180	1040	13.190	11300	13.200	3960	13.250	90	/16842803//5845035/440315/13.16/13.29//2008-9-18 10:46:56
49/600085/同仁堂/13.160	2835	13.150	200	13.120	10300	13.100	14000	13.090	6800	13.170	1700	13.180	1040	13.190	11300	13.200	3460	13.250	90	/16842803//5915573/445675/13.16/13.29//2008-9-18 10:47:57
49/600085/同仁堂/13.120	1220	13.100	14000	13.090	6800	13.080	200	13.070	100	13.140	1700	13.150	1100	13.160	1565	13.180	1040	13.190	11300	/16842803//6079364/458150/13.12/13.29//2008-9-18 10:48:57
49/600085/同仁堂/13.100	7400	13.090	6300	13.080	200	13.070	100	13.060	1900	13.120	3620	13.140	840	13.150	1000	13.160	1565	13.180	1040	/16842803//6188904/466510/13.1/13.29//2008-9-18 10:49:57
49/600085/同仁堂/13.080	100	13.070	100	13.060	1900	13.050	1100	13.020	3500	13.090	700	13.120	3900	13.140	840	13.150	1000	13.160	1565	/16842803//6588385/497010/13.08/13.29//2008-9-18 10:50:58
49/600085/同仁堂/13.060	1000	13.020	3500	13.010	11800	13.000	19400	12.980	24100	13.090	100	13.100	2600	13.120	1300	13.140	840	13.150	1000	/16842803//6677216/503810/13.05/13.29//2008-9-18 10:51:58
49/600085/同仁堂/13.030	200	13.020	3800	13.010	12400	13.000	39400	12.980	24100	13.060	3000	13.100	2600	13.120	1300	13.140	840	13.150	1000	/16842803//6681143/504110/13.02/13.29//2008-9-18 10:52:58
49/600085/同仁堂/12.950	900	12.940	500	12.920	1200	12.910	1000	12.900	3600	12.980	17100	13.010	11300	13.020	27011	13.030	100	13.060	400	/16842803//7914697/599010/12.98/13.29//2008-9-18 10:53:59
49/600085/同仁堂/12.920	900	12.910	1000	12.900	3600	12.880	1200	12.870	1400	12.980	15100	13.000	1000	13.020	33011	13.030	9700	13.100	5600	/16842803//7930173/600210/12.98/13.29//2008-9-18 10:54:59
49/600085/同仁堂/12.980	1780	12.950	3640	12.940	1100	12.920	1300	12.900	6900	13.000	1500	13.020	6000	13.030	9700	13.100	5600	13.120	1300	/16842803//8138888/616290/12.98/13.29//2008-9-18 10:56:0
49/600085/同仁堂/12.950	5040	12.940	1100	12.920	1300	12.910	300	12.900	7900	12.980	2960	13.000	5000	13.020	6000	13.030	100	13.100	5600	/16842803//8213922/622070/12.98/13.29//2008-9-18 10:57:0
49/600085/同仁堂/12.930	1000	12.920	1300	12.910	500	12.900	8300	12.890	300	12.940	200	12.950	5020	12.980	280	13.000	5000	13.020	7000	/16842803//8416561/637710/12.95/13.29//2008-9-18 10:58:0
49/600085/同仁堂/12.890	300	12.880	4000	12.870	1400	12.860	100	12.850	4500	12.900	2540	12.940	420	12.950	4840	12.980	280	13.000	8600	/16842803//8737506/662570/12.9/13.29//2008-9-18 10:59:1
49/600085/同仁堂/12.860	900	12.850	1100	12.830	100	12.820	1200	12.810	24700	12.890	1200	12.900	840	12.920	500	12.940	420	12.950	4840	/16842803//8733905/662310/12.89/13.29//2008-9-18 11:0:1
49/600085/同仁堂/12.810	24700	12.800	13000	12.790	1600	12.780	200	12.770	800	12.820	5431	12.850	4900	12.860	1800	12.890	1200	12.900	840	/16842803//8862237/672310/12.82/13.29//2008-9-18 11:1:2
49/600085/同仁堂/12.790	2100	12.780	200	12.770	700	12.760	500	12.750	400	12.800	9400	12.810	13864	12.820	1031	12.830	2100	12.850	5000	/16842803//9438575/717310/12.8/13.29//2008-9-18 11:2:2
49/600085/同仁堂/12.770	700	12.760	500	12.750	2300	12.710	20500	12.700	1900	12.780	520	12.800	4486	12.810	200	12.820	1031	12.830	2100	/16842803//9565256/727210/12.78/13.29//2008-9-18 11:3:2
49/600085/同仁堂/12.700	1660	12.650	2400	12.610	4000	12.600	1400	12.560	3000	12.710	340	12.780	320	12.790	1700	12.800	4486	12.810	200	/16842803//10010775/762250/12.71/13.29//2008-9-18 11:4:3
49/600085/同仁堂/12.600	2400	12.560	3000	12.520	900	12.510	40800	12.500	9000	12.610	5200	12.650	3080	12.710	1060	12.780	320	12.790	1700	/16842803//10153248/773510/12.61/13.29//2008-9-18 11:5:3
49/600085/同仁堂/12.620	4660	12.610	9900	12.600	24980	12.560	3000	12.530	2000	12.650	1300	12.710	340	12.780	320	12.800	4486	12.820	1031	/16842803//10303374/785410/12.62/13.29//2008-9-18 11:6:4
49/600085/同仁堂/12.710	1660	12.680	500	12.650	11200	12.630	200	12.620	7060	12.780	520	12.800	4486	12.820	1031	12.830	100	12.850	100	/16842803//10313539/786210/12.71/13.29//2008-9-18 11:7:4
49/600085/同仁堂/12.780	6980	12.770	2700	12.750	1000	12.720	4100	12.710	6160	12.800	4086	12.820	1031	12.830	100	12.850	100	12.860	1300	/16842803//10320185/786730/12.78/13.29//2008-9-18 11:8:4
49/600085/同仁堂/12.790	3100	12.780	1680	12.770	2700	12.750	1100	12.720	4300	12.800	3786	12.820	1031	12.830	100	12.850	3100	12.860	1300	/16842803//10339374/788230/12.8/13.29//2008-9-18 11:9:5
49/600085/同仁堂/12.830	500	12.820	8069	12.800	2014	12.790	1400	12.780	1680	12.850	3100	12.860	1300	12.930	400	12.940	420	12.980	280	/16842803//10560977/805547/12.83/13.29//2008-9-18 11:10:5
49/600085/同仁堂/12.800	2014	12.790	1000	12.780	1500	12.770	2700	12.750	800	12.830	900	12.850	2131	12.860	1300	12.930	400	12.940	420	/16842803//10710629/817216/12.85/13.29//2008-9-18 11:11:6
49/600085/同仁堂/12.790	600	12.780	1000	12.770	2700	12.750	300	12.720	4300	12.800	146	12.850	2131	12.860	1300	12.930	400	12.940	420	/16842803//10767150/821630/12.79/13.29//2008-9-18 11:12:6
49/600085/同仁堂/12.780	1000	12.770	3000	12.750	300	12.720	4300	12.710	4160	12.790	680	12.800	46	12.850	2131	12.860	1300	12.930	400	/16842803//10783779/822930/12.79/13.29//2008-9-18 11:13:7
49/600085/同仁堂/12.650	5760	12.620	6160	12.610	30500	12.600	31380	12.580	500	12.780	720	12.790	500	12.800	1366	12.850	2131	12.860	1300	/16842803//11010223/840730/12.65/13.29//2008-9-18 11:14:7
49/600085/同仁堂/12.630	300	12.620	7360	12.610	29600	12.600	31980	12.580	600	12.650	2240	12.780	720	12.790	500	12.800	1366	12.850	2131	/16842803//11112302/848790/12.65/13.29//2008-9-18 11:15:7
49/600085/同仁堂/12.700	6300	12.660	300	12.650	5860	12.640	200	12.630	1300	12.780	20	12.790	600	12.800	1366	12.850	2131	12.860	1300	/16842803//11156981/852310/12.78/13.29//2008-9-18 11:16:8
49/600085/同仁堂/12.790	300	12.780	180	12.700	6300	12.660	800	12.650	6200	12.800	1406	12.850	2131	12.860	1300	12.940	420	12.980	280	/16842803//11172846/853550/12.8/13.29//2008-9-18 11:17:8
49/600085/同仁堂/12.790	800	12.780	80	12.710	5000	12.700	6300	12.660	900	12.800	1406	12.850	2131	12.860	1300	12.940	420	12.980	280	/16842803//11175400/853750/12.78/13.29//2008-9-18 11:18:9
49/600085/同仁堂/12.780	80	12.750	400	12.710	5000	12.660	900	12.650	7000	12.790	200	12.800	840	12.850	2131	12.860	1300	12.940	420	/16842803//11180517/854150/12.79/13.29//2008-9-18 11:19:9
49/600085/同仁堂/12.780	80	12.750	400	12.710	5000	12.700	100	12.660	900	12.790	200	12.800	840	12.850	2131	12.860	1300	12.940	420	/16842803//11186912/854650/12.79/13.29//2008-9-18 11:20:10
49/600085/同仁堂/12.600	40	12.580	600	12.560	3100	12.550	100	12.530	2000	12.790	520	12.800	1406	12.850	2131	12.860	1300	12.940	420	/16842803//12375291/948830/12.6/13.29//2008-9-18 11:21:10
49/600085/同仁堂/12.620	1000	12.600	6040	12.580	600	12.560	3300	12.550	100	12.780	300	12.790	200	12.800	1406	12.850	2131	12.860	1300	/16842803//12375291/948830/12.6/13.29//2008-9-18 11:22:10
49/600085/同仁堂/12.620	2000	12.600	13140	12.580	1000	12.560	3300	12.550	200	12.750	500	12.770	400	12.780	1100	12.790	200	12.800	1406	/16842803//12375291/948830/12.6/13.29//2008-9-18 11:23:11
49/600085/同仁堂/12.620	1900	12.610	1000	12.600	15740	12.580	1200	12.560	3100	12.630	1260	12.750	500	12.770	400	12.780	1100	12.790	440	/16842803//12391722/950130/12.63/13.29//2008-9-18 11:24:11
49/600085/同仁堂/12.650	200	12.630	2740	12.620	1900	12.610	1000	12.600	11040	12.700	360	12.750	900	12.770	400	12.780	1100	12.790	440	/16842803//12419003/952290/12.63/13.29//2008-9-18 11:25:12
49/600085/同仁堂/12.700	140	12.660	6300	12.650	600	12.640	15200	12.630	1540	12.730	720	12.750	900	12.770	400	12.780	1100	12.790	440	/16842803//12423575/952650/12.7/13.29//2008-9-18 11:26:12
49/600085/同仁堂/12.730	80	12.700	100	12.680	1000	12.640	440	12.630	1540	12.750	900	12.770	400	12.780	1100	12.790	440	12.800	3166	/16842803//12713513/975570/12.73/13.29//2008-9-18 11:27:13
49/600085/同仁堂/12.560	3200	12.550	6300	12.530	12000	12.520	1200	12.510	1200	12.580	2100	12.600	12500	12.730	4100	12.750	30400	12.770	400	/16842803//13079604/1004570/12.58/13.29//2008-9-18 11:28:13
49/600085/同仁堂/12.580	640	12.560	1700	12.550	6000	12.530	12000	12.520	1200	12.600	12500	12.730	3800	12.750	30400	12.780	1100	12.790	240	/16842803//13147737/1009990/12.58/13.29//2008-9-18 11:29:14
49/600085/同仁堂/12.580	1000	12.560	1700	12.550	6000	12.530	12000	12.520	1400	12.600	8000	12.700	720	12.730	3800	12.750	30400	12.780	800	/16842803//13213760/1015230/12.6/13.29//2008-9-18 11:30:14
49/600085/同仁堂/12.580	1000	12.560	1700	12.550	6000	12.530	12000	12.520	1400	12.600	8000	12.700	720	12.730	3800	12.750	30400	12.780	800	/16842803//13213760/1015230/12.6/13.29//2008-9-18 11:31:15
49/600085/同仁堂/12.550	100	12.540	300	12.520	5600	12.500	20300	12.480	100	12.560	1500	12.580	5339	12.600	6660	12.680	300	12.700	800	/16842803//13843948/1065430/12.55/13.29//2008-9-18 13:1:15
49/600085/同仁堂/12.520	5600	12.510	10000	12.500	21000	12.480	100	12.460	100	12.540	540	12.560	200	12.580	5240	12.600	6660	12.680	300	/16842803//13853486/1066190/12.54/13.29//2008-9-18 13:2:16
49/600085/同仁堂/12.510	12000	12.500	21000	12.480	100	12.460	100	12.450	500	12.520	4700	12.540	1705	12.560	200	12.580	5240	12.600	6660	/16842803//13932869/1072530/12.52/13.29//2008-9-18 13:3:16
49/600085/同仁堂/12.510	11100	12.500	21000	12.480	400	12.460	100	12.450	300	12.520	1200	12.540	1705	12.560	200	12.580	5240	12.600	6660	/16842803//13995460/1077530/12.52/13.29//2008-9-18 13:4:17
49/600085/同仁堂/12.530	100	12.520	18900	12.510	12200	12.500	21000	12.480	400	12.540	805	12.560	200	12.580	5240	12.600	6660	12.680	300	/16842803//14040542/1081130/12.52/13.29//2008-9-18 13:5:17
49/600085/同仁堂/12.550	300	12.520	14995	12.510	12200	12.500	21000	12.480	1400	12.560	200	12.580	5240	12.600	6660	12.680	300	12.700	800	/16842803//14104482/1086235/12.56/13.29//2008-9-18 13:6:18
49/600085/同仁堂/12.560	500	12.520	22755	12.510	11400	12.500	21200	12.480	1400	12.580	5240	12.600	6660	12.680	300	12.700	900	12.720	1420	/16842803//14137615/1088875/12.52/13.29//2008-9-18 13:7:18
49/600085/同仁堂/12.560	100	12.530	1200	12.520	24355	12.510	11400	12.500	21200	12.580	4440	12.600	6660	12.680	300	12.700	900	12.720	1420	/16842803//14152703/1090075/12.58/13.29//2008-9-18 13:8:19
49/600085/同仁堂/12.510	8755	12.500	21000	12.480	1400	12.460	1200	12.450	300	12.580	940	12.600	6660	12.680	300	12.700	900	12.720	1420	/16842803//14583647/1124475/12.51/13.29//2008-9-18 13:9:19
49/600085/同仁堂/12.530	1400	12.520	1000	12.510	8755	12.500	21400	12.480	1400	12.580	140	12.600	6660	12.680	300	12.700	900	12.720	1420	/16842803//14602484/1125975/12.53/13.29//2008-9-18 13:10:20
49/600085/同仁堂/12.580	260	12.530	1100	12.520	1000	12.510	9055	12.500	22000	12.600	6660	12.680	300	12.700	900	12.720	1420	12.730	700	/16842803//14615552/1127015/12.58/13.29//2008-9-18 13:11:20
49/600085/同仁堂/12.530	1100	12.520	4000	12.510	9455	12.500	21400	12.480	2400	12.600	5560	12.680	300	12.700	900	12.720	1420	12.730	700	/16842803//14632683/1128375/12.6/13.29//2008-9-18 13:12:21
49/600085/同仁堂/12.530	6400	12.520	600	12.510	1555	12.500	21700	12.480	2400	12.550	1560	12.570	2900	12.600	7260	12.680	300	12.700	900	/16842803//14826700/1143875/12.53/13.29//2008-9-18 13:13:21
49/600085/同仁堂/12.520	600	12.510	1255	12.500	21700	12.480	2400	12.460	1200	12.530	4520	12.550	60	12.570	2900	12.600	7260	12.680	300	/16842803//14925717/1151775/12.53/13.29//2008-9-18 13:14:22
49/600085/同仁堂/12.520	800	12.510	1255	12.500	21700	12.480	2400	12.460	1200	12.530	4520	12.550	60	12.570	2900	12.600	7260	12.680	300	/16842803//14925717/1151775/12.53/13.29//2008-9-18 13:15:22
49/600085/同仁堂/12.510	1055	12.500	21700	12.490	100	12.480	2400	12.460	1200	12.530	320	12.550	160	12.570	2900	12.600	7260	12.680	300	/16842803//14990863/1156975/12.53/13.29//2008-9-18 13:16:23
49/600085/同仁堂/12.510	475	12.500	21700	12.490	100	12.480	2400	12.460	1200	12.530	620	12.550	160	12.570	2900	12.600	7660	12.680	300	/16842803//15004380/1158055/12.53/13.29//2008-9-18 13:17:23
49/600085/同仁堂/12.520	900	12.510	2600	12.500	21800	12.490	100	12.480	2400	12.530	260	12.550	160	12.570	2900	12.600	7660	12.650	900	/16842803//15013150/1158755/12.52/13.29//2008-9-18 13:18:24
49/600085/同仁堂/12.520	240	12.510	2700	12.500	21800	12.490	100	12.480	2400	12.550	160	12.570	2900	12.600	7660	12.650	900	12.680	300	/16842803//15050224/1161715/12.52/13.29//2008-9-18 13:19:24
49/600085/同仁堂/12.520	70	12.510	4800	12.500	21800	12.490	100	12.480	2400	12.550	1160	12.570	2900	12.600	7660	12.650	900	12.680	300	/16842803//15076140/1163785/12.52/13.29//2008-9-18 13:20:25
49/600085/同仁堂/12.550	191	12.520	11200	12.510	3580	12.500	23800	12.480	3400	12.570	2900	12.600	7660	12.650	900	12.680	300	12.700	1900	/16842803//15140040/1168884/12.55/13.29//2008-9-18 13:21:25
49/600085/同仁堂/12.570	900	12.550	1291	12.520	900	12.510	26580	12.500	26400	12.600	6760	12.650	900	12.680	300	12.700	1900	12.720	1420	/16842803//15189093/1172784/12.6/13.29//2008-9-18 13:22:26
49/600085/同仁堂/12.600	6440	12.570	900	12.550	1100	12.530	300	12.520	900	12.650	800	12.680	300	12.700	1900	12.720	1420	12.730	500	/16842803//15269234/1179144/12.65/13.29//2008-9-18 13:23:26
49/600085/同仁堂/12.680	700	12.650	100	12.610	500	12.600	7340	12.570	900	12.700	900	12.720	1420	12.730	500	12.750	30000	12.780	600	/16842803//15305803/1182044/12.68/13.29//2008-9-18 13:24:27
49/600085/同仁堂/12.690	200	12.680	1200	12.650	1100	12.610	500	12.600	3540	12.700	4300	12.710	2000	12.720	1420	12.730	500	12.740	800	/16842803//15355333/1185944/12.7/13.29//2008-9-18 13:25:27
49/600085/同仁堂/12.680	1200	12.650	1100	12.610	200	12.600	4040	12.570	900	12.690	100	12.700	4300	12.710	2000	12.720	1420	12.730	500	/16842803//15346439/1185244/12.69/13.29//2008-9-18 13:26:28
49/600085/同仁堂/12.680	2000	12.650	100	12.610	200	12.600	7340	12.570	900	12.690	100	12.700	4300	12.710	2000	12.720	1420	12.730	500	/16842803//15485889/1196244/12.68/13.29//2008-9-18 13:27:28
49/600085/同仁堂/12.650	100	12.640	200	12.610	3100	12.600	7640	12.570	900	12.680	4300	12.690	8000	12.700	4300	12.720	1420	12.730	500	/16842803//15527734/1199544/12.68/13.29//2008-9-18 13:28:29
49/600085/同仁堂/12.570	900	12.550	2800	12.530	300	12.520	900	12.510	28080	12.650	1291	12.680	4300	12.690	8000	12.700	4300	12.720	1420	/16842803//15718771/1214684/12.65/13.29//2008-9-18 13:29:29
49/600085/同仁堂/12.580	3900	12.570	1400	12.550	4800	12.530	300	12.520	800	12.650	9900	12.670	120	12.680	3800	12.690	8000	12.700	4300	/16842803//15726376/1215284/12.65/13.29//2008-9-18 13:30:30
49/600085/同仁堂/12.570	1600	12.550	4800	12.530	300	12.520	1000	12.510	27980	12.580	6000	12.640	7100	12.650	9900	12.670	120	12.680	3800	/16842803//15856088/1225584/12.58/13.29//2008-9-18 13:31:30
49/600085/同仁堂/12.580	12800	12.550	500	12.520	3700	12.510	19380	12.500	26500	12.600	4000	12.610	2000	12.640	7100	12.650	9900	12.670	120	/16842803//16152138/1249184/12.6/13.29//2008-9-18 13:32:31
49/600085/同仁堂/12.670	1380	12.640	4400	12.610	1500	12.600	2100	12.590	2400	12.700	4400	12.720	1420	12.730	500	12.740	800	12.780	500	/16842803//16247723/1256764/12.67/13.29//2008-9-18 13:33:31
49/600085/同仁堂/12.700	1720	12.640	1100	12.610	300	12.600	2300	12.590	3800	12.720	920	12.730	500	12.740	800	12.780	500	12.790	340	/16842803//16389270/1267924/12.65/13.29//2008-9-18 13:34:32
49/600085/同仁堂/12.750	620	12.730	1300	12.700	200	12.650	4200	12.610	300	12.780	100	12.790	340	12.800	4666	12.860	500	12.880	200	/16842803//16825646/1302504/12.78/13.29//2008-9-18 13:35:32
49/600085/同仁堂/12.800	7794	12.790	200	12.780	2900	12.760	500	12.750	4420	12.860	500	12.880	200	12.900	500	12.930	300	12.940	3420	/16842803//16971632/1313910/12.8/13.29//2008-9-18 13:36:33
49/600085/同仁堂/12.870	100	12.860	6400	12.800	9494	12.790	9700	12.780	1100	12.930	500	12.940	3420	12.950	5000	12.980	380	12.990	600	/16842803//17078414/1322210/12.86/13.29//2008-9-18 13:37:34
49/600085/同仁堂/12.880	1000	12.870	1000	12.860	6400	12.810	800	12.800	1900	12.900	2400	12.930	1500	12.940	420	12.950	5700	12.980	100	/16842803//17194594/1331210/12.9/13.29//2008-9-18 13:38:34
49/600085/同仁堂/12.870	1000	12.860	6400	12.810	800	12.800	300	12.790	9700	12.880	3000	12.900	7400	12.930	2500	12.940	820	12.950	3700	/16842803//17224242/1333510/12.9/13.29//2008-9-18 13:39:35
49/600085/同仁堂/12.860	6400	12.810	800	12.800	300	12.790	9700	12.780	200	12.870	700	12.880	3500	12.900	7800	12.930	2000	12.940	820	/16842803//17237112/1334510/12.87/13.29//2008-9-18 13:40:35
49/600085/同仁堂/12.810	300	12.800	1300	12.790	9700	12.780	200	12.760	500	12.860	1600	12.870	700	12.880	1500	12.900	14100	12.930	2000	/16842803//17327138/1341510/12.86/13.29//2008-9-18 13:41:36
49/600085/同仁堂/12.800	2700	12.790	9700	12.780	200	12.760	500	12.750	4120	12.860	2300	12.870	600	12.880	1500	12.890	3000	12.900	13200	/16842803//17339984/1342510/12.86/13.29//2008-9-18 13:42:36
49/600085/同仁堂/12.820	500	12.810	4600	12.800	2700	12.790	10000	12.780	200	12.840	200	12.860	3300	12.870	600	12.880	1500	12.890	3000	/16842803//17363096/1344310/12.84/13.29//2008-9-18 13:43:37
49/600085/同仁堂/12.860	5100	12.850	1500	12.840	200	12.830	5000	12.820	800	12.880	800	12.890	3000	12.900	12200	12.930	1700	12.940	3420	/16842803//17424838/1349110/12.88/13.29//2008-9-18 13:44:37
49/600085/同仁堂/12.890	200	12.880	2100	12.870	3200	12.860	4600	12.850	1300	12.900	9200	12.930	1700	12.940	3420	12.950	3200	12.970	3000	/16842803//17509924/1355710/12.9/13.29//2008-9-18 13:45:38
49/600085/同仁堂/12.900	9320	12.890	300	12.880	1600	12.860	1200	12.850	2000	12.930	1300	12.940	3420	12.950	3200	12.970	3000	12.980	100	/16842803//17641258/1365890/12.9/13.29//2008-9-18 13:46:39
49/600085/同仁堂/12.970	2371	12.950	4500	12.930	11400	12.900	6320	12.890	2300	12.990	500	13.000	6680	13.010	400	13.020	7000	13.050	6000	/16842803//17786638/1377119/12.99/13.29//2008-9-18 13:47:39
49/600085/同仁堂/13.000	6220	12.990	1300	12.980	500	12.970	200	12.950	6200	13.020	6900	13.050	6000	13.080	100	13.100	500	13.120	1300	/16842803//17933256/1388399/13.0/13.29//2008-9-18 13:48:40
49/600085/同仁堂/12.990	1400	12.980	500	12.970	200	12.950	6200	12.930	7300	13.000	200	13.010	100	13.020	4900	13.050	6000	13.080	2100	/16842803//18042512/1396799/13.0/13.29//2008-9-18 13:49:40
49/600085/同仁堂/12.980	500	12.970	200	12.950	6200	12.930	7300	12.900	6220	12.990	10400	13.000	4200	13.010	6870	13.020	4900	13.050	6000	/16842803//18071090/1398999/12.99/13.29//2008-9-18 13:50:41
49/600085/同仁堂/12.930	6000	12.900	6220	12.890	300	12.860	200	12.850	700	12.950	20640	12.980	5000	12.990	11300	13.000	2200	13.010	6770	/16842803//18172146/1406799/12.95/13.29//2008-9-18 13:51:41
49/600085/同仁堂/12.930	4800	12.900	6220	12.890	300	12.860	200	12.850	700	12.940	1000	12.950	20740	12.960	500	12.980	5100	12.990	3100	/16842803//18183784/1407699/12.93/13.29//2008-9-18 13:52:42
49/600085/同仁堂/12.900	5720	12.890	300	12.860	200	12.850	700	12.830	5000	12.930	3380	12.940	1100	12.950	20740	12.960	500	12.980	5000	/16842803//18266520/1414099/12.9/13.29//2008-9-18 13:53:42
49/600085/同仁堂/12.890	300	12.860	200	12.850	700	12.830	5000	12.810	4600	12.900	780	12.930	2100	12.940	1000	12.950	20640	12.960	500	/16842803//18339018/1419719/12.9/13.29//2008-9-18 13:54:43
49/600085/同仁堂/12.890	300	12.860	200	12.850	700	12.830	5000	12.810	4600	12.900	880	12.930	2100	12.940	1000	12.950	20780	12.980	4100	/16842803//18374106/1422439/12.9/13.29//2008-9-18 13:55:44
49/600085/同仁堂/12.900	900	12.890	300	12.860	200	12.850	700	12.840	1000	12.930	2000	12.940	1000	12.950	20780	12.980	4100	12.990	1700	/16842803//18344182/1420119/12.93/13.29//2008-9-18 13:56:44
49/600085/同仁堂/12.930	8400	12.900	900	12.890	300	12.860	200	12.850	700	12.950	20780	12.980	4100	12.990	1700	13.000	3160	13.010	2770	/16842803//18373920/1422419/12.93/13.29//2008-9-18 13:57:45
49/600085/同仁堂/12.900	600	12.890	100	12.860	200	12.850	700	12.830	5000	12.930	340	12.950	20280	12.980	4100	12.990	1700	13.000	3160	/16842803//18490300/1431419/12.93/13.29//2008-9-18 13:58:45
49/600085/同仁堂/12.900	200	12.890	100	12.860	200	12.850	700	12.830	5000	12.930	1740	12.950	20280	12.980	4100	12.990	1700	13.000	3160	/16842803//18500626/1432219/12.9/13.29//2008-9-18 13:59:46
49/600085/同仁堂/12.890	100	12.860	200	12.850	1900	12.840	500	12.830	5000	12.900	2300	12.930	1740	12.950	20280	12.970	1000	12.980	4100	/16842803//18503206/1432419/12.9/13.29//2008-9-18 14:0:47
49/600085/同仁堂/12.850	1900	12.840	500	12.830	5000	12.810	4600	12.800	7600	12.860	2280	12.890	100	12.900	1900	12.930	1540	12.950	20280	/16842803//18507068/1432719/12.86/13.29//2008-9-18 14:1:47
49/600085/同仁堂/12.830	2200	12.800	7300	12.780	200	12.760	900	12.750	500	12.850	3600	12.860	280	12.890	100	12.900	1900	12.930	240	/16842803//18573826/1437919/12.83/13.29//2008-9-18 14:2:48
49/600085/同仁堂/12.830	400	12.800	7100	12.780	200	12.760	900	12.750	500	12.840	1120	12.850	3600	12.860	280	12.880	200	12.890	100	/16842803//18605904/1440419/12.83/13.29//2008-9-18 14:3:48
49/600085/同仁堂/12.800	6900	12.790	300	12.780	200	12.760	1200	12.750	500	12.830	400	12.840	1120	12.850	500	12.860	280	12.880	200	/16842803//18607180/1440519/12.8/13.29//2008-9-18 14:4:49
49/600085/同仁堂/12.810	880	12.800	6200	12.790	300	12.780	200	12.760	17600	12.830	100	12.840	1120	12.860	280	12.880	200	12.890	100	/16842803//18622806/1441739/12.81/13.29//2008-9-18 14:5:50
49/600085/同仁堂/12.830	400	12.810	5480	12.800	6400	12.790	300	12.780	200	12.840	1120	12.860	280	12.880	200	12.890	100	12.900	2400	/16842803//18630504/1442339/12.83/13.29//2008-9-18 14:6:50
49/600085/同仁堂/12.850	480	12.840	100	12.830	2100	12.810	5880	12.800	5000	12.860	280	12.880	200	12.890	100	12.900	2400	12.930	240	/16842803//18645142/1443479/12.84/13.29//2008-9-18 14:7:51
49/600085/同仁堂/12.880	800	12.860	720	12.850	480	12.840	300	12.830	2100	12.890	100	12.900	2400	12.930	240	12.950	20280	12.970	1000	/16842803//18652088/1444019/12.86/13.29//2008-9-18 14:8:51
49/600085/同仁堂/12.870	100	12.860	1020	12.850	480	12.840	1100	12.830	1100	12.900	700	12.930	740	12.950	20280	12.970	1000	12.980	4100	/16842803//18671698/1445539/12.9/13.29//2008-9-18 14:9:52
49/600085/同仁堂/12.930	1370	12.870	1300	12.860	1320	12.850	480	12.840	800	12.950	20980	12.970	1000	12.980	3100	12.990	2000	13.000	3720	/16842803//18704330/1448069/12.93/13.29//2008-9-18 14:10:53
49/600085/同仁堂/12.870	900	12.860	1320	12.850	480	12.840	800	12.830	1100	12.950	10810	12.970	1000	12.980	3100	12.990	2000	13.000	3720	/16842803//18867066/1460639/12.95/13.29//2008-9-18 14:11:53
49/600085/同仁堂/12.860	1320	12.850	480	12.840	800	12.830	1100	12.810	5880	12.870	800	12.950	7910	12.970	1000	12.980	3100	12.990	2000	/16842803//18938184/1466139/12.87/13.29//2008-9-18 14:12:54
49/600085/同仁堂/12.880	300	12.870	1500	12.860	1320	12.850	480	12.840	1000	12.900	200	12.950	7710	12.970	1000	12.980	3000	12.990	2000	/16842803//18967864/1468439/12.95/13.29//2008-9-18 14:13:55
49/600085/同仁堂/12.900	100	12.880	12100	12.870	2500	12.860	1320	12.850	2480	12.940	300	12.950	4510	12.970	1000	12.980	1000	12.990	2000	/16842803//19009334/1471639/12.95/13.29//2008-9-18 14:14:55
49/600085/同仁堂/12.910	2600	12.900	400	12.890	300	12.880	12100	12.870	2500	12.950	4410	12.960	100	12.970	1000	12.980	1000	12.990	1000	/16842803//19004152/1471239/12.95/13.29//2008-9-18 14:15:56
49/600085/同仁堂/12.910	2480	12.900	400	12.890	400	12.880	8500	12.870	2500	12.950	430	12.960	100	12.970	1000	12.980	1000	12.990	1000	/16842803//19061386/1475659/12.95/13.29//2008-9-18 14:16:56
49/600085/同仁堂/12.920	1000	12.910	1680	12.900	300	12.890	600	12.880	8500	12.950	1230	12.960	100	12.970	1000	12.980	1000	12.990	1000	/16842803//19071714/1476459/12.91/13.29//2008-9-18 14:17:57
49/600085/同仁堂/12.950	6670	12.930	100	12.920	1500	12.910	1780	12.900	800	12.970	600	12.980	1000	12.990	1000	13.000	3920	13.010	2570	/16842803//19096716/1478389/12.97/13.29//2008-9-18 14:18:58
49/600085/同仁堂/13.110	4800	13.100	18110	13.080	1000	13.000	7700	12.990	500	13.120	1300	13.150	50	13.160	500	13.180	840	13.190	11300	/16842803//19415848/1502879/13.1/13.29//2008-9-18 14:19:58
49/600085/同仁堂/13.160	900	13.120	1700	13.110	4900	13.100	500	13.080	1000	13.180	940	13.190	11300	13.200	4000	13.210	1800	13.250	390	/16842803//19444748/1505079/13.16/13.29//2008-9-18 14:20:59
49/600085/同仁堂/13.210	200	13.190	11600	13.180	5960	13.160	5000	13.150	500	13.250	390	13.260	200	13.270	200	13.280	2000	13.300	11600	/16842803//19703866/1524719/13.21/13.29//2008-9-18 14:22:0
49/600085/同仁堂/13.300	100	13.260	600	13.250	5310	13.230	10000	13.220	700	13.310	500	13.330	3333	13.340	120	13.350	100	13.370	100	/16842803//19895180/1539109/13.3/13.29//2008-9-18 14:23:0
49/600085/同仁堂/13.330	5867	13.300	2700	13.260	900	13.250	1200	13.230	10000	13.340	120	13.350	100	13.370	100	13.380	2200	13.390	2000	/16842803//19968888/1544642/13.33/13.29//2008-9-18 14:24:1
49/600085/同仁堂/13.830	840	13.820	1000	13.810	1000	13.800	1000	13.790	1000	13.840	700	13.850	2600	13.890	80	13.900	8580	13.910	900	/16842803//21102718/1627822/13.84/13.29//2008-9-18 14:25:2
49/600085/同仁堂/13.780	800	13.770	1000	13.760	1000	13.750	1000	13.740	1000	13.790	5100	13.800	10060	13.810	600	13.820	6640	13.830	16300	/16842803//21179232/1633362/13.78/13.29//2008-9-18 14:26:2
49/600085/同仁堂/13.690	1000	13.680	1000	13.670	1000	13.660	1000	13.650	1000	13.700	1600	13.720	4600	13.730	2300	13.740	24180	13.750	2300	/16842803//21302892/1642362/13.7/13.29//2008-9-18 14:27:3
49/600085/同仁堂/13.630	1000	13.620	1000	13.610	1000	13.600	1000	13.590	1000	13.640	1800	13.650	2600	13.660	14380	13.670	2060	13.680	7660	/16842803//21449216/1653062/13.64/13.29//2008-9-18 14:28:4
49/600085/同仁堂/13.590	500	13.580	1000	13.570	1000	13.560	1000	13.550	1000	13.600	7660	13.610	3600	13.620	5280	13.630	7780	13.640	8140	/16842803//21515910/1657962/13.6/13.29//2008-9-18 14:29:4
49/600085/同仁堂/13.510	2000	13.500	2000	13.490	1000	13.480	1000	13.470	1000	13.530	680	13.540	2060	13.550	2000	13.580	100	13.590	23810	/16842803//21655472/1668262/13.53/13.29//2008-9-18 14:30:5
49/600085/同仁堂/13.470	1000	13.460	1000	13.450	1000	13.440	1000	13.430	1000	13.480	960	13.490	1900	13.500	4860	13.510	800	13.520	1000	/16842803//21777466/1677302/13.48/13.29//2008-9-18 14:31:6
49/600085/同仁堂/13.460	900	13.450	1000	13.440	1000	13.430	1000	13.420	1000	13.470	3031	13.480	1160	13.490	4600	13.500	4040	13.510	700	/16842803//21764774/1676362/13.46/13.29//2008-9-18 14:32:6
49/600085/同仁堂/13.450	680	13.440	1000	13.430	1000	13.420	1000	13.410	1000	13.460	300	13.470	2211	13.480	1060	13.490	4000	13.500	2680	/16842803//21812164/1679882/13.45/13.29//2008-9-18 14:33:7
49/600085/同仁堂/13.430	1000	13.420	1000	13.410	1000	13.400	1200	13.390	1000	13.450	280	13.470	1111	13.480	1060	13.490	2000	13.500	3680	/16842803//21849552/1682662/13.45/13.29//2008-9-18 14:34:8
49/600085/同仁堂/13.450	1420	13.430	900	13.420	1000	13.410	1000	13.400	1200	13.470	311	13.480	1060	13.490	1000	13.500	3680	13.510	500	/16842803//21892330/1685842/13.47/13.29//2008-9-18 14:35:8
49/600085/同仁堂/13.470	300	13.460	3600	13.450	1420	13.430	900	13.420	1000	13.480	171	13.490	1000	13.500	2180	13.510	500	13.520	1000	/16842803//21951576/1690242/13.46/13.29//2008-9-18 14:36:9
49/600085/同仁堂/13.460	3600	13.450	1620	13.430	900	13.420	1000	13.410	1000	13.470	5600	13.480	3931	13.490	1000	13.500	2180	13.510	500	/16842803//21955616/1690542/13.47/13.29//2008-9-18 14:37:10
49/600085/同仁堂/13.460	4100	13.450	4620	13.430	900	13.420	1000	13.410	1000	13.470	20	13.590	2791	13.600	7360	13.610	2400	13.630	600	/16842803//22456538/1727542/13.59/13.29//2008-9-18 14:38:10
49/600085/同仁堂/13.580	800	13.570	1000	13.560	1000	13.550	1000	13.540	1000	13.640	3791	13.650	29660	13.660	5980	13.670	300	13.680	400	/16842803//22657470/1742342/13.64/13.29//2008-9-18 14:39:11
49/600085/同仁堂/13.570	1000	13.560	1000	13.550	1000	13.540	1000	13.530	1000	13.580	220	13.630	1100	13.640	4091	13.650	29660	13.660	5700	/16842803//22672408/1743442/13.58/13.29//2008-9-18 14:40:12
49/600085/同仁堂/13.600	380	13.570	1000	13.560	1000	13.550	1000	13.540	1000	13.610	1020	13.620	3200	13.640	480	13.650	5511	13.660	5600	/16842803//23251110/1785862/13.6/13.29//2008-9-18 14:41:12
49/600085/同仁堂/13.560	1000	13.550	1000	13.540	1000	13.530	1000	13.520	1000	13.570	500	13.600	1100	13.620	2440	13.640	580	13.650	5311	/16842803//23340614/1792442/13.6/13.29//2008-9-18 14:42:13
49/600085/同仁堂/13.760	2100	13.740	1300	13.730	1909	13.720	2500	13.710	2500	13.800	10060	13.810	400	13.820	3720	13.830	6400	13.840	5100	/16842803//24521146/1878902/13.76/13.29//2008-9-18 14:43:14
49/600085/同仁堂/13.730	1909	13.720	2500	13.710	2500	13.700	2500	13.690	2500	13.740	3681	13.750	200	13.760	4500	13.790	4700	13.800	12020	/16842803//24602260/1884802/13.74/13.29//2008-9-18 14:44:14
49/600085/同仁堂/13.710	2500	13.700	2700	13.690	2500	13.680	2500	13.670	2500	13.720	2520	13.730	10371	13.740	7081	13.750	200	13.760	1400	/16842803//24692978/1891411/13.72/13.29//2008-9-18 14:45:15
49/600085/同仁堂/13.690	2500	13.680	2500	13.670	2500	13.660	531	13.570	1100	13.700	7760	13.710	4600	13.720	4020	13.730	9471	13.740	7081	/16842803//24773848/1897311/13.7/13.29//2008-9-18 14:46:16
49/600085/同仁堂/13.680	2500	13.670	2500	13.660	531	13.580	200	13.570	1100	13.690	1640	13.700	6980	13.710	2960	13.720	3920	13.730	9471	/16842803//24955506/1910571/13.69/13.29//2008-9-18 14:47:16
49/600085/同仁堂/13.660	31	13.580	200	13.570	900	13.550	1000	13.540	1000	13.670	4100	13.680	7219	13.690	4140	13.700	5360	13.710	3960	/16842803//25057254/1918011/13.66/13.29//2008-9-18 14:48:17
49/600085/同仁堂/13.650	200	13.620	400	13.580	200	13.570	900	13.550	1200	13.660	1400	13.680	1000	13.690	1100	13.700	6528	13.710	3560	/16842803//25339368/1938642/13.65/13.29//2008-9-18 14:49:18
49/600085/同仁堂/13.800	36031	13.690	300	13.620	100	13.580	200	13.570	900	13.810	500	13.820	3620	13.830	22500	13.840	4200	13.850	6050	/16842803//26223122/2002911/13.8/13.29//2008-9-18 14:50:18
49/600085/同仁堂/13.620	100	13.580	1200	13.570	900	13.550	1000	13.540	1000	13.800	569	13.810	43960	13.820	8161	13.830	9000	13.840	3400	/16842803//27302052/2081042/13.8/13.29//2008-9-18 14:51:19
49/600085/同仁堂/13.590	400	13.580	800	13.570	900	13.550	1000	13.540	1000	13.620	3035	13.790	2665	13.800	31069	13.810	49400	13.820	7461	/16842803//27351372/2084642/13.62/13.29//2008-9-18 14:52:20
49/600085/同仁堂/13.600	200	13.590	2500	13.580	200	13.570	900	13.550	2000	13.620	3035	13.780	500	13.790	3425	13.800	66199	13.810	6160	/16842803//27493012/2095042/13.62/13.29//2008-9-18 14:53:21
49/600085/同仁堂/13.780	735	13.770	5000	13.760	5000	13.750	5000	13.740	5000	13.790	6245	13.800	64399	13.810	6160	13.820	4661	13.830	8800	/16842803//27733796/2112542/13.78/13.29//2008-9-18 14:54:21
49/600085/同仁堂/13.760	5000	13.750	6000	13.740	5000	13.730	5000	13.720	5000	13.770	5000	13.780	8591	13.790	7945	13.800	64759	13.810	4160	/16842803//27947810/2128077/13.78/13.29//2008-9-18 14:55:22
49/600085/同仁堂/13.750	5300	13.740	5000	13.730	5000	13.720	5000	13.710	5000	13.760	60	13.770	4160	13.780	11231	13.790	8045	13.800	66659	/16842803//28139142/2141977/13.75/13.29//2008-9-18 14:56:23
49/600085/同仁堂/13.770	1510	13.760	1700	13.750	2000	13.740	5000	13.730	5000	13.780	11131	13.790	18460	13.800	65799	13.810	3240	13.820	4861	/16842803//28298630/2153567/13.77/13.29//2008-9-18 14:57:23
49/600085/同仁堂/13.750	1600	13.740	5000	13.730	5000	13.720	5000	13.710	5000	13.760	2240	13.770	500	13.780	7291	13.790	16860	13.800	69519	/16842803//28616862/2176677/13.75/13.29//2008-9-18 14:58:24
49/600085/同仁堂/13.670	4700	13.660	5000	13.650	5000	13.640	5000	13.630	5000	13.680	5000	13.740	15300	13.750	800	13.780	8091	13.790	39760	/16842803//29331888/2228777/13.67/13.29//2008-9-18 14:59:25
49/600085/同仁堂/13.680	14200	13.670	14700	13.660	5000	13.650	5000	13.640	5000	13.740	2400	13.750	2260	13.770	1900	13.780	8491	13.790	39760	/16842803//29663906/2252977/13.71/13.29//2008-9-18 15:0:26
49/600085/同仁堂/13.680	14200	13.670	14700	13.660	5000	13.650	5000	13.640	5000	13.740	2400	13.750	2260	13.770	1900	13.780	8491	13.790	39760	/16842803//29663906/2252977/13.71/13.29//2008-9-18 15:1:26
49/600085/同仁堂/13.680	14200	13.670	14700	13.660	5000	13.650	5000	13.640	5000	13.740	2400	13.750	2260	13.770	1900	13.780	8491	13.790	39760	/16842803//29663906/2252977/13.71/13.29//2008-9-18 15:2:27
