13/600033/福建高速/5.050	16400	5.040	9700	5.030	9100	5.020	26200	5.010	71900	5.090	6600	5.100	8690	5.110	22400	5.140	1300	5.150	12200	/16842766//930337/183000/5.09/5.2//2008-9-18 9:31:34
13/600033/福建高速/5.080	2300	5.060	67600	5.050	15400	5.040	14700	5.030	11100	5.090	8500	5.100	8690	5.110	19400	5.120	500	5.140	1300	/16842766//967166/190300/5.09/5.2//2008-9-18 9:32:35
13/600033/福建高速/5.090	7800	5.080	17500	5.070	30600	5.060	74400	5.050	21300	5.110	14290	5.120	500	5.140	1300	5.150	13200	5.160	5400	/16842766//1091486/214700/5.11/5.2//2008-9-18 9:33:35
13/600033/福建高速/5.120	14700	5.110	3210	5.100	25000	5.090	12300	5.080	15200	5.140	2800	5.150	15200	5.160	5400	5.170	14800	5.180	15500	/16842766//1333848/262190/5.12/5.2//2008-9-18 9:34:35
13/600033/福建高速/5.110	4510	5.100	39900	5.090	12300	5.080	18900	5.070	22100	5.120	8600	5.140	100	5.150	1300	5.160	4900	5.170	14800	/16842766//1532611/300890/5.12/5.2//2008-9-18 9:35:35
13/600033/福建高速/5.120	15900	5.110	100	5.100	21368	5.090	10300	5.080	18900	5.140	4700	5.150	5500	5.160	10900	5.170	14900	5.180	26200	/16842766//1697079/333032/5.12/5.2//2008-9-18 9:36:36
13/600033/福建高速/5.090	10300	5.080	15400	5.070	23100	5.060	62100	5.050	39300	5.100	1632	5.110	1700	5.120	29100	5.130	1000	5.140	5700	/16842766//1912528/375200/5.1/5.2//2008-9-18 9:37:36
13/600033/福建高速/5.070	23500	5.060	61600	5.050	32500	5.040	16200	5.030	19100	5.080	4100	5.090	12300	5.100	40500	5.110	8932	5.120	25100	/16842766//2108301/413700/5.08/5.2//2008-9-18 9:38:36
13/600033/福建高速/5.100	10000	5.090	700	5.080	30600	5.070	25500	5.060	61800	5.110	6632	5.120	22100	5.140	5700	5.150	43314	5.160	22000	/16842766//2362470/463600/5.1/5.2//2008-9-18 9:39:36
13/600033/福建高速/5.100	14000	5.090	6600	5.080	76600	5.070	25100	5.060	82800	5.110	432	5.120	22100	5.140	5700	5.150	43314	5.160	22000	/16842766//2646873/519400/5.1/5.2//2008-9-18 9:40:36
13/600033/福建高速/5.130	4000	5.120	600	5.110	15568	5.100	16600	5.090	8800	5.140	8000	5.150	44514	5.160	22500	5.170	14900	5.180	28200	/16842766//2779127/545232/5.12/5.2//2008-9-18 9:41:37
13/600033/福建高速/5.110	52668	5.100	31000	5.090	8000	5.080	76200	5.070	24600	5.130	3900	5.150	814	5.160	11500	5.170	14900	5.180	28200	/16842766//3145263/616432/5.13/5.2//2008-9-18 9:42:37
13/600033/福建高速/5.130	1000	5.120	2600	5.110	50668	5.100	33700	5.090	8500	5.140	700	5.150	27714	5.160	11500	5.170	14900	5.180	18200	/16842766//3168347/620932/5.12/5.2//2008-9-18 9:43:37
13/600033/福建高速/5.110	50168	5.100	37500	5.090	20500	5.080	76200	5.070	24600	5.120	75500	5.130	5000	5.140	1300	5.150	31714	5.160	11600	/16842766//3299987/646632/5.12/5.2//2008-9-18 9:44:37
13/600033/福建高速/5.120	30900	5.110	55168	5.100	41000	5.090	20400	5.080	76200	5.130	5900	5.140	1300	5.150	32414	5.160	11600	5.170	14900	/16842766//3722378/729132/5.12/5.2//2008-9-18 9:45:37
13/600033/福建高速/5.150	18186	5.140	1500	5.130	51100	5.120	33700	5.110	54668	5.160	11600	5.170	14900	5.180	12300	5.190	10300	5.200	41700	/16842766//3984812/780146/5.15/5.2//2008-9-18 9:46:38
13/600033/福建高速/5.170	32600	5.160	23000	5.150	26086	5.130	60600	5.120	28300	5.190	5300	5.200	41700	5.210	1800	5.220	11100	5.230	10300	/16842766//4394050/859246/5.17/5.2//2008-9-18 9:47:38
13/600033/福建高速/5.200	16200	5.190	15800	5.180	17100	5.170	27000	5.160	18200	5.220	3300	5.230	14300	5.240	2000	5.250	20000	5.260	8100	/16842766//4774042/932346/5.22/5.2//2008-9-18 9:48:38
13/600033/福建高速/5.200	11100	5.190	10900	5.180	9400	5.170	19900	5.160	15300	5.210	18600	5.220	2800	5.240	35000	5.250	16200	5.260	46400	/16842766//5613699/1093146/5.21/5.2//2008-9-18 9:49:39
13/600033/福建高速/5.210	3000	5.200	4200	5.190	11900	5.180	9400	5.170	19900	5.220	9100	5.230	22100	5.240	43300	5.250	27200	5.260	46600	/16842766//5992316/1165746/5.21/5.2//2008-9-18 9:50:39
13/600033/福建高速/5.190	11900	5.180	8300	5.170	17200	5.160	20100	5.150	36686	5.200	4200	5.210	13900	5.220	16500	5.230	31500	5.240	45100	/16842766//6439712/1251646/5.2/5.2//2008-9-18 9:51:39
13/600033/福建高速/5.170	8600	5.160	19600	5.150	28686	5.140	800	5.130	58400	5.180	4700	5.190	21600	5.200	30400	5.210	73400	5.220	21600	/16842766//6688939/1299746/5.18/5.2//2008-9-18 9:52:39
13/600033/福建高速/5.160	8500	5.150	28486	5.140	71500	5.130	61400	5.120	1200	5.170	12400	5.180	4900	5.190	19600	5.200	32500	5.210	77500	/16842766//6792211/1319746/5.16/5.2//2008-9-18 9:53:40
13/600033/福建高速/5.150	75386	5.140	14000	5.130	61400	5.120	62100	5.110	55000	5.160	14200	5.170	19200	5.180	4900	5.190	20100	5.200	33600	/16842766//6866520/1334146/5.15/5.2//2008-9-18 9:54:40
13/600033/福建高速/5.160	3000	5.150	70386	5.140	17500	5.130	60400	5.120	62100	5.170	18600	5.180	4900	5.190	20100	5.200	36700	5.210	74400	/16842766//7114692/1382246/5.17/5.2//2008-9-18 9:55:40
13/600033/福建高速/5.150	82886	5.140	17500	5.130	60400	5.120	62100	5.110	55000	5.160	1300	5.170	17600	5.180	4900	5.190	15100	5.200	46638	/16842766//7530064/1462746/5.16/5.2//2008-9-18 9:56:41
13/600033/福建高速/5.160	13000	5.150	75786	5.140	24700	5.130	60400	5.120	62100	5.170	12000	5.180	10500	5.190	16100	5.200	50538	5.210	74400	/16842766//7681825/1492146/5.17/5.2//2008-9-18 9:57:41
13/600033/福建高速/5.170	2100	5.160	35300	5.150	70286	5.140	25900	5.130	60400	5.180	11000	5.190	16100	5.200	29538	5.210	74400	5.220	30300	/16842766//7767631/1508746/5.17/5.2//2008-9-18 9:58:41
13/600033/福建高速/5.170	8900	5.160	33500	5.150	69386	5.140	25900	5.130	60400	5.200	5200	5.210	56638	5.220	24500	5.230	37700	5.240	28200	/16842766//8211971/1594246/5.2/5.2//2008-9-18 9:59:41
13/600033/福建高速/5.170	36600	5.160	29500	5.150	68886	5.140	26400	5.130	60400	5.180	100	5.190	18900	5.200	107200	5.210	57938	5.220	23600	/16842766//8252852/1602146/5.17/5.2//2008-9-18 10:0:42
13/600033/福建高速/5.170	17200	5.160	27200	5.150	69286	5.140	26400	5.130	60400	5.180	4600	5.190	35300	5.200	109200	5.210	7938	5.220	24000	/16842766//8388830/1628446/5.17/5.2//2008-9-18 10:1:42
13/600033/福建高速/5.140	19700	5.130	60100	5.120	69600	5.110	49000	5.100	51700	5.150	53614	5.160	10300	5.170	40800	5.180	6600	5.190	27700	/16842766//9025843/1752032/5.14/5.17//2008-9-18 10:2:42
13/600033/福建高速/5.130	16100	5.120	69600	5.110	49700	5.100	51700	5.090	22800	5.140	60200	5.150	22314	5.160	25200	5.170	8500	5.180	4400	/16842766//9603157/1864332/5.13/5.17//2008-9-18 10:3:42
13/600033/福建高速/5.130	53900	5.120	69100	5.110	50700	5.100	51200	5.090	22300	5.140	500	5.150	4114	5.160	25200	5.170	8500	5.180	4400	/16842766//10058361/1952932/5.14/5.17//2008-9-18 10:4:43
13/600033/福建高速/5.140	27500	5.130	61400	5.120	68900	5.110	52700	5.100	51000	5.150	23114	5.160	25200	5.170	8300	5.180	4400	5.190	34800	/16842766//10092285/1959532/5.14/5.17//2008-9-18 10:5:43
13/600033/福建高速/5.150	29441	5.140	26900	5.130	59700	5.120	69000	5.110	52700	5.160	21700	5.170	7300	5.180	5000	5.190	34800	5.200	77200	/16842766//10271324/1994291/5.16/5.17//2008-9-18 10:6:43
13/600033/福建高速/5.160	17500	5.150	12741	5.140	7300	5.130	58700	5.120	68900	5.170	16300	5.180	6000	5.190	24800	5.200	76800	5.210	7938	/16842766//10542089/2046791/5.17/5.17//2008-9-18 10:7:44
13/600033/福建高速/5.150	13841	5.140	7300	5.130	59800	5.120	10000	5.110	51700	5.160	16800	5.170	12900	5.180	6700	5.190	24800	5.200	76800	/16842766//10703120/2077991/5.16/5.17//2008-9-18 10:8:44
13/600033/福建高速/5.140	5300	5.130	59800	5.120	10000	5.110	51700	5.100	52900	5.150	67659	5.160	14400	5.170	12500	5.180	7200	5.190	24800	/16842766//10867930/2109973/5.15/5.17//2008-9-18 10:9:44
13/600033/福建高速/5.130	30300	5.120	11000	5.110	51700	5.100	62900	5.090	21500	5.140	100	5.150	12259	5.160	11800	5.170	12500	5.180	7100	/16842766//11405656/2214532/5.13/5.17//2008-9-18 10:10:44
13/600033/福建高速/5.160	4500	5.150	15941	5.140	1500	5.130	39300	5.120	15000	5.170	12400	5.180	33300	5.190	35900	5.200	78700	5.210	9438	/16842766//11741907/2279791/5.16/5.17//2008-9-18 10:11:45
13/600033/福建高速/5.150	19741	5.140	6000	5.130	43400	5.120	14000	5.110	11800	5.160	19300	5.170	57400	5.180	34300	5.190	34200	5.200	89700	/16842766//11786283/2288391/5.16/5.17//2008-9-18 10:12:45
13/600033/福建高速/5.140	800	5.130	43100	5.120	10400	5.110	12800	5.100	71900	5.150	2059	5.160	19400	5.170	47400	5.180	12200	5.190	34200	/16842766//12006199/2331132/5.14/5.17//2008-9-18 10:13:45
13/600033/福建高速/5.130	28141	5.120	10400	5.110	11800	5.100	82400	5.090	21500	5.140	1500	5.150	8000	5.160	20500	5.170	48400	5.180	9200	/16842766//12150305/2359191/5.13/5.17//2008-9-18 10:14:46
13/600033/福建高速/5.120	7900	5.110	12800	5.100	83500	5.090	21500	5.080	90300	5.130	6809	5.140	100	5.150	19900	5.160	23500	5.170	48400	/16842766//12459608/2419432/5.13/5.17//2008-9-18 10:15:46
13/600033/福建高速/5.120	24400	5.110	57800	5.100	83500	5.090	20500	5.080	89300	5.130	1409	5.140	1700	5.150	10900	5.160	37900	5.170	48400	/16842766//12568190/2440632/5.13/5.17//2008-9-18 10:16:46
13/600033/福建高速/5.140	1900	5.130	27500	5.120	12091	5.110	56800	5.100	84900	5.150	9300	5.160	32900	5.170	48400	5.180	5700	5.190	33800	/16842766//12743010/2474741/5.14/5.17//2008-9-18 10:17:47
13/600033/福建高速/5.150	6800	5.140	5900	5.130	27500	5.120	18391	5.110	56300	5.160	16600	5.170	48400	5.180	10700	5.190	33800	5.200	116400	/16842766//12925508/2510141/5.16/5.17//2008-9-18 10:18:47
13/600033/福建高速/5.150	9400	5.140	53000	5.130	27500	5.120	12391	5.110	56300	5.160	4500	5.170	18400	5.180	10700	5.190	33800	5.200	115300	/16842766//13040338/2532441/5.15/5.17//2008-9-18 10:19:47
13/600033/福建高速/5.150	300	5.140	15000	5.130	7700	5.120	12391	5.110	56300	5.170	13600	5.180	10700	5.190	34800	5.200	111000	5.210	9438	/16842766//13481764/2618241/5.17/5.17//2008-9-18 10:20:48
13/600033/福建高速/5.140	8800	5.130	60000	5.120	19691	5.110	56300	5.100	99100	5.160	3400	5.170	19000	5.180	37500	5.190	33600	5.200	111000	/16842766//13576487/2636641/5.16/5.17//2008-9-18 10:21:48
13/600033/福建高速/5.130	17600	5.120	21691	5.110	56300	5.100	96100	5.090	20500	5.140	300	5.170	20000	5.180	10100	5.190	33600	5.200	117000	/16842766//13882067/2696141/5.16/5.17//2008-9-18 10:22:48
13/600033/福建高速/5.140	1200	5.130	18400	5.120	21691	5.110	56300	5.100	94100	5.150	1000	5.160	14400	5.170	15000	5.180	42000	5.190	43000	/16842766//13930019/2705441/5.14/5.17//2008-9-18 10:23:48
13/600033/福建高速/5.150	27400	5.140	43800	5.130	20300	5.120	21691	5.110	17800	5.160	13800	5.170	14600	5.180	42000	5.190	44800	5.200	117700	/16842766//13935189/2706441/5.15/5.17//2008-9-18 10:24:49
13/600033/福建高速/5.150	9800	5.140	44300	5.130	23000	5.120	21391	5.110	19800	5.160	11300	5.170	23600	5.180	42000	5.190	44800	5.200	117700	/16842766//14067063/2732041/5.16/5.17//2008-9-18 10:25:49
13/600033/福建高速/5.140	44300	5.130	22500	5.120	16091	5.110	20300	5.100	100400	5.150	35699	5.160	10000	5.170	23600	5.180	42000	5.190	36000	/16842766//14124239/2743141/5.15/5.17//2008-9-18 10:26:49
13/600033/福建高速/5.150	10601	5.140	42900	5.130	22500	5.120	26091	5.110	21600	5.160	10700	5.170	32400	5.180	42000	5.190	40800	5.200	80000	/16842766//14343089/2785640/5.15/5.17//2008-9-18 10:27:50
13/600033/福建高速/5.150	33201	5.140	41800	5.130	22500	5.120	26091	5.110	23600	5.160	10200	5.170	32900	5.180	42000	5.190	38000	5.200	79500	/16842766//14447634/2805940/5.15/5.17//2008-9-18 10:28:50
13/600033/福建高速/5.150	13000	5.140	51800	5.130	33500	5.120	26091	5.110	23600	5.160	14899	5.170	32900	5.180	42000	5.190	38000	5.200	80000	/16842766//14645445/2844341/5.16/5.17//2008-9-18 10:29:50
13/600033/福建高速/5.150	7300	5.140	61800	5.130	33400	5.120	25591	5.110	24200	5.160	14799	5.170	32900	5.180	42000	5.190	38000	5.200	80000	/16842766//14687167/2852441/5.16/5.17//2008-9-18 10:30:51
13/600033/福建高速/5.140	61800	5.130	35400	5.120	25591	5.110	24200	5.100	101100	5.150	1700	5.160	7999	5.170	32900	5.180	41200	5.190	39000	/16842766//14758818/2866341/5.15/5.17//2008-9-18 10:31:51
13/600033/福建高速/5.150	600	5.140	60800	5.130	35400	5.120	24591	5.110	24200	5.160	20499	5.170	32900	5.180	45500	5.190	39000	5.200	87700	/16842766//14785073/2871441/5.15/5.17//2008-9-18 10:32:51
13/600033/福建高速/5.120	24591	5.110	24200	5.100	101200	5.090	22300	5.080	63800	5.130	25500	5.150	10200	5.160	24099	5.170	32900	5.180	41200	/16842766//15288435/2969441/5.13/5.17//2008-9-18 10:33:52
13/600033/福建高速/5.120	24291	5.110	54400	5.100	103500	5.090	23300	5.080	63300	5.130	14700	5.150	17300	5.160	13099	5.170	32900	5.180	56400	/16842766//15445380/3000041/5.13/5.17//2008-9-18 10:34:52
13/600033/福建高速/5.110	13200	5.100	102500	5.090	22300	5.080	63300	5.070	26100	5.120	10000	5.130	12909	5.150	32600	5.160	13199	5.170	32900	/16842766//16107599/3129532/5.11/5.17//2008-9-18 10:35:52
13/600033/福建高速/5.100	13000	5.090	20800	5.080	63300	5.070	27100	5.060	109500	5.110	7700	5.120	6500	5.130	13409	5.150	22600	5.160	13199	/16842766//17090986/3322132/5.1/5.17//2008-9-18 10:36:53
13/600033/福建高速/5.100	4600	5.090	16000	5.080	64300	5.070	27400	5.060	109500	5.110	23199	5.120	16500	5.130	15609	5.150	22600	5.160	13199	/16842766//17252608/3353832/5.1/5.17//2008-9-18 10:37:53
13/600033/福建高速/5.090	4100	5.080	63900	5.070	27500	5.060	110100	5.050	92900	5.100	200	5.110	9300	5.120	11500	5.130	15609	5.150	22600	/16842766//17483588/3399132/5.09/5.17//2008-9-18 10:38:53
13/600033/福建高速/5.090	10900	5.080	67600	5.070	34600	5.060	107500	5.050	93900	5.100	9500	5.110	13500	5.120	11500	5.130	20109	5.140	400	/16842766//17584902/3419032/5.09/5.17//2008-9-18 10:39:54
13/600033/福建高速/5.090	39800	5.080	28900	5.070	37500	5.060	97300	5.050	92200	5.100	1500	5.110	9300	5.120	11500	5.130	20109	5.140	2400	/16842766//17966382/3494032/5.1/5.17//2008-9-18 10:40:54
13/600033/福建高速/5.110	8800	5.090	49400	5.080	31500	5.070	39500	5.060	97300	5.120	1600	5.130	20109	5.140	2400	5.150	24500	5.160	11199	/16842766//18289510/3557332/5.11/5.17//2008-9-18 10:41:54
13/600033/福建高速/5.100	11000	5.090	50400	5.080	31500	5.070	38500	5.060	97300	5.110	100	5.120	6000	5.130	20109	5.140	2900	5.150	24500	/16842766//18362568/3571632/5.11/5.17//2008-9-18 10:42:55
13/600033/福建高速/5.090	50400	5.080	31500	5.070	40700	5.060	97300	5.050	93700	5.100	17999	5.110	500	5.120	3500	5.130	20109	5.140	3900	/16842766//18520826/3602632/5.1/5.17//2008-9-18 10:43:55
13/600033/福建高速/5.090	32000	5.080	30300	5.070	41000	5.060	102600	5.050	93400	5.100	13499	5.110	500	5.120	4000	5.130	20109	5.140	3900	/16842766//18650178/3628032/5.09/5.17//2008-9-18 10:44:56
13/600033/福建高速/5.060	27400	5.050	93400	5.040	51200	5.030	63800	5.020	36500	5.080	1000	5.090	24900	5.100	15399	5.120	4300	5.130	20109	/16842766//19745734/3844132/5.06/5.17//2008-9-18 10:45:56
13/600033/福建高速/5.050	73700	5.040	60900	5.030	63800	5.020	34500	5.010	39800	5.080	10600	5.090	22400	5.100	14399	5.120	6300	5.130	20109	/16842766//19957044/3885932/5.05/5.17//2008-9-18 10:46:56
13/600033/福建高速/5.050	17300	5.040	60900	5.030	63800	5.020	29300	5.010	31100	5.070	500	5.080	15400	5.090	20400	5.100	15399	5.120	7531	/16842766//20321170/3958032/5.05/5.17//2008-9-18 10:47:57
13/600033/福建高速/5.030	57800	5.020	27300	5.010	31100	5.000	132100	4.990	1200	5.050	13600	5.060	2000	5.070	4400	5.080	13800	5.090	20400	/16842766//21094734/4111332/5.03/5.17//2008-9-18 10:48:57
13/600033/福建高速/5.040	3800	5.030	51900	5.020	28800	5.010	34200	5.000	124100	5.050	7100	5.060	2500	5.070	3900	5.080	13400	5.090	20400	/16842766//21426832/4177232/5.04/5.17//2008-9-18 10:49:57
13/600033/福建高速/5.040	20800	5.030	52700	5.020	27300	5.010	41800	5.000	127600	5.050	13400	5.060	2500	5.070	3900	5.080	12400	5.090	20400	/16842766//21624038/4216332/5.04/5.17//2008-9-18 10:50:58
13/600033/福建高速/5.030	2400	5.020	56800	5.010	44000	5.000	130600	4.990	4900	5.040	7500	5.050	32900	5.060	4500	5.070	3900	5.080	17400	/16842766//22197568/4330232/5.04/5.17//2008-9-18 10:51:58
13/600033/福建高速/5.030	18000	5.020	57200	5.010	43700	5.000	139200	4.990	2400	5.040	7900	5.050	32900	5.060	4900	5.070	3900	5.080	16600	/16842766//22365564/4363632/5.03/5.17//2008-9-18 10:52:58
13/600033/福建高速/5.030	400	5.020	57200	5.010	46500	5.000	136200	4.990	2400	5.040	6600	5.050	12900	5.060	4900	5.070	4700	5.080	16600	/16842766//22574830/4405232/5.03/5.17//2008-9-18 10:53:59
13/600033/福建高速/5.040	6600	5.030	15100	5.020	68900	5.010	45700	5.000	134200	5.050	11800	5.060	4900	5.070	4700	5.080	15600	5.100	19299	/16842766//22668576/4423832/5.04/5.17//2008-9-18 10:54:59
13/600033/福建高速/5.040	38200	5.030	22400	5.020	40800	5.010	46300	5.000	165700	5.050	900	5.060	4900	5.070	19100	5.080	15600	5.100	19299	/16842766//22777050/4445332/5.04/5.17//2008-9-18 10:56:0
13/600033/福建高速/5.050	13300	5.040	56700	5.030	22000	5.020	48800	5.010	48200	5.060	5300	5.070	19100	5.080	15600	5.100	19299	5.110	2300	/16842766//22884122/4466532/5.05/5.17//2008-9-18 10:57:0
13/600033/福建高速/5.050	5900	5.040	56200	5.030	21400	5.020	49800	5.010	48600	5.060	2800	5.070	5100	5.080	15600	5.100	19299	5.110	2300	/16842766//22938686/4477332/5.05/5.17//2008-9-18 10:58:0
13/600033/福建高速/5.040	55200	5.030	19600	5.020	49800	5.010	56300	5.000	168500	5.050	19700	5.060	6300	5.070	6300	5.080	15600	5.100	19499	/16842766//22981096/4485732/5.04/5.17//2008-9-18 10:59:1
13/600033/福建高速/5.030	2300	5.020	48400	5.010	57300	5.000	168500	4.990	2400	5.040	32900	5.050	23400	5.060	6300	5.070	6300	5.080	13900	/16842766//23345308/4558032/5.03/5.17//2008-9-18 11:0:1
13/600033/福建高速/5.020	57200	5.010	58200	5.000	167900	4.990	2400	4.980	21500	5.030	14500	5.040	32900	5.050	23400	5.060	6300	5.070	4700	/16842766//23539666/4596732/5.02/5.17//2008-9-18 11:1:2
13/600033/福建高速/5.010	44501	5.000	171200	4.990	2400	4.980	21000	4.970	5500	5.030	400	5.040	30000	5.050	22900	5.060	6300	5.070	4700	/16842766//24173708/4723031/5.01/5.17//2008-9-18 11:2:2
13/600033/福建高速/4.990	4400	4.980	21100	4.970	5500	4.960	65800	4.950	33500	5.000	43000	5.010	15600	5.020	10199	5.030	10200	5.040	30000	/16842766//25735638/5035032/5.0/5.17//2008-9-18 11:3:2
13/600033/福建高速/4.980	2000	4.970	5800	4.960	65800	4.950	34500	4.930	21200	4.990	13100	5.000	171799	5.010	36200	5.020	15300	5.030	9300	/16842766//26097470/5107632/4.99/5.17//2008-9-18 11:4:3
13/600033/福建高速/4.970	26100	4.960	58700	4.950	29600	4.930	21700	4.920	11700	4.980	8800	4.990	18800	5.000	12900	5.010	36200	5.020	15300	/16842766//26404820/5169432/4.98/5.17//2008-9-18 11:5:3
13/600033/福建高速/4.980	54501	4.970	42500	4.960	60800	4.950	33900	4.930	22600	4.990	7000	5.000	8600	5.010	16200	5.020	15300	5.030	3500	/16842766//26669740/5222631/4.99/5.17//2008-9-18 11:6:4
13/600033/福建高速/5.000	42900	4.990	57200	4.980	119201	4.970	55500	4.960	61800	5.010	15700	5.020	15300	5.030	3000	5.040	6000	5.050	21900	/16842766//26769996/5242731/5.01/5.17//2008-9-18 11:7:4
13/600033/福建高速/5.020	30600	5.010	67921	5.000	57200	4.990	55900	4.980	113201	5.030	3000	5.040	6000	5.050	22100	5.060	3800	5.070	3000	/16842766//27015438/5291710/5.02/5.17//2008-9-18 11:8:4
13/600033/福建高速/5.030	1000	5.020	500	5.010	66700	5.000	56600	4.990	13600	5.050	25700	5.060	3800	5.070	3000	5.080	8900	5.090	1000	/16842766//27610054/5410110/5.05/5.17//2008-9-18 11:9:5
13/600033/福建高速/5.020	35400	5.010	44800	5.000	56200	4.990	12600	4.980	111101	5.030	16100	5.040	400	5.050	33400	5.060	13800	5.070	22600	/16842766//27751332/5438210/5.02/5.17//2008-9-18 11:10:5
13/600033/福建高速/5.020	1500	5.010	30200	5.000	58200	4.990	13700	4.980	80801	5.040	11600	5.050	29800	5.060	23800	5.070	22600	5.080	8900	/16842766//28124602/5512510/5.01/5.17//2008-9-18 11:11:6
13/600033/福建高速/5.010	25300	5.000	87500	4.990	13700	4.980	81701	4.970	32600	5.020	600	5.030	6600	5.040	13100	5.050	29800	5.060	23800	/16842766//28164208/5520410/5.01/5.17//2008-9-18 11:12:6
13/600033/福建高速/5.000	76500	4.990	13700	4.980	71901	4.970	32400	4.960	68300	5.010	31100	5.030	1000	5.040	36300	5.050	28800	5.060	23800	/16842766//28331204/5553710/5.01/5.17//2008-9-18 11:13:7
13/600033/福建高速/5.000	83400	4.990	16500	4.980	71901	4.970	33400	4.960	68300	5.010	15300	5.020	800	5.030	6200	5.040	37800	5.050	28800	/16842766//28444398/5576310/5.01/5.17//2008-9-18 11:14:7
13/600033/福建高速/5.010	10400	5.000	75000	4.990	15500	4.980	56600	4.970	33400	5.020	800	5.030	8500	5.040	37800	5.050	34700	5.060	23800	/16842766//28569052/5601210/5.01/5.17//2008-9-18 11:15:7
13/600033/福建高速/5.020	250	5.010	58100	5.000	45000	4.990	15500	4.980	56600	5.030	5500	5.040	37800	5.050	34700	5.060	23800	5.070	2100	/16842766//28585856/5604560/5.02/5.17//2008-9-18 11:16:8
13/600033/福建高速/5.010	57200	5.000	45200	4.990	15500	4.980	56600	4.970	30100	5.020	5650	5.030	10400	5.040	17300	5.050	34700	5.060	23800	/16842766//28617734/5610910/5.02/5.17//2008-9-18 11:17:8
13/600033/福建高速/5.020	14150	5.010	1500	5.000	46200	4.990	15500	4.980	58700	5.030	11900	5.040	17300	5.050	34700	5.060	23800	5.070	6400	/16842766//29059208/5698960/5.02/5.17//2008-9-18 11:18:9
13/600033/福建高速/5.010	67450	5.000	48000	4.990	15500	4.980	58700	4.970	27900	5.020	1800	5.030	11000	5.040	15800	5.050	34700	5.060	23800	/16842766//29071266/5701360/5.01/5.17//2008-9-18 11:19:9
13/600033/福建高速/5.010	68300	5.000	48000	4.990	15500	4.980	58700	4.970	27900	5.020	3000	5.030	12400	5.040	25800	5.050	34700	5.060	23800	/16842766//29082790/5703660/5.01/5.17//2008-9-18 11:20:10
13/600033/福建高速/5.010	47900	5.000	51500	4.990	15500	4.980	59900	4.970	36900	5.020	3000	5.030	16400	5.040	16500	5.050	36700	5.060	24300	/16842766//29184994/5724060/5.01/5.17//2008-9-18 11:21:10
13/600033/福建高速/5.000	53600	4.990	15500	4.980	59900	4.970	36400	4.960	71200	5.010	29200	5.020	1200	5.030	16400	5.040	16500	5.050	38700	/16842766//29516244/5790160/5.0/5.17//2008-9-18 11:22:10
13/600033/福建高速/5.000	13500	4.990	14300	4.980	58900	4.970	36600	4.960	73200	5.010	14400	5.020	2200	5.030	16900	5.040	15000	5.050	38700	/16842766//29817392/5850360/5.0/5.17//2008-9-18 11:23:11
13/600033/福建高速/4.990	14000	4.980	58700	4.970	36600	4.960	73200	4.950	48800	5.000	10600	5.010	14400	5.020	6300	5.030	16900	5.040	15000	/16842766//29870392/5860960/5.0/5.17//2008-9-18 11:24:11
13/600033/福建高速/4.980	127901	4.970	37300	4.960	73800	4.950	49300	4.940	3100	4.990	43600	5.000	10300	5.010	14400	5.020	6300	5.030	16400	/16842766//30306288/5948459/4.98/5.17//2008-9-18 11:25:12
13/600033/福建高速/4.980	118201	4.970	39700	4.960	73800	4.950	46500	4.940	3400	4.990	39000	5.000	10200	5.010	14400	5.020	6300	5.030	16400	/16842766//30375058/5962259/4.98/5.17//2008-9-18 11:26:12
13/600033/福建高速/4.980	115301	4.970	30900	4.960	74800	4.950	46500	4.940	3400	4.990	19700	5.000	14200	5.010	14400	5.020	6300	5.030	16400	/16842766//30495778/5986459/4.99/5.17//2008-9-18 11:27:13
13/600033/福建高速/4.980	92411	4.970	28900	4.960	75100	4.950	46800	4.940	1400	4.990	10700	5.000	13200	5.010	14400	5.020	6300	5.030	16400	/16842766//30681084/6023649/4.98/5.17//2008-9-18 11:28:13
13/600033/福建高速/4.980	76811	4.970	28400	4.960	76100	4.950	46800	4.940	1400	4.990	6900	5.000	12700	5.010	14400	5.020	6300	5.030	13400	/16842766//30789208/6045349/4.98/5.17//2008-9-18 11:29:14
13/600033/福建高速/4.980	76511	4.970	28400	4.960	76100	4.950	45800	4.940	1400	4.990	9400	5.000	12700	5.010	14400	5.020	7300	5.030	13400	/16842766//30814144/6050349/4.99/5.17//2008-9-18 11:30:14
13/600033/福建高速/4.980	76511	4.970	28400	4.960	76100	4.950	45800	4.940	1400	4.990	9400	5.000	12700	5.010	14400	5.020	7300	5.030	13400	/16842766//30814144/6050349/4.99/5.17//2008-9-18 11:31:15
13/600033/福建高速/4.960	75700	4.950	40300	4.940	4300	4.930	14000	4.920	7400	4.970	144089	4.980	400	4.990	14700	5.000	16200	5.010	14400	/16842766//31369902/6161960/4.97/5.17//2008-9-18 13:1:15
13/600033/福建高速/4.960	45800	4.950	40300	4.940	4300	4.930	13900	4.920	8400	4.970	157589	4.990	14700	5.000	18200	5.010	14400	5.020	4500	/16842766//31523186/6192860/4.96/5.17//2008-9-18 13:2:16
13/600033/福建高速/4.950	39300	4.940	4300	4.930	13900	4.920	11500	4.910	8200	4.960	120640	4.970	150189	4.990	11400	5.000	18200	5.010	14400	/16842766//31756806/6239960/4.96/5.17//2008-9-18 13:3:16
13/600033/福建高速/4.930	13900	4.920	11400	4.910	8200	4.900	61200	4.890	500	4.940	7773	4.950	2500	4.960	100565	4.970	150189	4.990	8400	/16842766//32082696/6305760/4.94/5.17//2008-9-18 13:4:17
13/600033/福建高速/4.920	12200	4.910	11200	4.900	61700	4.890	500	4.880	7400	4.930	87550	4.950	10700	4.960	100565	4.970	10000	4.990	6400	/16842766//32206962/6330960/4.93/5.17//2008-9-18 13:5:17
13/600033/福建高速/4.900	58300	4.890	500	4.880	6400	4.860	1400	4.850	7300	4.910	2499	4.930	85250	4.940	300	4.950	2500	4.960	100565	/16842766//32512794/6393160/4.91/5.17//2008-9-18 13:6:18
13/600033/福建高速/4.900	7940	4.890	1000	4.880	3800	4.860	1400	4.850	18500	4.910	83699	4.920	10500	4.930	84550	4.940	300	4.950	2800	/16842766//32873462/6466720/4.9/5.17//2008-9-18 13:7:18
13/600033/福建高速/4.890	11100	4.880	6900	4.860	3300	4.850	19600	4.840	500	4.900	11360	4.910	83199	4.920	10500	4.930	86550	4.940	300	/16842766//32982452/6488960/4.9/5.17//2008-9-18 13:8:19
13/600033/福建高速/4.900	5140	4.890	9500	4.880	7400	4.860	4500	4.850	21700	4.910	83799	4.920	10500	4.930	86550	4.940	300	4.950	2800	/16842766//33071920/6507220/4.9/5.17//2008-9-18 13:9:19
13/600033/福建高速/4.890	200	4.880	27700	4.860	5000	4.850	24200	4.840	6500	4.900	2360	4.910	83299	4.920	10500	4.930	86550	4.940	300	/16842766//33259182/6545460/4.9/5.17//2008-9-18 13:10:20
13/600033/福建高速/4.890	100	4.880	29800	4.860	4900	4.850	28300	4.840	6500	4.900	4649	4.910	83299	4.920	10500	4.930	86550	4.940	300	/16842766//33304684/6554760/4.89/5.17//2008-9-18 13:11:20
13/600033/福建高速/4.880	24500	4.860	4700	4.850	28300	4.840	6500	4.830	5500	4.900	4289	4.910	83299	4.920	10000	4.930	86550	4.940	300	/16842766//33366196/6567360/4.88/5.17//2008-9-18 13:12:21
13/600033/福建高速/4.860	17300	4.840	6000	4.830	5500	4.820	3100	4.810	5800	4.880	27200	4.900	15589	4.910	83299	4.920	10600	4.930	86550	/16842766//33783332/6653160/4.86/5.17//2008-9-18 13:13:21
13/600033/福建高速/4.830	5000	4.820	3100	4.810	8800	4.800	31300	4.790	2400	4.840	12900	4.850	5800	4.860	12800	4.870	1000	4.880	22000	/16842766//33993144/6696360/4.84/5.17//2008-9-18 13:14:22
13/600033/福建高速/4.800	34400	4.790	2400	4.780	3800	4.770	1000	4.760	4100	4.810	19100	4.840	8000	4.850	1500	4.860	12800	4.880	18800	/16842766//34280640/6756160/4.8/5.17//2008-9-18 13:15:22
13/600033/福建高速/4.790	900	4.780	13400	4.770	1100	4.760	4700	4.750	9800	4.800	5900	4.810	1200	4.840	2000	4.850	1500	4.860	11600	/16842766//34803944/6865160/4.8/5.17//2008-9-18 13:16:23
13/600033/福建高速/4.790	21200	4.780	6500	4.770	1300	4.760	10700	4.750	14200	4.800	32000	4.810	500	4.840	2000	4.850	1500	4.860	11600	/16842766//34922000/6889760/4.8/5.17//2008-9-18 13:17:23
13/600033/福建高速/4.810	1800	4.800	51000	4.790	18600	4.780	7700	4.770	2900	4.840	2000	4.850	500	4.860	11600	4.880	15400	4.890	1000	/16842766//35194140/6946460/4.81/5.17//2008-9-18 13:18:24
13/600033/福建高速/4.840	2000	4.820	20600	4.810	36000	4.800	54100	4.790	20900	4.850	500	4.860	11600	4.880	15400	4.890	1000	4.900	10589	/16842766//35209596/6949660/4.82/5.17//2008-9-18 13:19:24
13/600033/福建高速/4.850	8800	4.840	2600	4.830	500	4.820	15200	4.810	34300	4.860	13100	4.880	15400	4.900	9589	4.910	83299	4.920	10600	/16842766//35362584/6981260/4.85/5.17//2008-9-18 13:20:25
13/600033/福建高速/4.850	5600	4.840	9700	4.830	12200	4.820	7800	4.810	24800	4.860	5100	4.880	15400	4.900	10089	4.910	83299	4.920	10000	/16842766//35526624/7015060/4.86/5.17//2008-9-18 13:21:25
13/600033/福建高速/4.860	2000	4.850	24400	4.840	9700	4.830	12200	4.820	17700	4.880	15400	4.890	3000	4.900	11889	4.910	83299	4.930	85550	/16842766//35543124/7018460/4.85/5.17//2008-9-18 13:22:26
13/600033/福建高速/4.850	48500	4.840	9700	4.830	12200	4.820	18600	4.810	24600	4.880	5800	4.890	3000	4.900	12089	4.910	83299	4.920	1400	/16842766//35672624/7045060/4.85/5.17//2008-9-18 13:23:26
13/600033/福建高速/4.890	3500	4.860	19411	4.850	77300	4.840	9700	4.830	12200	4.900	2000	4.910	83299	4.920	1900	4.930	85550	4.940	300	/16842766//35806504/7072449/4.89/5.17//2008-9-18 13:24:27
13/600033/福建高速/4.890	900	4.880	22400	4.870	1500	4.860	32011	4.850	57300	4.900	11300	4.910	93299	4.920	1400	4.930	90550	4.940	300	/16842766//35920632/7095849/4.9/5.17//2008-9-18 13:25:27
13/600033/福建高速/4.900	800	4.890	10000	4.880	22400	4.870	31500	4.860	24211	4.910	26699	4.920	1400	4.930	90550	4.940	300	4.950	3300	/16842766//36376960/7188849/4.91/5.17//2008-9-18 13:26:28
13/600033/福建高速/4.910	17911	4.900	2100	4.890	10000	4.880	32600	4.870	31500	4.930	100550	4.940	300	4.950	3300	4.960	100565	4.970	1000	/16842766//36693208/7253238/4.91/5.17//2008-9-18 13:27:28
13/600033/福建高速/4.900	6600	4.880	16700	4.870	33500	4.860	24611	4.850	58600	4.910	20189	4.920	17700	4.930	90550	4.940	300	4.950	3300	/16842766//36971884/7310149/4.9/5.17//2008-9-18 13:28:29
13/600033/福建高速/4.880	727	4.870	33800	4.860	23211	4.850	58800	4.840	600	4.900	16750	4.910	11989	4.920	6600	4.930	92050	4.940	300	/16842766//37186608/7354022/4.9/5.17//2008-9-18 13:29:29
13/600033/福建高速/4.880	3627	4.870	30800	4.860	30711	4.850	58800	4.840	2600	4.890	4200	4.900	17550	4.910	10089	4.920	7100	4.930	92050	/16842766//37230528/7363022/4.88/5.17//2008-9-18 13:30:30
13/600033/福建高速/4.890	21900	4.880	2027	4.870	31300	4.860	27711	4.850	60800	4.900	15250	4.910	10089	4.920	8100	4.930	92050	4.940	300	/16842766//37298968/7377022/4.9/5.17//2008-9-18 13:31:30
13/600033/福建高速/4.910	21611	4.900	43750	4.890	3100	4.880	25927	4.870	31300	4.920	2700	4.930	92050	4.940	300	4.950	3300	4.960	112565	/16842766//37451084/7408061/4.91/5.17//2008-9-18 13:32:31
13/600033/福建高速/4.920	38200	4.910	47111	4.900	24200	4.890	200	4.880	20427	4.930	23250	4.940	300	4.950	8300	4.960	112565	4.970	1000	/16842766//37806504/7480161/4.93/5.17//2008-9-18 13:33:31
13/600033/福建高速/4.930	54700	4.920	32900	4.910	43711	4.900	25700	4.890	500	4.950	11200	4.960	110565	4.970	1000	4.980	3500	4.990	6200	/16842766//37923104/7503811/4.95/5.17//2008-9-18 13:34:32
13/600033/福建高速/4.990	3000	4.980	1900	4.970	43500	4.960	51835	4.950	46300	5.000	37600	5.010	16400	5.020	4500	5.030	18199	5.040	11000	/16842766//38844248/7689076/5.0/5.17//2008-9-18 13:35:32
13/600033/福建高速/5.030	1201	5.020	16400	5.010	12100	5.000	138200	4.990	30540	5.040	10000	5.050	15600	5.060	15431	5.070	1300	5.080	46319	/16842766//39026372/7725335/5.03/5.17//2008-9-18 13:36:33
13/600033/福建高速/5.010	14000	5.000	97300	4.990	29240	4.980	13500	4.970	6100	5.020	7300	5.030	9600	5.040	10500	5.050	23400	5.060	14200	/16842766//39413216/7802235/5.02/5.17//2008-9-18 13:37:34
13/600033/福建高速/5.020	5000	5.010	4600	5.000	93000	4.990	29240	4.980	9500	5.030	42700	5.040	46700	5.050	51500	5.060	15800	5.070	53300	/16842766//39758004/7870935/5.02/5.17//2008-9-18 13:38:34
13/600033/福建高速/5.000	68700	4.990	29240	4.980	9200	4.970	1700	4.960	5135	5.010	20400	5.020	18600	5.030	28600	5.040	25500	5.050	56500	/16842766//40234424/7966135/5.0/5.17//2008-9-18 13:39:35
13/600033/福建高速/5.000	21300	4.990	29240	4.980	6700	4.970	1700	4.960	4835	5.010	19300	5.020	22600	5.030	4700	5.040	28200	5.050	56800	/16842766//40476432/8014535/5.0/5.17//2008-9-18 13:40:35
13/600033/福建高速/5.000	7500	4.990	29240	4.980	6700	4.970	1200	4.960	4835	5.010	5100	5.020	4000	5.030	3700	5.040	23200	5.050	66800	/16842766//40641468/8047535/5.0/5.17//2008-9-18 13:41:36
13/600033/福建高速/5.010	2500	5.000	67200	4.990	29240	4.980	16700	4.970	1200	5.020	700	5.030	4200	5.040	23200	5.050	67100	5.060	16600	/16842766//40754596/8070135/5.02/5.17//2008-9-18 13:42:36
13/600033/福建高速/5.020	15900	5.010	89200	5.000	66700	4.990	29240	4.980	17500	5.030	3300	5.040	23200	5.050	66600	5.060	16000	5.070	13300	/16842766//40761628/8071535/5.03/5.17//2008-9-18 13:43:37
13/600033/福建高速/5.040	55000	5.030	3700	5.020	29900	5.010	57800	5.000	68600	5.050	43100	5.060	12700	5.070	2300	5.080	55619	5.090	4800	/16842766//40956596/8110235/5.05/5.17//2008-9-18 13:44:37
13/600033/福建高速/5.050	29000	5.040	84700	5.030	7700	5.020	30900	5.010	19900	5.060	2300	5.070	4300	5.080	55619	5.090	4800	5.100	41700	/16842766//41338536/8185835/5.06/5.17//2008-9-18 13:45:38
13/600033/福建高速/5.080	5904	5.070	61000	5.060	19300	5.050	35300	5.040	60300	5.090	29700	5.100	42600	5.110	10800	5.120	20900	5.130	30109	/16842766//41742752/8265431/5.08/5.17//2008-9-18 13:46:39
13/600033/福建高速/5.090	14600	5.080	6500	5.070	62300	5.060	16200	5.050	14400	5.100	30100	5.110	12800	5.120	23800	5.130	21831	5.150	63800	/16842766//42071140/8329931/5.09/5.17//2008-9-18 13:47:39
13/600033/福建高速/5.070	56300	5.060	2000	5.050	13900	5.040	54400	5.030	7700	5.080	3500	5.090	20631	5.100	26100	5.110	12200	5.120	24300	/16842766//42289144/8372731/5.08/5.17//2008-9-18 13:48:40
13/600033/福建高速/5.070	49100	5.060	1000	5.050	13900	5.040	54400	5.030	7700	5.080	8500	5.090	5431	5.100	34900	5.110	6200	5.120	24300	/16842766//42410064/8396531/5.07/5.17//2008-9-18 13:49:40
13/600033/福建高速/5.070	22000	5.060	1000	5.050	11600	5.040	51400	5.030	5600	5.080	12400	5.090	7031	5.100	38200	5.110	6200	5.120	24700	/16842766//42601212/8434231/5.07/5.17//2008-9-18 13:50:41
13/600033/福建高速/5.050	10300	5.040	51400	5.030	6600	5.020	22400	5.010	19900	5.070	47000	5.080	11500	5.090	41131	5.100	39000	5.110	6200	/16842766//42928124/8498731/5.05/5.17//2008-9-18 13:51:41
13/600033/福建高速/5.040	51000	5.030	6600	5.020	22400	5.010	12800	5.000	67200	5.050	290	5.060	39000	5.070	46600	5.080	12000	5.090	40131	/16842766//43089880/8530731/5.05/5.17//2008-9-18 13:52:42
13/600033/福建高速/5.040	26900	5.030	3600	5.020	21900	5.010	12800	5.000	98200	5.050	4590	5.060	34400	5.070	6800	5.080	9000	5.090	39731	/16842766//43212356/8555031/5.04/5.17//2008-9-18 13:53:42
13/600033/福建高速/5.030	1600	5.020	21900	5.010	15800	5.000	100000	4.990	7500	5.040	45300	5.050	6590	5.060	30400	5.070	6100	5.080	8900	/16842766//43363032/8584931/5.03/5.17//2008-9-18 13:54:43
13/600033/福建高速/5.020	10400	5.010	17000	5.000	99000	4.990	7500	4.980	17400	5.030	17700	5.040	42800	5.050	7590	5.060	30400	5.070	4700	/16842766//43454460/8603131/5.03/5.17//2008-9-18 13:55:44
13/600033/福建高速/5.020	8700	5.010	18400	5.000	97600	4.990	7500	4.980	17400	5.030	12300	5.040	9400	5.050	5090	5.060	30400	5.070	4400	/16842766//43511272/8614431/5.03/5.17//2008-9-18 13:56:44
13/600033/福建高速/5.030	28600	5.020	9700	5.010	41700	5.000	97600	4.990	2100	5.040	9400	5.050	11090	5.060	30400	5.070	3400	5.080	5900	/16842766//43591244/8630331/5.03/5.17//2008-9-18 13:57:45
13/600033/福建高速/5.050	288310	5.040	2900	5.030	25790	5.020	11700	5.010	41900	5.060	30400	5.070	3400	5.080	4500	5.090	9731	5.100	37500	/16842766//43715796/8655031/5.05/5.17//2008-9-18 13:58:45
13/600033/福建高速/5.070	5000	5.060	24400	5.050	290310	5.040	2700	5.030	25790	5.090	9731	5.100	34000	5.110	7400	5.120	28200	5.130	10900	/16842766//44114940/8733831/5.07/5.17//2008-9-18 13:59:46
13/600033/福建高速/5.070	5000	5.060	22600	5.050	290310	5.040	2700	5.030	25790	5.080	16000	5.090	11231	5.100	32400	5.110	7200	5.120	28200	/16842766//44308940/8772031/5.07/5.17//2008-9-18 14:0:47
13/600033/福建高速/5.060	2600	5.050	290310	5.040	2700	5.030	25790	5.020	9800	5.070	22600	5.080	29931	5.090	10800	5.100	32900	5.110	7200	/16842766//44468500/8803531/5.06/5.17//2008-9-18 14:1:47
13/600033/福建高速/5.050	42010	5.040	2700	5.030	27290	5.020	9800	5.010	41700	5.060	36500	5.070	16900	5.080	23931	5.090	10000	5.100	29900	/16842766//45741656/9055631/5.05/5.17//2008-9-18 14:2:48
13/600033/福建高速/5.050	106079	5.030	14190	5.020	8800	5.010	39700	5.000	96600	5.060	23100	5.070	11800	5.080	12700	5.090	10500	5.100	30100	/16842766//46508616/9207562/5.05/5.17//2008-9-18 14:3:48
13/600033/福建高速/5.050	60679	5.030	12690	5.020	8800	5.010	39900	5.000	101200	5.060	11100	5.070	11800	5.080	12500	5.090	11000	5.100	30100	/16842766//46737888/9252962/5.05/5.17//2008-9-18 14:4:49
13/600033/福建高速/5.030	12690	5.020	9700	5.010	39900	5.000	101200	4.990	2100	5.050	16921	5.060	12000	5.070	11800	5.080	11500	5.090	22000	/16842766//47056940/9316141/5.05/5.17//2008-9-18 14:5:50
13/600033/福建高速/5.050	45229	5.030	12690	5.020	96800	5.010	34600	5.000	251200	5.060	8600	5.070	11300	5.080	11400	5.090	23000	5.100	28800	/16842766//47198732/9344212/5.05/5.17//2008-9-18 14:6:50
13/600033/福建高速/5.050	149729	5.030	2800	5.020	110900	5.010	19200	5.000	143300	5.070	9800	5.080	11400	5.090	22500	5.100	28800	5.110	10500	/16842766//47482116/9400312/5.05/5.17//2008-9-18 14:7:51
13/600033/福建高速/5.070	7600	5.060	27100	5.050	200029	5.030	34700	5.020	90900	5.080	10400	5.090	21600	5.100	28700	5.110	10500	5.120	28400	/16842766//47533860/9410512/5.07/5.17//2008-9-18 14:8:51
13/600033/福建高速/5.080	5700	5.070	10800	5.060	29600	5.050	206029	5.030	34100	5.090	20600	5.100	28800	5.110	5000	5.120	28400	5.130	11900	/16842766//47597360/9423012/5.08/5.17//2008-9-18 14:9:52
13/600033/福建高速/5.110	7400	5.100	23500	5.090	21200	5.080	15100	5.070	7000	5.120	13000	5.130	4700	5.140	3000	5.150	80400	5.160	4000	/16842766//47925896/9487412/5.12/5.17//2008-9-18 14:10:53
13/600033/福建高速/5.140	34500	5.130	2000	5.120	2000	5.100	22500	5.090	21200	5.150	80400	5.160	4000	5.170	21700	5.180	19300	5.190	71200	/16842766//48264392/9553512/5.14/5.17//2008-9-18 14:11:53
13/600033/福建高速/5.150	3300	5.140	2500	5.130	3000	5.120	3000	5.110	1700	5.160	11500	5.170	21700	5.180	25800	5.190	71400	5.200	95600	/16842766//48982372/9693012/5.15/5.17//2008-9-18 14:12:54
13/600033/福建高速/5.130	2800	5.120	3000	5.110	2300	5.100	26200	5.090	13400	5.140	800	5.150	20800	5.160	20900	5.170	12900	5.180	27200	/16842766//49020436/9700412/5.13/5.17//2008-9-18 14:13:55
13/600033/福建高速/5.140	12900	5.120	1900	5.110	5300	5.100	23300	5.090	6900	5.150	19300	5.160	20900	5.170	22900	5.180	31200	5.190	71500	/16842766//49136076/9722912/5.14/5.17//2008-9-18 14:14:55
13/600033/福建高速/5.130	1000	5.120	1400	5.110	5500	5.100	23300	5.090	6900	5.140	15900	5.150	19100	5.160	19900	5.170	19900	5.180	31200	/16842766//49204940/9736312/5.12/5.17//2008-9-18 14:15:56
13/600033/福建高速/5.120	63400	5.110	3800	5.100	46000	5.090	6900	5.080	10300	5.130	5700	5.140	17400	5.150	23800	5.160	27400	5.170	19900	/16842766//49223436/9739912/5.13/5.17//2008-9-18 14:16:56
13/600033/福建高速/5.130	32300	5.120	63400	5.110	3800	5.100	46500	5.090	3900	5.140	10200	5.150	24400	5.160	27400	5.170	21900	5.180	37900	/16842766//49296332/9754112/5.14/5.17//2008-9-18 14:17:57
13/600033/福建高速/5.150	28200	5.140	45800	5.130	30400	5.120	61400	5.110	3600	5.180	24700	5.190	49700	5.200	103599	5.210	53938	5.220	65250	/16842766//49772452/9846412/5.15/5.17//2008-9-18 14:18:58
13/600033/福建高速/5.180	18400	5.170	41900	5.160	23100	5.150	72800	5.140	4100	5.190	16200	5.200	102699	5.210	8238	5.220	65250	5.230	53400	/16842766//50061216/9902112/5.18/5.17//2008-9-18 14:19:58
13/600033/福建高速/5.200	78301	5.190	11600	5.180	43900	5.170	1200	5.160	22600	5.210	11038	5.220	88150	5.230	51800	5.240	89000	5.250	244300	/16842766//50672892/10019776/5.2/5.17//2008-9-18 14:20:59
13/600033/福建高速/5.210	18512	5.200	22600	5.190	12700	5.180	13900	5.170	1200	5.220	20000	5.230	7200	5.240	89500	5.250	246500	5.260	45800	/16842766//51603028/10197964/5.21/5.17//2008-9-18 14:22:0
13/600033/福建高速/5.220	8700	5.210	12412	5.200	11700	5.190	12400	5.180	10900	5.230	76800	5.240	89500	5.250	242000	5.260	44600	5.270	23200	/16842766//52026340/10278964/5.23/5.17//2008-9-18 14:23:0
13/600033/福建高速/5.210	9712	5.200	11000	5.190	10200	5.180	1000	5.170	1200	5.220	6100	5.230	20900	5.240	105300	5.250	255500	5.260	44600	/16842766//52876944/10441764/5.23/5.17//2008-9-18 14:24:1
13/600033/福建高速/5.190	10200	5.180	1000	5.170	1200	5.160	6300	5.150	26600	5.200	3300	5.210	22588	5.220	25600	5.230	29000	5.240	108300	/16842766//52868868/10440276/5.2/5.17//2008-9-18 14:25:2
13/600033/福建高速/5.160	4800	5.150	26600	5.140	500	5.130	5500	5.120	1400	5.190	8900	5.200	18800	5.210	25988	5.220	30500	5.230	33900	/16842766//53016328/10468676/5.19/5.17//2008-9-18 14:26:2
13/600033/福建高速/5.150	18100	5.140	1500	5.130	5500	5.120	3400	5.100	2000	5.160	300	5.180	12900	5.190	27900	5.200	9300	5.210	25088	/16842766//53141192/10492876/5.16/5.17//2008-9-18 14:27:3
13/600033/福建高速/5.150	7700	5.140	1500	5.130	5500	5.120	3800	5.100	3000	5.160	11800	5.180	13400	5.190	27700	5.200	8900	5.210	19488	/16842766//53249352/10513876/5.15/5.17//2008-9-18 14:28:4
13/600033/福建高速/5.130	8500	5.120	4300	5.110	3000	5.100	5000	5.090	3000	5.140	21300	5.150	7300	5.160	11800	5.180	13400	5.190	27700	/16842766//53306976/10525076/5.13/5.17//2008-9-18 14:29:4
13/600033/福建高速/5.130	5700	5.120	7800	5.110	3000	5.100	11800	5.090	6000	5.140	18000	5.150	2700	5.180	13400	5.190	27700	5.200	21400	/16842766//53345976/10532676/5.13/5.17//2008-9-18 14:30:5
13/600033/福建高速/5.130	1500	5.120	5300	5.110	5500	5.100	12000	5.090	6000	5.140	18700	5.150	2600	5.180	12900	5.190	27700	5.200	22400	/16842766//53457812/10554476/5.13/5.17//2008-9-18 14:31:6
13/600033/福建高速/5.150	27200	5.140	60700	5.130	5700	5.120	25900	5.110	5500	5.180	12900	5.190	27700	5.200	25200	5.210	14800	5.220	12900	/16842766//53580664/10578376/5.15/5.17//2008-9-18 14:32:6
13/600033/福建高速/5.160	8200	5.150	38200	5.140	70800	5.130	13900	5.120	26900	5.180	1900	5.190	25500	5.200	24700	5.210	13900	5.220	10500	/16842766//53597756/10581676/5.18/5.17//2008-9-18 14:33:7
13/600033/福建高速/5.170	12100	5.160	40700	5.150	1300	5.140	51000	5.130	14400	5.180	6300	5.200	22464	5.210	13900	5.220	13400	5.230	43600	/16842766//53919772/10643776/5.18/5.17//2008-9-18 14:34:8
13/600033/福建高速/5.160	38600	5.150	3300	5.140	52000	5.130	12900	5.120	6900	5.180	15664	5.190	10000	5.200	17600	5.210	15400	5.220	12800	/16842766//54040284/10667076/5.18/5.17//2008-9-18 14:35:8
13/600033/福建高速/5.180	1600	5.170	78500	5.160	42900	5.150	8400	5.140	52000	5.200	164	5.210	15400	5.220	12800	5.230	78900	5.240	78600	/16842766//54381968/10732876/5.2/5.17//2008-9-18 14:36:9
13/600033/福建高速/5.170	16500	5.160	41900	5.150	8400	5.140	37000	5.130	12900	5.180	1388	5.190	12090	5.200	57964	5.210	16400	5.220	14500	/16842766//54461176/10748176/5.17/5.17//2008-9-18 14:37:10
13/600033/福建高速/5.160	35800	5.150	7400	5.140	37000	5.130	12900	5.120	6900	5.170	4900	5.180	16688	5.190	7600	5.200	68864	5.210	16400	/16842766//54684764/10791376/5.17/5.17//2008-9-18 14:38:10
13/600033/福建高速/5.160	17100	5.150	7100	5.140	9700	5.130	11800	5.120	6900	5.170	14900	5.180	17888	5.190	35300	5.200	76564	5.210	14000	/16842766//54925492/10837976/5.16/5.17//2008-9-18 14:39:11
13/600033/福建高速/5.150	1610	5.140	9700	5.130	11800	5.120	1600	5.110	9000	5.160	76200	5.180	1000	5.190	21088	5.200	81364	5.210	14000	/16842766//55288116/10908066/5.15/5.17//2008-9-18 14:40:12
13/600033/福建高速/5.140	9700	5.130	11300	5.120	2100	5.110	6000	5.100	14000	5.150	22090	5.160	63600	5.180	1500	5.190	25488	5.200	84964	/16842766//55317008/10913676/5.15/5.17//2008-9-18 14:41:12
13/600033/福建高速/5.140	14400	5.130	11300	5.120	2100	5.110	6000	5.100	13000	5.150	22890	5.160	54600	5.180	1700	5.190	19100	5.200	82964	/16842766//55340168/10918176/5.15/5.17//2008-9-18 14:42:13
13/600033/福建高速/5.150	5010	5.140	7300	5.130	11300	5.120	11000	5.110	13800	5.160	54600	5.180	7800	5.190	79100	5.200	91164	5.210	14000	/16842766//55484248/10946166/5.15/5.17//2008-9-18 14:43:14
13/600033/福建高速/5.140	8800	5.130	11300	5.120	11000	5.110	13800	5.100	14000	5.150	9190	5.160	44500	5.180	11300	5.190	79100	5.200	92164	/16842766//55592032/10967076/5.15/5.17//2008-9-18 14:44:14
13/600033/福建高速/5.140	7000	5.130	11300	5.120	10500	5.110	13800	5.100	14000	5.150	490	5.160	80300	5.180	11800	5.190	79100	5.200	88264	/16842766//55764964/11000676/5.15/5.17//2008-9-18 14:45:15
13/600033/福建高速/5.150	6710	5.140	7000	5.130	12300	5.120	10500	5.110	13800	5.160	44200	5.180	11800	5.190	79100	5.200	88264	5.210	14000	/16842766//56015592/11049266/5.16/5.17//2008-9-18 14:46:16
13/600033/福建高速/5.140	8000	5.130	13200	5.120	12500	5.110	13800	5.100	14000	5.150	29090	5.160	47400	5.180	12800	5.190	19100	5.200	89964	/16842766//56067660/11059376/5.15/5.17//2008-9-18 14:47:16
13/600033/福建高速/5.130	13200	5.120	12500	5.110	13300	5.100	14200	5.090	8000	5.140	200	5.150	57990	5.160	48200	5.180	12800	5.190	19900	/16842766//56141692/11073776/5.14/5.17//2008-9-18 14:48:17
13/600033/福建高速/5.100	12200	5.090	8000	5.080	10100	5.070	6000	5.060	24200	5.110	33300	5.130	15100	5.140	15500	5.150	72990	5.160	47200	/16842766//56356196/11115676/5.11/5.17//2008-9-18 14:49:18
13/600033/福建高速/5.080	9500	5.070	9500	5.060	24200	5.050	153029	5.040	600	5.090	16900	5.100	22700	5.110	32800	5.120	9000	5.130	10100	/16842766//56446424/11133376/5.09/5.17//2008-9-18 14:50:18
13/600033/福建高速/5.070	10800	5.060	25100	5.050	153029	5.040	800	5.030	10500	5.080	4000	5.090	10900	5.100	24200	5.130	10000	5.140	11200	/16842766//56723320/11187876/5.08/5.17//2008-9-18 14:51:19
13/600033/福建高速/5.100	13400	5.090	2700	5.080	24299	5.070	14900	5.060	35900	5.130	10000	5.140	6200	5.150	61790	5.160	47200	5.180	14500	/16842766//56924072/11227277/5.1/5.17//2008-9-18 14:52:20
13/600033/福建高速/5.100	17800	5.090	4600	5.080	21399	5.070	15300	5.060	43400	5.130	800	5.140	6200	5.150	48590	5.160	47200	5.180	74500	/16842766//57049368/11251777/5.13/5.17//2008-9-18 14:53:21
13/600033/福建高速/5.110	8800	5.100	24200	5.090	16000	5.080	20599	5.070	14700	5.130	5800	5.140	13200	5.150	44590	5.160	47200	5.180	74500	/16842766//57068776/11255577/5.11/5.17//2008-9-18 14:54:21
13/600033/福建高速/5.140	11900	5.130	7500	5.120	6700	5.110	5900	5.100	34200	5.150	46690	5.160	47200	5.170	4000	5.180	74500	5.190	308330	/16842766//57266748/11294177/5.14/5.17//2008-9-18 14:55:22
13/600033/福建高速/5.130	12000	5.120	8400	5.110	12500	5.100	35700	5.090	19000	5.140	12900	5.150	47690	5.160	47200	5.170	12000	5.180	81500	/16842766//57365436/11313377/5.14/5.17//2008-9-18 14:56:23
13/600033/福建高速/5.130	12800	5.120	8400	5.110	12600	5.100	36200	5.090	16800	5.140	16500	5.150	46990	5.160	47200	5.170	12000	5.180	83900	/16842766//57387012/11317577/5.13/5.17//2008-9-18 14:57:23
13/600033/福建高速/5.130	3700	5.120	9100	5.110	13600	5.100	33200	5.090	16800	5.140	3700	5.150	48790	5.160	47200	5.170	13000	5.180	83300	/16842766//57525128/11344477/5.14/5.17//2008-9-18 14:58:24
13/600033/福建高速/5.140	19500	5.130	15600	5.120	9300	5.110	14300	5.100	33200	5.150	58190	5.160	47200	5.170	13000	5.180	83800	5.190	295630	/16842766//57677276/11374077/5.14/5.17//2008-9-18 14:59:25
13/600033/福建高速/5.130	1200	5.120	10400	5.110	14300	5.100	33200	5.090	16700	5.140	44900	5.150	64190	5.160	47200	5.170	13000	5.180	84200	/16842766//57864728/11410577/5.14/5.17//2008-9-18 15:0:26
13/600033/福建高速/5.130	1200	5.120	10400	5.110	14300	5.100	33200	5.090	16700	5.140	44900	5.150	64190	5.160	47200	5.170	13000	5.180	84200	/16842766//57864728/11410577/5.14/5.17//2008-9-18 15:1:26
13/600033/福建高速/5.130	1200	5.120	10400	5.110	14300	5.100	33200	5.090	16700	5.140	44900	5.150	64190	5.160	47200	5.170	13000	5.180	84200	/16842766//57864728/11410577/5.14/5.17//2008-9-18 15:2:27
