33/600069/银鸽投资/4.070	600	4.060	3200	4.050	2000	4.040	1230	4.030	9200	4.100	19900	4.130	28200	4.160	12800	4.170	8900	4.180	5000	/16842787//182647/44870/4.09/4.17//2008-9-18 9:31:34
33/600069/银鸽投资/4.060	3700	4.050	2000	4.040	1230	4.030	9200	4.020	10500	4.090	2300	4.100	14400	4.130	28200	4.160	12800	4.170	8900	/16842787//281441/69070/4.09/4.17//2008-9-18 9:32:35
33/600069/银鸽投资/4.080	2500	4.070	2200	4.060	6300	4.040	1230	4.030	4000	4.090	1400	4.100	13400	4.130	28200	4.160	12800	4.170	11900	/16842787//310442/76170/4.08/4.17//2008-9-18 9:33:35
33/600069/银鸽投资/4.080	2000	4.070	6800	4.060	6100	4.050	100	4.040	1230	4.090	8600	4.100	13400	4.130	28200	4.160	12800	4.170	11900	/16842787//404157/99170/4.09/4.17//2008-9-18 9:34:35
33/600069/银鸽投资/4.070	2100	4.060	5100	4.050	1300	4.040	1230	4.030	5000	4.080	1500	4.090	7900	4.100	13400	4.130	28200	4.160	12800	/16842787//476333/116870/4.08/4.17//2008-9-18 9:35:35
33/600069/银鸽投资/4.060	3100	4.050	1800	4.040	2030	4.030	5000	4.020	15000	4.070	19600	4.080	1500	4.090	9300	4.100	14900	4.130	28200	/16842787//493000/120970/4.06/4.17//2008-9-18 9:36:36
33/600069/银鸽投资/4.050	1405	4.040	1230	4.030	9000	4.020	15000	4.010	17800	4.060	2500	4.070	19600	4.080	6500	4.090	9300	4.100	34400	/16842787//511246/125465/4.06/4.17//2008-9-18 9:37:36
33/600069/银鸽投资/4.030	7330	4.020	15000	4.010	17800	4.000	15600	3.990	200	4.050	2000	4.060	1295	4.070	17100	4.080	7500	4.090	8800	/16842787//570354/140070/4.06/4.17//2008-9-18 9:38:36
33/600069/银鸽投资/4.040	2100	4.030	8730	4.020	15000	4.010	17800	4.000	17700	4.050	2000	4.060	22995	4.070	17100	4.080	6000	4.090	8800	/16842787//554142/136070/4.04/4.17//2008-9-18 9:39:36
33/600069/银鸽投资/4.040	15000	4.030	18830	4.020	15000	4.010	18400	4.000	19100	4.050	300	4.060	21700	4.070	16000	4.080	9000	4.090	8800	/16842787//573564/140870/4.04/4.17//2008-9-18 9:40:36
33/600069/银鸽投资/4.040	3000	4.030	25035	4.020	15600	4.010	18400	4.000	21100	4.050	3200	4.060	3300	4.070	16000	4.080	8000	4.090	8800	/16842787//681468/167565/4.05/4.17//2008-9-18 9:41:37
33/600069/银鸽投资/4.060	5100	4.050	12300	4.040	10800	4.030	28035	4.020	15600	4.070	16000	4.080	8000	4.090	8800	4.100	15700	4.130	1000	/16842787//781934/192365/4.05/4.17//2008-9-18 9:42:37
33/600069/银鸽投资/4.060	11100	4.050	11900	4.040	11000	4.030	29035	4.020	16600	4.070	16000	4.080	8000	4.090	8800	4.100	15700	4.130	1000	/16842787//777474/191265/4.06/4.17//2008-9-18 9:43:37
33/600069/银鸽投资/4.040	6500	4.030	28535	4.020	16600	4.010	19000	4.000	21300	4.050	900	4.070	11700	4.080	11300	4.090	8800	4.100	15700	/16842787//882136/217065/4.05/4.17//2008-9-18 9:44:37
33/600069/银鸽投资/4.050	2600	4.040	6500	4.030	28535	4.020	16600	4.010	19000	4.060	4800	4.070	2200	4.080	6300	4.090	900	4.100	16700	/16842787//925258/227665/4.06/4.17//2008-9-18 9:45:37
33/600069/银鸽投资/4.040	7000	4.030	19535	4.020	16600	4.010	19000	4.000	24100	4.060	11100	4.070	2200	4.080	6300	4.090	900	4.100	16700	/16842787//942284/231865/4.06/4.17//2008-9-18 9:46:38
33/600069/银鸽投资/4.050	9400	4.040	12300	4.030	19535	4.020	16600	4.010	19000	4.060	10000	4.070	2200	4.080	6300	4.090	900	4.100	16700	/16842787//946750/232965/4.06/4.17//2008-9-18 9:47:38
33/600069/银鸽投资/4.060	4700	4.050	14400	4.040	12300	4.030	19535	4.020	17100	4.070	2200	4.080	6300	4.090	900	4.100	16700	4.130	1000	/16842787//991410/243965/4.06/4.17//2008-9-18 9:48:38
33/600069/银鸽投资/4.070	1600	4.060	4800	4.050	14900	4.040	11600	4.030	19535	4.080	14800	4.090	2900	4.100	16700	4.130	1000	4.160	12800	/16842787//1034211/254465/4.08/4.17//2008-9-18 9:49:39
33/600069/银鸽投资/4.060	5700	4.050	16100	4.040	11600	4.030	19535	4.020	17100	4.080	9000	4.090	6900	4.100	26700	4.120	1000	4.130	1000	/16842787//1061912/261265/4.08/4.17//2008-9-18 9:50:39
33/600069/银鸽投资/4.080	5400	4.060	6610	4.050	16100	4.040	11600	4.030	18335	4.090	6400	4.100	26300	4.120	1000	4.130	1000	4.160	12800	/16842787//1114886/274255/4.09/4.17//2008-9-18 9:51:39
33/600069/银鸽投资/4.060	6410	4.050	16100	4.040	11000	4.030	20135	4.020	17100	4.080	4100	4.090	6400	4.100	26300	4.120	1000	4.130	1000	/16842787//1119778/275455/4.08/4.17//2008-9-18 9:52:39
33/600069/银鸽投资/4.060	1410	4.050	16100	4.040	11000	4.030	20435	4.020	17100	4.080	9000	4.090	8100	4.100	26300	4.120	1000	4.130	1000	/16842787//1138038/279955/4.06/4.17//2008-9-18 9:53:40
33/600069/银鸽投资/4.050	12500	4.040	8000	4.030	16135	4.020	17100	4.010	21000	4.060	21336	4.080	11100	4.090	9100	4.100	30300	4.120	1000	/16842787//1161999/285865/4.06/4.17//2008-9-18 9:54:40
33/600069/银鸽投资/4.050	1900	4.040	8000	4.030	15835	4.020	17100	4.010	21000	4.060	19836	4.080	11100	4.090	12100	4.100	30300	4.120	1000	/16842787//1206969/296965/4.05/4.17//2008-9-18 9:55:40
33/600069/银鸽投资/4.040	7500	4.030	15835	4.020	17100	4.010	20000	4.000	24400	4.050	1600	4.060	19836	4.080	8600	4.090	12100	4.100	56200	/16842787//1214664/298865/4.05/4.17//2008-9-18 9:56:41
33/600069/银鸽投资/4.040	17500	4.030	15835	4.020	17100	4.010	20800	4.000	24400	4.050	3200	4.060	19836	4.080	8600	4.090	12100	4.100	59200	/16842787//1222764/300865/4.05/4.17//2008-9-18 9:57:41
33/600069/银鸽投资/4.040	15700	4.030	15835	4.020	16600	4.010	20800	4.000	24400	4.050	2200	4.060	19836	4.080	8600	4.090	11100	4.100	59200	/16842787//1238530/304765/4.04/4.17//2008-9-18 9:58:41
33/600069/银鸽投资/4.040	12200	4.030	15335	4.020	16600	4.010	20800	4.000	24400	4.050	3000	4.060	19836	4.080	8600	4.090	11600	4.100	59200	/16842787//1274945/313765/4.04/4.17//2008-9-18 9:59:41
33/600069/银鸽投资/4.030	14835	4.020	16600	4.010	20800	4.000	24400	3.990	4200	4.040	5000	4.050	5000	4.060	19836	4.080	16600	4.090	11600	/16842787//1327068/326665/4.04/4.17//2008-9-18 10:0:42
33/600069/银鸽投资/4.020	4600	4.010	20800	4.000	24400	3.990	4200	3.980	13600	4.030	4365	4.040	1200	4.050	5000	4.060	19836	4.080	14700	/16842787//1453707/358100/4.02/4.17//2008-9-18 10:1:42
33/600069/银鸽投资/4.000	23700	3.990	4200	3.980	13600	3.960	2300	3.950	6300	4.010	51000	4.020	3400	4.040	1200	4.050	10000	4.060	19836	/16842787//1581732/390000/4.0/4.02//2008-9-18 10:2:42
33/600069/银鸽投资/3.950	4300	3.940	5000	3.930	1000	3.920	22700	3.910	8300	3.990	6700	4.000	13300	4.010	42000	4.020	100	4.040	1200	/16842787//1799657/444600/3.99/4.02//2008-9-18 10:3:42
33/600069/银鸽投资/3.960	8000	3.950	5500	3.940	10000	3.930	14000	3.920	22700	3.980	900	3.990	4600	4.000	4676	4.010	42000	4.020	100	/16842787//1824197/450800/3.96/4.02//2008-9-18 10:4:43
33/600069/银鸽投资/3.960	9900	3.950	20600	3.940	11500	3.930	14000	3.920	22700	3.990	4600	4.000	5976	4.010	42000	4.020	100	4.040	1200	/16842787//1830951/452500/3.96/4.02//2008-9-18 10:5:43
33/600069/银鸽投资/3.970	29900	3.960	15700	3.950	21400	3.940	11500	3.930	14000	3.980	3400	3.990	4600	4.000	13076	4.010	42000	4.020	100	/16842787//1842073/455300/3.97/4.02//2008-9-18 10:6:43
33/600069/银鸽投资/3.980	6800	3.970	22900	3.960	16400	3.950	23100	3.940	11500	3.990	11100	4.000	16176	4.010	42000	4.020	100	4.040	1200	/16842787//1895305/468700/3.98/4.02//2008-9-18 10:7:44
33/600069/银鸽投资/3.980	7400	3.970	22900	3.960	16500	3.950	24300	3.940	11500	3.990	11100	4.000	16376	4.010	42000	4.020	100	4.040	1200	/16842787//1910031/472400/3.98/4.02//2008-9-18 10:8:44
33/600069/银鸽投资/3.970	13900	3.960	24500	3.950	22800	3.940	11500	3.930	1500	3.990	12900	4.000	15376	4.010	42000	4.020	100	4.030	1000	/16842787//2027814/502000/3.97/4.02//2008-9-18 10:9:44
33/600069/银鸽投资/3.980	2000	3.970	13900	3.960	24500	3.950	25500	3.940	11500	3.990	8500	4.000	15376	4.010	42000	4.020	100	4.030	1000	/16842787//2045370/506400/3.99/4.02//2008-9-18 10:10:44
33/600069/银鸽投资/3.980	3000	3.970	13900	3.960	24900	3.950	26400	3.940	11500	3.990	2200	4.000	15376	4.010	41000	4.030	1000	4.040	1200	/16842787//2070507/512700/3.99/4.02//2008-9-18 10:11:45
33/600069/银鸽投资/3.990	800	3.980	4600	3.970	13900	3.960	24900	3.950	26400	4.000	22800	4.010	41000	4.030	1000	4.040	1200	4.050	9300	/16842787//2079285/514900/3.99/4.02//2008-9-18 10:12:45
33/600069/银鸽投资/3.980	2900	3.970	13900	3.960	24900	3.950	26800	3.940	11500	3.990	1500	4.000	23000	4.010	41000	4.030	1000	4.040	1000	/16842787//2084871/516300/3.99/4.02//2008-9-18 10:13:45
33/600069/银鸽投资/3.980	2900	3.970	12200	3.960	24900	3.950	26900	3.940	11500	3.990	1100	4.000	24000	4.010	31000	4.030	1000	4.040	1000	/16842787//2104821/521300/3.99/4.02//2008-9-18 10:14:46
33/600069/银鸽投资/3.980	3200	3.970	12200	3.960	26400	3.950	27200	3.940	11500	3.990	400	4.000	24500	4.010	31000	4.030	1000	4.040	1000	/16842787//2108412/522200/3.99/4.02//2008-9-18 10:15:46
33/600069/银鸽投资/3.980	2500	3.970	12200	3.960	26400	3.950	27200	3.940	11500	3.990	1400	4.000	23900	4.010	31000	4.030	1000	4.040	1000	/16842787//2111604/523000/3.99/4.02//2008-9-18 10:16:46
33/600069/银鸽投资/3.990	2100	3.980	300	3.950	20300	3.940	11500	3.930	1500	4.000	16100	4.010	31000	4.030	1000	4.040	1000	4.050	9300	/16842787//2317333/574900/4.0/4.02//2008-9-18 10:17:47
33/600069/银鸽投资/3.990	36300	3.960	3000	3.950	5000	3.940	11500	3.930	1500	4.000	3700	4.010	31000	4.030	1000	4.050	9300	4.080	4900	/16842787//2495794/619900/4.0/4.02//2008-9-18 10:18:47
33/600069/银鸽投资/4.000	8800	3.990	1400	3.960	13400	3.950	11400	3.940	11500	4.010	29100	4.030	1000	4.050	9300	4.080	4900	4.090	13600	/16842787//2673882/664500/4.01/4.02//2008-9-18 10:19:47
33/600069/银鸽投资/4.000	12400	3.990	4700	3.960	15400	3.950	11400	3.940	11500	4.010	12000	4.030	1000	4.050	9300	4.080	6900	4.090	13600	/16842787//2726434/677600/4.01/4.02//2008-9-18 10:20:48
33/600069/银鸽投资/4.010	19200	4.000	13300	3.990	5200	3.970	3200	3.960	15400	4.040	600	4.050	4300	4.080	6900	4.090	13600	4.100	19200	/16842787//2777756/690400/4.01/4.02//2008-9-18 10:21:48
33/600069/银鸽投资/4.010	1000	4.000	13300	3.990	5200	3.980	500	3.970	3200	4.050	13700	4.060	1000	4.080	12800	4.090	13600	4.100	19200	/16842787//2835530/704800/4.01/4.02//2008-9-18 10:22:48
33/600069/银鸽投资/3.990	5300	3.980	500	3.970	3200	3.960	15400	3.950	9700	4.000	5400	4.010	2000	4.040	1700	4.050	13700	4.060	4000	/16842787//2955554/734800/4.0/4.02//2008-9-18 10:23:48
33/600069/银鸽投资/3.980	500	3.970	3900	3.960	17600	3.950	9700	3.940	11500	3.990	10500	4.000	10500	4.010	2000	4.040	13700	4.050	22700	/16842787//2913501/724300/3.99/4.02//2008-9-18 10:24:49
33/600069/银鸽投资/3.970	4900	3.960	17600	3.950	9700	3.940	11500	3.930	1500	3.980	2000	3.990	10500	4.000	11000	4.010	3576	4.040	14000	/16842787//2913501/724300/3.99/4.02//2008-9-18 10:25:49
33/600069/银鸽投资/3.960	2200	3.950	9700	3.940	11500	3.930	31500	3.920	23300	3.990	11400	4.000	9900	4.010	2000	4.040	14000	4.050	27300	/16842787//3059606/761100/3.96/4.02//2008-9-18 10:26:49
33/600069/银鸽投资/3.980	8000	3.960	18800	3.950	11700	3.940	12000	3.930	1500	3.990	11400	4.000	6500	4.010	2000	4.030	4900	4.040	14000	/16842787//3067566/763100/3.98/4.02//2008-9-18 10:27:50
33/600069/银鸽投资/3.960	24000	3.950	21700	3.940	12800	3.930	1500	3.920	26300	3.980	4699	3.990	1400	4.000	6500	4.010	2500	4.030	4900	/16842787//3151246/784100/3.98/4.02//2008-9-18 10:28:50
33/600069/银鸽投资/3.980	2301	3.970	1800	3.960	24000	3.950	21700	3.940	12800	3.990	1400	4.000	6500	4.010	2500	4.030	4900	4.040	14000	/16842787//3157988/785799/3.98/4.02//2008-9-18 10:29:50
33/600069/银鸽投资/3.980	801	3.970	1800	3.960	24100	3.950	21700	3.940	12800	3.990	1400	4.000	6500	4.010	2500	4.020	1000	4.030	4900	/16842787//3163958/787299/3.98/4.02//2008-9-18 10:30:51
33/600069/银鸽投资/3.980	100	3.960	701	3.950	19700	3.940	12800	3.930	1500	3.990	500	4.000	6500	4.010	2500	4.020	1000	4.030	4900	/16842787//3288005/818599/3.98/4.02//2008-9-18 10:31:51
33/600069/银鸽投资/3.960	6701	3.950	20700	3.940	12800	3.930	1500	3.920	6300	3.980	30100	3.990	500	4.000	6500	4.010	2500	4.030	4900	/16842787//3290393/819199/3.98/4.02//2008-9-18 10:32:51
33/600069/银鸽投资/3.970	1200	3.960	5801	3.950	20800	3.940	12800	3.930	1500	3.980	6900	3.990	500	4.000	6500	4.010	2500	4.030	4900	/16842787//3333557/830099/3.96/4.02//2008-9-18 10:33:52
33/600069/银鸽投资/3.960	1000	3.950	10800	3.940	5300	3.930	1500	3.920	16400	3.970	9800	3.980	1200	3.990	500	4.000	7500	4.010	2500	/16842787//3355831/835699/3.97/4.02//2008-9-18 10:34:52
33/600069/银鸽投资/3.960	2200	3.950	10800	3.940	5300	3.930	9400	3.920	16400	3.970	7300	3.980	1200	3.990	500	4.000	7500	4.010	2500	/16842787//3368115/838799/3.96/4.02//2008-9-18 10:35:52
33/600069/银鸽投资/3.970	500	3.960	7000	3.950	9800	3.940	5300	3.930	14400	3.980	1800	3.990	500	4.000	27100	4.010	2500	4.030	5000	/16842787//3441844/857399/3.97/4.02//2008-9-18 10:36:53
33/600069/银鸽投资/3.960	2900	3.950	9800	3.940	15300	3.930	14400	3.920	16400	3.980	1800	3.990	500	4.000	27100	4.010	2500	4.030	5000	/16842787//3460065/861999/3.96/4.02//2008-9-18 10:37:53
33/600069/银鸽投资/3.960	3100	3.950	9800	3.940	16300	3.930	14400	3.920	16400	3.980	1800	3.990	500	4.000	27100	4.010	2500	4.030	5000	/16842787//3478677/866699/3.96/4.02//2008-9-18 10:38:53
33/600069/银鸽投资/3.960	3100	3.950	26800	3.940	16300	3.930	14400	3.920	16400	3.980	1800	3.990	9389	4.000	27100	4.010	2500	4.030	5000	/16842787//3481845/867499/3.96/4.02//2008-9-18 10:39:54
33/600069/银鸽投资/3.960	7000	3.950	26800	3.940	15800	3.930	14400	3.920	16600	3.970	1000	3.980	1800	3.990	9389	4.000	27100	4.010	2500	/16842787//3504031/873099/3.97/4.02//2008-9-18 10:40:54
33/600069/银鸽投资/3.960	9000	3.950	27300	3.940	15800	3.930	14400	3.920	16600	3.970	500	3.980	1800	3.990	9389	4.000	27100	4.010	2500	/16842787//3509189/874399/3.97/4.02//2008-9-18 10:41:54
33/600069/银鸽投资/3.970	7300	3.960	14000	3.950	11500	3.940	5800	3.930	14400	3.980	25000	3.990	9389	4.000	27100	4.010	2500	4.030	5000	/16842787//3509189/874399/3.97/4.02//2008-9-18 10:42:55
33/600069/银鸽投资/3.970	4300	3.960	8400	3.950	11500	3.940	4800	3.930	14400	3.980	20600	3.990	9389	4.000	27100	4.010	2500	4.030	5000	/16842787//3542591/882799/3.97/4.02//2008-9-18 10:43:55
33/600069/银鸽投资/3.960	5100	3.950	11500	3.940	4800	3.930	14400	3.920	16600	3.970	5200	3.980	20600	3.990	9389	4.000	27100	4.010	4500	/16842787//3567602/889099/3.97/4.02//2008-9-18 10:44:56
33/600069/银鸽投资/3.940	5100	3.930	14400	3.920	16600	3.910	14500	3.900	49400	3.950	6800	3.970	5100	3.980	20600	3.990	9389	4.000	27900	/16842787//3633620/905799/3.95/4.02//2008-9-18 10:45:56
33/600069/银鸽投资/3.920	16600	3.910	14500	3.900	49900	3.890	15000	3.880	600	3.930	7300	3.940	11000	3.950	6700	3.970	5200	3.990	9389	/16842787//3729600/930199/3.93/4.02//2008-9-18 10:46:56
33/600069/银鸽投资/3.870	3800	3.860	1800	3.850	6400	3.840	6000	3.810	7100	3.880	600	3.890	16300	3.930	30000	3.940	11000	3.950	6700	/16842787//4106628/1026899/3.87/4.02//2008-9-18 10:47:57
33/600069/银鸽投资/3.880	4700	3.840	1100	3.820	2000	3.810	12100	3.800	16200	3.890	2700	3.930	28000	3.940	11000	3.950	6700	3.970	5200	/16842787//4267021/1068299/3.89/4.02//2008-9-18 10:48:57
33/600069/银鸽投资/3.890	2400	3.880	4100	3.850	2000	3.840	1100	3.820	9000	3.930	29500	3.950	7700	3.970	5200	3.980	2000	3.990	11989	/16842787//4294631/1075399/3.89/4.02//2008-9-18 10:49:57
33/600069/银鸽投资/3.850	2000	3.840	1100	3.830	1000	3.820	49000	3.810	24400	3.880	500	3.920	12900	3.930	31500	3.950	1000	3.970	5200	/16842787//4342218/1087648/3.88/4.02//2008-9-18 10:50:58
33/600069/银鸽投资/3.850	5000	3.840	21100	3.830	15000	3.820	49400	3.810	24400	3.880	57500	3.920	12900	3.930	27500	3.950	3500	3.970	5200	/16842787//4350604/1089848/3.85/4.02//2008-9-18 10:51:58
33/600069/银鸽投资/3.850	2300	3.840	21100	3.830	15000	3.820	49400	3.810	12100	3.860	3300	3.880	57500	3.890	1500	3.900	500	3.920	11900	/16842787//4455771/1117148/3.86/4.02//2008-9-18 10:52:58
33/600069/银鸽投资/3.850	2800	3.840	11100	3.830	15000	3.820	50200	3.810	15100	3.860	2400	3.880	57500	3.890	1500	3.900	500	3.920	12800	/16842787//4500440/1128748/3.85/4.02//2008-9-18 10:53:59
33/600069/银鸽投资/3.860	5100	3.850	3300	3.840	11100	3.830	15000	3.820	50200	3.880	56300	3.890	1500	3.900	500	3.920	11900	3.930	58000	/16842787//4561880/1144648/3.88/4.02//2008-9-18 10:54:59
33/600069/银鸽投资/3.880	12700	3.860	5100	3.850	3800	3.840	11100	3.830	15000	3.890	1500	3.900	700	3.920	11900	3.930	26000	3.950	7500	/16842787//4772572/1198948/3.88/4.02//2008-9-18 10:56:0
33/600069/银鸽投资/3.890	500	3.880	11500	3.870	1000	3.860	5200	3.850	4800	3.900	700	3.910	1700	3.920	11900	3.930	24000	3.950	7500	/16842787//4783063/1201648/3.89/4.02//2008-9-18 10:57:0
33/600069/银鸽投资/3.880	11500	3.870	5300	3.860	5200	3.850	5400	3.840	11100	3.890	18200	3.900	500	3.910	1700	3.920	900	3.930	24000	/16842787//4804876/1207248/3.89/4.02//2008-9-18 10:58:0
33/600069/银鸽投资/3.870	5000	3.860	5600	3.850	7000	3.840	11100	3.830	15000	3.880	12799	3.890	18600	3.900	500	3.910	1700	3.920	3000	/16842787//4847547/1218248/3.88/4.02//2008-9-18 10:59:1
33/600069/银鸽投资/3.860	5600	3.850	7000	3.840	11100	3.830	15000	3.820	19800	3.870	18000	3.880	13399	3.890	18600	3.900	5500	3.910	1700	/16842787//4873478/1224948/3.87/4.02//2008-9-18 11:0:1
33/600069/银鸽投资/3.840	14400	3.830	15000	3.820	19800	3.810	13100	3.800	28800	3.850	10898	3.860	7000	3.870	18000	3.880	7200	3.890	11000	/16842787//4952894/1245548/3.85/4.02//2008-9-18 11:1:2
33/600069/银鸽投资/3.840	2300	3.830	15000	3.820	19800	3.810	12100	3.800	29800	3.850	4798	3.860	7400	3.870	19000	3.880	6100	3.890	11000	/16842787//5031342/1265948/3.85/4.02//2008-9-18 11:2:2
33/600069/银鸽投资/3.850	3902	3.840	3000	3.830	15000	3.820	22800	3.810	13100	3.860	7900	3.870	19000	3.880	6100	3.890	11000	3.900	16100	/16842787//5079368/1278446/3.85/4.02//2008-9-18 11:3:2
33/600069/银鸽投资/3.870	23100	3.850	4502	3.840	3000	3.830	15000	3.820	22800	3.880	5100	3.890	11000	3.900	6100	3.910	1700	3.920	1900	/16842787//5182652/1305146/3.88/4.02//2008-9-18 11:4:3
33/600069/银鸽投资/3.870	19100	3.850	6502	3.840	3000	3.830	15000	3.820	22800	3.880	2200	3.890	11000	3.900	5600	3.910	1700	3.920	1900	/16842787//5215980/1313746/3.88/4.02//2008-9-18 11:5:3
33/600069/银鸽投资/3.880	1200	3.870	19600	3.850	7102	3.840	7100	3.830	15000	3.890	12000	3.900	5000	3.910	1700	3.920	1900	3.930	4000	/16842787//5233047/1318146/3.88/4.02//2008-9-18 11:6:4
33/600069/银鸽投资/3.880	1200	3.870	1000	3.860	1000	3.850	6502	3.840	7100	3.890	12000	3.900	5000	3.910	1700	3.920	1900	3.930	4000	/16842787//5233047/1318146/3.88/4.02//2008-9-18 11:7:4
33/600069/银鸽投资/3.890	100	3.880	4600	3.870	1000	3.860	1000	3.850	8502	3.910	2000	3.920	1900	3.930	4000	3.950	5900	3.970	5100	/16842787//5299248/1335146/3.91/4.02//2008-9-18 11:8:4
33/600069/银鸽投资/3.900	1300	3.890	2800	3.880	5100	3.870	1000	3.860	3000	3.910	500	3.920	1900	3.930	4000	3.950	5900	3.970	5100	/16842787//5326618/1342146/3.91/4.02//2008-9-18 11:9:5
33/600069/银鸽投资/3.890	2800	3.880	4600	3.870	1000	3.860	5000	3.850	8502	3.900	1300	3.910	30500	3.920	900	3.930	4000	3.950	5900	/16842787//5321518/1340846/3.9/4.02//2008-9-18 11:10:5
33/600069/银鸽投资/3.880	4100	3.870	1000	3.860	5000	3.850	8502	3.840	9800	3.890	7200	3.900	1900	3.910	30500	3.920	900	3.930	4000	/16842787//5344862/1346846/3.89/4.02//2008-9-18 11:11:6
33/600069/银鸽投资/3.880	2100	3.870	1000	3.860	5000	3.850	8502	3.840	9800	3.890	7700	3.900	1900	3.910	60500	3.920	900	3.930	4000	/16842787//5343675/1346546/3.88/4.02//2008-9-18 11:12:6
33/600069/银鸽投资/3.870	1000	3.860	11000	3.850	8502	3.840	9800	3.830	14000	3.880	5300	3.890	7600	3.900	4200	3.910	30500	3.920	900	/16842787//5352212/1348746/3.88/4.02//2008-9-18 11:13:7
33/600069/银鸽投资/3.860	10000	3.850	8502	3.840	5800	3.830	14000	3.820	13700	3.870	900	3.880	1500	3.890	6600	3.900	7300	3.910	30500	/16842787//5378566/1355546/3.87/4.02//2008-9-18 11:14:7
33/600069/银鸽投资/3.860	7000	3.850	9502	3.840	5800	3.830	14000	3.820	13700	3.870	2000	3.880	400	3.900	7300	3.910	30500	3.920	900	/16842787//5405637/1362546/3.87/4.02//2008-9-18 11:15:7
33/600069/银鸽投资/3.870	28800	3.860	1000	3.850	9502	3.840	5800	3.830	14400	3.880	400	3.900	8700	3.910	30500	3.920	900	3.930	4000	/16842787//5432667/1369546/3.87/4.02//2008-9-18 11:16:8
33/600069/银鸽投资/3.870	25400	3.860	2000	3.850	7100	3.840	5800	3.830	7400	3.900	8700	3.910	30500	3.920	900	3.930	4000	3.950	3400	/16842787//5471010/1379446/3.87/4.02//2008-9-18 11:17:8
33/600069/银鸽投资/3.880	2400	3.870	25400	3.860	2000	3.850	7100	3.840	5800	3.890	300	3.900	8700	3.910	30500	3.920	900	3.930	4000	/16842787//5471010/1379446/3.87/4.02//2008-9-18 11:18:9
33/600069/银鸽投资/3.890	6725	3.880	1400	3.870	25400	3.860	2000	3.850	7100	3.900	9400	3.910	30500	3.920	900	3.930	4000	3.950	4900	/16842787//5473678/1380121/3.89/4.02//2008-9-18 11:19:9
33/600069/银鸽投资/3.880	1400	3.870	25000	3.860	2000	3.850	7100	3.840	5800	3.890	5251	3.900	17600	3.910	30500	3.920	900	3.930	4000	/16842787//5519324/1391846/3.89/4.02//2008-9-18 11:20:10
33/600069/银鸽投资/3.880	28200	3.870	25000	3.860	2000	3.850	7600	3.840	5800	3.900	1010	3.910	8351	3.920	900	3.930	4000	3.950	4900	/16842787//5714543/1441846/3.91/4.02//2008-9-18 11:21:10
33/600069/银鸽投资/3.900	100	3.880	28700	3.870	24800	3.860	2000	3.850	7600	3.910	3861	3.920	900	3.930	4000	3.950	4900	3.970	5100	/16842787//5743820/1449346/3.9/4.02//2008-9-18 11:22:10
33/600069/银鸽投资/3.880	3000	3.870	24800	3.860	2000	3.850	7800	3.840	5800	3.900	7000	3.910	11861	3.920	900	3.930	4000	3.950	4900	/16842787//5944032/1500946/3.88/4.02//2008-9-18 11:23:11
33/600069/银鸽投资/3.870	25600	3.860	2000	3.850	4700	3.840	3800	3.820	14300	3.880	1300	3.900	8000	3.910	11861	3.920	900	3.930	4000	/16842787//5855566/1478146/3.88/4.02//2008-9-18 11:24:11
33/600069/银鸽投资/3.860	2200	3.850	6700	3.840	3800	3.820	12300	3.810	18600	3.870	7600	3.880	6300	3.900	9000	3.910	11861	3.920	900	/16842787//5954638/1503746/3.87/4.02//2008-9-18 11:25:12
33/600069/银鸽投资/3.850	2600	3.840	3800	3.820	12300	3.810	18600	3.800	38300	3.860	1700	3.880	7300	3.900	3300	3.920	900	3.930	4000	/16842787//5988159/1512446/3.86/4.02//2008-9-18 11:26:12
33/600069/银鸽投资/3.840	3200	3.820	12300	3.810	16600	3.800	38300	3.790	1000	3.860	9100	3.880	7000	3.900	2000	3.920	900	3.930	4000	/16842787//6020477/1520846/3.84/4.02//2008-9-18 11:27:13
33/600069/银鸽投资/3.820	13300	3.810	16600	3.800	38300	3.790	1700	3.780	71800	3.840	1900	3.860	7700	3.880	1000	3.900	2000	3.920	900	/16842787//6060825/1531346/3.84/4.02//2008-9-18 11:28:13
33/600069/银鸽投资/3.830	44900	3.820	7800	3.810	18100	3.800	31100	3.790	1700	3.850	500	3.860	10000	3.880	1000	3.900	7000	3.920	900	/16842787//6143139/1552846/3.83/4.02//2008-9-18 11:29:14
33/600069/银鸽投资/3.840	1739	3.830	44900	3.820	7800	3.810	18100	3.800	31100	3.850	1400	3.880	1000	3.900	7000	3.930	4000	3.950	7400	/16842787//6154509/1555807/3.84/4.02//2008-9-18 11:30:14
33/600069/银鸽投资/3.840	1739	3.830	44900	3.820	7800	3.810	18100	3.800	31100	3.850	1400	3.880	1000	3.900	7000	3.930	4000	3.950	7400	/16842787//6154509/1555807/3.84/4.02//2008-9-18 11:31:15
33/600069/银鸽投资/3.830	11902	3.820	10800	3.810	16100	3.800	32800	3.790	700	3.840	24190	3.850	900	3.860	600	3.880	1000	3.900	8000	/16842787//6414865/1623744/3.83/4.02//2008-9-18 13:1:15
33/600069/银鸽投资/3.840	5900	3.830	1329	3.820	10800	3.810	16600	3.800	32800	3.850	900	3.860	600	3.880	1000	3.900	8000	3.930	7660	/16842787//6697947/1697517/3.83/4.02//2008-9-18 13:2:16
33/600069/银鸽投资/3.840	3900	3.830	1329	3.820	10800	3.810	16600	3.800	30400	3.850	900	3.860	600	3.880	1000	3.900	8000	3.930	7660	/16842787//6624704/1678417/3.84/4.02//2008-9-18 13:3:16
33/600069/银鸽投资/3.840	8700	3.830	7329	3.820	10900	3.810	22200	3.800	30400	3.850	1400	3.860	600	3.880	1000	3.900	8000	3.930	7660	/16842787//6629312/1679617/3.84/4.02//2008-9-18 13:4:17
33/600069/银鸽投资/3.840	8300	3.830	10529	3.820	10900	3.810	23400	3.800	30400	3.860	600	3.880	1000	3.900	8000	3.930	7660	3.950	8600	/16842787//6638548/1682017/3.84/4.02//2008-9-18 13:5:17
33/600069/银鸽投资/3.840	1000	3.800	12569	3.790	700	3.780	67700	3.770	3300	3.850	1200	3.860	600	3.880	1000	3.900	8200	3.930	7660	/16842787//6928496/1757977/3.8/4.02//2008-9-18 13:6:18
33/600069/银鸽投资/3.810	6000	3.800	15069	3.790	700	3.780	67700	3.770	3300	3.830	1900	3.840	10400	3.850	1200	3.860	600	3.880	1000	/16842787//6981487/1771777/3.83/4.02//2008-9-18 13:7:18
33/600069/银鸽投资/3.830	8200	3.810	8200	3.800	17269	3.790	45200	3.780	66700	3.840	10400	3.850	1200	3.860	600	3.880	1000	3.900	8400	/16842787//6992594/1774677/3.83/4.02//2008-9-18 13:8:19
33/600069/银鸽投资/3.830	5200	3.810	8200	3.800	17969	3.790	45200	3.780	66700	3.840	9300	3.850	1200	3.860	600	3.880	1000	3.900	8400	/16842787//7011764/1779677/3.83/4.02//2008-9-18 13:9:19
33/600069/银鸽投资/3.830	12000	3.810	8500	3.800	19969	3.790	45200	3.780	66700	3.840	9100	3.850	1200	3.860	600	3.880	1000	3.900	8400	/16842787//7047002/1788877/3.83/4.02//2008-9-18 13:10:20
33/600069/银鸽投资/3.810	9600	3.800	17969	3.790	45200	3.780	66700	3.770	3000	3.830	6100	3.840	7000	3.850	1200	3.860	600	3.880	1000	/16842787//7101026/1802977/3.83/4.02//2008-9-18 13:11:20
33/600069/银鸽投资/3.810	5100	3.800	19069	3.790	60200	3.780	67700	3.770	18000	3.820	100	3.830	6000	3.840	7000	3.850	1200	3.860	600	/16842787//7118935/1807677/3.83/4.02//2008-9-18 13:12:21
33/600069/银鸽投资/3.800	15200	3.790	32369	3.780	68300	3.770	20000	3.760	32200	3.810	1300	3.820	100	3.830	6000	3.840	7000	3.860	600	/16842787//7316308/1859677/3.79/4.02//2008-9-18 13:13:21
33/600069/银鸽投资/3.810	1800	3.800	15800	3.790	31869	3.780	68900	3.770	20000	3.820	3300	3.830	6000	3.840	7000	3.850	3660	3.860	600	/16842787//7329645/1863177/3.82/4.02//2008-9-18 13:14:22
33/600069/银鸽投资/3.800	11700	3.790	35869	3.780	68900	3.770	20000	3.760	33000	3.810	11300	3.820	3300	3.830	6000	3.840	6600	3.850	3660	/16842787//7359313/1870977/3.8/4.02//2008-9-18 13:15:22
33/600069/银鸽投资/3.790	6899	3.780	68900	3.770	20000	3.760	33000	3.750	313800	3.800	22800	3.810	12300	3.820	15100	3.830	6000	3.840	6600	/16842787//7562489/1924547/3.8/4.02//2008-9-18 13:16:23
33/600069/银鸽投资/3.780	67100	3.770	20000	3.760	41400	3.750	314300	0.000	0	3.800	3101	3.810	12300	3.820	19100	3.840	6600	3.850	3660	/16842787//7601138/1934746/3.78/4.02//2008-9-18 13:17:23
33/600069/银鸽投资/3.790	1400	3.780	62500	3.770	20500	3.760	44700	3.750	330500	3.800	3101	3.810	12300	3.820	15100	3.840	6600	3.850	3660	/16842787//7628732/1942046/3.78/4.02//2008-9-18 13:18:24
33/600069/银鸽投资/3.790	5050	3.780	62700	3.770	20500	3.760	46700	3.750	331500	3.800	601	3.810	11300	3.820	15100	3.840	6600	3.850	3660	/16842787//7642970/1945796/3.8/4.02//2008-9-18 13:19:24
33/600069/银鸽投资/3.790	8750	3.780	63300	3.770	20500	3.760	46900	3.750	320400	3.800	5801	3.810	11300	3.820	15100	3.840	6200	3.850	3660	/16842787//0/0/3.8/4.02//2008-9-18 13:20:25
33/600069/银鸽投资/3.800	10999	3.790	10150	3.780	63300	3.770	20500	3.760	46900	3.810	9500	3.820	15100	3.840	6200	3.850	3660	3.860	600	/16842787//7690470/1958297/3.81/4.02//2008-9-18 13:21:25
33/600069/银鸽投资/3.810	400	3.800	19199	3.790	10150	3.780	65300	3.770	20500	3.820	15100	3.840	6200	3.850	3660	3.860	4600	3.880	1000	/16842787//7726665/1967797/3.81/4.02//2008-9-18 13:22:26
33/600069/银鸽投资/3.820	10500	3.810	400	3.800	26499	3.790	10150	3.780	65300	3.840	5300	3.860	4600	3.880	1000	3.900	8200	3.930	4000	/16842787//7728951/1968397/3.81/4.02//2008-9-18 13:23:26
33/600069/银鸽投资/3.850	20700	3.840	1300	3.820	11000	3.810	900	3.800	26499	3.860	4600	3.880	11000	3.900	8200	3.930	4000	3.950	14260	/16842787//7773967/1980097/3.85/4.02//2008-9-18 13:24:27
33/600069/银鸽投资/3.860	400	3.850	21000	3.820	2000	3.810	3900	3.800	46299	3.880	1000	3.900	8200	3.930	26600	3.950	14260	3.970	5100	/16842787//7791723/1984697/3.86/4.02//2008-9-18 13:25:27
33/600069/银鸽投资/3.850	19700	3.820	2000	3.810	13900	3.800	46299	3.790	10150	3.880	4000	3.890	15000	3.900	8200	3.920	1000	3.930	26600	/16842787//7807196/1988697/3.88/4.02//2008-9-18 13:26:28
33/600069/银鸽投资/3.810	14400	3.800	46299	3.790	10150	3.780	33200	3.770	20500	3.850	300	3.880	6000	3.890	15500	3.900	8200	3.920	1000	/16842787//7894561/2011397/3.82/4.02//2008-9-18 13:27:28
33/600069/银鸽投资/3.850	1000	3.830	100	3.820	1200	3.810	14400	3.800	46299	3.870	1000	3.880	6000	3.890	15500	3.900	10200	3.920	2300	/16842787//7895716/2011697/3.85/4.02//2008-9-18 13:28:29
33/600069/银鸽投资/3.830	1900	3.820	13400	3.810	14400	3.800	26499	3.790	10150	3.850	6800	3.880	7000	3.890	15500	3.900	10200	3.920	2300	/16842787//7907286/2014697/3.85/4.02//2008-9-18 13:29:29
33/600069/银鸽投资/3.830	5000	3.820	16400	3.810	14600	3.800	26499	3.790	10150	3.840	1000	3.850	8500	3.880	8000	3.890	15500	3.900	10200	/16842787//7929486/2020497/3.83/4.02//2008-9-18 13:30:30
33/600069/银鸽投资/3.850	6700	3.840	8000	3.830	5000	3.820	16400	3.810	14600	3.860	1000	3.880	8000	3.890	15500	3.900	10200	3.920	2300	/16842787//7967971/2030497/3.85/4.02//2008-9-18 13:31:30
33/600069/银鸽投资/3.860	3500	3.850	6600	3.840	8000	3.830	5000	3.820	14400	3.880	1500	3.890	15000	3.900	13860	3.920	2300	3.930	8100	/16842787//7985796/2035097/3.88/4.02//2008-9-18 13:32:31
33/600069/银鸽投资/3.890	11000	3.880	4000	3.870	500	3.860	11000	3.850	6600	3.900	8200	3.920	2300	3.930	8100	3.950	7400	3.970	6100	/16842787//8091200/2062197/3.89/4.02//2008-9-18 13:33:31
33/600069/银鸽投资/3.900	3900	3.890	11000	3.880	4000	3.870	500	3.860	1000	3.920	1000	3.930	8100	3.950	7400	3.970	6100	3.980	3700	/16842787//8113926/2067997/3.9/4.02//2008-9-18 13:34:32
33/600069/银鸽投资/3.910	1500	3.900	5900	3.890	800	3.880	100	3.870	500	3.920	3200	3.930	8100	3.950	6900	3.970	6100	3.980	5700	/16842787//8129278/2071897/3.91/4.02//2008-9-18 13:35:32
33/600069/银鸽投资/3.900	2913	3.890	3800	3.880	100	3.870	500	3.860	1000	3.920	500	3.930	7200	3.950	6900	3.970	7100	3.980	5700	/16842787//8192514/2088084/3.9/4.02//2008-9-18 13:36:33
33/600069/银鸽投资/3.870	1500	3.860	1000	3.850	6600	3.820	11200	3.810	13600	3.880	13487	3.920	1000	3.930	3200	3.950	6900	3.970	7100	/16842787//8264815/2106597/3.88/4.02//2008-9-18 13:37:34
33/600069/银鸽投资/3.920	200	3.890	4600	3.880	26900	3.870	7600	3.860	1000	3.930	3200	3.950	6900	3.960	2000	3.970	7100	3.980	5700	/16842787//8328905/2123084/3.92/4.02//2008-9-18 13:38:34
33/600069/银鸽投资/3.890	12300	3.880	4900	3.870	7100	3.860	1000	3.850	6600	3.910	900	3.920	6500	3.930	4600	3.950	6900	3.960	2000	/16842787//8360265/2131084/3.92/4.02//2008-9-18 13:39:35
33/600069/银鸽投资/3.900	600	3.890	17300	3.880	2000	3.870	7100	3.860	2200	3.920	2900	3.930	4600	3.950	7000	3.960	2000	3.970	7100	/16842787//8399456/2141084/3.92/4.02//2008-9-18 13:40:35
33/600069/银鸽投资/3.920	1200	3.900	33300	3.890	17300	3.880	2000	3.870	7100	3.930	3100	3.940	12000	3.950	9000	3.960	2000	3.970	7100	/16842787//8424936/2147584/3.92/4.02//2008-9-18 13:41:36
33/600069/银鸽投资/3.920	3200	3.900	6000	3.890	17300	3.880	2000	3.870	10600	3.930	2300	3.940	5100	3.950	7000	3.960	2000	3.970	7100	/16842787//8640199/2202584/3.94/4.02//2008-9-18 13:42:36
33/600069/银鸽投资/3.940	4000	3.930	1000	3.910	100	3.890	17300	3.880	2000	3.950	7000	3.960	2000	3.970	7100	3.980	9360	3.990	45680	/16842787//8876503/2262784/3.94/4.02//2008-9-18 13:43:37
33/600069/银鸽投资/3.950	12800	3.940	9000	3.930	1000	3.920	1000	3.910	300	3.960	2000	3.970	7100	3.980	7400	3.990	45680	4.000	50900	/16842787//8884453/2264784/3.95/4.02//2008-9-18 13:44:37
33/600069/银鸽投资/3.960	500	3.950	3200	3.940	9000	3.930	1000	3.920	1000	3.980	7100	3.990	24080	4.000	40300	4.010	2500	4.030	5700	/16842787//8988600/2291084/3.95/4.02//2008-9-18 13:45:38
33/600069/银鸽投资/3.980	1000	3.960	800	3.950	18200	3.940	9000	3.930	1000	4.000	41100	4.010	2500	4.030	5700	4.050	20000	4.060	1000	/16842787//9084438/2315084/4.0/4.02//2008-9-18 13:46:39
33/600069/银鸽投资/4.000	28700	3.990	22200	3.980	2200	3.960	12800	3.950	23000	4.010	500	4.030	5700	4.040	21600	4.050	20000	4.060	1000	/16842787//9300430/2369084/4.01/4.02//2008-9-18 13:47:39
33/600069/银鸽投资/3.990	20200	3.980	5500	3.960	12500	3.950	23000	3.940	6000	4.000	2300	4.010	22900	4.020	10000	4.030	11400	4.040	21600	/16842787//9428231/2400984/4.0/4.02//2008-9-18 13:48:40
33/600069/银鸽投资/3.980	6600	3.960	12500	3.950	23000	3.940	6000	3.920	1000	3.990	5900	4.000	9700	4.010	12100	4.020	10000	4.030	8000	/16842787//9666912/2460684/3.99/4.02//2008-9-18 13:49:40
33/600069/银鸽投资/3.960	12500	3.950	18200	3.940	6000	3.920	1000	3.900	3200	3.980	3699	3.990	10000	4.000	18700	4.010	4800	4.020	10000	/16842787//9715045/2472784/3.98/4.02//2008-9-18 13:50:41
33/600069/银鸽投资/3.970	5400	3.960	9900	3.950	6400	3.940	6000	3.930	1000	3.980	2099	3.990	11800	4.000	20600	4.010	4300	4.020	10000	/16842787//9810503/2496784/3.98/4.02//2008-9-18 13:51:41
33/600069/银鸽投资/3.970	3700	3.960	9900	3.950	6400	3.940	6000	3.930	1000	3.980	4099	3.990	10200	4.000	14600	4.010	4500	4.020	13660	/16842787//9814056/2497684/3.98/4.02//2008-9-18 13:52:42
33/600069/银鸽投资/3.970	3901	3.960	9900	3.950	6400	3.940	6000	3.930	1000	3.980	2000	3.990	6600	4.000	15400	4.010	4500	4.020	5160	/16842787//9844264/2505283/3.97/4.02//2008-9-18 13:53:42
33/600069/银鸽投资/3.960	9900	3.950	5400	3.940	6000	3.930	1000	3.920	1000	3.970	799	3.980	13200	3.990	6600	4.000	16900	4.010	4500	/16842787//9891511/2517184/3.97/4.02//2008-9-18 13:54:43
33/600069/银鸽投资/3.960	5900	3.950	5400	3.940	6000	3.930	1000	3.920	1000	3.970	1999	3.980	14200	3.990	6100	4.000	11300	4.010	8800	/16842787//9901386/2519684/3.96/4.02//2008-9-18 13:55:44
33/600069/银鸽投资/3.890	10000	3.870	15600	3.860	1000	3.850	6500	3.840	300	3.900	14329	3.980	14000	3.990	5600	4.000	11300	4.010	8800	/16842787//10013334/2548084/3.9/4.02//2008-9-18 13:56:44
33/600069/银鸽投资/3.900	66071	3.890	10000	3.880	8000	3.870	15600	3.860	1000	3.960	4000	3.970	2000	3.980	13000	3.990	5600	4.000	11300	/16842787//10077057/2564413/3.9/4.02//2008-9-18 13:57:45
33/600069/银鸽投资/3.920	9100	3.910	14800	3.900	29971	3.890	10000	3.880	8000	3.960	4000	3.970	2000	3.980	13000	3.990	16900	4.000	11300	/16842787//10079007/2564913/3.9/4.02//2008-9-18 13:58:45
33/600069/银鸽投资/3.930	7900	3.920	30900	3.910	14800	3.900	31071	3.890	10000	3.960	2900	3.970	6000	3.980	13000	3.990	16900	4.000	12600	/16842787//10083363/2566013/3.96/4.02//2008-9-18 13:59:46
33/600069/银鸽投资/3.940	14000	3.930	10900	3.920	30900	3.910	16800	3.900	31071	3.960	3900	3.970	6000	3.980	12000	3.990	16900	4.000	12600	/16842787//10083363/2566013/3.96/4.02//2008-9-18 14:0:47
33/600069/银鸽投资/3.950	600	3.940	14000	3.930	5900	3.920	30900	3.910	14800	3.960	1000	3.980	12000	3.990	16900	4.000	14600	4.010	8800	/16842787//10095243/2569013/3.96/4.02//2008-9-18 14:1:47
33/600069/银鸽投资/3.950	4400	3.940	11000	3.930	5900	3.920	25900	3.910	19600	3.960	2000	3.970	1000	3.980	12000	3.990	40900	4.000	15600	/16842787//10115753/2574213/3.95/4.02//2008-9-18 14:2:48
33/600069/银鸽投资/3.930	5400	3.920	25900	3.910	19600	3.900	21471	3.890	10000	3.940	1301	3.950	2400	3.960	3700	3.970	1700	3.980	12000	/16842787//10197013/2594813/3.94/4.02//2008-9-18 14:3:48
33/600069/银鸽投资/3.930	8200	3.920	25900	3.910	19600	3.900	20671	3.890	10000	3.940	7701	3.950	1000	3.960	3700	3.970	1700	3.980	12000	/16842787//10228528/2602813/3.93/4.02//2008-9-18 14:4:49
33/600069/银鸽投资/3.930	2900	3.920	25900	3.910	19600	3.900	20671	3.890	10200	3.940	1701	3.950	1000	3.960	3700	3.970	1700	3.980	15860	/16842787//10272997/2614113/3.94/4.02//2008-9-18 14:5:50
33/600069/银鸽投资/3.930	43800	3.910	5600	3.900	20671	3.890	10200	3.880	23900	3.940	1701	3.950	1000	3.960	3700	3.970	1700	3.980	15860	/16842787//10488604/2669113/3.93/4.02//2008-9-18 14:6:50
33/600069/银鸽投资/3.940	600	3.910	3599	3.900	2700	3.890	10200	3.880	23900	3.950	1000	3.960	3700	3.970	1000	3.980	15860	3.990	40900	/16842787//10711600/2725814/3.91/4.02//2008-9-18 14:7:51
33/600069/银鸽投资/3.920	300	3.910	14199	3.900	19200	3.890	10200	3.880	23900	3.950	800	3.960	3700	3.970	1000	3.980	15860	3.990	41800	/16842787//10716330/2727014/3.95/4.02//2008-9-18 14:8:51
33/600069/银鸽投资/3.950	1000	3.940	5300	3.920	6300	3.910	15699	3.900	22200	3.960	2000	3.980	2200	3.990	40900	4.000	16500	4.010	4500	/16842787//10722255/2728514/3.95/4.02//2008-9-18 14:9:52
33/600069/银鸽投资/3.960	71300	3.950	8800	3.940	1000	3.920	6700	3.910	14799	3.980	200	3.990	39400	4.000	16500	4.010	4500	4.020	500	/16842787//10740921/2733214/3.98/4.02//2008-9-18 14:10:53
33/600069/银鸽投资/3.980	3200	3.960	16100	3.950	8800	3.920	5700	3.910	14799	3.990	24500	4.000	6800	4.010	4500	4.020	500	4.030	1800	/16842787//10756453/2737114/3.98/4.02//2008-9-18 14:11:53
33/600069/银鸽投资/4.000	2500	3.990	32600	3.980	20200	3.960	16100	3.950	15600	4.010	4500	4.020	500	4.030	3100	4.040	6700	4.050	19300	/16842787//10884201/2769114/4.0/4.02//2008-9-18 14:12:54
33/600069/银鸽投资/4.000	4800	3.990	13400	3.980	23500	3.960	14100	3.950	15600	4.010	2200	4.020	500	4.030	14500	4.040	7900	4.050	19300	/16842787//10947035/2784814/4.01/4.02//2008-9-18 14:13:55
33/600069/银鸽投资/4.000	20300	3.990	13400	3.980	23500	3.960	14100	3.950	11600	4.010	500	4.020	4700	4.030	14500	4.040	7900	4.050	19300	/16842787//10979516/2792914/4.01/4.02//2008-9-18 14:14:55
33/600069/银鸽投资/4.010	14560	4.000	18700	3.990	10400	3.980	21100	3.960	4100	4.020	200	4.040	7600	4.050	20100	4.060	1000	4.070	5000	/16842787//11074245/2816454/4.02/4.02//2008-9-18 14:15:56
33/600069/银鸽投资/4.010	10860	4.000	18700	3.990	10400	3.980	21100	3.960	4100	4.040	10800	4.050	20100	4.060	16300	4.070	5000	4.080	11900	/16842787//11127344/2829654/4.01/4.02//2008-9-18 14:16:56
33/600069/银鸽投资/4.020	9200	4.010	10860	4.000	12700	3.990	10400	3.980	21100	4.030	20100	4.040	4900	4.050	20100	4.060	19300	4.070	5000	/16842787//11179604/2842654/4.02/4.02//2008-9-18 14:17:57
33/600069/银鸽投资/4.030	44000	4.020	15200	4.010	10860	4.000	12700	3.990	11000	4.040	72150	4.050	20100	4.060	19300	4.070	5000	4.080	23300	/16842787//11347900/2884354/4.04/4.02//2008-9-18 14:18:58
33/600069/银鸽投资/4.040	18350	4.030	45600	4.020	16700	4.010	10860	4.000	17700	4.050	700	4.060	8000	4.070	5000	4.080	18300	4.090	1500	/16842787//11900963/3021204/4.05/4.02//2008-9-18 14:19:58
33/600069/银鸽投资/4.050	20100	4.040	46850	4.030	46300	4.020	16700	4.010	10860	4.080	4500	4.090	1500	4.100	30050	4.110	800	4.130	3000	/16842787//11957849/3035104/4.08/4.02//2008-9-18 14:20:59
33/600069/银鸽投资/4.100	3750	4.070	7000	4.060	25000	4.050	20900	4.040	46750	4.110	800	4.130	2500	4.140	1500	4.150	9100	4.170	7900	/16842787//12120420/3074854/4.1/4.02//2008-9-18 14:22:0
33/600069/银鸽投资/4.110	8200	4.100	18050	4.080	2000	4.070	18000	4.060	24000	4.130	2500	4.140	7734	4.150	9100	4.170	7900	4.180	3000	/16842787//12126168/3076254/4.11/4.02//2008-9-18 14:23:0
33/600069/银鸽投资/4.130	2000	4.120	7600	4.110	17000	4.100	24250	4.080	1200	4.140	9734	4.150	4000	4.170	7900	4.180	7700	4.200	5200	/16842787//12163701/3085354/4.13/4.02//2008-9-18 14:24:1
33/600069/银鸽投资/4.130	5000	4.120	13600	4.110	13200	4.100	26100	4.080	1200	4.140	134	4.160	1100	4.170	14600	4.180	6600	4.200	5200	/16842787//12348399/3129854/4.14/4.02//2008-9-18 14:25:2
33/600069/银鸽投资/4.150	3200	4.130	8000	4.120	14300	4.110	13200	4.100	26100	4.160	52729	4.170	2134	4.180	2600	4.200	8860	4.210	1000	/16842787//12443114/3152654/4.15/4.02//2008-9-18 14:26:2
33/600069/银鸽投资/4.130	1666	4.120	13600	4.110	13200	4.100	17100	4.080	1200	4.140	4068	4.150	23700	4.160	54229	4.170	500	4.180	2600	/16842787//12536382/3175188/4.13/4.02//2008-9-18 14:27:3
33/600069/银鸽投资/4.120	3966	4.110	12700	4.100	17100	4.080	1200	4.070	18000	4.140	7268	4.150	21900	4.160	64929	4.170	2559	4.180	2600	/16842787//12596607/3189788/4.14/4.02//2008-9-18 14:28:4
33/600069/银鸽投资/4.110	12700	4.100	17100	4.080	1200	4.070	18000	4.060	20900	4.120	3334	4.130	8600	4.140	9668	4.150	12800	4.160	64929	/16842787//12618303/3195054/4.12/4.02//2008-9-18 14:29:4
33/600069/银鸽投资/4.100	13600	4.080	1200	4.070	18000	4.060	20900	4.050	8100	4.110	1000	4.120	31534	4.130	6600	4.140	11668	4.150	11200	/16842787//12686970/3211754/4.12/4.02//2008-9-18 14:30:5
33/600069/银鸽投资/4.100	8800	4.080	4200	4.070	18000	4.060	20900	4.050	8100	4.110	3600	4.120	31534	4.130	6100	4.140	10200	4.150	13860	/16842787//12711160/3217654/4.1/4.02//2008-9-18 14:31:6
33/600069/银鸽投资/4.080	6600	4.070	18000	4.060	20900	4.050	8100	4.040	30500	4.100	21400	4.110	3100	4.120	30500	4.130	5100	4.140	10200	/16842787//12786130/3235954/4.1/4.02//2008-9-18 14:32:6
33/600069/银鸽投资/4.080	8600	4.070	18000	4.060	20900	4.050	2300	4.040	30500	4.100	17700	4.110	200	4.120	30500	4.130	100	4.140	9500	/16842787//12816862/3243454/4.1/4.02//2008-9-18 14:33:7
33/600069/银鸽投资/4.100	9500	4.090	3000	4.080	8600	4.070	18000	4.060	20900	4.110	200	4.120	29500	4.130	1600	4.140	9500	4.150	13860	/16842787//12891892/3261754/4.1/4.02//2008-9-18 14:34:8
33/600069/银鸽投资/4.120	12500	4.110	8300	4.100	12900	4.090	3000	4.080	6600	4.160	64929	4.170	12559	4.180	2800	4.190	500	4.200	8700	/16842787//12975900/3282054/4.12/4.02//2008-9-18 14:35:8
33/600069/银鸽投资/4.120	6900	4.110	8300	4.100	13000	4.090	3000	4.080	12000	4.150	23700	4.160	27729	4.170	12559	4.180	2800	4.190	800	/16842787//13195134/3334854/4.12/4.02//2008-9-18 14:36:9
33/600069/银鸽投资/4.120	6900	4.110	2000	4.100	10000	4.090	3000	4.080	12000	4.140	11418	4.150	51300	4.160	27729	4.170	12559	4.180	5300	/16842787//13212958/3339154/4.14/4.02//2008-9-18 14:37:10
33/600069/银鸽投资/4.120	4800	4.110	7000	4.100	7500	4.090	3000	4.080	10600	4.130	2500	4.140	13668	4.150	30400	4.160	16429	4.170	15159	/16842787//13232738/3343954/4.12/4.02//2008-9-18 14:38:10
33/600069/银鸽投资/4.110	450	4.100	1500	4.090	3000	4.080	2600	4.070	18000	4.120	8000	4.130	9300	4.140	9800	4.150	29400	4.160	16429	/16842787//13279435/3355304/4.11/4.02//2008-9-18 14:39:11
33/600069/银鸽投资/4.090	3000	4.080	2600	4.070	18000	4.060	20900	4.050	2300	4.100	9300	4.110	7950	4.120	7300	4.130	6800	4.140	12900	/16842787//13293584/3358754/4.1/4.02//2008-9-18 14:40:12
33/600069/银鸽投资/4.080	2000	4.070	5900	4.060	18900	4.050	2300	4.040	30000	4.090	1500	4.100	9500	4.110	7950	4.120	7300	4.130	16800	/16842787//13374618/3378654/4.07/4.02//2008-9-18 14:41:12
33/600069/银鸽投资/4.080	1000	4.070	5900	4.060	18900	4.050	2300	4.040	30000	4.090	800	4.100	9500	4.110	6950	4.120	16300	4.130	16800	/16842787//13386878/3381654/4.09/4.02//2008-9-18 14:42:13
33/600069/银鸽投资/4.070	3400	4.060	18900	4.050	2300	4.040	30000	4.030	10000	4.080	299	4.090	800	4.100	9300	4.110	6950	4.120	17300	/16842787//13401554/3385254/4.08/4.02//2008-9-18 14:43:14
33/600069/银鸽投资/4.070	4500	4.060	18900	4.050	2300	4.040	30000	4.030	10000	4.080	699	4.090	800	4.100	9300	4.110	5950	4.120	17300	/16842787//13414585/3388454/4.07/4.02//2008-9-18 14:44:14
33/600069/银鸽投资/4.080	3201	4.070	3400	4.060	18900	4.050	2300	4.040	30000	4.090	800	4.100	9300	4.110	5950	4.120	17300	4.130	16800	/16842787//13426798/3391453/4.08/4.02//2008-9-18 14:45:15
33/600069/银鸽投资/4.080	1201	4.070	2386	4.060	18900	4.050	2300	4.040	30000	4.090	500	4.100	9000	4.110	5950	4.120	17300	4.130	16500	/16842787//13448469/3396767/4.08/4.02//2008-9-18 14:46:16
33/600069/银鸽投资/4.060	24489	4.050	2300	4.040	30000	4.030	10500	4.020	16700	4.100	9000	4.110	5950	4.120	17300	4.130	16500	4.140	6500	/16842787//13573188/3427365/4.06/4.02//2008-9-18 14:47:16
33/600069/银鸽投资/4.070	3000	4.060	24689	4.050	2300	4.040	30000	4.030	10500	4.080	4200	4.090	20100	4.100	8500	4.110	5950	4.120	16300	/16842787//13586270/3430565/4.06/4.02//2008-9-18 14:48:17
33/600069/银鸽投资/4.060	15989	4.050	2300	4.040	30000	4.030	10500	4.020	16700	4.070	3500	4.080	8400	4.090	15500	4.100	3200	4.110	8250	/16842787//13641146/3444065/4.06/4.02//2008-9-18 14:49:18
33/600069/银鸽投资/4.040	11500	4.030	10500	4.020	16700	4.010	11860	4.000	13600	4.050	11300	4.060	7111	4.070	5600	4.080	8700	4.090	14700	/16842787//13814466/3486854/4.05/4.02//2008-9-18 14:50:18
33/600069/银鸽投资/4.040	14100	4.030	8500	4.020	16700	4.010	11860	4.000	13600	4.050	3211	4.060	5200	4.070	2600	4.080	8800	4.090	12700	/16842787//13929807/3515354/4.05/4.02//2008-9-18 14:51:19
33/600069/银鸽投资/4.050	2789	4.040	13100	4.030	9700	4.020	18700	4.010	11860	4.060	2200	4.070	2600	4.080	12300	4.090	12700	4.100	5700	/16842787//13977219/3527065/4.05/4.02//2008-9-18 14:52:20
33/600069/银鸽投资/4.050	789	4.040	13100	4.030	9700	4.020	16700	4.010	11860	4.060	2900	4.070	2600	4.080	14800	4.090	9700	4.100	5700	/16842787//13977645/3527165/4.06/4.02//2008-9-18 14:53:21
33/600069/银鸽投资/4.040	15100	4.030	9700	4.020	16700	4.010	11860	4.000	13800	4.050	7511	4.070	2600	4.080	14800	4.090	9700	4.100	5700	/16842787//14004773/3533854/4.05/4.02//2008-9-18 14:54:21
33/600069/银鸽投资/4.040	4700	4.030	9700	4.020	16700	4.010	11860	4.000	13800	4.050	3311	4.070	2600	4.080	14800	4.090	9700	4.100	5700	/16842787//14055314/3546354/4.04/4.02//2008-9-18 14:55:22
33/600069/银鸽投资/4.040	6000	4.030	9700	4.020	16700	4.010	11860	4.000	13800	4.050	2311	4.060	1000	4.070	3600	4.080	14800	4.090	2700	/16842787//14062596/3548154/4.04/4.02//2008-9-18 14:56:23
33/600069/银鸽投资/4.030	12500	4.020	16700	4.010	11860	4.000	12800	3.990	400	4.050	3111	4.060	1000	4.070	3400	4.080	14800	4.090	2700	/16842787//14087649/3554354/4.03/4.02//2008-9-18 14:57:23
33/600069/银鸽投资/4.020	16700	4.010	11860	4.000	12800	3.990	500	3.980	17000	4.030	7100	4.050	211	4.060	2500	4.070	3400	4.080	14800	/16842787//14159463/3572154/4.03/4.02//2008-9-18 14:58:24
33/600069/银鸽投资/4.020	16000	4.010	11860	4.000	12800	3.990	500	3.980	17000	4.030	1400	4.050	211	4.060	4100	4.070	8400	4.080	14800	/16842787//14194514/3580854/4.02/4.02//2008-9-18 14:59:25
33/600069/银鸽投资/4.030	2700	4.020	8900	4.010	11860	4.000	12800	3.990	500	4.050	2211	4.060	4100	4.070	8400	4.080	14800	4.090	2700	/16842787//14228698/3589354/4.02/4.02//2008-9-18 15:0:26
33/600069/银鸽投资/4.030	2700	4.020	8900	4.010	11860	4.000	12800	3.990	500	4.050	2211	4.060	4100	4.070	8400	4.080	14800	4.090	2700	/16842787//14228698/3589354/4.02/4.02//2008-9-18 15:1:26
33/600069/银鸽投资/4.030	2700	4.020	8900	4.010	11860	4.000	12800	3.990	500	4.050	2211	4.060	4100	4.070	8400	4.080	14800	4.090	2700	/16842787//14228698/3589354/4.02/4.02//2008-9-18 15:2:27
