709/600029/南方航空/3.180	4800	3.160	31900	3.150	50450	3.140	3400	3.130	51900	3.190	9600	3.200	733300	3.210	3500	3.220	1950	3.250	216250	/16843494//2302978/713050/3.19/3.39//2008-9-18 9:31:34
709/600029/南方航空/3.170	1300	3.160	66750	3.150	107650	3.140	7700	3.130	54700	3.180	14100	3.190	57500	3.200	763000	3.210	3600	3.220	800	/16843494//3009947/935800/3.18/3.39//2008-9-18 9:32:35
709/600029/南方航空/3.170	37600	3.160	73300	3.150	146950	3.140	9700	3.130	58900	3.180	127550	3.190	67600	3.200	724300	3.210	3600	3.220	800	/16843494//3600554/1121750/3.18/3.39//2008-9-18 9:33:35
709/600029/南方航空/3.170	55350	3.160	107200	3.150	172950	3.140	11000	3.130	58000	3.180	32850	3.190	27000	3.200	722050	3.210	3600	3.220	15000	/16843494//4477008/1397400/3.18/3.39//2008-9-18 9:34:35
709/600029/南方航空/3.160	92300	3.150	190750	3.140	10800	3.130	60100	3.120	8700	3.170	92150	3.180	16450	3.190	46268	3.200	722550	3.210	3600	/16843494//5332976/1667050/3.17/3.39//2008-9-18 9:35:35
709/600029/南方航空/3.140	13600	3.130	62700	3.120	9500	3.110	35900	3.100	92200	3.150	29400	3.160	88988	3.170	56650	3.180	37700	3.190	29169	/16843494//6901673/2164000/3.15/3.39//2008-9-18 9:36:36
709/600029/南方航空/3.120	32220	3.110	43200	3.100	128100	3.090	8300	3.080	50700	3.130	7350	3.140	115850	3.150	125450	3.160	104088	3.170	45350	/16843494//7697975/2417880/3.13/3.39//2008-9-18 9:37:36
709/600029/南方航空/3.080	37300	3.070	31800	3.060	84500	3.050	244500	0.000	0	3.090	52550	3.100	441300	3.110	7000	3.120	115183	3.130	13100	/16843494//9140370/2882600/3.09/3.39//2008-9-18 9:38:36
709/600029/南方航空/3.050	32700	0.000	0	0.000	0	0.000	0	0.000	0	3.050	114300	3.060	92450	3.070	74650	3.080	280339	3.090	106100	/16843494//11979500/3811700/3.05/3.39//2008-9-18 9:39:36
709/600029/南方航空/3.060	5000	3.050	524100	0.000	0	0.000	0	0.000	0	3.070	17801	3.080	128499	3.090	74200	3.100	445599	3.120	76633	/16843494//15197567/4866000/3.07/3.39//2008-9-18 9:40:36
709/600029/南方航空/3.070	92075	3.060	224899	3.050	944100	0.000	0	0.000	0	3.080	23099	3.090	203449	3.100	438999	3.120	75883	3.130	3500	/16843494//16099338/5159626/3.08/3.39//2008-9-18 9:41:37
709/600029/南方航空/3.080	151850	3.070	84323	3.060	259899	3.050	1109900	0.000	0	3.090	61804	3.100	434450	3.120	72683	3.130	3500	3.140	17950	/16843494//17226898/5525228/3.08/3.39//2008-9-18 9:42:37
709/600029/南方航空/3.090	138005	3.080	204846	3.070	76523	3.060	269499	3.050	1162300	3.100	136250	3.120	68983	3.130	3500	3.140	17950	3.150	45000	/16843494//18520086/5942827/3.1/3.39//2008-9-18 9:43:37
709/600029/南方航空/3.120	71767	3.110	36100	3.100	194700	3.090	102155	3.080	197146	3.130	8000	3.140	18350	3.150	48400	3.160	43839	3.170	30050	/16843494//19280366/6187504/3.12/3.39//2008-9-18 9:44:37
709/600029/南方航空/3.120	68867	3.110	55300	3.100	208100	3.090	61855	3.080	168646	3.130	20150	3.140	44900	3.150	55650	3.160	46339	3.170	30050	/16843494//20054174/6435204/3.13/3.39//2008-9-18 9:45:37
709/600029/南方航空/3.120	61100	3.110	43900	3.100	199300	3.090	61855	3.080	173300	3.130	25900	3.140	63300	3.150	61050	3.160	42140	3.170	31050	/16843494//20757666/6660054/3.12/3.39//2008-9-18 9:46:38
709/600029/南方航空/3.100	176150	3.090	59155	3.080	166600	3.070	57423	3.060	396499	3.110	72550	3.120	87502	3.130	386254	3.140	78500	3.150	92475	/16843494//21814870/6998904/3.11/3.39//2008-9-18 9:47:38
709/600029/南方航空/3.110	43700	3.100	199050	3.090	55255	3.080	185700	3.070	61623	3.120	63352	3.130	456904	3.140	84100	3.150	100125	3.160	405740	/16843494//22536430/7231204/3.11/3.39//2008-9-18 9:48:38
709/600029/南方航空/3.100	79750	3.090	55155	3.080	196700	3.070	120423	3.060	394599	3.120	62402	3.130	369254	3.140	86100	3.150	90075	3.160	405740	/16843494//23358246/7496004/3.1/3.39//2008-9-18 9:49:39
709/600029/南方航空/3.110	8300	3.100	185150	3.090	65955	3.080	239000	3.070	121823	3.120	86652	3.130	355254	3.140	85300	3.150	90025	3.160	406490	/16843494//23879466/7663504/3.12/3.39//2008-9-18 9:50:39
709/600029/南方航空/3.100	121580	3.090	64855	3.080	247600	3.070	123323	3.060	440199	3.110	12869	3.120	208902	3.130	13850	3.140	85200	3.150	87525	/16843494//24707894/7930074/3.11/3.39//2008-9-18 9:51:39
709/600029/南方航空/3.100	50128	3.090	69355	3.080	235500	3.070	125823	3.060	442799	3.110	78117	3.120	160002	3.130	24350	3.140	85200	3.150	91825	/16843494//25316232/8126026/3.11/3.39//2008-9-18 9:52:39
709/600029/南方航空/3.060	418200	3.050	1815300	0.000	0	0.000	0	0.000	0	3.070	9850	3.080	16190	3.090	1800	3.100	111267	3.110	97517	/16843494//27098114/8704259/3.07/3.39//2008-9-18 9:53:40
709/600029/南方航空/3.070	9310	3.060	421550	3.050	2121700	0.000	0	0.000	0	3.080	7900	3.090	21850	3.100	140917	3.110	90017	3.120	151302	/16843494//27637848/8880199/3.07/3.39//2008-9-18 9:54:40
709/600029/南方航空/3.060	43809	3.050	2421400	0.000	0	0.000	0	0.000	0	3.080	27150	3.090	32700	3.100	142217	3.110	102217	3.120	147052	/16843494//29630124/9530750/3.08/3.39//2008-9-18 9:55:40
709/600029/南方航空/3.050	2815400	0.000	0	0.000	0	0.000	0	0.000	0	3.060	1241	3.070	5400	3.080	53450	3.090	36200	3.100	86295	/16843494//31296352/10075759/3.05/3.39//2008-9-18 9:56:41
709/600029/南方航空/3.050	1656336	0.000	0	0.000	0	0.000	0	0.000	0	3.060	24000	3.070	19700	3.080	48950	3.090	34300	3.100	85245	/16843494//36660492/11833623/3.06/3.39//2008-9-18 9:57:41
709/600029/南方航空/3.070	1750	3.060	88650	3.050	1666486	0.000	0	0.000	0	3.080	100550	3.090	31550	3.100	91095	3.110	92217	3.120	181002	/16843494//37489828/12104773/3.07/3.39//2008-9-18 9:58:41
709/600029/南方航空/3.070	159900	3.060	156550	3.050	1698386	0.000	0	0.000	0	3.080	190199	3.090	80950	3.100	113245	3.110	115317	3.120	142600	/16843494//39133100/12638623/3.08/3.39//2008-9-18 9:59:41
709/600029/南方航空/3.070	123300	3.060	200250	3.050	1750386	0.000	0	0.000	0	3.080	100149	3.090	83200	3.100	134645	3.110	105617	3.120	128900	/16843494//39629720/12800023/3.08/3.39//2008-9-18 10:0:42
709/600029/南方航空/3.070	1700	3.060	173100	3.050	1649635	0.000	0	0.000	0	3.080	66100	3.090	30900	3.100	139095	3.110	105517	3.120	128650	/16843494//42135272/13618724/3.08/3.39//2008-9-18 10:1:42
709/600029/南方航空/3.050	1668335	0.000	0	0.000	0	0.000	0	0.000	0	3.060	5200	3.070	17950	3.080	74450	3.090	68000	3.100	137395	/16843494//43094192/13932124/3.06/3.07//2008-9-18 10:2:42
709/600029/南方航空/3.070	70142	3.060	51200	3.050	2040885	0.000	0	0.000	0	3.080	74500	3.090	70300	3.100	137545	3.110	105617	3.120	125350	/16843494//43717580/14135574/3.07/3.07//2008-9-18 10:3:42
709/600029/南方航空/3.060	37750	3.050	2014585	0.000	0	0.000	0	0.000	0	3.070	6458	3.080	89200	3.090	50700	3.100	136945	3.110	105417	/16843494//44243516/14307066/3.07/3.07//2008-9-18 10:4:43
709/600029/南方航空/3.060	110099	3.050	2036685	0.000	0	0.000	0	0.000	0	3.070	41208	3.080	106650	3.090	50350	3.100	136745	3.110	110017	/16843494//44601696/14424017/3.06/3.07//2008-9-18 10:5:43
709/600029/南方航空/3.070	17750	3.060	118099	3.050	2021785	0.000	0	0.000	0	3.080	106650	3.090	39250	3.100	138045	3.110	112117	3.120	123850	/16843494//45122736/14594067/3.07/3.07//2008-9-18 10:6:43
709/600029/南方航空/3.060	130500	3.050	2025385	0.000	0	0.000	0	0.000	0	3.070	9800	3.080	110750	3.090	41450	3.100	140595	3.110	108219	/16843494//45634500/14760964/3.06/3.07//2008-9-18 10:7:44
709/600029/南方航空/3.070	13800	3.060	182100	3.050	1969085	0.000	0	0.000	0	3.080	119950	3.090	47950	3.100	141845	3.110	108219	3.120	123850	/16843494//45738256/14794764/3.08/3.07//2008-9-18 10:8:44
709/600029/南方航空/3.070	12299	3.060	181050	3.050	1980085	0.000	0	0.000	0	3.080	120700	3.090	42400	3.100	139745	3.110	108869	3.120	125450	/16843494//46222880/14952715/3.08/3.07//2008-9-18 10:9:44
709/600029/南方航空/3.070	48499	3.060	260950	3.050	1963285	0.000	0	0.000	0	3.080	51300	3.090	45000	3.100	145245	3.110	150369	3.120	122550	/16843494//46600572/15075515/3.08/3.07//2008-9-18 10:10:44
709/600029/南方航空/3.080	8800	3.070	50849	3.060	315150	3.050	1969385	0.000	0	3.090	41500	3.100	295695	3.110	150369	3.120	118650	3.130	67450	/16843494//46846932/15155565/3.08/3.07//2008-9-18 10:11:45
709/600029/南方航空/3.080	26200	3.070	88849	3.060	334650	3.050	1940985	0.000	0	3.090	16600	3.100	163395	3.110	149869	3.120	118650	3.130	66250	/16843494//47009888/15208365/3.09/3.07//2008-9-18 10:12:45
709/600029/南方航空/3.080	8700	3.070	6600	3.060	214249	3.050	1565285	0.000	0	3.090	49700	3.100	164245	3.110	111869	3.120	122400	3.130	66950	/16843494//48071100/15554315/3.09/3.07//2008-9-18 10:13:45
709/600029/南方航空/3.080	1060	3.070	14300	3.060	253900	3.050	1586085	0.000	0	3.090	62950	3.100	171195	3.110	122369	3.120	123500	3.130	80950	/16843494//48173868/15587655/3.08/3.07//2008-9-18 10:14:46
709/600029/南方航空/3.070	8160	3.060	318400	3.050	1627285	0.000	0	0.000	0	3.080	19000	3.090	63850	3.100	185895	3.110	122369	3.120	121500	/16843494//48405152/15662755/3.07/3.07//2008-9-18 10:15:46
709/600029/南方航空/3.070	64760	3.060	386100	3.050	1663885	0.000	0	0.000	0	3.080	9800	3.090	47199	3.100	188795	3.110	123369	3.120	115200	/16843494//48548196/15709255/3.07/3.07//2008-9-18 10:16:46
709/600029/南方航空/3.080	29600	3.070	135760	3.060	399400	3.050	1691685	0.000	0	3.090	22899	3.100	179795	3.110	123369	3.120	115200	3.130	84350	/16843494//48765800/15779855/3.09/3.07//2008-9-18 10:17:47
709/600029/南方航空/3.090	26151	3.080	22100	3.070	122510	3.060	387200	3.050	1695685	3.100	196795	3.110	125019	3.120	115000	3.130	73350	3.140	52000	/16843494//49029820/15865454/3.09/3.07//2008-9-18 10:18:47
709/600029/南方航空/3.090	94601	3.080	95900	3.070	107100	3.060	385600	3.050	1712585	3.100	103645	3.110	122319	3.120	113900	3.130	74150	3.140	51700	/16843494//49383220/15979504/3.1/3.07//2008-9-18 10:19:47
709/600029/南方航空/3.100	4755	3.090	94401	3.080	97500	3.070	111000	3.060	384900	3.110	122319	3.120	109450	3.130	73950	3.140	51900	3.150	146815	/16843494//49814224/16118549/3.1/3.07//2008-9-18 10:20:48
709/600029/南方航空/3.100	9000	3.090	47400	3.080	102900	3.070	138800	3.060	374700	3.110	90914	3.120	109450	3.130	67450	3.140	54300	3.150	146815	/16843494//50253872/16260404/3.1/3.07//2008-9-18 10:21:48
709/600029/南方航空/3.100	2035	3.090	46600	3.080	104700	3.070	142600	3.060	382900	3.110	121314	3.120	97550	3.130	66450	3.140	64300	3.150	152865	/16843494//50817392/16442469/3.1/3.07//2008-9-18 10:22:48
709/600029/南方航空/3.090	10000	3.070	83385	3.060	388800	3.050	1873985	0.000	0	3.100	3350	3.110	121464	3.120	99050	3.130	61450	3.140	64300	/16843494//51767808/16750519/3.1/3.07//2008-9-18 10:23:48
709/600029/南方航空/3.070	2000	3.060	111900	3.050	1442970	0.000	0	0.000	0	3.090	2900	3.100	17850	3.110	188714	3.120	99050	3.130	65950	/16843494//53998368/17479420/3.09/3.07//2008-9-18 10:24:49
709/600029/南方航空/3.080	2900	3.070	60500	3.060	108900	3.050	1498470	0.000	0	3.100	56750	3.110	230214	3.120	98050	3.130	65950	3.140	58700	/16843494//54153968/17529720/3.1/3.07//2008-9-18 10:25:49
709/600029/南方航空/3.090	14800	3.080	188650	3.070	306900	3.060	149900	3.050	1553270	3.100	38550	3.110	186714	3.120	99250	3.130	66250	3.140	58700	/16843494//54365288/17597968/3.09/3.07//2008-9-18 10:26:49
709/600029/南方航空/3.090	36900	3.080	191150	3.070	70300	3.060	163500	3.050	1556970	3.100	6300	3.110	189214	3.120	101550	3.130	66250	3.140	58700	/16843494//54763488/17726468/3.09/3.07//2008-9-18 10:27:50
709/600029/南方航空/3.090	41350	3.080	30250	3.070	105600	3.060	204800	3.050	1552670	3.100	121100	3.110	192914	3.120	116650	3.130	66250	3.140	58700	/16843494//54848436/17753920/3.1/3.07//2008-9-18 10:28:50
709/600029/南方航空/3.090	36000	3.080	31650	3.070	111900	3.060	233100	3.050	1566670	3.100	141700	3.110	198914	3.120	116050	3.130	66250	3.140	144700	/16843494//54915400/17775568/3.09/3.07//2008-9-18 10:29:50
709/600029/南方航空/3.090	66700	3.080	32550	3.070	112500	3.060	337800	3.050	1569570	3.100	174950	3.110	225114	3.120	105450	3.130	66250	3.140	145200	/16843494//54976688/17795368/3.09/3.07//2008-9-18 10:30:51
709/600029/南方航空/3.080	37650	3.070	120000	3.060	360000	3.050	1589270	0.000	0	3.090	11600	3.100	182000	3.110	199114	3.120	105450	3.130	78150	/16843494//55255472/17885568/3.08/3.07//2008-9-18 10:31:51
709/600029/南方航空/3.070	120550	3.060	367500	3.050	1619670	0.000	0	0.000	0	3.080	600	3.090	60400	3.100	124550	3.110	199114	3.120	105450	/16843494//55428572/17941768/3.08/3.07//2008-9-18 10:32:51
709/600029/南方航空/3.080	2800	3.070	6550	3.060	363700	3.050	1664770	0.000	0	3.090	106750	3.100	151450	3.110	204264	3.120	105450	3.130	78150	/16843494//56069028/18150168/3.09/3.07//2008-9-18 10:33:52
709/600029/南方航空/3.070	4200	3.060	359660	3.050	1678470	0.000	0	0.000	0	3.080	84419	3.090	62600	3.100	159000	3.110	226264	3.120	107450	/16843494//56230600/18202760/3.07/3.07//2008-9-18 10:34:52
709/600029/南方航空/3.070	220600	3.060	338460	3.050	1693170	0.000	0	0.000	0	3.080	88919	3.090	20190	3.100	167000	3.110	225764	3.120	107450	/16843494//56300116/18225360/3.07/3.07//2008-9-18 10:35:52
709/600029/南方航空/3.070	226100	3.060	345860	3.050	1719970	0.000	0	0.000	0	3.080	43492	3.090	20890	3.100	180550	3.110	225764	3.120	105450	/16843494//56505092/18291960/3.07/3.07//2008-9-18 10:36:53
709/600029/南方航空/3.070	175600	3.060	359160	3.050	1720470	0.000	0	0.000	0	3.080	77242	3.090	34490	3.100	182850	3.110	225764	3.120	108450	/16843494//56735796/18367060/3.07/3.07//2008-9-18 10:37:53
709/600029/南方航空/3.070	152300	3.060	364360	3.050	1720470	0.000	0	0.000	0	3.080	55092	3.090	62190	3.100	182900	3.110	230464	3.120	109350	/16843494//56864236/18408860/3.07/3.07//2008-9-18 10:38:53
709/600029/南方航空/3.070	104900	3.060	366060	3.050	1741470	0.000	0	0.000	0	3.080	101892	3.090	62090	3.100	183450	3.110	200264	3.120	119800	/16843494//57144396/18500060/3.08/3.07//2008-9-18 10:39:54
709/600029/南方航空/3.070	117600	3.060	413460	3.050	1740370	0.000	0	0.000	0	3.080	89292	3.090	63690	3.100	185050	3.110	200264	3.120	119800	/16843494//57262768/18538560/3.07/3.07//2008-9-18 10:40:54
709/600029/南方航空/3.070	112950	3.060	422660	3.050	1752870	0.000	0	0.000	0	3.080	61392	3.090	65390	3.100	188500	3.110	197264	3.120	119500	/16843494//57428724/18592508/3.08/3.07//2008-9-18 10:41:54
709/600029/南方航空/3.070	116100	3.060	434160	3.050	1794970	0.000	0	0.000	0	3.080	5292	3.090	66190	3.100	189950	3.110	209564	3.120	120500	/16843494//57696624/18679560/3.08/3.07//2008-9-18 10:42:55
709/600029/南方航空/3.080	5058	3.070	135050	3.060	410360	3.050	1766370	0.000	0	3.090	68290	3.100	187000	3.110	209564	3.120	119600	3.130	81500	/16843494//57951336/18762252/3.08/3.07//2008-9-18 10:43:55
709/600029/南方航空/3.070	173200	3.060	415560	3.050	1764370	0.000	0	0.000	0	3.080	15700	3.090	54290	3.100	191600	3.110	210864	3.120	119600	/16843494//58135248/18821900/3.08/3.07//2008-9-18 10:44:56
709/600029/南方航空/3.070	57198	3.060	370460	3.050	1763170	0.000	0	0.000	0	3.080	8200	3.090	77690	3.100	202100	3.110	210864	3.120	119600	/16843494//58527124/18949504/3.07/3.07//2008-9-18 10:45:56
709/600029/南方航空/3.070	2300	3.060	309008	3.050	1795470	0.000	0	0.000	0	3.080	25300	3.090	108490	3.100	240250	3.110	220964	3.120	122600	/16843494//59112440/19140152/3.06/3.07//2008-9-18 10:46:56
709/600029/南方航空/3.060	6250	3.050	1821370	0.000	0	0.000	0	0.000	0	3.070	59592	3.080	28050	3.090	72990	3.100	253050	3.110	219964	/16843494//60327932/19537312/3.06/3.07//2008-9-18 10:47:57
709/600029/南方航空/3.050	1457370	0.000	0	0.000	0	0.000	0	0.000	0	3.060	222150	3.070	102850	3.080	30250	3.090	243690	3.100	259750	/16843494//61576440/19946560/3.05/3.07//2008-9-18 10:48:57
709/600029/南方航空/3.050	883921	0.000	0	0.000	0	0.000	0	0.000	0	3.060	2325200	3.070	72642	3.080	101500	3.090	74490	3.100	415050	/16843494//63573672/20601310/3.06/3.07//2008-9-18 10:49:57
709/600029/南方航空/3.050	158770	0.000	0	0.000	0	0.000	0	0.000	0	3.060	145020	3.070	72642	3.080	33750	3.090	73590	3.100	420050	/16843494//66060736/21416660/3.05/3.07//2008-9-18 10:50:58
709/600029/南方航空/3.050	51552	0.000	0	0.000	0	0.000	0	0.000	0	3.060	142270	3.070	70942	3.080	29200	3.090	87054	3.100	441540	/16843494//67272032/21813780/3.05/3.07//2008-9-18 10:51:58
709/600029/南方航空/3.050	71402	0.000	0	0.000	0	0.000	0	0.000	0	3.060	148470	3.070	69942	3.080	27700	3.090	89354	3.100	473689	/16843494//67486056/21883928/3.05/3.07//2008-9-18 10:52:58
709/600029/南方航空/3.050	64752	0.000	0	0.000	0	0.000	0	0.000	0	3.050	39248	3.060	148570	3.070	72742	3.080	27700	3.090	83354	/16843494//67982904/22046832/3.05/3.07//2008-9-18 10:53:59
709/600029/南方航空/3.050	90652	0.000	0	0.000	0	0.000	0	0.000	0	3.060	158320	3.070	70142	3.080	16400	3.090	87054	3.100	471899	/16843494//68197192/22117080/3.05/3.07//2008-9-18 10:54:59
709/600029/南方航空/3.050	8002	0.000	0	0.000	0	0.000	0	0.000	0	3.060	187120	3.070	63642	3.080	16400	3.090	102554	3.100	466499	/16843494//68876064/22339628/3.05/3.07//2008-9-18 10:56:0
709/600029/南方航空/3.050	80403	0.000	0	0.000	0	0.000	0	0.000	0	3.060	204420	3.070	70642	3.080	24700	3.090	83454	3.100	469499	/16843494//69070160/22403228/3.06/3.07//2008-9-18 10:57:0
709/600029/南方航空/3.050	22403	0.000	0	0.000	0	0.000	0	0.000	0	3.060	239420	3.070	70642	3.080	21850	3.090	91388	3.100	466899	/16843494//69410536/22514728/3.05/3.07//2008-9-18 10:58:0
709/600029/南方航空/3.050	45503	0.000	0	0.000	0	0.000	0	0.000	0	3.060	269170	3.070	67642	3.080	18250	3.090	91388	3.100	317099	/16843494//69724184/22617528/3.05/3.07//2008-9-18 10:59:1
709/600029/南方航空/3.050	40453	0.000	0	0.000	0	0.000	0	0.000	0	3.050	258847	3.060	271870	3.070	62642	3.080	18250	3.090	91388	/16843494//70080432/22734332/3.05/3.07//2008-9-18 11:0:1
709/600029/南方航空/3.050	40453	0.000	0	0.000	0	0.000	0	0.000	0	3.050	348849	3.060	232270	3.070	62642	3.080	16000	3.090	91388	/16843494//70265264/22794932/3.05/3.07//2008-9-18 11:1:2
709/600029/南方航空/3.050	40453	0.000	0	0.000	0	0.000	0	0.000	0	3.050	391695	3.060	2209370	3.070	62642	3.080	15000	3.090	90888	/16843494//70393672/22837032/3.05/3.07//2008-9-18 11:2:2
709/600029/南方航空/3.050	40453	0.000	0	0.000	0	0.000	0	0.000	0	3.050	481345	3.060	2373950	3.070	64144	3.080	20100	3.090	90888	/16843494//70463512/22859932/3.05/3.07//2008-9-18 11:3:2
709/600029/南方航空/3.050	40453	0.000	0	0.000	0	0.000	0	0.000	0	3.050	503595	3.060	2343050	3.070	64144	3.080	20000	3.090	97588	/16843494//70584296/22899532/3.05/3.07//2008-9-18 11:4:3
709/600029/南方航空/3.050	40453	0.000	0	0.000	0	0.000	0	0.000	0	3.050	553385	3.060	2342650	3.070	62344	3.080	20000	3.090	97588	/16843494//70692264/22934932/3.05/3.07//2008-9-18 11:5:3
709/600029/南方航空/3.050	40453	0.000	0	0.000	0	0.000	0	0.000	0	3.050	589859	3.060	2160170	3.070	62344	3.080	20000	3.090	84124	/16843494//70735272/22949032/3.05/3.07//2008-9-18 11:6:4
709/600029/南方航空/3.050	40453	0.000	0	0.000	0	0.000	0	0.000	0	3.050	523309	3.060	1170870	3.070	62344	3.080	20000	3.090	79624	/16843494//70891432/23000232/3.05/3.07//2008-9-18 11:7:4
709/600029/南方航空/3.050	40453	0.000	0	0.000	0	0.000	0	0.000	0	3.050	382649	3.060	180870	3.070	62344	3.080	20000	3.090	79624	/16843494//71293720/23132132/3.05/3.07//2008-9-18 11:8:4
709/600029/南方航空/3.050	40453	0.000	0	0.000	0	0.000	0	0.000	0	3.050	44235	3.060	180220	3.070	62344	3.080	22100	3.090	79624	/16843494//72274600/23453732/3.05/3.07//2008-9-18 11:9:5
709/600029/南方航空/3.050	179815	0.000	0	0.000	0	0.000	0	0.000	0	3.060	143420	3.070	62344	3.080	22100	3.090	80124	3.100	330649	/16843494//72561600/23547716/3.06/3.07//2008-9-18 11:10:5
709/600029/南方航空/3.050	210165	0.000	0	0.000	0	0.000	0	0.000	0	3.060	48470	3.070	62344	3.080	22100	3.090	100624	3.100	331749	/16843494//73050000/23707466/3.06/3.07//2008-9-18 11:11:6
709/600029/南方航空/3.050	254285	0.000	0	0.000	0	0.000	0	0.000	0	3.060	20500	3.070	98844	3.080	23750	3.090	106124	3.100	336199	/16843494//73496528/23853546/3.05/3.07//2008-9-18 11:12:6
709/600029/南方航空/3.070	3406	3.060	9700	3.050	261535	0.000	0	0.000	0	3.080	23150	3.090	81124	3.100	332499	3.110	149650	3.120	131700	/16843494//74202408/24083690/3.07/3.07//2008-9-18 11:13:7
709/600029/南方航空/3.050	395735	0.000	0	0.000	0	0.000	0	0.000	0	3.060	40900	3.070	49444	3.080	90100	3.090	113614	3.100	329599	/16843494//74353120/24132896/3.06/3.07//2008-9-18 11:14:7
709/600029/南方航空/3.050	374935	0.000	0	0.000	0	0.000	0	0.000	0	3.060	27500	3.070	44744	3.080	99000	3.090	115314	3.100	333549	/16843494//74549480/24197096/3.06/3.07//2008-9-18 11:15:7
709/600029/南方航空/3.050	339135	0.000	0	0.000	0	0.000	0	0.000	0	3.060	4100	3.070	70644	3.080	99000	3.090	135314	3.100	333849	/16843494//74890472/24308696/3.06/3.07//2008-9-18 11:16:8
709/600029/南方航空/3.060	3007	3.050	380835	0.000	0	0.000	0	0.000	0	3.070	34844	3.080	53950	3.090	133514	3.100	335949	3.110	155650	/16843494//75218680/24415888/3.07/3.07//2008-9-18 11:17:8
709/600029/南方航空/3.060	22407	3.050	378735	0.000	0	0.000	0	0.000	0	3.070	38494	3.080	103950	3.090	128580	3.100	335949	3.110	155650	/16843494//75354112/24460088/3.06/3.07//2008-9-18 11:18:9
709/600029/南方航空/3.060	24356	3.050	413635	0.000	0	0.000	0	0.000	0	3.070	96694	3.080	103950	3.090	126880	3.100	337449	3.110	156250	/16843494//75452568/24492240/3.07/3.07//2008-9-18 11:19:9
709/600029/南方航空/3.050	459435	0.000	0	0.000	0	0.000	0	0.000	0	3.060	52444	3.070	86494	3.080	93450	3.090	128330	3.100	340849	/16843494//75605256/24542096/3.06/3.07//2008-9-18 11:20:10
709/600029/南方航空/3.050	493185	0.000	0	0.000	0	0.000	0	0.000	0	3.060	32294	3.070	97394	3.080	93450	3.090	128330	3.100	342349	/16843494//75732520/24583746/3.05/3.07//2008-9-18 11:21:10
709/600029/南方航空/3.050	536835	0.000	0	0.000	0	0.000	0	0.000	0	3.060	76244	3.070	95794	3.080	103950	3.090	139830	3.100	339949	/16843494//75795640/24604396/3.05/3.07//2008-9-18 11:22:10
709/600029/南方航空/3.050	568135	0.000	0	0.000	0	0.000	0	0.000	0	3.060	36094	3.070	93894	3.080	108550	3.090	139830	3.100	340749	/16843494//75889496/24635096/3.05/3.07//2008-9-18 11:23:11
709/600029/南方航空/3.050	580241	0.000	0	0.000	0	0.000	0	0.000	0	3.060	50	3.070	95999	3.080	114784	3.090	140130	3.100	343749	/16843494//76262568/24757090/3.06/3.07//2008-9-18 11:24:11
709/600029/南方航空/3.050	557891	0.000	0	0.000	0	0.000	0	0.000	0	3.060	34250	3.070	99499	3.080	114784	3.090	140130	3.100	328649	/16843494//76356384/24787840/3.05/3.07//2008-9-18 11:25:12
709/600029/南方航空/3.050	551482	0.000	0	0.000	0	0.000	0	0.000	0	3.060	39250	3.070	97699	3.080	63784	3.090	142330	3.100	334849	/16843494//76458680/24821348/3.06/3.07//2008-9-18 11:26:12
709/600029/南方航空/3.050	442614	0.000	0	0.000	0	0.000	0	0.000	0	3.050	1859566	3.060	49150	3.070	67699	3.080	64834	3.090	162930	/16843494//78237112/25404432/3.05/3.07//2008-9-18 11:27:13
709/600029/南方航空/3.050	442614	0.000	0	0.000	0	0.000	0	0.000	0	3.050	1935866	3.060	69550	3.070	64399	3.080	64834	3.090	162930	/16843494//78305432/25426832/3.05/3.07//2008-9-18 11:28:13
709/600029/南方航空/3.050	442614	0.000	0	0.000	0	0.000	0	0.000	0	3.050	1877566	3.060	206800	3.070	59399	3.080	64834	3.090	162930	/16843494//78541496/25504232/3.05/3.07//2008-9-18 11:29:14
709/600029/南方航空/3.050	442614	0.000	0	0.000	0	0.000	0	0.000	0	3.050	1966216	3.060	204750	3.070	62399	3.080	64834	3.090	162930	/16843494//78602496/25524232/3.05/3.07//2008-9-18 11:30:14
709/600029/南方航空/3.050	442614	0.000	0	0.000	0	0.000	0	0.000	0	3.050	1966216	3.060	204750	3.070	62399	3.080	64834	3.090	162930	/16843494//78602496/25524232/3.05/3.07//2008-9-18 11:31:15
709/600029/南方航空/3.050	442614	0.000	0	0.000	0	0.000	0	0.000	0	3.050	2134406	3.060	65950	3.070	66344	3.080	117684	3.090	164830	/16843494//79675792/25876132/3.05/3.07//2008-9-18 13:1:15
709/600029/南方航空/3.050	442614	0.000	0	0.000	0	0.000	0	0.000	0	3.050	2083005	3.060	65950	3.070	66344	3.080	117684	3.090	164830	/16843494//79694704/25882332/3.05/3.07//2008-9-18 13:2:16
709/600029/南方航空/3.050	442614	0.000	0	0.000	0	0.000	0	0.000	0	3.050	2166154	3.060	65950	3.070	65644	3.080	118184	3.090	166330	/16843494//79751736/25901032/3.05/3.07//2008-9-18 13:3:16
709/600029/南方航空/3.050	442614	0.000	0	0.000	0	0.000	0	0.000	0	3.050	2572344	3.060	65950	3.070	65644	3.080	118184	3.090	164830	/16843494//79782240/25911032/3.05/3.07//2008-9-18 13:4:17
709/600029/南方航空/3.050	442614	0.000	0	0.000	0	0.000	0	0.000	0	3.050	2656193	3.060	65950	3.070	65644	3.080	118684	3.090	164830	/16843494//79868856/25939432/3.05/3.07//2008-9-18 13:5:17
709/600029/南方航空/3.050	442614	0.000	0	0.000	0	0.000	0	0.000	0	3.050	2758743	3.060	65950	3.070	65644	3.080	119184	3.090	164830	/16843494//80059792/26002032/3.05/3.07//2008-9-18 13:6:18
709/600029/南方航空/3.050	442614	0.000	0	0.000	0	0.000	0	0.000	0	3.050	2754093	3.060	65950	3.070	67144	3.080	119484	3.090	164830	/16843494//80184232/26042832/3.05/3.07//2008-9-18 13:7:18
709/600029/南方航空/3.050	442614	0.000	0	0.000	0	0.000	0	0.000	0	3.050	2794393	3.060	65950	3.070	67144	3.080	119484	3.090	166330	/16843494//80213816/26052532/3.05/3.07//2008-9-18 13:8:19
709/600029/南方航空/3.050	442614	0.000	0	0.000	0	0.000	0	0.000	0	3.050	2781383	3.060	67250	3.070	67144	3.080	122484	3.090	165330	/16843494//80337336/26093032/3.05/3.07//2008-9-18 13:9:19
709/600029/南方航空/3.050	442614	0.000	0	0.000	0	0.000	0	0.000	0	3.050	2776933	3.060	67250	3.070	67144	3.080	122484	3.090	165330	/16843494//80455680/26131832/3.05/3.07//2008-9-18 13:10:20
709/600029/南方航空/3.050	442614	0.000	0	0.000	0	0.000	0	0.000	0	3.050	2737433	3.060	67250	3.070	67144	3.080	132484	3.090	165392	/16843494//80671008/26202432/3.05/3.07//2008-9-18 13:11:20
709/600029/南方航空/3.050	442614	0.000	0	0.000	0	0.000	0	0.000	0	3.050	2646984	3.060	55350	3.070	66694	3.080	134884	3.090	165380	/16843494//80895488/26276032/3.05/3.07//2008-9-18 13:12:21
709/600029/南方航空/3.050	442614	0.000	0	0.000	0	0.000	0	0.000	0	3.050	2655734	3.060	56850	3.070	66694	3.080	134884	3.090	165380	/16843494//80954048/26295232/3.05/3.07//2008-9-18 13:13:21
709/600029/南方航空/3.050	442614	0.000	0	0.000	0	0.000	0	0.000	0	3.050	2646594	3.060	57550	3.070	66694	3.080	134884	3.090	165380	/16843494//80991872/26307632/3.05/3.07//2008-9-18 13:14:22
709/600029/南方航空/3.050	442614	0.000	0	0.000	0	0.000	0	0.000	0	3.050	2620644	3.060	57750	3.070	66694	3.080	137884	3.090	165380	/16843494//81135216/26354632/3.05/3.07//2008-9-18 13:15:22
709/600029/南方航空/3.050	442614	0.000	0	0.000	0	0.000	0	0.000	0	3.050	2663294	3.060	57750	3.070	66694	3.080	137584	3.090	165380	/16843494//81168768/26365632/3.05/3.07//2008-9-18 13:16:23
709/600029/南方航空/3.050	442614	0.000	0	0.000	0	0.000	0	0.000	0	3.050	2734473	3.060	67950	3.070	66694	3.080	137584	3.090	165380	/16843494//81216656/26381332/3.05/3.07//2008-9-18 13:17:23
709/600029/南方航空/3.050	442614	0.000	0	0.000	0	0.000	0	0.000	0	3.050	2833532	3.060	79350	3.070	66694	3.080	134584	3.090	159880	/16843494//81407280/26443832/3.05/3.07//2008-9-18 13:18:24
709/600029/南方航空/3.050	442614	0.000	0	0.000	0	0.000	0	0.000	0	3.050	2912182	3.060	79350	3.070	66694	3.080	134484	3.090	159880	/16843494//81441136/26454932/3.05/3.07//2008-9-18 13:19:24
709/600029/南方航空/3.050	442614	0.000	0	0.000	0	0.000	0	0.000	0	3.050	2974082	3.060	79850	3.070	68694	3.080	142384	3.090	159880	/16843494//81476208/26466432/3.05/3.07//2008-9-18 13:20:25
709/600029/南方航空/3.050	442614	0.000	0	0.000	0	0.000	0	0.000	0	3.050	3014325	3.060	79850	3.070	70194	3.080	137850	3.090	161380	/16843494//81512504/26478332/3.05/3.07//2008-9-18 13:21:25
709/600029/南方航空/3.050	442614	0.000	0	0.000	0	0.000	0	0.000	0	3.050	2956722	3.060	79850	3.070	76194	3.080	131650	3.090	161380	/16843494//81865088/26593932/3.05/3.07//2008-9-18 13:22:26
709/600029/南方航空/3.050	442614	0.000	0	0.000	0	0.000	0	0.000	0	3.050	2664473	3.060	79850	3.070	76194	3.080	136150	3.090	167680	/16843494//82483624/26796732/3.05/3.07//2008-9-18 13:23:26
709/600029/南方航空/3.050	442614	0.000	0	0.000	0	0.000	0	0.000	0	3.050	2513223	3.060	68450	3.070	76194	3.080	134350	3.090	158490	/16843494//82908488/26936032/3.05/3.07//2008-9-18 13:24:27
709/600029/南方航空/3.050	442614	0.000	0	0.000	0	0.000	0	0.000	0	3.050	2032273	3.060	67750	3.070	77694	3.080	141350	3.090	157590	/16843494//83384896/27092232/3.05/3.07//2008-9-18 13:25:27
709/600029/南方航空/3.050	442614	0.000	0	0.000	0	0.000	0	0.000	0	3.050	1579823	3.060	66750	3.070	77694	3.080	134350	3.090	157590	/16843494//84545120/27472632/3.05/3.07//2008-9-18 13:26:28
709/600029/南方航空/3.050	442614	0.000	0	0.000	0	0.000	0	0.000	0	3.050	1296173	3.060	64750	3.070	77694	3.080	134350	3.090	177590	/16843494//85218560/27693432/3.05/3.07//2008-9-18 13:27:28
709/600029/南方航空/3.050	442614	0.000	0	0.000	0	0.000	0	0.000	0	3.050	1060094	3.060	63750	3.070	77694	3.080	136350	3.090	179190	/16843494//85909688/27920032/3.05/3.07//2008-9-18 13:28:29
709/600029/南方航空/3.050	442614	0.000	0	0.000	0	0.000	0	0.000	0	3.050	869284	3.060	64750	3.070	68650	3.080	136250	3.090	179190	/16843494//86552936/28130932/3.05/3.07//2008-9-18 13:29:29
709/600029/南方航空/3.050	442614	0.000	0	0.000	0	0.000	0	0.000	0	3.050	551584	3.060	64550	3.070	68650	3.080	137250	3.090	184890	/16843494//87469456/28431432/3.05/3.07//2008-9-18 13:30:30
709/600029/南方航空/3.050	499566	0.000	0	0.000	0	0.000	0	0.000	0	3.060	58050	3.070	68650	3.080	137250	3.090	202690	3.100	306750	/16843494//89203840/29000064/3.05/3.07//2008-9-18 13:31:30
709/600029/南方航空/3.070	56080	3.060	96800	3.050	526616	0.000	0	0.000	0	3.080	132850	3.090	203190	3.100	306750	3.110	108600	3.120	148650	/16843494//89869664/29217436/3.07/3.07//2008-9-18 13:32:31
709/600029/南方航空/3.090	39410	3.080	101750	3.070	172380	3.060	112100	3.050	409316	3.100	291600	3.110	106900	3.120	145700	3.130	70650	3.140	43000	/16843494//91066160/29605176/3.1/3.07//2008-9-18 13:33:31
709/600029/南方航空/3.100	48050	3.090	54010	3.080	213150	3.070	165480	3.060	82400	3.110	105900	3.120	136600	3.130	71400	3.140	53100	3.150	175390	/16843494//91862216/29862024/3.1/3.07//2008-9-18 13:34:32
709/600029/南方航空/3.100	157750	3.090	51860	3.080	217450	3.070	136080	3.060	65700	3.110	27980	3.120	126950	3.130	59350	3.140	54100	3.150	176390	/16843494//92772224/30155076/3.11/3.07//2008-9-18 13:35:32
709/600029/南方航空/3.110	48420	3.100	163500	3.090	34900	3.080	213750	3.070	134980	3.120	8850	3.130	50750	3.140	81600	3.150	210740	3.160	413540	/16843494//93603880/30422056/3.12/3.07//2008-9-18 13:36:33
709/600029/南方航空/3.110	5920	3.100	163600	3.090	34400	3.080	215050	3.070	114980	3.120	81265	3.130	100450	3.140	90300	3.150	221240	3.160	416040	/16843494//94161552/30600856/3.12/3.07//2008-9-18 13:37:34
709/600029/南方航空/3.100	143600	3.090	38500	3.080	211050	3.070	114480	3.060	204300	3.110	141610	3.120	96695	3.130	106150	3.140	105700	3.150	251690	/16843494//94579984/30735376/3.1/3.07//2008-9-18 13:38:34
709/600029/南方航空/3.100	24950	3.090	38700	3.080	32250	3.070	287180	3.060	207500	3.110	149010	3.120	126145	3.130	67650	3.140	115400	3.150	250990	/16843494//95071776/30893924/3.11/3.07//2008-9-18 13:39:35
709/600029/南方航空/3.090	45650	3.080	28650	3.070	291780	3.060	90400	3.050	355616	3.100	8300	3.110	160860	3.120	131545	3.130	67650	3.140	121100	/16843494//95392760/30997524/3.1/3.07//2008-9-18 13:40:35
709/600029/南方航空/3.090	300	3.080	41450	3.070	298580	3.060	93900	3.050	356416	3.100	31450	3.110	150900	3.120	111345	3.130	67750	3.140	107000	/16843494//95809288/31132176/3.08/3.07//2008-9-18 13:41:36
709/600029/南方航空/3.090	214800	3.080	51850	3.070	297380	3.060	112000	3.050	366816	3.100	106600	3.110	66400	3.120	107645	3.130	70150	3.140	78100	/16843494//95928328/31170624/3.1/3.07//2008-9-18 13:42:36
709/600029/南方航空/3.120	341555	3.110	64000	3.100	123700	3.090	225200	3.080	100850	3.130	68350	3.140	70100	3.150	226940	3.160	424940	3.170	5900	/16843494//96927328/31491870/3.12/3.07//2008-9-18 13:43:37
709/600029/南方航空/3.140	43800	3.130	74750	3.120	9200	3.110	63000	3.100	107500	3.150	176790	3.160	421340	3.170	6000	3.180	69750	3.190	58150	/16843494//97416360/31647820/3.15/3.07//2008-9-18 13:44:37
709/600029/南方航空/3.170	4600	3.160	79020	3.150	111200	3.140	19448	3.130	56100	3.180	63450	3.190	91550	3.200	253200	3.210	18000	3.220	25200	/16843494//99753024/32388252/3.17/3.07//2008-9-18 13:45:38
709/600029/南方航空/3.180	29400	3.170	66950	3.160	112420	3.150	35600	3.140	6300	3.190	96150	3.200	247900	3.210	21900	3.220	29700	3.230	20850	/16843494//100274232/32552302/3.19/3.07//2008-9-18 13:46:39
709/600029/南方航空/3.170	363350	3.160	96920	3.150	19100	3.140	5600	3.130	17900	3.180	3010	3.190	31500	3.200	223350	3.210	21000	3.220	29200	/16843494//101038000/32792102/3.17/3.07//2008-9-18 13:47:39
709/600029/南方航空/3.200	248740	3.190	21000	3.180	74100	3.170	222000	3.160	101420	3.210	25000	3.220	29700	3.230	23750	3.240	6100	3.250	90000	/16843494//103346472/33515762/3.2/3.07//2008-9-18 13:48:40
709/600029/南方航空/3.200	11195	3.190	14800	3.180	110600	3.170	224600	3.160	97720	3.210	8450	3.220	51726	3.230	21950	3.240	34650	3.250	99250	/16843494//104201808/33782832/3.2/3.07//2008-9-18 13:49:40
709/600029/南方航空/3.170	214600	3.160	97920	3.150	41800	3.140	3500	3.130	13500	3.180	85050	3.190	153800	3.200	322255	3.210	103550	3.220	70073	/16843494//104689216/33935824/3.17/3.07//2008-9-18 13:50:41
709/600029/南方航空/3.160	39270	3.150	34000	3.140	2400	3.130	11800	3.120	1200	3.170	226619	3.180	169503	3.190	126600	3.200	219230	3.210	62250	/16843494//105943728/34331376/3.16/3.07//2008-9-18 13:51:41
709/600029/南方航空/3.130	11600	3.120	25000	3.110	56200	3.100	141300	3.090	214000	3.140	6100	3.150	175299	3.160	120835	3.170	120600	3.180	130820	/16843494//106318848/34450344/3.13/3.07//2008-9-18 13:52:42
709/600029/南方航空/3.130	5300	3.120	95851	3.110	74900	3.100	141400	3.090	214000	3.140	25600	3.150	115050	3.160	111335	3.170	85650	3.180	97870	/16843494//107749456/34907296/3.13/3.07//2008-9-18 13:53:42
709/600029/南方航空/3.130	19600	3.120	72901	3.110	84600	3.100	133800	3.090	216100	3.140	22500	3.150	94550	3.160	105635	3.170	70650	3.180	96970	/16843494//108294568/35081744/3.13/3.07//2008-9-18 13:54:43
709/600029/南方航空/3.130	17250	3.120	76701	3.110	96200	3.100	160500	3.090	220700	3.140	13800	3.160	44385	3.170	59050	3.180	87420	3.190	97800	/16843494//109194040/35367696/3.14/3.07//2008-9-18 13:55:44
709/600029/南方航空/3.140	81020	3.130	36550	3.120	87401	3.110	107500	3.100	158600	3.150	30250	3.160	59785	3.170	447300	3.180	79420	3.190	88800	/16843494//109498592/35464676/3.14/3.07//2008-9-18 13:56:44
709/600029/南方航空/3.150	70050	3.140	93520	3.130	27150	3.120	90301	3.110	107000	3.160	203635	3.170	440550	3.180	79970	3.190	94700	3.200	222675	/16843494//109968320/35613824/3.15/3.07//2008-9-18 13:57:45
709/600029/南方航空/3.140	90220	3.130	17150	3.120	99601	3.110	107000	3.100	161200	3.150	3600	3.160	133625	3.170	529000	3.180	79770	3.190	94950	/16843494//110628136/35823076/3.15/3.07//2008-9-18 13:58:45
709/600029/南方航空/3.150	1400	3.140	88920	3.130	33750	3.120	121001	3.110	105300	3.160	147625	3.170	527600	3.180	69270	3.190	74950	3.200	215075	/16843494//110948168/35924676/3.15/3.07//2008-9-18 13:59:46
709/600029/南方航空/3.140	86820	3.130	29550	3.120	119001	3.110	86500	3.100	178500	3.150	1100	3.160	161125	3.170	529600	3.180	81470	3.190	73700	/16843494//111325248/36044376/3.15/3.07//2008-9-18 14:0:47
709/600029/南方航空/3.130	20370	3.120	98701	3.110	76500	3.100	179800	3.090	215700	3.140	3500	3.150	37656	3.160	117625	3.170	531100	3.180	80770	/16843494//111934352/36237776/3.15/3.07//2008-9-18 14:1:47
709/600029/南方航空/3.120	102701	3.110	167600	3.100	222400	3.090	236700	3.080	84150	3.130	19680	3.140	12100	3.150	92306	3.160	112925	3.170	528100	/16843494//112257352/36340744/3.13/3.07//2008-9-18 14:2:48
709/600029/南方航空/3.130	10201	3.120	105201	3.110	168600	3.100	227700	3.090	238000	3.140	60550	3.150	136556	3.160	111125	3.170	528400	3.180	70620	/16843494//112383920/36381244/3.13/3.07//2008-9-18 14:3:48
709/600029/南方航空/3.130	12751	3.120	142601	3.110	167900	3.100	228700	3.090	238000	3.140	86600	3.150	159706	3.160	118125	3.170	529400	3.180	70070	/16843494//112594784/36448592/3.14/3.07//2008-9-18 14:4:49
709/600029/南方航空/3.130	101451	3.120	104901	3.110	168900	3.100	233700	3.090	233500	3.140	54600	3.150	160805	3.160	159875	3.170	531300	3.180	70070	/16843494//112874304/36537792/3.14/3.07//2008-9-18 14:5:50
709/600029/南方航空/3.160	65725	3.150	49645	3.140	54200	3.130	109551	3.120	98701	3.170	520300	3.180	68570	3.190	72400	3.200	395327	3.210	61100	/16843494//114141040/36939524/3.16/3.07//2008-9-18 14:6:50
709/600029/南方航空/3.160	107783	3.150	2700	3.140	49800	3.130	33051	3.120	99201	3.170	446900	3.180	66220	3.190	65100	3.200	394277	3.210	63200	/16843494//114473408/37044464/3.17/3.07//2008-9-18 14:7:51
709/600029/南方航空/3.160	59783	3.150	7000	3.140	16700	3.130	32900	3.120	93901	3.170	224350	3.180	72320	3.190	69350	3.200	433887	3.210	64200	/16843494//115442336/37350368/3.17/3.07//2008-9-18 14:8:51
709/600029/南方航空/3.190	42500	3.180	94330	3.170	94450	3.160	35000	3.150	5700	3.200	412087	3.210	66200	3.220	43500	3.230	57150	3.240	53600	/16843494//116982232/37835288/3.19/3.07//2008-9-18 14:9:52
709/600029/南方航空/3.190	40700	3.180	4000	3.170	90650	3.160	35400	3.150	6500	3.200	214477	3.210	61000	3.220	56700	3.230	57750	3.240	59500	/16843494//117760336/38078584/3.19/3.07//2008-9-18 14:10:53
709/600029/南方航空/3.170	13400	3.160	35400	3.150	10500	3.140	4300	3.130	36900	3.180	64100	3.190	88700	3.200	96727	3.210	61600	3.220	57800	/16843494//118618432/38347288/3.18/3.07//2008-9-18 14:11:53
709/600029/南方航空/3.170	10800	3.160	36500	3.150	9400	3.140	1900	3.130	38400	3.180	29850	3.190	112700	3.200	167302	3.210	72000	3.220	60900	/16843494//118811656/38408088/3.17/3.07//2008-9-18 14:12:54
709/600029/南方航空/3.170	8250	3.160	16914	3.150	22900	3.140	13800	3.130	41100	3.180	2200	3.190	123950	3.200	169825	3.210	72000	3.220	62800	/16843494//119139936/38511520/3.18/3.07//2008-9-18 14:13:55
709/600029/南方航空/3.160	29414	3.150	15500	3.140	13700	3.130	42000	3.120	66001	3.170	13400	3.180	39250	3.190	117650	3.200	182952	3.210	72600	/16843494//119326496/38570272/3.17/3.07//2008-9-18 14:14:55
709/600029/南方航空/3.160	20714	3.150	30500	3.140	16600	3.130	41600	3.120	68801	3.170	24300	3.180	45700	3.190	117700	3.200	207652	3.210	73600	/16843494//119432592/38603772/3.17/3.07//2008-9-18 14:15:56
709/600029/南方航空/3.180	48300	3.170	182251	3.160	12300	3.150	32700	3.140	16600	3.190	123500	3.200	200202	3.210	69100	3.220	70300	3.230	97300	/16843494//119713080/38692120/3.18/3.07//2008-9-18 14:16:56
709/600029/南方航空/3.170	214851	3.160	10600	3.150	36600	3.140	24700	3.130	44300	3.180	29300	3.190	184800	3.200	196052	3.210	68100	3.220	70800	/16843494//120175304/38837420/3.18/3.07//2008-9-18 14:17:57
709/600029/南方航空/3.180	26500	3.170	208751	3.160	12200	3.150	32300	3.140	24700	3.190	111400	3.200	203752	3.210	35100	3.220	60800	3.230	97300	/16843494//120527968/38948120/3.19/3.07//2008-9-18 14:18:58
709/600029/南方航空/3.200	85548	3.190	62600	3.180	103400	3.170	204351	3.160	21000	3.210	30500	3.220	73950	3.230	96000	3.240	52000	3.250	246535	/16843494//121596272/39282372/3.2/3.07//2008-9-18 14:19:58
709/600029/南方航空/3.230	87150	3.220	19700	3.210	591500	3.200	168298	3.190	109900	3.240	33400	3.250	235435	3.260	64000	3.270	45400	3.280	97250	/16843494//122240056/39482172/3.24/3.07//2008-9-18 14:20:59
709/600029/南方航空/3.250	79765	3.240	70350	3.230	115100	3.220	41800	3.210	131500	3.260	52900	3.270	52300	3.280	85050	3.290	39549	3.300	135510	/16843494//123025352/39724056/3.26/3.07//2008-9-18 14:22:0
709/600029/南方航空/3.270	33500	3.260	197700	3.250	241365	3.240	51150	3.230	79400	3.280	60350	3.290	43450	3.300	129110	3.310	59100	3.320	19500	/16843494//123598920/39899908/3.27/3.07//2008-9-18 14:23:0
709/600029/南方航空/3.290	95050	3.280	24100	3.270	87800	3.260	114900	3.250	222565	3.300	29160	3.310	58050	3.320	24000	3.330	60000	3.340	66700	/16843494//124715200/40239208/3.29/3.07//2008-9-18 14:24:1
709/600029/南方航空/3.290	54150	3.280	22200	3.270	72200	3.260	206000	3.250	157665	3.300	74000	3.310	27810	3.320	28400	3.330	59200	3.340	71800	/16843494//125925624/40605908/3.3/3.07//2008-9-18 14:25:2
709/600029/南方航空/3.270	67700	3.260	54200	3.250	138365	3.240	28350	3.230	53100	3.280	4900	3.290	100500	3.300	175001	3.310	50510	3.320	37400	/16843494//126601336/40811160/3.28/3.07//2008-9-18 14:26:2
709/600029/南方航空/3.260	43050	3.250	86200	3.240	25450	3.230	52800	3.220	6800	3.270	176603	3.280	103770	3.290	127800	3.300	181300	3.310	43310	/16843494//126923848/40909808/3.26/3.07//2008-9-18 14:27:3
709/600029/南方航空/3.230	52000	3.220	6700	3.210	29000	3.200	219000	3.190	62000	3.240	8050	3.250	175681	3.260	202550	3.270	191953	3.280	84500	/16843494//127495272/41085508/3.23/3.07//2008-9-18 14:28:4
709/600029/南方航空/3.210	4050	3.200	150700	3.190	60400	3.180	29900	3.170	5500	3.220	30900	3.230	106210	3.240	76500	3.250	178400	3.260	80900	/16843494//127925216/41218856/3.22/3.07//2008-9-18 14:29:4
709/600029/南方航空/3.210	21850	3.200	291250	3.190	59200	3.180	40700	3.170	5500	3.220	36750	3.230	72800	3.240	24950	3.250	158550	3.260	28500	/16843494//128362600/41355056/3.21/3.07//2008-9-18 14:30:5
709/600029/南方航空/3.220	32980	3.210	43150	3.200	217850	3.190	59200	3.180	44900	3.230	63700	3.240	24950	3.250	157200	3.260	32350	3.270	135353	/16843494//128773320/41482576/3.23/3.07//2008-9-18 14:31:6
709/600029/南方航空/3.220	63930	3.210	86550	3.200	215150	3.190	39300	3.180	43900	3.230	4250	3.240	24550	3.250	132700	3.260	27900	3.270	136253	/16843494//129151112/41599628/3.22/3.07//2008-9-18 14:32:6
709/600029/南方航空/3.240	90100	3.230	39350	3.220	140980	3.210	90750	3.200	211150	3.250	154550	3.260	23600	3.270	127953	3.280	81850	3.290	61700	/16843494//129452312/41692828/3.25/3.07//2008-9-18 14:33:7
709/600029/南方航空/3.230	56150	3.220	157680	3.210	80550	3.200	129650	3.190	13300	3.240	2400	3.250	144050	3.260	15100	3.270	125003	3.280	82750	/16843494//130200912/41924028/3.24/3.07//2008-9-18 14:34:8
709/600029/南方航空/3.230	69700	3.220	150780	3.210	66400	3.200	133300	3.190	13300	3.250	117400	3.260	16400	3.270	114353	3.280	91650	3.290	68200	/16843494//130618216/42052776/3.25/3.07//2008-9-18 14:35:8
709/600029/南方航空/3.230	71701	3.220	151980	3.210	64500	3.200	137400	3.190	13300	3.240	22200	3.250	136000	3.260	15150	3.270	115153	3.280	93950	/16843494//130862624/42128276/3.24/3.07//2008-9-18 14:36:9
709/600029/南方航空/3.230	21851	3.220	163580	3.210	69000	3.200	137700	3.190	13500	3.240	30250	3.250	160500	3.260	9850	3.270	113103	3.280	97450	/16843494//131395440/42293028/3.24/3.07//2008-9-18 14:37:10
709/600029/南方航空/3.220	155680	3.210	63300	3.200	137500	3.190	15400	3.180	28300	3.230	68749	3.240	68550	3.250	162623	3.260	11000	3.270	113603	/16843494//131625480/42364176/3.22/3.07//2008-9-18 14:38:10
709/600029/南方航空/3.220	48780	3.210	67400	3.200	142900	3.190	14700	3.180	29900	3.230	49349	3.240	109150	3.250	146873	3.260	17400	3.270	114203	/16843494//132052208/42496680/3.22/3.07//2008-9-18 14:39:11
709/600029/南方航空/3.200	125200	3.190	146700	3.180	32200	3.170	13500	3.160	24100	3.210	90975	3.220	224520	3.230	59799	3.240	105850	3.250	161373	/16843494//132484912/42631256/3.21/3.07//2008-9-18 14:40:12
709/600029/南方航空/3.190	11900	3.180	43800	3.170	12300	3.160	29200	3.150	64800	3.200	25010	3.210	130275	3.220	205820	3.230	52349	3.240	97450	/16843494//132959976/42779656/3.19/3.07//2008-9-18 14:41:12
709/600029/南方航空/3.190	1300	3.180	1500	3.150	32100	3.140	11200	3.130	32400	3.200	61900	3.210	85125	3.220	164950	3.230	55949	3.240	96550	/16843494//133607528/42983560/3.19/3.07//2008-9-18 14:42:13
709/600029/南方航空/3.190	71600	3.180	52600	3.170	30100	3.160	158600	3.150	51600	3.200	70450	3.210	80225	3.220	166450	3.230	52349	3.240	104150	/16843494//133781800/43038256/3.19/3.07//2008-9-18 14:43:14
709/600029/南方航空/3.190	187700	3.180	95400	3.170	56600	3.160	166900	3.150	70700	3.200	67000	3.210	90975	3.220	162450	3.230	52449	3.240	103250	/16843494//134073392/43129456/3.2/3.07//2008-9-18 14:44:14
709/600029/南方航空/3.200	14900	3.190	157200	3.180	103300	3.170	63200	3.160	168600	3.210	60900	3.220	55750	3.230	55049	3.240	102650	3.250	141873	/16843494//134646656/43308656/3.2/3.07//2008-9-18 14:45:15
709/600029/南方航空/3.190	52300	3.180	108000	3.170	59400	3.160	34500	3.150	66300	3.200	54950	3.210	108000	3.220	57250	3.230	51449	3.240	102650	/16843494//134880432/43381760/3.2/3.07//2008-9-18 14:46:16
709/600029/南方航空/3.180	122200	3.170	59800	3.160	39300	3.150	69500	3.140	73400	3.190	28450	3.200	139100	3.210	69700	3.220	65150	3.230	51749	/16843494//135229600/43491256/3.18/3.07//2008-9-18 14:47:16
709/600029/南方航空/3.170	47798	3.160	66100	3.150	74500	3.140	73500	3.130	53000	3.180	139900	3.190	56350	3.200	148600	3.210	71250	3.220	63000	/16843494//135893168/43699960/3.17/3.07//2008-9-18 14:48:17
709/600029/南方航空/3.150	71200	3.140	74000	3.130	57300	3.120	67501	3.110	173200	3.160	39250	3.170	184916	3.180	130500	3.190	102250	3.200	147000	/16843494//136261040/43816208/3.16/3.07//2008-9-18 14:49:18
709/600029/南方航空/3.150	285375	3.140	81500	3.130	59800	3.120	94701	3.110	173200	3.160	61100	3.170	184916	3.180	108850	3.190	97050	3.200	107200	/16843494//136694080/43953536/3.15/3.07//2008-9-18 14:50:18
709/600029/南方航空/3.160	33325	3.150	343325	3.140	97000	3.130	60700	3.120	99501	3.170	50500	3.180	131850	3.190	107900	3.200	114950	3.210	46400	/16843494//137288800/44141860/3.17/3.07//2008-9-18 14:51:19
709/600029/南方航空/3.160	153725	3.150	223925	3.140	92600	3.130	57700	3.120	75801	3.170	2200	3.180	133950	3.190	106900	3.200	141450	3.210	45550	/16843494//137697744/44271060/3.17/3.07//2008-9-18 14:52:20
709/600029/南方航空/3.170	29000	3.160	168025	3.150	231925	3.140	92100	3.130	51800	3.180	122250	3.190	106900	3.200	151150	3.210	45550	3.220	61450	/16843494//138024432/44374160/3.17/3.07//2008-9-18 14:53:21
709/600029/南方航空/3.170	23100	3.160	176625	3.150	234425	3.140	92300	3.130	56600	3.180	93500	3.190	69250	3.200	131650	3.210	45850	3.220	61450	/16843494//138594512/44553660/3.18/3.07//2008-9-18 14:54:21
709/600029/南方航空/3.180	79900	3.170	49400	3.160	181425	3.150	220925	3.140	91700	3.190	105450	3.200	135250	3.210	44450	3.220	64850	3.230	39599	/16843494//139150048/44728360/3.19/3.07//2008-9-18 14:55:22
709/600029/南方航空/3.170	67500	3.160	201525	3.150	225025	3.140	91000	3.130	34900	3.180	36250	3.190	231560	3.200	152300	3.210	49550	3.220	66850	/16843494//139588480/44866160/3.18/3.07//2008-9-18 14:56:23
709/600029/南方航空/3.170	158600	3.160	193125	3.150	198325	3.140	91000	3.130	28200	3.180	28450	3.190	250460	3.200	162950	3.210	43250	3.220	68900	/16843494//140114800/45031760/3.17/3.07//2008-9-18 14:57:23
709/600029/南方航空/3.180	38300	3.170	233200	3.160	173725	3.150	196925	3.140	89500	3.190	39459	3.200	171000	3.210	42750	3.220	68900	3.230	48349	/16843494//141699440/45529460/3.18/3.07//2008-9-18 14:58:24
709/600029/南方航空/3.170	310000	3.160	172325	3.150	195625	3.140	86900	3.130	22400	3.180	42800	3.190	6909	3.200	232600	3.210	42150	3.220	68900	/16843494//142661088/45831660/3.18/3.07//2008-9-18 14:59:25
709/600029/南方航空/3.190	25191	3.180	4700	3.170	318800	3.160	168425	3.150	100000	3.200	194050	3.210	42150	3.220	68900	3.230	36949	3.240	29900	/16843494//143279040/46025868/3.18/3.07//2008-9-18 15:0:26
709/600029/南方航空/3.190	25191	3.180	4700	3.170	318800	3.160	168425	3.150	100000	3.200	194050	3.210	42150	3.220	68900	3.230	36949	3.240	29900	/16843494//143279040/46025868/3.18/3.07//2008-9-18 15:1:26
709/600029/南方航空/3.190	25191	3.180	4700	3.170	318800	3.160	168425	3.150	100000	3.200	194050	3.210	42150	3.220	68900	3.230	36949	3.240	29900	/16843494//143279040/46025868/3.18/3.07//2008-9-18 15:2:27
