31/600067/冠城大通/4.600	600	4.580	7100	4.520	17600	4.510	2200	4.500	1000	4.630	28400	4.650	3000	4.660	42100	4.670	2337	4.680	2160	/16842785//35654/7700/4.6/4.72//2008-9-18 9:31:34
31/600067/冠城大通/4.590	700	4.580	3400	4.530	1000	4.520	17600	4.510	2200	4.620	2000	4.650	3000	4.660	42100	4.670	2337	4.680	1700	/16842785//62680/13600/4.58/4.72//2008-9-18 9:32:35
31/600067/冠城大通/4.530	1000	4.520	17600	4.510	2000	4.500	2500	4.490	3000	4.560	24300	4.580	2000	4.590	460	4.650	2800	4.660	42100	/16842785//72305/15700/4.58/4.72//2008-9-18 9:33:35
31/600067/冠城大通/4.510	2000	4.500	2500	4.490	3000	4.480	10000	4.470	400	4.520	1600	4.530	460	4.560	22300	4.580	500	4.610	1000	/16842785//249589/54900/4.52/4.72//2008-9-18 9:34:35
31/600067/冠城大通/4.500	2340	4.490	4000	4.480	10000	4.470	400	4.420	300	4.510	26500	4.520	1600	4.560	22300	4.580	1500	4.610	1000	/16842785//194637/42760/4.51/4.72//2008-9-18 9:35:35
31/600067/冠城大通/4.490	4000	4.480	10000	4.470	400	4.430	800	4.420	800	4.500	3860	4.510	18800	4.520	1400	4.560	22300	4.580	1500	/16842785//245747/54100/4.5/4.72//2008-9-18 9:36:36
31/600067/冠城大通/4.490	800	4.480	10000	4.470	400	4.430	800	4.420	19400	4.510	2560	4.520	1400	4.550	500	4.560	22300	4.580	1500	/16842785//352028/77700/4.51/4.72//2008-9-18 9:37:36
31/600067/冠城大通/4.490	700	4.480	10000	4.470	400	4.460	100	4.430	2400	4.510	2560	4.520	1400	4.550	500	4.560	22300	4.580	1500	/16842785//372233/82200/4.49/4.72//2008-9-18 9:38:36
31/600067/冠城大通/4.490	500	4.480	10000	4.470	400	4.460	100	4.450	500	4.500	3370	4.510	2560	4.520	1400	4.550	5500	4.560	22300	/16842785//382570/84500/4.49/4.72//2008-9-18 9:39:36
31/600067/冠城大通/4.500	4130	4.480	7400	4.470	400	4.460	100	4.450	500	4.510	2560	4.520	1400	4.550	5500	4.580	1500	4.600	500	/16842785//450139/99540/4.5/4.72//2008-9-18 9:40:36
31/600067/冠城大通/4.490	600	4.450	2000	4.440	5000	4.430	4400	4.420	20400	4.510	1000	4.520	830	4.550	5500	4.580	1500	4.600	500	/16842785//537817/119100/4.52/4.72//2008-9-18 9:41:37
31/600067/冠城大通/4.490	600	4.460	4500	4.450	16400	4.440	5000	4.430	4400	4.520	830	4.550	5500	4.580	1500	4.600	500	4.610	1000	/16842785//540072/119600/4.51/4.72//2008-9-18 9:42:37
31/600067/冠城大通/4.490	600	4.470	500	4.460	10700	4.450	16400	4.440	5000	4.520	830	4.550	5500	4.580	1500	4.600	500	4.610	1300	/16842785//540072/119600/4.51/4.72//2008-9-18 9:43:37
31/600067/冠城大通/4.510	95	4.500	700	4.490	9000	4.470	2600	4.460	10700	4.520	730	4.550	5500	4.580	1500	4.600	500	4.610	1300	/16842785//565251/125205/4.51/4.72//2008-9-18 9:44:37
31/600067/冠城大通/4.520	6270	4.510	95	4.500	700	4.490	8000	4.480	100	4.550	1000	4.580	1500	4.600	500	4.610	1300	4.650	1300	/16842785//589026/130435/4.55/4.72//2008-9-18 9:45:37
31/600067/冠城大通/4.520	5270	4.510	95	4.500	3200	4.490	6000	4.480	100	4.550	1100	4.580	500	4.600	2000	4.610	1300	4.650	1300	/16842785//596761/132135/4.55/4.72//2008-9-18 9:46:38
31/600067/冠城大通/4.510	95	4.500	3200	4.490	6000	4.470	1600	4.460	10700	4.520	1130	4.550	5600	4.580	500	4.600	2000	4.610	1300	/16842785//616941/136605/4.52/4.72//2008-9-18 9:47:38
31/600067/冠城大通/4.510	1095	4.500	4600	4.490	6000	4.470	1600	4.460	10700	4.550	5600	4.580	500	4.600	2000	4.610	1300	4.650	2300	/16842785//616941/136605/4.52/4.72//2008-9-18 9:48:38
31/600067/冠城大通/4.510	1295	4.500	6100	4.490	6000	4.470	500	4.460	10700	4.530	2700	4.550	5600	4.580	500	4.600	2000	4.610	1300	/16842785//651366/144205/4.53/4.72//2008-9-18 9:49:39
31/600067/冠城大通/4.500	5100	4.490	5000	4.470	16300	4.460	10700	4.450	17400	4.530	205	4.550	5600	4.580	500	4.600	2000	4.610	1300	/16842785//676211/149700/4.53/4.72//2008-9-18 9:50:39
31/600067/冠城大通/4.510	1000	4.500	5700	4.490	6000	4.470	16300	4.460	10700	4.530	3205	4.550	5600	4.580	500	4.600	2000	4.610	1300	/16842785//682996/151200/4.53/4.72//2008-9-18 9:51:39
31/600067/冠城大通/4.510	3900	4.500	5400	4.490	6000	4.470	16300	4.460	10700	4.520	11571	4.530	3205	4.550	5600	4.580	500	4.600	2000	/16842785//684349/151500/4.51/4.72//2008-9-18 9:52:39
31/600067/冠城大通/4.510	3900	4.500	5400	4.490	6000	4.480	700	4.470	16300	4.520	11571	4.530	3205	4.550	5600	4.580	500	4.600	2000	/16842785//685702/151800/4.51/4.72//2008-9-18 9:53:40
31/600067/冠城大通/4.500	1400	4.490	6000	4.480	1700	4.470	16300	4.460	12700	4.510	1987	4.520	11571	4.530	3205	4.550	5600	4.580	500	/16842785//715438/158400/4.5/4.72//2008-9-18 9:54:40
31/600067/冠城大通/4.500	600	4.490	6000	4.480	1700	4.470	16300	4.460	11200	4.510	2587	4.520	11571	4.530	3205	4.550	5600	4.580	3187	/16842785//722638/160000/4.5/4.72//2008-9-18 9:55:40
31/600067/冠城大通/4.490	6000	4.480	1700	4.470	16300	4.460	11200	4.450	15400	4.500	1400	4.510	887	4.520	11571	4.530	3205	4.550	5600	/16842785//729399/161500/4.5/4.72//2008-9-18 9:56:41
31/600067/冠城大通/4.500	5000	4.490	3000	4.480	1700	4.470	16300	4.460	8200	4.510	2600	4.520	11571	4.530	3205	4.550	5600	4.580	3187	/16842785//740169/163900/4.49/4.72//2008-9-18 9:57:41
31/600067/冠城大通/4.500	3600	4.490	3000	4.480	4700	4.470	500	4.460	8200	4.510	2600	4.520	11571	4.530	3205	4.550	1100	4.580	3187	/16842785//746469/165300/4.5/4.72//2008-9-18 9:58:41
31/600067/冠城大通/4.490	3000	4.480	5700	4.470	500	4.460	8200	4.450	15400	4.500	1397	4.510	2600	4.530	3205	4.550	5600	4.580	3187	/16842785//774819/171600/4.5/4.72//2008-9-18 9:59:41
31/600067/冠城大通/4.480	2700	4.470	500	4.460	8500	4.450	15400	4.440	5500	4.490	800	4.500	3187	4.510	2600	4.530	3205	4.550	7600	/16842785//804909/178300/4.49/4.72//2008-9-18 10:0:42
31/600067/冠城大通/4.480	1140	4.470	500	4.460	8500	4.450	15400	4.440	5500	4.490	2800	4.500	3187	4.510	2600	4.530	3205	4.550	7600	/16842785//809926/179420/4.48/4.72//2008-9-18 10:1:42
31/600067/冠城大通/4.480	677	4.470	1500	4.460	8500	4.450	15400	4.440	5500	4.500	187	4.510	3600	4.530	3205	4.550	7600	4.580	3187	/16842785//834046/184786/4.48/4.5//2008-9-18 10:2:42
31/600067/冠城大通/4.470	1500	4.460	8500	4.450	15400	4.440	5000	4.430	4400	4.480	20110	4.500	4687	4.510	3600	4.530	3205	4.550	7600	/16842785//835453/185100/4.48/4.5//2008-9-18 10:3:42
31/600067/冠城大通/4.450	14900	4.440	5000	4.430	4400	4.420	20100	4.410	100	4.460	1000	4.470	500	4.480	20110	4.500	4687	4.510	3600	/16842785//884518/196100/4.45/4.5//2008-9-18 10:4:43
31/600067/冠城大通/4.460	100	4.450	13300	4.440	5100	4.430	4400	4.420	20100	4.470	500	4.480	20110	4.500	4687	4.510	3600	4.530	3205	/16842785//895657/198600/4.45/4.5//2008-9-18 10:5:43
31/600067/冠城大通/4.460	4000	4.450	4319	4.440	5100	4.430	4400	4.420	20100	4.480	2000	4.490	20000	4.500	4687	4.510	3600	4.530	3205	/16842785//1054783/234181/4.45/4.5//2008-9-18 10:6:43
31/600067/冠城大通/4.480	200	4.460	137	4.450	7719	4.440	5100	4.430	4400	4.500	5187	4.510	3600	4.530	3205	4.550	6600	4.580	3187	/16842785//1222092/271544/4.46/4.5//2008-9-18 10:7:44
31/600067/冠城大通/4.460	6037	4.450	7819	4.440	5100	4.430	4400	4.420	20100	4.480	3300	4.500	5187	4.510	3600	4.530	3205	4.550	6600	/16842785//1222988/271744/4.48/4.5//2008-9-18 10:8:44
31/600067/冠城大通/4.460	7537	4.450	7819	4.440	5100	4.430	4400	4.420	20100	4.480	6300	4.500	5187	4.510	2600	4.530	3205	4.550	2100	/16842785//1328268/295244/4.48/4.5//2008-9-18 10:9:44
31/600067/冠城大通/4.500	745	4.480	5000	4.470	3300	4.460	7537	4.450	7819	4.530	2805	4.550	2100	4.580	3187	4.600	600	4.610	1300	/16842785//1398637/310899/4.53/4.5//2008-9-18 10:10:44
31/600067/冠城大通/4.500	845	4.480	700	4.470	3300	4.460	7537	4.450	6819	4.530	2805	4.550	2100	4.580	3187	4.600	600	4.610	1300	/16842785//1398637/310899/4.53/4.5//2008-9-18 10:11:45
31/600067/冠城大通/4.500	845	4.480	700	4.470	13200	4.460	7537	4.450	6819	4.530	2805	4.550	2100	4.580	3187	4.600	600	4.610	1300	/16842785//1398637/310899/4.53/4.5//2008-9-18 10:12:45
31/600067/冠城大通/4.500	845	4.480	1200	4.470	13200	4.460	7537	4.450	6819	4.530	2805	4.550	2100	4.580	3187	4.600	600	4.610	1300	/16842785//1398637/310899/4.53/4.5//2008-9-18 10:13:45
31/600067/冠城大通/4.500	445	4.480	1200	4.470	13200	4.460	7537	4.450	6819	4.530	2805	4.550	2100	4.580	3187	4.600	1600	4.610	1300	/16842785//1418437/315299/4.5/4.5//2008-9-18 10:14:46
31/600067/冠城大通/4.530	595	4.500	3445	4.480	1200	4.470	15200	4.460	7537	4.550	2100	4.580	3187	4.600	1600	4.610	300	4.630	1000	/16842785//1443850/320909/4.53/4.5//2008-9-18 10:15:46
31/600067/冠城大通/4.500	3445	4.480	700	4.470	15200	4.460	7537	4.450	7119	4.530	555	4.550	2100	4.580	3187	4.600	1600	4.610	300	/16842785//1433839/318699/4.53/4.5//2008-9-18 10:16:46
31/600067/冠城大通/4.490	945	4.480	4400	4.470	15200	4.460	7537	4.450	5219	4.530	555	4.550	2100	4.580	3187	4.600	2000	4.610	300	/16842785//1491888/331599/4.49/4.5//2008-9-18 10:17:47
31/600067/冠城大通/4.530	2445	4.500	1400	4.490	945	4.480	4600	4.470	15200	4.550	2100	4.580	3187	4.600	2000	4.610	300	4.630	1000	/16842785//1512522/336154/4.53/4.5//2008-9-18 10:18:47
31/600067/冠城大通/4.580	2813	4.550	7400	4.530	2445	4.500	1400	4.490	945	4.600	2000	4.610	300	4.630	1000	4.650	4025	4.660	44200	/16842785//1538949/341941/4.58/4.5//2008-9-18 10:19:47
31/600067/冠城大通/4.580	2813	4.550	7400	4.530	2445	4.500	1400	4.490	945	4.600	600	4.610	300	4.630	1000	4.650	4025	4.660	44200	/16842785//1553545/345128/4.58/4.5//2008-9-18 10:20:48
31/600067/冠城大通/4.550	7400	4.530	2445	4.500	1400	4.490	945	4.480	900	4.580	187	4.600	600	4.610	1300	4.620	2500	4.630	1000	/16842785//1551832/344754/4.58/4.5//2008-9-18 10:21:48
31/600067/冠城大通/4.560	500	4.550	7400	4.530	2445	4.500	1400	4.490	945	4.580	687	4.600	2100	4.610	1300	4.620	2500	4.630	1000	/16842785//1551832/344754/4.58/4.5//2008-9-18 10:22:48
31/600067/冠城大通/4.550	7400	4.530	2445	4.500	1400	4.490	945	4.480	200	4.560	4911	4.580	1087	4.600	2100	4.610	1300	4.620	2500	/16842785//1554112/345254/4.56/4.5//2008-9-18 10:23:48
31/600067/冠城大通/4.550	5740	4.530	2445	4.500	1400	4.490	945	4.480	200	4.560	11	4.580	1087	4.600	2100	4.610	1300	4.620	2500	/16842785//1584009/351814/4.55/4.5//2008-9-18 10:24:49
31/600067/冠城大通/4.560	15000	4.530	2445	4.500	1400	4.490	945	4.480	200	4.580	358	4.600	12100	4.610	1300	4.620	2500	4.630	1000	/16842785//1614698/358554/4.58/4.5//2008-9-18 10:25:49
31/600067/冠城大通/4.580	29500	4.560	12600	4.550	100	4.530	2445	4.500	1400	4.600	258	4.610	1300	4.620	2500	4.630	1000	4.650	4025	/16842785//1685422/373954/4.58/4.5//2008-9-18 10:26:49
31/600067/冠城大通/4.630	1442	4.600	1000	4.580	29500	4.560	12600	4.550	100	4.650	4025	4.660	44200	4.680	1700	4.690	200	4.700	7409	/16842785//1706472/378512/4.63/4.5//2008-9-18 10:27:50
31/600067/冠城大通/4.580	29500	4.560	12600	4.550	100	4.530	2445	4.500	1400	4.630	1059	4.640	999	4.650	6025	4.660	44200	4.680	1700	/16842785//1713149/379954/4.63/4.5//2008-9-18 10:28:50
31/600067/冠城大通/4.590	10000	4.580	29500	4.560	12600	4.550	100	4.530	2445	4.630	9003	4.640	3999	4.650	6225	4.660	44200	4.680	1700	/16842785//1713149/379954/4.63/4.5//2008-9-18 10:29:50
31/600067/冠城大通/4.590	10000	4.580	29500	4.560	12600	4.550	100	4.530	2445	4.630	9503	4.640	3999	4.650	7225	4.660	44200	4.680	1700	/16842785//1713149/379954/4.63/4.5//2008-9-18 10:30:51
31/600067/冠城大通/4.590	7000	4.580	29500	4.560	12600	4.550	100	4.530	2445	4.610	2399	4.620	999	4.630	10903	4.640	3400	4.650	7225	/16842785//1726919/382954/4.59/4.5//2008-9-18 10:31:51
31/600067/冠城大通/4.560	11100	4.550	100	4.530	2445	4.510	2500	4.500	5600	4.590	999	4.600	400	4.630	10903	4.640	3400	4.650	8225	/16842785//1900999/420954/4.56/4.5//2008-9-18 10:32:51
31/600067/冠城大通/4.560	9015	4.550	100	4.530	2445	4.510	2500	4.500	5600	4.590	33498	4.630	10903	4.640	3400	4.650	8225	4.660	44200	/16842785//1912801/423539/4.59/4.5//2008-9-18 10:33:52
31/600067/冠城大通/4.560	5815	4.550	100	4.530	2445	4.520	500	4.510	2500	4.580	400	4.590	31099	4.630	10903	4.640	3400	4.650	8225	/16842785//1927393/426739/4.56/4.5//2008-9-18 10:34:52
31/600067/冠城大通/4.560	615	4.550	100	4.530	2445	4.520	500	4.510	2500	4.580	400	4.590	31099	4.630	10903	4.640	3400	4.650	8225	/16842785//1972993/436739/4.56/4.5//2008-9-18 10:35:52
31/600067/冠城大通/4.550	100	4.530	2445	4.520	500	4.510	2500	4.500	5600	4.560	2385	4.580	400	4.590	31099	4.600	2600	4.630	10903	/16842785//1975798/437354/4.56/4.5//2008-9-18 10:36:53
31/600067/冠城大通/4.550	100	4.530	2445	4.520	500	4.510	500	4.500	5600	4.560	85	4.580	400	4.590	31099	4.600	2600	4.630	11203	/16842785//1986286/439654/4.56/4.5//2008-9-18 10:37:53
31/600067/冠城大通/4.530	2445	4.520	500	4.510	500	4.500	5600	4.490	8545	4.550	1200	4.560	85	4.580	1400	4.590	31099	4.600	2600	/16842785//1986741/439754/4.55/4.5//2008-9-18 10:38:53
31/600067/冠城大通/4.530	7445	4.520	500	4.510	1000	4.500	5600	4.490	8545	4.550	11700	4.560	85	4.580	1400	4.590	31099	4.600	2600	/16842785//2010401/444954/4.55/4.5//2008-9-18 10:39:54
31/600067/冠城大通/4.530	7445	4.520	500	4.510	12500	4.500	5600	4.490	8545	4.550	11700	4.560	85	4.580	8460	4.590	31099	4.600	2600	/16842785//2010401/444954/4.55/4.5//2008-9-18 10:40:54
31/600067/冠城大通/4.530	7445	4.520	1100	4.510	12500	4.500	5600	4.490	8545	4.550	11700	4.560	85	4.580	8460	4.590	31099	4.600	2600	/16842785//2010401/444954/4.55/4.5//2008-9-18 10:41:54
31/600067/冠城大通/4.560	215	4.550	200	4.540	2500	4.530	7445	4.520	1100	4.580	7460	4.590	31099	4.600	2600	4.630	11203	4.640	3400	/16842785//2108546/466524/4.56/4.5//2008-9-18 10:42:55
31/600067/冠城大通/4.570	200	4.560	215	4.550	200	4.540	2800	4.530	7445	4.580	7460	4.590	31099	4.600	6845	4.630	11203	4.640	3400	/16842785//2108546/466524/4.56/4.5//2008-9-18 10:43:55
31/600067/冠城大通/4.540	2800	4.530	7445	4.520	1100	4.510	12500	4.500	5600	4.550	6185	4.580	6960	4.590	31099	4.600	6845	4.630	11203	/16842785//2060018/455854/4.55/4.5//2008-9-18 10:44:56
31/600067/冠城大通/4.540	3400	4.530	7445	4.520	500	4.510	12500	4.500	5600	4.550	6185	4.590	31099	4.600	6845	4.630	11203	4.640	3400	/16842785//2062822/456469/4.55/4.5//2008-9-18 10:45:56
31/600067/冠城大通/4.540	1219	4.530	7445	4.520	500	4.510	12500	4.500	5600	4.550	6085	4.590	30499	4.600	7945	4.630	11203	4.640	3400	/16842785//2069012/457835/4.54/4.5//2008-9-18 10:46:56
31/600067/冠城大通/4.530	3145	4.520	500	4.510	12500	4.500	3600	4.490	8545	4.540	11251	4.550	6785	4.580	495	4.590	30499	4.600	7945	/16842785//2094026/463354/4.53/4.5//2008-9-18 10:47:57
31/600067/冠城大通/4.510	12445	4.500	3600	4.490	8545	4.480	10200	4.470	13200	4.540	1631	4.550	6085	4.580	495	4.590	30499	4.600	7945	/16842785//2110780/467054/4.51/4.5//2008-9-18 10:48:57
31/600067/冠城大通/4.510	9367	4.500	2300	4.490	8545	4.480	10200	4.470	13200	4.540	9631	4.580	1495	4.590	30499	4.600	7945	4.630	11203	/16842785//2124662/470132/4.51/4.5//2008-9-18 10:49:57
31/600067/冠城大通/4.510	2277	4.500	2300	4.490	8545	4.480	10000	4.470	13200	4.540	10331	4.580	2495	4.590	30899	4.600	7945	4.630	11203	/16842785//2171560/480522/4.51/4.5//2008-9-18 10:50:58
31/600067/冠城大通/4.490	6522	4.480	10000	4.470	13200	4.460	12537	4.450	2400	4.540	9331	4.550	1000	4.580	2000	4.590	30899	4.600	7945	/16842785//2235034/494622/4.49/4.5//2008-9-18 10:51:58
31/600067/冠城大通/4.490	5622	4.480	10000	4.470	13200	4.460	12537	4.450	2400	4.540	4231	4.550	1000	4.580	2000	4.590	30899	4.600	7945	/16842785//2262323/500622/4.54/4.5//2008-9-18 10:52:58
31/600067/冠城大通/4.500	2000	4.490	5622	4.480	10000	4.470	13200	4.460	12537	4.540	6306	4.550	1000	4.580	2000	4.590	30899	4.600	7945	/16842785//2274023/503222/4.5/4.5//2008-9-18 10:53:59
31/600067/冠城大通/4.490	15622	4.480	10000	4.470	13200	4.460	12537	4.450	2400	4.500	1700	4.530	1000	4.540	6306	4.550	1000	4.580	3000	/16842785//2286623/506022/4.5/4.5//2008-9-18 10:54:59
31/600067/冠城大通/4.500	500	4.490	25622	4.480	10000	4.470	13200	4.460	12537	4.530	1000	4.540	5806	4.550	1000	4.580	3000	4.590	30899	/16842785//2312273/511722/4.5/4.5//2008-9-18 10:56:0
31/600067/冠城大通/4.510	5000	4.500	38500	4.490	25622	4.480	10000	4.470	13200	4.530	1000	4.540	5806	4.550	1000	4.580	3000	4.590	30899	/16842785//2314533/512222/4.51/4.5//2008-9-18 10:57:0
31/600067/冠城大通/4.520	4000	4.510	4900	4.500	35500	4.490	25622	4.480	10000	4.530	1000	4.540	5806	4.550	1000	4.580	3000	4.590	30899	/16842785//2314984/512322/4.51/4.5//2008-9-18 10:58:0
31/600067/冠城大通/4.520	2510	4.510	15000	4.500	35000	4.490	25722	4.480	10000	4.530	1000	4.540	5806	4.550	1000	4.580	3000	4.590	30899	/16842785//2321718/513812/4.52/4.5//2008-9-18 10:59:1
31/600067/冠城大通/4.520	1110	4.510	15400	4.500	35000	4.490	25722	4.480	10000	4.530	1300	4.540	4806	4.550	1000	4.580	3000	4.590	30899	/16842785//2328046/515212/4.52/4.5//2008-9-18 11:0:1
31/600067/冠城大通/4.520	201	4.500	20010	4.490	25722	4.480	10000	4.470	13200	4.530	1800	4.540	4806	4.550	1000	4.580	3000	4.590	30400	/16842785//2484884/550011/4.52/4.5//2008-9-18 11:1:2
31/600067/冠城大通/4.500	20010	4.490	25722	4.470	13200	4.460	12537	4.450	2800	4.520	4199	4.530	4043	4.540	4806	4.550	1000	4.580	13000	/16842785//2485793/550212/4.52/4.5//2008-9-18 11:2:2
31/600067/冠城大通/4.510	5000	4.500	20010	4.490	25722	4.470	13200	4.460	12537	4.520	5799	4.530	4043	4.540	4806	4.550	1000	4.570	2276	/16842785//2485793/550212/4.52/4.5//2008-9-18 11:3:2
31/600067/冠城大通/4.500	20010	4.490	25722	4.470	13200	4.460	12537	4.450	2800	4.510	300	4.520	5799	4.530	4043	4.540	4806	4.550	1000	/16842785//2509245/555412/4.51/4.5//2008-9-18 11:4:3
31/600067/冠城大通/4.510	3700	4.500	14710	4.490	25722	4.470	13200	4.460	12537	4.520	7199	4.530	4043	4.540	4806	4.550	1300	4.570	3276	/16842785//2534448/561012/4.51/4.5//2008-9-18 11:5:3
31/600067/冠城大通/4.510	4700	4.500	14710	4.490	25722	4.470	13200	4.460	12537	4.520	2199	4.530	4043	4.540	4806	4.550	1300	4.570	1000	/16842785//2579648/571012/4.52/4.5//2008-9-18 11:6:4
31/600067/冠城大通/4.520	701	4.510	4700	4.500	15410	4.490	25722	4.470	13200	4.530	2243	4.540	4806	4.550	1300	4.570	1000	4.580	13000	/16842785//2572876/569511/4.53/4.5//2008-9-18 11:7:4
31/600067/冠城大通/4.520	701	4.510	4700	4.500	15410	4.490	25722	4.470	13200	4.530	1843	4.540	4806	4.550	1300	4.570	1000	4.580	13000	/16842785//2574688/569911/4.53/4.5//2008-9-18 11:8:4
31/600067/冠城大通/4.520	701	4.510	4700	4.500	15910	4.490	25722	4.470	13200	4.530	1843	4.540	4806	4.550	1300	4.570	1000	4.580	13000	/16842785//2574688/569911/4.53/4.5//2008-9-18 11:9:5
31/600067/冠城大通/4.460	1459	4.450	2800	4.440	5100	4.430	2400	4.420	500	4.500	29390	4.530	1843	4.540	4806	4.550	25300	4.570	1000	/16842785//3115287/690521/4.46/4.5//2008-9-18 11:10:5
31/600067/冠城大通/4.460	959	4.450	2300	4.440	5100	4.430	2400	4.420	500	4.500	29390	4.530	1843	4.540	104806	4.550	25300	4.570	1000	/16842785//2893614/641021/4.46/4.5//2008-9-18 11:11:6
31/600067/冠城大通/4.460	8959	4.450	2300	4.440	5100	4.430	2400	4.420	500	4.500	29390	4.530	2843	4.540	104806	4.550	25300	4.570	1000	/16842785//2893614/641021/4.46/4.5//2008-9-18 11:12:6
31/600067/冠城大通/4.470	4000	4.460	9859	4.450	2300	4.440	5100	4.430	2400	4.500	29390	4.530	2843	4.540	104806	4.550	25300	4.570	1000	/16842785//2895844/641521/4.46/4.5//2008-9-18 11:13:7
31/600067/冠城大通/4.480	5000	4.470	4000	4.460	1459	4.450	2300	4.440	5100	4.500	29390	4.530	3843	4.540	104806	4.550	25300	4.570	1000	/16842785//2895844/641521/4.46/4.5//2008-9-18 11:14:7
31/600067/冠城大通/4.490	5100	4.480	5000	4.460	1459	4.450	2300	4.440	5100	4.500	29390	4.530	15477	4.540	104806	4.550	25300	4.570	1000	/16842785//2895844/641521/4.46/4.5//2008-9-18 11:15:7
31/600067/冠城大通/4.490	4900	4.480	5000	4.470	3000	4.460	1459	4.450	2300	4.500	29390	4.530	15477	4.540	104806	4.550	25300	4.570	1000	/16842785//2896742/641721/4.49/4.5//2008-9-18 11:16:8
31/600067/冠城大通/4.490	6500	4.470	3000	4.460	1459	4.450	2300	4.440	5100	4.500	21390	4.530	15477	4.540	105806	4.550	25300	4.570	1000	/16842785//2936334/650521/4.49/4.5//2008-9-18 11:17:8
31/600067/冠城大通/4.490	4301	4.470	3000	4.460	1459	4.450	2300	4.440	5100	4.500	19390	4.530	15477	4.540	105806	4.550	26200	4.570	1000	/16842785//2944880/652420/4.5/4.5//2008-9-18 11:18:9
31/600067/冠城大通/4.490	688	4.470	3000	4.460	1459	4.450	2300	4.440	5100	4.500	19390	4.530	15477	4.540	105806	4.550	26200	4.570	1000	/16842785//2961103/656033/4.49/4.5//2008-9-18 11:19:9
31/600067/冠城大通/4.490	9088	4.470	3000	4.460	1459	4.450	2300	4.440	5100	4.500	19390	4.530	15477	4.540	105806	4.550	26700	4.570	1000	/16842785//3003309/665433/4.49/4.5//2008-9-18 11:20:10
31/600067/冠城大通/4.490	8088	4.470	3000	4.460	1459	4.450	2300	4.440	5100	4.500	19390	4.530	15477	4.540	105806	4.550	27220	4.570	1000	/16842785//3007799/666433/4.49/4.5//2008-9-18 11:21:10
31/600067/冠城大通/4.490	2888	4.470	3000	4.460	1459	4.450	2300	4.440	5100	4.500	19390	4.530	15477	4.540	105806	4.550	27220	4.570	1000	/16842785//3031147/671633/4.49/4.5//2008-9-18 11:22:10
31/600067/冠城大通/4.470	3000	4.460	1459	4.450	2300	4.440	5100	4.430	2400	4.490	1912	4.500	20390	4.530	15477	4.540	105806	4.550	27220	/16842785//3046359/675021/4.49/4.5//2008-9-18 11:23:11
31/600067/冠城大通/4.470	3000	4.460	1459	4.450	2300	4.440	5100	4.430	2400	4.490	1457	4.500	20390	4.530	15477	4.540	105806	4.550	27220	/16842785//3051747/676221/4.49/4.5//2008-9-18 11:24:11
31/600067/冠城大通/4.470	3000	4.460	1459	4.450	2300	4.440	100	4.430	2400	4.490	1457	4.500	20390	4.530	15477	4.540	105806	4.550	27220	/16842785//3051747/676221/4.49/4.5//2008-9-18 11:25:12
31/600067/冠城大通/4.470	1543	4.460	1459	4.450	2300	4.440	100	4.430	2400	4.490	300	4.500	20390	4.530	15477	4.540	105806	4.550	27220	/16842785//3064546/679078/4.47/4.5//2008-9-18 11:26:12
31/600067/冠城大通/4.470	1543	4.460	1459	4.450	2300	4.440	100	4.430	2400	4.490	2500	4.500	20390	4.530	15477	4.540	105806	4.550	27220	/16842785//3064546/679078/4.47/4.5//2008-9-18 11:27:13
31/600067/冠城大通/4.470	543	4.460	1459	4.450	2300	4.440	100	4.430	2400	4.490	2500	4.500	20390	4.530	15477	4.540	105806	4.550	27220	/16842785//3069016/680078/4.47/4.5//2008-9-18 11:28:13
31/600067/冠城大通/4.470	243	4.460	1459	4.450	2300	4.440	100	4.430	2400	4.490	3500	4.500	20390	4.530	15477	4.540	105806	4.550	30220	/16842785//3071251/680578/4.47/4.5//2008-9-18 11:29:14
31/600067/冠城大通/4.460	1459	4.450	2300	4.440	100	4.430	2400	4.420	22500	4.470	1157	4.490	3500	4.500	20390	4.530	15477	4.540	105806	/16842785//3072337/680821/4.47/4.5//2008-9-18 11:30:14
31/600067/冠城大通/4.460	1459	4.450	2300	4.440	100	4.430	2400	4.420	22500	4.470	1157	4.490	3500	4.500	20390	4.530	15477	4.540	105806	/16842785//3072337/680821/4.47/4.5//2008-9-18 11:31:15
31/600067/冠城大通/4.440	100	4.430	3400	4.420	22500	4.400	8500	4.350	2400	4.450	500	4.460	18641	4.470	2600	4.500	20790	4.530	17777	/16842785//3097979/686580/4.45/4.5//2008-9-18 13:1:15
31/600067/冠城大通/4.440	100	4.430	2400	4.420	22000	4.400	8500	4.350	2400	4.450	1000	4.460	18441	4.470	2600	4.500	20790	4.530	17777	/16842785//3101096/687280/4.46/4.5//2008-9-18 13:2:16
31/600067/冠城大通/4.420	4400	4.400	8500	4.350	2400	4.300	2700	4.280	4300	4.440	20800	4.460	18441	4.470	2600	4.500	20790	4.530	17777	/16842785//3190408/707480/4.42/4.5//2008-9-18 13:3:16
31/600067/冠城大通/4.400	2900	4.350	2400	4.300	2700	4.280	4300	4.270	3000	4.430	4200	4.440	20800	4.460	18441	4.470	2600	4.500	20790	/16842785//3278584/727480/4.4/4.5//2008-9-18 13:4:17
31/600067/冠城大通/4.400	700	4.350	2400	4.310	1000	4.300	2700	4.280	4300	4.430	4000	4.440	20800	4.460	18441	4.470	2600	4.500	20790	/16842785//3245062/719880/4.43/4.5//2008-9-18 13:5:17
31/600067/冠城大通/4.370	700	4.360	5461	4.350	1480	4.320	13100	4.310	1000	4.400	1800	4.420	500	4.430	1700	4.440	800	4.460	18441	/16842785//3258879/723039/4.4/4.5//2008-9-18 13:6:18
31/600067/冠城大通/4.400	1200	4.380	1000	4.370	700	4.360	100	4.350	1480	4.420	500	4.430	1700	4.440	800	4.460	18441	4.470	2600	/16842785//3275599/726839/4.4/4.5//2008-9-18 13:7:18
31/600067/冠城大通/4.380	1000	4.360	100	4.350	1980	4.320	13100	4.310	1000	4.400	2045	4.420	2500	4.430	1700	4.440	800	4.460	18441	/16842785//3286159/729239/4.4/4.5//2008-9-18 13:8:19
31/600067/冠城大通/4.360	800	4.350	1980	4.330	2000	4.320	13100	4.310	1000	4.400	1545	4.420	2500	4.430	1700	4.440	800	4.450	1000	/16842785//3283079/728539/4.4/4.5//2008-9-18 13:9:19
31/600067/冠城大通/4.400	3055	4.360	800	4.350	2480	4.330	2000	4.320	13100	4.420	2500	4.430	1700	4.440	800	4.450	1000	4.460	10441	/16842785//3289877/730084/4.4/4.5//2008-9-18 13:10:20
31/600067/冠城大通/4.350	2480	4.330	2000	4.320	13100	4.300	2200	4.280	4500	4.360	12900	4.400	6795	4.420	2500	4.430	1700	4.440	800	/16842785//3310295/734739/4.36/4.5//2008-9-18 13:11:20
31/600067/冠城大通/4.330	5000	4.320	13100	4.300	2100	4.280	4500	4.270	3000	4.350	38220	4.360	12900	4.400	6795	4.420	2500	4.430	1700	/16842785//3317595/736419/4.35/4.5//2008-9-18 13:12:21
31/600067/冠城大通/4.330	5000	4.320	13100	4.300	2100	4.280	4500	4.270	3000	4.340	845	4.350	28420	4.400	6795	4.420	1000	4.430	1700	/16842785//3319765/736919/4.34/4.5//2008-9-18 13:13:21
31/600067/冠城大通/4.320	7300	4.300	2100	4.280	4500	4.270	5000	4.260	32900	4.340	3945	4.350	11365	4.400	6795	4.420	1000	4.430	1700	/16842785//3446064/766019/4.34/4.5//2008-9-18 13:14:22
31/600067/冠城大通/4.320	5024	4.300	2100	4.280	4600	4.270	11600	4.260	32900	4.330	500	4.340	13945	4.350	11365	4.400	6795	4.420	1000	/16842785//3465728/770571/4.32/4.5//2008-9-18 13:15:22
31/600067/冠城大通/4.330	700	4.320	5024	4.300	2100	4.280	4600	4.270	11600	4.340	13945	4.350	11365	4.400	6795	4.420	1000	4.430	1700	/16842785//3464989/770395/4.33/4.5//2008-9-18 13:16:23
31/600067/冠城大通/4.330	700	4.320	5024	4.300	2600	4.280	4600	4.270	11600	4.340	13945	4.350	11365	4.400	6795	4.420	1000	4.430	1700	/16842785//3464989/770395/4.33/4.5//2008-9-18 13:17:23
31/600067/冠城大通/4.320	5024	4.300	2600	4.280	5100	4.270	11600	4.260	32800	4.330	745	4.340	6550	4.350	11365	4.400	6795	4.420	1000	/16842785//3475381/772795/4.33/4.5//2008-9-18 13:18:24
31/600067/冠城大通/4.320	4824	4.300	2600	4.280	5100	4.270	11600	4.260	32800	4.330	745	4.340	6550	4.350	11365	4.400	5895	4.420	1000	/16842785//3476245/772995/4.32/4.5//2008-9-18 13:19:24
31/600067/冠城大通/4.330	4455	4.320	5324	4.300	2600	4.280	5100	4.270	11600	4.340	6350	4.350	11365	4.400	5895	4.420	1000	4.430	1700	/16842785//3488151/775740/4.34/4.5//2008-9-18 13:20:25
31/600067/冠城大通/4.330	4455	4.320	5324	4.300	3700	4.280	5100	4.270	9600	4.350	1315	4.400	5895	4.420	1000	4.430	1700	4.440	800	/16842785//3568117/794140/4.35/4.5//2008-9-18 13:21:25
31/600067/冠城大通/4.340	700	4.330	400	4.320	5324	4.300	5200	4.280	5100	4.350	315	4.390	2000	4.400	5895	4.420	1000	4.430	1700	/16842785//3572467/795140/4.35/4.5//2008-9-18 13:22:26
31/600067/冠城大通/4.340	700	4.330	400	4.320	5324	4.300	5200	4.280	5000	4.350	7600	4.390	7000	4.400	5895	4.430	1700	4.440	800	/16842785//3610312/803840/4.35/4.5//2008-9-18 13:23:26
31/600067/冠城大通/4.350	11600	4.340	700	4.330	400	4.320	5324	4.300	5200	4.390	7000	4.430	1700	4.440	800	4.450	1000	4.460	10441	/16842785//3643372/811440/4.35/4.5//2008-9-18 13:24:27
31/600067/冠城大通/4.360	1925	4.350	39600	4.340	700	4.330	2100	4.320	5324	4.430	1700	4.440	800	4.450	1000	4.460	10441	4.470	2600	/16842785//3648059/812515/4.36/4.5//2008-9-18 13:25:27
31/600067/冠城大通/4.360	3725	4.350	38600	4.340	700	4.330	1900	4.320	5324	4.430	1700	4.450	5000	4.460	10441	4.470	2600	4.500	21790	/16842785//3652746/813590/4.36/4.5//2008-9-18 13:26:28
31/600067/冠城大通/4.360	5725	4.350	38600	4.340	700	4.330	200	4.320	5324	4.430	1700	4.450	9124	4.460	10441	4.470	2600	4.500	21790	/16842785//3652746/813590/4.36/4.5//2008-9-18 13:27:28
31/600067/冠城大通/4.360	6125	4.350	32100	4.340	700	4.330	200	4.320	5324	4.420	4000	4.430	1700	4.450	7124	4.460	10441	4.470	2600	/16842785//3649367/812815/4.36/4.5//2008-9-18 13:28:29
31/600067/冠城大通/4.370	500	4.360	6125	4.350	32100	4.340	700	4.330	200	4.420	3500	4.430	1700	4.440	6960	4.450	7124	4.460	10441	/16842785//3651577/813315/4.42/4.5//2008-9-18 13:29:29
31/600067/冠城大通/4.400	400	4.380	1000	4.370	7100	4.360	5625	4.350	32100	4.420	3500	4.430	1700	4.440	6960	4.450	7124	4.460	10441	/16842785//3651577/813315/4.42/4.5//2008-9-18 13:30:30
31/600067/冠城大通/4.400	400	4.380	1000	4.370	7100	4.360	5625	4.350	32100	4.420	1500	4.430	1700	4.440	6960	4.450	7124	4.460	10441	/16842785//3651577/813315/4.42/4.5//2008-9-18 13:31:30
31/600067/冠城大通/4.420	1605	4.400	400	4.380	1000	4.370	7100	4.360	5625	4.430	1700	4.440	6960	4.450	7124	4.460	10441	4.470	2600	/16842785//3662163/815710/4.42/4.5//2008-9-18 13:32:31
31/600067/冠城大通/4.370	6100	4.360	15625	4.350	31500	4.340	700	4.330	200	4.420	1395	4.430	1700	4.440	6960	4.450	3000	4.460	10441	/16842785//3675445/818715/4.42/4.5//2008-9-18 13:33:31
31/600067/冠城大通/4.430	1905	4.420	2400	4.370	6100	4.360	15625	4.350	31500	4.440	6960	4.450	3000	4.460	10441	4.470	2600	4.500	21790	/16842785//3691804/822410/4.43/4.5//2008-9-18 13:34:32
31/600067/冠城大通/4.450	1900	4.440	1840	4.430	1000	4.370	7800	4.360	15725	4.460	4741	4.470	2600	4.500	21790	4.520	18000	4.530	17777	/16842785//3778446/841870/4.46/4.5//2008-9-18 13:35:32
31/600067/冠城大通/4.440	2240	4.380	1000	4.370	8900	4.360	15725	4.350	32200	4.450	500	4.460	2741	4.470	2600	4.500	21790	4.530	15477	/16842785//3768174/839570/4.45/4.5//2008-9-18 13:36:33
31/600067/冠城大通/4.450	200	4.440	740	4.380	1000	4.370	8900	4.360	15725	4.460	3141	4.470	2600	4.500	21790	4.530	14477	4.540	105806	/16842785//3771734/840370/4.45/4.5//2008-9-18 13:37:34
31/600067/冠城大通/4.440	340	4.380	1000	4.370	8900	4.360	15725	4.350	32200	4.450	3800	4.460	3141	4.470	2600	4.500	21790	4.530	14977	/16842785//3777074/841570/4.45/4.5//2008-9-18 13:38:34
31/600067/冠城大通/4.380	1000	4.370	8900	4.360	15725	4.350	32200	4.330	200	4.440	1195	4.450	3700	4.460	3141	4.470	2600	4.500	21790	/16842785//3785258/843410/4.44/4.5//2008-9-18 13:39:35
31/600067/冠城大通/4.380	1000	4.370	5415	4.360	15725	4.350	31700	4.330	200	4.440	7331	4.450	3700	4.460	3141	4.470	2600	4.500	21790	/16842785//3865555/861780/4.37/4.5//2008-9-18 13:40:35
31/600067/冠城大通/4.390	200	4.380	1000	4.370	5615	4.360	5725	4.350	31700	4.440	1731	4.450	3700	4.460	3141	4.470	2600	4.500	21790	/16842785//3850271/858195/4.44/4.5//2008-9-18 13:41:36
31/600067/冠城大通/4.440	269	4.400	200	4.390	200	4.380	10100	4.370	5615	4.450	3700	4.460	3141	4.470	2600	4.500	21790	4.520	5000	/16842785//3857956/859926/4.44/4.5//2008-9-18 13:42:36
31/600067/冠城大通/4.450	15369	4.420	900	4.400	200	4.390	700	4.380	13000	4.460	1741	4.470	2600	4.500	21790	4.520	5000	4.530	14977	/16842785//3885993/866226/4.46/4.5//2008-9-18 13:43:37
31/600067/冠城大通/4.470	2600	4.460	1159	4.450	15069	4.420	900	4.390	700	4.500	21790	4.530	3343	4.540	105806	4.550	30220	4.560	400	/16842785//3906715/870867/4.47/4.5//2008-9-18 13:44:37
31/600067/冠城大通/4.500	6910	4.480	1000	4.470	2600	4.460	700	4.450	15069	4.530	3343	4.540	104806	4.550	30220	4.560	400	4.570	1000	/16842785//4010620/893957/4.5/4.5//2008-9-18 13:45:38
31/600067/冠城大通/4.530	13657	4.500	4810	4.480	1000	4.470	2600	4.460	2700	4.540	104806	4.550	30220	4.560	400	4.570	1000	4.580	12000	/16842785//4037014/899800/4.53/4.5//2008-9-18 13:46:39
31/600067/冠城大通/4.500	4810	4.480	1000	4.470	2600	4.460	2700	4.450	15069	4.540	3806	4.550	30220	4.560	400	4.570	1000	4.580	12000	/16842785//4574181/1018157/4.54/4.5//2008-9-18 13:47:39
31/600067/冠城大通/4.560	600	4.550	96974	4.500	900	4.480	1000	4.460	2200	4.570	1000	4.580	2300	4.590	33636	4.600	5200	4.620	1000	/16842785//4730785/1052583/4.56/4.5//2008-9-18 13:48:40
31/600067/冠城大通/4.560	1199	4.550	1000	4.500	900	4.480	1000	4.460	2200	4.580	2500	4.590	33236	4.600	5200	4.620	1000	4.630	1500	/16842785//4798769/1067485/4.56/4.5//2008-9-18 13:49:40
31/600067/冠城大通/4.500	500	4.480	1000	4.470	3000	4.460	2200	4.450	15069	4.520	9800	4.550	7000	4.560	6301	4.570	2000	4.580	2500	/16842785//4790077/1065583/4.52/4.5//2008-9-18 13:50:41
31/600067/冠城大通/4.500	500	4.480	1000	4.470	4000	4.460	2200	4.450	15069	4.520	9800	4.550	5000	4.560	6301	4.570	2000	4.580	1700	/16842785//4790077/1065583/4.52/4.5//2008-9-18 13:51:41
31/600067/冠城大通/4.480	1300	4.470	4000	4.460	2000	4.450	15069	4.420	900	4.500	7700	4.520	11000	4.550	5000	4.560	6000	4.570	2000	/16842785//4794577/1066583/4.5/4.5//2008-9-18 13:52:42
31/600067/冠城大通/4.480	1800	4.470	4000	4.460	2000	4.450	15569	4.420	900	4.500	9300	4.520	10800	4.550	5000	4.560	1000	4.570	2000	/16842785//4794577/1066583/4.5/4.5//2008-9-18 13:53:42
31/600067/冠城大通/4.480	600	4.470	4000	4.460	2000	4.450	15569	4.420	900	4.500	9500	4.520	10800	4.550	5000	4.560	1000	4.570	2000	/16842785//4799953/1067783/4.48/4.5//2008-9-18 13:54:43
31/600067/冠城大通/4.480	1300	4.470	4000	4.460	2000	4.450	15569	4.420	900	4.500	2700	4.520	10800	4.550	5000	4.560	1000	4.570	2000	/16842785//4799953/1067783/4.48/4.5//2008-9-18 13:55:44
31/600067/冠城大通/4.470	4000	4.460	2000	4.450	15569	4.420	900	4.390	200	4.480	1700	4.500	2700	4.520	10800	4.550	5000	4.560	1000	/16842785//4810260/1070083/4.49/4.5//2008-9-18 13:56:44
31/600067/冠城大通/4.480	600	4.470	4000	4.460	2000	4.450	16069	4.420	900	4.500	2700	4.520	1000	4.550	5000	4.560	1000	4.570	2000	/16842785//4817876/1071783/4.48/4.5//2008-9-18 13:57:45
31/600067/冠城大通/4.480	600	4.470	4000	4.460	2500	4.450	18069	4.420	900	4.500	500	4.520	1000	4.550	5000	4.560	1000	4.570	2000	/16842785//4827776/1073983/4.5/4.5//2008-9-18 13:58:45
31/600067/冠城大通/4.480	600	4.470	4000	4.460	2500	4.450	18069	4.420	900	4.500	100	4.520	1000	4.550	5000	4.560	1000	4.570	2000	/16842785//4829576/1074383/4.5/4.5//2008-9-18 13:59:46
31/600067/冠城大通/4.500	100	4.480	600	4.470	4000	4.460	2500	4.450	18069	4.550	5000	4.560	1000	4.570	2000	4.580	2700	4.590	33636	/16842785//4830026/1074483/4.5/4.5//2008-9-18 14:0:47
31/600067/冠城大通/4.480	100	4.470	4000	4.460	2500	4.450	18069	4.420	900	4.500	900	4.550	10000	4.560	1000	4.570	2000	4.580	2700	/16842785//4832716/1075083/4.48/4.5//2008-9-18 14:1:47
31/600067/冠城大通/4.450	8968	4.420	900	4.400	500	4.390	200	4.380	13500	4.500	900	4.540	2600	4.550	9700	4.560	1000	4.570	2000	/16842785//4918832/1094384/4.45/4.5//2008-9-18 14:2:48
31/600067/冠城大通/4.450	8968	4.420	900	4.410	4000	4.400	500	4.390	200	4.470	200	4.500	900	4.540	2600	4.550	9700	4.560	1000	/16842785//4918832/1094384/4.45/4.5//2008-9-18 14:3:48
31/600067/冠城大通/4.450	8968	4.420	900	4.410	4000	4.390	200	4.380	13500	4.470	200	4.500	900	4.540	2600	4.550	9700	4.560	1000	/16842785//4918832/1094384/4.45/4.5//2008-9-18 14:4:49
31/600067/冠城大通/4.450	7616	4.420	900	4.410	4000	4.400	2000	4.390	200	4.470	200	4.500	900	4.540	2600	4.550	10200	4.560	1000	/16842785//4922623/1095236/4.45/4.5//2008-9-18 14:5:50
31/600067/冠城大通/4.450	1316	4.420	3200	4.410	4000	4.400	2000	4.390	800	4.470	200	4.500	900	4.540	2600	4.550	10200	4.560	1000	/16842785//4962228/1104136/4.45/4.5//2008-9-18 14:6:50
31/600067/冠城大通/4.470	300	4.460	1000	4.450	1316	4.420	3200	4.410	4000	4.500	900	4.540	600	4.550	5200	4.560	1000	4.570	2000	/16842785//4963122/1104336/4.47/4.5//2008-9-18 14:7:51
31/600067/冠城大通/4.470	500	4.460	1000	4.450	1316	4.420	3200	4.410	4000	4.500	900	4.540	600	4.550	5200	4.560	1000	4.570	2000	/16842785//4964016/1104536/4.47/4.5//2008-9-18 14:8:51
31/600067/冠城大通/4.560	3900	4.470	2200	4.460	1000	4.450	1316	4.420	4200	4.570	500	4.580	2700	4.590	33636	4.600	4700	4.620	2000	/16842785//4993117/1110936/4.56/4.5//2008-9-18 14:9:52
31/600067/冠城大通/4.570	400	4.470	2200	4.460	1000	4.450	1316	4.420	4200	4.580	2300	4.590	33636	4.600	4700	4.620	2000	4.630	1500	/16842785//4995402/1111436/4.57/4.5//2008-9-18 14:10:53
31/600067/冠城大通/4.480	2000	4.470	2200	4.460	3000	4.450	1316	4.420	4200	4.500	47000	4.570	12400	4.590	25536	4.600	4700	4.620	2000	/16842785//5070107/1127836/4.5/4.5//2008-9-18 14:11:53
31/600067/冠城大通/4.480	2000	4.470	2700	4.460	3000	4.450	1816	4.420	3200	4.500	32400	4.570	9700	4.580	1003	4.590	25536	4.600	6000	/16842785//5126807/1140436/4.5/4.5//2008-9-18 14:12:54
31/600067/冠城大通/4.480	2000	4.470	2700	4.460	2000	4.450	1816	4.420	3200	4.500	22100	4.580	2003	4.590	25536	4.600	6000	4.610	400	/16842785//5168657/1149736/4.5/4.5//2008-9-18 14:13:55
31/600067/冠城大通/4.500	29900	4.480	2000	4.470	2700	4.460	2000	4.450	1816	4.580	2003	4.590	25536	4.600	6000	4.610	400	4.620	2000	/16842785//5360807/1192436/4.5/4.5//2008-9-18 14:14:55
31/600067/冠城大通/4.500	39900	4.490	1000	4.480	2000	4.470	2700	4.450	1816	4.580	3003	4.590	25536	4.600	6000	4.610	400	4.620	2000	/16842785//5360807/1192436/4.5/4.5//2008-9-18 14:15:56
31/600067/冠城大通/4.510	7600	4.500	39900	4.490	1000	4.480	2000	4.470	2700	4.580	4103	4.590	25536	4.600	6000	4.610	400	4.620	5875	/16842785//5281269/1174736/4.52/4.5//2008-9-18 14:16:56
31/600067/冠城大通/4.520	4800	4.510	7600	4.500	41900	4.490	1000	4.480	2000	4.570	3000	4.580	4103	4.590	25536	4.600	4700	4.610	400	/16842785//5285839/1175736/4.57/4.5//2008-9-18 14:17:57
31/600067/冠城大通/4.530	1900	4.520	4800	4.510	9600	4.500	41900	4.490	1000	4.570	3000	4.580	3103	4.590	25536	4.600	4700	4.610	400	/16842785//5285839/1175736/4.57/4.5//2008-9-18 14:18:58
31/600067/冠城大通/4.590	48961	4.570	4500	4.540	8400	4.530	5900	4.520	3300	4.600	4700	4.610	400	4.620	5875	4.630	1500	4.640	2000	/16842785//5486220/1219414/4.59/4.5//2008-9-18 14:19:58
31/600067/冠城大通/4.610	500	4.600	14800	4.590	48961	4.540	1500	4.530	4000	4.620	400	4.630	1500	4.640	2000	4.650	77327	4.660	2800	/16842785//5461787/1214075/4.62/4.5//2008-9-18 14:20:59
31/600067/冠城大通/4.620	1000	4.610	500	4.600	4800	4.540	1500	4.530	4000	4.630	4500	4.640	3000	4.650	63336	4.660	2800	4.670	2400	/16842785//5482155/1218475/4.63/4.5//2008-9-18 14:22:0
31/600067/冠城大通/4.650	8412	4.640	1000	4.630	1600	4.610	500	4.600	4800	4.680	400	4.690	400	4.700	8309	4.720	5000	4.750	16000	/16842785//5750381/1276163/4.68/4.5//2008-9-18 14:23:0
31/600067/冠城大通/4.610	500	4.600	4800	4.540	1500	4.530	4000	4.520	500	4.630	1100	4.640	700	4.650	65050	4.670	1000	4.680	400	/16842785//5774563/1281363/4.63/4.5//2008-9-18 14:24:1
31/600067/冠城大通/4.600	300	4.540	1500	4.530	4000	4.520	500	4.510	9600	4.630	1600	4.640	700	4.650	65050	4.670	1000	4.680	400	/16842785//5799883/1286863/4.6/4.5//2008-9-18 14:25:2
31/600067/冠城大通/4.540	1500	4.530	4000	4.520	500	4.510	9600	4.500	43300	4.550	2500	4.630	1300	4.640	700	4.650	7300	4.670	1000	/16842785//5805813/1288163/4.55/4.5//2008-9-18 14:26:2
31/600067/冠城大通/4.550	6100	4.540	1200	4.530	4000	4.520	3000	4.510	11600	4.600	2400	4.630	1300	4.640	700	4.650	8100	4.670	1000	/16842785//5821738/1291663/4.55/4.5//2008-9-18 14:27:3
31/600067/冠城大通/4.560	7500	4.550	6100	4.540	6200	4.530	4000	4.520	3000	4.600	7400	4.630	2300	4.640	700	4.650	8100	4.670	1000	/16842785//5824018/1292163/4.56/4.5//2008-9-18 14:28:4
31/600067/冠城大通/4.570	1200	4.560	6700	4.550	7100	4.540	6200	4.530	4000	4.600	7400	4.610	900	4.630	1700	4.640	700	4.650	8100	/16842785//5833138/1294163/4.56/4.5//2008-9-18 14:29:4
31/600067/冠城大通/4.560	6700	4.550	7100	4.540	5200	4.530	4000	4.520	3000	4.600	7400	4.630	1700	4.640	700	4.650	8100	4.670	3000	/16842785//5833148/1294163/4.57/4.5//2008-9-18 14:30:5
31/600067/冠城大通/4.570	1000	4.560	2000	4.550	7100	4.540	5200	4.530	4000	4.600	7300	4.630	1700	4.640	700	4.650	8100	4.670	3000	/16842785//5876476/1303663/4.6/4.5//2008-9-18 14:31:6
31/600067/冠城大通/4.600	2700	4.560	2700	4.550	7100	4.540	5200	4.530	4000	4.630	1700	4.640	700	4.650	8100	4.670	3000	4.680	400	/16842785//5905039/1309863/4.6/4.5//2008-9-18 14:32:6
31/600067/冠城大通/4.600	1800	4.560	4700	4.550	7100	4.540	5200	4.530	4000	4.630	700	4.650	8100	4.670	3000	4.680	400	4.690	4400	/16842785//5909639/1310863/4.6/4.5//2008-9-18 14:33:7
31/600067/冠城大通/4.600	600	4.560	4700	4.550	7100	4.540	5200	4.530	4000	4.650	3900	4.670	3000	4.680	1100	4.690	4400	4.700	17409	/16842785//5955500/1320763/4.6/4.5//2008-9-18 14:34:8
31/600067/冠城大通/4.650	2400	4.610	1000	4.600	600	4.560	4700	4.550	7100	4.670	1000	4.680	1100	4.690	4400	4.700	17409	4.720	5000	/16842785//6001070/1330563/4.65/4.5//2008-9-18 14:35:8
31/600067/冠城大通/4.610	1000	4.560	4700	4.550	7600	4.540	5200	4.530	4000	4.650	11300	4.670	1000	4.680	1100	4.690	4400	4.700	17409	/16842785//6002000/1330763/4.65/4.5//2008-9-18 14:36:9
31/600067/冠城大通/4.570	1000	4.560	4700	4.550	6600	4.540	5200	4.530	4000	4.640	3130	4.650	11900	4.670	1200	4.680	400	4.690	4400	/16842785//6005620/1331543/4.61/4.5//2008-9-18 14:37:10
31/600067/冠城大通/4.560	2700	4.550	6600	4.540	5200	4.530	4000	4.520	3000	4.570	130	4.610	6200	4.630	6000	4.640	7500	4.650	10700	/16842785//6009775/1332453/4.57/4.5//2008-9-18 14:38:10
31/600067/冠城大通/4.560	2000	4.550	6600	4.540	5200	4.530	4000	4.520	3000	4.570	130	4.610	8200	4.630	6000	4.640	7500	4.650	10700	/16842785//6009775/1332453/4.57/4.5//2008-9-18 14:39:11
31/600067/冠城大通/4.560	2000	4.550	6600	4.540	5200	4.530	4000	4.520	3000	4.570	130	4.610	8800	4.630	6000	4.640	7500	4.650	10700	/16842785//6009775/1332453/4.57/4.5//2008-9-18 14:40:12
31/600067/冠城大通/4.560	1000	4.550	6600	4.540	5200	4.530	4000	4.520	3000	4.570	30	4.600	3700	4.610	9800	4.630	6000	4.640	7500	/16842785//6019352/1334553/4.56/4.5//2008-9-18 14:41:12
31/600067/冠城大通/4.540	5200	4.530	4000	4.520	3000	4.510	10100	4.500	12100	4.550	2500	4.570	30	4.600	3700	4.610	9800	4.630	6000	/16842785//6064859/1344553/4.55/4.5//2008-9-18 14:42:13
31/600067/冠城大通/4.550	300	4.540	5200	4.530	4000	4.520	4000	4.510	10100	4.570	30	4.600	3700	4.610	9800	4.630	6000	4.640	2500	/16842785//6063949/1344353/4.55/4.5//2008-9-18 14:43:14
31/600067/冠城大通/4.560	600	4.550	300	4.540	5200	4.530	4000	4.520	4000	4.600	3630	4.610	9800	4.630	6000	4.640	2500	4.650	11700	/16842785//6065779/1344753/4.6/4.5//2008-9-18 14:44:14
31/600067/冠城大通/4.560	600	4.550	1300	4.540	5200	4.530	4000	4.520	4000	4.600	3330	4.610	9800	4.630	6000	4.640	2500	4.650	11700	/16842785//6067159/1345053/4.6/4.5//2008-9-18 14:45:15
31/600067/冠城大通/4.560	100	4.550	1300	4.540	5200	4.530	4000	4.520	1000	4.590	600	4.600	2230	4.610	9800	4.620	4300	4.630	6000	/16842785//6098399/1351853/4.56/4.5//2008-9-18 14:46:16
31/600067/冠城大通/4.550	5000	4.540	5200	4.530	4000	4.520	1000	4.510	2500	4.560	900	4.590	600	4.600	2930	4.610	9800	4.620	4300	/16842785//6098855/1351953/4.56/4.5//2008-9-18 14:47:16
31/600067/冠城大通/4.550	4000	4.540	5200	4.530	4000	4.520	1000	4.510	500	4.560	3500	4.590	3600	4.600	4230	4.610	9800	4.620	4300	/16842785//6105685/1353453/4.56/4.5//2008-9-18 14:48:17
31/600067/冠城大通/4.550	100	4.540	5200	4.530	4000	4.520	1000	4.510	500	4.560	1900	4.590	3600	4.600	7030	4.610	9800	4.620	4300	/16842785//6130726/1358953/4.55/4.5//2008-9-18 14:49:18
31/600067/冠城大通/4.540	3700	4.530	4000	4.520	1000	4.510	500	4.500	11600	4.550	534	4.560	1900	4.580	6000	4.590	3600	4.600	7430	/16842785//6137991/1360553/4.54/4.5//2008-9-18 14:50:18
31/600067/冠城大通/4.540	483	4.530	4000	4.520	1000	4.510	500	4.500	11600	4.550	434	4.560	1900	4.580	6000	4.590	3000	4.600	6130	/16842785//6173027/1368270/4.54/4.5//2008-9-18 14:51:19
31/600067/冠城大通/4.540	683	4.530	4000	4.520	1000	4.510	500	4.500	11600	4.560	1300	4.600	4564	4.610	9800	4.620	4300	4.640	2000	/16842785//6234359/1381670/4.6/4.5//2008-9-18 14:52:20
31/600067/冠城大通/4.540	2083	4.530	4000	4.510	500	4.500	11600	4.480	600	4.550	49900	4.600	21464	4.610	9800	4.620	4300	4.630	1000	/16842785//6240743/1383070/4.56/4.5//2008-9-18 14:53:21
31/600067/冠城大通/4.470	500	4.460	2400	4.450	516	4.420	900	4.410	2200	4.500	26817	4.550	49900	4.600	22464	4.610	9800	4.620	4300	/16842785//6349765/1407253/4.5/4.5//2008-9-18 14:54:21
31/600067/冠城大通/4.510	3200	4.500	4983	4.480	2500	4.470	1500	4.450	516	4.550	50500	4.600	21864	4.610	10800	4.620	4300	4.630	1000	/16842785//6470441/1434070/4.5/4.5//2008-9-18 14:55:22
31/600067/冠城大通/4.520	1000	4.510	6200	4.500	7383	4.480	3900	4.470	1500	4.550	45700	4.600	9964	4.610	10800	4.620	4300	4.630	1000	/16842785//6515941/1444070/4.55/4.5//2008-9-18 14:56:23
31/600067/冠城大通/4.510	6200	4.500	8383	4.480	3900	4.470	1500	4.450	516	4.550	57600	4.590	1000	4.600	9964	4.610	10800	4.620	4300	/16842785//6497711/1440070/4.52/4.5//2008-9-18 14:57:23
31/600067/冠城大通/4.520	3300	4.510	6200	4.500	9883	4.480	1500	4.470	1500	4.550	57284	4.590	1000	4.600	9964	4.610	10800	4.620	4300	/16842785//6499530/1440470/4.55/4.5//2008-9-18 14:58:24
31/600067/冠城大通/4.550	1316	4.520	3800	4.510	6200	4.500	7583	4.480	1500	4.590	1000	4.600	9964	4.610	10800	4.620	4300	4.630	1000	/16842785//6792478/1504854/4.55/4.5//2008-9-18 14:59:25
31/600067/冠城大通/4.550	2316	4.530	1300	4.520	3800	4.510	6200	4.500	7483	4.590	2000	4.600	9964	4.610	9800	4.620	4300	4.630	1000	/16842785//6792478/1504854/4.55/4.5//2008-9-18 15:0:26
31/600067/冠城大通/4.550	2316	4.530	1300	4.520	3800	4.510	6200	4.500	7483	4.590	2000	4.600	9964	4.610	9800	4.620	4300	4.630	1000	/16842785//6792478/1504854/4.55/4.5//2008-9-18 15:1:26
31/600067/冠城大通/4.550	2316	4.530	1300	4.520	3800	4.510	6200	4.500	7483	4.590	2000	4.600	9964	4.610	9800	4.620	4300	4.630	1000	/16842785//6792478/1504854/4.55/4.5//2008-9-18 15:2:27
