32/600068/葛洲坝/6.430	7800	6.420	65900	6.410	26400	6.400	73900	6.380	17700	6.440	7000	6.450	28429	6.460	2000	6.470	4000	6.480	3500	/16842786//2576833/399900/6.44/6.74//2008-9-18 9:31:34
32/600068/葛洲坝/6.460	10300	6.450	58771	6.440	68100	6.430	66700	6.420	56600	6.470	1200	6.480	900	6.490	5800	6.500	11300	6.510	7300	/16842786//2972524/461329/6.47/6.74//2008-9-18 9:32:35
32/600068/葛洲坝/6.500	84000	6.490	34200	6.480	62200	6.470	103700	6.460	10200	6.510	6400	6.520	2300	6.530	1300	6.540	5000	6.550	3000	/16842786//3200964/496529/6.5/6.74//2008-9-18 9:33:35
32/600068/葛洲坝/6.570	200	6.540	4500	6.530	24500	6.520	43000	6.510	155600	6.580	5300	6.590	8500	6.600	64400	6.610	60000	6.620	65000	/16842786//3706717/573829/6.54/6.74//2008-9-18 9:34:35
32/600068/葛洲坝/6.570	8700	6.560	1000	6.550	3000	6.540	14600	6.530	14900	6.580	8300	6.590	20000	6.600	19400	6.610	2100	6.620	1000	/16842786//4338959/669829/6.58/6.74//2008-9-18 9:35:35
32/600068/葛洲坝/6.530	13800	6.520	61000	6.510	131400	6.500	56700	6.490	18700	6.540	21490	6.550	43290	6.560	2200	6.570	54800	6.580	84550	/16842786//4647909/716929/6.54/6.74//2008-9-18 9:36:36
32/600068/葛洲坝/6.530	10300	6.520	46900	6.510	133200	6.500	64900	6.490	18700	6.540	17300	6.550	35080	6.560	1500	6.570	39700	6.580	23550	/16842786//5700066/877929/6.53/6.74//2008-9-18 9:37:36
32/600068/葛洲坝/6.510	126100	6.500	69600	6.490	22700	6.480	56300	6.470	75200	6.520	25400	6.530	3499	6.540	22400	6.550	35080	6.560	1500	/16842786//6358388/978829/6.52/6.74//2008-9-18 9:38:36
32/600068/葛洲坝/6.460	4000	6.450	47671	6.440	56800	6.430	5200	6.420	11400	6.470	42600	6.490	5700	6.500	66690	6.510	108000	6.520	24400	/16842786//8663116/1333729/6.47/6.74//2008-9-18 9:39:36
32/600068/葛洲坝/6.450	20000	6.420	7271	6.410	11200	6.400	42000	6.390	1800	6.460	5700	6.470	4200	6.480	7200	6.490	10500	6.500	28200	/16842786//10050520/1548729/6.46/6.74//2008-9-18 9:40:36
32/600068/葛洲坝/6.410	10800	6.400	53100	6.390	1800	6.380	17800	6.370	100	6.450	17918	6.460	12400	6.470	70500	6.480	7700	6.490	9400	/16842786//10655911/1642700/6.45/6.74//2008-9-18 9:41:37
32/600068/葛洲坝/6.470	15302	6.460	12600	6.450	53300	6.440	3000	6.430	900	6.480	5700	6.490	9400	6.500	37600	6.510	8200	6.520	6100	/16842786//11763034/1814198/6.47/6.74//2008-9-18 9:42:37
32/600068/葛洲坝/6.480	10502	6.470	8600	6.460	12600	6.450	53900	6.440	1500	6.490	3500	6.510	8600	6.520	6700	6.530	160000	6.550	7000	/16842786//12542034/1934298/6.48/6.74//2008-9-18 9:43:37
32/600068/葛洲坝/6.490	1002	6.480	3200	6.470	9100	6.460	12600	6.450	56500	6.500	12800	6.510	8600	6.520	9700	6.530	3700	6.550	7500	/16842786//12849623/1981698/6.49/6.74//2008-9-18 9:44:37
32/600068/葛洲坝/6.490	5000	6.480	3100	6.470	19100	6.460	15400	6.450	56300	6.500	23398	6.510	9700	6.520	9800	6.530	4200	6.550	7500	/16842786//13058685/2013900/6.49/6.74//2008-9-18 9:45:37
32/600068/葛洲坝/6.470	17600	6.460	17700	6.450	57800	6.440	1000	6.430	3000	6.480	13700	6.490	18550	6.500	10198	6.510	13300	6.520	9800	/16842786//13390338/2065000/6.47/6.74//2008-9-18 9:46:38
32/600068/葛洲坝/6.470	10000	6.460	20300	6.450	77900	6.440	1900	6.430	33000	6.480	8500	6.490	7050	6.500	12098	6.510	13300	6.520	9800	/16842786//14433476/2226000/6.48/6.74//2008-9-18 9:47:38
32/600068/葛洲坝/6.460	31300	6.450	72800	6.440	1900	6.430	33000	6.420	15200	6.470	46400	6.480	58600	6.490	9050	6.500	20498	6.510	13300	/16842786//14612201/2253600/6.47/6.74//2008-9-18 9:48:38
32/600068/葛洲坝/6.460	12200	6.450	72800	6.440	1900	6.430	33000	6.420	15200	6.480	9000	6.490	9050	6.500	23698	6.510	13300	6.520	9800	/16842786//15546828/2398000/6.46/6.74//2008-9-18 9:49:39
32/600068/葛洲坝/6.480	24600	6.470	16600	6.460	27700	6.450	73200	6.440	1900	6.490	15550	6.500	27198	6.510	13100	6.520	10800	6.530	4200	/16842786//15869193/2447800/6.48/6.74//2008-9-18 9:50:39
32/600068/葛洲坝/6.490	46245	6.470	11300	6.460	29000	6.450	86000	6.440	2900	6.500	1000	6.510	11700	6.520	10800	6.530	4200	6.540	9000	/16842786//16541292/2551355/6.49/6.74//2008-9-18 9:51:39
32/600068/葛洲坝/6.480	43100	6.470	13400	6.460	22500	6.450	89600	6.440	2900	6.490	52940	6.500	22700	6.510	14500	6.520	12800	6.530	4600	/16842786//17009008/2623400/6.49/6.74//2008-9-18 9:52:39
32/600068/葛洲坝/6.470	12400	6.460	18500	6.450	92100	6.440	3400	6.430	33000	6.480	129562	6.490	45640	6.500	36299	6.510	24000	6.520	12300	/16842786//17379726/2680600/6.47/6.74//2008-9-18 9:53:40
32/600068/葛洲坝/6.430	19900	6.420	14400	6.410	18200	6.400	69300	6.390	1800	6.450	275000	6.460	48512	6.470	31200	6.480	102200	6.490	46740	/16842786//18453712/2847000/6.43/6.74//2008-9-18 9:54:40
32/600068/葛洲坝/6.380	17000	6.370	1400	6.360	4400	6.350	15300	6.340	1000	6.400	211850	6.410	19100	6.420	4300	6.430	43700	6.440	8700	/16842786//21472032/3317300/6.4/6.74//2008-9-18 9:55:40
32/600068/葛洲坝/6.370	189260	6.360	4400	6.350	14400	6.340	21300	6.330	2200	6.380	19050	6.390	13600	6.400	21100	6.410	35400	6.420	8100	/16842786//21858026/3377840/6.37/6.74//2008-9-18 9:56:41
32/600068/葛洲坝/6.370	500	6.350	15142	6.340	21600	6.330	302200	6.320	5800	6.380	3632	6.390	13400	6.400	17899	6.410	2100	6.420	9100	/16842786//23620656/3654558/6.37/6.74//2008-9-18 9:57:41
32/600068/葛洲坝/6.370	2400	6.360	3600	6.340	200	6.330	11610	6.320	5800	6.390	14400	6.400	17299	6.410	2500	6.420	9100	6.430	20700	/16842786//27556012/4274690/6.37/6.74//2008-9-18 9:58:41
32/600068/葛洲坝/6.360	100	6.350	3000	6.340	3000	6.330	13710	6.320	5900	6.370	100	6.380	7800	6.390	14000	6.400	18500	6.410	2500	/16842786//27931100/4333590/6.37/6.74//2008-9-18 9:59:41
32/600068/葛洲坝/6.340	3300	6.330	13810	6.320	6100	6.310	25900	6.300	244500	6.350	1600	6.360	6500	6.370	27700	6.380	8800	6.390	14000	/16842786//28119644/4363290/6.35/6.74//2008-9-18 10:0:42
32/600068/葛洲坝/6.280	5200	6.270	2000	6.260	3500	6.250	13100	6.240	800	6.300	169500	6.310	87800	6.330	190	6.340	7700	6.350	7700	/16842786//30255832/4702200/6.3/6.74//2008-9-18 10:1:42
32/600068/葛洲坝/6.250	79112	6.240	800	6.230	21900	6.220	1000	6.210	2800	6.260	76899	6.270	22295	6.280	37100	6.290	3300	6.300	72959	/16842786//31358788/4878588/6.25/6.25//2008-9-18 10:2:42
32/600068/葛洲坝/6.180	16100	6.170	2100	6.160	1000	6.150	7200	6.140	2000	6.200	15100	6.210	40400	6.220	54400	6.230	38239	6.240	48900	/16842786//32415236/5048100/6.2/6.25//2008-9-18 10:3:42
32/600068/葛洲坝/6.080	103200	6.070	74800	0.000	0	0.000	0	0.000	0	6.070	168000	6.090	1800	6.100	208900	6.120	5100	6.130	5500	/16842786//34006460/5309199/6.07/6.25//2008-9-18 10:4:43
32/600068/葛洲坝/6.080	103200	6.070	74800	0.000	0	0.000	0	0.000	0	6.070	466390	6.080	36500	6.090	5000	6.100	137300	6.110	700	/16842786//37383200/5865499/6.07/6.25//2008-9-18 10:5:43
32/600068/葛洲坝/6.090	3600	6.080	56100	6.070	502010	0.000	0	0.000	0	6.100	98200	6.110	700	6.120	5000	6.130	500	6.140	2500	/16842786//41847136/6600689/6.09/6.25//2008-9-18 10:6:43
32/600068/葛洲坝/6.110	7900	6.100	300	6.090	14100	6.080	86300	6.070	544410	6.160	600	6.170	1900	6.180	55997	6.190	3500	6.200	29100	/16842786//43377664/6851689/6.1/6.25//2008-9-18 10:7:44
32/600068/葛洲坝/6.130	300	6.110	600	6.100	27100	6.090	111400	6.080	100000	6.150	100	6.160	9800	6.170	2200	6.180	48097	6.190	2400	/16842786//43857796/6929989/6.15/6.25//2008-9-18 10:8:44
32/600068/葛洲坝/6.130	6200	6.110	12100	6.100	36300	6.090	12200	6.080	108500	6.160	5600	6.170	1800	6.180	48297	6.190	2500	6.200	19900	/16842786//43999204/6952989/6.13/6.25//2008-9-18 10:9:44
32/600068/葛洲坝/6.160	1200	6.150	7400	6.140	8400	6.130	259800	6.120	51700	6.170	3200	6.180	48297	6.190	2500	6.200	20100	6.210	1000	/16842786//44255752/6994789/6.16/6.25//2008-9-18 10:10:44
32/600068/葛洲坝/6.210	2900	6.200	29603	6.190	20000	6.180	53100	6.170	97500	6.220	6600	6.230	8800	6.240	100	6.250	162000	6.260	7600	/16842786//44770888/7078086/6.21/6.25//2008-9-18 10:11:45
32/600068/葛洲坝/6.220	4551	6.210	17000	6.200	16103	6.180	65000	6.170	101700	6.240	3200	6.250	148400	6.260	3500	6.280	7200	6.290	9000	/16842786//45293264/7162035/6.23/6.25//2008-9-18 10:12:45
32/600068/葛洲坝/6.210	7000	6.200	18203	6.180	63600	6.170	101700	6.160	11500	6.220	48549	6.240	1200	6.250	200	6.260	3000	6.280	6500	/16842786//46942456/7426186/6.22/6.25//2008-9-18 10:13:45
32/600068/葛洲坝/6.200	19503	6.180	64000	6.170	101900	6.160	9700	6.150	7800	6.210	7049	6.220	500	6.230	500	6.240	12300	6.250	2300	/16842786//47372148/7495286/6.2/6.25//2008-9-18 10:14:46
32/600068/葛洲坝/6.180	12700	6.170	96100	6.160	9700	6.150	7600	6.140	3400	6.200	96346	6.210	5500	6.220	4099	6.230	6000	6.240	1600	/16842786//47685532/7545789/6.2/6.25//2008-9-18 10:15:46
32/600068/葛洲坝/6.170	81800	6.160	6800	6.150	7600	6.140	3400	6.130	146800	6.180	600	6.190	1000	6.200	96446	6.210	11000	6.220	3399	/16842786//47838680/7570589/6.18/6.25//2008-9-18 10:16:46
32/600068/葛洲坝/6.160	5900	6.150	8600	6.140	5400	6.130	146800	6.120	51800	6.170	6200	6.180	19600	6.190	27600	6.200	95646	6.210	8500	/16842786//48426820/7665889/6.17/6.25//2008-9-18 10:17:47
32/600068/葛洲坝/6.180	8500	6.170	56813	6.160	13400	6.150	9600	6.140	16200	6.190	21100	6.200	95846	6.210	3500	6.220	2399	6.230	5500	/16842786//48907896/7743876/6.18/6.25//2008-9-18 10:18:47
32/600068/葛洲坝/6.170	16413	6.160	20300	6.150	8600	6.140	15700	6.130	248800	6.200	78146	6.210	3500	6.220	2399	6.230	5500	6.240	1600	/16842786//49632800/7861176/6.17/6.25//2008-9-18 10:19:47
32/600068/葛洲坝/6.250	91301	6.210	15400	6.200	50554	6.190	2100	6.180	11100	6.260	3000	6.270	300	6.280	7100	6.290	11400	6.300	12100	/16842786//50321224/7972121/6.25/6.25//2008-9-18 10:20:48
32/600068/葛洲坝/6.280	4600	6.270	8900	6.260	53600	6.250	91301	6.210	32100	6.290	11400	6.300	13600	6.310	10100	6.320	2500	6.330	1100	/16842786//50426640/7988921/6.28/6.25//2008-9-18 10:21:48
32/600068/葛洲坝/6.270	14500	6.260	42800	6.250	92301	6.210	22400	6.200	51554	6.280	100	6.290	18200	6.300	13000	6.310	10100	6.320	3500	/16842786//50668420/8027421/6.28/6.25//2008-9-18 10:22:48
32/600068/葛洲坝/6.220	100	6.210	8600	6.200	52654	6.190	2400	6.180	5500	6.250	69299	6.270	2500	6.280	20000	6.290	7800	6.300	14000	/16842786//51830048/8213222/6.22/6.25//2008-9-18 10:23:48
32/600068/葛洲坝/6.220	1200	6.210	51375	6.200	54054	6.190	2400	6.180	9500	6.230	4100	6.240	6720	6.250	70799	6.260	500	6.270	2300	/16842786//51900400/8224547/6.22/6.25//2008-9-18 10:24:49
32/600068/葛洲坝/6.230	9700	6.220	42175	6.210	44350	6.200	55354	6.190	2400	6.240	7020	6.250	70699	6.260	500	6.270	300	6.280	7400	/16842786//52099132/8256497/6.23/6.25//2008-9-18 10:25:49
32/600068/葛洲坝/6.220	21750	6.210	43850	6.200	55354	6.190	2400	6.180	9500	6.230	400	6.240	12020	6.250	70899	6.260	500	6.270	300	/16842786//52264812/8283122/6.22/6.25//2008-9-18 10:26:49
32/600068/葛洲坝/6.230	1400	6.220	45026	6.210	43850	6.200	53254	6.190	3400	6.240	14020	6.250	71099	6.260	500	6.270	1300	6.280	8000	/16842786//52487080/8318846/6.23/6.25//2008-9-18 10:27:50
32/600068/葛洲坝/6.220	28976	6.210	43850	6.200	52254	6.190	3400	6.180	11100	6.230	6500	6.240	11620	6.250	71099	6.270	1300	6.280	7700	/16842786//52694804/8352221/6.22/6.25//2008-9-18 10:28:50
32/600068/葛洲坝/6.210	41350	6.200	53854	6.190	3400	6.180	10100	6.170	66013	6.220	5549	6.230	2900	6.240	12720	6.250	35200	6.270	3100	/16842786//52866796/8379872/6.21/6.25//2008-9-18 10:29:50
32/600068/葛洲坝/6.210	3951	6.200	54954	6.190	5400	6.180	10100	6.170	66213	6.220	1349	6.230	9800	6.240	12720	6.250	35400	6.270	3100	/16842786//53137596/8423471/6.22/6.25//2008-9-18 10:30:51
32/600068/葛洲坝/6.210	2151	6.200	54854	6.190	5400	6.180	10500	6.170	66213	6.220	549	6.230	10400	6.240	11720	6.250	35800	6.270	3500	/16842786//53170520/8428771/6.22/6.25//2008-9-18 10:31:51
32/600068/葛洲坝/6.200	46056	6.190	5400	6.180	5500	6.170	66413	6.160	5000	6.210	9800	6.220	6399	6.230	5400	6.240	11720	6.250	40800	/16842786//53320992/8453020/6.2/6.25//2008-9-18 10:32:51
32/600068/葛洲坝/6.180	3900	6.170	66513	6.160	5000	6.150	15500	6.140	9900	6.190	20500	6.200	42714	6.210	10300	6.220	1399	6.230	4300	/16842786//53641820/8504776/6.19/6.25//2008-9-18 10:33:52
32/600068/葛洲坝/6.160	2100	6.150	16800	6.140	9900	6.130	10900	6.120	900	6.170	22781	6.180	12200	6.190	21700	6.200	2220	6.210	1900	/16842786//54133732/8584489/6.17/6.25//2008-9-18 10:34:52
32/600068/葛洲坝/6.140	7900	6.130	10900	6.120	900	6.110	5700	6.100	38900	6.150	16500	6.160	13000	6.170	4100	6.180	9600	6.190	12500	/16842786//54269076/8606489/6.15/6.25//2008-9-18 10:35:52
32/600068/葛洲坝/6.130	13200	6.120	900	6.110	7100	6.100	44300	6.090	11900	6.140	11700	6.150	17300	6.160	11900	6.170	3800	6.180	8300	/16842786//54359360/8621189/6.13/6.25//2008-9-18 10:36:53
32/600068/葛洲坝/6.120	2200	6.110	10600	6.100	39900	6.090	12900	6.080	129400	6.130	21500	6.140	5500	6.150	16700	6.160	10700	6.170	2800	/16842786//54538360/8650389/6.13/6.25//2008-9-18 10:37:53
32/600068/葛洲坝/6.110	9600	6.100	35800	6.090	13100	6.080	131600	6.070	414200	6.120	31900	6.130	28000	6.140	5300	6.150	16700	6.160	10700	/16842786//54615464/8662989/6.12/6.25//2008-9-18 10:38:53
32/600068/葛洲坝/6.090	9700	6.080	142100	6.070	462200	0.000	0	0.000	0	6.100	5400	6.110	700	6.120	56200	6.130	11000	6.140	4500	/16842786//0/0/6.09/6.25//2008-9-18 10:39:54
32/600068/葛洲坝/6.080	124601	6.070	490300	0.000	0	0.000	0	0.000	0	6.090	8800	6.100	1900	6.110	1300	6.120	50900	6.130	11000	/16842786//55598072/8824188/6.09/6.25//2008-9-18 10:40:54
32/600068/葛洲坝/6.090	11201	6.080	339701	6.070	527500	0.000	0	0.000	0	6.110	2300	6.120	52900	6.130	8000	6.140	4400	6.150	14900	/16842786//56027664/8894787/6.09/6.25//2008-9-18 10:41:54
32/600068/葛洲坝/6.110	5400	6.100	40800	6.090	45001	6.080	353001	6.070	531700	6.120	25200	6.130	2700	6.140	4400	6.150	14900	6.160	2300	/16842786//56116260/8909287/6.12/6.25//2008-9-18 10:42:55
32/600068/葛洲坝/6.120	700	6.110	3600	6.100	46400	6.090	40101	6.080	349101	6.140	4000	6.150	12900	6.160	2300	6.170	2800	6.180	100	/16842786//56526900/8976386/6.12/6.25//2008-9-18 10:43:55
32/600068/葛洲坝/6.130	900	6.120	54100	6.110	4900	6.100	48400	6.090	47901	6.140	1000	6.150	12900	6.160	2300	6.170	2800	6.180	100	/16842786//56566144/8982786/6.14/6.25//2008-9-18 10:44:56
32/600068/葛洲坝/6.120	17900	6.110	3000	6.100	53100	6.090	48901	6.080	345301	6.130	200	6.140	600	6.150	12900	6.160	2300	6.170	2800	/16842786//56872304/9032786/6.12/6.25//2008-9-18 10:45:56
32/600068/葛洲坝/6.110	2000	6.100	56200	6.090	58901	6.080	347601	6.070	546900	6.120	4200	6.130	1600	6.140	1300	6.150	15300	6.160	2300	/16842786//57011268/9055486/6.12/6.25//2008-9-18 10:46:56
32/600068/葛洲坝/6.100	16000	6.090	58601	6.080	351501	6.070	545100	0.000	0	6.110	30380	6.120	22100	6.130	1600	6.140	1600	6.150	15300	/16842786//57326796/9107186/6.1/6.25//2008-9-18 10:47:57
32/600068/葛洲坝/6.090	24001	6.080	352101	6.070	549200	0.000	0	0.000	0	6.100	25995	6.110	30880	6.120	18100	6.130	1100	6.140	1600	/16842786//57704012/9169086/6.1/6.25//2008-9-18 10:48:57
32/600068/葛洲坝/6.090	5660	6.080	54001	6.070	556500	0.000	0	0.000	0	6.100	43700	6.110	13099	6.120	17100	6.130	3000	6.140	4300	/16842786//60161968/9573227/6.09/6.25//2008-9-18 10:49:57
32/600068/葛洲坝/6.070	532517	0.000	0	0.000	0	0.000	0	0.000	0	6.080	1500	6.090	10181	6.100	16800	6.110	13099	6.120	11500	/16842786//60861732/9688371/6.07/6.25//2008-9-18 10:50:58
32/600068/葛洲坝/6.070	654467	0.000	0	0.000	0	0.000	0	0.000	0	6.080	3681	6.090	5800	6.100	4400	6.110	13099	6.120	11500	/16842786//61612032/9811921/6.08/6.25//2008-9-18 10:51:58
32/600068/葛洲坝/6.070	598267	0.000	0	0.000	0	0.000	0	0.000	0	6.070	256333	6.080	13481	6.090	10800	6.100	4400	6.110	99	/16842786//66028468/10539488/6.07/6.25//2008-9-18 10:52:58
32/600068/葛洲坝/6.070	176667	0.000	0	0.000	0	0.000	0	0.000	0	6.080	7881	6.090	5800	6.100	4400	6.110	99	6.120	12300	/16842786//67864248/10841921/6.07/6.25//2008-9-18 10:53:59
32/600068/葛洲坝/6.080	22518	6.070	197067	0.000	0	0.000	0	0.000	0	6.090	800	6.100	2600	6.110	99	6.120	12300	6.140	4300	/16842786//68018600/10867303/6.09/6.25//2008-9-18 10:54:59
32/600068/葛洲坝/6.100	3100	6.090	3200	6.080	21718	6.070	218167	0.000	0	6.110	7899	6.120	12300	6.140	4300	6.150	13500	6.160	1800	/16842786//68072824/10876203/6.09/6.25//2008-9-18 10:56:0
32/600068/葛洲坝/6.090	1500	6.080	3800	6.070	98586	0.000	0	0.000	0	6.100	1600	6.110	700	6.120	15300	6.130	800	6.140	4300	/16842786//69284048/11075502/6.1/6.25//2008-9-18 10:57:0
32/600068/葛洲坝/6.070	223686	0.000	0	0.000	0	0.000	0	0.000	0	6.080	21400	6.090	10400	6.100	2600	6.110	700	6.120	15300	/16842786//70524872/11279902/6.08/6.25//2008-9-18 10:58:0
32/600068/葛洲坝/6.070	261596	0.000	0	0.000	0	0.000	0	0.000	0	6.080	33470	6.090	9600	6.100	2600	6.110	700	6.120	15300	/16842786//70957024/11351092/6.08/6.25//2008-9-18 10:59:1
32/600068/葛洲坝/6.070	2696	0.000	0	0.000	0	0.000	0	0.000	0	6.070	376490	6.080	66874	6.090	9600	6.100	3600	6.110	700	/16842786//72859616/11664488/6.07/6.25//2008-9-18 11:0:1
32/600068/葛洲坝/6.070	312600	0.000	0	0.000	0	0.000	0	0.000	0	6.080	65874	6.090	9600	6.100	3100	6.120	15300	6.130	800	/16842786//73494536/11769088/6.07/6.25//2008-9-18 11:1:2
32/600068/葛洲坝/6.070	308600	0.000	0	0.000	0	0.000	0	0.000	0	6.070	29900	6.080	5374	6.090	3800	6.100	3100	6.120	15300	/16842786//75530424/12104488/6.07/6.25//2008-9-18 11:2:2
32/600068/葛洲坝/6.070	308600	0.000	0	0.000	0	0.000	0	0.000	0	6.070	102900	6.080	5374	6.090	3800	6.100	4100	6.120	15300	/16842786//75764728/12143088/6.07/6.25//2008-9-18 11:3:2
32/600068/葛洲坝/6.070	308600	0.000	0	0.000	0	0.000	0	0.000	0	6.070	324600	6.080	10574	6.090	3800	6.100	5100	6.120	17300	/16842786//75884312/12162788/6.07/6.25//2008-9-18 11:4:3
32/600068/葛洲坝/6.070	308600	0.000	0	0.000	0	0.000	0	0.000	0	6.070	1557500	6.080	10574	6.090	3800	6.100	5100	6.120	17300	/16842786//75912840/12167488/6.07/6.25//2008-9-18 11:5:3
32/600068/葛洲坝/6.070	308600	0.000	0	0.000	0	0.000	0	0.000	0	6.070	1555200	6.080	10574	6.090	3800	6.100	3900	6.120	17300	/16842786//76011168/12183688/6.07/6.25//2008-9-18 11:6:4
32/600068/葛洲坝/6.070	308600	0.000	0	0.000	0	0.000	0	0.000	0	6.070	344500	6.080	10074	6.090	3800	6.100	3200	6.120	17300	/16842786//76229088/12219588/6.07/6.25//2008-9-18 11:7:4
32/600068/葛洲坝/6.070	308600	0.000	0	0.000	0	0.000	0	0.000	0	6.070	402500	6.080	10074	6.090	3800	6.100	3200	6.110	700	/16842786//76471280/12259488/6.07/6.25//2008-9-18 11:8:4
32/600068/葛洲坝/6.070	277400	0.000	0	0.000	0	0.000	0	0.000	0	6.080	6974	6.090	3800	6.100	3200	6.110	700	6.120	17300	/16842786//78913872/12661888/6.08/6.25//2008-9-18 11:9:5
32/600068/葛洲坝/6.100	1300	6.090	16500	6.080	10726	6.070	288500	0.000	0	6.110	700	6.120	17300	6.130	800	6.140	4300	6.150	13800	/16842786//79063392/12686462/6.1/6.25//2008-9-18 11:10:5
32/600068/葛洲坝/6.110	900	6.100	4700	6.090	16400	6.080	12526	6.070	295500	6.120	15200	6.130	800	6.140	5800	6.150	13800	6.160	1800	/16842786//79113496/12694662/6.12/6.25//2008-9-18 11:11:6
32/600068/葛洲坝/6.070	8326	0.000	0	0.000	0	0.000	0	0.000	0	6.080	1800	6.090	8200	6.100	2900	6.110	81800	6.120	24600	/16842786//81069200/13016762/6.08/6.25//2008-9-18 11:12:6
32/600068/葛洲坝/6.070	15326	0.000	0	0.000	0	0.000	0	0.000	0	6.080	35360	6.090	6600	6.100	5800	6.110	63800	6.120	24600	/16842786//81284816/13052262/6.08/6.25//2008-9-18 11:13:7
32/600068/葛洲坝/6.070	826	0.000	0	0.000	0	0.000	0	0.000	0	6.080	13560	6.090	12600	6.100	13200	6.110	63600	6.120	24600	/16842786//81416544/13073962/6.07/6.25//2008-9-18 11:14:7
32/600068/葛洲坝/6.070	1105	0.000	0	0.000	0	0.000	0	0.000	0	6.070	18995	6.080	5134	6.090	1000	6.100	5800	6.110	63400	/16842786//81538728/13094088/6.07/6.25//2008-9-18 11:15:7
32/600068/葛洲坝/6.070	1105	0.000	0	0.000	0	0.000	0	0.000	0	6.070	130295	6.080	6134	6.090	1000	6.100	6000	6.110	63400	/16842786//81701408/13120888/6.07/6.25//2008-9-18 11:16:8
32/600068/葛洲坝/6.070	1105	0.000	0	0.000	0	0.000	0	0.000	0	6.070	130595	6.080	4434	6.090	1000	6.100	8200	6.110	63400	/16842786//81836768/13143188/6.07/6.25//2008-9-18 11:17:8
32/600068/葛洲坝/6.070	59505	0.000	0	0.000	0	0.000	0	0.000	0	6.080	3434	6.090	8500	6.100	8200	6.110	63400	6.120	15800	/16842786//82749664/13293583/6.07/6.25//2008-9-18 11:18:9
32/600068/葛洲坝/6.070	75605	0.000	0	0.000	0	0.000	0	0.000	0	6.080	2334	6.090	8500	6.100	10000	6.110	63400	6.120	15800	/16842786//82768496/13296683/6.08/6.25//2008-9-18 11:19:9
32/600068/葛洲坝/6.080	110266	6.070	86305	0.000	0	0.000	0	0.000	0	6.070	306983	6.090	8500	6.100	9800	6.110	63400	6.120	15800	/16842786//84138552/13522188/6.07/6.25//2008-9-18 11:20:10
32/600068/葛洲坝/6.080	110266	6.070	86305	0.000	0	0.000	0	0.000	0	6.070	282083	6.080	20800	6.090	8500	6.100	9800	6.110	63400	/16842786//84941008/13654388/6.07/6.25//2008-9-18 11:21:10
32/600068/葛洲坝/6.070	17	0.000	0	0.000	0	0.000	0	0.000	0	6.080	20800	6.090	8500	6.100	9800	6.110	63400	6.120	15800	/16842786//86592552/13926471/6.07/6.25//2008-9-18 11:22:10
32/600068/葛洲坝/6.070	6317	0.000	0	0.000	0	0.000	0	0.000	0	6.070	67192	6.080	23300	6.090	8500	6.100	10100	6.110	63400	/16842786//86709312/13945705/6.07/6.25//2008-9-18 11:23:11
32/600068/葛洲坝/6.070	6317	0.000	0	0.000	0	0.000	0	0.000	0	6.070	35592	6.080	88400	6.090	9000	6.100	20100	6.110	63400	/16842786//87467960/14070688/6.07/6.25//2008-9-18 11:24:11
32/600068/葛洲坝/6.070	6317	0.000	0	0.000	0	0.000	0	0.000	0	6.070	3492	6.080	30300	6.090	9000	6.100	20600	6.110	63400	/16842786//87497704/14075588/6.07/6.25//2008-9-18 11:25:12
32/600068/葛洲坝/6.070	6317	0.000	0	0.000	0	0.000	0	0.000	0	6.070	75592	6.080	30300	6.090	9000	6.100	20600	6.110	63400	/16842786//87877680/14138188/6.07/6.25//2008-9-18 11:26:12
32/600068/葛洲坝/6.070	6317	0.000	0	0.000	0	0.000	0	0.000	0	6.070	104092	6.080	30300	6.090	9000	6.100	21600	6.110	63400	/16842786//87919568/14145088/6.07/6.25//2008-9-18 11:27:13
32/600068/葛洲坝/6.070	6317	0.000	0	0.000	0	0.000	0	0.000	0	6.070	114792	6.080	30300	6.090	9000	6.100	21600	6.110	63400	/16842786//87943848/14149088/6.07/6.25//2008-9-18 11:28:13
32/600068/葛洲坝/6.070	6317	0.000	0	0.000	0	0.000	0	0.000	0	6.070	542492	6.080	30300	6.090	9000	6.100	21300	6.110	63400	/16842786//87959624/14151688/6.07/6.25//2008-9-18 11:29:14
32/600068/葛洲坝/6.070	6317	0.000	0	0.000	0	0.000	0	0.000	0	6.070	569992	6.080	30600	6.090	9000	6.100	21300	6.110	63400	/16842786//87967520/14152988/6.07/6.25//2008-9-18 11:30:14
32/600068/葛洲坝/6.070	6317	0.000	0	0.000	0	0.000	0	0.000	0	6.070	569992	6.080	30600	6.090	9000	6.100	21300	6.110	63400	/16842786//87967520/14152988/6.07/6.25//2008-9-18 11:31:15
32/600068/葛洲坝/6.070	6317	0.000	0	0.000	0	0.000	0	0.000	0	6.070	678300	6.080	30200	6.090	10000	6.100	33000	6.110	64400	/16842786//88520496/14244088/6.07/6.25//2008-9-18 13:1:15
32/600068/葛洲坝/6.070	6317	0.000	0	0.000	0	0.000	0	0.000	0	6.070	699200	6.080	30200	6.090	10000	6.100	33000	6.110	64400	/16842786//88545384/14248188/6.07/6.25//2008-9-18 13:2:16
32/600068/葛洲坝/6.070	6317	0.000	0	0.000	0	0.000	0	0.000	0	6.070	741800	6.080	31200	6.090	10000	6.100	33000	6.110	64400	/16842786//88560560/14250688/6.07/6.25//2008-9-18 13:3:16
32/600068/葛洲坝/6.070	6317	0.000	0	0.000	0	0.000	0	0.000	0	6.070	768600	6.080	31200	6.090	10000	6.100	33000	6.110	64400	/16842786//88564808/14251388/6.07/6.25//2008-9-18 13:4:17
32/600068/葛洲坝/6.070	6317	0.000	0	0.000	0	0.000	0	0.000	0	6.070	827900	6.080	40200	6.090	10000	6.100	36100	6.110	64400	/16842786//88567840/14251888/6.07/6.25//2008-9-18 13:5:17
32/600068/葛洲坝/6.070	6317	0.000	0	0.000	0	0.000	0	0.000	0	6.070	843500	6.080	40200	6.090	10000	6.100	36100	6.110	64400	/16842786//88574520/14252988/6.07/6.25//2008-9-18 13:6:18
32/600068/葛洲坝/6.070	6317	0.000	0	0.000	0	0.000	0	0.000	0	6.070	906600	6.080	30200	6.090	10000	6.100	37200	6.110	64400	/16842786//88578768/14253688/6.07/6.25//2008-9-18 13:7:18
32/600068/葛洲坝/6.070	6317	0.000	0	0.000	0	0.000	0	0.000	0	6.070	920904	6.080	30200	6.090	10000	6.100	37200	6.110	64400	/16842786//88585448/14254788/6.07/6.25//2008-9-18 13:8:19
32/600068/葛洲坝/6.070	6317	0.000	0	0.000	0	0.000	0	0.000	0	6.070	951404	6.080	30200	6.090	10000	6.100	37200	6.110	64400	/16842786//88591512/14255788/6.07/6.25//2008-9-18 13:9:19
32/600068/葛洲坝/6.070	6317	0.000	0	0.000	0	0.000	0	0.000	0	6.070	1007104	6.080	30200	6.090	10000	6.100	37200	6.110	64400	/16842786//88591512/14255788/6.07/6.25//2008-9-18 13:10:20
32/600068/葛洲坝/6.070	6317	0.000	0	0.000	0	0.000	0	0.000	0	6.070	1026303	6.080	30200	6.090	10000	6.100	37200	6.110	64400	/16842786//88592728/14255988/6.07/6.25//2008-9-18 13:11:20
32/600068/葛洲坝/6.070	6317	0.000	0	0.000	0	0.000	0	0.000	0	6.070	1046003	6.080	30200	6.090	10000	6.100	37200	6.110	64400	/16842786//88593944/14256188/6.07/6.25//2008-9-18 13:12:21
32/600068/葛洲坝/6.070	6317	0.000	0	0.000	0	0.000	0	0.000	0	6.070	1063304	6.080	30900	6.090	10000	6.100	37200	6.110	64400	/16842786//88607904/14258488/6.07/6.25//2008-9-18 13:13:21
32/600068/葛洲坝/6.070	6317	0.000	0	0.000	0	0.000	0	0.000	0	6.070	1084933	6.080	30900	6.090	10000	6.100	37200	6.110	64400	/16842786//88608512/14258588/6.07/6.25//2008-9-18 13:14:22
32/600068/葛洲坝/6.070	6317	0.000	0	0.000	0	0.000	0	0.000	0	6.070	1103133	6.080	30900	6.090	10000	6.100	33700	6.110	63900	/16842786//88616400/14259888/6.07/6.25//2008-9-18 13:15:22
32/600068/葛洲坝/6.070	6317	0.000	0	0.000	0	0.000	0	0.000	0	6.070	1179192	6.080	30900	6.090	10000	6.100	33700	6.110	63900	/16842786//88629752/14262088/6.07/6.25//2008-9-18 13:16:23
32/600068/葛洲坝/6.070	6317	0.000	0	0.000	0	0.000	0	0.000	0	6.070	1197292	6.080	36900	6.090	10000	6.100	33700	6.110	64400	/16842786//88629752/14262088/6.07/6.25//2008-9-18 13:17:23
32/600068/葛洲坝/6.070	6317	0.000	0	0.000	0	0.000	0	0.000	0	6.070	1212892	6.080	36900	6.090	10000	6.100	33700	6.110	64400	/16842786//88638256/14263488/6.07/6.25//2008-9-18 13:18:24
32/600068/葛洲坝/6.070	6317	0.000	0	0.000	0	0.000	0	0.000	0	6.070	1209892	6.080	36900	6.090	10000	6.100	38100	6.110	64400	/16842786//88640072/14263788/6.07/6.25//2008-9-18 13:19:24
32/600068/葛洲坝/6.070	6317	0.000	0	0.000	0	0.000	0	0.000	0	6.070	1229672	6.080	36900	6.090	10000	6.100	38100	6.110	64400	/16842786//88640072/14263788/6.07/6.25//2008-9-18 13:20:25
32/600068/葛洲坝/6.070	6317	0.000	0	0.000	0	0.000	0	0.000	0	6.070	1222772	6.080	36900	6.090	10000	6.100	39500	6.110	63900	/16842786//88646144/14264788/6.07/6.25//2008-9-18 13:21:25
32/600068/葛洲坝/6.070	6317	0.000	0	0.000	0	0.000	0	0.000	0	6.070	1209272	6.080	36900	6.090	10000	6.100	39500	6.110	63900	/16842786//88683168/14270888/6.07/6.25//2008-9-18 13:22:26
32/600068/葛洲坝/6.070	6317	0.000	0	0.000	0	0.000	0	0.000	0	6.070	1198272	6.080	30200	6.090	10000	6.100	39500	6.110	63900	/16842786//88728696/14278388/6.07/6.25//2008-9-18 13:23:26
32/600068/葛洲坝/6.070	6317	0.000	0	0.000	0	0.000	0	0.000	0	6.070	1170222	6.080	30200	6.090	10000	6.100	39500	6.110	63900	/16842786//88762080/14283888/6.07/6.25//2008-9-18 13:24:27
32/600068/葛洲坝/6.070	6317	0.000	0	0.000	0	0.000	0	0.000	0	6.070	1167622	6.080	30200	6.090	10000	6.100	39500	6.110	63900	/16842786//88778472/14286588/6.07/6.25//2008-9-18 13:25:27
32/600068/葛洲坝/6.070	6317	0.000	0	0.000	0	0.000	0	0.000	0	6.070	1165418	6.080	30200	6.090	10000	6.100	29500	6.110	63900	/16842786//88799112/14289988/6.07/6.25//2008-9-18 13:26:28
32/600068/葛洲坝/6.070	6317	0.000	0	0.000	0	0.000	0	0.000	0	6.070	1156918	6.080	30200	6.090	10000	6.100	23100	6.110	63900	/16842786//88851920/14298688/6.07/6.25//2008-9-18 13:27:28
32/600068/葛洲坝/6.070	6317	0.000	0	0.000	0	0.000	0	0.000	0	6.070	1246158	6.080	30200	6.090	10000	6.100	24100	6.110	63900	/16842786//88936288/14312588/6.07/6.25//2008-9-18 13:28:29
32/600068/葛洲坝/6.070	6317	0.000	0	0.000	0	0.000	0	0.000	0	6.070	1258458	6.080	30200	6.090	10000	6.100	24100	6.110	63900	/16842786//88947824/14314488/6.07/6.25//2008-9-18 13:29:29
32/600068/葛洲坝/6.070	6317	0.000	0	0.000	0	0.000	0	0.000	0	6.070	1255358	6.080	30200	6.090	10000	6.100	22300	6.110	63900	/16842786//88967248/14317688/6.07/6.25//2008-9-18 13:30:30
32/600068/葛洲坝/6.070	6317	0.000	0	0.000	0	0.000	0	0.000	0	6.070	1278282	6.080	30200	6.090	10000	6.100	119300	6.110	63900	/16842786//89028552/14327788/6.07/6.25//2008-9-18 13:31:30
32/600068/葛洲坝/6.070	234018	0.000	0	0.000	0	0.000	0	0.000	0	6.080	8600	6.090	11700	6.100	19800	6.110	63900	6.120	11000	/16842786//96980960/15637870/6.08/6.25//2008-9-18 13:32:31
32/600068/葛洲坝/6.100	70300	6.090	163400	6.080	56700	6.070	241918	0.000	0	6.110	62300	6.120	11000	6.140	2900	6.150	15300	6.160	3000	/16842786//97225896/15678070/6.11/6.25//2008-9-18 13:33:31
32/600068/葛洲坝/6.140	1290	6.130	800	6.120	20900	6.110	73200	6.100	74500	6.150	64800	6.160	4900	6.170	4000	6.180	6000	6.190	11900	/16842786//97709504/15757180/6.15/6.25//2008-9-18 13:34:32
32/600068/葛洲坝/6.170	9600	6.160	34800	6.150	79500	6.140	15390	6.130	500	6.180	4200	6.190	11900	6.200	6500	6.210	200	6.220	1600	/16842786//98180216/15833680/6.18/6.25//2008-9-18 13:35:32
32/600068/葛洲坝/6.200	108600	6.190	23500	6.180	17400	6.170	4600	6.160	20800	6.210	1200	6.240	7600	6.250	62200	6.260	19000	6.270	11500	/16842786//98754208/15926480/6.2/6.25//2008-9-18 13:36:33
32/600068/葛洲坝/6.210	23500	6.200	101900	6.190	8600	6.180	17300	6.170	200	6.240	14000	6.250	62400	6.260	18000	6.270	12500	6.280	10900	/16842786//99432904/16035780/6.24/6.25//2008-9-18 13:37:34
32/600068/葛洲坝/6.210	2888	6.200	105100	6.190	5600	6.180	7500	6.170	200	6.220	2700	6.230	7300	6.240	26700	6.250	59500	6.260	17800	/16842786//99728728/16083392/6.23/6.25//2008-9-18 13:38:34
32/600068/葛洲坝/6.200	63100	6.190	4800	6.180	7600	6.170	200	6.160	11100	6.210	3200	6.220	6512	6.230	18500	6.240	22700	6.250	59500	/16842786//100144904/16150480/6.2/6.25//2008-9-18 13:39:35
32/600068/葛洲坝/6.180	4400	6.170	200	6.160	8100	6.150	11700	6.140	5790	6.190	14500	6.200	22200	6.210	900	6.220	7712	6.230	16100	/16842786//100610424/16225580/6.19/6.25//2008-9-18 13:40:35
32/600068/葛洲坝/6.160	92200	6.150	10800	6.140	5690	6.120	10500	6.110	11000	6.170	2700	6.180	14900	6.190	5200	6.200	23600	6.210	400	/16842786//100761480/16250080/6.17/6.25//2008-9-18 13:41:36
32/600068/葛洲坝/6.170	1210	6.160	79000	6.150	10500	6.140	5690	6.120	9900	6.190	11900	6.200	25400	6.210	400	6.220	6612	6.230	12700	/16842786//100970528/16283970/6.18/6.25//2008-9-18 13:42:36
32/600068/葛洲坝/6.190	5100	6.180	38400	6.170	31410	6.160	79800	6.150	11200	6.200	17800	6.210	400	6.220	7012	6.230	12200	6.240	15200	/16842786//101123984/16308770/6.19/6.25//2008-9-18 13:43:37
32/600068/葛洲坝/6.210	14800	6.200	34500	6.190	43000	6.180	33700	6.170	31210	6.220	4500	6.230	12300	6.240	15200	6.250	54800	6.260	18200	/16842786//101253632/16329670/6.21/6.25//2008-9-18 13:44:37
32/600068/葛洲坝/6.230	27800	6.220	3740	6.210	11500	6.200	23200	6.190	42000	6.240	16200	6.250	55500	6.260	18400	6.270	11300	6.280	12100	/16842786//101539464/16375630/6.23/6.25//2008-9-18 13:45:38
32/600068/葛洲坝/6.250	7100	6.240	26300	6.230	28600	6.220	11640	6.210	3000	6.260	10900	6.270	11300	6.280	10300	6.290	16100	6.300	25600	/16842786//102000512/16449430/6.25/6.25//2008-9-18 13:46:39
32/600068/葛洲坝/6.260	2300	6.250	45800	6.240	13200	6.230	23200	6.220	9640	6.270	11300	6.280	8300	6.290	15100	6.300	25300	6.310	7200	/16842786//102191976/16480030/6.26/6.25//2008-9-18 13:47:39
32/600068/葛洲坝/6.270	42600	6.260	1000	6.250	3600	6.240	11900	6.230	22600	6.280	8400	6.290	15600	6.300	20800	6.310	22100	6.320	6200	/16842786//102515280/16531630/6.27/6.25//2008-9-18 13:48:40
32/600068/葛洲坝/6.230	9700	6.220	20840	6.210	1400	6.200	22900	6.190	40900	6.240	5900	6.250	1000	6.260	68300	6.270	17700	6.280	13100	/16842786//103270208/16652330/6.26/6.25//2008-9-18 13:49:40
32/600068/葛洲坝/6.210	8300	6.200	19000	6.190	4200	6.180	10500	6.170	510	6.230	4300	6.240	24200	6.250	6700	6.260	112400	6.270	9700	/16842786//103458648/16682670/6.21/6.25//2008-9-18 13:50:41
32/600068/葛洲坝/6.200	10400	6.190	3200	6.180	4600	6.170	510	6.160	79800	6.210	66860	6.220	28800	6.230	15500	6.240	16600	6.250	18300	/16842786//103745536/16728870/6.2/6.25//2008-9-18 13:51:41
32/600068/葛洲坝/6.170	5910	6.160	79800	6.150	5600	6.140	700	6.120	5500	6.180	1100	6.190	22700	6.200	40100	6.210	71050	6.220	21900	/16842786//103865056/16748170/6.19/6.25//2008-9-18 13:52:42
32/600068/葛洲坝/6.160	68600	6.150	7900	6.140	200	6.120	5700	6.110	11700	6.170	20830	6.180	18900	6.190	1700	6.200	40500	6.210	59160	/16842786//103977920/16766480/6.17/6.25//2008-9-18 13:53:42
32/600068/葛洲坝/6.160	56799	6.150	7900	6.140	200	6.130	300	6.120	5700	6.170	14630	6.180	10600	6.190	1700	6.200	29700	6.210	57160	/16842786//104127072/16790680/6.16/6.25//2008-9-18 13:54:43
32/600068/葛洲坝/6.140	200	6.130	300	6.120	5700	6.110	10600	6.100	35500	6.150	15300	6.160	33201	6.170	15630	6.180	4600	6.190	1700	/16842786//104510160/16852880/6.15/6.25//2008-9-18 13:55:44
32/600068/葛洲坝/6.130	1100	6.120	23000	6.110	12600	6.100	37000	6.090	5200	6.140	300	6.150	13200	6.160	25301	6.170	15330	6.180	4000	/16842786//104628632/16872180/6.13/6.25//2008-9-18 13:56:44
32/600068/葛洲坝/6.130	500	6.120	23000	6.110	12500	6.100	44800	6.090	5900	6.150	13000	6.160	15601	6.170	15330	6.180	1600	6.190	700	/16842786//104676432/16879980/6.12/6.25//2008-9-18 13:57:45
32/600068/葛洲坝/6.170	12799	6.150	76700	6.140	2000	6.130	14400	6.120	22300	6.180	1600	6.200	23400	6.210	53960	6.220	22000	6.230	9800	/16842786//105431872/17002780/6.17/6.25//2008-9-18 13:58:45
32/600068/葛洲坝/6.180	900	6.170	17999	6.160	17300	6.150	78300	6.140	1900	6.200	17800	6.210	51960	6.220	22000	6.230	9800	6.240	4900	/16842786//105470160/17008980/6.18/6.25//2008-9-18 13:59:46
32/600068/葛洲坝/6.180	22200	6.170	18999	6.160	7300	6.150	76300	6.140	1700	6.200	4000	6.210	51960	6.220	22000	6.230	9800	6.240	4900	/16842786//105559432/17023380/6.2/6.25//2008-9-18 14:0:47
32/600068/葛洲坝/6.180	12950	6.170	21199	6.160	4300	6.150	86500	6.140	1700	6.200	4030	6.210	52160	6.220	22000	6.230	9800	6.240	4400	/16842786//105796768/17061732/6.18/6.25//2008-9-18 14:1:47
32/600068/葛洲坝/6.170	16199	6.160	4300	6.150	88000	6.140	1700	6.130	4500	6.180	39449	6.190	5200	6.200	7230	6.210	51960	6.220	22000	/16842786//105930048/17083280/6.18/6.25//2008-9-18 14:2:48
32/600068/葛洲坝/6.150	15000	6.140	1700	6.130	4500	6.120	21600	6.110	12200	6.170	10948	6.180	32859	6.190	3600	6.200	8430	6.210	51960	/16842786//106608296/17193480/6.15/6.25//2008-9-18 14:3:48
32/600068/葛洲坝/6.120	106100	6.110	12200	6.100	41900	6.090	3100	6.080	15300	6.130	500	6.140	3800	6.150	22700	6.160	13400	6.170	10948	/16842786//106859240/17234380/6.13/6.25//2008-9-18 14:4:49
32/600068/葛洲坝/6.130	26200	6.120	110100	6.110	11900	6.100	43600	6.090	3100	6.140	1000	6.150	22800	6.160	13300	6.170	10948	6.180	17259	/16842786//106994064/17256380/6.13/6.25//2008-9-18 14:5:50
32/600068/葛洲坝/6.140	3900	6.130	29600	6.120	114700	6.110	11900	6.100	44500	6.150	1900	6.160	1600	6.170	8948	6.180	2109	6.190	2800	/16842786//107124312/17277580/6.14/6.25//2008-9-18 14:6:50
32/600068/葛洲坝/6.160	97600	6.150	135600	6.140	10700	6.130	26400	6.120	113700	6.170	8948	6.180	2109	6.190	800	6.200	8230	6.210	51960	/16842786//107168632/17284780/6.16/6.25//2008-9-18 14:7:51
32/600068/葛洲坝/6.170	14452	6.160	92900	6.150	132500	6.140	6900	6.130	12300	6.180	1509	6.190	800	6.200	7300	6.210	51960	6.220	22000	/16842786//107282992/17303328/6.18/6.25//2008-9-18 14:8:51
32/600068/葛洲坝/6.190	1400	6.180	12291	6.170	15652	6.160	96400	6.150	132900	6.200	7600	6.210	55060	6.220	22000	6.230	6800	6.240	2900	/16842786//107358464/17315536/6.2/6.25//2008-9-18 14:9:52
32/600068/葛洲坝/6.200	26500	6.190	1000	6.180	13491	6.170	36552	6.160	97300	6.210	7960	6.220	22000	6.230	1800	6.240	2900	6.250	18300	/16842786//107735848/17376336/6.21/6.25//2008-9-18 14:10:53
32/600068/葛洲坝/6.220	3200	6.210	27340	6.200	79600	6.180	13191	6.170	21152	6.230	2100	6.240	6900	6.250	17300	6.260	56400	6.270	6400	/16842786//107989864/17417196/6.22/6.25//2008-9-18 14:11:53
32/600068/葛洲坝/6.230	7100	6.220	13900	6.210	12740	6.200	90400	6.180	10091	6.240	5600	6.250	17700	6.260	55900	6.270	6400	6.280	6600	/16842786//108092736/17433696/6.23/6.25//2008-9-18 14:12:54
32/600068/葛洲坝/6.220	12500	6.210	12040	6.200	90800	6.190	700	6.180	6591	6.240	10100	6.250	17380	6.260	55900	6.270	5900	6.280	10600	/16842786//108218040/17453796/6.22/6.25//2008-9-18 14:13:55
32/600068/葛洲坝/6.220	3001	6.210	12040	6.200	76300	6.190	700	6.180	6591	6.230	10100	6.240	22030	6.250	18480	6.260	56000	6.270	5900	/16842786//108340688/17473496/6.22/6.25//2008-9-18 14:14:55
32/600068/葛洲坝/6.220	20321	6.210	18940	6.200	25300	6.190	700	6.180	7091	6.230	10000	6.240	18000	6.250	17880	6.260	56000	6.270	6300	/16842786//108570032/17510376/6.23/6.25//2008-9-18 14:15:56
32/600068/葛洲坝/6.220	16741	6.210	20040	6.200	24000	6.190	700	6.180	6591	6.230	8700	6.240	16300	6.250	36700	6.260	56500	6.270	6300	/16842786//108615960/17517756/6.22/6.25//2008-9-18 14:16:56
32/600068/葛洲坝/6.220	7400	6.210	18440	6.200	26400	6.190	700	6.180	6091	6.230	7259	6.240	12300	6.250	38700	6.260	12300	6.270	6300	/16842786//108820888/17550696/6.22/6.25//2008-9-18 14:17:57
32/600068/葛洲坝/6.240	7300	6.230	7400	6.220	9500	6.210	23440	6.200	27400	6.250	38300	6.260	12300	6.270	8300	6.280	10600	6.290	24600	/16842786//109002200/17579796/6.25/6.25//2008-9-18 14:18:58
32/600068/葛洲坝/6.270	2000	6.260	48700	6.250	98500	6.240	24600	6.230	14400	6.290	300	6.300	35300	6.310	23100	6.320	16417	6.330	10100	/16842786//109871256/17718396/6.29/6.25//2008-9-18 14:19:58
32/600068/葛洲坝/6.350	97300	6.330	25883	6.320	2100	6.310	36100	6.300	92400	6.360	250	6.370	6700	6.380	8500	6.390	8500	6.400	85788	/16842786//110223376/17773814/6.36/6.25//2008-9-18 14:20:59
32/600068/葛洲坝/6.440	3200	6.430	6000	6.420	31600	6.410	32600	6.400	118353	6.450	5600	6.460	48812	6.470	5900	6.480	5500	6.490	36500	/16842786//111137160/17916512/6.45/6.25//2008-9-18 14:22:0
32/600068/葛洲坝/6.470	60400	6.460	109688	6.450	29400	6.440	5500	6.430	23100	6.480	400	6.490	36000	6.500	50999	6.510	17344	6.520	8700	/16842786//111649688/17995824/6.48/6.25//2008-9-18 14:23:0
32/600068/葛洲坝/6.520	3000	6.510	32156	6.500	73301	6.490	11700	6.480	12800	6.530	3600	6.540	13300	6.550	34700	6.560	5200	6.570	20000	/16842786//112549072/18134166/6.51/6.25//2008-9-18 14:24:1
32/600068/葛洲坝/6.510	30956	6.500	53901	6.490	12000	6.480	6300	6.470	30700	6.520	3300	6.530	24890	6.540	6809	6.550	36500	6.560	5200	/16842786//113217256/18236566/6.52/6.25//2008-9-18 14:25:2
32/600068/葛洲坝/6.490	10800	6.480	5900	6.470	29900	6.460	24500	6.450	11900	6.500	92599	6.510	145643	6.520	87600	6.530	36390	6.540	5300	/16842786//113946904/18348724/6.49/6.25//2008-9-18 14:26:2
32/600068/葛洲坝/6.460	16700	6.450	11400	6.440	4200	6.430	1000	6.420	5600	6.470	40100	6.480	58100	6.490	19200	6.500	680108	6.510	104843	/16842786//115302336/18557524/6.46/6.25//2008-9-18 14:27:3
32/600068/葛洲坝/6.400	45925	6.370	1000	6.360	15250	6.350	90600	6.340	3200	6.420	300	6.430	4000	6.440	31844	6.450	111100	6.460	87409	/16842786//116053648/18674552/6.4/6.25//2008-9-18 14:28:4
32/600068/葛洲坝/6.360	2931	6.350	91300	6.340	3200	6.330	25883	6.310	5700	6.390	5900	6.400	95575	6.420	4400	6.430	7600	6.440	38044	/16842786//116471880/18739996/6.36/6.25//2008-9-18 14:29:4
32/600068/葛洲坝/6.360	1200	6.350	45256	6.340	7500	6.330	25883	6.310	5700	6.370	2400	6.390	18400	6.400	84000	6.410	600	6.420	3100	/16842786//117067728/18833770/6.37/6.25//2008-9-18 14:30:5
32/600068/葛洲坝/6.370	14700	6.360	42700	6.350	13300	6.340	7500	6.330	25883	6.390	13500	6.400	79700	6.410	600	6.420	3100	6.430	5100	/16842786//117256064/18863370/6.37/6.25//2008-9-18 14:31:6
32/600068/葛洲坝/6.390	2431	6.380	12300	6.370	49800	6.360	44800	6.350	13300	6.400	31900	6.410	600	6.420	6100	6.430	5100	6.440	16100	/16842786//117680600/18929740/6.4/6.25//2008-9-18 14:32:6
32/600068/葛洲坝/6.410	2600	6.400	113300	6.390	22331	6.380	12100	6.370	49800	6.420	3100	6.430	5100	6.440	5600	6.450	18100	6.460	43900	/16842786//117900720/18964140/6.41/6.25//2008-9-18 14:33:7
32/600068/葛洲坝/6.420	25100	6.410	27300	6.400	108500	6.390	21731	6.380	4500	6.430	1600	6.450	15900	6.460	23000	6.470	3000	6.480	14500	/16842786//117949536/18971740/6.43/6.25//2008-9-18 14:34:8
32/600068/葛洲坝/6.450	2200	6.430	2800	6.420	56500	6.410	24100	6.400	115900	6.460	13300	6.470	1400	6.480	14800	6.490	15100	6.500	149707	/16842786//118265592/19020840/6.45/6.25//2008-9-18 14:35:8
32/600068/葛洲坝/6.420	48400	6.410	19300	6.400	112400	6.390	23731	6.380	3000	6.430	400	6.450	28975	6.460	12700	6.470	1400	6.480	15300	/16842786//118386664/19039640/6.42/6.25//2008-9-18 14:36:9
32/600068/葛洲坝/6.450	83775	6.420	33000	6.410	5300	6.400	112400	6.390	23731	6.460	15300	6.470	6400	6.480	16200	6.490	16700	6.500	152807	/16842786//118827880/19108164/6.45/6.25//2008-9-18 14:37:10
32/600068/葛洲坝/6.450	5175	6.430	2000	6.420	33100	6.410	6400	6.400	112400	6.460	24300	6.470	6400	6.480	20200	6.490	28900	6.500	151808	/16842786//119345808/19188464/6.45/6.25//2008-9-18 14:38:10
32/600068/葛洲坝/6.400	95500	6.390	22831	6.380	3700	6.370	40900	6.360	14200	6.420	10600	6.430	16400	6.440	11300	6.450	158025	6.460	20600	/16842786//119735912/19249240/6.4/6.25//2008-9-18 14:39:11
32/600068/葛洲坝/6.390	22231	6.380	4600	6.370	37400	6.360	14000	6.350	5100	6.400	22500	6.410	13900	6.420	29900	6.430	12900	6.440	10800	/16842786//120371456/19348540/6.39/6.25//2008-9-18 14:40:12
32/600068/葛洲坝/6.370	33900	6.360	7100	6.350	5700	6.340	5400	6.330	25883	6.400	13899	6.410	14100	6.420	28600	6.430	12900	6.440	10300	/16842786//121182112/19475240/6.4/6.25//2008-9-18 14:41:12
32/600068/葛洲坝/6.370	25500	6.360	6300	6.350	4400	6.340	1900	6.330	25883	6.380	4800	6.390	8000	6.400	17818	6.410	10000	6.420	28900	/16842786//121264968/19488240/6.37/6.25//2008-9-18 14:42:13
32/600068/葛洲坝/6.380	7000	6.370	21050	6.360	9000	6.350	4400	6.340	1700	6.390	17300	6.400	26318	6.410	12000	6.420	28900	6.430	7200	/16842786//121408152/19510688/6.38/6.25//2008-9-18 14:43:14
32/600068/葛洲坝/6.380	4530	6.370	24450	6.360	9100	6.350	14600	6.340	3700	6.390	18600	6.400	35418	6.410	12000	6.420	28900	6.430	7200	/16842786//121472408/19520760/6.38/6.25//2008-9-18 14:44:14
32/600068/葛洲坝/6.380	13300	6.370	23450	6.360	9100	6.350	16100	6.340	3700	6.390	14000	6.400	37018	6.410	11000	6.420	27100	6.430	7200	/16842786//121554072/19533560/6.38/6.25//2008-9-18 14:45:15
32/600068/葛洲坝/6.370	21450	6.360	9100	6.350	6100	6.340	4100	6.330	26383	6.380	5500	6.390	8300	6.400	37018	6.410	11000	6.420	26200	/16842786//121742336/19563060/6.38/6.25//2008-9-18 14:46:16
32/600068/葛洲坝/6.350	6100	6.340	4100	6.330	26383	6.320	3500	6.310	3700	6.360	4800	6.370	48550	6.380	55412	6.390	8300	6.400	38818	/16842786//122011448/19605308/6.36/6.25//2008-9-18 14:47:16
32/600068/葛洲坝/6.350	37288	6.340	1600	6.330	26383	6.310	3700	6.300	113200	6.360	26599	6.370	58050	6.380	26700	6.390	7800	6.400	35919	/16842786//122468072/19677220/6.35/6.25//2008-9-18 14:48:17
32/600068/葛洲坝/6.330	1583	6.310	3700	6.300	112200	6.290	2400	6.260	12500	6.340	21600	6.350	58392	6.360	43899	6.370	29350	6.380	28000	/16842786//122877048/19741708/6.33/6.25//2008-9-18 14:49:18
32/600068/葛洲坝/6.300	115200	6.290	3400	6.260	12500	6.250	9000	6.240	1000	6.310	1350	6.320	2200	6.330	25200	6.340	25900	6.350	33092	/16842786//122988696/19759392/6.31/6.25//2008-9-18 14:50:18
32/600068/葛洲坝/6.300	40783	6.290	3500	6.280	1100	6.260	12500	6.250	8900	6.310	39549	6.320	3600	6.330	20300	6.340	5900	6.350	19450	/16842786//123627872/19860808/6.31/6.25//2008-9-18 14:51:19
32/600068/葛洲坝/6.300	4084	6.290	4500	6.280	1100	6.260	2500	6.250	208900	6.310	1300	6.320	4600	6.330	15900	6.340	5900	6.350	19950	/16842786//124097456/19935308/6.3/6.25//2008-9-18 14:52:20
32/600068/葛洲坝/6.280	2100	6.260	16000	6.250	209200	6.240	600	6.230	6100	6.290	2400	6.300	52306	6.310	2400	6.320	4100	6.330	15900	/16842786//124281200/19964492/6.29/6.25//2008-9-18 14:53:21
32/600068/葛洲坝/6.310	4900	6.300	143894	6.290	12700	6.280	5400	6.270	9600	6.320	4100	6.330	13600	6.340	5900	6.350	14750	6.360	21400	/16842786//125039704/20084898/6.31/6.25//2008-9-18 14:54:21
32/600068/葛洲坝/6.320	10300	6.310	12300	6.300	131594	6.290	10900	6.280	5300	6.340	9900	6.350	13550	6.360	21400	6.370	20400	6.380	21200	/16842786//125263680/20120298/6.32/6.25//2008-9-18 14:55:22
32/600068/葛洲坝/6.340	5000	6.320	10000	6.310	15300	6.300	132594	6.290	10900	6.350	8350	6.360	23900	6.370	20700	6.380	19500	6.390	23600	/16842786//125630744/20178198/6.35/6.25//2008-9-18 14:56:23
32/600068/葛洲坝/6.340	2100	6.330	5700	6.320	10500	6.310	16800	6.300	137594	6.350	26050	6.360	25400	6.370	20400	6.380	19500	6.390	27100	/16842786//125756936/20198098/6.34/6.25//2008-9-18 14:57:23
32/600068/葛洲坝/6.320	10400	6.310	51100	6.300	138094	6.290	10600	6.280	300	6.330	2200	6.340	18800	6.350	57850	6.360	23500	6.370	16800	/16842786//125929912/20225398/6.33/6.25//2008-9-18 14:58:24
32/600068/葛洲坝/6.310	33300	6.300	136594	6.290	10600	6.280	300	6.260	7500	6.320	1100	6.330	5200	6.340	53542	6.350	68050	6.360	23000	/16842786//126294728/20283098/6.32/6.25//2008-9-18 14:59:25
32/600068/葛洲坝/6.310	25100	6.300	136794	6.290	10000	6.280	300	6.260	7500	6.320	18400	6.330	11000	6.340	44242	6.350	66950	6.360	23000	/16842786//126609416/20332898/6.32/6.25//2008-9-18 15:0:26
32/600068/葛洲坝/6.310	25100	6.300	136794	6.290	10000	6.280	300	6.260	7500	6.320	18400	6.330	11000	6.340	44242	6.350	66950	6.360	23000	/16842786//126609416/20332898/6.32/6.25//2008-9-18 15:1:26
32/600068/葛洲坝/6.310	25100	6.300	136794	6.290	10000	6.280	300	6.260	7500	6.320	18400	6.330	11000	6.340	44242	6.350	66950	6.360	23000	/16842786//126609416/20332898/6.32/6.25//2008-9-18 15:2:27
