10/600016/民生银行/4.120	190	4.110	182290	4.100	280421	4.090	115600	4.080	669000	4.130	719598	4.140	542334	4.150	976937	4.160	57247	4.170	23510	/16842763//18940186/4592999/4.12/4.33//2008-9-18 9:31:34
10/600016/民生银行/4.130	92733	4.120	466922	4.110	866220	4.100	592521	4.090	134500	4.140	132634	4.150	996080	4.160	43847	4.170	19810	4.180	194953	/16842763//26441486/6409853/4.14/4.33//2008-9-18 9:32:35
10/600016/民生银行/4.150	336658	4.140	268557	4.130	425533	4.120	389822	4.110	868320	4.160	14977	4.170	124010	4.180	180318	4.190	135600	4.200	666428	/16842763//32714014/7922238/4.16/4.33//2008-9-18 9:33:35
10/600016/民生银行/4.170	47686	4.160	351749	4.150	426858	4.140	201157	4.130	323633	4.180	32798	4.190	258130	4.200	632028	4.210	215370	4.220	10300	/16842763//35210920/8521703/4.17/4.33//2008-9-18 9:34:35
10/600016/民生银行/4.160	49873	4.150	304400	4.140	154857	4.130	285633	4.120	403722	4.170	15300	4.180	188915	4.190	256930	4.200	533818	4.210	217150	/16842763//39076956/9449265/4.17/4.33//2008-9-18 9:35:35
10/600016/民生银行/4.150	66800	4.140	126657	4.130	327333	4.120	541022	4.110	861420	4.160	150686	4.170	103400	4.180	297765	4.190	237000	4.200	559601	/16842763//41987912/10149338/4.16/4.33//2008-9-18 9:36:36
10/600016/民生银行/4.140	114357	4.130	332533	4.120	486422	4.110	886420	4.100	709021	4.150	343422	4.160	77620	4.170	129240	4.180	374465	4.190	238200	/16842763//44423796/10735838/4.14/4.33//2008-9-18 9:37:36
10/600016/民生银行/4.140	125740	4.130	351133	4.120	477600	4.110	880120	4.100	712921	4.150	100445	4.160	199706	4.170	176640	4.180	379765	4.190	237540	/16842763//46811144/11311655/4.14/4.33//2008-9-18 9:38:36
10/600016/民生银行/4.150	33783	4.140	220713	4.130	311033	4.120	474600	4.110	878820	4.160	170626	4.170	118540	4.180	304945	4.190	136310	4.200	645381	/16842763//49275872/11905799/4.16/4.33//2008-9-18 9:39:36
10/600016/民生银行/4.180	232340	4.170	220075	4.160	633674	4.150	219100	4.140	252326	4.190	100310	4.200	647231	4.210	217150	4.220	44100	4.230	72900	/16842763//53837296/12999780/4.19/4.33//2008-9-18 9:40:36
10/600016/民生银行/4.210	204000	4.200	358504	4.190	373269	4.180	250090	4.170	135400	4.220	10200	4.230	65900	4.240	145400	4.250	96220	4.260	49114	/16842763//59005044/14230357/4.21/4.33//2008-9-18 9:41:37
10/600016/民生银行/4.250	175000	4.240	17300	4.230	102975	4.220	51040	4.210	195000	4.260	4484	4.270	131700	4.280	91500	4.290	66250	4.300	126170	/16842763//61490864/14817042/4.25/4.33//2008-9-18 9:42:37
10/600016/民生银行/4.240	27900	4.230	94775	4.220	50140	4.210	94100	4.200	457704	4.250	58600	4.260	225182	4.270	192384	4.280	90909	4.290	216350	/16842763//64804612/15596442/4.25/4.33//2008-9-18 9:43:37
10/600016/民生银行/4.220	34640	4.210	105800	4.200	473604	4.190	212900	4.180	237890	4.230	104425	4.240	167579	4.250	426700	4.260	219882	4.270	68084	/16842763//66231012/15933017/4.23/4.33//2008-9-18 9:44:37
10/600016/民生银行/4.220	6100	4.210	61400	4.200	456104	4.190	213000	4.180	250790	4.230	91510	4.240	136179	4.250	436400	4.260	208682	4.270	72584	/16842763//67975496/16346257/4.22/4.33//2008-9-18 9:45:37
10/600016/民生银行/4.210	207590	4.200	469804	4.190	209400	4.180	195790	4.170	323500	4.220	19300	4.230	224920	4.240	120979	4.250	340450	4.260	210312	/16842763//69170616/16629367/4.22/4.33//2008-9-18 9:46:38
10/600016/民生银行/4.210	86990	4.200	532404	4.190	212200	4.180	241890	4.170	329400	4.220	121565	4.230	102880	4.240	126179	4.250	395550	4.260	231882	/16842763//71187472/17107568/4.22/4.33//2008-9-18 9:47:38
10/600016/民生银行/4.220	112985	4.210	209399	4.200	542904	4.190	204000	4.180	250490	4.230	95434	4.240	110480	4.250	381880	4.260	233782	4.270	124984	/16842763//72145064/17334572/4.22/4.33//2008-9-18 9:48:38
10/600016/民生银行/4.230	108600	4.220	186693	4.210	213699	4.200	541604	4.190	202700	4.240	54580	4.250	372880	4.260	221382	4.270	131684	4.280	238009	/16842763//73498680/17654564/4.24/4.33//2008-9-18 9:49:39
10/600016/民生银行/4.250	50660	4.240	286130	4.230	71370	4.220	226693	4.210	193599	4.260	163882	4.270	134884	4.280	241509	4.290	190450	4.300	246300	/16842763//77367776/18566204/4.26/4.33//2008-9-18 9:50:39
10/600016/民生银行/4.240	104670	4.230	85370	4.220	219493	4.210	201399	4.200	285304	4.250	160360	4.260	156000	4.270	153884	4.280	235509	4.290	197350	/16842763//80971848/19414524/4.25/4.33//2008-9-18 9:51:39
10/600016/民生银行/4.210	236649	4.200	349804	4.190	190700	4.180	218790	4.170	336200	4.220	53277	4.230	199720	4.240	223300	4.250	259262	4.260	281415	/16842763//84946808/20353558/4.22/4.33//2008-9-18 9:52:39
10/600016/民生银行/4.200	223466	4.190	191300	4.180	214490	4.170	339900	4.160	740674	4.210	604971	4.220	270587	4.230	233870	4.240	120900	4.250	314062	/16842763//86759392/20784296/4.2/4.33//2008-9-18 9:53:40
10/600016/民生银行/4.180	506690	4.170	374600	4.160	767674	4.150	282900	4.140	123400	4.190	162841	4.200	544514	4.210	331771	4.220	262110	4.230	68940	/16842763//88893880/21293060/4.18/4.33//2008-9-18 9:54:40
10/600016/民生银行/4.180	217820	4.170	582800	4.160	762274	4.150	279100	4.140	135600	4.190	111841	4.200	483374	4.210	333371	4.220	256510	4.230	67540	/16842763//92200160/22083632/4.19/4.33//2008-9-18 9:55:40
10/600016/民生银行/4.180	383149	4.170	582300	4.160	802274	4.150	290200	4.140	137200	4.190	16700	4.200	488804	4.210	333871	4.220	252310	4.230	79040	/16842763//93826976/22472402/4.19/4.33//2008-9-18 9:56:41
10/600016/民生银行/4.190	202110	4.180	541849	4.170	557600	4.160	806574	4.150	309800	4.200	408704	4.210	315171	4.220	254110	4.230	98340	4.240	107810	/16842763//95068168/22768392/4.19/4.33//2008-9-18 9:57:41
10/600016/民生银行/4.200	386916	4.190	201980	4.180	541049	4.170	553700	4.160	817774	4.210	93371	4.220	273260	4.230	103640	4.240	102790	4.250	410652	/16842763//99756608/23884206/4.21/4.33//2008-9-18 9:58:41
10/600016/民生银行/4.210	220829	4.200	432716	4.190	224380	4.180	513249	4.170	537800	4.220	269640	4.230	228290	4.240	200250	4.250	424292	4.260	225825	/16842763//100731208/24115576/4.22/4.33//2008-9-18 9:59:41
10/600016/民生银行/4.210	153608	4.200	364416	4.190	165380	4.180	477949	4.170	538400	4.220	105700	4.230	228990	4.240	198550	4.250	448672	4.260	236725	/16842763//104045384/24901398/4.21/4.33//2008-9-18 10:0:42
10/600016/民生银行/4.200	365916	4.190	262980	4.180	468749	4.170	546400	4.160	814374	4.210	14362	4.220	70020	4.230	259890	4.240	198050	4.250	461936	/16842763//106335864/25444806/4.21/4.33//2008-9-18 10:1:42
10/600016/民生银行/4.190	247730	4.180	457049	4.170	545900	4.160	815074	4.150	341900	4.200	1100	4.210	201931	4.220	171760	4.230	241930	4.240	211212	/16842763//109816736/26272972/4.2/4.22//2008-9-18 10:2:42
10/600016/民生银行/4.180	444919	4.170	543400	4.160	823874	4.150	343100	4.140	90000	4.190	28190	4.200	195034	4.210	104201	4.220	97860	4.230	142130	/16842763//111740608/26731832/4.19/4.22//2008-9-18 10:3:42
10/600016/民生银行/4.170	552000	4.160	819874	4.150	352300	4.140	88400	4.130	198533	4.180	35468	4.190	58100	4.200	262164	4.210	78821	4.220	124770	/16842763//114667832/27431952/4.17/4.22//2008-9-18 10:4:43
10/600016/民生银行/4.200	249381	4.190	21400	4.180	340727	4.170	582100	4.160	1005674	4.210	79421	4.220	282390	4.230	150880	4.240	112550	4.250	507916	/16842763//117744472/28166244/4.2/4.22//2008-9-18 10:5:43
10/600016/民生银行/4.220	86690	4.200	335581	4.190	82800	4.180	543027	4.170	400200	4.230	116880	4.240	115668	4.250	512856	4.260	300125	4.270	183134	/16842763//122227688/29231852/4.22/4.22//2008-9-18 10:6:43
10/600016/民生银行/4.220	93899	4.210	214517	4.200	288480	4.190	289700	4.180	364100	4.230	9619	4.240	168716	4.250	627656	4.260	298225	4.270	183434	/16842763//124648848/29806028/4.22/4.22//2008-9-18 10:7:44
10/600016/民生银行/4.250	43649	4.240	119000	4.230	161700	4.220	116889	4.210	84717	4.260	241210	4.270	81234	4.280	146209	4.290	181750	4.300	340130	/16842763//131081224/31322688/4.25/4.22//2008-9-18 10:8:44
10/600016/民生银行/4.290	67970	4.280	608127	4.270	12900	4.260	343100	4.250	25000	4.300	214130	4.310	95400	4.320	100560	4.330	433895	4.340	14299	/16842763//134702576/32169416/4.29/4.22//2008-9-18 10:9:44
10/600016/民生银行/4.280	4200	4.270	15900	4.260	39200	4.250	902000	4.240	49300	4.300	298020	4.310	18700	4.320	229260	4.330	450845	4.340	45799	/16842763//137628992/32850088/4.3/4.22//2008-9-18 10:10:44
10/600016/民生银行/4.280	45800	4.270	67340	4.260	74100	4.250	893300	4.240	49200	4.290	11600	4.300	174300	4.310	234900	4.320	194060	4.330	439545	/16842763//141482080/33747948/4.28/4.22//2008-9-18 10:11:45
10/600016/民生银行/4.270	102396	4.260	179500	4.250	509400	4.240	59200	4.230	106700	4.280	101700	4.290	9690	4.300	366360	4.310	150730	4.320	202360	/16842763//143953440/34323892/4.28/4.22//2008-9-18 10:12:45
10/600016/民生银行/4.260	47306	4.250	513400	4.240	69700	4.230	109000	4.220	137389	4.270	54600	4.280	18700	4.290	101500	4.300	29790	4.310	155890	/16842763//148352608/35350280/4.27/4.22//2008-9-18 10:13:45
10/600016/民生银行/4.280	73700	4.270	127220	4.260	115300	4.250	527600	4.240	24200	4.290	1000	4.300	116106	4.310	198190	4.320	233600	4.330	460363	/16842763//150904128/35945340/4.28/4.22//2008-9-18 10:14:46
10/600016/民生银行/4.300	265850	4.290	12900	4.280	88310	4.270	75580	4.260	125900	4.310	135790	4.320	312910	4.330	467063	4.340	55500	4.350	217846	/16842763//153980592/36662320/4.3/4.22//2008-9-18 10:15:46
10/600016/民生银行/4.300	173010	4.290	24400	4.280	177010	4.270	90580	4.260	133300	4.310	124950	4.320	308010	4.330	486545	4.340	115000	4.350	210000	/16842763//156557184/37260860/4.3/4.22//2008-9-18 10:16:46
10/600016/民生银行/4.310	32200	4.300	146520	4.290	67000	4.280	187910	4.270	87180	4.320	254780	4.330	494845	4.340	134600	4.350	215380	4.360	46130	/16842763//159029648/37835052/4.31/4.22//2008-9-18 10:17:47
10/600016/民生银行/4.310	122790	4.300	103000	4.290	67800	4.280	188610	4.270	96580	4.320	162230	4.330	446545	4.340	134600	4.350	216480	4.360	53320	/16842763//160448720/38164080/4.32/4.22//2008-9-18 10:18:47
10/600016/民生银行/4.320	126802	4.310	697679	4.300	136300	4.290	87000	4.280	180810	4.330	248045	4.340	122330	4.350	212731	4.360	70320	4.370	20400	/16842763//162749584/38696288/4.33/4.22//2008-9-18 10:19:47
10/600016/民生银行/4.340	432930	4.330	201685	4.320	403602	4.310	166179	4.300	138300	4.350	225331	4.360	83420	4.370	152800	4.380	376650	4.390	214430	/16842763//165154368/39250876/4.34/4.22//2008-9-18 10:20:48
10/600016/民生银行/4.360	13420	4.350	1097468	4.340	218400	4.330	152985	4.320	393102	4.380	29730	4.390	151900	4.400	202041	4.410	32000	4.420	173700	/16842763//172354880/40898488/4.36/4.22//2008-9-18 10:21:48
10/600016/民生银行/4.360	20300	4.350	900568	4.340	204700	4.330	124985	4.320	373602	4.370	64000	4.380	96200	4.390	305650	4.400	230718	4.410	24700	/16842763//177265408/42020608/4.37/4.22//2008-9-18 10:22:48
10/600016/民生银行/4.350	703542	4.340	70600	4.330	114785	4.320	375302	4.310	149379	4.360	63780	4.370	270780	4.380	341486	4.390	217850	4.400	311418	/16842763//182396080/43196636/4.36/4.22//2008-9-18 10:23:48
10/600016/民生银行/4.340	130750	4.330	117285	4.320	73502	4.310	409479	4.300	184000	4.350	373698	4.360	286670	4.370	237600	4.380	263686	4.390	267520	/16842763//186784592/44205228/4.34/4.22//2008-9-18 10:24:49
10/600016/民生银行/4.330	33935	4.320	180402	4.310	409679	4.300	188700	4.290	54200	4.340	283983	4.350	250648	4.360	288521	4.370	113500	4.380	260559	/16842763//189238176/44770428/4.33/4.22//2008-9-18 10:25:49
10/600016/民生银行/4.320	116103	4.310	320879	4.300	179600	4.290	106700	4.280	77100	4.330	20329	4.340	205906	4.350	205488	4.360	274341	4.370	109400	/16842763//191335856/45254760/4.33/4.22//2008-9-18 10:26:49
10/600016/民生银行/4.320	137869	4.310	332179	4.300	175900	4.290	125300	4.280	104800	4.330	73599	4.340	225226	4.350	209138	4.360	266841	4.370	109460	/16842763//192885312/45613096/4.32/4.22//2008-9-18 10:27:50
10/600016/民生银行/4.330	50355	4.320	6700	4.310	360079	4.300	180200	4.290	125300	4.350	600	4.360	50934	4.370	103460	4.380	240244	4.390	289620	/16842763//197230672/46614408/4.33/4.22//2008-9-18 10:28:50
10/600016/民生银行/4.330	2400	4.320	333610	4.310	366130	4.300	183600	4.290	124300	4.350	66900	4.360	170334	4.370	103960	4.380	187284	4.390	289150	/16842763//198109408/46817304/4.33/4.22//2008-9-18 10:29:50
10/600016/民生银行/4.330	106136	4.320	357610	4.310	344330	4.300	194900	4.290	105000	4.340	42900	4.350	164200	4.360	178334	4.370	103260	4.380	193284	/16842763//198644208/46940768/4.33/4.22//2008-9-18 10:30:51
10/600016/民生银行/4.340	4410	4.330	114496	4.320	355210	4.310	346630	4.300	204000	4.350	128830	4.360	178034	4.370	101220	4.380	196184	4.390	434450	/16842763//199489248/47135408/4.35/4.22//2008-9-18 10:31:51
10/600016/民生银行/4.320	242962	4.310	348930	4.300	212100	4.290	103200	4.280	119300	4.330	45850	4.340	135100	4.350	148130	4.360	162334	4.370	110520	/16842763//200520208/47373364/4.32/4.22//2008-9-18 10:32:51
10/600016/民生银行/4.320	75258	4.310	337330	4.300	183000	4.290	102700	4.280	123400	4.330	109010	4.340	153170	4.350	143530	4.360	149734	4.370	111020	/16842763//201928240/47698968/4.32/4.22//2008-9-18 10:33:52
10/600016/民生银行/4.310	275286	4.300	181100	4.290	102700	4.280	108600	4.270	34900	4.320	401282	4.330	149110	4.340	96888	4.350	146830	4.360	189934	/16842763//202755152/47890472/4.32/4.22//2008-9-18 10:34:52
10/600016/民生银行/4.290	87446	4.280	103500	4.270	32900	4.260	109100	4.250	1114200	4.300	110400	4.310	288814	4.320	391172	4.330	108400	4.340	117488	/16842763//205087552/48432112/4.3/4.22//2008-9-18 10:35:52
10/600016/民生银行/4.280	77460	4.270	79200	4.260	180000	4.250	1114900	4.240	420100	4.290	199618	4.300	228970	4.310	91214	4.320	255672	4.330	97700	/16842763//205922144/48626696/4.28/4.22//2008-9-18 10:36:53
10/600016/民生银行/4.270	29260	4.260	297500	4.250	1125700	4.240	420600	4.230	186900	4.290	209382	4.300	224000	4.310	64314	4.320	251172	4.330	81200	/16842763//206859440/48845796/4.27/4.22//2008-9-18 10:37:53
10/600016/民生银行/4.280	500459	4.270	367746	4.260	308100	4.250	1137000	4.240	438700	4.290	197932	4.300	195900	4.310	57714	4.320	246572	4.330	84000	/16842763//207232672/48933052/4.28/4.22//2008-9-18 10:38:53
10/600016/民生银行/4.280	455145	4.270	233746	4.260	301900	4.250	915300	4.240	440700	4.290	26532	4.300	198200	4.310	61714	4.320	248572	4.330	86700	/16842763//208269792/49174964/4.29/4.22//2008-9-18 10:39:54
10/600016/民生银行/4.290	800	4.280	428059	4.270	230746	4.260	289000	4.250	915900	4.300	157120	4.310	65714	4.320	249072	4.330	86700	4.340	76688	/16842763//209830736/49538752/4.3/4.22//2008-9-18 10:40:54
10/600016/民生银行/4.290	213946	4.280	430559	4.270	228146	4.260	295700	4.250	925000	4.300	13033	4.310	67814	4.320	247072	4.330	74500	4.340	138688	/16842763//210716976/49745004/4.29/4.22//2008-9-18 10:41:54
10/600016/民生银行/4.290	177299	4.280	432459	4.270	229646	4.260	340400	4.250	925700	4.300	28400	4.310	67714	4.320	256572	4.330	72100	4.340	137688	/16842763//211364832/49895852/4.3/4.22//2008-9-18 10:42:55
10/600016/民生银行/4.290	141441	4.280	439559	4.270	226646	4.260	347000	4.250	931200	4.300	91384	4.310	86714	4.320	256572	4.330	73600	4.340	139688	/16842763//211832912/50004808/4.29/4.22//2008-9-18 10:43:55
10/600016/民生银行/4.280	438459	4.270	227546	4.260	298300	4.250	944800	4.240	441900	4.290	24893	4.300	71338	4.310	101214	4.320	260072	4.330	73100	/16842763//212867552/50245852/4.29/4.22//2008-9-18 10:44:56
10/600016/民生银行/4.270	256966	4.260	396400	4.250	944400	4.240	442300	4.230	207600	4.280	45738	4.290	3600	4.300	124085	4.310	99714	4.320	264772	/16842763//215541504/50870592/4.27/4.22//2008-9-18 10:45:56
10/600016/民生银行/4.280	153922	4.270	297352	4.260	388000	4.250	947400	4.240	439900	4.290	28300	4.300	129585	4.310	96614	4.320	245772	4.330	98900	/16842763//216386896/51068280/4.28/4.22//2008-9-18 10:46:56
10/600016/民生银行/4.270	235432	4.260	269800	4.250	957500	4.240	440400	4.230	212600	4.280	93942	4.290	138500	4.300	142631	4.310	93614	4.320	247002	/16842763//217497808/51328024/4.27/4.22//2008-9-18 10:47:57
10/600016/民生银行/4.260	115240	4.250	958900	4.240	440800	4.230	212800	4.220	165600	4.270	172844	4.280	41150	4.290	95300	4.300	144231	4.310	93614	/16842763//220697264/52077416/4.27/4.22//2008-9-18 10:48:57
10/600016/民生银行/4.250	926002	4.240	441200	4.230	212800	4.220	165800	4.210	254617	4.270	14574	4.280	47450	4.290	93600	4.300	155131	4.310	94014	/16842763//223401760/52711856/4.27/4.22//2008-9-18 10:49:57
10/600016/民生银行/4.250	760045	4.240	443700	4.230	209300	4.220	167800	4.210	255717	4.260	10240	4.270	38594	4.280	318450	4.290	104805	4.300	156631	/16842763//224785248/53037012/4.26/4.22//2008-9-18 10:50:58
10/600016/民生银行/4.250	570471	4.240	443600	4.230	212800	4.220	166800	4.210	255317	4.260	462588	4.270	42844	4.280	304850	4.290	124505	4.300	155431	/16842763//226731456/53494384/4.26/4.22//2008-9-18 10:51:58
10/600016/民生银行/4.250	517067	4.240	450600	4.230	203800	4.220	177600	4.210	260217	4.260	411138	4.270	32450	4.280	306800	4.290	122605	4.300	159631	/16842763//227790400/53743288/4.26/4.22//2008-9-18 10:52:58
10/600016/民生银行/4.250	466043	4.240	449900	4.230	203600	4.220	179800	4.210	270417	4.260	193958	4.270	32150	4.280	307900	4.290	122905	4.300	160821	/16842763//229285712/54094612/4.25/4.22//2008-9-18 10:53:59
10/600016/民生银行/4.260	55600	4.250	210081	4.240	456800	4.230	213200	4.220	178800	4.270	31650	4.280	309100	4.290	124905	4.300	168221	4.310	144514	/16842763//232190048/54777076/4.26/4.22//2008-9-18 10:54:59
10/600016/民生银行/4.260	210016	4.250	237381	4.240	460500	4.230	210200	4.220	179800	4.270	100663	4.280	86760	4.290	104905	4.300	171361	4.310	144514	/16842763//232623904/54878860/4.27/4.22//2008-9-18 10:56:0
10/600016/民生银行/4.260	171883	4.250	263081	4.240	460800	4.230	210200	4.220	179800	4.270	2000	4.280	34460	4.290	106105	4.300	138461	4.310	144514	/16842763//233785712/55150992/4.26/4.22//2008-9-18 10:57:0
10/600016/民生银行/4.250	270781	4.240	371600	4.230	207900	4.220	179800	4.210	289517	4.260	358001	4.270	161200	4.280	172910	4.290	105605	4.300	137361	/16842763//235116848/55463276/4.26/4.22//2008-9-18 10:58:0
10/600016/民生银行/4.240	352900	4.230	211900	4.220	190600	4.210	288017	4.200	1052000	4.250	190609	4.260	342201	4.270	200800	4.280	174410	4.290	109005	/16842763//237067152/55921856/4.24/4.22//2008-9-18 10:59:1
10/600016/民生银行/4.230	188160	4.220	179000	4.210	400717	4.200	1072200	4.190	40400	4.240	295650	4.250	253822	4.260	347851	4.270	190600	4.280	67510	/16842763//238882304/56349896/4.24/4.22//2008-9-18 11:0:1
10/600016/民生银行/4.220	9500	4.210	1000	4.200	828913	4.190	48900	4.180	331700	4.230	220952	4.240	154200	4.250	129023	4.260	59020	4.270	189000	/16842763//243381584/57417560/4.22/4.22//2008-9-18 11:1:2
10/600016/民生银行/4.220	24700	4.210	121400	4.200	788413	4.190	44800	4.180	339600	4.230	135972	4.240	157600	4.250	107273	4.260	54720	4.270	47000	/16842763//245904800/58014440/4.22/4.22//2008-9-18 11:2:2
10/600016/民生银行/4.220	279029	4.210	151840	4.200	801513	4.190	48300	4.180	393000	4.230	146072	4.240	153840	4.250	101373	4.260	68620	4.270	47720	/16842763//247699248/58439672/4.22/4.22//2008-9-18 11:3:2
10/600016/民生银行/4.230	61	4.220	63077	4.210	347840	4.200	808013	4.190	47400	4.240	112900	4.250	92123	4.260	69270	4.270	50920	4.280	69950	/16842763//250204272/59032464/4.23/4.22//2008-9-18 11:4:3
10/600016/民生银行/4.220	188299	4.210	372640	4.200	810813	4.190	48400	4.180	386700	4.230	31803	4.250	68510	4.260	68470	4.270	50720	4.280	69050	/16842763//251316192/59295100/4.23/4.22//2008-9-18 11:5:3
10/600016/民生银行/4.230	215630	4.220	221736	4.210	481340	4.200	823913	4.190	48400	4.240	49100	4.250	59860	4.260	62970	4.270	40220	4.280	68050	/16842763//252415200/59554936/4.24/4.22//2008-9-18 11:6:4
10/600016/民生银行/4.260	4000	4.250	121360	4.240	107000	4.230	211830	4.220	309836	4.270	41100	4.280	64010	4.290	102300	4.300	127011	4.310	128500	/16842763//253520672/59815032/4.26/4.22//2008-9-18 11:7:4
10/600016/民生银行/4.270	187350	4.260	136960	4.250	143860	4.240	63100	4.230	193330	4.280	78115	4.290	103500	4.300	124711	4.310	128500	4.320	164102	/16842763//254976752/60156224/4.27/4.22//2008-9-18 11:8:4
10/600016/民生银行/4.280	48684	4.270	196220	4.260	160660	4.250	120700	4.240	60700	4.290	91100	4.300	131911	4.310	129200	4.320	164602	4.330	130255	/16842763//256678544/60553872/4.29/4.22//2008-9-18 11:9:5
10/600016/民生银行/4.280	6444	4.270	175620	4.260	157960	4.250	112400	4.240	51700	4.290	500	4.300	186041	4.310	99700	4.320	182602	4.330	131255	/16842763//257692048/60790408/4.28/4.22//2008-9-18 11:10:5
10/600016/民生银行/4.280	51610	4.270	113784	4.260	165960	4.250	128200	4.240	41200	4.290	97110	4.300	356302	4.310	128400	4.320	181962	4.330	132455	/16842763//258310368/60934980/4.29/4.22//2008-9-18 11:11:6
10/600016/民生银行/4.270	96044	4.260	170160	4.250	132700	4.240	41200	4.230	176930	4.280	28760	4.290	194097	4.300	371402	4.310	129400	4.320	186262	/16842763//259313136/61169232/4.28/4.22//2008-9-18 11:12:6
10/600016/民生银行/4.250	135200	4.240	50500	4.230	156430	4.220	498900	4.210	169440	4.260	40280	4.280	103603	4.290	177822	4.300	378502	4.310	128400	/16842763//260858640/61531432/4.26/4.22//2008-9-18 11:13:7
10/600016/民生银行/4.250	77950	4.240	49500	4.230	149130	4.220	485100	4.210	163740	4.260	64500	4.270	82640	4.280	214303	4.290	169804	4.300	342621	/16842763//261301760/61635584/4.25/4.22//2008-9-18 11:14:7
10/600016/民生银行/4.260	74290	4.250	61700	4.240	64500	4.230	150630	4.220	491000	4.270	79440	4.280	213202	4.290	166614	4.300	345121	4.310	126400	/16842763//262038880/61808844/4.27/4.22//2008-9-18 11:15:7
10/600016/民生银行/4.260	1440	4.250	83200	4.240	111100	4.230	136200	4.220	506700	4.270	108740	4.280	121500	4.290	166614	4.300	346181	4.310	104400	/16842763//262826592/61993696/4.26/4.22//2008-9-18 11:16:8
10/600016/民生银行/4.250	96440	4.240	119000	4.230	138500	4.220	507900	4.210	167840	4.260	16110	4.270	158940	4.280	124200	4.290	154874	4.300	346128	/16842763//263233568/62089192/4.26/4.22//2008-9-18 11:17:8
10/600016/民生银行/4.260	48320	4.250	41400	4.240	119000	4.230	140300	4.220	509400	4.270	162200	4.280	125200	4.290	121444	4.300	423018	4.310	103500	/16842763//263835728/62230672/4.26/4.22//2008-9-18 11:18:9
10/600016/民生银行/4.250	175440	4.240	114000	4.230	189200	4.220	523600	4.210	167840	4.260	45214	4.270	179100	4.280	126500	4.290	123044	4.300	418318	/16842763//264382304/62359056/4.26/4.22//2008-9-18 11:19:9
10/600016/民生银行/4.250	183840	4.240	114000	4.230	194200	4.220	523700	4.210	164840	4.260	13694	4.270	157600	4.280	125500	4.290	123244	4.300	420818	/16842763//264789488/62454752/4.26/4.22//2008-9-18 11:20:10
10/600016/民生银行/4.260	485310	4.250	161546	4.240	113000	4.230	215300	4.220	520600	4.270	38610	4.280	125500	4.290	123384	4.300	423468	4.310	106900	/16842763//265787744/62688840/4.27/4.22//2008-9-18 11:21:10
10/600016/民生银行/4.260	406800	4.250	169446	4.240	113100	4.230	218500	4.220	522000	4.270	6000	4.280	127000	4.290	124384	4.300	427468	4.310	106900	/16842763//266628992/62886048/4.27/4.22//2008-9-18 11:22:10
10/600016/民生银行/4.260	236981	4.250	173146	4.240	111400	4.230	256100	4.220	523800	4.270	92220	4.280	129350	4.290	73834	4.300	426848	4.310	116900	/16842763//267436112/63075468/4.27/4.22//2008-9-18 11:23:11
10/600016/民生银行/4.260	226581	4.250	171146	4.240	113400	4.230	256100	4.220	524000	4.270	145480	4.280	129450	4.290	76634	4.300	426848	4.310	116900	/16842763//267743088/63147468/4.26/4.22//2008-9-18 11:24:11
10/600016/民生银行/4.260	129663	4.250	188546	4.240	113400	4.230	257100	4.220	425000	4.270	49339	4.280	131540	4.290	126234	4.300	427948	4.310	116400	/16842763//268929984/63425684/4.26/4.22//2008-9-18 11:25:12
10/600016/民生银行/4.260	4380	4.250	244046	4.240	112500	4.230	259100	4.220	429300	4.270	108789	4.280	134440	4.290	126134	4.300	428448	4.310	116400	/16842763//269736384/63614904/4.26/4.22//2008-9-18 11:26:12
10/600016/民生银行/4.250	160846	4.240	112500	4.230	258600	4.220	428900	4.210	168440	4.260	145459	4.270	114539	4.280	114840	4.290	126134	4.300	428448	/16842763//270488448/63791684/4.25/4.22//2008-9-18 11:27:13
10/600016/民生银行/4.240	94940	4.230	249000	4.220	430900	4.210	167940	4.200	981013	4.250	226481	4.260	164400	4.270	97639	4.280	115140	4.290	125434	/16842763//271648640/64064692/4.24/4.22//2008-9-18 11:28:13
10/600016/民生银行/4.230	246900	4.220	427400	4.210	167140	4.200	972513	4.190	52800	4.240	44980	4.250	238851	4.260	167400	4.270	50721	4.280	122540	/16842763//272465760/64257432/4.23/4.22//2008-9-18 11:29:14
10/600016/民生银行/4.240	26990	4.230	232000	4.220	426200	4.210	177540	4.200	968913	4.250	238551	4.260	165400	4.270	46021	4.280	118790	4.290	123940	/16842763//273011328/64386140/4.24/4.22//2008-9-18 11:30:14
10/600016/民生银行/4.240	26990	4.230	232000	4.220	426200	4.210	177540	4.200	968913	4.250	238551	4.260	165400	4.270	46021	4.280	118790	4.290	123940	/16842763//273011328/64386140/4.24/4.22//2008-9-18 11:31:15
10/600016/民生银行/4.190	50700	4.180	468300	4.170	112400	4.160	229500	4.150	446700	4.200	113237	4.210	24200	4.220	30200	4.230	591412	4.240	645142	/16842763//281522176/66402484/4.19/4.22//2008-9-18 13:1:15
10/600016/民生银行/4.180	129003	4.170	127600	4.160	286900	4.150	447200	4.140	124400	4.190	212650	4.200	79207	4.210	17300	4.220	16200	4.230	485443	/16842763//284051488/67007280/4.18/4.22//2008-9-18 13:2:16
10/600016/民生银行/4.180	21000	4.170	261433	4.160	328800	4.150	644100	4.140	126400	4.190	13280	4.200	70747	4.210	17300	4.220	17400	4.230	485443	/16842763//286909472/67690848/4.19/4.22//2008-9-18 13:3:16
10/600016/民生银行/4.200	468623	4.190	57995	4.180	352000	4.170	249913	4.160	329900	4.210	17800	4.220	28100	4.230	478443	4.240	617651	4.250	68690	/16842763//287913824/67930744/4.2/4.22//2008-9-18 13:4:17
10/600016/民生银行/4.210	23600	4.200	492584	4.190	146895	4.180	484500	4.170	319413	4.220	14700	4.230	323564	4.240	603001	4.250	73680	4.260	146691	/16842763//289384800/68279384/4.21/4.22//2008-9-18 13:5:17
10/600016/民生银行/4.210	203500	4.200	491384	4.190	166600	4.180	449600	4.170	319913	4.220	29450	4.230	321564	4.240	497801	4.250	86160	4.260	148391	/16842763//290361088/68510880/4.22/4.22//2008-9-18 13:6:18
10/600016/民生银行/4.210	140010	4.200	506784	4.190	187500	4.180	454100	4.170	315113	4.220	29340	4.230	366664	4.240	474801	4.250	99800	4.260	154391	/16842763//290936704/68647472/4.21/4.22//2008-9-18 13:7:18
10/600016/民生银行/4.210	135540	4.200	519484	4.190	224800	4.180	457900	4.170	315413	4.220	37350	4.230	368164	4.240	470201	4.250	101600	4.260	156091	/16842763//291601376/68805144/4.21/4.22//2008-9-18 13:8:19
10/600016/民生银行/4.210	5070	4.200	112314	4.190	222800	4.180	415100	4.170	322813	4.220	224100	4.230	380264	4.240	477801	4.250	107770	4.260	156741	/16842763//294515360/69498080/4.21/4.22//2008-9-18 13:9:19
10/600016/民生银行/4.200	496089	4.190	154784	4.180	412500	4.170	324313	4.160	342700	4.210	6300	4.220	243920	4.230	393364	4.240	443001	4.250	113770	/16842763//295865888/69819592/4.2/4.22//2008-9-18 13:10:20
10/600016/民生银行/4.200	288439	4.190	156384	4.180	418400	4.170	325913	4.160	451500	4.210	16061	4.220	252444	4.230	396964	4.240	442301	4.250	113070	/16842763//297287616/70157944/4.2/4.22//2008-9-18 13:11:20
10/600016/民生银行/4.200	67204	4.190	113500	4.180	470000	4.170	326213	4.160	485300	4.210	13040	4.220	313514	4.230	395064	4.240	593301	4.250	114370	/16842763//299981248/70799360/4.2/4.22//2008-9-18 13:12:21
10/600016/民生银行/4.200	374072	4.190	175800	4.180	473300	4.170	328113	4.160	486300	4.210	101620	4.220	331594	4.230	224061	4.240	593901	4.250	114870	/16842763//300687808/70967296/4.21/4.22//2008-9-18 13:13:21
10/600016/民生银行/4.200	43272	4.190	180800	4.180	503500	4.170	330713	4.160	489400	4.210	8400	4.220	359144	4.230	246960	4.240	593301	4.250	136090	/16842763//303895488/71730496/4.2/4.22//2008-9-18 13:14:22
10/600016/民生银行/4.210	2540	4.200	231154	4.190	207600	4.180	508300	4.170	331213	4.220	298864	4.230	259010	4.240	593301	4.250	145540	4.260	166241	/16842763//306622240/72379376/4.21/4.22//2008-9-18 13:15:22
10/600016/民生银行/4.210	221140	4.200	293533	4.190	241800	4.180	472000	4.170	334613	4.220	303494	4.230	261110	4.240	593301	4.250	157190	4.260	169671	/16842763//307532672/72595496/4.22/4.22//2008-9-18 13:16:23
10/600016/民生银行/4.210	28385	4.200	304733	4.190	239300	4.180	476900	4.170	324913	4.220	257514	4.230	261810	4.240	587301	4.250	162290	4.260	170071	/16842763//308299488/72777448/4.21/4.22//2008-9-18 13:17:23
10/600016/民生银行/4.220	428696	4.210	261122	4.200	333633	4.190	239300	4.180	481200	4.230	241610	4.240	581701	4.250	160090	4.260	170071	4.270	34442	/16842763//309842944/73143216/4.22/4.22//2008-9-18 13:18:24
10/600016/民生银行/4.230	4900	4.220	486176	4.210	235222	4.200	348833	4.190	237800	4.240	581701	4.250	162790	4.260	165571	4.270	47442	4.280	139290	/16842763//311292480/73486032/4.22/4.22//2008-9-18 13:19:24
10/600016/民生银行/4.240	29799	4.230	365790	4.220	476676	4.210	239022	4.200	288000	4.250	160530	4.260	163371	4.270	52442	4.280	140710	4.290	156439	/16842763//314123776/74153944/4.24/4.22//2008-9-18 13:20:25
10/600016/民生银行/4.250	439198	4.240	146599	4.230	296990	4.220	474176	4.210	237022	4.260	119801	4.270	66942	4.280	208410	4.290	267539	4.300	514962	/16842763//315785856/74544944/4.26/4.22//2008-9-18 13:21:25
10/600016/民生银行/4.260	176839	4.250	447238	4.240	88499	4.230	295790	4.220	478376	4.270	650	4.280	187510	4.290	261538	4.300	503972	4.310	104200	/16842763//317088896/74850416/4.27/4.22//2008-9-18 13:22:26
10/600016/民生银行/4.300	288818	4.290	145808	4.280	175700	4.270	98250	4.260	106839	4.310	90900	4.320	187169	4.330	217265	4.340	86570	4.350	268306	/16842763//321939904/75980296/4.3/4.22//2008-9-18 13:23:26
10/600016/民生银行/4.320	20731	4.310	92700	4.300	363818	4.290	146908	4.280	70500	4.330	173685	4.340	158470	4.350	275906	4.360	314040	4.370	48280	/16842763//324054656/76470560/4.32/4.22//2008-9-18 13:24:27
10/600016/民生银行/4.320	92752	4.310	95000	4.300	287918	4.290	76408	4.280	57500	4.330	17495	4.340	202070	4.350	266906	4.360	520140	4.370	89480	/16842763//325931712/76904144/4.33/4.22//2008-9-18 13:25:27
10/600016/民生银行/4.320	70952	4.310	103800	4.300	294318	4.290	19700	4.280	59200	4.330	4240	4.340	95022	4.350	266006	4.360	524040	4.370	127780	/16842763//328347200/77461344/4.33/4.22//2008-9-18 13:26:28
10/600016/民生银行/4.320	53500	4.310	102100	4.300	297118	4.290	23900	4.280	58400	4.330	83482	4.340	153200	4.350	394906	4.360	528240	4.370	127780	/16842763//330663872/77995744/4.33/4.22//2008-9-18 13:27:28
10/600016/民生银行/4.310	153100	4.300	353718	4.290	22900	4.280	48200	4.270	53350	4.320	13200	4.330	220422	4.340	349760	4.350	424306	4.360	535262	/16842763//331744160/78245640/4.31/4.22//2008-9-18 13:28:29
10/600016/民生银行/4.300	306818	4.290	121000	4.280	94200	4.270	155050	4.260	186539	4.310	12259	4.320	56205	4.330	154298	4.340	357500	4.350	423066	/16842763//334978944/78994040/4.3/4.22//2008-9-18 13:29:29
10/600016/民生银行/4.320	1100	4.310	30800	4.300	201888	4.290	122400	4.280	93200	4.340	1000	4.350	365668	4.360	539362	4.370	124480	4.380	372428	/16842763//340113888/80180672/4.32/4.22//2008-9-18 13:30:30
10/600016/民生银行/4.360	64538	4.350	196000	4.340	85800	4.330	416750	4.320	133500	4.370	108180	4.380	366428	4.390	485820	4.400	856956	4.410	42200	/16842763//344568928/81203768/4.37/4.22//2008-9-18 13:31:30
10/600016/民生银行/4.390	973201	4.380	367682	4.370	270500	4.360	307238	4.350	163400	4.400	513859	4.410	45300	4.420	69070	4.430	106040	4.440	211140	/16842763//350759200/82614688/4.39/4.22//2008-9-18 13:32:31
10/600016/民生银行/4.450	365168	4.440	241200	4.430	162425	4.420	431540	4.410	339700	4.460	87900	4.470	26000	4.480	366802	4.490	151200	4.500	960308	/16842763//359014912/84481984/4.46/4.22//2008-9-18 13:33:31
10/600016/民生银行/4.480	1100	4.470	217530	4.460	178100	4.450	496868	4.440	329800	4.490	8500	4.500	278810	4.510	61090	4.520	26850	4.530	201920	/16842763//367161280/86298352/4.47/4.22//2008-9-18 13:34:32
10/600016/民生银行/4.510	57420	4.500	477850	4.490	305287	4.480	116800	4.470	134160	4.520	139500	4.530	227020	4.540	181260	4.550	335342	4.560	141760	/16842763//375334336/88115568/4.51/4.22//2008-9-18 13:35:32
10/600016/民生银行/4.470	21310	4.460	53600	4.450	54100	4.440	102300	4.430	50000	4.480	577940	4.490	686485	4.500	681503	4.510	332823	4.520	412844	/16842763//385979904/90482576/4.48/4.22//2008-9-18 13:36:33
10/600016/民生银行/4.420	30500	4.410	362500	4.400	499100	4.390	279506	4.380	104600	4.430	199000	4.440	32440	4.450	313300	4.460	132014	4.470	486953	/16842763//390066176/91402472/4.43/4.22//2008-9-18 13:37:34
10/600016/民生银行/4.450	187730	4.440	598168	4.430	592775	4.420	92700	4.410	461700	4.460	40314	4.470	365253	4.480	394150	4.490	344800	4.500	469351	/16842763//394196128/92332104/4.45/4.22//2008-9-18 13:38:34
10/600016/民生银行/4.470	256427	4.460	209200	4.450	457040	4.440	553568	4.430	461875	4.480	244250	4.490	322200	4.500	517629	4.510	168837	4.520	375333	/16842763//398684448/93337256/4.48/4.22//2008-9-18 13:39:35
10/600016/民生银行/4.480	25697	4.470	171328	4.460	158600	4.450	392340	4.440	127368	4.490	46300	4.500	517013	4.510	213147	4.520	477933	4.530	283970	/16842763//404268544/94583256/4.48/4.22//2008-9-18 13:40:35
10/600016/民生银行/4.510	51570	4.500	2600	4.490	101859	4.480	106200	4.470	205228	4.520	78680	4.530	295170	4.540	179260	4.550	399492	4.560	314588	/16842763//417217088/97461824/4.51/4.22//2008-9-18 13:41:36
10/600016/民生银行/4.510	36300	4.500	458830	4.490	127759	4.480	90900	4.470	193228	4.520	3396	4.530	282770	4.540	423560	4.550	430932	4.560	317488	/16842763//422952128/98732864/4.52/4.22//2008-9-18 13:42:36
10/600016/民生银行/4.530	91710	4.520	5800	4.510	135209	4.500	497130	4.490	105259	4.540	331274	4.550	457132	4.560	334978	4.570	314400	4.580	288442	/16842763//428949376/100058048/4.53/4.22//2008-9-18 13:43:37
10/600016/民生银行/4.520	93540	4.510	137109	4.500	444530	4.490	84259	4.480	71600	4.530	4800	4.540	153147	4.550	444952	4.560	455078	4.570	306700	/16842763//435281344/101455712/4.53/4.22//2008-9-18 13:44:37
10/600016/民生银行/4.510	13389	4.500	498230	4.490	82559	4.480	61600	4.470	188728	4.520	116154	4.530	124210	4.540	286207	4.550	442382	4.560	428588	/16842763//439113344/102303472/4.52/4.22//2008-9-18 13:45:38
10/600016/民生银行/4.530	20700	4.520	184993	4.510	332929	4.500	519030	4.490	77359	4.550	329863	4.560	427318	4.570	320610	4.580	379076	4.590	286060	/16842763//447100096/104065944/4.53/4.22//2008-9-18 13:46:39
10/600016/民生银行/4.550	226047	4.540	576550	4.530	102600	4.520	197800	4.510	339229	4.560	415810	4.570	281300	4.580	388846	4.590	305260	4.600	574063	/16842763//453749536/105529344/4.55/4.22//2008-9-18 13:47:39
10/600016/民生银行/4.570	11300	4.560	147647	4.550	719547	4.540	537350	4.530	106500	4.580	396996	4.590	264060	4.600	613163	4.610	29978	4.620	33808	/16842763//460495360/107008296/4.57/4.22//2008-9-18 13:48:40
10/600016/民生银行/4.540	65600	4.530	106000	4.520	192000	4.510	49529	4.500	338100	4.550	432203	4.560	401801	4.570	564544	4.580	467249	4.590	355160	/16842763//468162368/108691592/4.54/4.22//2008-9-18 13:49:40
10/600016/民生银行/4.490	60159	4.480	107100	4.470	183028	4.460	90200	4.450	128700	4.500	158471	4.510	128755	4.520	438650	4.530	394668	4.540	618600	/16842763//472043424/109551120/4.49/4.22//2008-9-18 13:50:41
10/600016/民生银行/4.470	308900	4.460	143400	4.450	123400	4.440	72000	4.430	151500	4.480	94370	4.490	268425	4.500	414590	4.510	171955	4.520	330300	/16842763//473735296/109928432/4.48/4.22//2008-9-18 13:51:41
10/600016/民生银行/4.470	258631	4.460	150000	4.450	141000	4.440	278700	4.430	160700	4.480	259708	4.490	173515	4.500	448630	4.510	147160	4.520	300200	/16842763//476174528/110473600/4.48/4.22//2008-9-18 13:52:42
10/600016/民生银行/4.480	103021	4.470	219444	4.460	131900	4.450	432300	4.440	284100	4.490	104531	4.500	410430	4.510	180750	4.520	296400	4.530	257980	/16842763//479319168/111175568/4.48/4.22//2008-9-18 13:53:42
10/600016/民生银行/4.480	35341	4.470	118900	4.460	93000	4.450	430100	4.440	285600	4.490	4530	4.500	377179	4.510	187850	4.520	286229	4.530	154680	/16842763//481778880/111724048/4.48/4.22//2008-9-18 13:54:43
10/600016/民生银行/4.470	110728	4.460	197800	4.450	231300	4.440	284100	4.430	208000	4.480	21529	4.490	164830	4.500	349639	4.510	187050	4.520	281329	/16842763//483451872/112097528/4.48/4.22//2008-9-18 13:55:44
10/600016/民生银行/4.460	105400	4.450	217500	4.440	282500	4.430	203300	4.420	219500	4.480	65883	4.490	196580	4.500	392169	4.510	189350	4.520	296509	/16842763//485847008/112633088/4.48/4.22//2008-9-18 13:56:44
10/600016/民生银行/4.470	1136	4.460	243310	4.450	269600	4.440	281100	4.430	205000	4.480	89809	4.490	219180	4.500	395469	4.510	288850	4.520	298689	/16842763//487084544/112909840/4.47/4.22//2008-9-18 13:57:45
10/600016/民生银行/4.460	59350	4.450	249908	4.440	307300	4.430	204000	4.420	225500	4.470	33127	4.480	109613	4.490	217880	4.500	411099	4.510	288950	/16842763//489377792/113423632/4.46/4.22//2008-9-18 13:58:45
10/600016/民生银行/4.470	34661	4.460	143950	4.450	300808	4.440	205800	4.430	204000	4.480	58813	4.490	198980	4.500	400869	4.510	253150	4.520	400689	/16842763//490521952/113679464/4.48/4.22//2008-9-18 13:59:46
10/600016/民生银行/4.470	46092	4.460	143650	4.450	302708	4.440	211500	4.430	205000	4.480	157200	4.490	166280	4.500	393599	4.510	250150	4.520	387389	/16842763//492173856/114048640/4.47/4.22//2008-9-18 14:0:47
10/600016/民生银行/4.450	202988	4.440	219400	4.430	210000	4.420	208500	4.410	380100	4.460	200372	4.470	189980	4.480	197020	4.490	160370	4.500	392349	/16842763//494332160/114531952/4.46/4.22//2008-9-18 14:1:47
10/600016/民生银行/4.420	47300	4.410	385800	4.400	334500	4.390	213806	4.380	166100	4.430	10600	4.440	332582	4.450	319272	4.460	95690	4.470	122580	/16842763//496582432/115038448/4.43/4.22//2008-9-18 14:2:48
10/600016/民生银行/4.400	270600	4.390	210706	4.380	251500	4.370	84200	4.360	131200	4.410	234802	4.420	72850	4.430	190400	4.440	308000	4.450	199572	/16842763//500665056/115963648/4.41/4.22//2008-9-18 14:3:48
10/600016/民生银行/4.420	65850	4.410	498648	4.400	120048	4.390	170206	4.380	253600	4.430	77100	4.440	136500	4.450	207972	4.460	86190	4.470	42680	/16842763//503240832/116548200/4.43/4.22//2008-9-18 14:4:49
10/600016/民生银行/4.440	80000	4.430	205528	4.420	259056	4.410	150200	4.400	142648	4.460	53062	4.470	52680	4.480	210920	4.490	132670	4.500	355399	/16842763//505535552/117064768/4.44/4.22//2008-9-18 14:5:50
10/600016/民生银行/4.460	100600	4.450	114795	4.440	109100	4.430	128328	4.420	176800	4.470	46580	4.480	239440	4.490	142545	4.500	364029	4.510	247560	/16842763//506887872/117367672/4.47/4.22//2008-9-18 14:6:50
10/600016/民生银行/4.450	105295	4.440	98100	4.430	110928	4.420	172600	4.410	148000	4.470	146120	4.480	147162	4.490	173245	4.500	372409	4.510	249060	/16842763//509345856/117917672/4.47/4.22//2008-9-18 14:7:51
10/600016/民生银行/4.460	69578	4.450	121295	4.440	103800	4.430	108928	4.420	199600	4.470	73894	4.480	103682	4.490	179945	4.500	374529	4.510	258890	/16842763//511533408/118406792/4.47/4.22//2008-9-18 14:8:51
10/600016/民生银行/4.480	37500	4.470	145300	4.460	127900	4.450	124795	4.440	114800	4.490	129800	4.500	181530	4.510	261590	4.520	387579	4.530	288130	/16842763//515711200/119338360/4.49/4.22//2008-9-18 14:9:52
10/600016/民生银行/4.500	108300	4.490	121348	4.480	129800	4.470	134900	4.460	162400	4.510	92444	4.520	320229	4.530	287330	4.540	330400	4.550	615124	/16842763//519791232/120244816/4.51/4.22//2008-9-18 14:10:53
10/600016/民生银行/4.510	326900	4.500	82400	4.480	64828	4.470	124400	4.460	160100	4.520	535602	4.530	291930	4.540	356000	4.550	668624	4.560	244646	/16842763//524563296/121303464/4.52/4.22//2008-9-18 14:11:53
10/600016/民生银行/4.500	7700	4.490	6500	4.480	75428	4.470	77500	4.460	165600	4.510	32150	4.520	296513	4.530	364130	4.540	663400	4.550	640924	/16842763//529398816/122375368/4.5/4.22//2008-9-18 14:12:54
10/600016/民生银行/4.480	41386	4.470	67500	4.460	164800	4.450	129795	4.440	67300	4.490	22900	4.500	456130	4.510	281420	4.520	294776	4.530	327070	/16842763//530092128/122529608/4.48/4.22//2008-9-18 14:13:55
10/600016/民生银行/4.470	81428	4.460	37500	4.450	164795	4.440	57600	4.430	111600	4.480	6671	4.490	50900	4.500	518430	4.510	247690	4.520	263576	/16842763//530856224/122700264/4.48/4.22//2008-9-18 14:14:55
10/600016/民生银行/4.490	217785	4.480	116318	4.470	66885	4.460	117100	4.450	144695	4.500	349060	4.510	241370	4.520	264176	4.530	355490	4.540	545800	/16842763//532282464/123017808/4.49/4.22//2008-9-18 14:15:56
10/600016/民生银行/4.490	85751	4.480	145818	4.470	69485	4.460	94300	4.450	152595	4.500	71760	4.510	232950	4.520	251876	4.530	457520	4.540	546000	/16842763//534524832/123516440/4.5/4.22//2008-9-18 14:16:56
10/600016/民生银行/4.510	207030	4.500	36417	4.490	88551	4.480	163418	4.470	72085	4.520	138676	4.530	487507	4.540	543600	4.550	760893	4.560	269246	/16842763//537174656/124104128/4.51/4.22//2008-9-18 14:17:57
10/600016/民生银行/4.520	92050	4.510	276830	4.500	50617	4.490	155851	4.480	168118	4.530	45859	4.540	56997	4.550	594035	4.560	271546	4.570	251368	/16842763//543529664/125506696/4.53/4.22//2008-9-18 14:18:58
10/600016/民生银行/4.560	112032	4.550	2000	4.540	429800	4.530	530441	4.520	52850	4.580	443081	4.590	240870	4.600	592449	4.610	60778	4.620	148208	/16842763//556722304/128402120/4.56/4.22//2008-9-18 14:19:58
10/600016/民生银行/4.580	29900	4.570	47500	4.560	72139	4.550	107700	4.540	243800	4.590	44810	4.600	664749	4.610	58478	4.620	162208	4.630	86400	/16842763//564014592/129996816/4.58/4.22//2008-9-18 14:20:59
10/600016/民生银行/4.570	27900	4.560	57500	4.550	48500	4.540	203628	4.530	516341	4.580	57073	4.590	508300	4.600	380070	4.610	70278	4.620	192908	/16842763//572096704/131763624/4.58/4.22//2008-9-18 14:22:0
10/600016/民生银行/4.560	359300	4.550	144400	4.540	174186	4.530	517441	4.520	36850	4.570	68700	4.580	260003	4.590	548140	4.600	422240	4.610	90981	/16842763//576689600/132771664/4.56/4.22//2008-9-18 14:23:0
10/600016/民生银行/4.570	289800	4.560	129700	4.550	430100	4.540	194086	4.530	159441	4.580	187727	4.590	546740	4.600	472750	4.610	98478	4.620	169608	/16842763//580045376/133506440/4.57/4.22//2008-9-18 14:24:1
10/600016/民生银行/4.580	65600	4.570	310538	4.560	207100	4.550	460900	4.540	175886	4.590	561197	4.600	486030	4.610	109678	4.620	176808	4.630	90400	/16842763//583145280/134183800/4.59/4.22//2008-9-18 14:25:2
10/600016/民生银行/4.560	83815	4.550	431600	4.540	175186	4.530	169141	4.520	40250	4.570	243739	4.580	435784	4.590	565657	4.600	518140	4.610	139918	/16842763//587713408/135182016/4.56/4.22//2008-9-18 14:26:2
10/600016/民生银行/4.540	158186	4.530	169241	4.520	37750	4.510	144330	4.500	162500	4.550	749812	4.560	741440	4.570	543439	4.580	383974	4.590	518307	/16842763//589606912/135597840/4.54/4.22//2008-9-18 14:27:3
10/600016/民生银行/4.520	37950	4.510	148330	4.500	166900	4.490	30300	4.480	86018	4.530	136995	4.540	431890	4.550	958123	4.560	507320	4.570	429739	/16842763//591263104/135963072/4.52/4.22//2008-9-18 14:28:4
10/600016/民生银行/4.510	21199	4.500	163700	4.490	48000	4.480	105918	4.470	57685	4.520	151491	4.530	238745	4.540	348420	4.550	837063	4.560	497570	/16842763//594219648/136617248/4.51/4.22//2008-9-18 14:29:4
10/600016/民生银行/4.510	100	4.500	112178	4.490	51100	4.480	266018	4.470	61285	4.520	151162	4.530	227215	4.540	306540	4.550	777703	4.560	483570	/16842763//598144960/137487664/4.5/4.22//2008-9-18 14:30:5
10/600016/民生银行/4.490	19500	4.480	64800	4.470	76585	4.460	105100	4.450	484495	4.500	133590	4.510	10470	4.520	133348	4.530	190695	4.540	198540	/16842763//601683392/138274864/4.5/4.22//2008-9-18 14:31:6
10/600016/民生银行/4.500	23500	4.490	116000	4.480	267728	4.470	216885	4.460	608100	4.510	44070	4.520	115450	4.530	188595	4.540	188540	4.550	876403	/16842763//605622336/139150032/4.51/4.22//2008-9-18 14:32:6
10/600016/民生银行/4.520	33950	4.510	56888	4.500	192900	4.490	122600	4.480	65428	4.530	167195	4.540	181940	4.550	866903	4.560	199700	4.570	467439	/16842763//607626816/139594096/4.53/4.22//2008-9-18 14:33:7
10/600016/民生银行/4.540	1800	4.530	110978	4.520	543700	4.510	159788	4.500	198600	4.550	1338	4.560	189570	4.570	463639	4.580	575394	4.590	231847	/16842763//614999040/141215824/4.55/4.22//2008-9-18 14:34:8
10/600016/民生银行/4.530	23418	4.520	543900	4.510	185888	4.500	188000	4.490	123300	4.550	401960	4.560	328220	4.570	474539	4.580	590644	4.590	253847	/16842763//618012224/141878176/4.55/4.22//2008-9-18 14:35:8
10/600016/民生银行/4.510	48800	4.500	159930	4.490	103300	4.480	81628	4.470	149785	4.520	353770	4.530	204700	4.540	31400	4.550	258064	4.560	340120	/16842763//625478720/143530560/4.52/4.22//2008-9-18 14:36:9
10/600016/民生银行/4.460	100500	4.450	137908	4.440	43100	4.430	57400	4.420	118300	4.470	170800	4.480	17930	4.490	7100	4.500	162670	4.510	37099	/16842763//632801344/145167680/4.47/4.22//2008-9-18 14:37:10
10/600016/民生银行/4.440	74746	4.430	146900	4.420	146000	4.410	413100	4.400	581348	4.450	15100	4.460	20200	4.470	81100	4.480	4580	4.490	73390	/16842763//635331840/145735136/4.45/4.22//2008-9-18 14:38:10
10/600016/民生银行/4.450	218290	4.440	200000	4.430	91700	4.420	520000	4.410	129700	4.460	178300	4.470	25500	4.480	2170	4.490	67490	4.500	191384	/16842763//641373120/147100128/4.46/4.22//2008-9-18 14:39:11
10/600016/民生银行/4.470	900	4.460	151060	4.450	64600	4.440	40400	4.430	397400	4.490	34260	4.500	258584	4.510	47899	4.520	13509	4.530	19090	/16842763//648880704/148793568/4.47/4.22//2008-9-18 14:40:12
10/600016/民生银行/4.490	119316	4.480	466820	4.470	66060	4.460	165068	4.450	105800	4.500	226900	4.510	48899	4.520	24810	4.530	46290	4.540	159890	/16842763//650901760/149243568/4.49/4.22//2008-9-18 14:41:12
10/600016/民生银行/4.490	33681	4.480	173987	4.470	54360	4.460	177868	4.450	124400	4.500	5300	4.510	3200	4.520	23800	4.530	5802	4.540	50189	/16842763//656130304/150405744/4.5/4.22//2008-9-18 14:42:13
10/600016/民生银行/4.480	176836	4.470	66360	4.460	180968	4.450	179300	4.440	116200	4.500	208200	4.510	22800	4.520	68960	4.530	62402	4.540	202759	/16842763//657253248/150655568/4.49/4.22//2008-9-18 14:43:14
10/600016/民生银行/4.480	167563	4.470	86460	4.460	125168	4.450	303700	4.440	116600	4.490	260	4.500	39339	4.510	21670	4.520	70060	4.530	92322	/16842763//659063936/151058448/4.49/4.22//2008-9-18 14:44:14
10/600016/民生银行/4.500	410603	4.490	10800	4.480	255543	4.470	585560	4.460	129168	4.510	49100	4.520	86360	4.530	102822	4.540	245189	4.550	373275	/16842763//660365824/151348064/4.5/4.22//2008-9-18 14:45:15
10/600016/民生银行/4.490	114578	4.480	297943	4.470	586160	4.460	133168	4.450	238600	4.500	45106	4.510	69299	4.520	113260	4.530	129442	4.540	249889	/16842763//662963968/151925392/4.49/4.22//2008-9-18 14:46:16
10/600016/民生银行/4.470	515538	4.460	130168	4.450	236100	4.440	174100	4.430	493300	4.480	6200	4.490	46299	4.500	218600	4.510	194984	4.520	64900	/16842763//667982016/153041728/4.47/4.22//2008-9-18 14:47:16
10/600016/民生银行/4.470	286606	4.460	124168	4.450	232400	4.440	194800	4.430	503500	4.480	33430	4.490	82899	4.500	322100	4.510	202874	4.520	115100	/16842763//669445184/153368864/4.47/4.22//2008-9-18 14:48:17
10/600016/民生银行/4.450	202678	4.440	191100	4.430	503500	4.420	76200	4.410	130600	4.460	153128	4.470	230370	4.480	242900	4.490	3740	4.500	87979	/16842763//674276736/154447456/4.45/4.22//2008-9-18 14:49:18
10/600016/民生银行/4.450	40696	4.440	203400	4.430	493200	4.420	82200	4.410	132700	4.460	173978	4.470	128279	4.480	235990	4.490	7640	4.500	162959	/16842763//675578368/154739840/4.45/4.22//2008-9-18 14:50:18
10/600016/民生银行/4.450	101000	4.440	176594	4.430	494000	4.420	601000	4.410	137300	4.460	148282	4.470	119970	4.480	266900	4.490	35340	4.500	189859	/16842763//677177344/155099232/4.45/4.22//2008-9-18 14:51:19
10/600016/民生银行/4.470	3100	4.460	102678	4.450	257150	4.440	179594	4.430	239700	4.480	27500	4.490	39240	4.500	206580	4.510	187374	4.520	124989	/16842763//679746176/155673712/4.48/4.22//2008-9-18 14:52:20
10/600016/民生银行/4.470	489058	4.460	257123	4.450	289150	4.440	217194	4.430	236300	4.480	2300	4.500	148590	4.510	79600	4.520	117628	4.530	194069	/16842763//683472768/156503408/4.47/4.22//2008-9-18 14:53:21
10/600016/民生银行/4.500	435700	4.490	16278	4.480	2500	4.470	14900	4.460	246823	4.520	500	4.530	1100	4.540	100851	4.550	514475	4.560	421170	/16842763//689601024/157862432/4.5/4.22//2008-9-18 14:54:21
10/600016/民生银行/4.510	19410	4.500	431513	4.490	37578	4.480	44900	4.470	19500	4.520	8900	4.530	258140	4.540	154651	4.550	525245	4.560	428670	/16842763//690724096/158111504/4.51/4.22//2008-9-18 14:55:22
10/600016/民生银行/4.510	37600	4.500	433933	4.490	37278	4.480	67100	4.470	25500	4.520	172770	4.530	493140	4.540	492557	4.550	568547	4.560	433720	/16842763//693069632/158631344/4.51/4.22//2008-9-18 14:56:23
10/600016/民生银行/4.500	118900	4.490	40078	4.480	80900	4.470	39200	4.460	217723	4.510	3600	4.520	17700	4.530	52600	4.540	226135	4.550	591147	/16842763//700077056/160179904/4.51/4.22//2008-9-18 14:57:23
10/600016/民生银行/4.460	191423	4.450	346950	4.440	216294	4.430	213900	4.420	100200	4.470	629222	4.490	51000	4.500	159000	4.510	39290	4.520	92980	/16842763//703765184/161001776/4.46/4.22//2008-9-18 14:58:24
10/600016/民生银行/4.500	66160	4.480	1500	4.470	426700	4.460	74300	4.450	22800	4.510	44890	4.520	158458	4.530	322674	4.540	455254	4.550	699439	/16842763//711998976/162844944/4.5/4.22//2008-9-18 14:59:25
10/600016/民生银行/4.510	4030	4.500	1000	4.490	1000	4.480	45100	4.470	459700	4.520	145884	4.530	342974	4.540	459354	4.550	808799	4.560	503120	/16842763//714131584/163318064/4.5/4.22//2008-9-18 15:0:26
10/600016/民生银行/4.510	4030	4.500	1000	4.490	1000	4.480	45100	4.470	459700	4.520	145884	4.530	342974	4.540	459354	4.550	808799	4.560	503120	/16842763//714131584/163318064/4.5/4.22//2008-9-18 15:1:26
10/600016/民生银行/4.510	4030	4.500	1000	4.490	1000	4.480	45100	4.470	459700	4.520	145884	4.530	342974	4.540	459354	4.550	808799	4.560	503120	/16842763//714131584/163318064/4.5/4.22//2008-9-18 15:2:27
