3/600003/ST东北高/2.570	4500	2.540	8600	2.530	25500	2.520	14400	2.510	21100	2.580	13484	2.590	4700	2.600	200	2.610	1000	2.630	8100	/16842756//83857/32600/2.58/2.64//2008-9-18 9:31:34
3/600003/ST东北高/2.580	7116	2.570	500	2.560	16700	2.540	19400	2.530	26500	2.590	4700	2.600	200	2.610	1000	2.630	8100	2.640	13700	/16842756//109611/42584/2.58/2.64//2008-9-18 9:32:35
3/600003/ST东北高/2.580	7916	2.570	500	2.560	18700	2.550	10000	2.540	24400	2.600	200	2.610	1000	2.630	10100	2.640	13700	2.650	28900	/16842756//121784/47284/2.59/2.64//2008-9-18 9:33:35
3/600003/ST东北高/2.580	4316	2.570	6000	2.560	18700	2.550	13000	2.540	19400	2.590	25600	2.600	200	2.610	1000	2.630	10100	2.640	13700	/16842756//132620/51484/2.58/2.64//2008-9-18 9:34:35
3/600003/ST东北高/2.580	8416	2.570	7500	2.560	18700	2.550	14000	2.540	19400	2.590	19900	2.600	200	2.610	1000	2.630	10100	2.640	13700	/16842756//153829/59684/2.59/2.64//2008-9-18 9:35:35
3/600003/ST东北高/2.570	9500	2.560	19200	2.550	14000	2.540	20800	2.530	26500	2.580	25584	2.590	19900	2.600	200	2.610	1000	2.630	10100	/16842756//176832/68600/2.58/2.64//2008-9-18 9:36:36
3/600003/ST东北高/2.570	7200	2.560	20000	2.550	14000	2.540	46800	2.530	26500	2.580	27349	2.590	26700	2.600	200	2.610	1000	2.630	10100	/16842756//187630/72800/2.57/2.64//2008-9-18 9:37:36
3/600003/ST东北高/2.560	15400	2.550	15100	2.540	46800	2.530	26500	2.520	25800	2.570	12300	2.580	30149	2.590	26700	2.600	200	2.610	1000	/16842756//218166/84700/2.56/2.64//2008-9-18 9:38:36
3/600003/ST东北高/2.560	3901	2.550	32400	2.540	46300	2.530	26500	2.520	25800	2.570	7700	2.580	4965	2.590	6800	2.600	200	2.610	1000	/16842756//248629/96599/2.56/2.64//2008-9-18 9:39:36
3/600003/ST东北高/2.560	12601	2.550	36200	2.540	45500	2.530	26500	2.520	25800	2.570	4300	2.580	3565	2.590	11800	2.600	5200	2.610	6000	/16842756//252227/97999/2.57/2.64//2008-9-18 9:40:36
3/600003/ST东北高/2.570	4700	2.560	30601	2.550	38600	2.540	44400	2.530	26500	2.580	6690	2.590	9665	2.600	5200	2.610	6000	2.630	10100	/16842756//294405/114399/2.57/2.64//2008-9-18 9:41:37
3/600003/ST东北高/2.580	14510	2.570	8000	2.560	45601	2.550	38600	2.540	44400	2.590	18665	2.600	5200	2.610	6000	2.630	20200	2.640	13700	/16842756//317334/123289/2.58/2.64//2008-9-18 9:42:37
3/600003/ST东北高/2.560	45601	2.550	38600	2.540	44600	2.530	26000	2.520	25800	2.570	7500	2.580	9990	2.590	18665	2.600	5200	2.610	6000	/16842756//426527/165699/2.57/2.64//2008-9-18 9:43:37
3/600003/ST东北高/2.570	9800	2.560	49101	2.550	38600	2.540	44600	2.530	26000	2.580	8990	2.590	8665	2.600	5200	2.610	6000	2.630	20200	/16842756//449924/174799/2.57/2.64//2008-9-18 9:44:37
3/600003/ST东北高/2.570	11700	2.560	49101	2.550	48600	2.540	44600	2.530	37000	2.580	10990	2.590	8665	2.600	5200	2.610	6000	2.630	20100	/16842756//450181/174899/2.57/2.64//2008-9-18 9:45:37
3/600003/ST东北高/2.580	400	2.570	10310	2.560	49101	2.550	48600	2.540	45400	2.590	2665	2.600	200	2.610	1000	2.630	10100	2.640	27999	/16842756//520063/201989/2.59/2.64//2008-9-18 9:46:38
3/600003/ST东北高/2.580	13400	2.570	14310	2.560	49101	2.550	48600	2.540	44500	2.590	6865	2.600	200	2.610	1000	2.620	2500	2.630	10100	/16842756//540265/209789/2.59/2.64//2008-9-18 9:47:38
3/600003/ST东北高/2.580	13400	2.570	13310	2.560	49101	2.550	48600	2.540	43500	2.590	865	2.600	1500	2.610	1000	2.620	700	2.630	11000	/16842756//558395/216789/2.59/2.64//2008-9-18 9:48:38
3/600003/ST东北高/2.580	13400	2.570	8310	2.560	49101	2.550	48600	2.540	44500	2.590	2965	2.600	15900	2.610	1000	2.620	700	2.630	11000	/16842756//558395/216789/2.59/2.64//2008-9-18 9:49:39
3/600003/ST东北高/2.590	5435	2.580	13400	2.570	8310	2.560	49101	2.550	48600	2.600	12900	2.610	1000	2.620	700	2.630	11000	2.640	18199	/16842756//576465/223754/2.6/2.64//2008-9-18 9:50:39
3/600003/ST东北高/2.600	6800	2.590	6235	2.580	13400	2.570	9810	2.560	48001	2.610	2000	2.620	1200	2.630	11000	2.640	18199	2.650	30400	/16842756//623545/241854/2.61/2.64//2008-9-18 9:51:39
3/600003/ST东北高/2.590	6235	2.580	900	2.570	10110	2.560	48001	2.550	48600	2.600	4600	2.610	7000	2.620	1200	2.630	14100	2.640	20299	/16842756//653445/253354/2.6/2.64//2008-9-18 9:52:39
3/600003/ST东北高/2.570	9610	2.560	48001	2.550	48600	2.540	44800	2.530	27000	2.580	3900	2.590	965	2.600	4600	2.610	9500	2.620	68100	/16842756//667745/258889/2.58/2.64//2008-9-18 9:53:40
3/600003/ST东北高/2.580	500	2.570	21610	2.560	47301	2.550	48600	2.540	44800	2.600	6600	2.610	10400	2.620	68100	2.630	8200	2.640	21299	/16842756//677807/262789/2.58/2.64//2008-9-18 9:54:40
3/600003/ST东北高/2.570	23610	2.560	47301	2.550	48600	2.540	45900	2.530	26000	2.580	384	2.590	2500	2.600	6600	2.610	10400	2.620	65100	/16842756//698963/270989/2.58/2.64//2008-9-18 9:55:40
3/600003/ST东北高/2.570	25410	2.560	47301	2.550	48600	2.540	45900	2.530	25000	2.580	1084	2.590	2500	2.600	6600	2.610	10400	2.620	65100	/16842756//701285/271889/2.58/2.64//2008-9-18 9:56:41
3/600003/ST东北高/2.580	1616	2.570	11310	2.560	47301	2.550	42500	2.540	45900	2.590	2500	2.600	6600	2.610	15400	2.620	65100	2.630	8200	/16842756//769938/298557/2.58/2.64//2008-9-18 9:57:41
3/600003/ST东北高/2.580	8816	2.570	17310	2.560	47301	2.550	42500	2.540	45900	2.590	4900	2.600	6600	2.610	15400	2.620	65100	2.630	8200	/16842756//770753/298873/2.58/2.64//2008-9-18 9:58:41
3/600003/ST东北高/2.580	6016	2.570	17310	2.560	47301	2.550	44500	2.540	45900	2.590	1900	2.600	6600	2.610	12900	2.620	65100	2.630	8200	/16842756//785747/304673/2.58/2.64//2008-9-18 9:59:41
3/600003/ST东北高/2.580	416	2.570	27310	2.560	37301	2.550	44500	2.540	45900	2.590	2900	2.600	6600	2.610	12900	2.620	2300	2.630	8200	/16842756//804080/311773/2.59/2.64//2008-9-18 10:0:42
3/600003/ST东北高/2.590	7100	2.580	416	2.570	27310	2.560	37301	2.550	44500	2.600	69400	2.610	12900	2.620	2300	2.630	8200	2.640	21299	/16842756//816771/316673/2.59/2.64//2008-9-18 10:1:42
3/600003/ST东北高/2.570	27310	2.560	37301	2.550	34500	2.540	45900	2.530	25000	2.580	5784	2.590	8500	2.600	69400	2.610	12900	2.620	2300	/16842756//841435/326205/2.58/2.59//2008-9-18 10:2:42
3/600003/ST东北高/2.560	21001	2.550	34500	2.540	45800	2.530	25000	2.520	17300	2.570	1390	2.590	9900	2.600	69400	2.610	12900	2.620	2300	/16842756//911838/353599/2.57/2.59//2008-9-18 10:3:42
3/600003/ST东北高/2.570	1510	2.560	21001	2.550	33500	2.540	46800	2.530	25000	2.580	9000	2.590	9000	2.600	69400	2.610	10900	2.620	2300	/16842756//930059/360689/2.57/2.59//2008-9-18 10:4:43
3/600003/ST东北高/2.550	33500	2.540	46800	2.530	25000	2.520	17300	2.510	81000	2.560	9599	2.570	19390	2.580	9000	2.590	9000	2.600	64800	/16842756//989245/383800/2.56/2.59//2008-9-18 10:5:43
3/600003/ST东北高/2.550	24400	2.540	45500	2.530	25000	2.520	17300	2.510	82500	2.560	12099	2.570	19390	2.580	3700	2.590	9900	2.600	64800	/16842756//1012450/392900/2.55/2.59//2008-9-18 10:6:43
3/600003/ST东北高/2.550	23300	2.540	45500	2.530	25000	2.520	17300	2.510	82800	2.560	7100	2.570	19190	2.580	3700	2.590	9900	2.600	64800	/16842756//1015255/394000/2.55/2.59//2008-9-18 10:7:44
3/600003/ST东北高/2.560	7000	2.550	25600	2.540	44500	2.530	26000	2.520	17300	2.570	19190	2.580	3700	2.590	9900	2.600	2000	2.610	10000	/16842756//1059507/411300/2.55/2.59//2008-9-18 10:8:44
3/600003/ST东北高/2.550	33200	2.540	44500	2.530	26000	2.520	17300	2.510	84800	2.560	65100	2.570	19190	2.580	700	2.590	9400	2.600	3700	/16842756//1120399/435100/2.56/2.59//2008-9-18 10:9:44
3/600003/ST东北高/2.550	40700	2.540	44500	2.530	31000	2.520	17300	2.510	86500	2.560	13500	2.570	19190	2.580	700	2.590	9400	2.600	6700	/16842756//1266024/492000/2.56/2.59//2008-9-18 10:10:44
3/600003/ST东北高/2.570	1610	2.560	2800	2.550	36000	2.540	45000	2.530	31000	2.580	700	2.590	10400	2.600	6700	2.610	10000	2.620	2300	/16842756//1437467/558990/2.57/2.59//2008-9-18 10:11:45
3/600003/ST东北高/2.560	5600	2.550	36000	2.540	45000	2.530	26000	2.520	27300	2.570	290	2.580	1100	2.590	10400	2.600	6700	2.610	10000	/16842756//1443147/561200/2.57/2.59//2008-9-18 10:12:45
3/600003/ST东北高/2.560	2600	2.550	36700	2.540	45000	2.530	26000	2.520	27300	2.570	290	2.580	2100	2.590	10400	2.600	6700	2.610	10000	/16842756//1453387/565200/2.56/2.59//2008-9-18 10:13:45
3/600003/ST东北高/2.560	2800	2.550	41700	2.540	45000	2.530	26000	2.520	28300	2.570	8390	2.580	8100	2.590	10400	2.600	6700	2.610	10000	/16842756//1455443/566000/2.57/2.59//2008-9-18 10:14:46
3/600003/ST东北高/2.560	2600	2.550	41800	2.540	45000	2.530	26000	2.520	30300	2.570	7590	2.580	8100	2.590	10400	2.600	6700	2.610	10000	/16842756//1462627/568800/2.57/2.59//2008-9-18 10:15:46
3/600003/ST东北高/2.560	1500	2.550	41800	2.540	45000	2.530	26000	2.520	30300	2.570	11490	2.580	10500	2.590	10400	2.600	6700	2.610	10000	/16842756//1468528/571100/2.57/2.59//2008-9-18 10:16:46
3/600003/ST东北高/2.560	12500	2.550	41800	2.540	45000	2.530	26000	2.520	32300	2.570	9490	2.580	10500	2.590	9900	2.600	7500	2.610	10000	/16842756//1481348/576100/2.56/2.59//2008-9-18 10:17:47
3/600003/ST东北高/2.560	10300	2.550	40800	2.540	45000	2.530	26000	2.520	32300	2.570	3490	2.580	9500	2.590	8900	2.600	7500	2.610	5000	/16842756//1503168/584600/2.57/2.59//2008-9-18 10:18:47
3/600003/ST东北高/2.560	15000	2.550	40800	2.540	45000	2.530	26000	2.520	32300	2.570	1290	2.580	7100	2.590	8900	2.600	5800	2.610	5500	/16842756//1551766/603510/2.57/2.59//2008-9-18 10:19:47
3/600003/ST东北高/2.570	610	2.560	8000	2.550	40800	2.540	45500	2.530	27000	2.580	7100	2.590	8900	2.600	5800	2.610	5500	2.620	2300	/16842756//1565750/608990/2.57/2.59//2008-9-18 10:20:48
3/600003/ST东北高/2.570	310	2.560	11400	2.550	42800	2.540	45500	2.530	27000	2.580	7100	2.590	8900	2.600	5800	2.610	5500	2.620	2300	/16842756//1568320/609990/2.57/2.59//2008-9-18 10:21:48
3/600003/ST东北高/2.570	8810	2.560	12400	2.550	42800	2.540	45500	2.530	27000	2.580	7100	2.590	8900	2.600	5800	2.610	500	2.620	2300	/16842756//1570890/610990/2.57/2.59//2008-9-18 10:22:48
3/600003/ST东北高/2.570	2210	2.560	8800	2.550	30800	2.540	45500	2.530	27000	2.580	4500	2.590	8900	2.600	5800	2.610	2200	2.620	2300	/16842756//1623111/631290/2.57/2.59//2008-9-18 10:23:48
3/600003/ST东北高/2.570	610	2.560	12300	2.550	32800	2.540	45500	2.530	27000	2.580	4500	2.590	8900	2.600	5800	2.610	2200	2.620	3300	/16842756//1607691/625290/2.57/2.59//2008-9-18 10:24:49
3/600003/ST东北高/2.560	14800	2.550	33200	2.540	45500	2.530	24300	2.520	32300	2.570	390	2.580	4500	2.590	8900	2.600	7300	2.610	2200	/16842756//1609259/625900/2.57/2.59//2008-9-18 10:25:49
3/600003/ST东北高/2.560	14600	2.550	33200	2.540	45500	2.530	24300	2.520	32300	2.570	390	2.580	4500	2.590	8900	2.600	9400	2.610	2200	/16842756//1616173/628600/2.56/2.59//2008-9-18 10:26:49
3/600003/ST东北高/2.560	14100	2.550	33200	2.540	45500	2.530	24300	2.520	33300	2.570	890	2.580	4800	2.590	8900	2.600	9400	2.610	2200	/16842756//1616173/628600/2.56/2.59//2008-9-18 10:27:50
3/600003/ST东北高/2.560	1800	2.550	33200	2.540	45500	2.530	24300	2.520	33300	2.570	990	2.580	4800	2.590	1900	2.600	9400	2.610	2200	/16842756//1667373/648600/2.56/2.59//2008-9-18 10:28:50
3/600003/ST东北高/2.560	8300	2.550	34600	2.540	45500	2.530	26700	2.520	33300	2.570	990	2.580	4800	2.590	1900	2.600	9400	2.610	2200	/16842756//1667373/648600/2.56/2.59//2008-9-18 10:29:50
3/600003/ST东北高/2.560	3800	2.550	34600	2.540	45500	2.530	26700	2.520	33500	2.570	1190	2.580	4800	2.590	1900	2.600	9400	2.610	2200	/16842756//1654061/643400/2.56/2.59//2008-9-18 10:30:51
3/600003/ST东北高/2.560	12400	2.550	33200	2.540	46500	2.530	26700	2.520	32500	2.570	790	2.580	4800	2.590	1900	2.600	9400	2.610	2200	/16842756//1655861/644100/2.57/2.59//2008-9-18 10:31:51
3/600003/ST东北高/2.560	770	2.550	33200	2.540	46500	2.530	26700	2.520	33900	2.570	1189	2.580	4800	2.590	1900	2.600	6400	2.610	2200	/16842756//1684605/655330/2.56/2.59//2008-9-18 10:32:51
3/600003/ST东北高/2.560	16970	2.550	28200	2.540	46500	2.530	26700	2.520	33900	2.570	2989	2.580	4800	2.590	1900	2.600	6400	2.610	2200	/16842756//1707133/664130/2.56/2.59//2008-9-18 10:33:52
3/600003/ST东北高/2.560	15870	2.550	28200	2.540	46500	2.530	26700	2.520	33900	2.570	2989	2.580	4800	2.590	1900	2.600	6400	2.610	2200	/16842756//1713021/666430/2.56/2.59//2008-9-18 10:34:52
3/600003/ST东北高/2.560	16070	2.550	28200	2.540	46500	2.530	26700	2.520	34400	2.570	3689	2.580	4800	2.590	1900	2.600	6780	2.610	2200	/16842756//1715070/667230/2.57/2.59//2008-9-18 10:35:52
3/600003/ST东北高/2.560	570	2.550	28200	2.540	46500	2.530	26700	2.520	34400	2.570	3699	2.580	4800	2.590	1900	2.600	6780	2.610	2200	/16842756//1756030/683230/2.56/2.59//2008-9-18 10:36:53
3/600003/ST东北高/2.550	28200	2.540	46500	2.530	26700	2.520	38400	2.510	90000	2.560	15830	2.570	4399	2.580	4800	2.590	1900	2.600	6780	/16842756//1757490/683800/2.56/2.59//2008-9-18 10:37:53
3/600003/ST东北高/2.550	28200	2.540	47400	2.530	26700	2.520	38400	2.510	90000	2.560	630	2.570	4399	2.580	4800	2.590	1900	2.600	6780	/16842756//1797170/699300/2.56/2.59//2008-9-18 10:38:53
3/600003/ST东北高/2.560	370	2.550	28200	2.540	47400	2.530	26700	2.520	38400	2.570	4399	2.580	4800	2.590	14200	2.600	6780	2.610	2200	/16842756//1832062/712930/2.56/2.59//2008-9-18 10:39:54
3/600003/ST东北高/2.560	1000	2.550	28070	2.540	47400	2.530	26700	2.520	38400	2.570	4399	2.580	5800	2.590	14200	2.600	6780	2.610	2200	/16842756//1835901/714430/2.56/2.59//2008-9-18 10:40:54
3/600003/ST东北高/2.560	5000	2.550	28070	2.540	47400	2.530	26700	2.520	38400	2.570	1599	2.580	7800	2.590	14200	2.600	10080	2.610	2200	/16842756//1843354/717330/2.57/2.59//2008-9-18 10:41:54
3/600003/ST东北高/2.550	29070	2.540	47400	2.530	26700	2.520	38400	2.510	91800	2.560	1000	2.570	2099	2.580	7800	2.590	14200	2.600	10080	/16842756//1909145/743030/2.56/2.59//2008-9-18 10:42:55
3/600003/ST东北高/2.550	25370	2.540	47400	2.530	26700	2.520	38400	2.510	91800	2.560	1000	2.570	2099	2.580	7800	2.590	14200	2.600	10280	/16842756//1923700/748730/2.55/2.59//2008-9-18 10:43:55
3/600003/ST东北高/2.550	2170	2.540	46900	2.530	26700	2.520	40900	2.510	91800	2.560	2000	2.570	7089	2.580	8600	2.590	14200	2.600	10280	/16842756//1985410/772930/2.55/2.59//2008-9-18 10:44:56
3/600003/ST东北高/2.550	2970	2.540	46900	2.530	26700	2.520	40900	2.510	97200	2.560	7900	2.570	6589	2.580	8600	2.590	14200	2.600	10280	/16842756//1985666/773030/2.56/2.59//2008-9-18 10:45:56
3/600003/ST东北高/2.540	9870	2.530	24300	2.520	40900	2.510	103200	0.000	0	2.550	500	2.560	8010	2.570	6589	2.580	8600	2.590	14200	/16842756//2089846/814030/2.55/2.59//2008-9-18 10:46:56
3/600003/ST东北高/2.520	30700	2.510	103500	0.000	0	0.000	0	0.000	0	2.530	41400	2.540	2130	2.550	500	2.560	7910	2.570	6589	/16842756//2185503/851800/2.53/2.59//2008-9-18 10:47:57
3/600003/ST东北高/2.510	40300	0.000	0	0.000	0	0.000	0	0.000	0	2.520	30800	2.530	47900	2.540	2130	2.550	1500	2.560	7910	/16842756//2426542/947800/2.51/2.59//2008-9-18 10:48:57
3/600003/ST东北高/2.510	6600	0.000	0	0.000	0	0.000	0	0.000	0	2.510	81000	2.520	136600	2.530	39900	2.540	2130	2.550	1500	/16842756//2562082/1001800/2.51/2.59//2008-9-18 10:49:57
3/600003/ST东北高/2.510	6600	0.000	0	0.000	0	0.000	0	0.000	0	2.510	81100	2.520	106800	2.530	39900	2.540	2130	2.550	1500	/16842756//2609019/1020500/2.51/2.59//2008-9-18 10:50:58
3/600003/ST东北高/2.510	6600	0.000	0	0.000	0	0.000	0	0.000	0	2.510	85300	2.520	111900	2.530	34300	2.540	130	2.550	1500	/16842756//2660223/1040900/2.51/2.59//2008-9-18 10:51:58
3/600003/ST东北高/2.510	6600	0.000	0	0.000	0	0.000	0	0.000	0	2.510	54300	2.520	106800	2.530	33300	2.540	130	2.550	1500	/16842756//2750583/1076900/2.51/2.59//2008-9-18 10:52:58
3/600003/ST东北高/2.510	6600	0.000	0	0.000	0	0.000	0	0.000	0	2.510	25800	2.520	106800	2.530	23800	2.540	130	2.550	1500	/16842756//2840692/1112800/2.51/2.59//2008-9-18 10:53:59
3/600003/ST东北高/2.510	5100	0.000	0	0.000	0	0.000	0	0.000	0	2.520	105800	2.530	23800	2.540	130	2.550	3900	2.560	41605	/16842756//2941845/1153100/2.51/2.59//2008-9-18 10:54:59
3/600003/ST东北高/2.510	37400	0.000	0	0.000	0	0.000	0	0.000	0	2.520	105800	2.530	16800	2.540	130	2.550	3900	2.560	35605	/16842756//2946865/1155100/2.51/2.59//2008-9-18 10:56:0
3/600003/ST东北高/2.510	33900	0.000	0	0.000	0	0.000	0	0.000	0	2.520	105800	2.530	16800	2.540	130	2.550	3900	2.560	35605	/16842756//2957407/1159300/2.51/2.59//2008-9-18 10:57:0
3/600003/ST东北高/2.510	23900	0.000	0	0.000	0	0.000	0	0.000	0	2.520	103800	2.530	16800	2.540	130	2.550	3900	2.560	35605	/16842756//3013902/1181800/2.51/2.59//2008-9-18 10:58:0
3/600003/ST东北高/2.510	1200	0.000	0	0.000	0	0.000	0	0.000	0	2.510	8600	2.520	104500	2.530	16800	2.540	130	2.550	3900	/16842756//3088700/1211600/2.51/2.59//2008-9-18 10:59:1
3/600003/ST东北高/2.510	1200	0.000	0	0.000	0	0.000	0	0.000	0	2.510	12000	2.520	105200	2.530	16800	2.540	130	2.550	17900	/16842756//3102505/1217100/2.51/2.59//2008-9-18 11:0:1
3/600003/ST东北高/2.510	1200	0.000	0	0.000	0	0.000	0	0.000	0	2.510	16500	2.520	105200	2.530	16800	2.540	3130	2.550	17900	/16842756//3107525/1219100/2.51/2.59//2008-9-18 11:1:2
3/600003/ST东北高/2.510	1200	0.000	0	0.000	0	0.000	0	0.000	0	2.510	123330	2.520	105200	2.530	16800	2.540	3130	2.550	17400	/16842756//3115055/1222100/2.51/2.59//2008-9-18 11:2:2
3/600003/ST东北高/2.510	1200	0.000	0	0.000	0	0.000	0	0.000	0	2.510	135930	2.520	104500	2.530	16800	2.540	3130	2.550	17400	/16842756//3126099/1226500/2.51/2.59//2008-9-18 11:3:2
3/600003/ST东北高/2.510	1200	0.000	0	0.000	0	0.000	0	0.000	0	2.510	143430	2.520	104500	2.530	16800	2.540	3130	2.550	17400	/16842756//3122334/1225000/2.51/2.59//2008-9-18 11:4:3
3/600003/ST东北高/2.510	1200	0.000	0	0.000	0	0.000	0	0.000	0	2.510	135930	2.520	104500	2.530	16800	2.540	3130	2.550	17400	/16842756//3144924/1234000/2.51/2.59//2008-9-18 11:5:3
3/600003/ST东北高/2.510	1200	0.000	0	0.000	0	0.000	0	0.000	0	2.510	135930	2.520	4500	2.530	16800	2.540	3130	2.550	17400	/16842756//3149944/1236000/2.51/2.59//2008-9-18 11:6:4
3/600003/ST东北高/2.510	1200	0.000	0	0.000	0	0.000	0	0.000	0	2.510	35130	2.520	4500	2.530	17700	2.540	3130	2.550	17400	/16842756//3152454/1237000/2.51/2.59//2008-9-18 11:7:4
3/600003/ST东北高/2.510	9670	0.000	0	0.000	0	0.000	0	0.000	0	2.510	104330	2.520	4500	2.530	17700	2.540	3130	2.550	67400	/16842756//3263396/1281200/2.51/2.59//2008-9-18 11:8:4
3/600003/ST东北高/2.510	9670	0.000	0	0.000	0	0.000	0	0.000	0	2.510	93981	2.520	4500	2.530	17700	2.540	3130	2.550	68500	/16842756//3292512/1292800/2.51/2.59//2008-9-18 11:9:5
3/600003/ST东北高/2.510	9670	0.000	0	0.000	0	0.000	0	0.000	0	2.510	78081	2.520	4500	2.530	17700	2.540	3130	2.550	68500	/16842756//3332421/1308700/2.51/2.59//2008-9-18 11:10:5
3/600003/ST东北高/2.510	9670	0.000	0	0.000	0	0.000	0	0.000	0	2.510	74781	2.520	4500	2.530	17700	2.540	3130	2.550	68500	/16842756//3340704/1312000/2.51/2.59//2008-9-18 11:11:6
3/600003/ST东北高/2.510	9670	0.000	0	0.000	0	0.000	0	0.000	0	2.510	69081	2.520	4500	2.530	17700	2.540	3930	2.550	68500	/16842756//3360282/1319800/2.51/2.59//2008-9-18 11:12:6
3/600003/ST东北高/2.510	30419	0.000	0	0.000	0	0.000	0	0.000	0	2.520	4500	2.530	17700	2.540	3930	2.550	73595	2.560	1900	/16842756//3592911/1412481/2.51/2.59//2008-9-18 11:13:7
3/600003/ST东北高/2.510	30019	0.000	0	0.000	0	0.000	0	0.000	0	2.520	4500	2.530	17700	2.540	3930	2.550	73595	2.560	1900	/16842756//3597931/1414481/2.51/2.59//2008-9-18 11:14:7
3/600003/ST东北高/2.510	26419	0.000	0	0.000	0	0.000	0	0.000	0	2.520	2500	2.530	17700	2.540	7430	2.550	72500	2.560	2995	/16842756//3641625/1431881/2.51/2.59//2008-9-18 11:15:7
3/600003/ST东北高/2.510	16519	0.000	0	0.000	0	0.000	0	0.000	0	2.520	20700	2.530	17700	2.540	7430	2.550	72500	2.560	2995	/16842756//3655209/1437281/2.52/2.59//2008-9-18 11:16:8
3/600003/ST东北高/2.510	15119	0.000	0	0.000	0	0.000	0	0.000	0	2.520	20000	2.530	17700	2.540	5030	2.550	72500	2.560	2995	/16842756//3679061/1446781/2.51/2.59//2008-9-18 11:17:8
3/600003/ST东北高/2.510	9019	0.000	0	0.000	0	0.000	0	0.000	0	2.520	22300	2.530	17700	2.540	5030	2.550	72500	2.560	2995	/16842756//3688851/1450681/2.51/2.59//2008-9-18 11:18:9
3/600003/ST东北高/2.510	14919	0.000	0	0.000	0	0.000	0	0.000	0	2.520	21900	2.530	17700	2.540	5030	2.550	72500	2.560	2995	/16842756//3695130/1453181/2.51/2.59//2008-9-18 11:19:9
3/600003/ST东北高/2.510	16619	0.000	0	0.000	0	0.000	0	0.000	0	2.520	21400	2.530	17000	2.540	5730	2.550	72500	2.560	2995	/16842756//3712203/1459981/2.51/2.59//2008-9-18 11:20:10
3/600003/ST东北高/2.510	3719	0.000	0	0.000	0	0.000	0	0.000	0	2.510	9781	2.520	20900	2.530	17000	2.540	5730	2.550	72500	/16842756//3772998/1484200/2.51/2.59//2008-9-18 11:21:10
3/600003/ST东北高/2.510	2619	0.000	0	0.000	0	0.000	0	0.000	0	2.520	21635	2.530	17000	2.540	6330	2.550	72500	2.560	2995	/16842756//3796042/1493381/2.51/2.59//2008-9-18 11:22:10
3/600003/ST东北高/2.510	7819	0.000	0	0.000	0	0.000	0	0.000	0	2.520	21635	2.530	17000	2.540	7230	2.550	72500	2.560	2995	/16842756//3806082/1497381/2.51/2.59//2008-9-18 11:23:11
3/600003/ST东北高/2.510	8919	0.000	0	0.000	0	0.000	0	0.000	0	2.510	81	2.520	21635	2.530	17000	2.540	9230	2.550	72500	/16842756//3835748/1509200/2.51/2.59//2008-9-18 11:24:11
3/600003/ST东北高/2.510	319	0.000	0	0.000	0	0.000	0	0.000	0	2.510	24681	2.520	21635	2.530	17000	2.540	7230	2.550	72500	/16842756//3837254/1509800/2.51/2.59//2008-9-18 11:25:12
3/600003/ST东北高/2.510	319	0.000	0	0.000	0	0.000	0	0.000	0	2.510	39481	2.520	3135	2.530	17000	2.540	7230	2.550	72500	/16842756//3837505/1509900/2.51/2.59//2008-9-18 11:26:12
3/600003/ST东北高/2.510	319	0.000	0	0.000	0	0.000	0	0.000	0	2.510	40281	2.520	3135	2.530	17000	2.540	7230	2.550	72500	/16842756//3838007/1510100/2.51/2.59//2008-9-18 11:27:13
3/600003/ST东北高/2.510	319	0.000	0	0.000	0	0.000	0	0.000	0	2.510	45781	2.520	3135	2.530	17000	2.540	7230	2.550	72500	/16842756//3840517/1511100/2.51/2.59//2008-9-18 11:28:13
3/600003/ST东北高/2.510	319	0.000	0	0.000	0	0.000	0	0.000	0	2.510	46681	2.520	5135	2.530	17000	2.540	7230	2.550	72500	/16842756//3840517/1511100/2.51/2.59//2008-9-18 11:29:14
3/600003/ST东北高/2.510	319	0.000	0	0.000	0	0.000	0	0.000	0	2.510	46881	2.520	2735	2.530	17000	2.540	7230	2.550	72500	/16842756//3840517/1511100/2.51/2.59//2008-9-18 11:30:14
3/600003/ST东北高/2.510	319	0.000	0	0.000	0	0.000	0	0.000	0	2.510	46881	2.520	2735	2.530	17000	2.540	7230	2.550	72500	/16842756//3840517/1511100/2.51/2.59//2008-9-18 11:31:15
3/600003/ST东北高/2.510	319	0.000	0	0.000	0	0.000	0	0.000	0	2.510	123181	2.520	2735	2.530	17000	2.540	38230	2.550	72500	/16842756//3946188/1553200/2.51/2.59//2008-9-18 13:1:15
3/600003/ST东北高/2.510	319	0.000	0	0.000	0	0.000	0	0.000	0	2.510	123181	2.520	9335	2.530	17000	2.540	38230	2.550	72500	/16842756//3946188/1553200/2.51/2.59//2008-9-18 13:2:16
3/600003/ST东北高/2.510	319	0.000	0	0.000	0	0.000	0	0.000	0	2.510	122981	2.520	9335	2.530	17000	2.540	38230	2.550	72500	/16842756//3895235/1532900/2.51/2.59//2008-9-18 13:3:16
3/600003/ST东北高/2.510	319	0.000	0	0.000	0	0.000	0	0.000	0	2.510	130881	2.520	9335	2.530	17000	2.540	38230	2.550	72500	/16842756//3900255/1534900/2.51/2.59//2008-9-18 13:4:17
3/600003/ST东北高/2.510	319	0.000	0	0.000	0	0.000	0	0.000	0	2.510	197330	2.520	9335	2.530	17000	2.540	38230	2.550	72500	/16842756//3902765/1535900/2.51/2.59//2008-9-18 13:5:17
3/600003/ST东北高/2.510	319	0.000	0	0.000	0	0.000	0	0.000	0	2.510	206930	2.520	9335	2.530	17000	2.540	38230	2.550	72500	/16842756//3906781/1537500/2.51/2.59//2008-9-18 13:6:18
3/600003/ST东北高/2.510	319	0.000	0	0.000	0	0.000	0	0.000	0	2.510	206230	2.520	9335	2.530	17000	2.540	38230	2.550	72500	/16842756//3910044/1538800/2.51/2.59//2008-9-18 13:7:18
3/600003/ST东北高/2.510	319	0.000	0	0.000	0	0.000	0	0.000	0	2.510	211230	2.520	9335	2.530	7000	2.540	38230	2.550	72500	/16842756//3914060/1540400/2.51/2.59//2008-9-18 13:8:19
3/600003/ST东北高/2.510	319	0.000	0	0.000	0	0.000	0	0.000	0	2.510	218630	2.520	11735	2.530	7000	2.540	38230	2.550	72500	/16842756//3915064/1540800/2.51/2.59//2008-9-18 13:9:19
3/600003/ST东北高/2.510	319	0.000	0	0.000	0	0.000	0	0.000	0	2.510	219130	2.520	11735	2.530	7000	2.540	38230	2.550	72500	/16842756//3915064/1540800/2.51/2.59//2008-9-18 13:10:20
3/600003/ST东北高/2.510	319	0.000	0	0.000	0	0.000	0	0.000	0	2.510	209130	2.520	11735	2.530	7000	2.540	38230	2.550	72500	/16842756//3939662/1550600/2.51/2.59//2008-9-18 13:11:20
3/600003/ST东北高/2.510	319	0.000	0	0.000	0	0.000	0	0.000	0	2.510	210030	2.520	11735	2.530	7000	2.540	38230	2.550	72500	/16842756//3939662/1550600/2.51/2.59//2008-9-18 13:12:21
3/600003/ST东北高/2.510	319	0.000	0	0.000	0	0.000	0	0.000	0	2.510	214330	2.520	11735	2.530	7000	2.540	38230	2.550	72500	/16842756//3948949/1554300/2.51/2.59//2008-9-18 13:13:21
3/600003/ST东北高/2.510	319	0.000	0	0.000	0	0.000	0	0.000	0	2.510	214230	2.520	11735	2.530	7000	2.540	38230	2.550	72500	/16842756//3949200/1554400/2.51/2.59//2008-9-18 13:14:22
3/600003/ST东北高/2.510	319	0.000	0	0.000	0	0.000	0	0.000	0	2.510	215530	2.520	11735	2.530	7000	2.540	38230	2.550	72500	/16842756//3965264/1560800/2.51/2.59//2008-9-18 13:15:22
3/600003/ST东北高/2.510	319	0.000	0	0.000	0	0.000	0	0.000	0	2.510	217730	2.520	11735	2.530	7000	2.540	38230	2.550	72500	/16842756//3965264/1560800/2.51/2.59//2008-9-18 13:16:23
3/600003/ST东北高/2.510	319	0.000	0	0.000	0	0.000	0	0.000	0	2.510	228530	2.520	11735	2.530	7000	2.540	38230	2.550	72500	/16842756//3965264/1560800/2.51/2.59//2008-9-18 13:17:23
3/600003/ST东北高/2.510	319	0.000	0	0.000	0	0.000	0	0.000	0	2.510	223030	2.520	11735	2.530	7000	2.540	38230	2.550	72500	/16842756//3971037/1563100/2.51/2.59//2008-9-18 13:18:24
3/600003/ST东北高/2.510	319	0.000	0	0.000	0	0.000	0	0.000	0	2.510	240230	2.520	11735	2.530	7000	2.540	38230	2.550	72500	/16842756//3971037/1563100/2.51/2.59//2008-9-18 13:19:24
3/600003/ST东北高/2.510	319	0.000	0	0.000	0	0.000	0	0.000	0	2.510	248988	2.520	11735	2.530	7000	2.540	38230	2.550	72500	/16842756//3971037/1563100/2.51/2.59//2008-9-18 13:20:25
3/600003/ST东北高/2.510	319	0.000	0	0.000	0	0.000	0	0.000	0	2.510	247688	2.520	11735	2.530	7000	2.540	38230	2.550	72500	/16842756//3974300/1564400/2.51/2.59//2008-9-18 13:21:25
3/600003/ST东北高/2.510	319	0.000	0	0.000	0	0.000	0	0.000	0	2.510	235488	2.520	11735	2.530	7000	2.540	38230	2.550	72500	/16842756//4008185/1577900/2.51/2.59//2008-9-18 13:22:26
3/600003/ST东北高/2.510	319	0.000	0	0.000	0	0.000	0	0.000	0	2.510	191788	2.520	11735	2.530	7000	2.540	38230	2.550	72500	/16842756//4141215/1630900/2.51/2.59//2008-9-18 13:23:26
3/600003/ST东北高/2.510	319	0.000	0	0.000	0	0.000	0	0.000	0	2.510	97988	2.520	11735	2.530	7000	2.540	38230	2.550	72500	/16842756//4199196/1654000/2.51/2.59//2008-9-18 13:24:27
3/600003/ST东北高/2.510	319	0.000	0	0.000	0	0.000	0	0.000	0	2.510	34388	2.520	11735	2.530	7000	2.540	38230	2.550	72500	/16842756//4360840/1718400/2.51/2.59//2008-9-18 13:25:27
3/600003/ST东北高/2.510	23040	0.000	0	0.000	0	0.000	0	0.000	0	2.520	11735	2.530	7000	2.540	37630	2.550	72500	2.560	2995	/16842756//4469171/1761560/2.51/2.59//2008-9-18 13:26:28
3/600003/ST东北高/2.510	23040	0.000	0	0.000	0	0.000	0	0.000	0	2.520	6235	2.530	7000	2.540	37630	2.550	72500	2.560	2995	/16842756//4510691/1778060/2.51/2.59//2008-9-18 13:27:28
3/600003/ST东北高/2.510	10540	0.000	0	0.000	0	0.000	0	0.000	0	2.520	7135	2.530	10230	2.540	37630	2.550	72500	2.560	2995	/16842756//4558402/1797060/2.51/2.59//2008-9-18 13:28:29
3/600003/ST东北高/2.510	11240	0.000	0	0.000	0	0.000	0	0.000	0	2.510	10159	2.520	9635	2.530	10230	2.540	37630	2.550	72500	/16842756//4593392/1811000/2.51/2.59//2008-9-18 13:29:29
3/600003/ST东北高/2.510	11240	0.000	0	0.000	0	0.000	0	0.000	0	2.510	21059	2.520	8235	2.530	10230	2.540	37630	2.550	72500	/16842756//4599165/1813300/2.51/2.59//2008-9-18 13:30:30
3/600003/ST东北高/2.510	11240	0.000	0	0.000	0	0.000	0	0.000	0	2.510	70459	2.520	8235	2.530	10230	2.540	37630	2.550	72500	/16842756//4602177/1814500/2.51/2.59//2008-9-18 13:31:30
3/600003/ST东北高/2.510	11240	0.000	0	0.000	0	0.000	0	0.000	0	2.510	67259	2.520	8235	2.530	10230	2.540	37630	2.550	73595	/16842756//4610209/1817700/2.51/2.59//2008-9-18 13:32:31
3/600003/ST东北高/2.510	11240	0.000	0	0.000	0	0.000	0	0.000	0	2.510	58559	2.520	8235	2.530	7000	2.540	37630	2.550	73595	/16842756//4644596/1831400/2.51/2.59//2008-9-18 13:33:31
3/600003/ST东北高/2.510	11240	0.000	0	0.000	0	0.000	0	0.000	0	2.510	18059	2.520	7635	2.530	7700	2.540	37630	2.550	73595	/16842756//4756291/1875900/2.51/2.59//2008-9-18 13:34:32
3/600003/ST东北高/2.520	865	2.510	25541	0.000	0	0.000	0	0.000	0	2.530	7700	2.540	37630	2.550	73595	2.560	1900	2.570	589	/16842756//4819939/1901229/2.52/2.59//2008-9-18 13:35:32
3/600003/ST东北高/2.520	1300	2.510	33006	0.000	0	0.000	0	0.000	0	2.530	7700	2.540	34630	2.550	73595	2.560	3900	2.570	2689	/16842756//4841769/1909894/2.52/2.59//2008-9-18 13:36:33
3/600003/ST东北高/2.520	2500	2.510	43706	0.000	0	0.000	0	0.000	0	2.530	4200	2.540	34630	2.550	77395	2.560	3900	2.570	2689	/16842756//4851889/1913894/2.53/2.59//2008-9-18 13:37:34
3/600003/ST东北高/2.530	200	2.520	5100	2.510	42706	0.000	0	0.000	0	2.540	34630	2.550	77395	2.560	3900	2.570	2689	2.580	9600	/16842756//4861250/1917594/2.53/2.59//2008-9-18 13:38:34
3/600003/ST东北高/2.520	5000	2.510	42906	0.000	0	0.000	0	0.000	0	2.530	400	2.540	35030	2.550	77395	2.560	3900	2.570	2689	/16842756//4864544/1918894/2.52/2.59//2008-9-18 13:39:35
3/600003/ST东北高/2.520	5500	2.510	40006	0.000	0	0.000	0	0.000	0	2.530	4200	2.540	35030	2.550	73595	2.560	3900	2.570	3188	/16842756//4864544/1918894/2.52/2.59//2008-9-18 13:40:35
3/600003/ST东北高/2.520	14500	2.510	46306	0.000	0	0.000	0	0.000	0	2.530	800	2.540	37330	2.550	23595	2.560	3900	2.570	3188	/16842756//4873650/1922494/2.53/2.59//2008-9-18 13:41:36
3/600003/ST东北高/2.520	10400	2.510	49306	0.000	0	0.000	0	0.000	0	2.530	1800	2.540	36330	2.550	9595	2.560	3900	2.570	3188	/16842756//4893890/1930494/2.53/2.59//2008-9-18 13:42:36
3/600003/ST东北高/2.520	16600	2.510	49306	0.000	0	0.000	0	0.000	0	2.530	3700	2.540	44330	2.550	9595	2.560	3900	2.570	4188	/16842756//4924503/1942594/2.53/2.59//2008-9-18 13:43:37
3/600003/ST东北高/2.530	3306	2.520	600	2.510	1100	0.000	0	0.000	0	2.540	44330	2.550	9595	2.560	3900	2.570	4188	2.580	9600	/16842756//5083606/2005894/2.51/2.59//2008-9-18 13:44:37
3/600003/ST东北高/2.530	1506	2.520	600	2.510	12800	0.000	0	0.000	0	2.540	39330	2.550	9595	2.560	3900	2.570	4188	2.580	9600	/16842756//5101113/2012794/2.54/2.59//2008-9-18 13:45:38
3/600003/ST东北高/2.520	1700	2.510	54100	0.000	0	0.000	0	0.000	0	2.530	100	2.540	11230	2.550	9595	2.560	3900	2.570	4188	/16842756//5183620/2045294/2.53/2.59//2008-9-18 13:46:39
3/600003/ST东北高/2.530	100	2.520	13600	2.510	89600	0.000	0	0.000	0	2.540	11930	2.550	9595	2.560	3900	2.570	4188	2.580	9600	/16842756//5185650/2046094/2.54/2.59//2008-9-18 13:47:39
3/600003/ST东北高/2.540	15470	2.530	4000	2.520	16000	2.510	52200	0.000	0	2.550	9300	2.560	3995	2.570	4188	2.580	11900	2.590	10300	/16842756//5219267/2059324/2.55/2.59//2008-9-18 13:48:40
3/600003/ST东北高/2.540	5370	2.530	3900	2.520	16000	2.510	15200	0.000	0	2.550	12330	2.560	3995	2.570	6188	2.580	42900	2.590	10300	/16842756//5246193/2069924/2.54/2.59//2008-9-18 13:49:40
3/600003/ST东北高/2.540	4270	2.530	3900	2.520	7800	2.510	11200	0.000	0	2.550	15930	2.560	2995	2.570	7588	2.580	41900	2.590	7000	/16842756//5257881/2074524/2.54/2.59//2008-9-18 13:50:41
3/600003/ST东北高/2.530	3900	2.520	6800	2.510	11500	0.000	0	0.000	0	2.540	19000	2.550	16930	2.560	1995	2.570	12588	2.580	41900	/16842756//5263380/2076689/2.54/2.59//2008-9-18 13:51:41
3/600003/ST东北高/2.520	3500	2.510	31900	0.000	0	0.000	0	0.000	0	2.530	6400	2.540	30100	2.550	16330	2.560	1995	2.570	16488	/16842756//5287634/2086289/2.52/2.59//2008-9-18 13:52:42
3/600003/ST东北高/2.520	600	2.510	32600	0.000	0	0.000	0	0.000	0	2.530	17800	2.540	16600	2.550	16330	2.560	1995	2.570	16488	/16842756//5296970/2089989/2.52/2.59//2008-9-18 13:53:42
3/600003/ST东北高/2.520	600	2.510	64400	0.000	0	0.000	0	0.000	0	2.530	26700	2.540	16600	2.550	16330	2.560	1995	2.570	15488	/16842756//5297476/2090189/2.53/2.59//2008-9-18 13:54:43
3/600003/ST东北高/2.510	65400	0.000	0	0.000	0	0.000	0	0.000	0	2.520	8300	2.530	27500	2.540	16600	2.550	16430	2.560	1995	/16842756//5301255/2091689/2.52/2.59//2008-9-18 13:55:44
3/600003/ST东北高/2.510	51400	0.000	0	0.000	0	0.000	0	0.000	0	2.520	6100	2.530	12500	2.540	16600	2.550	16430	2.560	2995	/16842756//5345205/2109189/2.52/2.59//2008-9-18 13:56:44
3/600003/ST东北高/2.510	51600	0.000	0	0.000	0	0.000	0	0.000	0	2.520	9000	2.530	12500	2.540	16600	2.550	19730	2.560	4995	/16842756//5358538/2114489/2.52/2.59//2008-9-18 13:57:45
3/600003/ST东北高/2.510	54300	0.000	0	0.000	0	0.000	0	0.000	0	2.520	8900	2.530	12500	2.540	15600	2.550	22530	2.560	4995	/16842756//5361300/2115589/2.51/2.59//2008-9-18 13:58:45
3/600003/ST东北高/2.520	2600	2.510	51900	0.000	0	0.000	0	0.000	0	2.530	12500	2.540	15600	2.550	22530	2.560	5995	2.570	15488	/16842756//5401368/2131489/2.52/2.59//2008-9-18 13:59:46
3/600003/ST东北高/2.520	4300	2.510	52700	0.000	0	0.000	0	0.000	0	2.530	3400	2.540	5600	2.550	22530	2.560	5995	2.570	15488	/16842756//5405653/2133189/2.52/2.59//2008-9-18 14:0:47
3/600003/ST东北高/2.520	3000	2.510	73600	0.000	0	0.000	0	0.000	0	2.530	1600	2.540	6600	2.550	25530	2.560	5995	2.570	15488	/16842756//5416003/2137289/2.52/2.59//2008-9-18 14:1:47
3/600003/ST东北高/2.510	75500	0.000	0	0.000	0	0.000	0	0.000	0	2.520	6900	2.530	11600	2.540	10400	2.550	22230	2.560	5995	/16842756//5424823/2140789/2.52/2.59//2008-9-18 14:2:48
3/600003/ST东北高/2.510	42800	0.000	0	0.000	0	0.000	0	0.000	0	2.520	24000	2.530	14900	2.540	10400	2.550	22230	2.560	5995	/16842756//5465486/2156989/2.51/2.59//2008-9-18 14:3:48
3/600003/ST东北高/2.510	9600	0.000	0	0.000	0	0.000	0	0.000	0	2.520	15000	2.530	14900	2.540	13700	2.550	22230	2.560	5995	/16842756//5559872/2194589/2.51/2.59//2008-9-18 14:4:49
3/600003/ST东北高/2.510	1000	0.000	0	0.000	0	0.000	0	0.000	0	2.510	18000	2.520	10300	2.530	800	2.540	11300	2.550	22230	/16842756//5597773/2209689/2.51/2.59//2008-9-18 14:5:50
3/600003/ST东北高/2.510	1000	0.000	0	0.000	0	0.000	0	0.000	0	2.510	13000	2.520	10300	2.530	800	2.540	11300	2.550	22230	/16842756//5612331/2215489/2.51/2.59//2008-9-18 14:6:50
3/600003/ST东北高/2.510	21200	0.000	0	0.000	0	0.000	0	0.000	0	2.520	6300	2.530	5200	2.540	11300	2.550	22230	2.560	6795	/16842756//5649981/2230489/2.51/2.59//2008-9-18 14:7:51
3/600003/ST东北高/2.510	51300	0.000	0	0.000	0	0.000	0	0.000	0	2.520	6300	2.530	5200	2.540	11300	2.550	22230	2.560	6795	/16842756//5649981/2230489/2.51/2.59//2008-9-18 14:8:51
3/600003/ST东北高/2.510	50450	0.000	0	0.000	0	0.000	0	0.000	0	2.520	2500	2.530	5200	2.540	11300	2.550	19000	2.560	9595	/16842756//5685384/2244539/2.52/2.59//2008-9-18 14:9:52
3/600003/ST东北高/2.520	6700	2.510	94350	0.000	0	0.000	0	0.000	0	2.530	100	2.540	10300	2.550	19000	2.560	9595	2.570	15488	/16842756//5717237/2257139/2.53/2.59//2008-9-18 14:10:53
3/600003/ST东北高/2.540	19400	2.530	20500	2.520	29600	2.510	133850	0.000	0	2.550	17400	2.560	9595	2.570	15488	2.580	41900	2.590	5000	/16842756//5723632/2259639/2.54/2.59//2008-9-18 14:11:53
3/600003/ST东北高/2.550	5600	2.540	21300	2.530	20500	2.520	29700	2.510	134450	2.560	9595	2.570	15488	2.580	41900	2.590	5000	2.600	18300	/16842756//5769272/2277539/2.55/2.59//2008-9-18 14:12:54
3/600003/ST东北高/2.550	12800	2.540	58600	2.520	29700	2.510	96650	0.000	0	2.560	33595	2.570	11488	2.580	41900	2.590	7000	2.600	18300	/16842756//5770296/2277939/2.56/2.59//2008-9-18 14:13:55
3/600003/ST东北高/2.550	5600	2.540	39300	2.520	29700	2.510	96650	0.000	0	2.560	13395	2.570	6488	2.580	43900	2.590	7000	2.600	18300	/16842756//5895680/2326939/2.56/2.59//2008-9-18 14:14:55
3/600003/ST东北高/2.550	1900	2.540	39300	2.520	7700	2.510	96650	0.000	0	2.560	16995	2.570	6488	2.580	41900	2.590	11000	2.600	18800	/16842756//5873803/2318439/2.55/2.59//2008-9-18 14:15:56
3/600003/ST东北高/2.540	2000	2.520	45100	2.510	60150	0.000	0	0.000	0	2.550	9400	2.560	16995	2.570	6488	2.580	41900	2.590	11000	/16842756//5878648/2320339/2.55/2.59//2008-9-18 14:16:56
3/600003/ST东北高/2.540	2500	2.520	43800	2.510	66050	0.000	0	0.000	0	2.550	8400	2.560	16995	2.570	7488	2.580	45200	2.590	10500	/16842756//5892673/2325839/2.55/2.59//2008-9-18 14:17:57
3/600003/ST东北高/2.540	9000	2.530	9800	2.520	6200	2.510	66250	0.000	0	2.550	2388	2.560	16995	2.570	7488	2.580	45200	2.590	10500	/16842756//5905420/2330839/2.55/2.59//2008-9-18 14:18:58
3/600003/ST东北高/2.550	9312	2.540	28500	2.530	27100	2.520	8200	2.510	68850	2.560	16995	2.570	7488	2.580	45200	2.590	10500	2.600	26600	/16842756//5911510/2333227/2.55/2.59//2008-9-18 14:19:58
3/600003/ST东北高/2.550	5412	2.540	26700	2.530	25100	2.520	9100	2.510	68850	2.560	1995	2.570	2488	2.580	39900	2.590	10500	2.600	26600	/16842756//5997572/2366827/2.56/2.59//2008-9-18 14:20:59
3/600003/ST东北高/2.560	505	2.550	4812	2.540	26700	2.530	25100	2.520	9100	2.590	10500	2.600	23300	2.610	12999	2.620	25400	2.630	5400	/16842756//6107383/2409422/2.58/2.59//2008-9-18 14:22:0
3/600003/ST东北高/2.590	2600	2.580	5000	2.560	2105	2.550	6812	2.540	26700	2.600	3800	2.610	100	2.620	25400	2.630	5400	2.640	46599	/16842756//6101217/2406922/2.6/2.59//2008-9-18 14:23:0
3/600003/ST东北高/2.590	2600	2.580	5000	2.560	2305	2.550	5712	2.540	6700	2.600	3900	2.610	41100	2.620	25400	2.630	14000	2.640	45999	/16842756//6103037/2407622/2.6/2.59//2008-9-18 14:24:1
3/600003/ST东北高/2.580	6000	2.560	3405	2.550	5412	2.540	6700	2.530	9100	2.590	11500	2.600	61600	2.610	46100	2.620	25400	2.630	17800	/16842756//6115231/2412322/2.59/2.59//2008-9-18 14:25:2
3/600003/ST东北高/2.560	805	2.550	5512	2.540	19300	2.530	9100	2.520	8700	2.580	26700	2.590	2284	2.600	75600	2.610	46100	2.620	25400	/16842756//6199799/2445022/2.58/2.59//2008-9-18 14:26:2
3/600003/ST东北高/2.550	16612	2.540	19300	2.530	9100	2.520	8700	2.510	57150	2.560	18595	2.580	2200	2.590	16184	2.600	75700	2.610	31100	/16842756//6277880/2475327/2.55/2.59//2008-9-18 14:27:3
3/600003/ST东北高/2.550	13212	2.540	19300	2.530	17900	2.520	22700	2.510	59150	2.560	17595	2.580	2700	2.590	17184	2.600	36700	2.610	31100	/16842756//6293190/2481327/2.56/2.59//2008-9-18 14:28:4
3/600003/ST东北高/2.550	21512	2.540	16300	2.530	17900	2.520	22700	2.510	59150	2.560	17595	2.580	3300	2.590	16184	2.600	49000	2.610	31100	/16842756//6306450/2486527/2.55/2.59//2008-9-18 14:29:4
3/600003/ST东北高/2.550	20512	2.540	16300	2.530	17900	2.520	21700	2.510	59150	2.560	7895	2.580	3300	2.590	11184	2.600	49000	2.610	31100	/16842756//6327202/2494627/2.56/2.59//2008-9-18 14:30:5
3/600003/ST东北高/2.550	10732	2.540	16300	2.530	17900	2.520	21200	2.510	60450	2.560	6395	2.580	3300	2.590	11184	2.600	49000	2.610	31100	/16842756//6341469/2500207/2.56/2.59//2008-9-18 14:31:6
3/600003/ST东北高/2.550	13732	2.540	16300	2.530	17800	2.520	21200	2.510	60450	2.560	1695	2.580	3300	2.590	11184	2.600	30500	2.610	31100	/16842756//6356061/2505907/2.56/2.59//2008-9-18 14:32:6
3/600003/ST东北高/2.560	43405	2.550	14732	2.540	16300	2.530	17800	2.520	21400	2.580	4000	2.590	11184	2.600	30500	2.610	31100	2.620	24900	/16842756//6370640/2511602/2.56/2.59//2008-9-18 14:33:7
3/600003/ST东北高/2.560	44405	2.550	13232	2.540	16300	2.530	17800	2.520	21400	2.580	3200	2.590	13184	2.600	30500	2.610	31100	2.620	24900	/16842756//6370898/2511702/2.58/2.59//2008-9-18 14:34:8
3/600003/ST东北高/2.560	40405	2.550	13232	2.540	18100	2.530	17800	2.520	21400	2.580	2700	2.590	29784	2.600	32400	2.610	31100	2.620	24900	/16842756//6388853/2518702/2.56/2.59//2008-9-18 14:35:8
3/600003/ST东北高/2.560	44305	2.550	13132	2.540	18100	2.530	17800	2.520	21400	2.570	1100	2.580	3000	2.590	29784	2.600	32400	2.610	31100	/16842756//6398626/2522502/2.57/2.59//2008-9-18 14:36:9
3/600003/ST东北高/2.560	44305	2.550	8200	2.540	18100	2.530	18800	2.520	21400	2.570	900	2.580	17000	2.590	31784	2.600	32400	2.610	32100	/16842756//6399654/2522902/2.57/2.59//2008-9-18 14:37:10
3/600003/ST东北高/2.560	45305	2.550	8200	2.540	18100	2.530	18800	2.520	22400	2.570	1459	2.580	18000	2.590	32784	2.600	34400	2.610	32100	/16842756//6407364/2525902/2.57/2.59//2008-9-18 14:38:10
3/600003/ST东北高/2.570	13841	2.560	39405	2.550	7900	2.540	18100	2.530	18800	2.580	18000	2.590	32784	2.600	38500	2.610	32100	2.620	24900	/16842756//6413684/2528361/2.57/2.59//2008-9-18 14:39:11
3/600003/ST东北高/2.560	34205	2.550	7600	2.540	18100	2.530	18800	2.520	27700	2.570	7459	2.580	18000	2.590	31184	2.600	38500	2.610	32100	/16842756//6462567/2547402/2.56/2.59//2008-9-18 14:40:12
3/600003/ST东北高/2.560	26005	2.550	10700	2.540	18100	2.530	18800	2.520	28700	2.570	13859	2.580	17000	2.590	31184	2.600	39500	2.610	32100	/16842756//6483559/2555602/2.56/2.59//2008-9-18 14:41:12
3/600003/ST东北高/2.560	19205	2.550	10700	2.540	18100	2.530	19400	2.520	28700	2.570	13859	2.580	16500	2.590	31184	2.600	39500	2.610	32100	/16842756//6500967/2562402/2.56/2.59//2008-9-18 14:42:13
3/600003/ST东北高/2.560	10605	2.550	7600	2.540	18100	2.530	19400	2.520	23500	2.570	13859	2.580	16500	2.590	31184	2.600	39500	2.610	32100	/16842756//6538343/2577002/2.56/2.59//2008-9-18 14:43:14
3/600003/ST东北高/2.560	6605	2.550	7600	2.540	18100	2.530	19400	2.520	23500	2.570	12859	2.580	16500	2.590	31184	2.600	40100	2.610	32100	/16842756//6548583/2581002/2.56/2.59//2008-9-18 14:44:14
3/600003/ST东北高/2.550	7200	2.540	18100	2.530	19400	2.520	23500	2.510	62150	2.560	4895	2.570	12859	2.580	16500	2.590	31184	2.600	40100	/16842756//6565492/2587607/2.56/2.59//2008-9-18 14:45:15
3/600003/ST东北高/2.550	5700	2.540	18100	2.530	21300	2.520	23400	2.510	62150	2.560	17395	2.570	12859	2.580	17500	2.590	31184	2.600	40100	/16842756//6565492/2587607/2.56/2.59//2008-9-18 14:46:16
3/600003/ST东北高/2.550	10400	2.540	18100	2.530	21300	2.520	24500	2.510	62150	2.560	20195	2.570	15859	2.580	18000	2.590	33184	2.600	39300	/16842756//6565492/2587607/2.56/2.59//2008-9-18 14:47:16
3/600003/ST东北高/2.540	18100	2.530	21300	2.520	24500	2.510	64150	0.000	0	2.550	200	2.560	22395	2.570	15859	2.580	18000	2.590	33184	/16842756//6592012/2598007/2.55/2.59//2008-9-18 14:48:17
3/600003/ST东北高/2.540	11300	2.530	20300	2.520	23400	2.510	62150	0.000	0	2.550	1300	2.560	22395	2.570	15859	2.580	18000	2.590	34184	/16842756//6617412/2608007/2.54/2.59//2008-9-18 14:49:18
3/600003/ST东北高/2.540	800	2.530	19700	2.520	23400	2.510	64150	0.000	0	2.550	1300	2.560	20895	2.570	15859	2.580	18000	2.590	28184	/16842756//6641040/2617307/2.54/2.59//2008-9-18 14:50:18
3/600003/ST东北高/2.540	5100	2.530	19700	2.520	23400	2.510	65650	0.000	0	2.550	7100	2.560	18295	2.570	15859	2.580	18000	2.590	28184	/16842756//6658661/2624207/2.54/2.59//2008-9-18 14:51:19
3/600003/ST东北高/2.540	1400	2.530	19400	2.520	23700	2.510	66050	0.000	0	2.550	4900	2.560	17295	2.570	15859	2.580	18000	2.590	28384	/16842756//6676971/2631407/2.54/2.59//2008-9-18 14:52:20
3/600003/ST东北高/2.540	2200	2.530	28800	2.520	23700	2.510	66550	0.000	0	2.550	26400	2.560	16795	2.570	15859	2.580	18000	2.590	26384	/16842756//6718745/2647807/2.55/2.59//2008-9-18 14:53:21
3/600003/ST东北高/2.540	10300	2.530	29800	2.520	22700	2.510	70450	0.000	0	2.550	56400	2.560	16795	2.570	15859	2.580	18000	2.590	26384	/16842756//6710557/2644607/2.54/2.59//2008-9-18 14:54:21
3/600003/ST东北高/2.540	12200	2.530	29800	2.520	16700	2.510	70450	0.000	0	2.550	49500	2.560	16795	2.570	16359	2.580	18000	2.590	26384	/16842756//6728914/2651807/2.55/2.59//2008-9-18 14:55:22
3/600003/ST东北高/2.530	37800	2.520	16700	2.510	70450	0.000	0	0.000	0	2.550	48700	2.560	16795	2.570	16359	2.580	8500	2.590	26384	/16842756//6765499/2666207/2.55/2.59//2008-9-18 14:56:23
3/600003/ST东北高/2.530	37700	2.520	16900	2.510	71650	0.000	0	0.000	0	2.550	39100	2.560	16795	2.570	16359	2.580	8500	2.590	26384	/16842756//6796342/2678307/2.55/2.59//2008-9-18 14:57:23
3/600003/ST东北高/2.540	3700	2.530	39100	2.520	16900	2.510	73150	0.000	0	2.550	81500	2.560	16795	2.570	16359	2.580	12900	2.590	24384	/16842756//6798381/2679107/2.54/2.59//2008-9-18 14:58:24
3/600003/ST东北高/2.540	1900	2.530	33600	2.520	16900	2.510	66650	0.000	0	2.550	78200	2.560	16795	2.570	15359	2.580	12900	2.590	24384	/16842756//6820771/2687907/2.54/2.59//2008-9-18 14:59:25
3/600003/ST东北高/2.530	33900	2.520	16400	2.510	65150	0.000	0	0.000	0	2.550	62000	2.560	16795	2.570	15359	2.580	12900	2.590	24384	/16842756//6869681/2707107/2.55/2.59//2008-9-18 15:0:26
3/600003/ST东北高/2.530	33900	2.520	16400	2.510	65150	0.000	0	0.000	0	2.550	62000	2.560	16795	2.570	15359	2.580	12900	2.590	24384	/16842756//6869681/2707107/2.55/2.59//2008-9-18 15:1:26
3/600003/ST东北高/2.530	33900	2.520	16400	2.510	65150	0.000	0	0.000	0	2.550	62000	2.560	16795	2.570	15359	2.580	12900	2.590	24384	/16842756//6869681/2707107/2.55/2.59//2008-9-18 15:2:27
