54/600090/啤酒花/3.240	1000	3.230	100	3.220	3700	3.210	12600	3.200	1000	3.250	1200	3.300	18899	3.350	2000	3.370	5000	3.380	25001	/16842808//113292/34400/3.25/3.39//2008-9-18 9:31:34
54/600090/啤酒花/3.260	7100	3.250	30800	3.240	200	3.230	100	3.220	4300	3.290	1200	3.300	18499	3.350	2000	3.370	5000	3.380	25001	/16842808//122079/37100/3.3/3.39//2008-9-18 9:32:35
54/600090/啤酒花/3.300	1001	3.290	8800	3.270	1000	3.260	9400	3.250	22200	3.340	1500	3.350	4100	3.370	5000	3.380	24001	3.390	900	/16842808//251420/76298/3.3/3.39//2008-9-18 9:33:35
54/600090/啤酒花/3.340	2000	3.300	8101	3.290	3000	3.270	1000	3.260	8000	3.350	4100	3.370	9000	3.380	24001	3.390	8500	3.400	11900	/16842808//200334/60799/3.34/3.39//2008-9-18 9:34:35
54/600090/啤酒花/3.310	100	3.300	8101	3.290	3000	3.270	1000	3.260	8000	3.330	3001	3.340	9000	3.350	4400	3.360	100	3.370	10000	/16842808//217700/65999/3.33/3.39//2008-9-18 9:35:35
54/600090/啤酒花/3.290	3000	3.280	500	3.270	1000	3.260	8000	3.250	15700	3.300	10299	3.310	18666	3.330	10501	3.340	13100	3.350	4400	/16842808//244764/74200/3.3/3.39//2008-9-18 9:36:36
54/600090/啤酒花/3.280	500	3.260	8000	3.250	15100	3.230	1800	3.220	3300	3.290	6400	3.300	17199	3.310	8600	3.330	10201	3.340	13100	/16842808//261224/79200/3.29/3.39//2008-9-18 9:37:36
54/600090/啤酒花/3.280	9500	3.260	12300	3.250	15100	3.230	1800	3.220	3300	3.290	9600	3.300	17199	3.310	8600	3.330	10201	3.340	14100	/16842808//288770/87600/3.28/3.39//2008-9-18 9:38:36
54/600090/啤酒花/3.260	22300	3.250	16100	3.230	800	3.220	3400	3.210	22300	3.290	9600	3.300	11899	3.310	8600	3.330	10201	3.340	11800	/16842808//321898/97700/3.28/3.39//2008-9-18 9:39:36
54/600090/啤酒花/3.280	5999	3.270	1200	3.260	22300	3.250	13100	3.230	800	3.290	10100	3.300	17199	3.310	8600	3.330	10201	3.340	11800	/16842808//358313/108802/3.28/3.39//2008-9-18 9:40:36
54/600090/啤酒花/3.270	4200	3.260	17700	3.250	12600	3.230	800	3.220	3400	3.280	201	3.290	6000	3.300	17199	3.330	10201	3.340	11800	/16842808//377699/114700/3.28/3.39//2008-9-18 9:41:37
54/600090/啤酒花/3.270	13099	3.260	17700	3.250	12600	3.230	800	3.220	2400	3.280	8800	3.290	6000	3.300	17199	3.330	10201	3.340	11300	/16842808//429197/130401/3.28/3.39//2008-9-18 9:42:37
54/600090/啤酒花/3.270	7299	3.260	21700	3.250	12600	3.230	800	3.220	2400	3.290	3800	3.300	17199	3.330	10201	3.340	11300	3.350	3600	/16842808//490821/149201/3.27/3.39//2008-9-18 9:43:37
54/600090/啤酒花/3.290	5000	3.270	5999	3.260	21700	3.250	12600	3.230	2000	3.300	22799	3.330	10201	3.340	11300	3.350	3600	3.360	7000	/16842808//513484/156101/3.27/3.39//2008-9-18 9:44:37
54/600090/啤酒花/3.260	20700	3.250	14100	3.230	5000	3.220	2400	3.210	12300	3.270	4648	3.300	25799	3.330	10201	3.340	11300	3.350	3600	/16842808//584967/177900/3.27/3.39//2008-9-18 9:45:37
54/600090/啤酒花/3.270	21452	3.260	20400	3.250	14100	3.230	6800	3.220	3500	3.300	20199	3.330	10201	3.340	11300	3.350	3600	3.360	7000	/16842808//601798/183048/3.27/3.39//2008-9-18 9:46:38
54/600090/啤酒花/3.270	22352	3.260	20400	3.250	13600	3.230	7200	3.220	3500	3.280	3400	3.300	20599	3.330	10201	3.340	11300	3.350	3600	/16842808//627702/190948/3.28/3.39//2008-9-18 9:47:38
54/600090/啤酒花/3.260	20400	3.250	14500	3.230	7700	3.220	3500	3.210	12300	3.270	20329	3.280	900	3.300	20199	3.330	10201	3.340	11300	/16842808//710633/216300/3.27/3.39//2008-9-18 9:48:38
54/600090/啤酒花/3.260	20400	3.250	14500	3.230	7700	3.220	3300	3.210	12300	3.270	29	3.280	1400	3.300	20199	3.330	10201	3.340	11300	/16842808//777014/236600/3.27/3.39//2008-9-18 9:49:39
54/600090/啤酒花/3.260	10600	3.250	15500	3.230	7700	3.220	3300	3.210	12800	3.270	2429	3.280	6000	3.300	20199	3.330	10201	3.340	11300	/16842808//832851/253700/3.27/3.39//2008-9-18 9:50:39
54/600090/啤酒花/3.260	8471	3.250	15600	3.230	8700	3.220	3300	3.210	13100	3.280	6000	3.300	18300	3.320	900	3.330	13001	3.340	11300	/16842808//853188/259929/3.26/3.39//2008-9-18 9:51:39
54/600090/啤酒花/3.230	8700	3.220	4100	3.210	13100	3.200	6200	3.180	3200	3.250	694	3.270	11600	3.280	6000	3.300	18300	3.320	900	/16842808//963698/293906/3.25/3.39//2008-9-18 9:52:39
54/600090/啤酒花/3.220	500	3.210	12100	3.200	7000	3.180	3200	3.150	5100	3.250	1194	3.260	1200	3.270	7600	3.280	6000	3.300	10200	/16842808//980916/299300/3.22/3.39//2008-9-18 9:53:40
54/600090/啤酒花/3.190	100	3.180	3700	3.150	5600	3.140	30000	3.110	8700	3.200	17100	3.210	7597	3.220	1400	3.240	7200	3.250	4694	/16842808//1050186/320900/3.2/3.39//2008-9-18 9:54:40
54/600090/啤酒花/3.150	22100	3.140	30000	3.110	14400	3.100	10100	3.090	1000	3.180	4700	3.200	5000	3.210	7597	3.220	1400	3.240	6800	/16842808//1195825/366500/3.2/3.39//2008-9-18 9:55:40
54/600090/啤酒花/3.160	33000	3.150	35000	3.140	30000	3.120	1000	3.110	14400	3.180	3300	3.200	8100	3.210	6797	3.220	1400	3.240	6800	/16842808//1172493/359300/3.18/3.39//2008-9-18 9:56:41
54/600090/啤酒花/3.200	21400	3.190	1000	3.180	16000	3.170	12500	3.160	28200	3.210	5597	3.220	1400	3.240	6800	3.250	1694	3.260	1400	/16842808//1216243/373000/3.21/3.39//2008-9-18 9:57:41
54/600090/啤酒花/3.210	2203	3.200	9500	3.190	1000	3.180	2200	3.170	12600	3.220	1400	3.240	6800	3.250	9194	3.260	1400	3.270	7600	/16842808//1244128/381694/3.21/3.39//2008-9-18 9:58:41
54/600090/啤酒花/3.200	5303	3.190	1000	3.180	2200	3.170	2600	3.160	28300	3.210	600	3.220	1900	3.240	6800	3.250	10594	3.260	1400	/16842808//1271697/390297/3.2/3.39//2008-9-18 9:59:41
54/600090/啤酒花/3.190	1903	3.180	1500	3.170	3300	3.160	24300	3.150	32200	3.210	15600	3.220	4900	3.230	1000	3.240	6800	3.250	10594	/16842808//1312016/402897/3.19/3.39//2008-9-18 10:0:42
54/600090/啤酒花/3.200	7200	3.180	1700	3.170	34300	3.160	25200	3.150	32200	3.210	14600	3.220	4400	3.230	1000	3.240	6800	3.250	11194	/16842808//1329265/408297/3.2/3.39//2008-9-18 10:1:42
54/600090/啤酒花/3.180	1700	3.170	55400	3.160	20500	3.150	31600	3.140	34000	3.190	1800	3.200	8300	3.210	14600	3.220	4400	3.230	1000	/16842808//1386211/426097/3.19/3.19//2008-9-18 10:2:42
54/600090/啤酒花/3.180	54000	3.170	55400	3.160	20200	3.150	31300	3.140	40000	3.190	2900	3.200	5100	3.210	14600	3.220	1400	3.230	1000	/16842808//1411098/433897/3.18/3.19//2008-9-18 10:3:42
54/600090/啤酒花/3.190	1900	3.180	29800	3.170	55400	3.160	20100	3.150	31000	3.200	10800	3.210	14600	3.220	1400	3.230	1000	3.250	11194	/16842808//1513556/466097/3.19/3.19//2008-9-18 10:4:43
54/600090/啤酒花/3.180	30500	3.170	54800	3.160	20100	3.150	31000	3.140	10000	3.190	12300	3.200	9000	3.210	14000	3.230	1000	3.250	10594	/16842808//1530778/471497/3.18/3.19//2008-9-18 10:5:43
54/600090/啤酒花/3.170	59300	3.160	20100	3.150	30800	3.140	11000	3.120	4500	3.180	49623	3.190	15200	3.200	10000	3.210	14000	3.230	1000	/16842808//1635719/504497/3.17/3.19//2008-9-18 10:6:43
54/600090/啤酒花/3.170	8400	3.150	10800	3.140	10000	3.120	4500	3.110	9800	3.180	19832	3.190	10700	3.200	10000	3.210	14000	3.230	1000	/16842808//2034115/630297/3.17/3.19//2008-9-18 10:7:44
54/600090/啤酒花/3.170	3700	3.160	600	3.150	10800	3.140	12800	3.120	4700	3.180	6332	3.190	10700	3.200	10300	3.210	14000	3.230	1000	/16842808//2109723/654097/3.18/3.19//2008-9-18 10:8:44
54/600090/啤酒花/3.160	1400	3.150	10300	3.140	12800	3.120	4700	3.110	9800	3.170	200	3.180	5932	3.190	10200	3.200	10300	3.210	4100	/16842808//2147697/666097/3.16/3.19//2008-9-18 10:9:44
54/600090/啤酒花/3.170	16600	3.160	18600	3.150	15400	3.140	6800	3.130	1300	3.180	2232	3.190	10200	3.200	20300	3.210	4100	3.230	1000	/16842808//2169573/672997/3.18/3.19//2008-9-18 10:10:44
54/600090/啤酒花/3.190	8800	3.180	3468	3.170	16800	3.160	16600	3.150	15100	3.200	20000	3.210	4100	3.230	1000	3.250	13794	3.270	13400	/16842808//2215582/687429/3.19/3.19//2008-9-18 10:11:45
54/600090/啤酒花/3.190	8700	3.180	4768	3.170	11000	3.160	16600	3.150	34000	3.200	8300	3.210	4100	3.230	1000	3.250	15794	3.270	13400	/16842808//2249189/697929/3.2/3.19//2008-9-18 10:12:45
54/600090/啤酒花/3.190	16200	3.180	7168	3.170	11000	3.160	16600	3.150	34400	3.200	8400	3.210	4100	3.230	1000	3.240	5000	3.250	15994	/16842808//2258459/700829/3.2/3.19//2008-9-18 10:13:45
54/600090/啤酒花/3.190	16200	3.180	6100	3.170	3100	3.160	16600	3.150	33700	3.200	900	3.210	4500	3.230	1000	3.240	5000	3.250	15994	/16842808//2314139/718229/3.2/3.19//2008-9-18 10:14:46
54/600090/啤酒花/3.190	7300	3.180	6100	3.170	3100	3.160	1700	3.150	34700	3.200	800	3.210	4100	3.220	2000	3.230	1732	3.250	16994	/16842808//2312215/717629/3.2/3.19//2008-9-18 10:15:46
54/600090/啤酒花/3.180	4800	3.170	3000	3.160	1700	3.150	36800	3.140	2800	3.190	3500	3.200	12400	3.210	5100	3.220	2000	3.230	1732	/16842808//2370273/735829/3.19/3.19//2008-9-18 10:16:46
54/600090/啤酒花/3.190	2500	3.180	2400	3.170	200	3.160	3600	3.150	41800	3.200	18200	3.210	4700	3.220	2000	3.230	1732	3.250	18894	/16842808//2391920/742629/3.19/3.19//2008-9-18 10:17:47
54/600090/啤酒花/3.190	8500	3.180	1300	3.170	200	3.160	2100	3.150	37100	3.200	6600	3.210	4700	3.220	2000	3.230	1732	3.240	2500	/16842808//2437982/757029/3.19/3.19//2008-9-18 10:18:47
54/600090/啤酒花/3.200	22600	3.190	8900	3.180	2700	3.170	300	3.160	3200	3.210	4700	3.220	2000	3.230	1732	3.240	2500	3.250	18894	/16842808//2466449/765929/3.2/3.19//2008-9-18 10:19:47
54/600090/啤酒花/3.210	8700	3.200	22300	3.190	8900	3.180	2500	3.170	300	3.220	300	3.230	1432	3.240	2500	3.250	16994	3.260	1500	/16842808//2498865/776029/3.2/3.19//2008-9-18 10:20:48
54/600090/啤酒花/3.220	3000	3.210	1000	3.200	20700	3.190	3300	3.180	2500	3.230	32	3.240	2500	3.250	17494	3.260	1500	3.270	13400	/16842808//2503387/777429/3.23/3.19//2008-9-18 10:21:48
54/600090/啤酒花/3.210	1800	3.200	20700	3.190	2700	3.180	1500	3.170	300	3.220	3900	3.230	1732	3.240	15801	3.250	22494	3.260	1500	/16842808//2526906/784729/3.22/3.19//2008-9-18 10:22:48
54/600090/啤酒花/3.210	1600	3.200	19500	3.190	2700	3.180	1500	3.170	300	3.220	900	3.230	2732	3.240	19301	3.250	21994	3.260	1500	/16842808//2580544/801429/3.21/3.19//2008-9-18 10:23:48
54/600090/啤酒花/3.200	3900	3.190	2700	3.180	100	3.170	300	3.160	12100	3.210	900	3.220	500	3.230	5064	3.240	19301	3.250	22494	/16842808//2589536/804229/3.21/3.19//2008-9-18 10:24:49
54/600090/啤酒花/3.190	2700	3.180	100	3.170	300	3.160	13500	3.150	41600	3.200	1200	3.210	400	3.220	500	3.230	5064	3.240	19301	/16842808//2607137/809729/3.2/3.19//2008-9-18 10:25:49
54/600090/啤酒花/3.200	1000	3.190	2700	3.180	100	3.170	2100	3.160	14600	3.210	400	3.220	1500	3.230	5064	3.240	19301	3.250	22200	/16842808//2611617/811129/3.2/3.19//2008-9-18 10:26:49
54/600090/啤酒花/3.190	3500	3.180	100	3.170	2900	3.160	14600	3.150	42800	3.200	3200	3.210	400	3.220	3000	3.230	6064	3.240	19301	/16842808//2614817/812129/3.2/3.19//2008-9-18 10:27:50
54/600090/啤酒花/3.190	1200	3.180	100	3.170	2900	3.160	14600	3.150	42800	3.200	2600	3.210	400	3.220	3500	3.230	7264	3.240	14501	/16842808//2625997/815629/3.2/3.19//2008-9-18 10:28:50
54/600090/啤酒花/3.190	1900	3.180	9700	3.170	2900	3.160	14600	3.150	42800	3.200	500	3.210	400	3.220	3500	3.230	7264	3.240	14501	/16842808//2632717/817729/3.2/3.19//2008-9-18 10:29:50
54/600090/啤酒花/3.190	1900	3.180	10200	3.170	2900	3.160	14600	3.150	46300	3.200	11400	3.210	1900	3.220	3500	3.230	7264	3.240	14501	/16842808//2636237/818829/3.2/3.19//2008-9-18 10:30:51
54/600090/啤酒花/3.200	2000	3.190	7500	3.180	10200	3.170	2900	3.160	14600	3.210	11800	3.220	3500	3.230	7264	3.240	14501	3.250	22400	/16842808//2676556/831429/3.2/3.19//2008-9-18 10:31:51
54/600090/啤酒花/3.190	8600	3.180	10200	3.170	2900	3.160	15100	3.150	46300	3.200	6900	3.210	11800	3.220	3500	3.230	7264	3.240	13001	/16842808//2683916/833729/3.2/3.19//2008-9-18 10:32:51
54/600090/啤酒花/3.170	2900	3.160	15100	3.150	46300	3.140	4800	3.130	2500	3.180	6700	3.200	9000	3.210	11800	3.220	3500	3.230	7264	/16842808//2751431/854929/3.18/3.19//2008-9-18 10:33:52
54/600090/啤酒花/3.170	1700	3.160	14300	3.150	46300	3.140	4800	3.130	37500	3.180	6300	3.200	19400	3.210	12700	3.220	1500	3.230	6264	/16842808//2759364/857429/3.18/3.19//2008-9-18 10:34:52
54/600090/啤酒花/3.160	13300	3.150	43400	3.140	4800	3.130	41000	3.120	5000	3.170	1800	3.180	4300	3.200	19600	3.210	12700	3.220	1500	/16842808//2771426/861229/3.17/3.19//2008-9-18 10:35:52
54/600090/啤酒花/3.130	2801	3.120	4000	3.110	13600	3.100	20200	3.090	16100	3.170	300	3.180	4300	3.200	19100	3.210	10600	3.220	1500	/16842808//3090512/962728/3.17/3.19//2008-9-18 10:36:53
54/600090/啤酒花/3.170	200	3.150	2000	3.130	23901	3.120	7000	3.110	28000	3.180	4300	3.200	32500	3.210	10600	3.220	500	3.230	9164	/16842808//3099388/965528/3.17/3.19//2008-9-18 10:37:53
54/600090/啤酒花/3.150	2000	3.130	24001	3.120	14000	3.110	28000	3.100	22300	3.170	11800	3.180	4300	3.190	26800	3.200	32500	3.210	10600	/16842808//3100022/965728/3.17/3.19//2008-9-18 10:38:53
54/600090/啤酒花/3.150	3000	3.140	4000	3.130	26801	3.120	14000	3.110	28000	3.160	3000	3.170	16700	3.180	4300	3.190	26000	3.200	32500	/16842808//3118091/971428/3.17/3.19//2008-9-18 10:39:54
54/600090/啤酒花/3.140	4000	3.130	26801	3.120	14000	3.110	28000	3.100	22000	3.170	16400	3.180	4300	3.190	26000	3.200	32500	3.210	10600	/16842808//3139526/978228/3.15/3.19//2008-9-18 10:40:54
54/600090/啤酒花/3.140	1000	3.130	40000	3.120	10600	3.110	4701	3.100	21000	3.160	7000	3.170	26500	3.180	4300	3.190	26000	3.200	22100	/16842808//3358042/1048228/3.16/3.19//2008-9-18 10:41:54
54/600090/啤酒花/3.130	1000	3.120	100	3.110	21901	3.100	21900	3.090	16100	3.140	3500	3.160	6800	3.170	17600	3.180	6000	3.190	26000	/16842808//3575430/1117728/3.12/3.19//2008-9-18 10:42:55
54/600090/啤酒花/3.130	1900	3.120	900	3.110	20601	3.100	21500	3.090	16100	3.140	2100	3.160	1900	3.170	16400	3.180	9000	3.190	26000	/16842808//3605492/1127328/3.14/3.19//2008-9-18 10:43:55
54/600090/啤酒花/3.130	5200	3.120	5700	3.110	37601	3.100	21200	3.090	16100	3.140	100	3.160	1900	3.170	16400	3.180	9000	3.190	26300	/16842808//3612711/1129628/3.14/3.19//2008-9-18 10:44:56
54/600090/啤酒花/3.130	4200	3.120	5700	3.110	37501	3.100	24500	3.090	16100	3.160	3500	3.170	16400	3.180	9000	3.190	26300	3.200	24600	/16842808//3644425/1139728/3.14/3.19//2008-9-18 10:45:56
54/600090/啤酒花/3.110	1401	3.100	24500	3.090	16100	3.080	32000	3.070	4600	3.120	1000	3.130	2800	3.140	4000	3.150	900	3.160	3500	/16842808//3805832/1191528/3.13/3.19//2008-9-18 10:46:56
54/600090/啤酒花/3.090	16100	3.080	34900	3.070	5600	3.060	95300	3.050	97100	3.100	22399	3.110	1000	3.120	2000	3.130	800	3.140	2000	/16842808//3905475/1223629/3.1/3.19//2008-9-18 10:47:57
54/600090/啤酒花/3.080	23000	3.070	5100	3.060	91800	3.050	96100	0.000	0	3.090	9000	3.100	13199	3.110	1000	3.120	2000	3.130	1800	/16842808//4027526/1263129/3.1/3.19//2008-9-18 10:48:57
54/600090/啤酒花/3.070	26180	3.060	2800	3.050	96400	0.000	0	0.000	0	3.080	9000	3.090	8500	3.100	13199	3.110	2000	3.120	2000	/16842808//4762824/1503649/3.05/3.19//2008-9-18 10:49:57
54/600090/啤酒花/3.070	23770	3.060	5800	3.050	151200	0.000	0	0.000	0	3.080	2300	3.090	8700	3.100	13199	3.110	1000	3.120	2000	/16842808//4787779/1511759/3.07/3.19//2008-9-18 10:50:58
54/600090/啤酒花/3.070	4070	3.060	24600	3.050	161500	0.000	0	0.000	0	3.080	2000	3.090	9100	3.100	13199	3.130	1500	3.140	2000	/16842808//4853184/1533059/3.08/3.19//2008-9-18 10:51:58
54/600090/啤酒花/3.060	46870	3.050	202800	0.000	0	0.000	0	0.000	0	3.070	2200	3.080	3899	3.090	9800	3.100	15199	3.130	1000	/16842808//4923484/1555959/3.07/3.19//2008-9-18 10:52:58
54/600090/啤酒花/3.070	6700	3.060	42770	3.050	190800	0.000	0	0.000	0	3.080	899	3.090	9900	3.100	15899	3.130	1000	3.140	2000	/16842808//4979654/1574259/3.07/3.19//2008-9-18 10:53:59
54/600090/啤酒花/3.070	24200	3.060	42670	3.050	199600	0.000	0	0.000	0	3.090	4999	3.100	13899	3.130	1000	3.140	2000	3.150	600	/16842808//4992339/1578359/3.07/3.19//2008-9-18 10:54:59
54/600090/啤酒花/3.100	8029	3.080	4200	3.070	31200	3.060	45470	3.050	218700	3.130	1000	3.140	2000	3.150	800	3.160	3300	3.170	18100	/16842808//5059475/1600030/3.1/3.19//2008-9-18 10:56:0
54/600090/啤酒花/3.120	800	3.100	7329	3.080	4000	3.070	30100	3.060	49370	3.130	22101	3.140	1800	3.150	1800	3.160	3300	3.170	16700	/16842808//5077005/1605630/3.13/3.19//2008-9-18 10:57:0
54/600090/啤酒花/3.080	3000	3.070	30100	3.060	50870	3.050	211600	0.000	0	3.100	2771	3.120	6300	3.130	27301	3.140	20000	3.150	2100	/16842808//5109729/1616159/3.1/3.19//2008-9-18 10:58:0
54/600090/啤酒花/3.060	51170	3.050	213300	0.000	0	0.000	0	0.000	0	3.050	65030	3.060	35400	3.070	69400	3.080	6500	3.100	21803	/16842808//6834856/2181199/3.05/3.19//2008-9-18 10:59:1
54/600090/啤酒花/3.050	38070	0.000	0	0.000	0	0.000	0	0.000	0	3.060	33400	3.070	69400	3.080	6500	3.100	21803	3.120	3600	/16842808//6246203/1988359/3.06/3.19//2008-9-18 11:0:1
54/600090/啤酒花/3.050	50570	0.000	0	0.000	0	0.000	0	0.000	0	3.060	15500	3.070	69400	3.080	6500	3.100	17232	3.120	3600	/16842808//6310127/2009259/3.06/3.19//2008-9-18 11:1:2
54/600090/啤酒花/3.060	23400	3.050	78770	0.000	0	0.000	0	0.000	0	3.070	68400	3.080	6500	3.100	5732	3.120	3600	3.130	9200	/16842808//6372560/2029659/3.06/3.19//2008-9-18 11:2:2
54/600090/啤酒花/3.050	115970	0.000	0	0.000	0	0.000	0	0.000	0	3.070	52000	3.100	5732	3.120	3600	3.130	39200	3.140	20400	/16842808//6523236/2078859/3.05/3.19//2008-9-18 11:3:2
54/600090/啤酒花/3.050	135070	0.000	0	0.000	0	0.000	0	0.000	0	3.070	52000	3.100	18932	3.120	7600	3.130	39200	3.140	20400	/16842808//6530281/2081159/3.05/3.19//2008-9-18 11:4:3
54/600090/啤酒花/3.060	8400	3.050	126670	0.000	0	0.000	0	0.000	0	3.070	51500	3.100	18932	3.120	7600	3.130	39200	3.140	20400	/16842808//6548345/2087059/3.07/3.19//2008-9-18 11:5:3
54/600090/啤酒花/3.060	15500	3.050	130570	0.000	0	0.000	0	0.000	0	3.070	47800	3.100	16732	3.120	7600	3.130	39200	3.140	20400	/16842808//6601325/2104359/3.07/3.19//2008-9-18 11:6:4
54/600090/啤酒花/3.060	19600	3.050	133170	0.000	0	0.000	0	0.000	0	3.070	28700	3.100	16732	3.120	9300	3.130	39200	3.140	20400	/16842808//6664259/2124859/3.07/3.19//2008-9-18 11:7:4
54/600090/啤酒花/3.060	13800	3.050	133570	0.000	0	0.000	0	0.000	0	3.070	13600	3.100	17732	3.120	9300	3.130	39200	3.140	20400	/16842808//6718878/2142659/3.07/3.19//2008-9-18 11:8:4
54/600090/啤酒花/3.060	13400	3.050	130770	0.000	0	0.000	0	0.000	0	3.070	2400	3.080	1000	3.100	17732	3.120	11200	3.130	39200	/16842808//6759402/2155859/3.07/3.19//2008-9-18 11:9:5
54/600090/啤酒花/3.070	4500	3.060	13200	3.050	129370	0.000	0	0.000	0	3.100	17732	3.120	11200	3.130	39200	3.140	20400	3.150	1800	/16842808//6779070/2162259/3.07/3.19//2008-9-18 11:10:5
54/600090/啤酒花/3.080	3100	3.070	13600	3.060	12000	3.050	125770	0.000	0	3.090	49900	3.100	17732	3.120	9300	3.130	39200	3.140	20500	/16842808//6789222/2165559/3.08/3.19//2008-9-18 11:11:6
54/600090/啤酒花/3.080	3000	3.070	13600	3.060	11500	3.050	137570	0.000	0	3.090	50300	3.100	17732	3.120	9300	3.130	39200	3.140	20500	/16842808//6794770/2167359/3.08/3.19//2008-9-18 11:12:6
54/600090/啤酒花/3.050	13670	0.000	0	0.000	0	0.000	0	0.000	0	3.060	4700	3.090	49100	3.100	18232	3.120	9300	3.130	39200	/16842808//7287285/2328659/3.06/3.19//2008-9-18 11:13:7
54/600090/啤酒花/3.050	34770	0.000	0	0.000	0	0.000	0	0.000	0	3.060	2400	3.070	5000	3.080	500	3.090	50300	3.100	18232	/16842808//7297995/2332159/3.06/3.19//2008-9-18 11:14:7
54/600090/啤酒花/3.060	11051	3.050	73670	0.000	0	0.000	0	0.000	0	3.070	5000	3.080	2000	3.090	50300	3.100	22232	3.120	11800	/16842808//7331180/2343008/3.06/3.19//2008-9-18 11:15:7
54/600090/啤酒花/3.060	11051	3.050	74670	0.000	0	0.000	0	0.000	0	3.070	1700	3.080	2000	3.090	50300	3.100	38732	3.120	11800	/16842808//7342232/2346608/3.07/3.19//2008-9-18 11:16:8
54/600090/啤酒花/3.060	6251	3.050	86670	0.000	0	0.000	0	0.000	0	3.070	19400	3.080	2000	3.090	50300	3.100	38232	3.120	11800	/16842808//7366429/2354508/3.07/3.19//2008-9-18 11:17:8
54/600090/啤酒花/3.060	11752	3.050	86770	0.000	0	0.000	0	0.000	0	3.070	18500	3.080	6600	3.090	50300	3.100	38232	3.120	11800	/16842808//7379626/2358807/3.07/3.19//2008-9-18 11:18:9
54/600090/啤酒花/3.060	13312	3.050	90170	0.000	0	0.000	0	0.000	0	3.070	17900	3.080	7600	3.090	50300	3.100	38232	3.120	11800	/16842808//7381591/2359447/3.06/3.19//2008-9-18 11:19:9
54/600090/啤酒花/3.060	15512	3.050	93470	0.000	0	0.000	0	0.000	0	3.070	13000	3.080	7100	3.090	49100	3.100	38232	3.120	11800	/16842808//7399049/2365147/3.07/3.19//2008-9-18 11:20:10
54/600090/啤酒花/3.060	4712	3.050	92070	0.000	0	0.000	0	0.000	0	3.070	17500	3.080	5600	3.090	49100	3.100	39232	3.120	11300	/16842808//7438523/2378047/3.06/3.19//2008-9-18 11:21:10
54/600090/啤酒花/3.060	6012	3.050	92070	0.000	0	0.000	0	0.000	0	3.070	18100	3.080	5600	3.090	49100	3.100	39232	3.120	11300	/16842808//7450769/2382047/3.06/3.19//2008-9-18 11:22:10
54/600090/啤酒花/3.060	4812	3.050	95670	0.000	0	0.000	0	0.000	0	3.070	16200	3.080	5600	3.090	49500	3.100	39232	3.120	11300	/16842808//7456895/2384047/3.06/3.19//2008-9-18 11:23:11
54/600090/啤酒花/3.060	7612	3.050	95770	0.000	0	0.000	0	0.000	0	3.070	15300	3.080	5600	3.090	49500	3.100	39232	3.120	11300	/16842808//7462417/2385847/3.07/3.19//2008-9-18 11:24:11
54/600090/啤酒花/3.060	5912	3.050	93270	0.000	0	0.000	0	0.000	0	3.070	15400	3.080	5600	3.090	49500	3.100	39232	3.120	11300	/16842808//7467314/2387447/3.06/3.19//2008-9-18 11:25:12
54/600090/啤酒花/3.060	4012	3.050	95370	0.000	0	0.000	0	0.000	0	3.070	14800	3.080	5600	3.090	49500	3.100	39232	3.120	11300	/16842808//7476498/2390447/3.06/3.19//2008-9-18 11:26:12
54/600090/啤酒花/3.050	95270	0.000	0	0.000	0	0.000	0	0.000	0	3.060	2588	3.070	12000	3.080	5600	3.090	49500	3.100	39232	/16842808//7512942/2402359/3.06/3.19//2008-9-18 11:27:13
54/600090/啤酒花/3.050	88770	0.000	0	0.000	0	0.000	0	0.000	0	3.060	2088	3.070	12000	3.080	5600	3.090	49500	3.100	39232	/16842808//7532177/2408659/3.06/3.19//2008-9-18 11:28:13
54/600090/啤酒花/3.050	82270	0.000	0	0.000	0	0.000	0	0.000	0	3.060	88	3.070	10800	3.080	5600	3.090	49500	3.100	39232	/16842808//7551107/2414859/3.05/3.19//2008-9-18 11:29:14
54/600090/啤酒花/3.050	82470	0.000	0	0.000	0	0.000	0	0.000	0	3.060	88	3.070	10800	3.080	5600	3.090	1000	3.100	39232	/16842808//7551107/2414859/3.05/3.19//2008-9-18 11:30:14
54/600090/啤酒花/3.050	82470	0.000	0	0.000	0	0.000	0	0.000	0	3.060	88	3.070	10800	3.080	5600	3.090	1000	3.100	39232	/16842808//7551107/2414859/3.05/3.19//2008-9-18 11:31:15
54/600090/啤酒花/3.060	8250	3.050	108182	0.000	0	0.000	0	0.000	0	3.070	4500	3.080	25600	3.090	23800	3.100	45932	3.110	100	/16842808//7740284/2476797/3.06/3.19//2008-9-18 13:1:15
54/600090/啤酒花/3.060	5250	3.050	112182	0.000	0	0.000	0	0.000	0	3.070	5100	3.080	25600	3.090	23800	3.100	45932	3.110	100	/16842808//7761704/2483797/3.06/3.19//2008-9-18 13:2:16
54/600090/啤酒花/3.070	4000	3.060	5550	3.050	114682	0.000	0	0.000	0	3.080	25600	3.090	23800	3.100	45932	3.110	100	3.120	11300	/16842808//7777676/2488997/3.07/3.19//2008-9-18 13:3:16
54/600090/啤酒花/3.060	4050	3.050	112582	0.000	0	0.000	0	0.000	0	3.070	2200	3.080	25400	3.090	23800	3.100	45932	3.110	100	/16842808//7811448/2499997/3.07/3.19//2008-9-18 13:4:17
54/600090/啤酒花/3.060	3850	3.050	112582	0.000	0	0.000	0	0.000	0	3.070	100	3.080	25400	3.090	23800	3.100	47032	3.110	100	/16842808//7830472/2506197/3.06/3.19//2008-9-18 13:5:17
54/600090/啤酒花/3.070	60	3.060	36750	3.050	109182	0.000	0	0.000	0	3.080	25400	3.090	23800	3.100	47032	3.110	100	3.120	11300	/16842808//7830902/2506337/3.07/3.19//2008-9-18 13:6:18
54/600090/啤酒花/3.060	35210	3.050	110082	0.000	0	0.000	0	0.000	0	3.070	100	3.080	25400	3.090	23800	3.100	47032	3.110	100	/16842808//7840092/2509337/3.07/3.19//2008-9-18 13:7:18
54/600090/啤酒花/3.060	35810	3.050	119082	0.000	0	0.000	0	0.000	0	3.070	2100	3.080	25400	3.090	23800	3.100	47032	3.110	100	/16842808//7841933/2509937/3.07/3.19//2008-9-18 13:8:19
54/600090/啤酒花/3.060	35410	3.050	118082	0.000	0	0.000	0	0.000	0	3.070	1600	3.080	24900	3.090	23800	3.100	49132	3.110	100	/16842808//7845916/2511237/3.06/3.19//2008-9-18 13:9:19
54/600090/啤酒花/3.050	20702	0.000	0	0.000	0	0.000	0	0.000	0	3.070	4000	3.080	24900	3.090	23800	3.100	49132	3.110	100	/16842808//8253106/2644627/3.05/3.19//2008-9-18 13:10:20
54/600090/啤酒花/3.050	10912	0.000	0	0.000	0	0.000	0	0.000	0	3.060	35900	3.070	24000	3.080	24900	3.090	23800	3.100	49132	/16842808//8268935/2649817/3.05/3.19//2008-9-18 13:11:20
54/600090/啤酒花/3.050	3912	0.000	0	0.000	0	0.000	0	0.000	0	3.050	34088	3.060	34500	3.070	23100	3.080	25900	3.090	23800	/16842808//8313211/2664329/3.05/3.19//2008-9-18 13:12:21
54/600090/啤酒花/3.050	3912	0.000	0	0.000	0	0.000	0	0.000	0	3.050	37688	3.060	35000	3.070	22100	3.080	25900	3.090	23800	/16842808//8317176/2665629/3.05/3.19//2008-9-18 13:13:21
54/600090/啤酒花/3.050	3912	0.000	0	0.000	0	0.000	0	0.000	0	3.050	44888	3.060	500	3.070	22100	3.080	25900	3.090	23800	/16842808//8403796/2694029/3.05/3.19//2008-9-18 13:14:22
54/600090/啤酒花/3.050	3912	0.000	0	0.000	0	0.000	0	0.000	0	3.050	47083	3.060	500	3.070	22100	3.080	25900	3.090	23800	/16842808//8408981/2695729/3.05/3.19//2008-9-18 13:15:22
54/600090/啤酒花/3.050	3912	0.000	0	0.000	0	0.000	0	0.000	0	3.050	66583	3.060	500	3.070	21600	3.080	25900	3.090	23800	/16842808//8410506/2696229/3.05/3.19//2008-9-18 13:16:23
54/600090/啤酒花/3.050	3912	0.000	0	0.000	0	0.000	0	0.000	0	3.050	83984	3.060	500	3.070	21600	3.080	25900	3.090	23800	/16842808//8412336/2696829/3.05/3.19//2008-9-18 13:17:23
54/600090/啤酒花/3.050	3912	0.000	0	0.000	0	0.000	0	0.000	0	3.050	85584	3.060	500	3.070	21600	3.080	25900	3.090	23800	/16842808//8419656/2699229/3.05/3.19//2008-9-18 13:18:24
54/600090/啤酒花/3.050	3912	0.000	0	0.000	0	0.000	0	0.000	0	3.050	82884	3.060	500	3.070	21600	3.080	25900	3.090	23800	/16842808//8430941/2702929/3.05/3.19//2008-9-18 13:19:24
54/600090/啤酒花/3.050	3912	0.000	0	0.000	0	0.000	0	0.000	0	3.050	66384	3.060	500	3.070	21600	3.080	25900	3.090	23800	/16842808//8474556/2717229/3.05/3.19//2008-9-18 13:20:25
54/600090/啤酒花/3.050	3516	0.000	0	0.000	0	0.000	0	0.000	0	3.060	500	3.070	22200	3.080	25900	3.090	23800	3.100	53032	/16842808//8755412/2809313/3.05/3.19//2008-9-18 13:21:25
54/600090/啤酒花/3.050	7616	0.000	0	0.000	0	0.000	0	0.000	0	3.060	1200	3.070	22200	3.080	25900	3.090	23800	3.100	53032	/16842808//8756937/2809813/3.05/3.19//2008-9-18 13:22:26
54/600090/啤酒花/3.060	200	3.050	3416	0.000	0	0.000	0	0.000	0	3.070	52300	3.080	25900	3.090	23800	3.100	53032	3.110	100	/16842808//8813791/2828413/3.07/3.19//2008-9-18 13:23:26
54/600090/啤酒花/3.060	4000	3.050	17016	0.000	0	0.000	0	0.000	0	3.070	16100	3.080	25900	3.090	23800	3.100	53032	3.110	100	/16842808//8819010/2830113/3.07/3.19//2008-9-18 13:24:27
54/600090/啤酒花/3.060	3100	3.050	39816	0.000	0	0.000	0	0.000	0	3.070	32600	3.080	25400	3.090	23800	3.100	53032	3.110	600	/16842808//8843229/2838013/3.06/3.19//2008-9-18 13:25:27
54/600090/啤酒花/3.050	124716	0.000	0	0.000	0	0.000	0	0.000	0	3.060	1400	3.070	30500	3.080	25400	3.090	23800	3.100	46332	/16842808//8855796/2842113/3.07/3.19//2008-9-18 13:26:28
54/600090/啤酒花/3.060	300	3.050	127216	0.000	0	0.000	0	0.000	0	3.070	33800	3.080	25900	3.090	23800	3.100	46332	3.110	600	/16842808//8884276/2851413/3.06/3.19//2008-9-18 13:27:28
54/600090/啤酒花/3.060	10200	3.050	77016	0.000	0	0.000	0	0.000	0	3.070	32700	3.080	27900	3.090	23800	3.100	46332	3.110	600	/16842808//8887653/2852513/3.07/3.19//2008-9-18 13:28:29
54/600090/啤酒花/3.060	16700	3.050	77016	0.000	0	0.000	0	0.000	0	3.070	28300	3.080	30500	3.090	23800	3.100	47332	3.110	600	/16842808//8899933/2856513/3.07/3.19//2008-9-18 13:29:29
54/600090/啤酒花/3.060	10200	3.050	88816	0.000	0	0.000	0	0.000	0	3.070	32700	3.080	27900	3.090	23800	3.100	46332	3.110	100	/16842808//8931462/2866813/3.06/3.19//2008-9-18 13:30:30
54/600090/啤酒花/3.060	9800	3.050	63416	0.000	0	0.000	0	0.000	0	3.070	6800	3.080	26900	3.090	23800	3.100	46332	3.110	10100	/16842808//9003581/2890313/3.07/3.19//2008-9-18 13:31:30
54/600090/啤酒花/3.070	25000	3.060	19200	3.050	59916	0.000	0	0.000	0	3.080	25500	3.090	24400	3.100	46332	3.110	10100	3.120	11300	/16842808//9020173/2895713/3.08/3.19//2008-9-18 13:32:31
54/600090/啤酒花/3.080	7100	3.070	15500	3.060	11500	3.050	50916	0.000	0	3.090	22600	3.100	47832	3.110	10100	3.120	9300	3.130	6200	/16842808//9105815/2923513/3.09/3.19//2008-9-18 13:33:31
54/600090/啤酒花/3.060	11900	3.050	43216	0.000	0	0.000	0	0.000	0	3.070	44800	3.090	17600	3.100	47832	3.110	10100	3.120	9300	/16842808//9262539/2974513/3.07/3.19//2008-9-18 13:34:32
54/600090/啤酒花/3.080	10000	3.070	42500	3.060	11800	3.050	104416	0.000	0	3.090	4300	3.100	64032	3.110	10100	3.120	9300	3.130	6200	/16842808//9445156/3033913/3.09/3.19//2008-9-18 13:35:32
54/600090/啤酒花/3.090	30200	3.080	11200	3.070	39400	3.060	11800	3.050	105416	3.100	35732	3.110	100	3.120	8300	3.130	6200	3.140	400	/16842808//9530053/3061313/3.1/3.19//2008-9-18 13:36:33
54/600090/啤酒花/3.100	2468	3.090	27200	3.080	12100	3.070	30800	3.060	11800	3.110	100	3.120	8300	3.130	1200	3.140	400	3.150	47708	/16842808//9656002/3101945/3.1/3.19//2008-9-18 13:37:34
54/600090/啤酒花/3.110	768	3.100	4400	3.090	27200	3.080	11700	3.070	19000	3.120	3300	3.130	1200	3.140	12501	3.150	48708	3.160	9000	/16842808//9684586/3111145/3.12/3.19//2008-9-18 13:38:34
54/600090/啤酒花/3.110	3000	3.100	9368	3.090	23800	3.080	12800	3.070	16000	3.120	7101	3.130	15000	3.140	6500	3.150	48608	3.160	9000	/16842808//9724057/3123845/3.11/3.19//2008-9-18 13:39:35
54/600090/啤酒花/3.090	23000	3.080	11700	3.070	16000	3.060	20800	3.050	50016	3.100	20032	3.120	3451	3.130	12200	3.140	8500	3.150	50308	/16842808//9771103/3139013/3.09/3.19//2008-9-18 13:40:35
54/600090/啤酒花/3.090	31700	3.080	12700	3.070	16000	3.060	21600	3.050	50016	3.100	3232	3.120	3451	3.130	2200	3.140	7500	3.150	50308	/16842808//9841113/3161613/3.1/3.19//2008-9-18 13:41:36
54/600090/啤酒花/3.100	11400	3.090	31700	3.080	12700	3.070	15000	3.060	22600	3.120	383	3.130	2500	3.140	16500	3.150	50308	3.160	7900	/16842808//9883134/3175113/3.12/3.19//2008-9-18 13:42:36
54/600090/啤酒花/3.120	48717	3.110	3000	3.100	1900	3.090	31000	3.080	12700	3.130	500	3.140	17700	3.150	50308	3.160	7900	3.170	4300	/16842808//9893075/3178296/3.13/3.19//2008-9-18 13:43:37
54/600090/啤酒花/3.150	20092	3.130	1100	3.120	9517	3.100	1600	3.090	31000	3.160	7900	3.170	2000	3.180	36100	3.190	27000	3.200	43800	/16842808//10081055/3238004/3.15/3.19//2008-9-18 13:44:37
54/600090/啤酒花/3.150	22492	3.130	1100	3.120	7517	3.100	1600	3.090	31000	3.160	4900	3.170	12000	3.180	22600	3.190	27000	3.200	46000	/16842808//10121110/3250704/3.16/3.19//2008-9-18 13:45:38
54/600090/啤酒花/3.130	1300	3.120	8417	3.100	1600	3.090	31000	3.080	12700	3.140	300	3.150	4908	3.160	20200	3.170	16000	3.180	23500	/16842808//10248182/3290996/3.15/3.19//2008-9-18 13:46:39
54/600090/啤酒花/3.150	18200	3.140	36600	3.130	4900	3.120	9117	3.100	5700	3.160	20200	3.170	16000	3.180	23500	3.190	29200	3.200	25500	/16842808//10272119/3298596/3.15/3.19//2008-9-18 13:47:39
54/600090/啤酒花/3.160	14200	3.150	133500	3.140	30600	3.130	3700	3.120	8117	3.170	8200	3.180	23500	3.190	28100	3.200	25500	3.210	5700	/16842808//10313791/3311796/3.17/3.19//2008-9-18 13:48:40
54/600090/啤酒花/3.150	136500	3.140	30600	3.130	3700	3.120	8117	3.100	7400	3.160	11200	3.170	1900	3.180	6300	3.190	2800	3.200	25500	/16842808//10384964/3334296/3.16/3.19//2008-9-18 13:49:40
54/600090/啤酒花/3.150	27092	3.140	30600	3.130	3600	3.120	8117	3.110	25000	3.160	15200	3.170	3400	3.180	51500	3.190	2800	3.200	26000	/16842808//10440777/3352004/3.15/3.19//2008-9-18 13:50:41
54/600090/啤酒花/3.140	6200	3.130	600	3.120	8117	3.110	25000	3.100	7200	3.160	17800	3.170	4400	3.180	28500	3.190	2800	3.200	19300	/16842808//10555122/3388304/3.15/3.19//2008-9-18 13:51:41
54/600090/啤酒花/3.130	400	3.120	8117	3.110	25000	3.100	8200	3.090	31100	3.140	1900	3.150	38700	3.160	11100	3.170	7600	3.180	29000	/16842808//10574590/3394504/3.14/3.19//2008-9-18 13:52:42
54/600090/啤酒花/3.110	25000	3.100	8400	3.090	29100	3.080	12700	3.070	15300	3.120	1600	3.130	3200	3.140	200	3.150	14900	3.160	11100	/16842808//10595831/3401304/3.12/3.19//2008-9-18 13:53:42
54/600090/啤酒花/3.110	24000	3.100	12400	3.090	29100	3.080	12900	3.070	15300	3.120	9000	3.130	5500	3.140	200	3.150	10900	3.160	6100	/16842808//10604867/3404204/3.12/3.19//2008-9-18 13:54:43
54/600090/啤酒花/3.110	23900	3.100	10300	3.090	29100	3.080	12900	3.070	15300	3.120	5100	3.130	7100	3.140	700	3.150	10900	3.160	50300	/16842808//10618590/3408604/3.12/3.19//2008-9-18 13:55:44
54/600090/啤酒花/3.120	22600	3.110	23900	3.100	10500	3.090	29100	3.080	12900	3.130	7100	3.140	700	3.150	13600	3.160	50300	3.170	44900	/16842808//10648230/3418104/3.12/3.19//2008-9-18 13:56:44
54/600090/啤酒花/3.150	2800	3.140	1800	3.130	6100	3.120	22700	3.110	23900	3.160	50300	3.170	44900	3.180	27200	3.190	2800	3.200	18000	/16842808//10727325/3443304/3.15/3.19//2008-9-18 13:57:45
54/600090/啤酒花/3.140	1800	3.130	6100	3.120	22700	3.110	23900	3.100	11700	3.150	10200	3.160	49500	3.170	44900	3.180	27200	3.190	2800	/16842808//10739934/3447304/3.15/3.19//2008-9-18 13:58:45
54/600090/啤酒花/3.140	3700	3.130	8100	3.120	22700	3.110	23900	3.100	11500	3.150	8700	3.160	50000	3.170	45100	3.180	27400	3.190	2800	/16842808//10740559/3447504/3.14/3.19//2008-9-18 13:59:46
54/600090/啤酒花/3.140	900	3.130	2000	3.120	23700	3.110	600	3.100	11500	3.150	24400	3.160	1700	3.170	44900	3.180	27400	3.190	2800	/16842808//10838534/3478604/3.16/3.19//2008-9-18 14:0:47
54/600090/啤酒花/3.130	2000	3.120	23700	3.110	600	3.100	11500	3.090	29100	3.140	1900	3.150	5700	3.160	7500	3.170	49500	3.180	24900	/16842808//10822120/3473404/3.14/3.19//2008-9-18 14:1:47
54/600090/啤酒花/3.120	20700	3.110	400	3.100	11500	3.090	29100	3.080	15100	3.130	4500	3.140	6700	3.150	5700	3.160	10100	3.170	44500	/16842808//10844000/3480404/3.12/3.19//2008-9-18 14:2:48
54/600090/啤酒花/3.130	1100	3.120	18100	3.110	400	3.100	11500	3.090	29100	3.140	5700	3.150	5000	3.160	54000	3.170	44500	3.180	25100	/16842808//10856491/3484404/3.13/3.19//2008-9-18 14:3:48
54/600090/啤酒花/3.100	8500	3.090	29100	3.080	15100	3.070	22300	3.060	25600	3.110	6500	3.120	58200	3.140	5700	3.150	5500	3.160	57300	/16842808//10925134/3506404/3.11/3.19//2008-9-18 14:4:49
54/600090/啤酒花/3.100	8500	3.090	29100	3.080	15100	3.070	22300	3.060	21300	3.110	5200	3.120	38800	3.140	5700	3.150	6900	3.160	57300	/16842808//10927933/3507304/3.11/3.19//2008-9-18 14:5:50
54/600090/啤酒花/3.110	5500	3.100	15500	3.090	38200	3.080	15100	3.070	22300	3.120	38800	3.140	5700	3.150	7500	3.160	58200	3.170	44500	/16842808//10946904/3513404/3.11/3.19//2008-9-18 14:6:50
54/600090/啤酒花/3.120	4900	3.110	10400	3.100	10700	3.090	25200	3.080	15100	3.150	4900	3.160	58200	3.170	44500	3.180	26200	3.190	3200	/16842808//11067960/3552204/3.12/3.19//2008-9-18 14:7:51
54/600090/啤酒花/3.120	17200	3.110	3900	3.100	11500	3.090	25200	3.080	15100	3.150	4400	3.160	58200	3.170	6300	3.180	24900	3.190	3200	/16842808//11086140/3558004/3.15/3.19//2008-9-18 14:8:51
54/600090/啤酒花/3.130	10800	3.120	17700	3.110	1900	3.100	14200	3.090	25200	3.150	100	3.160	58200	3.170	6300	3.180	24900	3.190	3200	/16842808//11115435/3567304/3.15/3.19//2008-9-18 14:9:52
54/600090/啤酒花/3.140	6500	3.130	9400	3.120	17500	3.110	4200	3.100	14200	3.160	10900	3.170	6300	3.180	24900	3.190	3400	3.200	22900	/16842808//11131135/3572304/3.14/3.19//2008-9-18 14:10:53
54/600090/啤酒花/3.140	4700	3.130	7900	3.120	17500	3.110	4200	3.100	14400	3.160	10300	3.170	8300	3.180	25100	3.190	3400	3.200	22900	/16842808//11139311/3574904/3.16/3.19//2008-9-18 14:11:53
54/600090/啤酒花/3.160	2400	3.150	7000	3.140	3300	3.130	8100	3.120	18000	3.170	5300	3.180	25100	3.190	3400	3.200	22500	3.210	2600	/16842808//11193007/3591904/3.17/3.19//2008-9-18 14:12:54
54/600090/啤酒花/3.160	7900	3.150	1600	3.140	28000	3.130	700	3.120	18000	3.180	25100	3.190	5200	3.200	22300	3.210	2600	3.220	9300	/16842808//11235767/3605404/3.17/3.19//2008-9-18 14:13:55
54/600090/啤酒花/3.160	8800	3.150	1200	3.140	28000	3.130	700	3.120	17100	3.170	9000	3.180	1600	3.190	5200	3.200	22100	3.210	2600	/16842808//11393095/3654904/3.17/3.19//2008-9-18 14:14:55
54/600090/啤酒花/3.150	1200	3.140	28000	3.130	5200	3.120	4100	3.110	4200	3.160	143830	3.170	9000	3.180	5300	3.190	5200	3.200	18400	/16842808//11464185/3677404/3.16/3.19//2008-9-18 14:15:56
54/600090/啤酒花/3.140	27000	3.130	5200	3.120	3600	3.110	5300	3.100	17700	3.150	1200	3.160	147630	3.180	6300	3.190	5700	3.200	18400	/16842808//11474265/3680604/3.15/3.19//2008-9-18 14:16:56
54/600090/啤酒花/3.150	10000	3.140	26700	3.130	5200	3.120	3600	3.110	6300	3.160	134930	3.180	6300	3.190	12700	3.200	19200	3.210	1900	/16842808//11541172/3701804/3.15/3.19//2008-9-18 14:17:57
54/600090/啤酒花/3.180	4400	3.170	18600	3.160	20270	3.150	38600	3.140	26700	3.190	8900	3.200	17700	3.210	1900	3.220	5500	3.230	5500	/16842808//12032071/3857034/3.19/3.19//2008-9-18 14:18:58
54/600090/啤酒花/3.210	3100	3.200	46800	3.190	1700	3.180	67900	3.170	18900	3.220	4700	3.230	5500	3.240	1100	3.250	41000	3.270	11400	/16842808//12213643/3913934/3.22/3.19//2008-9-18 14:19:58
54/600090/啤酒花/3.230	32400	3.220	44600	3.210	25100	3.200	59600	3.190	1000	3.250	31700	3.260	1100	3.270	11400	3.280	10559	3.290	2800	/16842808//12327501/3949134/3.24/3.19//2008-9-18 14:20:59
54/600090/啤酒花/3.280	1300	3.270	2100	3.260	6500	3.250	17000	3.240	11300	3.290	3900	3.300	24700	3.310	400	3.320	1000	3.330	12500	/16842808//12469137/3992534/3.28/3.19//2008-9-18 14:22:0
54/600090/啤酒花/3.300	11300	3.290	21600	3.280	46400	3.270	41500	3.260	11300	3.310	400	3.320	2000	3.330	12500	3.340	400	3.350	23100	/16842808//12580548/4026334/3.3/3.19//2008-9-18 14:23:0
54/600090/啤酒花/3.300	3700	3.290	9500	3.280	3800	3.270	13900	3.260	6300	3.320	500	3.330	4700	3.340	12900	3.350	25600	3.360	1200	/16842808//12897279/4122234/3.3/3.19//2008-9-18 14:24:1
54/600090/啤酒花/3.300	21200	3.290	7500	3.280	108600	3.270	13900	3.260	6300	3.330	34650	3.340	17400	3.350	25600	3.360	100	3.380	5300	/16842808//12991067/4150434/3.33/3.19//2008-9-18 14:25:2
54/600090/啤酒花/3.300	20800	3.290	6500	3.280	3900	3.270	100	3.260	6300	3.310	13200	3.320	30700	3.330	18700	3.340	12100	3.350	25600	/16842808//13098450/4182834/3.31/3.19//2008-9-18 14:26:2
54/600090/啤酒花/3.260	14900	3.250	2300	3.240	2100	3.230	7000	3.220	500	3.270	12200	3.280	1700	3.290	13000	3.300	36300	3.310	29800	/16842808//13261025/4232134/3.27/3.19//2008-9-18 14:27:3
54/600090/啤酒花/3.230	7000	3.220	1500	3.210	64000	3.200	31000	3.190	1000	3.240	300	3.250	14700	3.260	46900	3.270	6300	3.280	997	/16842808//13333418/4254334/3.24/3.19//2008-9-18 14:28:4
54/600090/啤酒花/3.220	5500	3.210	64000	3.200	30500	3.190	1000	3.180	5100	3.230	6500	3.240	5800	3.250	12800	3.260	10500	3.270	6300	/16842808//13359910/4262534/3.23/3.19//2008-9-18 14:29:4
54/600090/啤酒花/3.220	8700	3.210	50500	3.200	24000	3.190	1000	3.180	5300	3.230	8800	3.240	5700	3.250	8500	3.260	2500	3.270	6300	/16842808//13414599/4279534/3.22/3.19//2008-9-18 14:30:5
54/600090/啤酒花/3.220	21592	3.210	50500	3.200	24000	3.190	1000	3.180	5800	3.230	10699	3.240	5700	3.250	8500	3.260	2500	3.270	6300	/16842808//13433650/4285442/3.23/3.19//2008-9-18 14:31:6
54/600090/啤酒花/3.230	16201	3.220	25692	3.210	50500	3.200	24000	3.190	1000	3.240	1000	3.250	7000	3.260	2500	3.270	5800	3.290	2500	/16842808//13501413/4306440/3.23/3.19//2008-9-18 14:32:6
54/600090/啤酒花/3.240	2900	3.230	26101	3.220	18292	3.210	50500	3.200	24000	3.250	2000	3.260	2500	3.270	5800	3.290	2500	3.300	38100	/16842808//13505669/4307741/3.24/3.19//2008-9-18 14:33:7
54/600090/啤酒花/3.260	7000	3.250	36300	3.240	3400	3.230	7001	3.220	21892	3.270	5800	3.280	500	3.290	11500	3.300	30700	3.310	12200	/16842808//13549639/4321241/3.26/3.19//2008-9-18 14:34:8
54/600090/啤酒花/3.280	1700	3.270	2000	3.260	10000	3.250	8300	3.240	2900	3.290	11700	3.300	26490	3.310	12200	3.320	7400	3.330	21600	/16842808//13580431/4330641/3.28/3.19//2008-9-18 14:35:8
54/600090/啤酒花/3.260	10000	3.250	7300	3.240	2000	3.230	6001	3.220	21392	3.270	2200	3.280	22100	3.290	11700	3.300	26990	3.310	11800	/16842808//13622713/4343541/3.27/3.19//2008-9-18 14:36:9
54/600090/啤酒花/3.240	2000	3.230	6001	3.220	21392	3.210	7900	3.200	25300	3.250	10700	3.260	30500	3.270	2300	3.280	23900	3.290	12200	/16842808//13666706/4357041/3.25/3.19//2008-9-18 14:37:10
54/600090/啤酒花/3.240	2000	3.220	17792	3.210	7900	3.200	25600	3.190	1000	3.250	18000	3.260	32000	3.270	2300	3.280	23900	3.290	13200	/16842808//13677106/4360241/3.25/3.19//2008-9-18 14:38:10
54/600090/啤酒花/3.220	17692	3.210	7900	3.200	25600	3.190	1000	3.180	7600	3.240	9989	3.250	19700	3.260	31000	3.270	2300	3.280	23900	/16842808//13690712/4364441/3.22/3.19//2008-9-18 14:39:11
54/600090/啤酒花/3.220	303	3.210	8900	3.200	25600	3.190	1000	3.180	7600	3.240	3900	3.250	17400	3.260	30500	3.270	2300	3.280	25400	/16842808//13735544/4378330/3.22/3.19//2008-9-18 14:40:12
54/600090/啤酒花/3.210	8900	3.200	25100	3.190	1000	3.180	7600	3.170	49300	3.220	4697	3.230	2000	3.240	40900	3.250	17400	3.260	30500	/16842808//13736520/4378633/3.22/3.19//2008-9-18 14:41:12
54/600090/啤酒花/3.220	98113	3.210	17900	3.200	25100	3.190	1000	3.180	6100	3.230	3000	3.240	40800	3.250	17400	3.260	30500	3.270	2300	/16842808//13753222/4383820/3.22/3.19//2008-9-18 14:42:13
54/600090/啤酒花/3.230	3100	3.220	96913	3.210	17900	3.200	25100	3.190	1000	3.240	5800	3.250	13600	3.260	30500	3.270	2300	3.280	26400	/16842808//13832989/4408520/3.23/3.19//2008-9-18 14:43:14
54/600090/啤酒花/3.230	9400	3.220	100113	3.210	17900	3.200	27100	3.190	1000	3.240	2500	3.250	31600	3.260	30500	3.270	2300	3.280	27400	/16842808//13821416/4404920/3.23/3.19//2008-9-18 14:44:14
54/600090/啤酒花/3.230	12400	3.220	100113	3.210	18100	3.200	24400	3.190	1000	3.240	2500	3.250	13400	3.260	30500	3.270	2300	3.280	27400	/16842808//13821416/4404920/3.23/3.19//2008-9-18 14:45:15
54/600090/啤酒花/3.220	100113	3.210	18100	3.200	25000	3.190	1000	3.180	6100	3.230	3154	3.250	27400	3.260	30500	3.270	2300	3.280	18600	/16842808//13925182/4437020/3.23/3.19//2008-9-18 14:46:16
54/600090/啤酒花/3.220	89913	3.210	18100	3.200	25000	3.190	1000	3.180	1000	3.230	6954	3.240	15000	3.250	28200	3.260	30500	3.270	2300	/16842808//13985724/4455820/3.23/3.19//2008-9-18 14:47:16
54/600090/啤酒花/3.220	56313	3.210	10200	3.200	25000	3.190	1000	3.180	1000	3.230	23854	3.240	20000	3.250	13200	3.260	30500	3.270	2300	/16842808//14068156/4481420/3.22/3.19//2008-9-18 14:48:17
54/600090/啤酒花/3.210	10200	3.200	25000	3.190	1000	3.180	1000	3.170	49300	3.220	59587	3.230	23454	3.240	15000	3.250	27700	3.260	30500	/16842808//14249484/4537733/3.22/3.19//2008-9-18 14:49:18
54/600090/啤酒花/3.190	1000	3.180	2000	3.170	49300	3.160	4100	3.150	24800	3.200	9200	3.210	36400	3.220	36187	3.230	19954	3.240	15000	/16842808//14368627/4574933/3.2/3.19//2008-9-18 14:50:18
54/600090/啤酒花/3.180	2400	3.170	49300	3.160	4100	3.150	25700	3.130	5500	3.190	6900	3.200	25700	3.210	26400	3.220	5700	3.230	18754	/16842808//14384545/4579933/3.18/3.19//2008-9-18 14:51:19
54/600090/啤酒花/3.170	49300	3.160	4100	3.150	25900	3.130	6800	3.120	300	3.180	2300	3.190	4300	3.200	25700	3.210	23400	3.220	5700	/16842808//14405215/4586433/3.18/3.19//2008-9-18 14:52:20
54/600090/啤酒花/3.180	1200	3.170	45200	3.160	4100	3.150	25900	3.130	6800	3.190	3400	3.200	25700	3.210	22400	3.220	2700	3.230	18454	/16842808//14435107/4595833/3.17/3.19//2008-9-18 14:53:21
54/600090/啤酒花/3.170	48600	3.160	24100	3.150	29300	3.130	6800	3.120	10700	3.200	26000	3.210	18400	3.220	2700	3.230	18454	3.240	200	/16842808//14471384/4607233/3.17/3.19//2008-9-18 14:54:21
54/600090/啤酒花/3.190	500	3.180	24600	3.170	59900	3.160	24300	3.150	29700	3.200	4000	3.210	18400	3.220	3200	3.230	18254	3.240	1800	/16842808//14577836/4640533/3.18/3.19//2008-9-18 14:55:22
54/600090/啤酒花/3.190	10100	3.180	25500	3.170	55500	3.160	25200	3.150	30900	3.200	1470	3.210	12200	3.220	4200	3.230	18254	3.240	24800	/16842808//14632232/4657533/3.2/3.19//2008-9-18 14:56:23
54/600090/啤酒花/3.190	15500	3.180	25500	3.170	51700	3.160	25200	3.150	30900	3.200	6470	3.210	12200	3.220	10900	3.230	18554	3.240	24800	/16842808//14734292/4689433/3.2/3.19//2008-9-18 14:57:23
54/600090/啤酒花/3.180	25500	3.170	51700	3.160	25200	3.150	26800	3.130	7500	3.200	21070	3.210	12500	3.220	10800	3.230	18554	3.240	24800	/16842808//14887323/4737333/3.2/3.19//2008-9-18 14:58:24
54/600090/啤酒花/3.200	7930	3.190	4400	3.180	10600	3.170	51400	3.160	22000	3.210	4400	3.220	10900	3.230	18554	3.240	4800	3.250	27500	/16842808//15071308/4794803/3.21/3.19//2008-9-18 14:59:25
54/600090/啤酒花/3.200	8130	3.190	7400	3.180	11800	3.170	51400	3.160	22000	3.210	1400	3.220	8300	3.230	18554	3.240	5400	3.250	27500	/16842808//15106644/4805803/3.21/3.19//2008-9-18 15:0:26
54/600090/啤酒花/3.200	8130	3.190	7400	3.180	11800	3.170	51400	3.160	22000	3.210	1400	3.220	8300	3.230	18554	3.240	5400	3.250	27500	/16842808//15106644/4805803/3.21/3.19//2008-9-18 15:1:26
54/600090/啤酒花/3.200	8130	3.190	7400	3.180	11800	3.170	51400	3.160	22000	3.210	1400	3.220	8300	3.230	18554	3.240	5400	3.250	27500	/16842808//15106644/4805803/3.21/3.19//2008-9-18 15:2:27
