713/600020/中原高速/2.780	3325	2.760	9347	2.750	12200	2.740	9300	2.730	4000	2.790	9200	2.800	11545	2.810	28300	2.820	9540	2.830	7000	/16843498//592521/213228/2.78/2.82//2008-9-18 9:31:34
713/600020/中原高速/2.760	10347	2.750	13200	2.740	9800	2.730	6000	2.720	11700	2.770	2000	2.780	4725	2.790	4400	2.800	11545	2.810	28300	/16843498//616806/221953/2.77/2.82//2008-9-18 9:32:35
713/600020/中原高速/2.760	11347	2.750	11700	2.740	9800	2.730	9100	2.720	11700	2.770	3150	2.780	2425	2.790	9000	2.800	11545	2.810	28300	/16843498//647568/233053/2.77/2.82//2008-9-18 9:33:35
713/600020/中原高速/2.760	1797	2.750	112200	2.740	9800	2.730	14400	2.720	11700	2.780	1425	2.790	9000	2.800	11545	2.810	28300	2.820	10540	/16843498//709585/255503/2.76/2.82//2008-9-18 9:34:35
713/600020/中原高速/2.750	145200	2.740	9800	2.730	10900	2.720	14800	2.710	20400	2.760	7103	2.770	1270	2.780	1000	2.790	9000	2.800	11545	/16843498//722323/260100/2.76/2.82//2008-9-18 9:35:35
713/600020/中原高速/2.750	130940	2.740	12800	2.730	11200	2.720	14800	2.710	20900	2.760	1403	2.770	1270	2.780	1000	2.790	9000	2.800	16545	/16843498//795201/286560/2.76/2.82//2008-9-18 9:36:36
713/600020/中原高速/2.760	4900	2.750	99677	2.740	12800	2.730	11300	2.720	15000	2.780	4900	2.790	14000	2.800	15445	2.810	29200	2.820	15540	/16843498//902712/325623/2.76/2.82//2008-9-18 9:37:36
713/600020/中原高速/2.760	4470	2.750	105177	2.740	13800	2.730	11300	2.720	11900	2.770	1005	2.780	7900	2.790	14000	2.800	15445	2.810	29200	/16843498//934452/337123/2.76/2.82//2008-9-18 9:38:36
713/600020/中原高速/2.750	90077	2.740	13800	2.730	11300	2.720	11900	2.710	20900	2.760	17195	2.770	11005	2.780	7900	2.790	14000	2.800	15545	/16843498//999427/360723/2.76/2.82//2008-9-18 9:39:36
713/600020/中原高速/2.750	98077	2.740	14800	2.730	11000	2.720	13300	2.710	20900	2.760	19595	2.770	11005	2.780	8900	2.790	14000	2.800	15545	/16843498//1005209/362823/2.76/2.82//2008-9-18 9:40:36
713/600020/中原高速/2.760	17905	2.750	96577	2.740	14800	2.730	7000	2.720	13600	2.770	9405	2.780	8900	2.790	14000	2.800	15545	2.810	29200	/16843498//1099604/397018/2.76/2.82//2008-9-18 9:41:37
713/600020/中原高速/2.750	99877	2.740	18200	2.730	8200	2.720	18600	2.710	20900	2.760	18095	2.770	4505	2.780	8900	2.790	14000	2.800	23245	/16843498//1171426/423023/2.76/2.82//2008-9-18 9:42:37
713/600020/中原高速/2.760	38220	2.750	42177	2.740	18200	2.730	8200	2.720	18600	2.770	2505	2.780	13900	2.790	14000	2.800	23245	2.810	29200	/16843498//1433780/518303/2.76/2.82//2008-9-18 9:43:37
713/600020/中原高速/2.770	500	2.760	33860	2.750	50177	2.740	18200	2.730	9200	2.780	8690	2.790	14000	2.800	23245	2.810	29200	2.820	15540	/16843498//1478600/534463/2.78/2.82//2008-9-18 9:44:37
713/600020/中原高速/2.770	11937	2.760	56060	2.750	50377	2.740	17700	2.730	9200	2.780	5390	2.790	15000	2.800	43345	2.810	29200	2.820	14540	/16843498//1499315/541926/2.78/2.82//2008-9-18 9:45:37
713/600020/中原高速/2.760	26200	2.750	58877	2.740	17700	2.730	9200	2.720	18400	2.770	9598	2.780	2490	2.790	16700	2.800	43245	2.810	29200	/16843498//1557627/562963/2.77/2.82//2008-9-18 9:46:38
713/600020/中原高速/2.770	5402	2.760	27100	2.750	57777	2.740	17700	2.730	10200	2.780	6890	2.790	16700	2.800	43245	2.810	29200	2.820	14540	/16843498//1585877/573161/2.78/2.82//2008-9-18 9:47:38
713/600020/中原高速/2.780	5012	2.760	31300	2.750	61277	2.740	17700	2.730	10400	2.790	16700	2.800	43145	2.810	29200	2.820	14540	2.830	10000	/16843498//1624394/587039/2.78/2.82//2008-9-18 9:48:38
713/600020/中原高速/2.770	300	2.760	26512	2.750	62477	2.740	17700	2.730	10400	2.780	85700	2.800	69165	2.810	29200	2.820	14540	2.830	10000	/16843498//1821843/657851/2.78/2.82//2008-9-18 9:49:39
713/600020/中原高速/2.780	500	2.770	4300	2.760	33512	2.750	62977	2.740	17700	2.790	50100	2.800	70365	2.810	29300	2.820	14640	2.830	10100	/16843498//1792267/647251/2.78/2.82//2008-9-18 9:50:39
713/600020/中原高速/2.760	33512	2.750	74977	2.740	19000	2.730	6800	2.720	18400	2.770	1380	2.780	7500	2.790	53000	2.800	72465	2.810	29300	/16843498//1850725/668351/2.78/2.82//2008-9-18 9:51:39
713/600020/中原高速/2.770	8620	2.760	28912	2.750	75977	2.740	19000	2.730	7800	2.780	7000	2.790	53000	2.800	71165	2.810	29300	2.820	14640	/16843498//1855101/669931/2.77/2.82//2008-9-18 9:52:39
713/600020/中原高速/2.770	3320	2.760	11700	2.750	76477	2.740	19000	2.730	7800	2.780	20425	2.790	53000	2.800	71165	2.810	29300	2.820	12755	/16843498//1869782/675231/2.77/2.82//2008-9-18 9:53:40
713/600020/中原高速/2.760	11000	2.750	76477	2.740	17700	2.730	12800	2.720	33600	2.770	7165	2.780	20325	2.790	50400	2.800	72065	2.810	29300	/16843498//1896931/685051/2.76/2.82//2008-9-18 9:54:40
713/600020/中原高速/2.760	10300	2.750	75477	2.740	17700	2.730	12800	2.720	33600	2.770	21865	2.780	23585	2.790	50400	2.800	72365	2.810	29300	/16843498//1909643/689651/2.76/2.82//2008-9-18 9:55:40
713/600020/中原高速/2.760	2685	2.750	61277	2.740	17700	2.730	13300	2.720	33600	2.770	21865	2.780	26885	2.790	50400	2.800	76965	2.810	29300	/16843498//1958636/707366/2.76/2.82//2008-9-18 9:56:41
713/600020/中原高速/2.760	5927	2.750	61277	2.740	17700	2.730	13300	2.720	34100	2.770	22065	2.780	26685	2.790	50400	2.800	77765	2.810	29300	/16843498//1963488/709124/2.76/2.82//2008-9-18 9:57:41
713/600020/中原高速/2.760	9177	2.750	61277	2.740	17700	2.730	13300	2.720	34100	2.770	22045	2.780	26685	2.790	50400	2.800	77265	2.810	29300	/16843498//1985168/716974/2.77/2.82//2008-9-18 9:58:41
713/600020/中原高速/2.760	21236	2.750	61277	2.740	9700	2.730	13300	2.720	34100	2.770	22045	2.780	19537	2.790	50400	2.800	77265	2.810	29300	/16843498//2022541/730515/2.76/2.82//2008-9-18 9:59:41
713/600020/中原高速/2.750	64777	2.740	9700	2.730	13300	2.720	34900	2.710	25300	2.760	3339	2.770	22045	2.780	19537	2.790	50400	2.800	77265	/16843498//2096609/757351/2.76/2.82//2008-9-18 10:0:42
713/600020/中原高速/2.760	110161	2.750	61677	2.740	9700	2.730	13500	2.720	38900	2.770	40945	2.780	19537	2.790	50400	2.800	122040	2.810	29300	/16843498//2201856/795390/2.76/2.82//2008-9-18 10:1:42
713/600020/中原高速/2.760	110216	2.750	61677	2.740	9700	2.730	14500	2.720	38900	2.770	38245	2.780	19537	2.790	53950	2.800	122040	2.810	29300	/16843498//2208357/797735/2.77/2.76//2008-9-18 10:2:42
713/600020/中原高速/2.760	86006	2.750	60677	2.740	9700	2.730	14000	2.720	38900	2.770	45745	2.780	19537	2.790	53850	2.800	122040	2.810	29300	/16843498//2277669/822845/2.76/2.76//2008-9-18 10:3:42
713/600020/中原高速/2.760	34746	2.750	65777	2.740	9700	2.730	14000	2.720	38900	2.770	53793	2.780	14737	2.790	53850	2.800	122040	2.810	29300	/16843498//2424954/876205/2.76/2.76//2008-9-18 10:4:43
713/600020/中原高速/2.750	62777	2.740	9700	2.730	14000	2.720	38900	2.710	25600	2.760	69154	2.770	39145	2.780	14737	2.790	51950	2.800	122140	/16843498//2558083/924451/2.76/2.76//2008-9-18 10:5:43
713/600020/中原高速/2.750	38492	2.740	9700	2.730	14000	2.720	38900	2.710	25600	2.760	67754	2.770	39145	2.780	14237	2.790	51950	2.800	122140	/16843498//2630386/950736/2.75/2.76//2008-9-18 10:6:43
713/600020/中原高速/2.750	12	2.740	9700	2.730	14300	2.720	38900	2.710	25600	2.760	64669	2.770	45125	2.780	14237	2.790	51950	2.800	122140	/16843498//2735107/988816/2.75/2.76//2008-9-18 10:7:44
713/600020/中原高速/2.730	25785	2.720	39300	2.710	27100	2.700	56600	2.680	18900	2.740	2600	2.750	35043	2.760	54669	2.770	45125	2.780	14237	/16843498//2918887/1055943/2.73/2.76//2008-9-18 10:8:44
713/600020/中原高速/2.730	9800	2.720	43300	2.710	45100	2.700	58200	2.690	1500	2.740	28550	2.750	62468	2.760	54669	2.770	45125	2.780	14437	/16843498//2967075/1073543/2.74/2.76//2008-9-18 10:9:44
713/600020/中原高速/2.730	13630	2.720	64300	2.710	47100	2.700	56800	2.690	2500	2.740	21650	2.750	63893	2.760	51169	2.770	45125	2.780	14437	/16843498//3122716/1130413/2.74/2.76//2008-9-18 10:10:44
713/600020/中原高速/2.740	950	2.730	30730	2.720	74300	2.710	50200	2.700	56800	2.750	64393	2.760	52169	2.770	45125	2.780	15437	2.790	51950	/16843498//3204423/1160263/2.74/2.76//2008-9-18 10:11:45
713/600020/中原高速/2.730	33980	2.720	74300	2.710	50200	2.700	57100	2.690	5000	2.740	2200	2.750	62393	2.760	52169	2.770	45125	2.780	15437	/16843498//3263837/1181963/2.74/2.76//2008-9-18 10:12:45
713/600020/中原高速/2.730	45780	2.720	74300	2.710	42200	2.700	57100	2.690	5000	2.740	4000	2.750	39393	2.760	53669	2.770	45125	2.780	17437	/16843498//3324621/1204063/2.73/2.76//2008-9-18 10:13:45
713/600020/中原高速/2.740	25300	2.730	50856	2.720	74300	2.710	42200	2.700	57100	2.750	57028	2.760	52169	2.770	45125	2.780	17437	2.790	51950	/16843498//3351511/1213887/2.75/2.76//2008-9-18 10:14:46
713/600020/中原高速/2.730	45356	2.720	75300	2.710	42200	2.700	59100	2.690	5000	2.740	77150	2.750	48328	2.760	49169	2.770	45125	2.780	17437	/16843498//3435081/1244387/2.74/2.76//2008-9-18 10:15:46
713/600020/中原高速/2.730	45056	2.720	75500	2.710	42200	2.700	59100	2.690	5000	2.740	63250	2.750	48328	2.760	49169	2.770	45125	2.780	22437	/16843498//3450973/1250187/2.74/2.76//2008-9-18 10:16:46
713/600020/中原高速/2.730	41601	2.720	75500	2.710	42200	2.700	60100	2.690	5000	2.740	49750	2.750	48328	2.760	49169	2.770	45125	2.780	22437	/16843498//3505858/1270242/2.74/2.76//2008-9-18 10:17:47
713/600020/中原高速/2.730	40701	2.720	70500	2.710	42200	2.700	56800	2.690	5000	2.740	102328	2.750	48728	2.760	36615	2.770	45125	2.780	22437	/16843498//3531057/1279442/2.74/2.76//2008-9-18 10:18:47
713/600020/中原高速/2.730	26292	2.720	67500	2.710	42200	2.700	54200	2.690	5400	2.740	78128	2.750	49928	2.760	36615	2.770	39145	2.780	22437	/16843498//3636964/1318151/2.74/2.76//2008-9-18 10:19:47
713/600020/中原高速/2.730	18417	2.720	67500	2.710	42700	2.700	57200	2.690	5400	2.740	11028	2.750	50428	2.760	35615	2.770	39145	2.780	22437	/16843498//3858057/1398926/2.74/2.76//2008-9-18 10:20:48
713/600020/中原高速/2.740	7672	2.730	83917	2.720	67500	2.710	42700	2.700	57000	2.750	43428	2.760	37545	2.770	3000	2.780	22437	2.790	54450	/16843498//3909716/1417754/2.75/2.76//2008-9-18 10:21:48
713/600020/中原高速/2.750	6294	2.740	3400	2.730	83917	2.720	68200	2.710	42700	2.760	37545	2.770	3000	2.780	22437	2.790	54450	2.800	150890	/16843498//4083806/1481132/2.75/2.76//2008-9-18 10:22:48
713/600020/中原高速/2.730	84117	2.720	68200	2.710	42700	2.700	57000	2.690	5400	2.740	25745	2.750	9296	2.760	36345	2.770	8000	2.780	22137	/16843498//4129610/1497826/2.74/2.76//2008-9-18 10:23:48
713/600020/中原高速/2.730	78312	2.720	68200	2.710	42700	2.700	52000	2.690	5400	2.740	20145	2.750	14296	2.760	34415	2.770	8000	2.780	24067	/16843498//4146879/1504131/2.74/2.76//2008-9-18 10:24:49
713/600020/中原高速/2.730	80912	2.720	68200	2.710	42700	2.700	53400	2.690	5400	2.740	11345	2.750	14596	2.760	47610	2.770	8200	2.780	24412	/16843498//4170991/1512931/2.74/2.76//2008-9-18 10:25:49
713/600020/中原高速/2.730	80647	2.720	69200	2.710	47700	2.700	54400	2.690	5400	2.740	4245	2.750	14596	2.760	47610	2.770	8200	2.780	24412	/16843498//4193898/1521296/2.73/2.76//2008-9-18 10:26:49
713/600020/中原高速/2.740	100	2.730	81702	2.720	68500	2.710	48700	2.700	54900	2.750	14796	2.760	47610	2.770	8200	2.780	24412	2.790	54550	/16843498//4210178/1527241/2.73/2.76//2008-9-18 10:27:50
713/600020/中原高速/2.740	1300	2.730	84102	2.720	68500	2.710	49700	2.700	55400	2.750	13796	2.760	47610	2.770	13200	2.780	24412	2.790	54550	/16843498//4235437/1536441/2.74/2.76//2008-9-18 10:28:50
713/600020/中原高速/2.740	1100	2.730	85102	2.720	68500	2.710	44700	2.700	55800	2.750	13296	2.760	47610	2.770	13200	2.780	24412	2.790	54550	/16843498//4262299/1546241/2.74/2.76//2008-9-18 10:29:50
713/600020/中原高速/2.730	82202	2.720	68500	2.710	47700	2.700	55800	2.690	5400	2.740	6400	2.750	13296	2.760	47610	2.770	13200	2.780	24412	/16843498//4271341/1549541/2.74/2.76//2008-9-18 10:30:51
713/600020/中原高速/2.730	80702	2.720	68500	2.710	47700	2.700	55800	2.690	5400	2.740	8400	2.750	13796	2.760	47610	2.770	13200	2.780	24412	/16843498//4273533/1550341/2.74/2.76//2008-9-18 10:31:51
713/600020/中原高速/2.730	50876	2.720	69500	2.710	47700	2.700	56800	2.690	5400	2.740	13750	2.750	14426	2.760	48882	2.770	13200	2.780	24412	/16843498//4364548/1583667/2.73/2.76//2008-9-18 10:32:51
713/600020/中原高速/2.730	43676	2.720	69500	2.710	47700	2.700	59800	2.690	5400	2.740	5900	2.750	14426	2.760	48882	2.770	13200	2.780	24412	/16843498//4391575/1593567/2.73/2.76//2008-9-18 10:33:52
713/600020/中原高速/2.730	29276	2.720	69500	2.710	47700	2.700	59600	2.690	5400	2.740	20220	2.750	13926	2.760	48882	2.770	13200	2.780	24412	/16843498//4452796/1615967/2.74/2.76//2008-9-18 10:34:52
713/600020/中原高速/2.730	26776	2.720	69500	2.710	48700	2.700	65100	2.690	5400	2.740	13220	2.750	15926	2.760	48882	2.770	13200	2.780	124412	/16843498//4477436/1624967/2.74/2.76//2008-9-18 10:35:52
713/600020/中原高速/2.730	26216	2.720	69500	2.710	48700	2.700	65300	2.690	5400	2.740	43620	2.750	15926	2.760	52482	2.770	13200	2.780	24412	/16843498//4479239/1625627/2.73/2.76//2008-9-18 10:36:53
713/600020/中原高速/2.720	69700	2.710	48700	2.700	65300	2.690	5400	2.680	58100	2.730	11184	2.740	6420	2.750	19826	2.760	52482	2.770	13200	/16843498//4587227/1665143/2.73/2.76//2008-9-18 10:37:53
713/600020/中原高速/2.720	69500	2.710	48200	2.700	65300	2.690	5400	2.680	58100	2.730	161830	2.740	6520	2.750	19826	2.760	60482	2.770	13200	/16843498//4591595/1666743/2.73/2.76//2008-9-18 10:38:53
713/600020/中原高速/2.720	46000	2.710	48200	2.700	65400	2.690	7000	2.680	58100	2.730	172130	2.740	6520	2.750	20616	2.760	68712	2.770	13200	/16843498//4664223/1693443/2.72/2.76//2008-9-18 10:39:54
713/600020/中原高速/2.720	43800	2.710	54400	2.700	66000	2.690	12000	2.680	59000	2.730	171730	2.740	6520	2.750	17616	2.760	68712	2.770	13200	/16843498//4701219/1707043/2.72/2.76//2008-9-18 10:40:54
713/600020/中原高速/2.720	27610	2.710	50400	2.700	64500	2.690	12000	2.680	60000	2.730	171030	2.740	6520	2.750	17616	2.760	68712	2.770	13200	/16843498//4746080/1723533/2.72/2.76//2008-9-18 10:41:54
713/600020/中原高速/2.720	26610	2.710	57400	2.700	64500	2.690	12000	2.680	89700	2.730	167630	2.740	6520	2.750	17616	2.760	68712	2.770	13200	/16843498//4794086/1741133/2.73/2.76//2008-9-18 10:42:55
713/600020/中原高速/2.720	2210	2.710	57700	2.700	70200	2.690	12000	2.680	88700	2.730	183030	2.740	6520	2.750	17616	2.760	68712	2.770	13200	/16843498//4879560/1772533/2.72/2.76//2008-9-18 10:43:55
713/600020/中原高速/2.710	57400	2.700	70200	2.690	32000	2.680	88700	2.670	6000	2.720	1975	2.730	162430	2.740	6520	2.750	16616	2.760	68712	/16843498//4922566/1788343/2.71/2.76//2008-9-18 10:44:56
713/600020/中原高速/2.710	29850	2.700	70000	2.690	32000	2.680	89700	2.670	6000	2.720	450	2.730	162430	2.740	6520	2.750	16616	2.760	147212	/16843498//5002944/1817993/2.72/2.76//2008-9-18 10:45:56
713/600020/中原高速/2.710	3464	2.700	70000	2.690	32000	2.680	88700	2.670	6000	2.720	13700	2.730	162430	2.740	6520	2.750	16616	2.760	147212	/16843498//5087193/1849079/2.71/2.76//2008-9-18 10:46:56
713/600020/中原高速/2.700	67459	2.690	29700	2.680	88700	2.670	6000	2.660	36500	2.710	2400	2.720	7760	2.730	23145	2.740	6620	2.750	16616	/16843498//5161425/1876484/2.72/2.76//2008-9-18 10:47:57
713/600020/中原高速/2.700	68944	2.690	29700	2.680	89000	2.670	1000	2.660	36500	2.710	12900	2.720	2860	2.730	23145	2.740	7620	2.750	16616	/16843498//5189919/1886999/2.71/2.76//2008-9-18 10:48:57
713/600020/中原高速/2.700	43629	2.690	30100	2.680	89000	2.670	1000	2.660	36500	2.710	34200	2.720	2860	2.730	21145	2.740	8120	2.750	16916	/16843498//5263126/1914114/2.7/2.76//2008-9-18 10:49:57
713/600020/中原高速/2.690	28900	2.680	69000	2.670	1000	2.660	35500	2.650	23800	2.700	156601	2.710	17200	2.720	2860	2.730	21145	2.740	8720	/16843498//5428303/1975243/2.7/2.76//2008-9-18 10:50:58
713/600020/中原高速/2.680	46900	2.670	2000	2.660	35500	2.650	24100	2.640	1300	2.690	37215	2.700	151601	2.710	17200	2.720	10860	2.730	21145	/16843498//5625891/2048743/2.69/2.76//2008-9-18 10:51:58
713/600020/中原高速/2.680	26400	2.670	21000	2.660	35300	2.650	22800	2.640	1300	2.690	45322	2.700	6971	2.710	17200	2.720	10860	2.730	21145	/16843498//5696971/2075243/2.69/2.76//2008-9-18 10:52:58
713/600020/中原高速/2.670	11003	2.660	35800	2.650	23100	2.640	6300	2.630	5300	2.680	98320	2.690	27815	2.700	6971	2.710	17200	2.720	10860	/16843498//5853321/2133640/2.68/2.76//2008-9-18 10:53:59
713/600020/中原高速/2.660	33230	2.650	23100	2.640	13300	2.630	15300	2.620	15000	2.670	16327	2.680	101830	2.690	27215	2.700	6971	2.710	17200	/16843498//5967761/2176513/2.67/2.76//2008-9-18 10:54:59
713/600020/中原高速/2.670	9581	2.660	41230	2.650	23100	2.640	13300	2.630	15300	2.680	95330	2.690	27215	2.700	11971	2.710	17200	2.720	10860	/16843498//6048469/2206732/2.68/2.76//2008-9-18 10:56:0
713/600020/中原高速/2.660	42211	2.650	24400	2.640	13300	2.630	19600	2.620	15000	2.670	1700	2.680	91960	2.690	27215	2.700	11971	2.710	17200	/16843498//6176063/2254532/2.67/2.76//2008-9-18 10:57:0
713/600020/中原高速/2.660	46611	2.650	34200	2.640	13300	2.630	19600	2.620	15200	2.670	24300	2.680	91960	2.690	27215	2.700	13236	2.710	17200	/16843498//6199811/2263432/2.66/2.76//2008-9-18 10:58:0
713/600020/中原高速/2.660	16311	2.650	34200	2.640	13300	2.630	19600	2.620	15200	2.670	33300	2.680	3630	2.690	27215	2.700	8236	2.710	17200	/16843498//6318049/2307832/2.67/2.76//2008-9-18 10:59:1
713/600020/中原高速/2.650	34200	2.640	13300	2.630	22100	2.620	15200	2.610	13700	2.660	77161	2.670	36200	2.680	19200	2.690	27215	2.700	8811	/16843498//6491776/2373143/2.66/2.76//2008-9-18 11:0:1
713/600020/中原高速/2.650	15000	2.640	13300	2.630	22100	2.620	15200	2.610	13700	2.660	69891	2.670	36200	2.680	19200	2.690	27215	2.700	8811	/16843498//6588805/2409743/2.65/2.76//2008-9-18 11:1:2
713/600020/中原高速/2.640	61800	2.630	57900	2.620	15200	2.610	14500	2.600	67100	2.650	6675	2.660	18872	2.670	32000	2.680	21300	2.690	27215	/16843498//6645524/2431143/2.65/2.76//2008-9-18 11:2:2
713/600020/中原高速/2.640	33886	2.630	57700	2.620	15000	2.610	14500	2.600	66400	2.660	15675	2.670	16100	2.680	21300	2.690	27215	2.700	9311	/16843498//6772477/2479157/2.66/2.76//2008-9-18 11:3:2
713/600020/中原高速/2.650	11700	2.640	23296	2.630	57200	2.620	16300	2.610	15600	2.660	26105	2.670	16100	2.680	21300	2.690	27215	2.700	9311	/16843498//6836739/2503447/2.65/2.76//2008-9-18 11:4:3
713/600020/中原高速/2.650	25825	2.640	54396	2.630	57200	2.620	16300	2.610	13100	2.660	17705	2.670	16100	2.680	21300	2.690	30215	2.700	9311	/16843498//6878027/2519022/2.65/2.76//2008-9-18 11:5:3
713/600020/中原高速/2.650	29225	2.640	24396	2.630	57200	2.620	16300	2.610	13100	2.660	7005	2.670	16100	2.680	21300	2.690	30215	2.700	9311	/16843498//6907294/2530022/2.65/2.76//2008-9-18 11:6:4
713/600020/中原高速/2.660	22995	2.650	30025	2.640	19296	2.630	57300	2.620	16600	2.670	8000	2.680	21300	2.690	30215	2.700	9311	2.710	17200	/16843498//6950746/2546327/2.67/2.76//2008-9-18 11:7:4
713/600020/中原高速/2.660	24845	2.650	35025	2.640	19296	2.630	58300	2.620	16600	2.670	34500	2.680	21300	2.690	26215	2.700	9311	2.710	17200	/16843498//6993024/2562177/2.67/2.76//2008-9-18 11:8:4
713/600020/中原高速/2.660	13940	2.650	35025	2.640	20296	2.630	55800	2.620	16700	2.670	7790	2.680	23390	2.690	26215	2.700	10111	2.710	117200	/16843498//7179827/2632182/2.67/2.76//2008-9-18 11:9:5
713/600020/中原高速/2.680	29010	2.670	1210	2.660	15540	2.650	35025	2.640	19296	2.690	26215	2.700	7111	2.710	17200	2.720	17060	2.730	13100	/16843498//7277195/2668562/2.68/2.76//2008-9-18 11:10:5
713/600020/中原高速/2.680	26410	2.670	2110	2.660	15840	2.650	35225	2.640	19296	2.690	26215	2.700	4211	2.710	17200	2.720	17060	2.730	13100	/16843498//7303459/2678362/2.68/2.76//2008-9-18 11:11:6
713/600020/中原高速/2.680	18200	2.670	2010	2.660	19740	2.650	35725	2.640	19296	2.690	25360	2.700	5711	2.710	17200	2.720	17060	2.730	16100	/16843498//7317434/2683572/2.68/2.76//2008-9-18 11:12:6
713/600020/中原高速/2.660	11690	2.650	35725	2.640	19296	2.630	55800	2.620	16600	2.670	2590	2.680	10570	2.690	45360	2.700	7711	2.710	17700	/16843498//7393257/2711932/2.66/2.76//2008-9-18 11:13:7
713/600020/中原高速/2.650	35835	2.640	23296	2.630	55800	2.620	18600	2.610	16500	2.670	2490	2.680	10650	2.690	45360	2.700	11711	2.710	17700	/16843498//7425390/2724012/2.65/2.76//2008-9-18 11:14:7
713/600020/中原高速/2.670	15410	2.660	16000	2.650	39235	2.640	23296	2.630	55800	2.680	20650	2.690	45360	2.700	12711	2.710	17700	2.720	17100	/16843498//7443750/2730892/2.67/2.76//2008-9-18 11:15:7
713/600020/中原高速/2.670	12245	2.660	16900	2.650	47635	2.640	23296	2.630	56400	2.690	45360	2.700	13861	2.710	17700	2.720	17100	2.730	16100	/16843498//7526929/2761967/2.67/2.76//2008-9-18 11:16:8
713/600020/中原高速/2.670	7700	2.660	19100	2.650	45435	2.640	23296	2.630	56400	2.690	46360	2.700	13861	2.710	17700	2.720	17100	2.730	16100	/16843498//7544551/2768567/2.67/2.76//2008-9-18 11:17:8
713/600020/中原高速/2.670	25640	2.660	22100	2.650	45435	2.640	23296	2.630	56400	2.690	45560	2.700	13861	2.710	17700	2.720	17100	2.730	16100	/16843498//7553295/2771827/2.67/2.76//2008-9-18 11:18:9
713/600020/中原高速/2.670	20040	2.660	22100	2.650	45335	2.640	23296	2.630	56400	2.680	5600	2.690	25560	2.700	13861	2.710	17700	2.720	17479	/16843498//7564503/2776027/2.67/2.76//2008-9-18 11:19:9
713/600020/中原高速/2.660	19100	2.650	45335	2.640	23296	2.630	56400	2.620	20100	2.670	16760	2.680	5600	2.690	25560	2.700	14176	2.710	17700	/16843498//7618009/2796067/2.67/2.76//2008-9-18 11:20:10
713/600020/中原高速/2.660	10400	2.650	45435	2.640	23396	2.630	55800	2.620	20100	2.670	13660	2.680	5600	2.690	25560	2.700	14926	2.710	3500	/16843498//7660629/2812067/2.67/2.76//2008-9-18 11:21:10
713/600020/中原高速/2.660	5860	2.650	46935	2.640	23496	2.630	55800	2.620	20200	2.670	18110	2.680	2000	2.690	25560	2.700	14926	2.710	3500	/16843498//7701441/2827407/2.66/2.76//2008-9-18 11:22:10
713/600020/中原高速/2.660	4460	2.650	47935	2.640	23996	2.630	55800	2.620	20200	2.670	10910	2.680	2500	2.690	25560	2.700	14926	2.710	3500	/16843498//7715350/2832607/2.67/2.76//2008-9-18 11:23:11
713/600020/中原高速/2.650	45435	2.640	23996	2.630	55800	2.620	20200	2.610	16600	2.660	240	2.670	12110	2.680	2500	2.690	25660	2.700	14926	/16843498//7735986/2840367/2.66/2.76//2008-9-18 11:24:11
713/600020/中原高速/2.660	9785	2.650	34295	2.640	24196	2.630	55800	2.620	20200	2.670	12455	2.680	2995	2.690	25315	2.700	14926	2.710	3500	/16843498//7770334/2853322/2.66/2.76//2008-9-18 11:25:12
713/600020/中原高速/2.650	11780	2.640	25396	2.630	55800	2.620	20200	2.610	16600	2.660	11490	2.670	25560	2.680	1995	2.690	25315	2.700	17836	/16843498//7888152/2897722/2.65/2.76//2008-9-18 11:26:12
713/600020/中原高速/2.640	22396	2.630	55800	2.620	20200	2.610	17600	2.600	99200	2.650	4820	2.660	14390	2.670	24760	2.680	3995	2.690	25315	/16843498//7933391/2914802/2.65/2.76//2008-9-18 11:27:13
713/600020/中原高速/2.640	22396	2.630	55800	2.620	18700	2.610	19800	2.600	98000	2.650	3320	2.660	14390	2.670	24760	2.680	3995	2.690	25315	/16843498//7937366/2916302/2.65/2.76//2008-9-18 11:28:13
713/600020/中原高速/2.640	22696	2.630	55800	2.620	18700	2.610	23900	2.600	98400	2.650	8510	2.660	16490	2.670	21555	2.680	21995	2.690	25315	/16843498//8014074/2945252/2.65/2.76//2008-9-18 11:29:14
713/600020/中原高速/2.640	23296	2.630	55800	2.620	18700	2.610	24900	2.600	98300	2.650	9410	2.660	16490	2.670	20405	2.680	21995	2.690	25315	/16843498//8001221/2940402/2.65/2.76//2008-9-18 11:30:14
713/600020/中原高速/2.640	23296	2.630	55800	2.620	18700	2.610	24900	2.600	98300	2.650	9410	2.660	16490	2.670	20405	2.680	21995	2.690	25315	/16843498//8001221/2940402/2.65/2.76//2008-9-18 11:31:15
713/600020/中原高速/2.630	27246	2.620	20700	2.610	36600	2.600	116300	2.590	4500	2.640	65910	2.650	4300	2.660	4000	2.670	11178	2.680	21995	/16843498//8240181/3030952/2.63/2.76//2008-9-18 13:1:15
713/600020/中原高速/2.630	24831	2.620	20700	2.610	39600	2.600	115100	2.590	4500	2.640	74010	2.650	9300	2.660	4000	2.670	11178	2.680	21995	/16843498//8254744/3036482/2.63/2.76//2008-9-18 13:2:16
713/600020/中原高速/2.620	20700	2.610	39600	2.600	115100	2.590	4500	2.580	24200	2.630	10734	2.640	71710	2.650	5000	2.660	4000	2.670	11178	/16843498//8350711/3072969/2.63/2.76//2008-9-18 13:3:16
713/600020/中原高速/2.620	16000	2.610	40800	2.600	120100	2.590	4500	2.580	34200	2.630	10434	2.640	71610	2.650	5000	2.660	4000	2.670	111178	/16843498//8333383/3066398/2.63/2.76//2008-9-18 13:4:17
713/600020/中原高速/2.610	40800	2.600	120800	2.590	4500	2.580	35000	2.570	3000	2.620	1815	2.630	66434	2.640	57910	2.650	9000	2.660	104000	/16843498//8416698/3098198/2.62/2.76//2008-9-18 13:5:17
713/600020/中原高速/2.620	2512	2.610	43000	2.600	119800	2.590	4500	2.580	35000	2.630	66434	2.640	57910	2.650	11000	2.660	4000	2.670	110505	/16843498//8423217/3100686/2.62/2.76//2008-9-18 13:6:18
713/600020/中原高速/2.620	17162	2.610	41000	2.600	120000	2.590	4500	2.580	35000	2.630	81234	2.640	55990	2.650	6000	2.660	4000	2.670	10505	/16843498//8455369/3112936/2.63/2.76//2008-9-18 13:7:18
713/600020/中原高速/2.620	35012	2.610	40000	2.600	120000	2.590	4500	2.580	35000	2.630	128934	2.640	55990	2.650	6000	2.660	4000	2.670	13955	/16843498//8531471/3141886/2.63/2.76//2008-9-18 13:8:19
713/600020/中原高速/2.620	35012	2.610	50000	2.600	119800	2.590	4500	2.580	35000	2.630	119134	2.640	60990	2.650	2000	2.660	4000	2.670	13955	/16843498//8557215/3151686/2.63/2.76//2008-9-18 13:9:19
713/600020/中原高速/2.620	30412	2.610	50000	2.600	119800	2.590	4500	2.580	35100	2.630	118434	2.640	41615	2.650	2000	2.660	4000	2.670	13955	/16843498//8566657/3155286/2.62/2.76//2008-9-18 13:10:20
713/600020/中原高速/2.620	30912	2.610	50700	2.600	122200	2.590	4500	2.580	35200	2.630	117334	2.640	41615	2.650	2000	2.660	4000	2.670	13955	/16843498//8587366/3163186/2.63/2.76//2008-9-18 13:11:20
713/600020/中原高速/2.620	27812	2.610	52700	2.600	104200	2.590	4500	2.580	35200	2.630	120634	2.640	41615	2.650	2000	2.660	4000	2.670	13955	/16843498//8587366/3163186/2.63/2.76//2008-9-18 13:12:21
713/600020/中原高速/2.620	32528	2.610	54000	2.600	112700	2.590	6300	2.580	35200	2.630	118134	2.640	41615	2.650	2000	2.660	4000	2.670	13955	/16843498//8601497/3168570/2.62/2.76//2008-9-18 13:13:21
713/600020/中原高速/2.610	54100	2.600	115400	2.590	6300	2.580	39000	2.570	1000	2.620	9417	2.630	218634	2.640	41615	2.650	2000	2.660	4000	/16843498//8723153/3214998/2.62/2.76//2008-9-18 13:14:22
713/600020/中原高速/2.610	51300	2.600	115900	2.590	6300	2.580	39000	2.570	1000	2.620	11432	2.630	119834	2.640	41515	2.650	2000	2.660	4000	/16843498//8749850/3225198/2.61/2.76//2008-9-18 13:15:22
713/600020/中原高速/2.610	45600	2.600	115100	2.590	10300	2.580	40100	2.570	1700	2.620	17632	2.630	119834	2.640	41515	2.650	2000	2.660	4000	/16843498//8765249/3231098/2.61/2.76//2008-9-18 13:16:23
713/600020/中原高速/2.610	47800	2.600	114400	2.590	10300	2.580	40100	2.570	1700	2.620	13827	2.630	120134	2.640	41515	2.650	2000	2.660	4000	/16843498//8778873/3236298/2.62/2.76//2008-9-18 13:17:23
713/600020/中原高速/2.610	47900	2.600	114400	2.590	10300	2.580	40900	2.570	1700	2.620	4272	2.630	117834	2.640	41515	2.650	2270	2.660	4000	/16843498//8812661/3249198/2.62/2.76//2008-9-18 13:18:24
713/600020/中原高速/2.610	47100	2.600	112900	2.590	10300	2.580	42200	2.570	1700	2.620	69812	2.630	117534	2.640	41515	2.650	2270	2.660	4000	/16843498//8833882/3257298/2.62/2.76//2008-9-18 13:19:24
713/600020/中原高速/2.610	34300	2.600	112900	2.590	10300	2.580	42200	2.570	3700	2.620	40172	2.630	117534	2.640	41515	2.650	2270	2.660	4000	/16843498//9005975/3323098/2.62/2.76//2008-9-18 13:20:25
713/600020/中原高速/2.610	60517	2.600	112400	2.590	10300	2.580	42200	2.570	3700	2.620	27472	2.630	117534	2.640	41515	2.650	4270	2.660	4000	/16843498//9104696/3360781/2.62/2.76//2008-9-18 13:21:25
713/600020/中原高速/2.620	11393	2.610	78117	2.600	111900	2.590	10300	2.580	42200	2.630	117334	2.640	41515	2.650	4615	2.660	4900	2.670	13955	/16843498//9198510/3396588/2.62/2.76//2008-9-18 13:22:26
713/600020/中原高速/2.620	28408	2.610	78017	2.600	112000	2.590	10300	2.580	42200	2.630	85334	2.640	41515	2.650	4615	2.660	4900	2.670	13555	/16843498//9311975/3439773/2.63/2.76//2008-9-18 13:23:26
713/600020/中原高速/2.620	36708	2.610	83517	2.600	112100	2.590	10300	2.580	42400	2.630	56834	2.640	41515	2.650	4345	2.660	4900	2.670	13555	/16843498//9441434/3489073/2.63/2.76//2008-9-18 13:24:27
713/600020/中原高速/2.630	2366	2.620	37748	2.610	78517	2.600	115100	2.590	10300	2.640	41515	2.650	4345	2.660	5900	2.670	21155	2.680	27110	/16843498//9616572/3555667/2.63/2.76//2008-9-18 13:25:27
713/600020/中原高速/2.630	82466	2.620	38848	2.610	66517	2.600	122500	2.590	10300	2.640	39815	2.650	2345	2.660	5900	2.670	22155	2.680	27110	/16843498//9621060/3557367/2.64/2.76//2008-9-18 13:26:28
713/600020/中原高速/2.630	82166	2.620	28048	2.610	67517	2.600	120500	2.590	10300	2.640	2815	2.650	2345	2.660	5900	2.670	22155	2.680	27110	/16843498//9740622/3602667/2.64/2.76//2008-9-18 13:27:28
713/600020/中原高速/2.640	12485	2.630	67666	2.620	51548	2.610	67517	2.600	125500	2.650	3400	2.660	4045	2.670	22155	2.680	27110	2.690	28315	/16843498//9763442/3611282/2.65/2.76//2008-9-18 13:28:29
713/600020/中原高速/2.640	32585	2.630	63766	2.620	45848	2.610	67517	2.600	126600	2.650	18030	2.660	36615	2.670	22155	2.680	27110	2.690	28315	/16843498//9791002/3621682/2.65/2.76//2008-9-18 13:29:29
713/600020/中原高速/2.640	24800	2.630	61066	2.620	50348	2.610	68417	2.600	126500	2.650	23130	2.660	36615	2.670	24155	2.680	27110	2.690	28315	/16843498//9785436/3619582/2.65/2.76//2008-9-18 13:30:30
713/600020/中原高速/2.650	34300	2.640	25700	2.630	63066	2.620	69548	2.610	68817	2.660	36615	2.670	24155	2.680	27110	2.690	28315	2.700	31276	/16843498//9856986/3646582/2.65/2.76//2008-9-18 13:31:30
713/600020/中原高速/2.660	9970	2.650	24220	2.640	29200	2.630	63066	2.620	69548	2.670	22155	2.680	27110	2.690	28315	2.700	31276	2.710	3000	/16843498//9988828/3696192/2.66/2.76//2008-9-18 13:32:31
713/600020/中原高速/2.670	8445	2.660	22970	2.650	25820	2.640	24400	2.630	60766	2.680	8110	2.690	27315	2.700	21076	2.710	3000	2.720	16479	/16843498//10050531/3719302/2.67/2.76//2008-9-18 13:33:31
713/600020/中原高速/2.650	25820	2.640	24400	2.630	60766	2.620	69548	2.610	58517	2.660	52365	2.690	27315	2.700	21076	2.710	3000	2.720	16479	/16843498//10150928/3756892/2.66/2.76//2008-9-18 13:34:32
713/600020/中原高速/2.660	16535	2.650	78620	2.640	23400	2.630	60766	2.620	71048	2.670	1500	2.680	900	2.690	27315	2.700	54076	2.710	5000	/16843498//10290218/3809257/2.66/2.76//2008-9-18 13:35:32
713/600020/中原高速/2.670	100	2.660	16639	2.650	78620	2.640	22900	2.630	61966	2.680	10000	2.690	19315	2.700	74076	2.710	5000	2.720	16694	/16843498//10316138/3818953/2.66/2.76//2008-9-18 13:36:33
713/600020/中原高速/2.670	59500	2.660	21139	2.650	76620	2.640	22800	2.630	61966	2.680	10800	2.690	20315	2.700	73076	2.710	5000	2.720	16694	/16843498//10332993/3825253/2.68/2.76//2008-9-18 13:37:34
713/600020/中原高速/2.670	6585	2.660	22139	2.650	76620	2.640	22800	2.630	62566	2.680	49975	2.690	21915	2.700	73076	2.710	5000	2.720	16694	/16843498//10519290/3894968/2.68/2.76//2008-9-18 13:38:34
713/600020/中原高速/2.660	15524	2.650	81120	2.640	22800	2.630	62566	2.620	72048	2.670	9375	2.680	112175	2.690	23915	2.700	75076	2.710	5000	/16843498//10583442/3918968/2.66/2.76//2008-9-18 13:39:35
713/600020/中原高速/2.660	1464	2.650	81120	2.640	20900	2.630	67566	2.620	70148	2.670	4575	2.680	92175	2.690	23915	2.700	75076	2.710	5000	/16843498//10646705/3942728/2.66/2.76//2008-9-18 13:40:35
713/600020/中原高速/2.650	79120	2.640	20900	2.630	66666	2.620	68148	2.610	39717	2.660	14651	2.670	30275	2.680	73325	2.690	23915	2.700	75076	/16843498//10666540/3950192/2.65/2.76//2008-9-18 13:41:36
713/600020/中原高速/2.650	16220	2.640	24100	2.630	67666	2.620	69348	2.610	41617	2.660	5251	2.670	30275	2.680	73325	2.690	23915	2.700	75076	/16843498//10882444/4031592/2.66/2.76//2008-9-18 13:42:36
713/600020/中原高速/2.660	35300	2.650	21220	2.640	25400	2.630	67666	2.620	70348	2.670	27926	2.680	43325	2.690	23915	2.700	75076	2.710	5000	/16843498//10916007/4044192/2.67/2.76//2008-9-18 13:43:37
713/600020/中原高速/2.640	26400	2.630	78966	2.620	70348	2.610	44617	2.600	225200	2.650	28580	2.660	6600	2.670	23926	2.680	5150	2.690	23915	/16843498//11119192/4120712/2.65/2.76//2008-9-18 13:44:37
713/600020/中原高速/2.650	8420	2.640	12800	2.630	74966	2.620	51348	2.610	46717	2.660	6400	2.670	23926	2.680	5150	2.690	23915	2.700	74276	/16843498//11340611/4204492/2.66/2.76//2008-9-18 13:45:38
713/600020/中原高速/2.670	6374	2.650	19520	2.640	28200	2.630	79966	2.620	52848	2.680	6450	2.690	23915	2.700	74276	2.710	5000	2.720	17394	/16843498//11527183/4274618/2.67/2.76//2008-9-18 13:46:39
713/600020/中原高速/2.690	3135	2.680	28600	2.670	15274	2.660	102600	2.650	19100	2.700	74276	2.710	5000	2.720	17394	2.730	6900	2.740	27520	/16843498//11633698/4314248/2.69/2.76//2008-9-18 13:47:39
713/600020/中原高速/2.680	1000	2.670	6400	2.660	93200	2.650	11000	2.640	26900	2.690	12300	2.700	11376	2.710	2000	2.720	17015	2.730	6100	/16843498//11852270/4395583/2.69/2.76//2008-9-18 13:48:40
713/600020/中原高速/2.670	7600	2.660	92700	2.650	13000	2.640	26900	2.630	80966	2.680	600	2.690	53700	2.700	11876	2.710	13700	2.720	16015	/16843498//11927248/4423483/2.68/2.76//2008-9-18 13:49:40
713/600020/中原高速/2.660	100100	2.650	63900	2.640	16800	2.630	79966	2.620	57348	2.670	29200	2.680	9500	2.690	44490	2.700	41876	2.710	13700	/16843498//12042488/4466583/2.66/2.76//2008-9-18 13:50:41
713/600020/中原高速/2.660	100100	2.650	78900	2.640	16800	2.630	79966	2.620	57348	2.670	12900	2.680	9500	2.690	30690	2.700	41876	2.710	13700	/16843498//12088679/4483883/2.67/2.76//2008-9-18 13:51:41
713/600020/中原高速/2.660	72590	2.650	78500	2.640	16800	2.630	79966	2.620	58048	2.670	61600	2.680	10000	2.690	30690	2.700	41876	2.710	13700	/16843498//12165858/4512893/2.66/2.76//2008-9-18 13:52:42
713/600020/中原高速/2.660	72290	2.650	80700	2.640	16800	2.630	80366	2.620	58048	2.670	55900	2.680	10100	2.690	30690	2.700	44866	2.710	15600	/16843498//12181875/4518893/2.66/2.76//2008-9-18 13:53:42
713/600020/中原高速/2.660	13990	2.650	80700	2.640	16800	2.630	81966	2.620	57048	2.670	54700	2.680	10100	2.690	30690	2.700	44866	2.710	15600	/16843498//12486457/4633393/2.66/2.76//2008-9-18 13:54:43
713/600020/中原高速/2.660	1148	2.650	80800	2.640	36300	2.630	81966	2.620	57048	2.670	61200	2.680	15100	2.690	30690	2.700	44866	2.710	15600	/16843498//12400917/4601235/2.66/2.76//2008-9-18 13:55:44
713/600020/中原高速/2.650	80800	2.640	26300	2.630	81966	2.620	49100	2.610	73217	2.660	38552	2.670	53900	2.680	15100	2.690	5190	2.700	45066	/16843498//12475267/4629183/2.66/2.76//2008-9-18 13:56:44
713/600020/中原高速/2.650	82700	2.640	26300	2.630	82366	2.620	49100	2.610	73217	2.660	48252	2.670	53900	2.680	15100	2.690	5190	2.700	45066	/16843498//12542033/4654283/2.66/2.76//2008-9-18 13:57:45
713/600020/中原高速/2.650	82700	2.640	26300	2.630	82366	2.620	49100	2.610	73217	2.660	24052	2.670	4300	2.680	15100	2.690	20390	2.700	44866	/16843498//12606405/4678483/2.66/2.76//2008-9-18 13:58:45
713/600020/中原高速/2.660	5248	2.650	84700	2.640	24800	2.630	82366	2.620	49100	2.670	4800	2.680	15100	2.690	5190	2.700	46866	2.710	15600	/16843498//12691535/4710487/2.66/2.76//2008-9-18 13:59:46
713/600020/中原高速/2.670	6300	2.660	500	2.650	46448	2.640	27900	2.630	82666	2.680	15100	2.690	15190	2.700	46866	2.710	15600	2.720	16415	/16843498//12815816/4757335/2.67/2.76//2008-9-18 14:0:47
713/600020/中原高速/2.660	500	2.650	47248	2.640	28000	2.630	82666	2.620	47900	2.670	83900	2.680	15100	2.690	19090	2.700	55766	2.710	15600	/16843498//12866813/4776435/2.67/2.76//2008-9-18 14:1:47
713/600020/中原高速/2.660	3200	2.650	49048	2.640	27000	2.630	82666	2.620	47900	2.670	77900	2.680	15100	2.690	19090	2.700	55766	2.710	115600	/16843498//12888972/4784735/2.66/2.76//2008-9-18 14:2:48
713/600020/中原高速/2.650	48848	2.640	25100	2.630	84866	2.620	50000	2.610	75517	2.660	53330	2.670	29700	2.680	15100	2.690	19090	2.700	147766	/16843498//12898261/4788235/2.66/2.76//2008-9-18 14:3:48
713/600020/中原高速/2.650	28748	2.640	25100	2.630	84866	2.620	50000	2.610	78617	2.660	58330	2.670	1800	2.680	15100	2.690	20990	2.700	47766	/16843498//12898261/4788235/2.66/2.76//2008-9-18 14:4:49
713/600020/中原高速/2.640	26400	2.630	84866	2.620	50500	2.610	78617	2.600	328400	2.650	56752	2.660	50830	2.670	1800	2.680	15100	2.690	20990	/16843498//13015358/4832383/2.65/2.76//2008-9-18 14:5:50
713/600020/中原高速/2.640	16400	2.630	84866	2.620	51000	2.610	79617	2.600	328700	2.650	105387	2.660	50830	2.670	700	2.680	20850	2.690	20990	/16843498//13091213/4861083/2.65/2.76//2008-9-18 14:6:50
713/600020/中原高速/2.640	32300	2.630	92866	2.620	52000	2.610	80517	2.600	329700	2.650	24502	2.660	50830	2.680	11350	2.690	20990	2.700	70431	/16843498//13160113/4887083/2.65/2.76//2008-9-18 14:7:51
713/600020/中原高速/2.650	72498	2.640	42200	2.630	83966	2.620	52300	2.610	79517	2.660	7000	2.680	11350	2.690	20990	2.700	59731	2.710	15600	/16843498//13378753/4969585/2.65/2.76//2008-9-18 14:8:51
713/600020/中原高速/2.650	42700	2.640	28500	2.630	83966	2.620	52400	2.610	81517	2.660	2800	2.690	20990	2.700	58731	2.710	15600	2.720	19715	/16843498//13538041/5029385/2.66/2.76//2008-9-18 14:9:52
713/600020/中原高速/2.670	100	2.660	26500	2.650	33100	2.640	21500	2.630	83966	2.680	9800	2.690	5800	2.700	28831	2.710	10900	2.720	19715	/16843498//13672593/5079585/2.68/2.76//2008-9-18 14:10:53
713/600020/中原高速/2.690	60200	2.680	51200	2.670	32000	2.660	25500	2.650	51900	2.700	15231	2.710	10900	2.720	19715	2.730	19435	2.740	19120	/16843498//13751179/5108785/2.7/2.76//2008-9-18 14:11:53
713/600020/中原高速/2.710	32600	2.700	42469	2.690	70900	2.680	55800	2.670	2900	2.720	19315	2.730	18635	2.740	20120	2.750	19420	2.760	150810	/16843498//13819945/5134216/2.71/2.76//2008-9-18 14:12:54
713/600020/中原高速/2.700	45069	2.690	69900	2.680	55200	2.670	2900	2.660	25000	2.710	6000	2.720	59705	2.730	15635	2.740	19520	2.750	26920	/16843498//14009865/5204216/2.7/2.76//2008-9-18 14:13:55
713/600020/中原高速/2.700	23325	2.690	70900	2.680	54200	2.670	2900	2.660	25000	2.710	23590	2.720	50715	2.730	15635	2.740	19520	2.750	51920	/16843498//14033034/5212791/2.71/2.76//2008-9-18 14:14:55
713/600020/中原高速/2.690	9700	2.680	57200	2.670	2900	2.660	26000	2.650	20800	2.700	23875	2.710	22090	2.720	51715	2.730	15635	2.740	20520	/16843498//14168810/5263116/2.7/2.76//2008-9-18 14:15:56
713/600020/中原高速/2.690	6470	2.680	54200	2.670	3300	2.660	26000	2.650	20800	2.700	23275	2.710	22090	2.720	31715	2.730	16635	2.740	20520	/16843498//14180277/5267376/2.69/2.76//2008-9-18 14:16:56
713/600020/中原高速/2.690	16170	2.680	53800	2.670	3300	2.660	26000	2.650	20800	2.700	19075	2.710	72090	2.720	31715	2.730	18635	2.740	20520	/16843498//14189621/5270846/2.69/2.76//2008-9-18 14:17:57
713/600020/中原高速/2.680	2000	2.670	13300	2.660	25500	2.650	20800	2.640	18000	2.690	2705	2.710	16790	2.720	31715	2.730	18635	2.740	20520	/16843498//14392290/5346016/2.69/2.76//2008-9-18 14:18:58
713/600020/中原高速/2.690	35900	2.680	83600	2.670	13300	2.660	25300	2.650	20800	2.700	6705	2.710	1300	2.720	28415	2.730	17635	2.740	19520	/16843498//14524582/5395016/2.7/2.76//2008-9-18 14:19:58
713/600020/中原高速/2.720	37485	2.710	3300	2.700	91400	2.690	93100	2.680	68400	2.730	6335	2.740	19520	2.750	52620	2.760	49310	2.770	115820	/16843498//14843554/5512736/2.73/2.76//2008-9-18 14:20:59
713/600020/中原高速/2.760	7450	2.750	5900	2.740	21800	2.730	45090	2.720	85585	2.770	13400	2.780	14682	2.790	57650	2.800	132680	2.810	16800	/16843498//15288525/5674296/2.76/2.76//2008-9-18 14:22:0
713/600020/中原高速/2.760	17149	2.750	7400	2.740	31300	2.730	19400	2.720	56700	2.770	1200	2.780	20682	2.790	61650	2.800	131680	2.810	15900	/16843498//15366558/5702497/2.77/2.76//2008-9-18 14:23:0
713/600020/中原高速/2.760	12249	2.750	8100	2.740	31300	2.730	18100	2.720	55200	2.780	5882	2.790	63960	2.800	132180	2.810	15900	2.820	52645	/16843498//15454562/5734197/2.78/2.76//2008-9-18 14:24:1
713/600020/中原高速/2.760	15207	2.750	9400	2.740	31300	2.730	13100	2.720	55200	2.770	6000	2.780	40690	2.790	65360	2.800	131630	2.810	15900	/16843498//15632445/5798439/2.76/2.76//2008-9-18 14:25:2
713/600020/中原高速/2.750	9000	2.740	31300	2.730	23100	2.720	56000	2.710	12000	2.760	900	2.770	34500	2.780	34200	2.790	65360	2.800	132630	/16843498//15700707/5823139/2.77/2.76//2008-9-18 14:26:2
713/600020/中原高速/2.740	29300	2.730	23100	2.720	56000	2.710	10000	2.700	85700	2.750	7450	2.760	13000	2.770	49100	2.780	28600	2.790	66510	/16843498//15779319/5851689/2.75/2.76//2008-9-18 14:27:3
713/600020/中原高速/2.740	7722	2.730	24100	2.720	55400	2.710	10000	2.700	83800	2.750	13350	2.760	14000	2.770	22600	2.780	28600	2.790	66210	/16843498//15861110/5881517/2.74/2.76//2008-9-18 14:28:4
713/600020/中原高速/2.740	32722	2.730	44100	2.720	55400	2.710	15200	2.700	84800	2.750	15050	2.760	3500	2.770	20900	2.780	28600	2.790	66210	/16843498//15927459/5905717/2.74/2.76//2008-9-18 14:29:4
713/600020/中原高速/2.730	44100	2.720	55400	2.710	15200	2.700	72200	2.690	58600	2.740	17228	2.750	9750	2.760	10700	2.770	20000	2.780	28600	/16843498//16049782/5950339/2.74/2.76//2008-9-18 14:30:5
713/600020/中原高速/2.740	8300	2.730	38872	2.720	55400	2.710	11000	2.700	72200	2.750	9750	2.760	15920	2.770	28600	2.780	29400	2.790	66210	/16843498//16131712/5980267/2.73/2.76//2008-9-18 14:31:6
713/600020/中原高速/2.740	11200	2.730	38972	2.720	55400	2.710	12000	2.700	72200	2.750	8750	2.760	18920	2.770	38600	2.780	31100	2.790	66710	/16843498//16138596/5982767/2.75/2.76//2008-9-18 14:32:6
713/600020/中原高速/2.740	10900	2.730	39072	2.720	52800	2.710	12000	2.700	72200	2.750	7650	2.760	18520	2.770	38000	2.780	30500	2.790	67110	/16843498//16148496/5986367/2.75/2.76//2008-9-18 14:33:7
713/600020/中原高速/2.730	39072	2.720	52800	2.710	12000	2.700	72200	2.690	58600	2.750	12160	2.760	13620	2.770	37500	2.780	32500	2.790	67110	/16843498//16211363/6009267/2.75/2.76//2008-9-18 14:34:8
713/600020/中原高速/2.750	8860	2.740	500	2.730	39072	2.720	52800	2.710	16100	2.770	37500	2.780	33000	2.790	67110	2.800	192930	2.810	15900	/16843498//16293567/6039107/2.75/2.76//2008-9-18 14:35:8
713/600020/中原高速/2.730	37572	2.720	52900	2.710	16100	2.700	72600	2.690	58600	2.770	28740	2.780	33000	2.790	67110	2.800	133930	2.810	15900	/16843498//16407707/6080467/2.77/2.76//2008-9-18 14:36:9
713/600020/中原高速/2.740	19000	2.730	54672	2.720	52900	2.710	16700	2.700	73600	2.760	16700	2.770	61740	2.780	33000	2.790	68110	2.800	133930	/16843498//16409363/6081067/2.76/2.76//2008-9-18 14:37:10
713/600020/中原高速/2.740	16500	2.730	54172	2.720	52900	2.710	14700	2.700	73600	2.760	19500	2.770	67490	2.780	50300	2.790	69310	2.800	133930	/16843498//16561832/6136367/2.76/2.76//2008-9-18 14:38:10
713/600020/中原高速/2.750	1000	2.740	1000	2.730	49672	2.720	52900	2.710	14700	2.760	28975	2.770	67490	2.780	50300	2.790	69310	2.800	133930	/16843498//16612549/6154867/2.75/2.76//2008-9-18 14:39:11
713/600020/中原高速/2.740	2000	2.730	60872	2.720	53800	2.710	16600	2.700	77100	2.750	6300	2.760	29675	2.770	67490	2.780	49800	2.790	70810	/16843498//16623814/6158967/2.75/2.76//2008-9-18 14:40:12
713/600020/中原高速/2.730	58672	2.720	55300	2.710	16600	2.700	77100	2.690	56800	2.750	7695	2.760	56775	2.770	66490	2.780	47800	2.790	70810	/16843498//16687713/6182267/2.73/2.76//2008-9-18 14:41:12
713/600020/中原高速/2.740	2385	2.730	18672	2.720	55300	2.710	16600	2.700	76700	2.750	9145	2.760	56775	2.770	56490	2.780	47800	2.790	82810	/16843498//16798598/6222882/2.74/2.76//2008-9-18 14:42:13
713/600020/中原高速/2.730	12772	2.720	55300	2.710	16600	2.700	76700	2.690	51800	2.740	800	2.750	31745	2.760	56775	2.770	56490	2.780	47800	/16843498//16822076/6231482/2.73/2.76//2008-9-18 14:43:14
713/600020/中原高速/2.730	97672	2.720	55300	2.710	16600	2.700	77200	2.690	51800	2.740	1900	2.750	32315	2.760	56075	2.770	57490	2.780	47800	/16843498//16851572/6242282/2.74/2.76//2008-9-18 14:44:14
713/600020/中原高速/2.740	88770	2.730	5572	2.720	55300	2.710	16600	2.700	81100	2.750	31315	2.760	56075	2.770	57490	2.780	47800	2.790	81810	/16843498//16857410/6244412/2.74/2.76//2008-9-18 14:45:15
713/600020/中原高速/2.740	90475	2.730	2272	2.720	55300	2.710	16600	2.700	81100	2.750	48715	2.760	50210	2.770	57490	2.780	48800	2.790	81910	/16843498//16883482/6253907/2.74/2.76//2008-9-18 14:46:16
713/600020/中原高速/2.740	63080	2.730	2272	2.720	53800	2.710	16600	2.700	81100	2.750	60370	2.760	23510	2.770	47490	2.780	48800	2.790	81810	/16843498//17030718/6307602/2.74/2.76//2008-9-18 14:47:16
713/600020/中原高速/2.730	3772	2.720	53800	2.710	16600	2.700	81100	2.690	51800	2.740	78010	2.750	57880	2.760	23910	2.770	47490	2.780	46800	/16843498//17169608/6358282/2.74/2.76//2008-9-18 14:48:17
713/600020/中原高速/2.720	44400	2.710	16600	2.700	81200	2.690	51600	2.680	55200	2.730	11403	2.740	52710	2.750	88215	2.760	30910	2.770	47490	/16843498//17216940/6375654/2.72/2.76//2008-9-18 14:49:18
713/600020/中原高速/2.720	1235	2.710	8700	2.700	73200	2.690	50100	2.680	54900	2.730	11403	2.740	52110	2.750	89215	2.760	29710	2.770	47490	/16843498//17362364/6429119/2.72/2.76//2008-9-18 14:50:18
713/600020/中原高速/2.730	30732	2.720	1200	2.710	53100	2.700	73200	2.690	50100	2.740	32890	2.750	88215	2.760	29710	2.770	47490	2.780	46800	/16843498//17417492/6449322/2.73/2.76//2008-9-18 14:51:19
713/600020/中原高速/2.730	23012	2.720	1200	2.710	53100	2.700	57800	2.690	50100	2.740	31190	2.750	88215	2.760	30710	2.770	47490	2.780	46800	/16843498//17446758/6460042/2.73/2.76//2008-9-18 14:52:20
713/600020/中原高速/2.730	11692	2.720	97000	2.710	52200	2.700	60800	2.690	50100	2.740	28900	2.750	88215	2.760	30710	2.770	47490	2.780	46800	/16843498//17494100/6477362/2.74/2.76//2008-9-18 14:53:21
713/600020/中原高速/2.730	7632	2.720	99300	2.710	51500	2.700	60800	2.690	50100	2.740	33700	2.750	88515	2.760	28510	2.770	47490	2.780	46800	/16843498//17511460/6483722/2.73/2.76//2008-9-18 14:54:21
713/600020/中原高速/2.730	5832	2.720	99300	2.710	15500	2.700	60800	2.690	50200	2.740	34700	2.750	90615	2.760	28510	2.770	47490	2.780	45500	/16843498//17517740/6486022/2.73/2.76//2008-9-18 14:55:22
713/600020/中原高速/2.730	19642	2.720	96500	2.710	15500	2.700	60400	2.690	50100	2.740	34800	2.750	110615	2.760	29510	2.770	46490	2.780	45500	/16843498//17528120/6489812/2.74/2.76//2008-9-18 14:56:23
713/600020/中原高速/2.730	24237	2.720	2800	2.710	15500	2.700	60400	2.690	50100	2.740	15000	2.750	110615	2.760	29510	2.770	46490	2.780	45500	/16843498//17588132/6511717/2.74/2.76//2008-9-18 14:57:23
713/600020/中原高速/2.740	200	2.730	13237	2.720	2900	2.710	16500	2.700	60400	2.750	110615	2.760	29510	2.770	46490	2.780	45500	2.790	78100	/16843498//17714040/6557727/2.74/2.76//2008-9-18 14:58:24
713/600020/中原高速/2.740	9014	2.730	15537	2.720	1800	2.710	16500	2.700	60200	2.750	111415	2.760	30610	2.770	46490	2.780	45800	2.790	77100	/16843498//17795926/6587613/2.74/2.76//2008-9-18 14:59:25
713/600020/中原高速/2.730	11737	2.720	1800	2.710	16500	2.700	60200	2.690	50100	2.740	12586	2.750	112220	2.760	30610	2.770	46490	2.780	45800	/16843498//17835930/6602227/2.74/2.76//2008-9-18 15:0:26
713/600020/中原高速/2.730	11737	2.720	1800	2.710	16500	2.700	60200	2.690	50100	2.740	12586	2.750	112220	2.760	30610	2.770	46490	2.780	45800	/16843498//17835930/6602227/2.74/2.76//2008-9-18 15:1:26
713/600020/中原高速/2.730	11737	2.720	1800	2.710	16500	2.700	60200	2.690	50100	2.740	12586	2.750	112220	2.760	30610	2.770	46490	2.780	45800	/16843498//17835930/6602227/2.74/2.76//2008-9-18 15:2:27
