15/600038/哈飞股份/9.400	3500	9.390	600	9.380	1900	9.350	800	9.310	1200	9.450	500	9.490	1400	9.500	2800	9.580	1100	9.590	6300	/16842768//175312/18600/9.4/9.73//2008-9-18 9:31:34
15/600038/哈飞股份/9.420	2000	9.410	800	9.400	6000	9.390	600	9.380	2700	9.450	5655	9.490	1400	9.580	1100	9.590	6300	9.700	9600	/16842768//233635/24800/9.41/9.73//2008-9-18 9:32:35
15/600038/哈飞股份/9.440	1200	9.430	900	9.420	1500	9.410	7600	9.400	4500	9.450	1155	9.490	1400	9.590	6300	9.700	9600	9.730	8000	/16842768//327089/34700/9.45/9.73//2008-9-18 9:33:35
15/600038/哈飞股份/9.450	8345	9.440	700	9.430	1600	9.420	1500	9.410	7600	9.490	1400	9.590	6300	9.700	9600	9.730	8000	9.750	10000	/16842768//354064/37555/9.45/9.73//2008-9-18 9:34:35
15/600038/哈飞股份/9.450	5045	9.440	700	9.430	800	9.420	1500	9.410	5900	9.490	200	9.590	6300	9.700	9600	9.730	8000	9.750	10000	/16842768//423119/44855/9.45/9.73//2008-9-18 9:35:35
15/600038/哈飞股份/9.440	500	9.430	800	9.420	1500	9.410	5900	9.400	5400	9.450	2855	9.480	11210	9.490	1100	9.590	6300	9.700	9600	/16842768//489694/51900/9.45/9.73//2008-9-18 9:36:36
15/600038/哈飞股份/9.420	6500	9.410	5900	9.400	5800	9.390	600	9.380	2700	9.430	4500	9.450	3955	9.480	11210	9.490	1100	9.590	6300	/16842768//559494/59300/9.43/9.73//2008-9-18 9:37:36
15/600038/哈飞股份/9.420	300	9.410	5900	9.400	5600	9.390	600	9.380	2700	9.430	6500	9.450	3055	9.480	11210	9.490	200	9.590	6300	/16842768//670653/71100/9.42/9.73//2008-9-18 9:38:36
15/600038/哈飞股份/9.400	5300	9.390	600	9.380	2700	9.350	900	9.310	1200	9.410	1700	9.420	400	9.430	6500	9.450	3055	9.480	11210	/16842768//689433/73100/9.41/9.73//2008-9-18 9:39:36
15/600038/哈飞股份/9.420	300	9.400	8100	9.390	600	9.380	2700	9.350	900	9.430	6500	9.450	3055	9.480	11210	9.490	200	9.580	3000	/16842768//781633/82900/9.42/9.73//2008-9-18 9:40:36
15/600038/哈飞股份/9.420	5800	9.410	3000	9.400	4300	9.390	600	9.380	2700	9.430	3500	9.450	2655	9.480	11210	9.490	200	9.580	3000	/16842768//815575/86500/9.43/9.73//2008-9-18 9:41:37
15/600038/哈飞股份/9.420	6600	9.410	3000	9.400	6800	9.390	600	9.380	2900	9.430	1800	9.450	2655	9.480	11210	9.490	3200	9.580	3000	/16842768//930621/98700/9.43/9.73//2008-9-18 9:42:37
15/600038/哈飞股份/9.430	700	9.420	4900	9.410	3000	9.400	7300	9.390	600	9.450	5155	9.480	11210	9.490	3200	9.580	3000	9.590	6300	/16842768//968332/102700/9.45/9.73//2008-9-18 9:43:37
15/600038/哈飞股份/9.430	600	9.420	5400	9.410	3000	9.400	7300	9.390	600	9.440	1600	9.450	5155	9.480	11210	9.490	3200	9.570	800	/16842768//973992/103300/9.44/9.73//2008-9-18 9:44:37
15/600038/哈飞股份/9.430	1800	9.420	6200	9.410	3000	9.400	6700	9.390	600	9.440	1100	9.450	3155	9.480	11210	9.490	3200	9.580	3000	/16842768//1000424/106100/9.44/9.73//2008-9-18 9:45:37
15/600038/哈飞股份/9.440	5100	9.430	1800	9.420	5700	9.410	3000	9.400	6700	9.450	3155	9.480	11210	9.490	3000	9.580	3000	9.590	6300	/16842768//1028744/109100/9.44/9.73//2008-9-18 9:46:38
15/600038/哈飞股份/9.440	4700	9.430	2000	9.420	5700	9.410	3000	9.400	6900	9.450	355	9.480	11210	9.490	3000	9.580	3200	9.590	6300	/16842768//1061812/112600/9.45/9.73//2008-9-18 9:47:38
15/600038/哈飞股份/9.440	5200	9.430	2000	9.420	5700	9.410	3000	9.400	7100	9.450	1055	9.480	11210	9.490	3000	9.580	3200	9.590	6300	/16842768//1065592/113000/9.45/9.73//2008-9-18 9:48:38
15/600038/哈飞股份/9.450	5045	9.440	2500	9.430	1500	9.420	5700	9.410	3000	9.480	11210	9.490	3000	9.580	3200	9.590	6300	9.600	500	/16842768//1101049/116755/9.45/9.73//2008-9-18 9:49:39
15/600038/哈飞股份/9.450	600	9.400	945	9.390	1200	9.380	500	9.350	900	9.480	9410	9.490	3000	9.580	3200	9.590	6300	9.600	500	/16842768//1327334/140755/9.48/9.73//2008-9-18 9:50:39
15/600038/哈飞股份/9.410	300	9.400	1145	9.390	1200	9.380	500	9.350	2900	9.470	1500	9.480	9110	9.490	3000	9.580	3200	9.590	6300	/16842768//1340583/142155/9.45/9.73//2008-9-18 9:51:39
15/600038/哈飞股份/9.390	1200	9.380	500	9.360	500	9.350	2900	9.320	500	9.400	2755	9.410	900	9.450	1800	9.470	200	9.480	9110	/16842768//1370204/145300/9.4/9.73//2008-9-18 9:52:39
15/600038/哈飞股份/9.280	300	9.260	100	9.250	600	9.200	1500	9.180	10000	9.300	2700	9.350	2500	9.360	400	9.400	2455	9.410	2400	/16842768//1461734/155100/9.3/9.73//2008-9-18 9:53:40
15/600038/哈飞股份/9.180	9800	9.060	1000	9.010	3700	9.000	22400	8.900	1600	9.200	4010	9.230	600	9.240	1000	9.250	2300	9.260	100	/16842768//1516120/161000/9.18/9.73//2008-9-18 9:54:40
15/600038/哈飞股份/9.100	7000	9.060	200	9.030	4100	9.020	10000	9.010	6200	9.170	500	9.180	1755	9.200	4310	9.300	2500	9.400	10800	/16842768//1702334/181400/9.1/9.73//2008-9-18 9:55:40
15/600038/哈飞股份/9.020	10000	9.010	14500	9.000	28300	8.900	1600	8.810	1300	9.030	3700	9.060	400	9.090	200	9.100	4000	9.170	500	/16842768//1868024/199700/9.03/9.73//2008-9-18 9:56:41
15/600038/哈飞股份/9.060	1200	9.040	3500	9.030	15700	9.020	9800	9.010	13700	9.090	600	9.100	1000	9.180	6755	9.200	4810	9.270	1000	/16842768//1972824/211300/9.03/9.73//2008-9-18 9:57:41
15/600038/哈飞股份/9.090	1100	9.060	100	9.050	1000	9.040	5800	9.030	15800	9.100	600	9.180	6755	9.200	4810	9.240	3100	9.250	200	/16842768//2095949/224900/9.05/9.73//2008-9-18 9:58:41
15/600038/哈飞股份/9.060	5500	9.050	3300	9.040	5300	9.030	11400	9.020	10300	9.090	1000	9.100	600	9.180	6755	9.200	6610	9.240	3100	/16842768//2117045/227200/9.09/9.73//2008-9-18 9:59:41
15/600038/哈飞股份/9.110	700	9.090	13600	9.080	400	9.060	5500	9.050	6600	9.160	500	9.170	5500	9.180	10355	9.200	6110	9.240	3100	/16842768//2144347/230200/9.11/9.73//2008-9-18 10:0:42
15/600038/哈飞股份/9.090	8100	9.080	300	9.060	500	9.050	6500	9.040	4800	9.100	600	9.110	100	9.120	2150	9.160	1800	9.170	5000	/16842768//2178926/234000/9.1/9.73//2008-9-18 10:1:42
15/600038/哈飞股份/9.060	500	9.050	6500	9.040	4300	9.030	11700	9.020	10300	9.080	1200	9.090	19399	9.100	600	9.110	100	9.120	2150	/16842768//2272535/244300/9.06/9.09//2008-9-18 10:2:42
15/600038/哈飞股份/9.060	1001	9.050	1100	9.040	2300	9.030	11700	9.020	10500	9.090	4500	9.100	600	9.110	100	9.120	2150	9.160	100	/16842768//2694337/290799/9.06/9.09//2008-9-18 10:3:42
15/600038/哈飞股份/9.020	10000	9.010	5500	9.000	30300	8.900	1800	8.880	2500	9.030	700	9.040	700	9.050	3999	9.080	1000	9.090	3500	/16842768//3087950/334300/9.03/9.09//2008-9-18 10:4:43
15/600038/哈飞股份/8.900	1800	8.880	2500	8.810	1300	8.800	300	8.770	600	9.000	20100	9.010	15400	9.020	2500	9.030	4900	9.040	3300	/16842768//3486936/378600/9.0/9.09//2008-9-18 10:5:43
15/600038/哈飞股份/8.810	1400	8.800	300	8.770	5800	8.760	7700	0.000	0	8.880	5200	8.900	6201	8.990	2900	9.000	19800	9.010	12400	/16842768//3549977/385700/8.81/9.09//2008-9-18 10:6:43
15/600038/哈飞股份/8.770	3100	8.760	22600	0.000	0	0.000	0	0.000	0	8.800	2300	8.810	4900	8.880	1200	8.900	6201	8.990	12900	/16842768//3702025/403000/8.8/9.09//2008-9-18 10:7:44
15/600038/哈飞股份/8.770	8600	8.760	31300	0.000	0	0.000	0	0.000	0	8.790	1300	8.800	600	8.810	3900	8.880	300	8.900	6201	/16842768//4073006/445300/8.79/9.09//2008-9-18 10:8:44
15/600038/哈飞股份/8.800	6200	8.780	2200	8.770	12800	8.760	37800	0.000	0	8.810	3900	8.880	300	8.900	7001	8.990	12900	9.000	18300	/16842768//4138066/452700/8.79/9.09//2008-9-18 10:9:44
15/600038/哈飞股份/8.820	1000	8.810	7800	8.800	11900	8.790	7500	8.780	6100	8.880	200	8.900	6501	8.970	300	8.990	12900	9.000	17300	/16842768//4169921/456300/8.88/9.09//2008-9-18 10:10:44
15/600038/哈飞股份/8.880	12900	8.830	200	8.820	5200	8.810	7700	8.800	9600	8.900	101	8.970	4200	8.990	12900	9.000	17300	9.010	12400	/16842768//4214401/461300/8.88/9.09//2008-9-18 10:11:45
15/600038/哈飞股份/8.900	5699	8.880	10700	8.820	4400	8.810	7100	8.800	3400	8.950	100	8.960	200	8.970	4500	8.980	2300	8.990	10000	/16842768//4214439/461301/8.97/9.09//2008-9-18 10:12:45
15/600038/哈飞股份/8.900	5499	8.880	10700	8.820	4400	8.810	6900	8.800	3400	8.960	200	8.970	5400	8.980	2300	8.990	10000	9.000	17400	/16842768//4264333/466901/8.9/9.09//2008-9-18 10:13:45
15/600038/哈飞股份/8.880	10700	8.830	1300	8.820	4400	8.810	6900	8.800	3400	8.900	1701	8.960	900	8.970	5500	8.980	1800	8.990	10000	/16842768//4333747/474700/8.9/9.09//2008-9-18 10:14:46
15/600038/哈飞股份/8.880	9900	8.830	1300	8.820	4400	8.810	6900	8.800	6500	8.900	2301	8.960	900	8.970	5500	8.980	800	8.990	10000	/16842768//4343521/475800/8.9/9.09//2008-9-18 10:15:46
15/600038/哈飞股份/8.900	2249	8.880	9300	8.830	1300	8.820	4400	8.810	6900	8.960	500	8.970	5500	8.980	800	8.990	10000	9.000	17200	/16842768//0/0/8.9/9.09//2008-9-18 10:16:46
15/600038/哈飞股份/8.910	3400	8.900	1249	8.880	9300	8.830	1300	8.820	1000	8.960	500	8.970	4400	8.980	800	8.990	13500	9.000	17200	/16842768//4405389/482751/8.91/9.09//2008-9-18 10:17:47
15/600038/哈飞股份/8.920	800	8.910	6300	8.900	1249	8.890	200	8.880	9300	8.970	4400	8.980	300	9.000	7300	9.010	12400	9.020	2500	/16842768//4415215/483851/8.91/9.09//2008-9-18 10:18:47
15/600038/哈飞股份/8.980	700	8.970	9500	8.930	3300	8.920	800	8.910	3100	8.990	500	9.000	8100	9.010	12400	9.020	2500	9.030	500	/16842768//4464553/489351/8.98/9.09//2008-9-18 10:19:47
15/600038/哈飞股份/8.980	100	8.970	4300	8.920	900	8.910	300	8.900	1049	9.000	6700	9.010	12400	9.020	2500	9.040	3300	9.090	200	/16842768//4562421/500251/8.97/9.09//2008-9-18 10:20:48
15/600038/哈飞股份/8.920	100	8.910	100	8.900	949	8.890	3000	8.880	9300	8.970	6999	8.980	100	9.000	7100	9.010	13100	9.020	2500	/16842768//4635106/508351/8.97/9.09//2008-9-18 10:21:48
15/600038/哈飞股份/8.920	100	8.910	3100	8.900	2349	8.880	9300	8.820	1000	8.950	4100	8.960	200	8.970	6499	8.980	100	9.000	6300	/16842768//4688820/514351/8.95/9.09//2008-9-18 10:22:48
15/600038/哈飞股份/8.920	100	8.910	3100	8.900	949	8.880	9300	8.820	1000	8.950	4000	8.960	200	8.970	6499	8.980	100	9.000	7200	/16842768//4696875/515251/8.95/9.09//2008-9-18 10:23:48
15/600038/哈飞股份/8.910	100	8.900	949	8.880	9300	8.850	300	8.820	1000	8.950	7000	8.960	200	8.970	6499	8.980	100	9.000	7200	/16842768//4730744/519051/8.92/9.09//2008-9-18 10:24:49
15/600038/哈飞股份/8.900	749	8.850	300	8.820	1000	8.810	5000	8.800	4100	8.910	2300	8.950	3500	8.970	6499	8.980	100	9.000	8500	/16842768//4736091/519651/8.91/9.09//2008-9-18 10:25:49
15/600038/哈飞股份/8.790	2100	8.780	2900	8.770	5500	8.760	37000	0.000	0	8.800	202	8.900	499	8.910	1800	8.950	2800	8.970	6499	/16842768//4845835/532100/8.8/9.09//2008-9-18 10:26:49
15/600038/哈飞股份/8.790	1600	8.780	6400	8.770	5500	8.760	38800	0.000	0	8.800	4301	8.910	1700	8.920	7300	8.950	5700	8.970	6499	/16842768//4997201/549300/8.8/9.09//2008-9-18 10:27:50
15/600038/哈飞股份/8.880	3300	8.800	5799	8.790	1600	8.780	6400	8.770	7900	8.900	100	8.910	6800	8.920	7300	8.950	5700	8.970	6499	/16842768//5055499/555901/8.8/9.09//2008-9-18 10:28:50
15/600038/哈飞股份/8.800	1099	8.790	1600	8.780	6400	8.770	7000	8.760	42700	8.880	2500	8.900	100	8.910	7800	8.920	7300	8.950	5700	/16842768//5185184/570602/8.8/9.09//2008-9-18 10:29:50
15/600038/哈飞股份/8.810	700	8.800	6299	8.790	1600	8.780	6800	8.770	7700	8.880	1600	8.900	900	8.910	7800	8.920	7300	8.950	5700	/16842768//5202853/572601/8.88/9.09//2008-9-18 10:30:51
15/600038/哈飞股份/8.820	100	8.810	2700	8.800	5799	8.790	1600	8.780	3800	8.880	4600	8.900	900	8.910	7800	8.920	7300	8.950	5600	/16842768//5220613/574601/8.88/9.09//2008-9-18 10:31:51
15/600038/哈飞股份/8.830	2500	8.820	1100	8.810	3300	8.800	5799	8.790	1600	8.870	500	8.880	5600	8.900	900	8.910	7800	8.920	7300	/16842768//5221501/574701/8.88/9.09//2008-9-18 10:32:51
15/600038/哈飞股份/8.830	400	8.820	1600	8.810	6500	8.800	5699	8.790	1700	8.870	600	8.880	5600	8.900	900	8.910	7800	8.920	7300	/16842768//5255951/578601/8.83/9.09//2008-9-18 10:33:52
15/600038/哈飞股份/8.820	700	8.810	6500	8.800	5699	8.790	3000	8.780	11100	8.760	349722	8.800	100	8.820	600	8.830	1100	8.870	600	/16842768//6016473/665300/8.76/9.09//2008-9-18 10:34:52
15/600038/哈飞股份/8.820	700	8.810	6500	8.800	5699	8.790	3000	8.780	11100	8.760	342422	8.820	1000	8.830	600	8.870	600	8.880	5600	/16842768//6098817/674700/8.76/9.09//2008-9-18 10:35:52
15/600038/哈飞股份/8.820	700	8.810	6500	8.800	5699	8.790	3000	8.780	11100	8.760	362122	8.830	600	8.870	600	8.880	5600	8.900	900	/16842768//6133857/678700/8.76/9.09//2008-9-18 10:36:53
15/600038/哈飞股份/8.820	700	8.810	6500	8.800	5699	8.790	3000	8.780	11100	8.760	364622	8.830	600	8.870	1200	8.880	5600	8.900	800	/16842768//6267009/693900/8.76/9.09//2008-9-18 10:37:53
15/600038/哈飞股份/8.820	700	8.810	6500	8.800	5699	8.790	3000	8.780	11100	8.760	367422	8.800	200	8.830	600	8.870	1200	8.880	5600	/16842768//6278397/695200/8.76/9.09//2008-9-18 10:38:53
15/600038/哈飞股份/8.820	700	8.810	6500	8.800	5699	8.790	3000	8.780	11100	8.760	368922	8.800	200	8.830	600	8.870	1200	8.880	5600	/16842768//6323949/700400/8.76/9.09//2008-9-18 10:39:54
15/600038/哈飞股份/8.820	700	8.810	6500	8.800	5699	8.790	3000	8.780	11100	8.760	371722	8.800	200	8.830	600	8.870	1200	8.880	5600	/16842768//6335337/701700/8.76/9.09//2008-9-18 10:40:54
15/600038/哈飞股份/8.820	700	8.810	6500	8.800	5699	8.790	3000	8.780	11100	8.760	370122	8.800	200	8.830	600	8.870	1200	8.880	5600	/16842768//6353733/703800/8.76/9.09//2008-9-18 10:41:54
15/600038/哈飞股份/8.820	700	8.810	6500	8.800	5699	8.790	3000	8.780	11100	8.760	366522	8.800	200	8.830	600	8.870	1200	8.880	5600	/16842768//6389649/707900/8.76/9.09//2008-9-18 10:42:55
15/600038/哈飞股份/8.820	700	8.810	6500	8.800	5699	8.790	3000	8.780	11100	8.760	370222	8.800	200	8.830	600	8.870	1200	8.880	5600	/16842768//6405417/709700/8.76/9.09//2008-9-18 10:43:55
15/600038/哈飞股份/8.820	700	8.810	6500	8.800	5699	8.790	3000	8.780	11100	8.760	370322	8.800	200	8.830	600	8.860	1800	8.870	1200	/16842768//6419433/711300/8.76/9.09//2008-9-18 10:44:56
15/600038/哈飞股份/8.820	700	8.810	6500	8.800	5699	8.790	3000	8.780	11100	8.760	373422	8.800	200	8.830	600	8.860	1800	8.870	1200	/16842768//6422937/711700/8.76/9.09//2008-9-18 10:45:56
15/600038/哈飞股份/8.820	700	8.810	6500	8.800	5699	8.790	3000	8.780	11100	8.760	380522	8.800	200	8.830	600	8.860	1800	8.870	1200	/16842768//6422937/711700/8.76/9.09//2008-9-18 10:46:56
15/600038/哈飞股份/8.820	700	8.810	6500	8.800	5699	8.790	3000	8.780	11100	8.760	380322	8.800	200	8.830	600	8.860	1800	8.870	1200	/16842768//6423813/711800/8.76/9.09//2008-9-18 10:47:57
15/600038/哈飞股份/8.820	700	8.810	6500	8.800	5699	8.790	3000	8.780	11100	8.760	380422	8.800	200	8.830	600	8.860	1800	8.870	1200	/16842768//6436077/713200/8.76/9.09//2008-9-18 10:48:57
15/600038/哈飞股份/8.820	700	8.810	6500	8.800	5699	8.790	3000	8.780	11100	8.760	384422	8.800	200	8.830	600	8.860	1800	8.870	1200	/16842768//6458853/715800/8.76/9.09//2008-9-18 10:49:57
15/600038/哈飞股份/8.820	700	8.810	6500	8.800	5699	8.790	3000	8.780	11100	8.760	386522	8.800	3200	8.830	600	8.860	1800	8.870	1200	/16842768//6473745/717500/8.76/9.09//2008-9-18 10:50:58
15/600038/哈飞股份/8.820	700	8.810	6500	8.800	5699	8.790	3000	8.780	11100	8.760	386322	8.800	3200	8.830	600	8.860	1800	8.870	1200	/16842768//6475497/717700/8.76/9.09//2008-9-18 10:51:58
15/600038/哈飞股份/8.820	700	8.810	6500	8.800	5699	8.790	3000	8.780	11100	8.760	386222	8.800	3200	8.830	600	8.860	1800	8.870	1200	/16842768//6476373/717800/8.76/9.09//2008-9-18 10:52:58
15/600038/哈飞股份/8.820	700	8.810	6500	8.800	5699	8.790	3000	8.780	11100	8.760	388022	8.800	3200	8.830	600	8.860	1800	8.870	1200	/16842768//6483381/718600/8.76/9.09//2008-9-18 10:53:59
15/600038/哈飞股份/8.820	700	8.810	6500	8.800	5699	8.790	3000	8.780	11100	8.760	387722	8.800	3200	8.830	600	8.860	1800	8.870	1200	/16842768//6495645/720000/8.76/9.09//2008-9-18 10:54:59
15/600038/哈飞股份/8.820	700	8.810	6500	8.800	5699	8.790	3000	8.780	11100	8.760	396122	8.800	3200	8.830	600	8.860	1800	8.870	1200	/16842768//6495645/720000/8.76/9.09//2008-9-18 10:56:0
15/600038/哈飞股份/8.820	700	8.810	6500	8.800	5699	8.790	3000	8.780	11100	8.760	394122	8.800	3200	8.830	600	8.860	1800	8.870	1200	/16842768//6504405/721000/8.76/9.09//2008-9-18 10:57:0
15/600038/哈飞股份/8.820	700	8.810	6500	8.800	5699	8.790	3000	8.780	11100	8.760	395422	8.800	3200	8.830	600	8.860	1800	8.870	3800	/16842768//6504405/721000/8.76/9.09//2008-9-18 10:58:0
15/600038/哈飞股份/8.820	700	8.810	6500	8.800	5699	8.790	3000	8.780	11100	8.760	395922	8.800	3200	8.830	600	8.860	1800	8.870	1200	/16842768//6504405/721000/8.76/9.09//2008-9-18 10:59:1
15/600038/哈飞股份/8.820	700	8.810	6500	8.800	5699	8.790	3000	8.780	11100	8.760	395422	8.800	3200	8.830	600	8.860	1800	8.870	1200	/16842768//6505281/721100/8.76/9.09//2008-9-18 11:0:1
15/600038/哈飞股份/8.820	700	8.810	6500	8.800	5699	8.790	3000	8.780	11100	8.760	393122	8.800	3200	8.830	600	8.860	1800	8.870	1200	/16842768//6507909/721400/8.76/9.09//2008-9-18 11:1:2
15/600038/哈飞股份/8.820	700	8.810	6500	8.800	5699	8.790	3000	8.780	11100	8.760	392522	8.800	3200	8.830	600	8.860	1800	8.870	1200	/16842768//6513165/722000/8.76/9.09//2008-9-18 11:2:2
15/600038/哈飞股份/8.820	700	8.810	6500	8.800	5699	8.790	3000	8.780	11100	8.760	386822	8.800	3200	8.830	600	8.860	1800	8.870	1200	/16842768//6600765/732000/8.76/9.09//2008-9-18 11:3:2
15/600038/哈飞股份/8.820	700	8.810	6500	8.800	5699	8.790	3000	8.780	11100	8.760	388522	8.800	3200	8.830	600	8.860	1800	8.870	1200	/16842768//6605145/732500/8.76/9.09//2008-9-18 11:4:3
15/600038/哈飞股份/8.820	700	8.810	6500	8.800	5699	8.790	3000	8.780	11100	8.760	388522	8.800	3200	8.830	600	8.860	1800	8.870	1200	/16842768//6613905/733500/8.76/9.09//2008-9-18 11:5:3
15/600038/哈飞股份/8.820	700	8.810	6500	8.800	5699	8.790	3000	8.780	11100	8.760	388522	8.800	3200	8.830	600	8.860	1800	8.870	1200	/16842768//6613905/733500/8.76/9.09//2008-9-18 11:6:4
15/600038/哈飞股份/8.820	700	8.810	6500	8.800	5699	8.790	3000	8.780	11100	8.760	386622	8.800	3200	8.830	600	8.860	1800	8.870	1200	/16842768//6626169/734900/8.76/9.09//2008-9-18 11:7:4
15/600038/哈飞股份/8.820	700	8.810	6500	8.800	5699	8.790	3000	8.780	11100	8.760	385822	8.800	3200	8.830	600	8.860	1800	8.870	1200	/16842768//6633177/735700/8.76/9.09//2008-9-18 11:8:4
15/600038/哈飞股份/8.820	700	8.810	6500	8.800	5699	8.790	3000	8.780	11100	8.760	384822	8.800	3200	8.830	600	8.860	1800	8.870	1200	/16842768//6649821/737600/8.76/9.09//2008-9-18 11:9:5
15/600038/哈飞股份/8.820	700	8.810	6500	8.800	5699	8.790	3000	8.780	11100	8.760	385422	8.800	3200	8.830	600	8.860	1800	8.870	1200	/16842768//6649821/737600/8.76/9.09//2008-9-18 11:10:5
15/600038/哈飞股份/8.820	700	8.810	6500	8.800	5699	8.790	3000	8.780	11100	8.760	385922	8.800	3200	8.830	600	8.860	1800	8.870	1200	/16842768//6659457/738700/8.76/9.09//2008-9-18 11:11:6
15/600038/哈飞股份/8.820	700	8.810	6500	8.800	5699	8.790	3000	8.780	11100	8.760	381022	8.800	3200	8.830	600	8.860	1800	8.870	1200	/16842768//6661209/738900/8.76/9.09//2008-9-18 11:12:6
15/600038/哈飞股份/8.820	700	8.810	6500	8.800	5699	8.790	3000	8.780	11100	8.760	381522	8.800	3200	8.830	600	8.860	1800	8.870	1200	/16842768//6661209/738900/8.76/9.09//2008-9-18 11:13:7
15/600038/哈飞股份/8.820	700	8.810	6500	8.800	5699	8.790	3000	8.780	11100	8.760	391422	8.800	3200	8.830	600	8.860	1800	8.870	1200	/16842768//6661209/738900/8.76/9.09//2008-9-18 11:14:7
15/600038/哈飞股份/8.820	700	8.810	6500	8.800	5699	8.790	3000	8.780	11100	8.760	390222	8.800	3200	8.830	600	8.860	1800	8.870	1200	/16842768//6685737/741700/8.76/9.09//2008-9-18 11:15:7
15/600038/哈飞股份/8.820	700	8.810	6500	8.800	5699	8.790	3000	8.780	11100	8.760	288522	8.800	3200	8.830	600	8.860	1800	8.870	1100	/16842768//7455741/829600/8.76/9.09//2008-9-18 11:16:8
15/600038/哈飞股份/8.820	700	8.810	6500	8.800	5699	8.790	3000	8.780	11100	8.760	243622	8.800	3200	8.830	600	8.860	1800	8.870	1100	/16842768//7611669/847400/8.76/9.09//2008-9-18 11:17:8
15/600038/哈飞股份/8.820	700	8.810	6500	8.800	5699	8.790	3000	8.780	11100	8.760	178222	8.800	3200	8.830	600	8.860	1800	8.870	1100	/16842768//8096097/902700/8.76/9.09//2008-9-18 11:18:9
15/600038/哈飞股份/8.820	700	8.810	6500	8.800	5699	8.790	3000	8.780	11100	8.760	128422	8.800	3200	8.830	600	8.860	1800	8.870	1100	/16842768//8673381/968600/8.76/9.09//2008-9-18 11:19:9
15/600038/哈飞股份/8.820	700	8.810	6500	8.800	5699	8.790	3000	8.780	11100	8.760	121822	8.800	3200	8.830	600	8.850	400	8.860	1800	/16842768//8729445/975000/8.76/9.09//2008-9-18 11:20:10
15/600038/哈飞股份/8.820	700	8.810	6500	8.800	5699	8.790	3000	8.780	11100	8.760	112222	8.800	3200	8.830	600	8.850	400	8.860	1800	/16842768//8805657/983700/8.76/9.09//2008-9-18 11:21:10
15/600038/哈飞股份/8.820	700	8.810	6500	8.800	5699	8.790	3000	8.780	11100	8.760	112222	8.800	3200	8.830	600	8.850	400	8.860	1800	/16842768//8824053/985800/8.76/9.09//2008-9-18 11:22:10
15/600038/哈飞股份/8.820	700	8.810	6500	8.800	5699	8.790	3000	8.780	11100	8.760	110922	8.800	3200	8.830	600	8.850	400	8.860	1800	/16842768//8852085/989000/8.76/9.09//2008-9-18 11:23:11
15/600038/哈飞股份/8.820	700	8.810	6500	8.800	5699	8.790	3000	8.780	11100	8.760	104522	8.800	3200	8.830	600	8.850	400	8.860	1800	/16842768//8893257/993700/8.76/9.09//2008-9-18 11:24:11
15/600038/哈飞股份/8.820	700	8.810	6500	8.800	5699	8.790	3000	8.780	11100	8.760	104122	8.800	3200	8.830	600	8.850	400	8.860	1800	/16842768//8900265/994500/8.76/9.09//2008-9-18 11:25:12
15/600038/哈飞股份/8.820	700	8.810	6500	8.800	5699	8.790	3000	8.780	11100	8.760	103022	8.800	3200	8.830	600	8.850	400	8.860	1800	/16842768//8906397/995200/8.76/9.09//2008-9-18 11:26:12
15/600038/哈飞股份/8.820	700	8.810	6500	8.800	5699	8.790	3000	8.780	11100	8.760	108322	8.800	3200	8.830	600	8.850	400	8.860	3200	/16842768//8906397/995200/8.76/9.09//2008-9-18 11:27:13
15/600038/哈飞股份/8.820	700	8.810	6500	8.800	5699	8.790	3000	8.780	11100	8.760	104622	8.800	3200	8.830	600	8.850	400	8.860	3200	/16842768//8932677/998200/8.76/9.09//2008-9-18 11:28:13
15/600038/哈飞股份/8.820	700	8.810	6500	8.800	5699	8.790	3000	8.780	11100	8.760	109822	8.800	3200	8.830	600	8.850	400	8.860	3200	/16842768//8937057/998700/8.76/9.09//2008-9-18 11:29:14
15/600038/哈飞股份/8.820	700	8.810	6500	8.800	5699	8.790	3000	8.780	11100	8.760	111122	8.800	3200	8.830	600	8.850	400	8.860	3200	/16842768//8937057/998700/8.76/9.09//2008-9-18 11:30:14
15/600038/哈飞股份/8.820	700	8.810	6500	8.800	5699	8.790	3000	8.780	11100	8.760	111122	8.800	3200	8.830	600	8.850	400	8.860	3200	/16842768//8937057/998700/8.76/9.09//2008-9-18 11:31:15
15/600038/哈飞股份/8.820	700	8.810	6500	8.800	5699	8.790	3000	8.780	11100	8.760	123822	8.800	3200	8.830	600	8.850	400	8.860	3200	/16842768//9084225/1015500/8.76/9.09//2008-9-18 13:1:15
15/600038/哈飞股份/8.820	700	8.810	6500	8.800	5699	8.790	3000	8.780	11100	8.760	133422	8.800	3200	8.830	600	8.850	400	8.860	3200	/16842768//9086853/1015800/8.76/9.09//2008-9-18 13:2:16
15/600038/哈飞股份/8.820	700	8.810	6500	8.800	5699	8.790	3000	8.780	11100	8.760	142922	8.800	3200	8.830	600	8.850	400	8.860	3200	/16842768//9087729/1015900/8.76/9.09//2008-9-18 13:3:16
15/600038/哈飞股份/8.820	700	8.810	6500	8.800	5699	8.790	3000	8.780	11100	8.760	144122	8.800	3200	8.830	600	8.850	400	8.860	3200	/16842768//9087729/1015900/8.76/9.09//2008-9-18 13:4:17
15/600038/哈飞股份/8.820	700	8.810	6500	8.800	5699	8.790	3000	8.780	11100	8.760	146422	8.800	3200	8.830	600	8.850	400	8.860	3200	/16842768//9099117/1017200/8.76/9.09//2008-9-18 13:5:17
15/600038/哈飞股份/8.820	700	8.810	6500	8.800	5699	8.790	3000	8.780	11100	8.760	146222	8.800	3200	8.830	600	8.850	400	8.860	3200	/16842768//9100869/1017400/8.76/9.09//2008-9-18 13:6:18
15/600038/哈飞股份/8.820	700	8.810	6500	8.800	5699	8.790	3000	8.780	11100	8.760	128962	8.800	3200	8.830	600	8.850	400	8.860	3200	/16842768//9100869/1017400/8.76/9.09//2008-9-18 13:7:18
15/600038/哈飞股份/8.820	700	8.810	6500	8.800	5699	8.790	3000	8.780	11100	8.760	148562	8.800	3200	8.830	600	8.850	400	8.860	3200	/16842768//9100869/1017400/8.76/9.09//2008-9-18 13:8:19
15/600038/哈飞股份/8.820	700	8.810	6500	8.800	5699	8.790	3000	8.780	11100	8.760	147562	8.800	3200	8.830	600	8.850	400	8.860	3200	/16842768//9107001/1018100/8.76/9.09//2008-9-18 13:9:19
15/600038/哈飞股份/8.820	700	8.810	6500	8.800	5699	8.790	3000	8.780	11100	8.760	147662	8.800	3200	8.830	600	8.850	400	8.860	3200	/16842768//9107001/1018100/8.76/9.09//2008-9-18 13:10:20
15/600038/哈飞股份/8.820	700	8.810	6500	8.800	5699	8.790	3000	8.780	11100	8.760	151062	8.800	3200	8.830	600	8.850	400	8.860	3200	/16842768//9107001/1018100/8.76/9.09//2008-9-18 13:11:20
15/600038/哈飞股份/8.820	700	8.810	6500	8.800	5699	8.790	3000	8.780	11100	8.760	162862	8.800	3200	8.830	600	8.850	400	8.860	3200	/16842768//9107001/1018100/8.76/9.09//2008-9-18 13:12:21
15/600038/哈飞股份/8.820	700	8.810	6500	8.800	5699	8.790	3000	8.780	11100	8.760	164962	8.800	3200	8.830	600	8.850	400	8.860	3200	/16842768//9107001/1018100/8.76/9.09//2008-9-18 13:13:21
15/600038/哈飞股份/8.820	700	8.810	6500	8.800	5699	8.790	3000	8.780	11100	8.760	165062	8.800	3200	8.830	600	8.850	400	8.860	3200	/16842768//9107001/1018100/8.76/9.09//2008-9-18 13:14:22
15/600038/哈飞股份/8.820	700	8.810	6500	8.800	5699	8.790	3000	8.780	11100	8.760	165862	8.800	3200	8.830	600	8.850	400	8.860	3200	/16842768//9107001/1018100/8.76/9.09//2008-9-18 13:15:22
15/600038/哈飞股份/8.820	700	8.810	6500	8.800	5699	8.790	3000	8.780	11100	8.760	168362	8.800	3200	8.830	600	8.850	400	8.860	3200	/16842768//9108753/1018300/8.76/9.09//2008-9-18 13:16:23
15/600038/哈飞股份/8.820	700	8.810	6500	8.800	5699	8.790	3000	8.780	11100	8.760	169262	8.800	3200	8.830	600	8.850	400	8.860	3200	/16842768//9110505/1018500/8.76/9.09//2008-9-18 13:17:23
15/600038/哈飞股份/8.820	700	8.810	6500	8.800	5699	8.790	3000	8.780	11100	8.760	169362	8.800	3200	8.830	600	8.850	400	8.860	3200	/16842768//9110505/1018500/8.76/9.09//2008-9-18 13:18:24
15/600038/哈飞股份/8.820	700	8.810	6500	8.800	5699	8.790	3000	8.780	11100	8.760	168162	8.800	3200	8.830	600	8.850	400	8.860	3200	/16842768//9121017/1019700/8.76/9.09//2008-9-18 13:19:24
15/600038/哈飞股份/8.820	700	8.810	6500	8.800	5699	8.790	3000	8.780	11100	8.760	168062	8.800	3200	8.830	600	8.850	400	8.860	3200	/16842768//9124521/1020100/8.76/9.09//2008-9-18 13:20:25
15/600038/哈飞股份/8.820	700	8.810	6500	8.800	5699	8.790	3000	8.780	11100	8.760	168462	8.800	3200	8.830	600	8.850	400	8.860	3200	/16842768//9124521/1020100/8.76/9.09//2008-9-18 13:21:25
15/600038/哈飞股份/8.820	700	8.810	6500	8.800	5699	8.790	3000	8.780	11100	8.760	172962	8.800	3200	8.830	600	8.850	400	8.860	3200	/16842768//9128901/1020600/8.76/9.09//2008-9-18 13:22:26
15/600038/哈飞股份/8.820	700	8.810	6500	8.800	5699	8.790	3000	8.780	11100	8.760	172562	8.800	3200	8.830	600	8.850	400	8.860	3200	/16842768//9128901/1020600/8.76/9.09//2008-9-18 13:23:26
15/600038/哈飞股份/8.820	700	8.810	6500	8.800	5699	8.790	3000	8.780	11100	8.760	167262	8.800	3200	8.830	600	8.850	400	8.860	3200	/16842768//9163065/1024500/8.76/9.09//2008-9-18 13:24:27
15/600038/哈飞股份/8.820	700	8.810	6500	8.800	5699	8.790	3000	8.780	11100	8.760	160662	8.800	3200	8.830	600	8.850	400	8.860	3200	/16842768//9218253/1030800/8.76/9.09//2008-9-18 13:25:27
15/600038/哈飞股份/8.820	700	8.810	6500	8.800	5699	8.790	3000	8.780	11100	8.760	157062	8.800	3200	8.830	600	8.850	400	8.860	3200	/16842768//9232269/1032400/8.76/9.09//2008-9-18 13:26:28
15/600038/哈飞股份/8.820	700	8.810	6500	8.800	5699	8.790	3000	8.780	11100	8.760	155762	8.800	3200	8.830	600	8.850	400	8.860	3200	/16842768//9243657/1033700/8.76/9.09//2008-9-18 13:27:28
15/600038/哈飞股份/8.820	700	8.810	6500	8.800	5699	8.790	3000	8.780	11100	8.760	155062	8.800	3200	8.830	600	8.850	400	8.860	3200	/16842768//9249789/1034400/8.76/9.09//2008-9-18 13:28:29
15/600038/哈飞股份/8.820	700	8.810	6500	8.800	5699	8.790	3000	8.780	11100	8.760	154062	8.800	3200	8.830	600	8.850	400	8.860	3200	/16842768//9258549/1035400/8.76/9.09//2008-9-18 13:29:29
15/600038/哈飞股份/8.820	700	8.810	6500	8.800	5699	8.790	3000	8.780	11100	8.760	170862	8.800	3200	8.830	600	8.850	400	8.860	3200	/16842768//9262929/1035900/8.76/9.09//2008-9-18 13:30:30
15/600038/哈飞股份/8.820	700	8.810	6500	8.800	5699	8.790	3000	8.780	11100	8.760	171562	8.800	3200	8.830	600	8.850	400	8.860	3200	/16842768//9262929/1035900/8.76/9.09//2008-9-18 13:31:30
15/600038/哈飞股份/8.820	700	8.810	6500	8.800	5699	8.790	3000	8.780	11100	8.760	162762	8.800	3200	8.830	600	8.850	400	8.860	3200	/16842768//9399585/1051500/8.76/9.09//2008-9-18 13:32:31
15/600038/哈飞股份/8.820	700	8.810	6500	8.800	5699	8.790	3000	8.780	11100	8.760	146262	8.800	3200	8.830	600	8.850	400	8.860	3200	/16842768//9444261/1056600/8.76/9.09//2008-9-18 13:33:31
15/600038/哈飞股份/8.760	28938	0.000	0	0.000	0	0.000	0	0.000	0	8.800	200	8.830	600	8.850	400	8.860	3200	8.870	1100	/16842768//10622148/1191062/8.76/9.09//2008-9-18 13:34:32
15/600038/哈飞股份/8.850	1600	8.830	3000	8.800	3200	8.780	500	8.770	500	8.860	800	8.870	600	8.880	9500	8.890	1400	8.900	1500	/16842768//10675274/1197062/8.86/9.09//2008-9-18 13:35:32
15/600038/哈飞股份/8.900	200	8.890	4900	8.880	2200	8.870	3000	8.860	4500	8.910	1800	8.930	500	8.940	17000	8.950	2600	8.970	6999	/16842768//10780871/1208962/8.9/9.09//2008-9-18 13:36:33
15/600038/哈飞股份/8.870	1200	8.860	3500	8.850	1000	8.830	2300	8.800	2300	8.880	1000	8.900	200	8.910	6200	8.920	5000	8.930	1500	/16842768//10983561/1231762/8.9/9.09//2008-9-18 13:37:34
15/600038/哈飞股份/8.880	700	8.870	2200	8.860	2800	8.850	1000	8.830	2800	8.900	5700	8.910	100	8.930	3000	8.940	17000	8.950	2600	/16842768//11065251/1240962/8.87/9.09//2008-9-18 13:38:34
15/600038/哈飞股份/8.860	2800	8.850	2500	8.830	2800	8.800	5400	8.780	600	8.870	1800	8.880	1500	8.890	5000	8.900	2900	8.910	100	/16842768//11109608/1245962/8.87/9.09//2008-9-18 13:39:35
15/600038/哈飞股份/8.870	2000	8.830	2600	8.810	1200	8.800	4400	8.780	600	8.890	5500	8.900	2900	8.910	100	8.930	3500	8.940	17000	/16842768//11221331/1258562/8.83/9.09//2008-9-18 13:40:35
15/600038/哈飞股份/8.870	1100	8.840	1200	8.830	4700	8.800	4000	8.780	600	8.890	5500	8.900	2900	8.910	100	8.930	3500	8.940	17000	/16842768//11229314/1259462/8.87/9.09//2008-9-18 13:41:36
15/600038/哈飞股份/8.840	1200	8.830	2600	8.800	6500	8.780	2100	8.770	500	8.870	2600	8.880	500	8.900	2900	8.910	100	8.930	3500	/16842768//11252376/1262062/8.87/9.09//2008-9-18 13:42:36
15/600038/哈飞股份/8.890	500	8.880	500	8.850	600	8.840	2300	8.830	2100	8.900	2900	8.910	100	8.930	4500	8.940	17000	8.950	2600	/16842768//11293185/1266662/8.88/9.09//2008-9-18 13:43:37
15/600038/哈飞股份/8.930	900	8.900	1600	8.880	800	8.850	600	8.840	2300	8.940	6200	8.950	2600	8.960	500	8.970	6999	8.980	100	/16842768//11448611/1284062/8.94/9.09//2008-9-18 13:44:37
15/600038/哈飞股份/8.920	500	8.900	5200	8.880	1100	8.860	1000	8.850	600	8.940	5100	8.950	2600	8.960	500	8.970	6999	8.980	100	/16842768//11524332/1292562/8.9/9.09//2008-9-18 13:45:38
15/600038/哈飞股份/8.940	3400	8.920	500	8.900	6500	8.880	2300	8.860	1000	8.950	2000	8.960	500	8.970	6499	8.980	100	9.000	10600	/16842768//11575304/1298262/8.94/9.09//2008-9-18 13:46:39
15/600038/哈飞股份/8.960	1500	8.950	11500	8.940	6200	8.920	1500	8.900	5300	8.970	699	8.980	1600	9.000	10600	9.010	12600	9.040	3700	/16842768//11673892/1309262/8.97/9.09//2008-9-18 13:47:39
15/600038/哈飞股份/9.000	10400	8.980	14200	8.970	13001	8.960	4000	8.950	6700	9.010	11500	9.040	3700	9.050	200	9.090	3100	9.110	100	/16842768//11813299/1324761/8.98/9.09//2008-9-18 13:48:40
15/600038/哈飞股份/9.000	9100	8.990	600	8.980	9500	8.970	13301	8.960	3000	9.010	4900	9.040	3700	9.050	200	9.090	3100	9.110	100	/16842768//11927665/1337461/9.01/9.09//2008-9-18 13:49:40
15/600038/哈飞股份/9.000	2500	8.980	6300	8.970	12000	8.960	2000	8.950	2700	9.010	2400	9.040	3700	9.050	200	9.080	500	9.090	3100	/16842768//12007795/1346361/9.0/9.09//2008-9-18 13:50:41
15/600038/哈飞股份/8.970	12000	8.960	2000	8.950	1700	8.940	2000	8.920	1500	8.980	3000	8.990	2000	9.000	30220	9.010	1900	9.040	3700	/16842768//12120095/1358861/8.98/9.09//2008-9-18 13:51:41
15/600038/哈飞股份/8.960	1930	8.950	1700	8.940	1000	8.920	1500	8.900	4100	8.970	5700	8.980	5000	8.990	2000	9.000	30720	9.010	1900	/16842768//12194236/1367131/8.96/9.09//2008-9-18 13:52:42
15/600038/哈飞股份/8.900	3600	8.890	100	8.880	800	8.870	2000	8.860	1000	8.920	3100	8.940	6900	8.950	500	8.960	1370	8.970	7400	/16842768//12246382/1372961/8.92/9.09//2008-9-18 13:53:42
15/600038/哈飞股份/8.880	600	8.860	1000	8.850	500	8.840	1200	8.830	1300	8.900	6400	8.920	4320	8.940	5600	8.950	500	8.970	6400	/16842768//12297111/1378661/8.9/9.09//2008-9-18 13:54:43
15/600038/哈飞股份/8.830	1300	8.810	5000	8.800	25500	8.780	900	8.760	7900	8.840	3700	8.860	700	8.880	6500	8.900	6400	8.920	4320	/16842768//12328100/1382161/8.84/9.09//2008-9-18 13:55:44
15/600038/哈飞股份/8.840	3400	8.830	1300	8.810	400	8.800	23500	8.780	900	8.860	100	8.880	900	8.900	5900	8.920	4320	8.970	6400	/16842768//12365240/1386361/8.86/9.09//2008-9-18 13:56:44
15/600038/哈飞股份/8.850	100	8.840	2400	8.830	1300	8.810	1900	8.800	23500	8.880	300	8.900	5900	8.970	5800	8.980	4000	8.990	4400	/16842768//12366126/1386461/8.86/9.09//2008-9-18 13:57:45
15/600038/哈飞股份/8.870	200	8.860	300	8.840	2400	8.830	1300	8.810	1900	8.880	200	8.900	5900	8.970	4300	8.980	4000	8.990	4400	/16842768//12378545/1387861/8.87/9.09//2008-9-18 13:58:45
15/600038/哈飞股份/8.880	1700	8.870	1600	8.860	500	8.850	3800	8.830	1300	8.900	5900	8.970	6500	8.980	4000	8.990	4000	9.000	6100	/16842768//12382097/1388261/8.88/9.09//2008-9-18 13:59:46
15/600038/哈飞股份/8.870	200	8.860	500	8.850	3800	8.830	1300	8.810	5000	8.880	400	8.960	5000	8.970	5400	8.980	2000	8.990	4000	/16842768//12500323/1401561/8.88/9.09//2008-9-18 14:0:47
15/600038/哈飞股份/8.860	300	8.850	3800	8.830	800	8.810	5100	8.800	3500	8.870	4220	8.950	800	8.960	5000	8.970	5400	8.980	2000	/16842768//12497663/1401261/8.87/9.09//2008-9-18 14:1:47
15/600038/哈飞股份/8.850	3500	8.830	800	8.810	5100	8.800	3500	8.780	900	8.870	3920	8.950	800	8.960	5000	8.970	2400	8.980	2000	/16842768//12502976/1401861/8.85/9.09//2008-9-18 14:2:48
15/600038/哈飞股份/8.830	800	8.810	2600	8.800	5500	8.780	900	8.760	4600	8.850	4700	8.870	3920	8.900	3000	8.950	800	8.970	2300	/16842768//12533951/1405361/8.85/9.09//2008-9-18 14:3:48
15/600038/哈飞股份/8.810	2100	8.800	3500	8.780	500	8.770	2000	8.760	5200	8.830	2800	8.850	20200	8.860	100	8.870	3920	8.950	800	/16842768//12541015/1406161/8.83/9.09//2008-9-18 14:4:49
15/600038/哈飞股份/8.770	1400	8.760	7800	0.000	0	0.000	0	0.000	0	8.780	1400	8.800	14900	8.830	200	8.840	1000	8.850	5700	/16842768//12628106/1416061/8.78/9.09//2008-9-18 14:5:50
15/600038/哈飞股份/8.780	1900	8.770	3200	8.760	9100	0.000	0	0.000	0	8.800	14000	8.850	2500	8.870	5920	8.900	10000	8.950	800	/16842768//12747539/1429661/8.8/9.09//2008-9-18 14:6:50
15/600038/哈飞股份/8.790	900	8.780	3900	8.770	2000	8.760	9300	0.000	0	8.800	12100	8.850	500	8.870	2000	8.900	10000	8.950	800	/16842768//12869819/1443561/8.8/9.09//2008-9-18 14:7:51
15/600038/哈飞股份/8.800	3700	8.790	1000	8.780	4100	8.770	2000	8.760	9700	8.850	500	8.870	2000	8.900	30000	8.950	800	8.970	2300	/16842768//13007985/1459261/8.81/9.09//2008-9-18 14:8:51
15/600038/哈飞股份/8.810	2000	8.800	4000	8.790	900	8.780	2100	8.770	2300	8.850	15600	8.870	2000	8.900	10000	8.960	800	8.970	2300	/16842768//13063740/1465561/8.85/9.09//2008-9-18 14:9:52
15/600038/哈飞股份/8.850	6100	8.820	500	8.810	1200	8.800	3500	8.790	900	8.870	2000	8.900	10000	8.960	800	8.970	2300	8.980	2000	/16842768//13253130/1486961/8.85/9.09//2008-9-18 14:10:53
15/600038/哈飞股份/8.870	1000	8.850	3000	8.820	900	8.810	900	8.800	3500	8.900	29600	8.970	2300	8.980	2000	8.990	4000	9.000	8600	/16842768//13261155/1487861/8.85/9.09//2008-9-18 14:11:53
15/600038/哈飞股份/8.870	9300	8.850	3000	8.820	900	8.810	3900	8.800	3500	8.890	1200	8.900	28800	8.970	2300	8.980	1500	8.990	4000	/16842768//13367676/1499861/8.87/9.09//2008-9-18 14:12:54
15/600038/哈飞股份/8.890	10300	8.870	1900	8.850	3000	8.820	400	8.810	3700	8.970	2300	8.980	1500	8.990	2500	9.000	8300	9.010	1900	/16842768//13642659/1530761/8.89/9.09//2008-9-18 14:13:55
15/600038/哈飞股份/8.890	700	8.870	1900	8.850	3000	8.820	400	8.810	3700	8.900	500	8.940	1000	8.950	30000	8.960	1000	8.970	2300	/16842768//13756584/1543561/8.95/9.09//2008-9-18 14:14:55
15/600038/哈飞股份/8.950	8500	8.890	700	8.870	1900	8.850	3000	8.820	400	8.960	1000	8.970	2300	8.980	1500	8.990	2500	9.000	8200	/16842768//13947974/1565061/8.94/9.09//2008-9-18 14:15:56
15/600038/哈飞股份/8.890	700	8.870	1900	8.850	3200	8.810	2700	8.800	7700	8.950	27400	8.970	1300	8.980	1500	8.990	2900	9.000	7300	/16842768//14118980/1584161/8.95/9.09//2008-9-18 14:16:56
15/600038/哈飞股份/8.950	4000	8.900	9600	8.890	700	8.870	1900	8.850	4200	8.970	2100	8.980	1500	8.990	2850	9.000	7300	9.010	1900	/16842768//14371370/1612361/8.95/9.09//2008-9-18 14:17:57
15/600038/哈飞股份/8.970	400	8.960	400	8.950	33400	8.930	200	8.910	800	8.980	1000	8.990	2850	9.000	7500	9.010	1900	9.040	3700	/16842768//14658706/1644461/8.96/9.09//2008-9-18 14:18:58
15/600038/哈飞股份/9.020	6350	9.000	10900	8.990	4200	8.980	6000	8.970	1500	9.040	2700	9.050	200	9.080	500	9.090	100	9.100	300	/16842768//15056966/1688711/9.04/9.09//2008-9-18 14:19:58
15/600038/哈飞股份/9.080	1400	9.060	900	9.050	18300	9.040	12500	9.010	900	9.110	300	9.140	300	9.170	500	9.180	3200	9.190	1500	/16842768//15136773/1697511/9.08/9.09//2008-9-18 14:20:59
15/600038/哈飞股份/9.190	4200	9.160	1300	9.150	500	9.140	1300	9.110	7500	9.200	4700	9.210	3000	9.260	1000	9.270	1500	9.280	1000	/16842768//15327424/1718311/9.19/9.09//2008-9-18 14:22:0
15/600038/哈飞股份/9.220	200	9.210	4800	9.200	16600	9.170	10100	9.160	7000	9.250	5000	9.280	200	9.290	2000	9.300	2000	9.310	100	/16842768//15572158/1744911/9.28/9.09//2008-9-18 14:23:0
15/600038/哈飞股份/9.300	2100	9.260	100	9.250	1000	9.230	5700	9.220	3000	9.400	200	9.410	1500	9.420	2500	9.450	1400	9.470	1900	/16842768//16054278/1796711/9.3/9.09//2008-9-18 14:24:1
15/600038/哈飞股份/9.300	12000	9.280	500	9.260	14700	9.250	1200	9.230	5700	9.390	600	9.400	6000	9.410	1500	9.420	2500	9.450	1400	/16842768//16227349/1815311/9.39/9.09//2008-9-18 14:25:2
15/600038/哈飞股份/9.310	300	9.280	300	9.260	14700	9.250	200	9.230	5700	9.350	1900	9.380	1000	9.390	6300	9.400	2200	9.410	1500	/16842768//16448855/1839111/9.3/9.09//2008-9-18 14:26:2
15/600038/哈飞股份/9.230	3700	9.220	1000	9.210	100	9.200	14700	9.170	12000	9.250	6170	9.260	14700	9.300	5800	9.310	1100	9.350	10700	/16842768//16575106/1852711/9.23/9.09//2008-9-18 14:27:3
15/600038/哈飞股份/9.170	1000	9.160	800	9.150	1600	9.130	1800	9.110	1000	9.200	1500	9.220	500	9.230	4699	9.240	1100	9.250	6470	/16842768//16756513/1872411/9.2/9.09//2008-9-18 14:28:4
15/600038/哈飞股份/9.130	1800	9.110	1000	9.100	500	9.080	600	9.050	800	9.150	400	9.160	1800	9.170	7800	9.190	500	9.200	31000	/16842768//16782156/1875211/9.15/9.09//2008-9-18 14:29:4
15/600038/哈飞股份/9.110	1000	9.100	600	9.080	600	9.050	800	9.040	5300	9.120	300	9.130	19700	9.140	500	9.150	530	9.160	1100	/16842768//16817772/1879111/9.12/9.09//2008-9-18 14:30:5
15/600038/哈飞股份/9.080	100	9.050	1200	9.040	6800	9.030	400	9.010	10200	9.100	26500	9.110	200	9.120	2600	9.130	20900	9.150	330	/16842768//16876960/1885611/9.1/9.09//2008-9-18 14:31:6
15/600038/哈飞股份/9.010	500	9.000	3400	8.980	200	8.970	200	8.950	8200	9.080	3000	9.090	700	9.100	28800	9.110	200	9.120	600	/16842768//17238928/1925611/9.0/9.09//2008-9-18 14:32:6
15/600038/哈飞股份/9.100	8320	9.080	8500	9.030	2700	9.020	200	9.010	1500	9.110	200	9.130	3300	9.150	330	9.170	5800	9.200	27000	/16842768//17557102/1960591/9.1/9.09//2008-9-18 14:33:7
15/600038/哈飞股份/9.140	1500	9.130	1300	9.110	5700	9.100	4320	9.090	3000	9.150	24800	9.170	4630	9.200	17000	9.230	1700	9.250	500	/16842768//17791234/1986191/9.15/9.09//2008-9-18 14:34:8
15/600038/哈飞股份/9.140	4000	9.130	600	9.110	5000	9.100	4520	9.090	3000	9.150	15400	9.170	4630	9.200	17000	9.230	1700	9.250	1200	/16842768//17885480/1996491/9.15/9.09//2008-9-18 14:35:8
15/600038/哈飞股份/9.150	2600	9.140	100	9.110	5000	9.100	5320	9.080	2000	9.170	4630	9.200	17400	9.230	1700	9.250	1200	9.280	3500	/16842768//18054714/2014991/9.15/9.09//2008-9-18 14:36:9
15/600038/哈飞股份/9.170	5170	9.160	300	9.150	5500	9.140	600	9.120	4600	9.200	56700	9.230	1700	9.250	1200	9.280	500	9.300	700	/16842768//18132976/2023521/9.17/9.09//2008-9-18 14:37:10
15/600038/哈飞股份/9.180	2400	9.170	5770	9.150	3800	9.140	600	9.120	4600	9.200	49200	9.230	1700	9.250	1200	9.280	500	9.300	900	/16842768//18221266/2033121/9.2/9.09//2008-9-18 14:38:10
15/600038/哈飞股份/9.170	700	9.150	3800	9.140	600	9.120	4600	9.110	5000	9.190	5900	9.200	43600	9.230	1700	9.250	1100	9.280	1600	/16842768//18337734/2045791/9.19/9.09//2008-9-18 14:39:11
15/600038/哈飞股份/9.120	3900	9.110	5000	9.100	5120	9.080	1500	9.040	5000	9.140	500	9.150	21900	9.190	10750	9.200	44700	9.230	1700	/16842768//18356022/2047791/9.12/9.09//2008-9-18 14:40:12
15/600038/哈飞股份/9.080	1500	9.030	100	9.020	5000	9.010	2800	9.000	7000	9.100	20180	9.150	13400	9.190	9400	9.200	4700	9.230	1700	/16842768//18638198/2078711/9.1/9.09//2008-9-18 14:41:12
15/600038/哈飞股份/9.080	1500	9.030	3200	9.010	2800	9.000	7000	8.980	100	9.100	40280	9.110	4600	9.120	1050	9.140	5900	9.150	13400	/16842768//18827660/2099531/9.1/9.09//2008-9-18 14:42:13
15/600038/哈飞股份/9.080	1300	9.050	500	9.040	5000	9.030	3200	9.010	4100	9.090	200	9.100	40580	9.110	4500	9.120	200	9.140	5900	/16842768//18849310/2101911/9.08/9.09//2008-9-18 14:43:14
15/600038/哈飞股份/9.080	1850	9.050	1000	9.030	3200	9.010	3900	9.000	7400	9.100	39880	9.110	4500	9.120	200	9.140	5600	9.150	13400	/16842768//18880666/2105361/9.1/9.09//2008-9-18 14:44:14
15/600038/哈飞股份/9.090	800	9.080	400	9.050	1000	9.030	3600	9.010	3900	9.100	34530	9.110	4500	9.120	200	9.140	5600	9.150	13900	/16842768//18949330/2112911/9.1/9.09//2008-9-18 14:45:15
15/600038/哈飞股份/9.080	100	9.060	200	9.050	1700	9.030	500	9.020	1000	9.090	3000	9.100	20630	9.120	700	9.140	5600	9.150	13900	/16842768//19084002/2127711/9.09/9.09//2008-9-18 14:46:16
15/600038/哈飞股份/9.020	1000	9.010	3900	9.000	7100	8.980	100	8.970	200	9.030	1500	9.050	2400	9.060	3490	9.080	2900	9.090	4800	/16842768//19100304/2129511/9.03/9.09//2008-9-18 14:47:16
15/600038/哈飞股份/9.010	400	9.000	5400	8.980	100	8.970	200	8.950	8700	9.020	6700	9.030	800	9.060	100	9.080	2900	9.090	4600	/16842768//19149900/2135011/9.01/9.09//2008-9-18 14:48:17
15/600038/哈飞股份/8.980	2900	8.970	200	8.950	8300	8.930	1300	8.920	5000	9.000	7400	9.010	2390	9.020	5500	9.030	400	9.060	100	/16842768//19214718/2142211/9.0/9.09//2008-9-18 14:49:18
15/600038/哈飞股份/8.980	1300	8.950	8300	8.930	1300	8.910	100	8.900	11000	9.000	6500	9.010	2390	9.020	5500	9.030	400	9.060	100	/16842768//19272198/2148611/9.0/9.09//2008-9-18 14:50:18
15/600038/哈飞股份/8.960	3600	8.950	8800	8.930	1300	8.910	100	8.900	3500	8.980	1590	9.000	6700	9.020	5500	9.030	400	9.060	100	/16842768//19285668/2150111/8.98/9.09//2008-9-18 14:51:19
15/600038/哈飞股份/8.960	3220	8.950	9200	8.930	1300	8.910	1000	8.900	2600	9.000	8100	9.020	4700	9.030	400	9.060	100	9.080	900	/16842768//19387906/2161491/9.0/9.09//2008-9-18 14:52:20
15/600038/哈飞股份/8.980	400	8.960	320	8.950	8400	8.930	1300	8.910	1000	9.020	4700	9.030	200	9.060	300	9.080	3400	9.090	2600	/16842768//19450904/2168491/9.0/9.09//2008-9-18 14:53:21
15/600038/哈飞股份/9.000	4600	8.990	1000	8.980	800	8.960	3020	8.950	8400	9.020	1200	9.030	200	9.060	300	9.080	3400	9.090	5600	/16842768//19457272/2169191/9.02/9.09//2008-9-18 14:54:21
15/600038/哈飞股份/9.020	200	9.010	200	9.000	12600	8.980	800	8.960	2920	9.060	3500	9.080	3400	9.090	3600	9.100	18030	9.120	2200	/16842768//19570758/2181791/9.02/9.09//2008-9-18 14:55:22
15/600038/哈飞股份/9.030	4600	9.020	400	9.010	200	9.000	13300	8.980	800	9.050	6000	9.060	1600	9.070	200	9.080	3400	9.090	3600	/16842768//19606072/2185691/9.05/9.09//2008-9-18 14:56:23
15/600038/哈飞股份/9.030	2020	9.020	300	9.010	200	9.000	13200	8.980	900	9.040	17500	9.050	16800	9.060	1600	9.070	200	9.080	3400	/16842768//19693578/2195371/9.04/9.09//2008-9-18 14:57:23
15/600038/哈飞股份/9.000	12500	8.980	900	8.960	2800	8.950	7800	8.930	1300	9.010	1300	9.020	2000	9.030	5400	9.040	19780	9.050	6300	/16842768//19796610/2206791/9.01/9.09//2008-9-18 14:58:24
15/600038/哈飞股份/9.030	1300	9.020	2500	9.010	1100	9.000	7700	8.980	1400	9.040	19580	9.050	5900	9.060	100	9.070	200	9.080	400	/16842768//0/0/9.03/9.09//2008-9-18 14:59:25
15/600038/哈飞股份/9.010	500	9.000	7500	8.980	1400	8.960	2100	8.950	100	9.020	12800	9.030	2900	9.040	19580	9.050	5900	9.060	100	/16842768//20137388/2244591/9.02/9.09//2008-9-18 15:0:26
15/600038/哈飞股份/9.010	500	9.000	7500	8.980	1400	8.960	2100	8.950	100	9.020	12800	9.030	2900	9.040	19580	9.050	5900	9.060	100	/16842768//20137388/2244591/9.02/9.09//2008-9-18 15:1:26
15/600038/哈飞股份/9.010	500	9.000	7500	8.980	1400	8.960	2100	8.950	100	9.020	12800	9.030	2900	9.040	19580	9.050	5900	9.060	100	/16842768//20137388/2244591/9.02/9.09//2008-9-18 15:2:27
