46/600082/海泰发展/5.080	2200	5.050	2000	5.020	4200	5.010	22800	5.000	6900	5.100	8400	5.110	13400	5.120	700	5.130	14400	5.140	6300	/16842800//40859/8000/5.08/5.18//2008-9-18 9:31:34
46/600082/海泰发展/5.060	300	5.050	3900	5.020	4900	5.010	23300	5.000	6900	5.080	3600	5.100	6200	5.110	13400	5.120	700	5.130	10800	/16842800//77984/15300/5.05/5.18//2008-9-18 9:32:35
46/600082/海泰发展/5.080	7300	5.060	300	5.050	3900	5.030	2000	5.020	8700	5.110	13400	5.120	6700	5.130	9800	5.140	6300	5.150	30400	/16842800//199064/39100/5.08/5.18//2008-9-18 9:33:35
46/600082/海泰发展/5.060	400	5.050	3900	5.030	2000	5.020	9700	5.010	23300	5.080	5300	5.090	18582	5.100	100	5.110	13400	5.120	6700	/16842800//228035/44800/5.08/5.18//2008-9-18 9:34:35
46/600082/海泰发展/5.050	3900	5.040	1000	5.030	2000	5.020	10000	5.010	23300	5.060	11500	5.080	2600	5.090	18582	5.100	100	5.110	13400	/16842800//224979/44200/5.06/5.18//2008-9-18 9:35:35
46/600082/海泰发展/5.050	2500	5.040	1000	5.030	3000	5.020	10000	5.010	23300	5.060	7000	5.080	2800	5.090	18582	5.100	1100	5.110	13400	/16842800//295805/58200/5.06/5.18//2008-9-18 9:36:36
46/600082/海泰发展/5.050	1700	5.040	1000	5.030	4000	5.020	12000	5.010	25800	5.060	7000	5.080	2800	5.090	18582	5.100	1100	5.110	13400	/16842800//299845/59000/5.05/5.18//2008-9-18 9:37:36
46/600082/海泰发展/4.950	1000	4.900	2000	4.840	800	4.830	1000	4.820	10000	5.000	10700	5.050	21400	5.060	7000	5.080	2800	5.090	18582	/16842800//572588/113400/5.0/5.18//2008-9-18 9:38:36
46/600082/海泰发展/4.900	2000	4.840	1100	4.830	1000	4.810	300	4.780	500	4.950	700	5.000	7700	5.050	20300	5.060	7000	5.080	2800	/16842800//602438/119400/4.95/5.18//2008-9-18 9:39:36
46/600082/海泰发展/5.000	11800	4.950	13300	4.930	3000	4.910	1800	4.900	3300	5.050	20300	5.060	7000	5.080	3900	5.090	18582	5.100	3100	/16842800//652348/129400/5.0/5.18//2008-9-18 9:40:36
46/600082/海泰发展/4.980	500	4.950	10000	4.930	3000	4.910	5800	4.900	54300	5.000	6900	5.040	3200	5.050	20300	5.060	7000	5.080	3900	/16842800//786348/156200/5.0/5.18//2008-9-18 9:41:37
46/600082/海泰发展/5.000	1100	4.980	10500	4.960	2200	4.950	6500	4.930	3000	5.040	6500	5.050	21300	5.060	7000	5.080	3900	5.090	18582	/16842800//827160/164300/5.04/5.18//2008-9-18 9:42:37
46/600082/海泰发展/5.000	1800	4.980	10500	4.960	2200	4.950	6600	4.930	3000	5.040	6500	5.050	21300	5.060	7000	5.080	3900	5.090	18582	/16842800//827160/164300/5.04/5.18//2008-9-18 9:43:37
46/600082/海泰发展/5.000	600	4.980	10500	4.960	2000	4.950	7400	4.930	3000	5.040	4900	5.050	21300	5.060	7000	5.080	3900	5.090	18582	/16842800//841112/167100/5.0/5.18//2008-9-18 9:44:37
46/600082/海泰发展/5.000	2600	4.980	10000	4.970	1100	4.960	3100	4.950	7400	5.020	2400	5.040	15100	5.050	21300	5.060	7000	5.080	3900	/16842800//851102/169100/5.0/5.18//2008-9-18 9:45:37
46/600082/海泰发展/4.980	1100	4.960	3600	4.950	7400	4.930	3000	4.910	16300	5.020	2200	5.040	15100	5.050	21300	5.060	7000	5.070	9800	/16842800//929936/184900/5.02/5.18//2008-9-18 9:46:38
46/600082/海泰发展/4.980	1500	4.960	3600	4.950	7400	4.930	3000	4.910	16300	5.000	1000	5.020	2200	5.030	1900	5.040	15100	5.050	21300	/16842800//934936/185900/5.0/5.18//2008-9-18 9:47:38
46/600082/海泰发展/4.990	3500	4.980	1600	4.970	2000	4.960	8400	4.950	7400	5.020	1600	5.030	1900	5.040	15100	5.050	21300	5.060	7000	/16842800//943450/187600/5.02/5.18//2008-9-18 9:48:38
46/600082/海泰发展/5.000	2100	4.990	5000	4.980	1100	4.970	2000	4.960	3600	5.040	15100	5.050	21300	5.060	7000	5.070	9800	5.080	2800	/16842800//951985/189300/5.03/5.18//2008-9-18 9:49:39
46/600082/海泰发展/5.000	2900	4.990	4500	4.980	1300	4.970	2000	4.960	3600	5.030	4700	5.040	15100	5.050	24300	5.060	7000	5.070	9800	/16842800//964560/191800/5.03/5.18//2008-9-18 9:50:39
46/600082/海泰发展/4.980	1300	4.970	2000	4.960	3600	4.950	7400	4.940	1200	5.000	4700	5.020	1000	5.030	2500	5.040	15100	5.050	24300	/16842800//1023160/203500/4.99/5.18//2008-9-18 9:51:39
46/600082/海泰发展/4.940	1200	4.930	3000	4.910	6300	4.900	55800	4.880	31000	4.950	300	5.000	4700	5.020	1000	5.030	3000	5.040	15100	/16842800//1101028/219200/4.95/5.18//2008-9-18 9:52:39
46/600082/海泰发展/4.950	100	4.940	1200	4.930	3000	4.910	5800	4.900	5800	4.970	9300	5.000	14700	5.020	1000	5.030	4800	5.040	15100	/16842800//1150722/229200/4.97/5.18//2008-9-18 9:53:40
46/600082/海泰发展/4.970	601	4.950	5000	4.940	1200	4.930	3000	4.910	5800	5.000	15000	5.020	1000	5.030	5200	5.040	15100	5.050	24300	/16842800//1164636/231999/4.97/5.18//2008-9-18 9:54:40
46/600082/海泰发展/4.960	4000	4.950	5200	4.940	1200	4.930	3000	4.910	5800	4.970	799	4.990	1000	5.000	15500	5.020	1000	5.030	5200	/16842800//1205400/240201/4.97/5.18//2008-9-18 9:55:40
46/600082/海泰发展/4.950	5200	4.940	1200	4.930	3000	4.910	5800	4.900	6800	4.960	12400	4.970	3099	4.990	1000	5.000	35500	5.020	1000	/16842800//1242564/247700/4.96/5.18//2008-9-18 9:56:41
46/600082/海泰发展/4.960	1900	4.950	1700	4.940	1200	4.930	3900	4.910	5800	4.970	3099	4.990	1000	5.000	35500	5.020	1000	5.030	4800	/16842800//1348144/269000/4.96/5.18//2008-9-18 9:57:41
46/600082/海泰发展/4.950	1500	4.940	1200	4.930	13900	4.910	4300	4.900	6800	4.960	1800	4.970	99	4.990	1000	5.000	30900	5.020	1000	/16842800//1345228/268400/4.96/5.18//2008-9-18 9:58:41
46/600082/海泰发展/4.930	13900	4.910	4300	4.900	6800	4.840	13100	4.830	11000	4.940	300	4.950	3599	4.970	800	4.990	16000	5.000	30900	/16842800//1360564/271500/4.94/5.18//2008-9-18 9:59:41
46/600082/海泰发展/4.950	301	4.940	900	4.930	13900	4.910	4300	4.900	6500	4.970	800	4.990	16000	5.000	20900	5.020	1000	5.030	4800	/16842800//1472921/294199/4.95/5.18//2008-9-18 10:0:42
46/600082/海泰发展/4.940	700	4.930	13900	4.910	4300	4.900	6500	4.860	500	4.950	5399	4.970	800	4.990	16000	5.000	21900	5.020	1000	/16842800//1477381/295100/4.95/5.18//2008-9-18 10:1:42
46/600082/海泰发展/4.930	13900	4.910	4000	4.900	6500	4.860	500	4.850	10000	4.940	10300	4.950	5399	4.970	800	4.990	16000	5.000	22100	/16842800//1512512/302200/4.94/4.95//2008-9-18 10:2:42
46/600082/海泰发展/4.910	4000	4.900	6500	4.860	10500	4.850	10000	4.840	13100	4.930	11000	4.940	10300	4.950	5399	4.970	800	4.990	16000	/16842800//1577581/315400/4.93/4.95//2008-9-18 10:3:42
46/600082/海泰发展/4.850	10000	4.840	13100	4.830	11000	4.810	12800	4.800	8400	4.860	19500	4.900	18200	4.910	25500	4.930	4000	4.940	10300	/16842800//1630521/326200/4.86/4.95//2008-9-18 10:4:43
46/600082/海泰发展/4.830	10600	4.810	12300	4.800	9400	4.780	600	4.730	3500	4.850	9200	4.900	19200	4.910	25500	4.930	1400	4.940	1400	/16842800//1745521/349900/4.85/4.95//2008-9-18 10:5:43
46/600082/海泰发展/4.850	7800	4.830	3700	4.810	12300	4.800	9400	4.780	600	4.880	100	4.890	3448	4.900	21700	4.910	5500	4.930	1400	/16842800//1826863/366700/4.85/4.95//2008-9-18 10:6:43
46/600082/海泰发展/4.840	400	4.830	7800	4.810	12300	4.800	9400	4.780	5500	4.850	30600	4.880	100	4.890	3448	4.900	21700	4.910	5500	/16842800//1902014/382200/4.84/4.95//2008-9-18 10:7:44
46/600082/海泰发展/4.840	2700	4.830	7800	4.820	4000	4.810	12300	4.800	10100	4.850	19600	4.880	100	4.900	19700	4.910	5500	4.930	4200	/16842800//1986406/399600/4.85/4.95//2008-9-18 10:8:44
46/600082/海泰发展/4.850	1300	4.840	500	4.830	7800	4.820	4000	4.810	12300	4.880	100	4.900	1500	4.910	5500	4.930	4200	4.940	1400	/16842800//2111943/425500/4.85/4.95//2008-9-18 10:9:44
46/600082/海泰发展/4.860	1000	4.850	4100	4.840	2600	4.830	9300	4.820	4700	4.880	100	4.900	1400	4.910	5500	4.930	4200	4.940	1400	/16842800//2123699/427900/4.9/4.95//2008-9-18 10:10:44
46/600082/海泰发展/4.810	1308	4.800	18200	4.780	5500	4.760	2000	4.750	700	4.850	8000	4.860	500	4.880	100	4.900	1400	4.910	5500	/16842800//2423668/490084/4.81/4.95//2008-9-18 10:11:45
46/600082/海泰发展/4.830	1000	4.820	1100	4.810	2608	4.800	17700	4.780	5500	4.850	4200	4.860	500	4.880	100	4.900	2400	4.910	5500	/16842800//2289175/462192/4.85/4.95//2008-9-18 10:12:45
46/600082/海泰发展/4.810	16608	4.800	19500	4.780	5500	4.760	2500	4.750	700	4.820	1500	4.830	48800	4.850	5000	4.860	500	4.880	100	/16842800//2302689/464992/4.82/4.95//2008-9-18 10:13:45
46/600082/海泰发展/4.810	2600	4.800	11560	4.780	5500	4.760	2500	4.750	1700	4.830	48600	4.850	5000	4.860	500	4.880	100	4.900	12400	/16842800//2457254/497140/4.8/4.95//2008-9-18 10:14:46
46/600082/海泰发展/4.780	5500	4.760	2500	4.750	1700	4.730	13500	4.710	34400	4.800	1740	4.810	3300	4.820	4300	4.830	48600	4.850	5000	/16842800//2554549/517400/4.8/4.95//2008-9-18 10:15:46
46/600082/海泰发展/4.780	5500	4.760	2500	4.750	1700	4.740	2000	4.730	13500	4.800	15840	4.820	2600	4.830	48600	4.850	5000	4.860	500	/16842800//2641536/535500/4.8/4.95//2008-9-18 10:16:46
46/600082/海泰发展/4.820	2160	4.800	9100	4.790	2000	4.780	5500	4.760	3300	4.830	48600	4.850	5000	4.860	500	4.880	100	4.900	11400	/16842800//2731546/554240/4.82/4.95//2008-9-18 10:17:47
46/600082/海泰发展/4.820	1160	4.800	6500	4.790	2000	4.780	5500	4.760	3300	4.830	3800	4.850	5000	4.860	500	4.880	100	4.900	11400	/16842800//2951304/599740/4.83/4.95//2008-9-18 10:18:47
46/600082/海泰发展/4.830	14000	4.820	860	4.810	1000	4.800	10000	4.790	27000	4.850	1300	4.860	500	4.880	100	4.900	11400	4.910	5500	/16842800//3086610/627740/4.85/4.95//2008-9-18 10:19:47
46/600082/海泰发展/4.860	4800	4.850	18460	4.820	700	4.810	1500	4.800	10000	4.880	29600	4.900	11400	4.910	5500	4.930	1000	4.940	300	/16842800//3196625/650540/4.88/4.95//2008-9-18 10:20:48
46/600082/海泰发展/4.860	5500	4.850	11900	4.820	700	4.810	7700	4.800	10500	4.880	13500	4.900	11400	4.910	5500	4.930	1000	4.940	300	/16842800//3298531/671440/4.88/4.95//2008-9-18 10:21:48
46/600082/海泰发展/4.860	7100	4.850	11900	4.820	500	4.810	7700	4.800	11500	4.880	11000	4.900	11400	4.910	5500	4.930	1000	4.940	60300	/16842800//3310731/673940/4.88/4.95//2008-9-18 10:22:48
46/600082/海泰发展/4.850	7900	4.820	500	4.810	7700	4.800	11500	4.790	27000	4.860	23969	4.870	1448	4.880	11500	4.900	11400	4.910	5500	/16842800//3359295/683940/4.85/4.95//2008-9-18 10:23:48
46/600082/海泰发展/4.850	300	4.820	4000	4.810	7700	4.800	12500	4.790	27000	4.860	21969	4.880	20800	4.900	11900	4.910	5500	4.930	21200	/16842800//3402965/692940/4.85/4.95//2008-9-18 10:24:49
46/600082/海泰发展/4.850	6000	4.830	1300	4.820	8400	4.810	17700	4.800	12500	4.860	21969	4.880	20800	4.900	11900	4.910	5500	4.930	21200	/16842800//3404905/693340/4.85/4.95//2008-9-18 10:25:49
46/600082/海泰发展/4.820	6400	4.810	17700	4.800	13500	4.790	27000	4.780	5500	4.860	20969	4.880	11000	4.900	12100	4.910	5500	4.930	21200	/16842800//3457194/704140/4.82/4.95//2008-9-18 10:26:49
46/600082/海泰发展/4.830	4700	4.820	9500	4.810	17700	4.800	13500	4.790	27000	4.860	21469	4.880	11000	4.900	12100	4.910	25500	4.930	21200	/16842800//3459613/704640/4.83/4.95//2008-9-18 10:27:50
46/600082/海泰发展/4.830	4000	4.820	9500	4.810	17700	4.800	13500	4.790	27000	4.860	21469	4.880	11000	4.900	12100	4.910	25500	4.930	21200	/16842800//3462994/705340/4.83/4.95//2008-9-18 10:28:50
46/600082/海泰发展/4.840	5400	4.830	6000	4.820	8800	4.810	17700	4.800	14000	4.860	21469	4.880	11000	4.900	13100	4.910	25500	4.930	21200	/16842800//3462994/705340/4.83/4.95//2008-9-18 10:29:50
46/600082/海泰发展/4.840	6400	4.830	7000	4.820	8800	4.810	17700	4.800	14000	4.860	19469	4.880	11000	4.900	13100	4.910	5500	4.930	1200	/16842800//3472714/707340/4.86/4.95//2008-9-18 10:30:51
46/600082/海泰发展/4.840	6900	4.830	7000	4.820	9300	4.810	17700	4.800	13500	4.860	19469	4.880	11000	4.900	13100	4.910	5500	4.930	1200	/16842800//3472714/707340/4.86/4.95//2008-9-18 10:31:51
46/600082/海泰发展/4.840	6900	4.830	7000	4.820	9300	4.810	17700	4.800	13500	4.860	19469	4.880	11000	4.900	13100	4.910	5500	4.930	1200	/16842800//3472714/707340/4.86/4.95//2008-9-18 10:32:51
46/600082/海泰发展/4.840	5400	4.830	7500	4.820	9300	4.810	11000	4.800	13500	4.850	800	4.860	19469	4.880	10000	4.900	13100	4.910	5500	/16842800//3479974/708840/4.84/4.95//2008-9-18 10:33:52
46/600082/海泰发展/4.840	1800	4.830	7000	4.820	9800	4.810	11000	4.800	13500	4.860	19269	4.880	10000	4.900	13100	4.910	5500	4.930	1200	/16842800//3489678/710840/4.86/4.95//2008-9-18 10:34:52
46/600082/海泰发展/4.840	2200	4.830	7000	4.820	9800	4.810	11000	4.800	13500	4.860	21269	4.880	10000	4.900	13100	4.910	5500	4.930	1200	/16842800//3489686/710840/4.86/4.95//2008-9-18 10:35:52
46/600082/海泰发展/4.840	2200	4.830	7000	4.820	9800	4.810	11000	4.800	14200	4.860	21269	4.880	10000	4.900	13100	4.910	5500	4.930	1200	/16842800//3494546/711840/4.86/4.95//2008-9-18 10:36:53
46/600082/海泰发展/4.840	3200	4.830	7000	4.820	9800	4.810	11000	4.800	14200	4.850	1500	4.860	21269	4.880	10000	4.900	13100	4.910	5500	/16842800//3494546/711840/4.86/4.95//2008-9-18 10:37:53
46/600082/海泰发展/4.840	3200	4.830	7000	4.820	8300	4.810	11000	4.800	14200	4.850	1500	4.860	21269	4.880	10000	4.900	13100	4.910	5500	/16842800//3494546/711840/4.86/4.95//2008-9-18 10:38:53
46/600082/海泰发展/4.830	7000	4.820	8300	4.810	11000	4.800	14200	4.790	27000	4.840	800	4.850	1200	4.860	21269	4.880	10000	4.900	13100	/16842800//3509054/714840/4.84/4.95//2008-9-18 10:39:54
46/600082/海泰发展/4.830	7000	4.820	8300	4.810	11000	4.800	14200	4.790	27000	4.850	1200	4.860	21269	4.880	10000	4.900	13100	4.910	5500	/16842800//3524542/718040/4.84/4.95//2008-9-18 10:40:54
46/600082/海泰发展/4.830	7300	4.820	8300	4.810	11000	4.800	14200	4.790	27000	4.840	500	4.850	500	4.860	21269	4.880	10000	4.900	13100	/16842800//3515844/716240/4.85/4.95//2008-9-18 10:41:54
46/600082/海泰发展/4.840	2400	4.830	7300	4.820	7300	4.810	11000	4.800	14200	4.850	8300	4.860	21269	4.880	10000	4.900	13100	4.910	5500	/16842800//3515837/716240/4.84/4.95//2008-9-18 10:42:55
46/600082/海泰发展/4.840	1400	4.830	7300	4.820	7300	4.810	11000	4.800	14200	4.850	6700	4.860	21269	4.880	12000	4.900	13100	4.910	5500	/16842800//3527957/718740/4.84/4.95//2008-9-18 10:43:55
46/600082/海泰发展/4.850	1000	4.840	1300	4.830	7300	4.820	6300	4.810	11000	4.860	21269	4.880	12000	4.900	13100	4.910	5500	4.930	1200	/16842800//3560936/725540/4.85/4.95//2008-9-18 10:44:56
46/600082/海泰发展/4.840	1300	4.830	5300	4.820	6300	4.810	11000	4.800	15500	4.850	200	4.860	21269	4.880	12000	4.900	13100	4.910	5500	/16842800//0/0/4.85/4.95//2008-9-18 10:45:56
46/600082/海泰发展/4.830	5300	4.820	6300	4.810	11000	4.800	15500	4.790	27000	4.840	5800	4.850	3148	4.860	21269	4.880	12000	4.900	13100	/16842800//3577896/729040/4.84/4.95//2008-9-18 10:46:56
46/600082/海泰发展/4.820	200	4.810	11000	4.800	15500	4.790	27000	4.780	5500	4.830	348	4.840	6300	4.850	2700	4.860	21269	4.880	12000	/16842800//3634832/740840/4.83/4.95//2008-9-18 10:47:57
46/600082/海泰发展/4.810	9400	4.800	15500	4.790	5000	4.780	5500	4.760	3300	4.830	348	4.840	6300	4.850	2700	4.860	22269	4.880	12000	/16842800//3645420/743040/4.81/4.95//2008-9-18 10:48:57
46/600082/海泰发展/4.790	5000	4.780	10500	4.770	5000	4.760	8300	4.750	10200	4.800	11500	4.810	16700	4.830	348	4.840	500	4.850	2700	/16842800//3839434/783440/4.8/4.95//2008-9-18 10:49:57
46/600082/海泰发展/4.790	9000	4.780	10500	4.770	5000	4.760	8300	4.750	10200	4.800	11500	4.810	16700	4.830	348	4.840	500	4.850	2700	/16842800//3769824/768940/4.79/4.95//2008-9-18 10:50:58
46/600082/海泰发展/4.790	8500	4.780	10500	4.770	5000	4.760	8300	4.750	10200	4.800	13000	4.810	16700	4.830	348	4.840	500	4.850	2700	/16842800//3774614/769940/4.79/4.95//2008-9-18 10:51:58
46/600082/海泰发展/4.780	10500	4.770	5000	4.760	8300	4.750	9200	4.730	17500	4.790	1200	4.800	13000	4.810	14700	4.830	348	4.840	500	/16842800//3812934/777940/4.79/4.95//2008-9-18 10:52:58
46/600082/海泰发展/4.780	1300	4.770	10000	4.760	3300	4.750	9400	4.730	17500	4.800	11500	4.810	14700	4.830	348	4.840	500	4.850	3400	/16842800//3845469/784740/4.8/4.95//2008-9-18 10:53:59
46/600082/海泰发展/4.780	5900	4.760	3300	4.750	9400	4.730	17500	4.720	4000	4.800	11500	4.810	14700	4.830	348	4.840	500	4.850	3400	/16842800//3849293/785540/4.78/4.95//2008-9-18 10:54:59
46/600082/海泰发展/4.780	8900	4.760	7300	4.750	9400	4.740	500	4.730	17500	4.790	1800	4.800	12500	4.810	14700	4.830	348	4.840	500	/16842800//3856941/787140/4.78/4.95//2008-9-18 10:56:0
46/600082/海泰发展/4.790	5200	4.780	6000	4.760	7300	4.750	9400	4.740	500	4.800	12500	4.810	14700	4.830	348	4.840	500	4.850	3400	/16842800//3881820/792340/4.79/4.95//2008-9-18 10:57:0
46/600082/海泰发展/4.790	8100	4.780	8000	4.770	2000	4.760	7300	4.750	9400	4.800	10800	4.810	14700	4.830	348	4.840	500	4.850	2700	/16842800//3888536/793740/4.8/4.95//2008-9-18 10:58:0
46/600082/海泰发展/4.790	7300	4.780	8100	4.770	4000	4.760	9300	4.750	9400	4.800	5100	4.810	15400	4.830	348	4.840	500	4.850	2700	/16842800//3905328/797240/4.79/4.95//2008-9-18 10:59:1
46/600082/海泰发展/4.790	6100	4.780	8100	4.770	4000	4.760	9700	4.750	9400	4.800	7294	4.810	15400	4.830	348	4.840	500	4.850	3600	/16842800//3915876/799440/4.79/4.95//2008-9-18 11:0:1
46/600082/海泰发展/4.800	1506	4.790	4400	4.780	8100	4.770	4000	4.760	9700	4.810	15400	4.830	348	4.840	500	4.850	2700	4.860	19269	/16842800//3973430/811434/4.8/4.95//2008-9-18 11:1:2
46/600082/海泰发展/4.790	3900	4.780	8100	4.770	4000	4.760	9700	4.750	9400	4.800	2094	4.810	15400	4.830	348	4.840	500	4.850	2500	/16842800//3983054/813440/4.79/4.95//2008-9-18 11:2:2
46/600082/海泰发展/4.790	600	4.780	8100	4.770	4000	4.760	9700	4.750	9400	4.800	694	4.810	15400	4.830	348	4.840	500	4.850	2500	/16842800//4025754/822340/4.8/4.95//2008-9-18 11:3:2
46/600082/海泰发展/4.780	8100	4.770	4000	4.760	9700	4.750	9400	4.740	500	4.790	4100	4.800	194	4.810	15400	4.830	348	4.840	500	/16842800//4031028/823440/4.79/4.95//2008-9-18 11:4:3
46/600082/海泰发展/4.780	8100	4.770	5300	4.760	9700	4.750	9400	4.740	500	4.790	400	4.800	494	4.810	15400	4.830	348	4.840	500	/16842800//4046356/826640/4.79/4.95//2008-9-18 11:5:3
46/600082/海泰发展/4.780	2700	4.770	5300	4.760	9700	4.750	9400	4.740	500	4.800	1000	4.810	5894	4.830	348	4.840	500	4.850	2500	/16842800//4120741/842140/4.81/4.95//2008-9-18 11:6:4
46/600082/海泰发展/4.810	6	4.780	2700	4.770	5300	4.760	9700	4.750	9400	4.830	348	4.840	3500	4.850	2500	4.860	18769	4.870	2000	/16842800//4187041/855928/4.81/4.95//2008-9-18 11:7:4
46/600082/海泰发展/4.800	7306	4.780	2700	4.770	5300	4.760	9700	4.750	9400	4.830	348	4.840	3500	4.850	2500	4.860	18769	4.870	2000	/16842800//4173104/853034/4.8/4.95//2008-9-18 11:8:4
46/600082/海泰发展/4.800	5806	4.780	7700	4.770	5300	4.760	9700	4.750	9400	4.840	548	4.850	1500	4.860	18769	4.870	2000	4.880	12000	/16842800//4198673/858334/4.84/4.95//2008-9-18 11:9:5
46/600082/海泰发展/4.810	600	4.800	7406	4.780	7700	4.770	5300	4.760	9700	4.850	1448	4.860	18769	4.870	2000	4.880	12000	4.900	24270	/16842800//4201578/858934/4.85/4.95//2008-9-18 11:10:5
46/600082/海泰发展/4.810	600	4.800	9406	4.780	7700	4.770	5300	4.760	9700	4.840	1000	4.850	2448	4.860	18769	4.870	2000	4.880	12000	/16842800//4201578/858934/4.85/4.95//2008-9-18 11:11:6
46/600082/海泰发展/4.800	1506	4.780	7700	4.770	5300	4.760	9700	4.750	9400	4.810	5300	4.840	1000	4.850	2448	4.860	18769	4.870	2000	/16842800//4244784/867934/4.8/4.95//2008-9-18 11:12:6
46/600082/海泰发展/4.780	7700	4.770	5300	4.760	9700	4.750	9400	4.740	500	4.800	25494	4.810	5300	4.840	1000	4.850	2448	4.860	18769	/16842800//4252012/869440/4.8/4.95//2008-9-18 11:13:7
46/600082/海泰发展/4.780	7700	4.770	5300	4.760	9700	4.750	9400	4.740	500	4.800	38494	4.840	1000	4.850	2448	4.860	18769	4.870	2000	/16842800//4252012/869440/4.8/4.95//2008-9-18 11:14:7
46/600082/海泰发展/4.770	10300	4.760	9700	4.750	9400	4.740	500	4.730	17500	4.800	38394	4.840	1000	4.850	2448	4.860	18769	4.870	2000	/16842800//4286432/876640/4.8/4.95//2008-9-18 11:15:7
46/600082/海泰发展/4.770	10300	4.760	9700	4.750	9400	4.740	500	4.730	17500	4.800	35994	4.840	1000	4.850	2448	4.860	18769	4.870	2000	/16842800//4288390/877040/4.8/4.95//2008-9-18 11:16:8
46/600082/海泰发展/4.770	11200	4.760	9700	4.750	9400	4.740	500	4.730	17500	4.780	1600	4.800	35994	4.840	1000	4.850	2448	4.860	18769	/16842800//4288390/877040/4.8/4.95//2008-9-18 11:17:8
46/600082/海泰发展/4.770	11200	4.760	9700	4.750	9700	4.740	500	4.730	17500	4.780	1600	4.800	41294	4.840	1000	4.850	2448	4.860	18769	/16842800//4288390/877040/4.8/4.95//2008-9-18 11:18:9
46/600082/海泰发展/4.770	9300	4.760	9700	4.750	9700	4.740	500	4.730	17500	4.780	600	4.800	41294	4.840	1000	4.850	2448	4.860	18769	/16842800//4302233/879940/4.77/4.95//2008-9-18 11:19:9
46/600082/海泰发展/4.770	9300	4.760	9700	4.750	9500	4.740	500	4.730	17500	4.780	600	4.800	41294	4.840	1000	4.850	2448	4.860	18769	/16842800//4302233/879940/4.77/4.95//2008-9-18 11:20:10
46/600082/海泰发展/4.770	9800	4.760	9700	4.750	9500	4.740	500	4.730	17500	4.780	400	4.800	42794	4.840	1000	4.850	2448	4.860	18769	/16842800//4305097/880540/4.77/4.95//2008-9-18 11:21:10
46/600082/海泰发展/4.770	7800	4.760	9700	4.750	9500	4.740	500	4.730	17500	4.780	400	4.800	43794	4.840	1000	4.850	2448	4.860	18769	/16842800//4314637/882540/4.77/4.95//2008-9-18 11:22:10
46/600082/海泰发展/4.770	10000	4.760	9700	4.750	9500	4.740	500	4.730	17500	4.780	300	4.800	38994	4.820	10000	4.840	1000	4.850	2448	/16842800//4319885/883640/4.78/4.95//2008-9-18 11:23:11
46/600082/海泰发展/4.770	2900	4.760	9700	4.750	9500	4.740	500	4.730	17500	4.800	38994	4.820	10000	4.840	1000	4.850	2448	4.860	18769	/16842800//4359479/891940/4.78/4.95//2008-9-18 11:24:11
46/600082/海泰发展/4.770	2600	4.760	9700	4.750	9500	4.740	500	4.730	17500	4.780	4100	4.800	38994	4.820	10000	4.840	1000	4.850	2448	/16842800//4366646/893440/4.78/4.95//2008-9-18 11:25:12
46/600082/海泰发展/4.780	5200	4.770	2600	4.760	9700	4.750	10500	4.740	500	4.800	38994	4.810	1300	4.820	10000	4.840	1000	4.850	2448	/16842800//4389590/898240/4.78/4.95//2008-9-18 11:26:12
46/600082/海泰发展/4.770	1900	4.760	9700	4.750	10500	4.740	500	4.730	17500	4.780	8400	4.800	38994	4.810	1300	4.820	10000	4.840	1000	/16842800//4417785/904140/4.77/4.95//2008-9-18 11:27:13
46/600082/海泰发展/4.780	4300	4.760	9700	4.750	10500	4.740	500	4.730	17500	4.800	38994	4.810	1300	4.820	10000	4.840	1000	4.850	2448	/16842800//4481787/917540/4.78/4.95//2008-9-18 11:28:13
46/600082/海泰发展/4.760	9700	4.750	10500	4.740	2500	4.730	17500	4.720	3000	4.780	13400	4.800	41994	4.810	1300	4.820	10000	4.840	1000	/16842800//4502341/921840/4.78/4.95//2008-9-18 11:29:14
46/600082/海泰发展/4.780	10600	4.760	7300	4.750	10500	4.740	2500	4.730	17500	4.800	41994	4.810	1300	4.820	10000	4.840	1000	4.850	2448	/16842800//4582597/938640/4.78/4.95//2008-9-18 11:30:14
46/600082/海泰发展/4.780	10600	4.760	7300	4.750	10500	4.740	2500	4.730	17500	4.800	41994	4.810	1300	4.820	10000	4.840	1000	4.850	2448	/16842800//4582597/938640/4.78/4.95//2008-9-18 11:31:15
46/600082/海泰发展/4.750	10500	4.740	4500	4.730	11500	4.720	3000	4.710	33300	4.760	1200	4.780	19812	4.800	18500	4.810	1300	4.840	1000	/16842800//4645561/951840/4.76/4.95//2008-9-18 13:1:15
46/600082/海泰发展/4.740	4500	4.730	11500	4.720	3000	4.710	33300	4.700	12500	4.750	4800	4.760	4300	4.770	1000	4.780	19512	4.800	18500	/16842800//4704936/964340/4.75/4.95//2008-9-18 13:2:16
46/600082/海泰发展/4.750	700	4.740	2500	4.730	11500	4.720	3000	4.710	33300	4.760	2200	4.770	1000	4.780	19512	4.800	18500	4.810	1300	/16842800//4733416/970340/4.75/4.95//2008-9-18 13:3:16
46/600082/海泰发展/4.760	5900	4.730	4500	4.720	5000	4.710	33300	4.700	12500	4.770	1000	4.780	19512	4.800	18500	4.810	1300	4.840	1000	/16842800//4853577/995640/4.76/4.95//2008-9-18 13:4:17
46/600082/海泰发展/4.760	1600	4.730	4500	4.720	5000	4.710	33300	4.700	12500	4.770	900	4.780	19512	4.800	18500	4.810	1300	4.840	1000	/16842800//4874522/1000040/4.76/4.95//2008-9-18 13:5:17
46/600082/海泰发展/4.760	1600	4.730	4800	4.720	5000	4.710	33300	4.700	12500	4.770	900	4.780	19512	4.800	18500	4.810	1300	4.840	1000	/16842800//4874522/1000040/4.76/4.95//2008-9-18 13:6:18
46/600082/海泰发展/4.760	1600	4.730	4800	4.720	5000	4.710	33300	4.700	12200	4.770	1400	4.780	19512	4.800	18500	4.810	1300	4.840	1000	/16842800//4879282/1001040/4.76/4.95//2008-9-18 13:7:18
46/600082/海泰发展/4.770	40600	4.760	1600	4.730	4800	4.720	5000	4.710	33300	4.780	19512	4.800	18500	4.810	1300	4.840	1000	4.850	3500	/16842800//4895500/1004440/4.77/4.95//2008-9-18 13:8:19
46/600082/海泰发展/4.780	2988	4.770	40600	4.760	1600	4.730	4800	4.720	5000	4.800	18500	4.810	1300	4.840	1000	4.850	3500	4.860	18769	/16842800//5082035/1043464/4.78/4.95//2008-9-18 13:9:19
46/600082/海泰发展/4.780	2988	4.770	40600	4.760	1600	4.750	800	4.730	4800	4.790	6700	4.800	18300	4.810	1300	4.840	1000	4.850	3500	/16842800//4995955/1025452/4.79/4.95//2008-9-18 13:10:20
46/600082/海泰发展/4.780	100	4.770	38588	4.760	1600	4.750	500	4.730	4800	4.790	6600	4.800	18300	4.810	1300	4.840	1000	4.850	3500	/16842800//5020793/1030652/4.79/4.95//2008-9-18 13:11:20
46/600082/海泰发展/4.770	38188	4.760	1600	4.750	500	4.730	4800	4.720	5000	4.780	18900	4.790	6600	4.800	18300	4.810	1300	4.840	1000	/16842800//5027480/1032052/4.77/4.95//2008-9-18 13:12:21
46/600082/海泰发展/4.770	2588	4.760	1600	4.750	500	4.730	4800	4.720	5000	4.780	18900	4.790	6600	4.800	17800	4.810	1300	4.840	1000	/16842800//5197292/1067652/4.77/4.95//2008-9-18 13:13:21
46/600082/海泰发展/4.760	1600	4.750	500	4.730	4800	4.720	5000	4.710	33300	4.770	2712	4.780	18900	4.790	6600	4.800	17800	4.810	1300	/16842800//5211067/1070540/4.77/4.95//2008-9-18 13:14:22
46/600082/海泰发展/4.760	1500	4.750	800	4.730	4800	4.720	5000	4.710	33300	4.770	4212	4.780	18900	4.800	17800	4.810	1300	4.840	1000	/16842800//5211543/1070640/4.76/4.95//2008-9-18 13:15:22
46/600082/海泰发展/4.750	800	4.730	4800	4.720	5000	4.710	33300	4.700	12200	4.770	2212	4.780	18900	4.800	17800	4.810	1300	4.840	1000	/16842800//5225823/1073640/4.76/4.95//2008-9-18 13:16:23
46/600082/海泰发展/4.730	4800	4.720	5000	4.710	33300	4.700	12200	4.690	3000	4.770	1512	4.780	18900	4.800	17800	4.810	1300	4.840	1000	/16842800//5255745/1079940/4.77/4.95//2008-9-18 13:17:23
46/600082/海泰发展/4.720	5000	4.710	33300	4.700	12200	4.690	3000	4.680	7000	4.730	5700	4.770	4712	4.780	18900	4.800	17800	4.810	1300	/16842800//5305519/1090440/4.73/4.95//2008-9-18 13:18:24
46/600082/海泰发展/4.730	1700	4.720	1200	4.710	33300	4.700	12200	4.690	3000	4.760	6200	4.770	4712	4.780	18900	4.800	17800	4.810	1300	/16842800//5351362/1100140/4.73/4.95//2008-9-18 13:19:24
46/600082/海泰发展/4.730	1100	4.720	1800	4.710	33300	4.700	7200	4.690	3000	4.760	200	4.770	3200	4.780	18900	4.800	18800	4.810	1300	/16842800//5384179/1107040/4.73/4.95//2008-9-18 13:20:25
46/600082/海泰发展/4.740	2000	4.730	5200	4.720	1800	4.710	33300	4.700	7200	4.770	900	4.780	18900	4.800	18800	4.810	1300	4.840	1000	/16842800//5396102/1109540/4.77/4.95//2008-9-18 13:21:25
46/600082/海泰发展/4.750	5000	4.740	2000	4.730	5200	4.720	1800	4.710	43600	4.800	16300	4.810	1300	4.840	1000	4.850	3500	4.860	18769	/16842800//5550914/1141940/4.8/4.95//2008-9-18 13:22:26
46/600082/海泰发展/4.780	700	4.770	10500	4.750	5000	4.740	2000	4.730	5200	4.800	3300	4.810	1300	4.840	1000	4.850	3500	4.860	18769	/16842800//5609948/1154240/4.8/4.95//2008-9-18 13:23:26
46/600082/海泰发展/4.800	600	4.780	700	4.770	9500	4.750	5000	4.740	2000	4.810	1300	4.820	1500	4.840	2000	4.850	3500	4.860	18769	/16842800//5712188/1175540/4.8/4.95//2008-9-18 13:24:27
46/600082/海泰发展/4.800	700	4.780	700	4.770	7000	4.750	5000	4.740	2000	4.860	5069	4.870	2000	4.880	2000	4.900	14270	4.920	1000	/16842800//5827575/1199340/4.86/4.95//2008-9-18 13:25:27
46/600082/海泰发展/4.800	2700	4.780	6000	4.770	7000	4.750	5000	4.740	2000	4.860	5069	4.870	2000	4.880	3000	4.900	14270	4.920	1000	/16842800//5827575/1199340/4.86/4.95//2008-9-18 13:26:28
46/600082/海泰发展/4.800	2300	4.780	6000	4.770	7000	4.750	5000	4.740	2000	4.860	17269	4.870	2000	4.880	16000	4.900	8570	4.920	1000	/16842800//5837295/1201340/4.86/4.95//2008-9-18 13:27:28
46/600082/海泰发展/4.820	1000	4.800	2300	4.780	5000	4.770	7000	4.750	5000	4.840	1000	4.850	6100	4.860	19269	4.870	2000	4.880	16000	/16842800//5837295/1201340/4.86/4.95//2008-9-18 13:28:29
46/600082/海泰发展/4.800	2800	4.780	5000	4.770	7000	4.750	5000	4.740	2000	4.820	19900	4.840	1000	4.850	16000	4.860	35069	4.870	2000	/16842800//5838259/1201540/4.82/4.95//2008-9-18 13:29:29
46/600082/海泰发展/4.800	1400	4.780	5000	4.770	7000	4.750	5000	4.740	2000	4.820	19900	4.840	1000	4.850	13000	4.860	33369	4.870	2000	/16842800//5847377/1203440/4.8/4.95//2008-9-18 13:30:30
46/600082/海泰发展/4.800	1500	4.780	5000	4.770	7000	4.750	5000	4.740	2000	4.820	19900	4.840	1000	4.850	500	4.860	33869	4.870	2000	/16842800//5847377/1203440/4.8/4.95//2008-9-18 13:31:30
46/600082/海泰发展/4.800	1400	4.780	5000	4.770	7000	4.750	5000	4.740	2000	4.820	7200	4.840	1000	4.850	500	4.860	33869	4.870	2000	/16842800//5908591/1216140/4.82/4.95//2008-9-18 13:32:31
46/600082/海泰发展/4.820	10100	4.810	1000	4.800	1400	4.780	5000	4.770	6000	4.850	500	4.860	33569	4.870	2000	4.880	16000	4.900	8270	/16842800//5948135/1224340/4.84/4.95//2008-9-18 13:33:31
46/600082/海泰发展/4.840	1000	4.830	500	4.820	9700	4.810	1000	4.800	1400	4.860	469	4.870	2000	4.880	13000	4.900	8270	4.920	1000	/16842800//6111426/1257940/4.86/4.95//2008-9-18 13:34:32
46/600082/海泰发展/4.900	19430	4.890	4000	4.880	6500	4.870	4300	4.860	531	4.920	1000	4.930	1000	4.940	1600	4.950	500	4.960	1000	/16842800//6187762/1273549/4.9/4.95//2008-9-18 13:35:32
46/600082/海泰发展/4.900	6530	4.890	4000	4.880	6500	4.870	4300	4.860	2031	4.920	500	4.930	1000	4.940	1300	4.950	500	4.960	2000	/16842800//6309939/1298479/4.9/4.95//2008-9-18 13:36:33
46/600082/海泰发展/4.910	200	4.900	6530	4.890	3000	4.870	3300	4.860	2031	4.920	4300	4.930	1000	4.940	1300	4.950	500	4.960	2000	/16842800//6315843/1299679/4.92/4.95//2008-9-18 13:37:34
46/600082/海泰发展/4.900	6630	4.870	2000	4.860	2031	4.820	8300	4.800	800	4.910	5900	4.920	10900	4.930	1000	4.940	1300	4.950	500	/16842800//6333022/1303179/4.91/4.95//2008-9-18 13:38:34
46/600082/海泰发展/4.870	2000	4.860	2031	4.830	1000	4.820	8300	4.800	800	4.900	6470	4.910	6100	4.920	10000	4.930	1000	4.940	1300	/16842800//6373019/1311339/4.9/4.95//2008-9-18 13:39:35
46/600082/海泰发展/4.880	600	4.870	2000	4.860	2031	4.830	1000	4.820	8300	4.900	6970	4.910	5100	4.930	1000	4.940	1300	4.950	500	/16842800//6372380/1311209/4.88/4.95//2008-9-18 13:40:35
46/600082/海泰发展/4.870	800	4.860	531	4.830	1000	4.820	8300	4.800	1500	4.880	100	4.900	6970	4.910	4600	4.930	1000	4.940	1300	/16842800//6381152/1313009/4.87/4.95//2008-9-18 13:41:36
46/600082/海泰发展/4.880	4000	4.870	800	4.860	1331	4.830	1000	4.820	8300	4.900	6970	4.910	4600	4.930	1000	4.940	1300	4.950	500	/16842800//6381640/1313109/4.88/4.95//2008-9-18 13:42:36
46/600082/海泰发展/4.900	4300	4.890	100	4.880	1000	4.870	800	4.860	1331	4.930	1000	4.940	1300	4.950	500	4.960	2000	4.970	1500	/16842800//6416915/1320309/4.9/4.95//2008-9-18 13:43:37
46/600082/海泰发展/4.910	5000	4.900	9300	4.890	100	4.880	2000	4.870	1800	4.940	1300	4.950	500	4.960	2000	4.970	1500	4.990	18200	/16842800//6421845/1321309/4.93/4.95//2008-9-18 13:44:37
46/600082/海泰发展/4.960	1700	4.940	2700	4.910	6000	4.900	9900	4.890	100	4.980	3700	4.990	18200	5.000	28600	5.020	1000	5.030	1500	/16842800//6466977/1330409/4.97/4.95//2008-9-18 13:45:38
46/600082/海泰发展/4.970	5200	4.960	2700	4.950	900	4.940	2700	4.910	6000	4.980	3700	5.000	5690	5.020	1000	5.030	1500	5.040	4400	/16842800//6714720/1380009/4.98/4.95//2008-9-18 13:46:39
46/600082/海泰发展/4.990	16300	4.980	17200	4.970	5200	4.960	2700	4.950	900	5.000	6390	5.010	21000	5.020	1700	5.030	1500	5.040	4400	/16842800//6754646/1388009/5.0/4.95//2008-9-18 13:47:39
46/600082/海泰发展/4.970	3200	4.960	2700	4.950	900	4.940	2700	4.910	5000	4.980	10700	4.990	6200	5.000	5990	5.010	21000	5.020	1700	/16842800//6940663/1425309/4.97/4.95//2008-9-18 13:48:40
46/600082/海泰发展/4.970	2500	4.960	2700	4.950	900	4.940	2700	4.920	3700	4.980	10700	4.990	6000	5.000	5890	5.020	1700	5.030	1500	/16842800//6954082/1428009/4.97/4.95//2008-9-18 13:49:40
46/600082/海泰发展/4.950	200	4.940	2000	4.920	4200	4.910	5000	4.900	6700	4.960	5300	4.970	6800	4.980	10700	5.000	11590	5.020	1700	/16842800//6974929/1432209/4.96/4.95//2008-9-18 13:50:41
46/600082/海泰发展/4.920	3700	4.910	5000	4.900	5200	4.890	100	4.880	2000	4.940	2900	4.950	3200	4.960	4300	4.970	5000	4.980	10700	/16842800//6988259/1434909/4.92/4.95//2008-9-18 13:51:41
46/600082/海泰发展/4.920	500	4.910	5000	4.900	4900	4.890	100	4.880	7000	4.940	2900	4.950	1000	4.960	4300	4.970	1000	4.980	10700	/16842800//7004003/1438109/4.92/4.95//2008-9-18 13:52:42
46/600082/海泰发展/4.900	2900	4.890	100	4.880	12700	4.870	800	4.860	531	4.910	500	4.920	2000	4.940	2900	4.950	1000	4.960	4300	/16842800//7040813/1445609/4.9/4.95//2008-9-18 13:53:42
46/600082/海泰发展/4.910	4100	4.900	11200	4.890	1100	4.880	12700	4.870	800	4.940	2900	4.960	4300	4.970	1000	4.980	599	5.000	12090	/16842800//7052582/1448009/4.91/4.95//2008-9-18 13:54:43
46/600082/海泰发展/4.910	3200	4.900	13200	4.890	1100	4.880	12700	4.870	1800	4.940	2900	4.960	4300	4.970	1000	4.980	599	5.000	12390	/16842800//7057983/1449109/4.91/4.95//2008-9-18 13:55:44
46/600082/海泰发展/4.910	3200	4.900	13200	4.890	1100	4.880	12700	4.870	1800	4.940	1800	4.960	4300	4.990	5300	5.000	12090	5.020	1500	/16842800//7062435/1450009/4.94/4.95//2008-9-18 13:56:44
46/600082/海泰发展/4.910	2500	4.900	13200	4.890	1100	4.880	12700	4.870	1800	4.940	1700	4.960	4300	4.990	5300	5.000	12689	5.020	1500	/16842800//7066366/1450809/4.91/4.95//2008-9-18 13:57:45
46/600082/海泰发展/4.900	13000	4.890	1100	4.880	12700	4.870	1800	4.860	531	4.940	1700	4.960	4300	4.990	6100	5.000	12689	5.020	1500	/16842800//7079621/1453509/4.9/4.95//2008-9-18 13:58:45
46/600082/海泰发展/4.910	8700	4.900	13000	4.890	1100	4.880	12700	4.870	1800	4.940	1500	4.960	4300	4.990	8100	5.000	12689	5.020	1500	/16842800//7081591/1453909/4.94/4.95//2008-9-18 13:59:46
46/600082/海泰发展/4.910	7700	4.900	13000	4.890	1100	4.880	12700	4.870	1800	4.940	1500	4.960	4300	4.990	8100	5.000	12689	5.020	1500	/16842800//7086501/1454909/4.91/4.95//2008-9-18 14:0:47
46/600082/海泰发展/4.920	3400	4.910	7700	4.900	13000	4.890	1100	4.880	12700	4.940	1400	4.960	4300	4.990	8100	5.000	12189	5.020	1500	/16842800//7086995/1455009/4.94/4.95//2008-9-18 14:1:47
46/600082/海泰发展/4.920	400	4.910	7700	4.900	13000	4.890	1100	4.880	12700	4.940	1400	4.950	100	4.960	4300	4.990	8100	5.000	12189	/16842800//7101755/1458009/4.92/4.95//2008-9-18 14:2:48
46/600082/海泰发展/4.910	7700	4.900	13000	4.890	100	4.880	12700	4.870	1800	4.920	1400	4.930	300	4.940	12200	4.950	100	4.960	4300	/16842800//7110611/1459809/4.92/4.95//2008-9-18 14:3:48
46/600082/海泰发展/4.910	5700	4.900	13000	4.890	100	4.880	12700	4.870	1800	4.920	1200	4.930	300	4.940	11500	4.950	900	4.960	4300	/16842800//7127791/1463309/4.91/4.95//2008-9-18 14:4:49
46/600082/海泰发展/4.910	700	4.900	13000	4.890	100	4.880	12700	4.870	1800	4.920	2600	4.930	300	4.940	11500	4.950	900	4.990	8100	/16842800//7122880/1462309/4.92/4.95//2008-9-18 14:5:50
46/600082/海泰发展/4.900	13200	4.890	100	4.880	12700	4.870	1800	4.860	531	4.910	3300	4.930	10300	4.940	11500	4.950	900	4.990	8100	/16842800//7175457/1473009/4.91/4.95//2008-9-18 14:6:50
46/600082/海泰发展/4.910	7000	4.900	13200	4.890	1100	4.880	12700	4.870	1800	4.930	10300	4.940	1500	4.950	100	4.990	8100	5.000	12189	/16842800//7191660/1476309/4.91/4.95//2008-9-18 14:7:51
46/600082/海泰发展/4.910	10700	4.900	13000	4.890	1100	4.880	11900	4.870	1800	4.930	7600	4.940	1400	4.950	100	4.990	4800	5.000	12189	/16842800//7204971/1479009/4.93/4.95//2008-9-18 14:8:51
46/600082/海泰发展/4.930	4500	4.920	7000	4.910	8000	4.900	13500	4.890	1100	4.940	400	4.950	100	4.990	4800	5.000	12189	5.020	1500	/16842800//7252289/1488609/4.94/4.95//2008-9-18 14:9:52
46/600082/海泰发展/4.950	2000	4.940	7700	4.930	1000	4.920	7000	4.910	6800	4.990	2200	5.000	4189	5.020	1500	5.030	1500	5.040	4400	/16842800//7265239/1491209/4.99/4.95//2008-9-18 14:10:53
46/600082/海泰发展/4.950	2700	4.940	7700	4.930	1000	4.920	7200	4.910	800	5.000	1290	5.020	1600	5.030	1500	5.040	4400	5.050	1000	/16842800//7300215/1498209/5.0/4.95//2008-9-18 14:11:53
46/600082/海泰发展/4.950	7700	4.940	7700	4.930	1000	4.920	2200	4.910	800	5.000	1290	5.020	1600	5.030	1500	5.040	4400	5.050	1000	/16842800//7300215/1498209/5.0/4.95//2008-9-18 14:12:54
46/600082/海泰发展/4.950	6500	4.940	7700	4.930	2000	4.920	2200	4.910	1200	4.990	1000	5.000	4990	5.020	1600	5.030	2000	5.040	4400	/16842800//7290192/1496209/4.95/4.95//2008-9-18 14:13:55
46/600082/海泰发展/4.950	7800	4.940	7700	4.930	2000	4.920	2200	4.910	1200	4.990	600	5.000	4990	5.020	1600	5.030	2000	5.040	4400	/16842800//7295653/1497309/4.99/4.95//2008-9-18 14:14:55
46/600082/海泰发展/4.950	14800	4.940	7700	4.930	1000	4.920	2200	4.910	1200	4.980	1000	4.990	600	5.000	5390	5.020	1600	5.030	2000	/16842800//7297150/1497609/4.99/4.95//2008-9-18 14:15:56
46/600082/海泰发展/4.950	18800	4.940	6700	4.930	1000	4.920	2200	4.910	1200	4.990	600	5.000	5390	5.020	1600	5.030	2000	5.040	4400	/16842800//7305583/1499309/4.95/4.95//2008-9-18 14:16:56
46/600082/海泰发展/4.960	500	4.950	19300	4.940	4700	4.930	1000	4.920	2200	4.990	500	5.000	5290	5.020	1500	5.030	2000	5.040	4400	/16842800//7306581/1499509/4.99/4.95//2008-9-18 14:17:57
46/600082/海泰发展/5.090	2010	4.990	500	4.960	6100	4.950	19500	4.940	4700	5.100	4600	5.120	200	5.130	6800	5.150	900	5.170	2000	/16842800//7399275/1517899/5.09/4.95//2008-9-18 14:18:58
46/600082/海泰发展/5.000	4600	4.990	7900	4.950	24200	4.940	1200	4.930	1500	5.080	21900	5.090	10000	5.100	4700	5.120	5200	5.130	6800	/16842800//7406307/1519299/5.08/4.95//2008-9-18 14:19:58
46/600082/海泰发展/5.020	500	5.000	6500	4.990	5900	4.960	1000	4.950	24200	5.070	1100	5.080	21900	5.090	3000	5.100	7700	5.120	5300	/16842800//7410870/1520199/5.07/4.95//2008-9-18 14:20:59
46/600082/海泰发展/5.100	9300	5.080	56520	5.020	500	5.000	6500	4.990	5900	5.120	300	5.130	7300	5.150	6700	5.170	2500	5.180	3300	/16842800//7587217/1554879/5.1/4.95//2008-9-18 14:22:0
46/600082/海泰发展/5.100	1700	5.080	6520	5.020	500	5.000	5100	4.990	500	5.130	3800	5.150	14700	5.170	6500	5.180	3600	5.190	2000	/16842800//7750554/1586879/5.13/4.95//2008-9-18 14:23:0
46/600082/海泰发展/5.020	500	5.000	5100	4.990	500	4.950	14000	4.930	2000	5.100	3780	5.120	500	5.130	4900	5.150	14800	5.170	6500	/16842800//7817840/1600099/5.1/4.95//2008-9-18 14:24:1
46/600082/海泰发展/5.100	1720	5.020	500	5.000	51500	4.990	500	4.950	14000	5.110	700	5.120	500	5.130	5100	5.150	9800	5.170	1500	/16842800//7860516/1608479/5.1/4.95//2008-9-18 14:25:2
46/600082/海泰发展/5.020	2900	5.000	1500	4.990	500	4.960	3100	4.950	14000	5.100	580	5.120	2000	5.130	5100	5.150	9800	5.170	1500	/16842800//7892757/1614799/5.11/4.95//2008-9-18 14:26:2
46/600082/海泰发展/5.020	4200	5.000	51000	4.990	500	4.970	700	4.960	11100	5.070	4300	5.100	380	5.110	2100	5.120	1500	5.130	6699	/16842800//7929276/1621999/5.07/4.95//2008-9-18 14:27:3
46/600082/海泰发展/5.020	2300	5.000	51000	4.990	500	4.970	700	4.960	11100	5.070	100	5.100	5780	5.110	2100	5.120	1500	5.130	6100	/16842800//8017458/1639299/5.1/4.95//2008-9-18 14:28:4
46/600082/海泰发展/5.030	3300	5.020	1600	5.010	10900	5.000	1000	4.990	500	5.070	4900	5.090	500	5.100	15880	5.110	1600	5.120	5000	/16842800//8018979/1639599/5.07/4.95//2008-9-18 14:29:4
46/600082/海泰发展/5.010	900	5.000	4000	4.990	500	4.970	1700	4.960	11100	5.070	5000	5.090	1000	5.100	16880	5.110	600	5.120	4500	/16842800//8125596/1660799/5.01/4.95//2008-9-18 14:30:5
46/600082/海泰发展/5.020	600	5.010	1000	5.000	7000	4.990	500	4.970	2700	5.070	5000	5.090	1800	5.100	16880	5.110	600	5.120	4500	/16842800//8130616/1661799/5.02/4.95//2008-9-18 14:31:6
46/600082/海泰发展/5.020	49500	5.010	1000	5.000	7000	4.990	500	4.970	2700	5.050	3200	5.070	5000	5.090	1800	5.100	12800	5.110	100	/16842800//8130616/1661799/5.02/4.95//2008-9-18 14:32:6
46/600082/海泰发展/5.070	13700	5.050	400	5.020	49000	5.010	1700	5.000	7000	5.090	1800	5.100	12800	5.110	100	5.120	4500	5.130	4100	/16842800//8144266/1664499/5.05/4.95//2008-9-18 14:33:7
46/600082/海泰发展/5.070	12700	5.050	1400	5.020	49000	5.010	900	5.000	7000	5.090	2500	5.100	24700	5.110	100	5.120	4800	5.130	4100	/16842800//8149336/1665499/5.07/4.95//2008-9-18 14:34:8
46/600082/海泰发展/5.070	12700	5.050	2000	5.020	49000	5.010	900	5.000	7000	5.090	2280	5.100	11900	5.110	2400	5.120	4800	5.130	4100	/16842800//8222641/1679899/5.09/4.95//2008-9-18 14:35:8
46/600082/海泰发展/5.050	2500	5.020	49000	5.010	900	5.000	7000	4.990	500	5.070	5200	5.090	1000	5.100	11800	5.110	2300	5.120	4700	/16842800//8241837/1683699/5.07/4.95//2008-9-18 14:36:9
46/600082/海泰发展/5.070	53420	5.020	49100	5.010	900	5.000	7000	4.990	500	5.090	1000	5.100	12800	5.110	2300	5.120	4200	5.130	4000	/16842800//8284765/1692179/5.07/4.95//2008-9-18 14:37:10
46/600082/海泰发展/5.070	6200	5.030	500	5.020	49100	5.010	900	5.000	7000	5.090	1000	5.100	24700	5.110	2300	5.120	4200	5.130	4000	/16842800//8284765/1692179/5.07/4.95//2008-9-18 14:38:10
46/600082/海泰发展/5.030	500	5.020	700	5.010	900	5.000	6000	4.990	500	5.060	4100	5.070	2300	5.090	2000	5.100	24700	5.110	2300	/16842800//8316199/1698379/5.07/4.95//2008-9-18 14:39:11
46/600082/海泰发展/5.020	100	5.010	900	5.000	6000	4.990	500	4.970	1700	5.030	100	5.060	5100	5.070	3800	5.080	100	5.090	2000	/16842800//8321229/1699379/5.03/4.95//2008-9-18 14:40:12
46/600082/海泰发展/5.010	900	5.000	6000	4.990	500	4.970	1700	4.960	12000	5.020	200	5.060	5100	5.070	3800	5.080	100	5.090	2500	/16842800//8322234/1699579/5.02/4.95//2008-9-18 14:41:12
46/600082/海泰发展/5.010	2900	5.000	6000	4.990	500	4.970	1700	4.960	12000	5.020	200	5.060	4100	5.070	3800	5.080	100	5.090	6200	/16842800//8322234/1699579/5.02/4.95//2008-9-18 14:42:13
46/600082/海泰发展/5.010	1900	5.000	6000	4.990	500	4.970	1700	4.960	12000	5.020	700	5.060	4600	5.070	3800	5.080	100	5.090	6200	/16842800//8332254/1701579/5.01/4.95//2008-9-18 14:43:14
46/600082/海泰发展/5.000	6000	4.990	500	4.970	1700	4.960	12000	4.950	12000	5.010	800	5.020	700	5.060	4600	5.070	3800	5.080	100	/16842800//8343276/1703779/5.01/4.95//2008-9-18 14:44:14
46/600082/海泰发展/5.010	4600	5.000	36000	4.990	500	4.970	1700	4.960	12000	5.020	700	5.060	4600	5.070	2800	5.080	100	5.090	5700	/16842800//8363316/1707779/5.01/4.95//2008-9-18 14:45:15
46/600082/海泰发展/5.010	900	5.000	36000	4.990	500	4.970	700	4.960	12000	5.020	100	5.050	1000	5.060	4600	5.070	2800	5.080	100	/16842800//8377350/1710579/5.01/4.95//2008-9-18 14:46:16
46/600082/海泰发展/5.000	36000	4.990	500	4.970	700	4.960	12000	4.950	12000	5.010	2600	5.040	300	5.050	8500	5.060	5200	5.070	2800	/16842800//8395889/1714279/5.01/4.95//2008-9-18 14:47:16
46/600082/海泰发展/4.970	700	4.960	12000	4.950	13800	4.930	2000	4.920	2200	4.980	7500	5.010	2600	5.020	599	5.040	300	5.050	9500	/16842800//8582833/1751679/4.98/4.95//2008-9-18 14:48:17
46/600082/海泰发展/4.970	700	4.960	12000	4.950	12000	4.930	1000	4.920	2200	4.980	1000	4.990	1900	5.010	1600	5.020	599	5.040	300	/16842800//8582833/1751679/4.98/4.95//2008-9-18 14:49:18
46/600082/海泰发展/4.950	2000	4.930	1000	4.920	2200	4.910	2700	4.900	8900	4.970	300	4.980	1000	4.990	500	5.010	1600	5.020	599	/16842800//8685432/1772379/4.95/4.95//2008-9-18 14:50:18
46/600082/海泰发展/4.930	1600	4.920	2200	4.910	2700	4.900	8400	4.890	100	4.950	10400	4.960	300	4.970	300	4.980	1000	4.990	500	/16842800//8695332/1774379/4.95/4.95//2008-9-18 14:51:19
46/600082/海泰发展/4.930	400	4.920	200	4.910	2700	4.900	8600	4.890	200	4.950	10500	4.960	300	4.970	300	4.980	1000	4.990	500	/16842800//8701743/1775679/4.93/4.95//2008-9-18 14:52:20
46/600082/海泰发展/4.950	4500	4.940	2000	4.930	100	4.920	300	4.910	2700	4.960	300	4.970	300	4.980	1500	4.990	500	5.000	1000	/16842800//8710647/1777479/4.95/4.95//2008-9-18 14:53:21
46/600082/海泰发展/4.960	19700	4.950	3800	4.940	2000	4.930	100	4.920	200	4.970	300	4.980	1500	4.990	500	5.000	1000	5.010	1600	/16842800//8718075/1778979/4.96/4.95//2008-9-18 14:54:21
46/600082/海泰发展/5.000	5200	4.960	19700	4.950	3800	4.940	2000	4.930	600	5.010	1600	5.020	599	5.050	9500	5.060	4700	5.070	2700	/16842800//8735027/1782379/5.0/4.95//2008-9-18 14:55:22
46/600082/海泰发展/4.970	200	4.960	2400	4.950	2800	4.940	2000	4.930	600	5.000	1800	5.010	1600	5.020	599	5.040	500	5.050	9500	/16842800//8761027/1787579/5.0/4.95//2008-9-18 14:56:23
46/600082/海泰发展/4.970	200	4.960	4600	4.950	2800	4.940	2000	4.930	600	5.000	4000	5.010	2100	5.020	599	5.030	5000	5.040	500	/16842800//8761027/1787579/5.0/4.95//2008-9-18 14:57:23
46/600082/海泰发展/4.960	5800	4.950	2800	4.940	2000	4.930	100	4.920	200	4.970	100	4.990	4000	5.000	11500	5.010	2100	5.020	599	/16842800//8767011/1788779/4.97/4.95//2008-9-18 14:58:24
46/600082/海泰发展/4.980	39000	4.960	5800	4.950	2800	4.940	2000	4.930	100	4.990	4900	5.000	8200	5.010	2100	5.020	599	5.040	500	/16842800//8774484/1790279/4.98/4.95//2008-9-18 14:59:25
46/600082/海泰发展/4.990	26400	4.960	6200	4.950	2800	4.940	1000	4.930	100	5.000	7200	5.010	2100	5.020	599	5.040	500	5.050	2000	/16842800//8842283/1803879/5.0/4.95//2008-9-18 15:0:26
46/600082/海泰发展/4.990	26400	4.960	6200	4.950	2800	4.940	1000	4.930	100	5.000	7200	5.010	2100	5.020	599	5.040	500	5.050	2000	/16842800//8842283/1803879/5.0/4.95//2008-9-18 15:1:26
46/600082/海泰发展/4.990	26400	4.960	6200	4.950	2800	4.940	1000	4.930	100	5.000	7200	5.010	2100	5.020	599	5.040	500	5.050	2000	/16842800//8842283/1803879/5.0/4.95//2008-9-18 15:2:27
