616/600036/招商银行/13.730	12600	13.720	23928	13.710	129400	13.700	73660	13.690	200	13.750	87680	13.800	700	13.810	2000	13.820	5300	13.880	64984	/16843401//52180552/3783312/13.75/14.47//2008-9-18 9:31:34
616/600036/招商银行/13.830	700	13.820	4000	13.810	156001	13.800	578969	13.790	1000	13.850	185700	13.860	100	13.880	34664	13.890	6800	13.900	149868	/16843401//64512900/4678303/13.85/14.47//2008-9-18 9:32:35
616/600036/招商银行/13.920	900	13.910	4750	13.900	50387	13.890	900	13.880	32400	13.930	8800	13.970	98800	13.980	46067	13.990	119900	14.000	421926	/16843401//73345768/5314125/13.92/14.47//2008-9-18 9:33:35
616/600036/招商银行/13.910	1000	13.900	118106	13.890	6400	13.880	35000	13.870	252111	13.940	100	13.950	27481	13.960	1100	13.970	18200	13.980	17500	/16843401//90963952/6575456/13.94/14.47//2008-9-18 9:34:35
616/600036/招商银行/13.910	500	13.900	182545	13.890	13000	13.880	39200	13.870	252111	13.920	13900	13.940	40500	13.950	51099	13.960	700	13.970	6681	/16843401//103196224/7454817/13.92/14.47//2008-9-18 9:35:35
616/600036/招商银行/13.900	92800	13.890	14100	13.880	101000	13.870	251811	13.860	3600	13.930	17159	13.940	47800	13.950	91380	13.960	16500	13.970	9881	/16843401//114185184/8244362/13.91/14.47//2008-9-18 9:36:36
616/600036/招商银行/13.880	29236	13.870	251811	13.860	3700	13.850	366700	13.840	2000	13.890	75000	13.900	103100	13.910	1650	13.930	2000	13.940	100	/16843401//134164784/9680026/13.88/14.47//2008-9-18 9:37:36
616/600036/招商银行/13.900	770125	13.890	80566	13.880	51336	13.870	352511	13.860	6000	13.950	4500	13.970	1400	13.980	2050	13.990	3600	14.000	57944	/16843401//148519616/10712835/13.9/14.47//2008-9-18 9:38:36
616/600036/招商银行/13.990	400	13.980	5400	13.970	100	13.960	108200	13.950	134100	14.010	300	14.020	11700	14.030	7000	14.040	500	14.050	5000	/16843401//159130192/11471736/13.99/14.47//2008-9-18 9:39:36
616/600036/招商银行/14.040	600	14.020	92300	14.010	54374	14.000	717400	13.990	4400	14.050	129590	14.060	700	14.070	500	14.080	6500	14.090	24400	/16843401//167078000/12038218/14.05/14.47//2008-9-18 9:40:36
616/600036/招商银行/14.100	27333	14.090	100	14.080	4000	14.060	37900	14.050	178358	14.130	36300	14.150	2400	14.170	1700	14.180	59700	14.190	2900	/16843401//175231648/12617827/14.1/14.47//2008-9-18 9:41:37
616/600036/招商银行/14.130	50174	14.120	13800	14.110	17900	14.100	142807	14.090	156800	14.140	12000	14.150	97900	14.170	16300	14.180	63250	14.190	3300	/16843401//177530576/12780579/14.13/14.47//2008-9-18 9:42:37
616/600036/招商银行/14.120	7400	14.110	10700	14.100	262007	14.090	154500	14.080	4900	14.130	2558	14.150	41600	14.160	27000	14.170	6580	14.180	62650	/16843401//183464736/13200053/14.13/14.47//2008-9-18 9:43:37
616/600036/招商银行/14.090	135850	14.080	4300	14.070	53200	14.060	24800	14.050	79658	14.100	182644	14.110	13100	14.120	40000	14.130	6500	14.140	12200	/16843401//189470416/13625810/14.09/14.47//2008-9-18 9:44:37
616/600036/招商银行/14.060	4300	14.050	69158	14.040	42300	14.030	23400	14.020	9800	14.070	40384	14.080	1000	14.090	6700	14.100	146928	14.110	12800	/16843401//196349376/14114160/14.07/14.47//2008-9-18 9:45:37
616/600036/招商银行/14.040	10093	14.030	14874	14.020	22400	14.010	153400	14.000	919700	14.050	33970	14.060	52500	14.070	23558	14.080	13700	14.090	11900	/16843401//201389504/14472751/14.04/14.47//2008-9-18 9:46:38
616/600036/招商银行/14.030	1200	14.020	40500	14.010	156200	14.000	976500	13.990	400	14.040	1862	14.050	24620	14.060	52300	14.070	22958	14.080	2800	/16843401//204223792/14674751/14.04/14.47//2008-9-18 9:47:38
616/600036/招商银行/14.050	93593	14.040	15900	14.030	92174	14.020	122000	14.010	142074	14.060	51500	14.070	21058	14.080	2300	14.090	10900	14.100	145229	/16843401//208669552/14991410/14.05/14.47//2008-9-18 9:48:38
616/600036/招商银行/14.100	93774	14.070	32322	14.060	100874	14.050	52493	14.040	12700	14.120	15023	14.130	2500	14.140	34200	14.150	23800	14.160	8800	/16843401//215625136/15485566/14.1/14.47//2008-9-18 9:49:39
616/600036/招商银行/14.120	72936	14.110	1000	14.100	93404	14.090	2300	14.080	256900	14.130	43000	14.140	29300	14.150	25500	14.160	10300	14.170	9100	/16843401//218061408/15658174/14.12/14.47//2008-9-18 9:50:39
616/600036/招商银行/14.080	78474	14.070	14000	14.060	14700	14.050	41993	14.040	11000	14.100	34686	14.110	2300	14.120	55750	14.130	10200	14.140	2000	/16843401//228744064/16415540/14.08/14.47//2008-9-18 9:51:39
616/600036/招商银行/14.050	30567	14.040	8100	14.030	52374	14.020	130500	14.010	191674	14.070	3350	14.080	4300	14.090	55066	14.100	68606	14.110	15600	/16843401//236742560/16983540/14.05/14.47//2008-9-18 9:52:39
616/600036/招商银行/14.010	60600	14.000	870313	13.990	500	13.980	63674	13.970	50900	14.020	23500	14.030	25700	14.040	44300	14.050	1099	14.060	147458	/16843401//245834816/17632342/14.01/14.47//2008-9-18 9:53:40
616/600036/招商银行/14.000	225611	13.990	700	13.980	63874	13.970	50900	13.960	7000	14.010	68500	14.020	396600	14.030	13349	14.040	25700	14.050	7199	/16843401//255206656/18301544/14.0/14.47//2008-9-18 9:54:40
616/600036/招商银行/13.990	2000	13.980	100	13.970	46048	13.960	21600	13.950	309700	14.000	56051	14.010	123789	14.020	6900	14.030	11049	14.040	22700	/16843401//264291296/18950508/13.97/14.47//2008-9-18 9:55:40
616/600036/招商银行/14.010	22761	14.000	203750	13.990	8300	13.980	80200	13.970	168548	14.030	8749	14.040	22200	14.050	10300	14.060	137358	14.070	1900	/16843401//267802336/19201296/14.01/14.47//2008-9-18 9:56:41
616/600036/招商银行/14.000	1005711	13.990	10300	13.980	69600	13.970	168248	13.960	22500	14.040	1000	14.050	2600	14.060	80858	14.070	2700	14.080	46500	/16843401//272108000/19508396/14.0/14.47//2008-9-18 9:57:41
616/600036/招商银行/14.020	99850	14.010	130300	14.000	1151711	13.990	10300	13.980	28800	14.030	600	14.050	22685	14.060	84458	14.070	5501	14.080	48000	/16843401//274608768/19686546/14.02/14.47//2008-9-18 9:58:41
616/600036/招商银行/14.050	22289	14.040	6824	14.030	20900	14.020	100750	14.010	124900	14.060	84758	14.070	5501	14.080	49700	14.090	7700	14.100	157943	/16843401//276031296/19787832/14.05/14.47//2008-9-18 9:59:41
616/600036/招商银行/14.040	594	14.030	119887	14.020	101050	14.010	118600	14.000	213211	14.050	400	14.060	81658	14.070	5101	14.080	50100	14.090	11700	/16843401//278834528/19987464/14.04/14.47//2008-9-18 10:0:42
616/600036/招商银行/13.990	7574	13.980	28800	13.970	168848	13.960	20500	13.950	322400	14.000	255558	14.040	1200	14.050	58676	14.060	487958	14.070	7101	/16843401//292394656/20954132/14.0/14.47//2008-9-18 10:1:42
616/600036/招商银行/13.970	30296	13.960	20500	13.950	322700	13.940	1200	13.930	213100	13.980	103800	13.990	66200	14.000	320728	14.020	1100	14.030	800	/16843401//295897920/21204760/13.97/13.98//2008-9-18 10:2:42
616/600036/招商银行/13.980	213438	13.970	2800	13.960	7700	13.950	323600	13.940	3900	13.990	21200	14.000	320228	14.020	1100	14.030	800	14.040	12000	/16843401//301437696/21601116/13.98/13.98//2008-9-18 10:3:42
616/600036/招商银行/14.010	172374	14.000	229422	13.990	119300	13.980	187838	13.970	2300	14.050	99775	14.060	494358	14.070	7101	14.080	50100	14.090	12800	/16843401//310984640/22282996/14.01/13.98//2008-9-18 10:4:43
616/600036/招商银行/14.040	96724	14.030	15050	14.020	202100	14.010	700	14.000	207822	14.050	2100	14.060	443289	14.070	7101	14.080	50400	14.090	12800	/16843401//319580928/22895496/14.04/13.98//2008-9-18 10:5:43
616/600036/招商银行/14.000	268024	13.990	125400	13.980	210338	13.970	104200	13.960	20100	14.070	1900	14.080	24868	14.090	24900	14.100	467537	14.110	5500	/16843401//336187712/24077970/14.07/13.98//2008-9-18 10:6:43
616/600036/招商银行/14.090	1074	14.080	500	14.070	200	14.040	1600	14.030	49900	14.100	206315	14.110	5000	14.120	5700	14.130	10003	14.140	4300	/16843401//347962112/24914538/14.09/13.98//2008-9-18 10:7:44
616/600036/招商银行/14.100	211460	14.090	700	14.080	22674	14.070	33500	14.060	164000	14.110	3000	14.120	8400	14.130	10003	14.140	4400	14.150	61982	/16843401//355240288/25431404/14.1/13.98//2008-9-18 10:8:44
616/600036/招商银行/14.200	82700	14.190	33275	14.180	55800	14.170	500	14.160	48300	14.210	20200	14.220	200	14.230	400	14.240	800	14.250	25100	/16843401//363180544/25991940/14.2/13.98//2008-9-18 10:9:44
616/600036/招商银行/14.250	1900	14.230	1000	14.220	5600	14.210	28748	14.200	78600	14.290	2000	14.300	63540	14.310	500	14.320	2300	14.330	500	/16843401//369983776/26470092/14.29/13.98//2008-9-18 10:10:44
616/600036/招商银行/14.250	2998	14.240	1100	14.230	5800	14.220	103300	14.210	21148	14.270	100	14.280	4580	14.290	76899	14.300	285040	14.310	600	/16843401//372216416/26626594/14.25/13.98//2008-9-18 10:11:45
616/600036/招商银行/14.130	7674	14.120	13000	14.110	69600	14.100	155760	14.090	3800	14.140	17800	14.150	9526	14.190	1300	14.200	2300	14.220	1900	/16843401//376269248/26912092/14.19/13.98//2008-9-18 10:12:45
616/600036/招商银行/14.030	1500	14.020	1000	14.010	4800	14.000	324661	13.990	117200	14.100	10000	14.120	1000	14.150	10179	14.180	2000	14.190	21300	/16843401//401063584/28679520/14.1/13.98//2008-9-18 10:13:45
616/600036/招商银行/14.080	2574	14.060	3374	14.050	9700	14.040	4400	14.030	9600	14.110	900	14.120	100	14.140	14700	14.150	112879	14.180	2200	/16843401//404420000/28918872/14.12/13.98//2008-9-18 10:14:46
616/600036/招商银行/14.100	7874	14.090	16208	14.080	12200	14.060	8332	14.050	8700	14.150	70279	14.180	2700	14.190	1300	14.200	35900	14.210	1000	/16843401//406351968/29055608/14.1/13.98//2008-9-18 10:15:46
616/600036/招商银行/14.200	70295	14.190	500	14.150	33300	14.140	24474	14.130	300	14.240	15527	14.250	29900	14.260	2700	14.270	12000	14.280	46182	/16843401//408775936/29226538/14.2/13.98//2008-9-18 10:16:46
616/600036/招商银行/14.160	400	14.140	25148	14.120	600	14.110	3800	14.100	16100	14.190	4200	14.200	275905	14.210	200	14.220	5000	14.230	47650	/16843401//411656768/29429484/14.19/13.98//2008-9-18 10:17:47
616/600036/招商银行/14.120	200	14.110	74	14.100	133000	14.080	500	14.040	1100	14.160	10426	14.180	400	14.190	9629	14.200	286754	14.210	200	/16843401//416120064/29745512/14.11/13.98//2008-9-18 10:18:47
616/600036/招商银行/14.190	38174	14.180	29900	14.160	25400	14.150	33500	14.130	100	14.200	246183	14.220	5500	14.230	48100	14.240	13727	14.250	92600	/16843401//417843424/29866988/14.19/13.98//2008-9-18 10:19:47
616/600036/招商银行/14.200	89268	14.190	17874	14.180	7700	14.170	200	14.160	10200	14.230	27400	14.240	10627	14.250	91800	14.260	2700	14.270	24100	/16843401//424218528/30315820/14.2/13.98//2008-9-18 10:20:48
616/600036/招商银行/14.180	600	14.150	2000	14.110	200	14.100	28663	14.080	800	14.220	226	14.230	25000	14.240	41397	14.250	389600	14.260	3900	/16843401//433555904/30974974/14.1/13.98//2008-9-18 10:21:48
616/600036/招商银行/14.110	64748	14.100	54963	14.080	1900	14.060	6500	14.050	116800	14.190	27200	14.200	109500	14.210	1500	14.220	1500	14.230	100	/16843401//435074560/31082326/14.11/13.98//2008-9-18 10:22:48
616/600036/招商银行/14.200	103194	14.180	1974	14.150	5500	14.130	1200	14.120	4800	14.210	2000	14.220	500	14.230	500	14.240	13297	14.250	394300	/16843401//441293152/31522048/14.2/13.98//2008-9-18 10:23:48
616/600036/招商银行/14.200	300032	14.190	4800	14.180	2174	14.150	7600	14.130	1600	14.210	3200	14.230	14426	14.240	32697	14.250	398000	14.260	2700	/16843401//443578944/31683012/14.2/13.98//2008-9-18 10:24:49
616/600036/招商银行/14.120	9900	14.110	9000	14.100	4700	14.090	200	14.080	2200	14.130	1377	14.180	900	14.190	5000	14.200	99408	14.210	3400	/16843401//448451936/32026316/14.13/13.98//2008-9-18 10:25:49
616/600036/招商银行/14.130	45674	14.120	1600	14.110	13800	14.100	188709	14.090	400	14.140	600	14.160	1000	14.170	3000	14.180	3450	14.190	74577	/16843401//449427072/32095360/14.13/13.98//2008-9-18 10:26:49
616/600036/招商银行/14.150	100	14.110	17382	14.100	199609	14.090	900	14.080	13175	14.170	2800	14.180	10100	14.190	68677	14.200	76925	14.210	4400	/16843401//450482912/32170052/14.11/13.98//2008-9-18 10:27:50
616/600036/招商银行/14.160	80900	14.130	4949	14.120	1200	14.110	5000	14.100	216675	14.170	17883	14.180	11600	14.190	68677	14.200	82125	14.210	4400	/16843401//452196384/32291218/14.17/13.98//2008-9-18 10:28:50
616/600036/招商银行/14.150	28274	14.140	2000	14.130	7549	14.120	21200	14.110	9800	14.160	110716	14.170	2883	14.180	10000	14.190	68677	14.200	86625	/16843401//455164800/32500844/14.16/13.98//2008-9-18 10:29:50
616/600036/招商银行/14.120	19126	14.110	9800	14.100	223675	14.090	3900	14.080	12575	14.130	300	14.140	22400	14.150	2600	14.160	18842	14.170	3083	/16843401//458782880/32756640/14.12/13.98//2008-9-18 10:30:51
616/600036/招商银行/14.090	100000	14.050	23116	14.040	1400	14.030	55800	14.020	52300	14.100	47843	14.120	9100	14.130	1600	14.140	78900	14.150	21400	/16843401//464969792/33195620/14.1/13.98//2008-9-18 10:31:51
616/600036/招商银行/14.040	40000	14.030	50447	14.020	21600	14.010	126688	14.000	1415561	14.050	39310	14.070	300	14.080	7000	14.090	25700	14.100	345387	/16843401//469638336/33526990/14.05/13.98//2008-9-18 10:32:51
616/600036/招商银行/14.040	28311	14.030	51247	14.020	33000	14.010	129188	14.000	1413361	14.050	14944	14.070	500	14.080	6900	14.090	10300	14.100	347387	/16843401//472760160/33749180/14.05/13.98//2008-9-18 10:33:52
616/600036/招商银行/14.030	71521	14.020	35000	14.010	132888	14.000	1390261	13.990	124100	14.040	53430	14.060	7609	14.080	8900	14.090	4400	14.100	353487	/16843401//477104288/34058416/14.04/13.98//2008-9-18 10:34:52
616/600036/招商银行/14.050	53838	14.040	265343	14.030	162821	14.020	41200	14.010	142388	14.070	2900	14.090	2200	14.100	186626	14.120	10100	14.130	1600	/16843401//482986048/34476436/14.07/13.98//2008-9-18 10:35:52
616/600036/招商银行/14.060	31083	14.050	186738	14.040	265943	14.030	161321	14.020	27400	14.080	30100	14.090	2500	14.100	207626	14.120	10100	14.130	1600	/16843401//483815776/34535452/14.08/13.98//2008-9-18 10:36:53
616/600036/招商银行/14.010	300	14.000	452511	13.990	126300	13.980	205738	13.970	102100	14.050	4400	14.060	37700	14.070	3600	14.080	30300	14.090	20100	/16843401//513507072/36653576/14.05/13.98//2008-9-18 10:37:53
616/600036/招商银行/14.000	150521	13.990	127000	13.980	205938	13.970	102300	13.960	16300	14.010	1700	14.050	9300	14.060	500	14.080	2000	14.090	15400	/16843401//532635232/38019064/14.0/13.98//2008-9-18 10:38:53
616/600036/招商银行/14.010	187721	14.000	629577	13.990	329200	13.980	201738	13.970	102300	14.050	9300	14.060	4800	14.070	100000	14.080	7000	14.090	16300	/16843401//534372736/38143088/14.01/13.98//2008-9-18 10:39:54
616/600036/招商银行/14.050	301	14.020	18021	14.010	24900	14.000	133354	13.990	130000	14.060	100	14.070	26800	14.080	6300	14.090	22300	14.100	503949	/16843401//557397568/39786808/14.07/13.98//2008-9-18 10:40:54
616/600036/招商银行/14.030	421	14.020	35000	14.010	56078	14.000	840854	13.990	150000	14.060	800	14.070	2077	14.080	11400	14.090	24900	14.100	504149	/16843401//559638912/39946532/14.06/13.98//2008-9-18 10:41:54
616/600036/招商银行/14.030	8600	14.020	6698	14.010	104578	14.000	850554	13.990	150100	14.050	86100	14.060	17734	14.070	677	14.080	13600	14.090	27200	/16843401//560770176/40027156/14.03/13.98//2008-9-18 10:42:55
616/600036/招商银行/14.030	1700	14.020	8907	14.010	27900	14.000	657500	13.990	157156	14.050	834	14.080	5500	14.090	26426	14.100	190030	14.120	10100	/16843401//581980224/41539024/14.05/13.98//2008-9-18 10:43:55
616/600036/招商银行/14.030	9422	14.020	4400	14.010	44563	14.000	1538700	13.990	304856	14.050	1184	14.070	100	14.080	14800	14.090	30126	14.100	193030	/16843401//583091648/41618244/14.05/13.98//2008-9-18 10:44:56
616/600036/招商银行/13.990	305056	13.980	226838	13.970	6200	13.960	17500	13.950	768000	14.000	289678	14.030	1700	14.040	16644	14.050	8900	14.060	3000	/16843401//608202816/43411632/14.0/13.98//2008-9-18 10:45:56
616/600036/招商银行/13.990	151433	13.980	227638	13.970	3600	13.960	17900	13.950	768400	14.000	273328	14.020	1600	14.030	8700	14.040	14944	14.050	17700	/16843401//610770624/43595152/13.99/13.98//2008-9-18 10:46:56
616/600036/招商银行/13.980	211720	13.970	14500	13.960	384600	13.950	679700	13.940	114400	13.990	5300	14.000	12400	14.020	1800	14.030	8500	14.040	14744	/16843401//618146880/44122204/13.98/13.98//2008-9-18 10:47:57
616/600036/招商银行/13.950	478504	13.940	114900	13.930	120400	13.920	361100	13.910	315200	13.970	200	13.980	179109	13.990	18700	14.000	1986530	14.010	300	/16843401//631508672/45078920/13.97/13.98//2008-9-18 10:48:57
616/600036/招商银行/13.960	88051	13.950	253725	13.940	114900	13.930	120400	13.920	363100	14.000	1823513	14.030	8500	14.040	3400	14.050	20400	14.060	4700	/16843401//641853248/45819448/13.96/13.98//2008-9-18 10:49:57
616/600036/招商银行/13.960	98196	13.950	507701	13.940	63956	13.930	320700	13.920	366300	13.980	600	13.990	10400	14.000	1816013	14.030	8600	14.040	3400	/16843401//651606528/46518472/13.96/13.98//2008-9-18 10:50:58
616/600036/招商银行/13.980	500	13.970	25869	13.960	321000	13.950	541528	13.940	63956	13.990	100	14.000	1002414	14.030	11600	14.040	3900	14.050	22297	/16843401//667673024/47666772/13.99/13.98//2008-9-18 10:51:58
616/600036/招商银行/13.990	189521	13.980	182500	13.970	115925	13.960	198800	13.950	312200	14.000	283714	14.010	98	14.030	11600	14.040	3900	14.050	19997	/16843401//681482944/48653392/14.0/13.98//2008-9-18 10:52:58
616/600036/招商银行/14.010	8647	14.000	495000	13.990	443500	13.980	35500	13.970	99200	14.030	1700	14.040	3900	14.050	21497	14.060	4400	14.070	4300	/16843401//687557056/49087228/14.03/13.98//2008-9-18 10:53:59
616/600036/招商银行/14.010	50247	14.000	606377	13.990	343400	13.980	35500	13.970	92600	14.030	3400	14.040	7700	14.050	23347	14.060	4200	14.070	14300	/16843401//689668672/49237952/14.03/13.98//2008-9-18 10:54:59
616/600036/招商银行/14.040	2000	14.030	2500	14.020	2900	14.010	42303	14.000	606077	14.050	95426	14.060	2900	14.070	14800	14.080	15300	14.090	15700	/16843401//694258496/49564796/14.05/13.98//2008-9-18 10:56:0
616/600036/招商银行/14.010	19298	14.000	546677	13.990	359900	13.980	36600	13.970	92600	14.020	5000	14.030	158300	14.040	14718	14.050	126826	14.060	33400	/16843401//695797376/49674500/14.01/13.98//2008-9-18 10:57:0
616/600036/招商银行/14.000	149998	13.990	359900	13.980	37800	13.970	93100	13.960	193000	14.010	12700	14.030	104559	14.040	9918	14.050	136125	14.060	33600	/16843401//703778752/50244376/14.01/13.98//2008-9-18 10:58:0
616/600036/招商银行/14.000	54141	13.990	360000	13.980	40000	13.970	93100	13.960	195000	14.010	74200	14.020	2500	14.030	102659	14.040	39728	14.050	151725	/16843401//705265024/50350536/14.01/13.98//2008-9-18 10:59:1
616/600036/招商银行/13.990	335743	13.980	43200	13.970	93600	13.960	195000	13.950	248100	14.000	84177	14.010	75247	14.020	4400	14.030	132659	14.040	8218	/16843401//706527552/50440732/13.99/13.98//2008-9-18 11:0:1
616/600036/招商银行/13.980	300	13.970	74865	13.960	195000	13.950	251000	13.940	163956	13.990	53700	14.000	38974	14.010	62850	14.020	4400	14.030	133959	/16843401//714711808/51025712/13.97/13.98//2008-9-18 11:1:2
616/600036/招商银行/13.940	163756	13.930	123400	13.920	164900	13.910	608300	13.900	488699	13.950	63079	13.960	50000	13.970	23000	13.980	17914	13.990	207000	/16843401//722994944/51619076/13.95/13.98//2008-9-18 11:2:2
616/600036/招商银行/13.930	83069	13.920	164900	13.910	608300	13.900	489999	13.890	73766	13.950	39300	13.960	65600	13.970	25600	13.980	22914	13.990	51500	/16843401//728053312/51981864/13.95/13.98//2008-9-18 11:3:2
616/600036/招商银行/13.940	51400	13.930	178411	13.920	165500	13.910	608300	13.900	485799	13.950	110177	13.960	66500	13.970	27500	13.980	19514	13.990	42600	/16843401//731151616/52204120/13.94/13.98//2008-9-18 11:4:3
616/600036/招商银行/13.950	77655	13.940	300	13.930	65800	13.920	72400	13.910	451832	13.960	31600	13.970	25500	13.980	19514	13.990	42300	14.000	110360	/16843401//743176192/53067344/13.96/13.98//2008-9-18 11:5:3
616/600036/招商银行/13.970	5200	13.960	36121	13.950	90376	13.940	131400	13.930	66100	13.980	16414	13.990	41900	14.000	119460	14.010	63650	14.020	5900	/16843401//744550336/53165804/13.98/13.98//2008-9-18 11:6:4
616/600036/招商银行/13.990	15300	13.980	32707	13.970	69000	13.960	513491	13.950	58600	14.000	115660	14.010	63450	14.020	5900	14.030	123859	14.040	4118	/16843401//745750464/53251624/13.99/13.98//2008-9-18 11:7:4
616/600036/招商银行/14.000	207587	13.990	42895	13.980	43107	13.970	77900	13.960	511791	14.010	55150	14.020	5800	14.030	124059	14.040	4118	14.050	151826	/16843401//748102400/53419644/14.0/13.98//2008-9-18 11:8:4
616/600036/招商银行/14.030	30447	14.020	100	14.010	150100	14.000	18274	13.990	35395	14.040	500	14.050	144244	14.060	36000	14.070	14800	14.080	16300	/16843401//755037888/53914512/14.05/13.98//2008-9-18 11:9:5
616/600036/招商银行/14.020	286263	14.010	100	14.000	1400	13.990	35495	13.980	41107	14.040	1300	14.050	97944	14.060	35600	14.070	14800	14.080	6400	/16843401//759904384/54261668/14.04/13.98//2008-9-18 11:10:5
616/600036/招商银行/14.030	10400	14.020	260105	14.010	300	14.000	5200	13.990	40895	14.040	14297	14.050	100143	14.060	36700	14.070	13300	14.080	6400	/16843401//760894528/54332228/14.04/13.98//2008-9-18 11:11:6
616/600036/招商银行/14.020	149147	14.010	300	14.000	10800	13.990	45895	13.980	42607	14.030	46100	14.040	22897	14.050	106643	14.060	37700	14.070	13300	/16843401//762918784/54476584/14.02/13.98//2008-9-18 11:12:6
616/600036/招商银行/13.970	17700	13.960	513191	13.950	61100	13.940	100400	13.930	61200	13.980	339512	14.000	800	14.020	85200	14.030	100300	14.040	23497	/16843401//767071488/54773136/13.98/13.98//2008-9-18 11:13:7
616/600036/招商银行/13.960	507341	13.950	60600	13.940	102200	13.930	60900	13.920	17400	13.970	11500	13.980	314259	14.000	10700	14.020	54514	14.030	161100	/16843401//768195648/54853592/13.96/13.98//2008-9-18 11:14:7
616/600036/招商银行/13.980	69015	13.970	61100	13.960	482879	13.950	123400	13.940	102200	13.990	200	14.000	15500	14.020	52514	14.030	216000	14.040	17400	/16843401//773735744/55249940/13.98/13.98//2008-9-18 11:15:7
616/600036/招商银行/14.000	10000	13.990	20374	13.980	59989	13.970	253300	13.960	483979	14.020	64614	14.030	214400	14.040	17200	14.050	180443	14.060	36700	/16843401//774462720/55301892/13.99/13.98//2008-9-18 11:16:8
616/600036/招商银行/14.000	99974	13.990	23374	13.980	116989	13.970	54200	13.960	483879	14.020	67014	14.030	214200	14.040	20000	14.050	185343	14.060	36200	/16843401//775404544/55369120/14.0/13.98//2008-9-18 11:17:8
616/600036/招商银行/14.020	47774	14.010	51500	14.000	53622	13.990	43774	13.980	118689	14.030	10231	14.040	20000	14.050	181142	14.060	36300	14.070	13300	/16843401//781315264/55790696/14.02/13.98//2008-9-18 11:18:9
616/600036/招商银行/14.010	30174	14.000	46270	13.990	43774	13.980	138689	13.970	44900	14.020	20000	14.030	14031	14.040	21000	14.050	179942	14.060	36300	/16843401//783615616/55954848/14.01/13.98//2008-9-18 11:19:9
616/600036/招商银行/14.010	151575	14.000	70418	13.990	44774	13.980	139189	13.970	43700	14.040	2200	14.050	21773	14.060	36800	14.070	13300	14.080	7300	/16843401//791004544/56481500/14.01/13.98//2008-9-18 11:20:10
616/600036/招商银行/14.010	252813	14.000	71818	13.990	111974	13.980	139389	13.970	43600	14.020	4000	14.030	800	14.040	8600	14.050	37573	14.060	39100	/16843401//792510144/56588960/14.01/13.98//2008-9-18 11:21:10
616/600036/招商银行/14.000	200	13.990	32448	13.980	139389	13.970	43600	13.960	484279	14.010	37489	14.020	8900	14.030	9500	14.040	8300	14.050	26173	/16843401//803653376/57384520/14.0/13.98//2008-9-18 11:22:10
616/600036/招商银行/14.000	9764	13.990	383374	13.980	193005	13.970	43700	13.960	484279	14.010	10389	14.020	7800	14.030	12171	14.040	8500	14.050	72373	/16843401//808829888/57754312/14.0/13.98//2008-9-18 11:23:11
616/600036/招商银行/14.010	33894	14.000	80438	13.990	449074	13.980	83800	13.970	44000	14.020	12800	14.030	12671	14.040	9600	14.050	90373	14.060	39100	/16843401//809355584/57791844/14.01/13.98//2008-9-18 11:24:11
616/600036/招商银行/13.990	430822	13.980	33900	13.970	43900	13.960	484279	13.950	79800	14.000	1050168	14.010	9750	14.020	9842	14.030	13671	14.040	13600	/16843401//811948480/57977028/13.99/13.98//2008-9-18 11:25:12
616/600036/招商银行/13.980	283474	13.970	43600	13.960	486079	13.950	69600	13.940	100800	13.990	319203	14.000	1048468	14.010	14950	14.020	6742	14.030	9171	/16843401//818078272/58415176/13.98/13.98//2008-9-18 11:26:12
616/600036/招商银行/13.980	23722	13.970	43100	13.960	484279	13.950	70600	13.940	100800	13.990	70003	14.000	1056302	14.010	15350	14.020	9740	14.030	8171	/16843401//825454720/58942628/13.98/13.98//2008-9-18 11:27:13
616/600036/招商银行/13.940	95174	13.930	60900	13.920	238000	13.910	252200	13.900	285700	13.950	117925	13.960	132254	13.970	1400	13.980	20500	13.990	78003	/16843401//834419136/59584756/13.94/13.98//2008-9-18 11:28:13
616/600036/招商银行/13.950	202874	13.940	64374	13.930	63800	13.920	40400	13.910	2200	13.980	500	13.990	31709	14.000	1068702	14.010	9500	14.020	8740	/16843401//843039360/60201880/13.99/13.98//2008-9-18 11:29:14
616/600036/招商银行/13.940	114948	13.930	110400	13.920	38900	13.910	2700	13.900	285000	13.950	98426	13.980	11700	13.990	36110	14.000	1071702	14.010	9000	/16843401//848294272/60578580/13.95/13.98//2008-9-18 11:30:14
616/600036/招商银行/13.940	114948	13.930	110400	13.920	38900	13.910	2700	13.900	285000	13.950	98426	13.980	11700	13.990	36110	14.000	1071702	14.010	9000	/16843401//848294272/60578580/13.95/13.98//2008-9-18 11:31:15
616/600036/招商银行/13.750	122185	13.740	300	13.730	300	13.720	6500	13.710	21200	13.760	200	13.790	1400	13.800	96112	13.850	200512	13.870	900	/16843401//881498624/62977448/13.75/13.98//2008-9-18 13:1:15
616/600036/招商银行/13.740	50000	13.720	34000	13.710	33400	13.700	193800	13.690	1600	13.750	11904	13.760	2300	13.770	300	13.790	31000	13.800	72412	/16843401//885366016/63258632/13.75/13.98//2008-9-18 13:2:16
616/600036/招商银行/13.800	136072	13.790	400	13.780	200	13.760	127900	13.750	67376	13.850	152912	13.870	900	13.890	11000	13.900	583126	13.910	100	/16843401//889636672/63568808/13.8/13.98//2008-9-18 13:3:16
616/600036/招商银行/13.860	100	13.850	38302	13.820	5200	13.810	37800	13.800	27046	13.880	1100	13.890	13000	13.900	586326	13.910	100	13.920	4267	/16843401//894875648/63947536/13.85/13.98//2008-9-18 13:4:17
616/600036/招商银行/13.860	3648	13.850	36402	13.820	5300	13.810	32700	13.800	327646	13.880	1300	13.890	5199	13.900	587526	13.910	2300	13.920	3667	/16843401//896352576/64053984/13.86/13.98//2008-9-18 13:5:17
616/600036/招商银行/13.860	16500	13.850	27260	13.820	5300	13.810	27600	13.800	325046	13.880	1800	13.900	106976	13.910	2300	13.920	3667	13.930	14300	/16843401//907253696/64838576/13.88/13.98//2008-9-18 13:6:18
616/600036/招商银行/13.900	5698	13.890	1100	13.880	7874	13.870	12800	13.860	15400	13.910	3300	13.920	3667	13.930	14300	13.940	266173	13.950	54250	/16843401//910248832/65054104/13.9/13.98//2008-9-18 13:7:18
616/600036/招商银行/13.880	4448	13.870	15700	13.860	17100	13.850	8000	13.830	100	13.900	1100	13.910	9510	13.920	7367	13.930	26300	13.940	456473	/16843401//911645376/65154528/13.9/13.98//2008-9-18 13:8:19
616/600036/招商银行/13.860	16600	13.850	8600	13.830	300	13.820	10300	13.810	29500	13.870	2600	13.880	10300	13.890	800	13.900	68259	13.910	44744	/16843401//912502656/65216256/13.87/13.98//2008-9-18 13:9:19
616/600036/招商银行/13.840	5500	13.820	88375	13.810	299674	13.800	344446	13.790	200	13.850	400	13.860	10300	13.870	3600	13.880	12200	13.890	14300	/16843401//914237440/65341704/13.84/13.98//2008-9-18 13:10:20
616/600036/招商银行/13.790	3200	13.780	17400	13.770	11000	13.760	119600	13.750	25876	13.800	58568	13.810	1900	13.820	1000	13.840	20	13.850	3400	/16843401//925297728/66142700/13.8/13.98//2008-9-18 13:11:20
616/600036/招商银行/13.800	3522	13.790	4400	13.760	7806	13.750	28200	13.740	600	13.810	5000	13.820	400	13.850	1000	13.860	19719	13.870	20200	/16843401//932471552/66663272/13.8/13.98//2008-9-18 13:12:21
616/600036/招商银行/13.770	974	13.760	7780	13.750	32300	13.740	600	13.730	7300	13.790	900	13.800	4450	13.810	3699	13.820	900	13.830	100	/16843401//936116224/66927448/13.77/13.98//2008-9-18 13:13:21
616/600036/招商银行/13.780	474	13.770	17600	13.760	24728	13.750	44900	13.740	300	13.790	300	13.800	485600	13.810	5366	13.820	600	13.830	100	/16843401//937296192/67013000/13.79/13.98//2008-9-18 13:14:22
616/600036/招商银行/13.760	200	13.750	7550	13.740	1300	13.730	58300	13.720	101500	13.770	1700	13.790	43378	13.800	397750	13.810	6366	13.820	1300	/16843401//941653696/67329152/13.76/13.98//2008-9-18 13:15:22
616/600036/招商银行/13.750	79681	13.740	15515	13.730	61500	13.720	11000	13.710	88300	13.760	200	13.780	16402	13.790	97778	13.800	6403250	13.810	6366	/16843401//945590848/67615408/13.75/13.98//2008-9-18 13:16:23
616/600036/招商银行/13.770	8200	13.760	334447	13.750	91881	13.740	76015	13.730	62000	13.780	900	13.790	93278	13.800	420950	13.810	9446	13.820	600	/16843401//950311744/67958256/13.77/13.98//2008-9-18 13:17:23
616/600036/招商银行/13.800	83428	13.790	35595	13.780	160300	13.770	47274	13.760	315447	13.860	400	13.870	20200	13.880	11900	13.890	7600	13.900	317133	/16843401//959724864/68640560/13.8/13.98//2008-9-18 13:18:24
616/600036/招商银行/13.820	71274	13.810	42300	13.800	147028	13.790	116895	13.780	157200	13.850	1000	13.860	3400	13.870	16300	13.880	11900	13.890	12900	/16843401//960604160/68704112/13.85/13.98//2008-9-18 13:19:24
616/600036/招商银行/13.860	9054	13.820	3500	13.800	111776	13.790	34595	13.780	157600	13.900	289164	13.910	9444	13.920	36567	13.930	31200	13.940	450759	/16843401//966924352/69160880/13.86/13.98//2008-9-18 13:20:25
616/600036/招商银行/13.890	2500	13.870	60200	13.860	24300	13.850	9702	13.830	9900	13.900	151062	13.910	9444	13.920	36567	13.930	32100	13.940	450759	/16843401//969828096/69369936/13.9/13.98//2008-9-18 13:21:25
616/600036/招商银行/13.930	30800	13.920	600	13.910	1500	13.900	55212	13.890	24800	13.940	426870	13.950	48850	13.960	6520	13.970	100	13.980	48300	/16843401//974206144/69684752/13.94/13.98//2008-9-18 13:22:26
616/600036/招商银行/14.000	83221	13.950	203300	13.940	36574	13.930	122174	13.920	13900	14.010	7800	14.020	19342	14.030	8871	14.040	8520	14.050	53873	/16843401//1005442048/71918280/14.0/13.98//2008-9-18 13:23:26
616/600036/招商银行/14.030	10287	14.010	58800	14.000	987195	13.990	29200	13.980	20474	14.050	51593	14.060	42800	14.070	15300	14.080	9600	14.090	700	/16843401//1013688832/72507248/14.05/13.98//2008-9-18 13:24:27
616/600036/招商银行/14.130	9800	14.120	8900	14.110	4600	14.100	225100	14.090	1100	14.150	29900	14.160	4470	14.170	2000	14.180	10600	14.190	60600	/16843401//1018078272/72819000/14.13/13.98//2008-9-18 13:25:27
616/600036/招商银行/14.180	1100	14.160	2500	14.150	50588	14.140	5100	14.130	2700	14.190	500	14.200	422549	14.210	10000	14.230	1000	14.240	12100	/16843401//1027982080/73516840/14.18/13.98//2008-9-18 13:26:28
616/600036/招商银行/14.010	1000	14.000	800402	13.990	25900	13.980	1174	13.970	1000	14.140	1800	14.150	26100	14.160	200976	14.170	2500	14.180	36200	/16843401//1036200128/74100560/14.14/13.98//2008-9-18 13:27:28
616/600036/招商银行/14.060	900	14.050	2900	14.040	1000	14.030	30574	14.020	90800	14.100	46100	14.110	19000	14.130	6000	14.140	300	14.150	18200	/16843401//1051100544/75158112/14.1/13.98//2008-9-18 13:28:29
616/600036/招商银行/14.060	48779	14.050	48900	14.040	100	14.030	73148	14.020	134100	14.100	138725	14.110	19100	14.130	5000	14.140	2800	14.150	19700	/16843401//1053058176/75297160/14.1/13.98//2008-9-18 13:29:29
616/600036/招商银行/14.110	100400	14.100	226926	14.090	20600	14.080	9974	14.070	104700	14.130	5000	14.140	1900	14.150	22900	14.160	1000	14.180	3500	/16843401//1058153856/75658536/14.1/13.98//2008-9-18 13:30:30
616/600036/招商银行/14.210	10600	14.200	108675	14.190	27690	14.180	6700	14.160	400	14.220	4800	14.230	1000	14.240	12700	14.250	58000	14.260	5100	/16843401//1063845312/76059528/14.21/13.98//2008-9-18 13:31:30
616/600036/招商银行/14.280	27601	14.270	54100	14.260	11300	14.250	44424	14.240	600	14.300	756948	14.310	5300	14.320	600	14.330	2300	14.340	1300	/16843401//1071426496/76591128/14.3/13.98//2008-9-18 13:32:31
616/600036/招商银行/14.400	263824	14.390	10500	14.380	15600	14.370	300	14.360	15000	14.450	2300	14.460	18460	14.470	45764	14.480	6500	14.490	7599	/16843401//1094281216/78184368/14.45/13.98//2008-9-18 13:33:31
616/600036/招商银行/14.480	4000	14.470	5600	14.460	91174	14.450	43200	14.440	3000	14.490	3100	14.500	120293	14.520	7100	14.530	12400	14.550	10100	/16843401//1100508288/78615120/14.48/13.98//2008-9-18 13:34:32
616/600036/招商银行/14.460	9054	14.450	5100	14.440	500	14.430	7100	14.420	8000	14.480	1000	14.490	42100	14.500	370707	14.520	6500	14.530	2700	/16843401//1117797888/79808872/14.49/13.98//2008-9-18 13:35:32
616/600036/招商银行/14.420	107500	14.410	1000	14.400	1500	14.380	20300	14.370	11600	14.450	65846	14.460	13456	14.470	30600	14.480	121300	14.490	32200	/16843401//1126824576/80433824/14.42/13.98//2008-9-18 13:36:33
616/600036/招商银行/14.460	26800	14.450	51600	14.440	10100	14.430	5400	14.420	2000	14.470	6700	14.480	122946	14.490	100	14.500	271258	14.510	1900	/16843401//1137322240/81159552/14.47/13.98//2008-9-18 13:37:34
616/600036/招商银行/14.490	155840	14.480	1100	14.470	61700	14.460	41074	14.450	70000	14.500	194174	14.510	2300	14.520	7200	14.530	4400	14.550	20900	/16843401//1146988416/81827136/14.49/13.98//2008-9-18 13:38:34
616/600036/招商银行/14.520	8550	14.510	600	14.500	72254	14.490	90040	14.480	33500	14.530	200	14.540	100	14.550	8700	14.560	13700	14.570	700	/16843401//1153687936/82289128/14.52/13.98//2008-9-18 13:39:35
616/600036/招商银行/14.460	14074	14.450	38400	14.440	23400	14.430	1000	14.420	7700	14.500	56082	14.510	400	14.520	49800	14.530	500	14.540	11700	/16843401//1164832640/83057872/14.5/13.98//2008-9-18 13:40:35
616/600036/招商银行/14.480	3100	14.470	6400	14.460	2820	14.450	23300	14.440	13500	14.500	5200	14.510	2300	14.520	13300	14.530	1500	14.540	11000	/16843401//1168341760/83300128/14.5/13.98//2008-9-18 13:41:36
616/600036/招商银行/14.520	13400	14.510	14800	14.500	34928	14.490	7800	14.480	22100	14.540	9900	14.550	57400	14.560	16700	14.570	7800	14.580	58119	/16843401//1170609152/83456496/14.52/13.98//2008-9-18 13:42:36
616/600036/招商银行/14.610	2000	14.600	322712	14.590	215300	14.580	188654	14.570	7500	14.660	60900	14.670	3100	14.680	56700	14.690	19900	14.700	29800	/16843401//1183680512/84351960/14.61/13.98//2008-9-18 13:43:37
616/600036/招商银行/14.790	9400	14.770	2800	14.750	140974	14.740	5600	14.730	16100	14.800	16417	14.810	4800	14.820	8700	14.830	100	14.840	5100	/16843401//1191917056/84910720/14.79/13.98//2008-9-18 13:44:37
616/600036/招商银行/14.860	2674	14.850	4000	14.840	22200	14.830	6100	14.820	23100	14.890	114200	14.900	107120	14.910	800	14.920	4200	14.930	1000	/16843401//1204641920/85767352/14.86/13.98//2008-9-18 13:45:38
616/600036/招商银行/14.800	100548	14.790	11014	14.780	10900	14.770	11700	14.760	23400	14.810	5100	14.850	16901	14.880	123748	14.890	134898	14.900	14703	/16843401//1222311680/86955352/14.81/13.98//2008-9-18 13:46:39
616/600036/招商银行/14.700	93835	14.690	6000	14.680	15600	14.670	37000	14.660	154374	14.840	50	14.850	18100	14.860	140000	14.870	34020	14.880	105000	/16843401//1234217344/87760608/14.7/13.98//2008-9-18 13:47:39
616/600036/招商银行/14.710	21600	14.700	101935	14.690	6700	14.680	15600	14.670	37000	14.750	2700	14.790	38576	14.800	86300	14.820	500	14.830	51300	/16843401//1237493632/87981784/14.75/13.98//2008-9-18 13:48:40
616/600036/招商银行/14.730	33900	14.720	35274	14.710	73400	14.700	129408	14.690	4400	14.760	10100	14.780	104180	14.790	52605	14.800	57376	14.820	1700	/16843401//1243478656/88387032/14.73/13.98//2008-9-18 13:49:40
616/600036/招商银行/14.680	9574	14.670	3900	14.660	153774	14.650	5200	14.640	300	14.690	300	14.700	187300	14.710	1800	14.720	23544	14.730	13150	/16843401//1248922624/88757040/14.68/13.98//2008-9-18 13:50:41
616/600036/招商银行/14.610	300	14.600	568876	14.590	3800	14.580	30254	14.560	1500	14.640	1000	14.650	21230	14.660	64500	14.670	70199	14.680	114478	/16843401//1252692352/89014216/14.6/13.98//2008-9-18 13:51:41
616/600036/招商银行/14.600	309024	14.590	1600	14.580	30254	14.560	1800	14.550	84800	14.630	3000	14.640	4800	14.650	34300	14.660	44000	14.670	65099	/16843401//1258024448/89379368/14.63/13.98//2008-9-18 13:52:42
616/600036/招商银行/14.390	25869	14.310	52000	14.300	129200	14.290	900	14.280	5100	14.400	263748	14.500	2000	14.550	850	14.590	500	14.600	97426	/16843401//1287002624/91388248/14.4/13.98//2008-9-18 13:53:42
616/600036/招商银行/14.450	196200	14.420	1000	14.410	83474	14.400	363796	14.390	200	14.590	300	14.600	98400	14.610	5200	14.620	2500	14.630	2000	/16843401//1293126272/91813352/14.6/13.98//2008-9-18 13:54:43
616/600036/招商银行/14.500	42574	14.470	141000	14.460	91378	14.450	203200	14.420	14800	14.600	49599	14.610	12900	14.620	3650	14.630	81200	14.640	6500	/16843401//1295646464/91986128/14.6/13.98//2008-9-18 13:55:44
616/600036/招商银行/14.520	3500	14.510	102673	14.500	13878	14.490	300	14.480	10800	14.560	3500	14.580	2650	14.590	35600	14.600	133700	14.610	12600	/16843401//1296224384/92025848/14.56/13.98//2008-9-18 13:56:44
616/600036/招商银行/14.600	117550	14.590	1000	14.580	17044	14.560	3578	14.530	10800	14.610	13300	14.620	2800	14.630	84000	14.640	2900	14.650	17100	/16843401//1299567872/92254976/14.6/13.98//2008-9-18 13:57:45
616/600036/招商银行/14.630	36800	14.620	5000	14.610	2070	14.600	141542	14.590	1000	14.640	3900	14.650	20400	14.660	32000	14.670	61100	14.680	13078	/16843401//1302742784/92472216/14.63/13.98//2008-9-18 13:58:45
616/600036/招商银行/14.700	232522	14.680	24700	14.670	88799	14.660	2300	14.650	2978	14.720	6500	14.730	3600	14.740	2000	14.750	33600	14.760	5500	/16843401//1311980928/93101136/14.7/13.98//2008-9-18 13:59:46
616/600036/招商银行/14.720	9274	14.710	200	14.700	93491	14.690	7000	14.680	55500	14.750	11522	14.760	1600	14.770	16300	14.780	28780	14.790	10500	/16843401//1317696768/93489600/14.72/13.98//2008-9-18 14:0:47
616/600036/招商银行/14.630	71473	14.620	5200	14.610	6870	14.600	67942	14.580	9400	14.680	51800	14.690	3300	14.700	105682	14.710	9300	14.720	5300	/16843401//1322863872/93841088/14.68/13.98//2008-9-18 14:1:47
616/600036/招商银行/14.600	46337	14.580	9400	14.570	5000	14.560	300	14.550	100	14.610	8500	14.620	490	14.630	102000	14.640	4300	14.650	7300	/16843401//1325539584/94023936/14.6/13.98//2008-9-18 14:2:48
616/600036/招商银行/14.540	10000	14.530	8974	14.520	68000	14.510	600	14.500	31078	14.550	600	14.560	100	14.570	5821	14.590	1700	14.600	129162	/16843401//1326988288/94123192/14.53/13.98//2008-9-18 14:3:48
616/600036/招商银行/14.550	95003	14.530	4400	14.520	62500	14.510	1200	14.500	37978	14.590	7400	14.600	93178	14.610	20300	14.620	1400	14.630	60590	/16843401//1328128384/94201512/14.55/13.98//2008-9-18 14:4:49
616/600036/招商银行/14.640	284	14.630	3000	14.620	10000	14.610	47800	14.600	113600	14.650	8600	14.660	1900	14.670	26026	14.680	15387	14.690	7500	/16843401//1331282560/94417448/14.64/13.98//2008-9-18 14:5:50
616/600036/招商银行/14.680	8900	14.670	62601	14.660	14648	14.650	51979	14.640	1200	14.700	156184	14.710	11400	14.720	4200	14.730	3500	14.740	200	/16843401//1333014528/94535520/14.68/13.98//2008-9-18 14:6:50
616/600036/招商银行/14.750	36300	14.740	18600	14.710	18200	14.700	87520	14.680	8674	14.760	63500	14.770	18200	14.780	16180	14.790	24600	14.800	84356	/16843401//1337682432/94852856/14.75/13.98//2008-9-18 14:7:51
616/600036/招商银行/14.790	500	14.780	71775	14.770	51800	14.760	123100	14.750	70800	14.800	97236	14.810	2500	14.820	5600	14.830	1600	14.840	12300	/16843401//1342271616/95163400/14.79/13.98//2008-9-18 14:8:51
616/600036/招商银行/14.800	73168	14.790	3500	14.780	109175	14.770	15300	14.760	120500	14.810	7125	14.830	63300	14.840	3600	14.850	24450	14.860	4600	/16843401//1347525120/95518256/14.81/13.98//2008-9-18 14:9:52
616/600036/招商银行/14.850	12400	14.840	25895	14.830	52079	14.820	12075	14.810	10600	14.870	5050	14.880	53499	14.890	30700	14.900	156889	14.910	2200	/16843401//1351371648/95777504/14.85/13.98//2008-9-18 14:10:53
616/600036/招商银行/14.870	300	14.850	33954	14.840	7500	14.830	41579	14.820	10775	14.890	69599	14.900	156050	14.910	2200	14.920	42000	14.930	3100	/16843401//1354343680/95977456/14.89/13.98//2008-9-18 14:11:53
616/600036/招商银行/14.870	5453	14.860	3042	14.850	2400	14.830	60854	14.820	10675	14.880	40700	14.890	15296	14.900	118850	14.910	2100	14.920	42200	/16843401//1359424128/96319136/14.87/13.98//2008-9-18 14:12:54
616/600036/招商银行/14.780	34800	14.770	5100	14.760	118500	14.750	51500	14.720	200	14.790	5656	14.800	75718	14.810	5700	14.820	900	14.830	382000	/16843401//1363228928/96575928/14.78/13.98//2008-9-18 14:13:55
616/600036/招商银行/14.760	36275	14.750	59000	14.720	200	14.710	12700	14.700	59920	14.770	77100	14.780	4899	14.790	700	14.800	48866	14.810	5700	/16843401//1366806784/96818056/14.77/13.98//2008-9-18 14:14:55
616/600036/招商银行/14.720	1929	14.700	63820	14.690	3400	14.680	4200	14.670	6400	14.770	34800	14.780	4799	14.790	7200	14.800	51389	14.810	5700	/16843401//1370318592/97056104/14.77/13.98//2008-9-18 14:15:56
616/600036/招商银行/14.770	77275	14.760	2100	14.750	100	14.720	71100	14.710	171429	14.780	1200	14.790	8300	14.800	47489	14.810	13700	14.820	500	/16843401//1371768320/97154400/14.77/13.98//2008-9-18 14:16:56
616/600036/招商银行/14.870	39550	14.850	29260	14.830	68900	14.820	400	14.810	74475	14.880	68699	14.890	40174	14.900	123350	14.910	3700	14.920	43000	/16843401//1376492672/97473384/14.87/13.98//2008-9-18 14:17:57
616/600036/招商银行/14.950	2131	14.930	16400	14.920	41300	14.910	11100	14.900	75367	14.960	79490	14.970	53300	14.980	89479	14.990	313321	15.000	612179	/16843401//1384795008/98030096/14.95/13.98//2008-9-18 14:18:58
616/600036/招商银行/15.050	38200	15.040	50800	15.030	27000	15.020	93849	15.010	207800	15.080	7800	15.090	55300	15.100	50100	15.110	1100	15.120	13100	/16843401//1404926592/99372736/15.05/13.98//2008-9-18 14:19:58
616/600036/招商银行/15.250	1000	15.240	100	15.220	400	15.200	105100	15.190	2500	15.290	60300	15.300	14390	15.310	4100	15.320	20600	15.330	8400	/16843401//1414267392/99988576/15.25/13.98//2008-9-18 14:20:59
616/600036/招商银行/15.250	180801	15.240	1300	15.210	2000	15.200	33575	15.190	2500	15.300	45005	15.310	8800	15.330	1100	15.340	14100	15.350	220421	/16843401//1430750208/101067128/15.25/13.98//2008-9-18 14:22:0
616/600036/招商银行/15.250	73450	15.240	60700	15.230	1100	15.210	600	15.200	41675	15.290	117500	15.300	192601	15.310	999	15.320	1200	15.330	26000	/16843401//1442307072/101823480/15.29/13.98//2008-9-18 14:23:0
616/600036/招商银行/15.120	28800	15.110	800	15.100	24500	15.090	6600	15.080	1000	15.130	9500	15.150	1799	15.170	2000	15.180	14950	15.190	17600	/16843401//1448547968/102233400/15.12/13.98//2008-9-18 14:24:1
616/600036/招商银行/15.070	1800	15.060	700	15.030	4075	15.020	27149	15.010	10000	15.100	9950	15.110	300	15.120	24528	15.130	9500	15.150	14199	/16843401//1452426624/102490624/15.07/13.98//2008-9-18 14:25:2
616/600036/招商银行/15.100	61800	15.070	1500	15.060	4200	15.050	12600	15.040	2000	15.110	1300	15.120	21328	15.130	7800	15.150	20999	15.170	54700	/16843401//1454649472/102638128/15.1/13.98//2008-9-18 14:26:2
616/600036/招商银行/15.100	12482	15.090	4800	15.080	10700	15.070	2700	15.060	10604	15.120	13300	15.130	7600	15.140	6600	15.150	33925	15.170	54700	/16843401//1459848448/102982336/15.1/13.98//2008-9-18 14:27:3
616/600036/招商银行/15.050	114175	15.040	2400	15.030	14000	15.020	14403	15.010	11700	15.090	20850	15.100	49368	15.110	26600	15.120	7100	15.130	27100	/16843401//1463977600/103256168/15.05/13.98//2008-9-18 14:28:4
616/600036/招商银行/15.030	3075	15.020	14203	15.010	13400	15.000	387700	14.990	1500	15.040	900	15.050	26146	15.070	900	15.080	14818	15.090	4200	/16843401//1473067648/103859568/15.03/13.98//2008-9-18 14:29:4
616/600036/招商银行/15.010	2592	15.000	262419	14.980	12200	14.970	3100	14.960	1400	15.020	16910	15.030	38625	15.040	2800	15.050	38646	15.070	1600	/16843401//1485990272/104721032/15.01/13.98//2008-9-18 14:30:5
616/600036/招商银行/15.010	52204	15.000	372435	14.980	12000	14.970	3000	14.960	1700	15.050	1000	15.060	1800	15.070	1700	15.080	14898	15.090	3900	/16843401//1492542208/105157304/15.01/13.98//2008-9-18 14:31:6
616/600036/招商银行/15.100	169460	15.010	2100	15.000	288532	14.980	12000	14.970	3400	15.110	5800	15.120	18400	15.130	26900	15.140	6100	15.150	22925	/16843401//1502964608/105850368/15.1/13.98//2008-9-18 14:32:6
616/600036/招商银行/15.100	39839	15.080	2300	15.060	3000	15.050	15700	15.020	20100	15.110	2100	15.120	4800	15.130	24300	15.140	7500	15.150	24125	/16843401//1509274752/106268352/15.1/13.98//2008-9-18 14:33:7
616/600036/招商银行/15.040	99600	15.030	4900	15.020	30275	15.010	17000	15.000	495146	15.080	4300	15.090	184000	15.100	16500	15.110	2700	15.120	9600	/16843401//1526297984/107398600/15.04/13.98//2008-9-18 14:34:8
616/600036/招商银行/15.040	900	15.030	33450	15.020	500	15.010	27200	15.000	296932	15.050	8000	15.080	1900	15.090	50100	15.100	20300	15.120	2700	/16843401//1563761792/109888240/15.03/13.98//2008-9-18 14:35:8
616/600036/招商银行/15.050	238700	15.030	11700	15.020	102300	15.010	42400	15.000	316932	15.080	9900	15.090	26097	15.100	1551	15.110	4400	15.120	8700	/16843401//1576364288/110723888/15.05/13.98//2008-9-18 14:36:9
616/600036/招商银行/15.050	960156	15.010	100	15.000	158286	14.990	36300	14.980	16200	15.080	9800	15.090	65797	15.100	30151	15.110	4600	15.120	8800	/16843401//1586620672/111406176/15.05/13.98//2008-9-18 14:37:10
616/600036/招商银行/15.050	804710	15.030	300	15.010	2000	15.000	754386	14.990	36000	15.060	2000	15.080	8799	15.090	62497	15.100	58571	15.110	4800	/16843401//1589523840/111599024/15.05/13.98//2008-9-18 14:38:10
616/600036/招商银行/15.000	750861	14.990	36100	14.980	16900	14.970	3000	14.960	2200	15.010	1400	15.030	2900	15.050	346266	15.060	23400	15.070	81530	/16843401//1602877440/112486360/15.0/13.98//2008-9-18 14:39:11
616/600036/招商银行/15.010	200	15.000	308163	14.990	34100	14.980	16700	14.970	3000	15.050	15668	15.060	21300	15.070	91130	15.080	23100	15.090	64897	/16843401//1629775616/114278256/15.0/13.98//2008-9-18 14:40:12
616/600036/招商银行/15.000	98493	14.990	34000	14.980	17400	14.970	3200	14.960	1900	15.010	20600	15.020	1890	15.030	1900	15.040	1600	15.050	92294	/16843401//1633872128/114551328/15.0/13.98//2008-9-18 14:41:12
616/600036/招商银行/14.980	10175	14.970	3200	14.960	3900	14.950	694321	14.940	2700	14.990	44900	15.000	245054	15.010	21000	15.020	600	15.030	4000	/16843401//1639765376/114944248/14.99/13.98//2008-9-18 14:42:13
616/600036/招商银行/14.950	641346	14.940	2200	14.930	1100	14.920	22100	14.910	8400	15.000	500	15.010	13100	15.020	1000	15.030	1900	15.040	10000	/16843401//1654412928/115921096/14.95/13.98//2008-9-18 14:43:14
616/600036/招商银行/14.950	366625	14.930	1600	14.920	17475	14.910	7500	14.900	88500	14.990	2800	15.000	31752	15.010	2700	15.020	700	15.030	1100	/16843401//1672532480/117131440/14.95/13.98//2008-9-18 14:44:14
616/600036/招商银行/14.980	400	14.950	322379	14.920	23175	14.910	50200	14.900	92100	14.990	16100	15.000	75578	15.010	1500	15.020	100	15.030	1700	/16843401//1674046464/117232592/14.99/13.98//2008-9-18 14:45:15
616/600036/招商银行/14.950	194233	14.940	100	14.920	23675	14.910	53600	14.900	97400	14.980	4500	15.000	172581	15.010	2600	15.020	5100	15.030	13100	/16843401//1684147200/117906632/14.95/13.98//2008-9-18 14:46:16
616/600036/招商银行/14.950	162687	14.920	16975	14.910	53600	14.900	498700	14.890	800	14.970	2700	14.980	10900	14.990	13199	15.000	747731	15.010	3500	/16843401//1690167680/118309280/14.95/13.98//2008-9-18 14:47:16
616/600036/招商银行/14.930	1200	14.910	36454	14.900	505900	14.890	1600	14.880	19400	14.940	1800	14.950	156528	14.960	7600	14.970	4600	14.980	14950	/16843401//1693667968/118543488/14.93/13.98//2008-9-18 14:48:17
616/600036/招商银行/14.920	194129	14.910	161750	14.900	20200	14.890	1600	14.880	30000	14.930	8100	14.940	17019	14.950	88940	14.960	2500	14.970	2800	/16843401//1704616576/119277824/14.92/13.98//2008-9-18 14:49:18
616/600036/招商银行/14.930	247825	14.920	203029	14.910	6200	14.900	37100	14.890	1600	14.950	40600	14.960	18500	14.970	3800	14.980	12850	14.990	58628	/16843401//1712412544/119799400/14.93/13.98//2008-9-18 14:50:18
616/600036/招商银行/14.940	1100	14.930	33779	14.920	197829	14.910	6600	14.900	45000	14.950	141900	14.960	29100	14.970	2300	14.980	50800	14.990	84834	/16843401//1724612736/120613744/14.94/13.98//2008-9-18 14:51:19
616/600036/招商银行/14.930	2200	14.920	17980	14.910	12200	14.900	65200	14.890	1600	14.940	29271	14.950	306799	14.960	10000	14.970	3950	14.980	16000	/16843401//1728531968/120876368/14.94/13.98//2008-9-18 14:52:20
616/600036/招商银行/14.910	17504	14.900	23594	14.890	2200	14.880	42100	14.870	12700	14.930	2200	14.940	36421	14.950	312099	14.960	12300	14.970	5850	/16843401//1731405824/121069056/14.92/13.98//2008-9-18 14:53:21
616/600036/招商银行/14.890	18352	14.880	44700	14.870	15700	14.860	3900	14.850	13100	14.900	6300	14.910	500	14.920	500	14.930	4200	14.940	24421	/16843401//1734004992/121243296/14.9/13.98//2008-9-18 14:54:21
616/600036/招商银行/14.870	13600	14.860	6000	14.850	16500	14.830	126200	14.820	1500	14.890	9548	14.900	94400	14.910	5800	14.920	1100	14.930	11863	/16843401//1735697024/121356952/14.87/13.98//2008-9-18 14:55:22
616/600036/招商银行/14.880	100	14.870	10252	14.860	37300	14.850	109700	14.840	100	14.900	104950	14.910	600	14.920	3200	14.930	13063	14.940	30521	/16843401//1738327680/121533696/14.87/13.98//2008-9-18 14:56:23
616/600036/招商银行/14.880	800	14.870	106042	14.860	59600	14.850	124200	14.840	500	14.890	4200	14.900	103450	14.910	700	14.920	1700	14.930	8263	/16843401//1739957632/121643208/14.88/13.98//2008-9-18 14:57:23
616/600036/招商银行/14.910	100	14.900	2175	14.890	46300	14.880	54200	14.870	6600	14.930	9600	14.940	30021	14.950	322600	14.960	9700	14.970	3500	/16843401//1747229056/122131776/14.9/13.98//2008-9-18 14:58:24
616/600036/招商银行/14.930	7600	14.910	51263	14.900	152975	14.880	6400	14.870	40100	14.940	43121	14.950	321400	14.960	9200	14.970	3500	14.980	20000	/16843401//1755366272/122678016/14.93/13.98//2008-9-18 14:59:25
616/600036/招商银行/14.910	1163	14.900	157075	14.880	5200	14.870	43000	14.860	3100	14.930	126700	14.940	58021	14.950	323200	14.960	9400	14.970	4700	/16843401//1758244480/122870912/14.92/13.98//2008-9-18 15:0:26
616/600036/招商银行/14.910	1163	14.900	157075	14.880	5200	14.870	43000	14.860	3100	14.930	126700	14.940	58021	14.950	323200	14.960	9400	14.970	4700	/16843401//1758244480/122870912/14.92/13.98//2008-9-18 15:1:26
616/600036/招商银行/14.910	1163	14.900	157075	14.880	5200	14.870	43000	14.860	3100	14.930	126700	14.940	58021	14.950	323200	14.960	9400	14.970	4700	/16843401//1758244480/122870912/14.92/13.98//2008-9-18 15:2:27
