66/600103/青山纸业/2.350	24900	2.340	800	2.330	5000	2.320	155200	2.310	11200	2.360	18898	2.370	29684	2.380	86800	2.390	15000	2.420	22700	/16842821//131039/55300/2.36/2.44//2008-9-18 9:31:34
66/600103/青山纸业/2.340	1100	2.330	25800	2.320	155200	2.310	11200	2.300	11600	2.350	200	2.360	14898	2.370	24300	2.380	86800	2.390	16000	/16842821//185115/78300/2.35/2.44//2008-9-18 9:32:35
66/600103/青山纸业/2.360	16902	2.340	5800	2.330	26700	2.320	155300	2.310	12200	2.370	24300	2.380	86800	2.390	16000	2.400	8700	2.420	25300	/16842821//248427/105198/2.36/2.44//2008-9-18 9:33:35
66/600103/青山纸业/2.350	3200	2.340	7200	2.330	28200	2.320	155300	2.310	12200	2.360	3932	2.380	86800	2.390	15000	2.400	8700	2.410	2000	/16842821//310325/131400/2.36/2.44//2008-9-18 9:34:35
66/600103/青山纸业/2.350	5700	2.340	8000	2.330	38600	2.320	154900	2.310	12200	2.370	7800	2.380	86800	2.390	15000	2.400	8700	2.410	2000	/16842821//352803/149400/2.36/2.44//2008-9-18 9:35:35
66/600103/青山纸业/2.360	900	2.350	2900	2.340	7900	2.330	38600	2.320	145000	2.370	12600	2.380	86800	2.390	15000	2.400	17700	2.410	2000	/16842821//392827/166400/2.36/2.44//2008-9-18 9:36:36
66/600103/青山纸业/2.340	6700	2.330	37200	2.320	6700	2.310	14200	2.300	24600	2.350	1700	2.360	2000	2.370	14500	2.380	86800	2.390	15000	/16842821//408125/172900/2.34/2.44//2008-9-18 9:37:36
66/600103/青山纸业/2.340	6000	2.330	26700	2.320	7500	2.310	15500	2.300	26200	2.350	20000	2.360	13800	2.370	7500	2.380	86800	2.390	15000	/16842821//434827/184300/2.35/2.44//2008-9-18 9:38:36
66/600103/青山纸业/2.340	2000	2.330	28100	2.320	7100	2.310	15500	2.300	26900	2.350	14400	2.360	17000	2.370	2600	2.380	86800	2.390	15000	/16842821//487999/207000/2.35/2.44//2008-9-18 9:39:36
66/600103/青山纸业/2.340	4100	2.330	34700	2.320	13300	2.310	15700	2.300	28000	2.350	43900	2.360	17000	2.370	14000	2.380	86800	2.390	15000	/16842821//578856/245900/2.34/2.44//2008-9-18 9:40:36
66/600103/青山纸业/2.330	37600	2.320	13500	2.310	23500	2.300	28000	2.290	1300	2.340	34600	2.360	17100	2.370	14000	2.380	86800	2.390	15000	/16842821//698358/296800/2.34/2.44//2008-9-18 9:41:37
66/600103/青山纸业/2.370	100	2.360	32900	2.350	6500	2.340	44100	2.330	37800	2.380	93800	2.390	15000	2.400	20600	2.410	2000	2.420	25600	/16842821//833522/354400/2.36/2.44//2008-9-18 9:42:37
66/600103/青山纸业/2.370	400	2.360	24600	2.350	12000	2.340	45200	2.330	38200	2.380	82500	2.390	15000	2.400	20600	2.410	2000	2.420	25600	/16842821//866929/368500/2.37/2.44//2008-9-18 9:43:37
66/600103/青山纸业/2.370	4300	2.360	35000	2.350	12000	2.340	44600	2.330	38200	2.380	72800	2.390	15000	2.400	29400	2.410	3000	2.420	27600	/16842821//932879/396300/2.38/2.44//2008-9-18 9:44:37
66/600103/青山纸业/2.360	35900	2.350	12000	2.340	44800	2.330	41700	2.320	15300	2.370	17600	2.380	76300	2.390	16500	2.400	26400	2.410	3000	/16842821//950184/403600/2.37/2.44//2008-9-18 9:45:37
66/600103/青山纸业/2.360	39500	2.350	12000	2.340	44800	2.330	41700	2.320	16300	2.370	22400	2.380	82300	2.390	15000	2.400	28400	2.410	5000	/16842821//971983/412800/2.37/2.44//2008-9-18 9:46:38
66/600103/青山纸业/2.360	15200	2.350	12900	2.340	45900	2.330	34800	2.320	16300	2.370	14900	2.380	81800	2.400	28500	2.410	5000	2.420	25100	/16842821//1036688/440200/2.37/2.44//2008-9-18 9:47:38
66/600103/青山纸业/2.360	20100	2.350	13900	2.340	45900	2.330	34800	2.320	16300	2.370	22000	2.380	32600	2.400	40700	2.410	5000	2.420	25100	/16842821//1048047/445000/2.36/2.44//2008-9-18 9:48:38
66/600103/青山纸业/2.370	72000	2.360	23400	2.350	13900	2.340	45900	2.330	34900	2.380	32600	2.400	40700	2.410	54200	2.420	28600	2.430	68800	/16842821//1121991/476200/2.37/2.44//2008-9-18 9:49:39
66/600103/青山纸业/2.380	5700	2.370	72500	2.360	28600	2.350	12900	2.340	45900	2.400	40700	2.410	54200	2.420	28600	2.430	68800	2.440	11600	/16842821//1151499/488600/2.38/2.44//2008-9-18 9:50:39
66/600103/青山纸业/2.380	12900	2.370	75400	2.360	24400	2.350	12900	2.340	45900	2.390	1100	2.400	43500	2.410	54200	2.420	28600	2.430	68800	/16842821//1166493/494900/2.38/2.44//2008-9-18 9:51:39
66/600103/青山纸业/2.370	74700	2.360	24400	2.350	13900	2.340	45900	2.330	11200	2.380	1950	2.390	10700	2.400	104800	2.410	54200	2.420	28600	/16842821//1208620/512600/2.38/2.44//2008-9-18 9:52:39
66/600103/青山纸业/2.370	73500	2.360	21400	2.350	18700	2.340	45900	2.330	11500	2.380	9449	2.390	10100	2.400	105600	2.410	54200	2.420	28600	/16842821//1210748/513500/2.37/2.44//2008-9-18 9:53:40
66/600103/青山纸业/2.360	1000	2.350	17900	2.340	46900	2.330	12500	2.320	39800	2.370	69400	2.380	44350	2.390	10800	2.400	105600	2.410	54200	/16842821//1435217/608300/2.36/2.44//2008-9-18 9:54:40
66/600103/青山纸业/2.350	11900	2.340	59900	2.330	13500	2.320	39800	2.310	16000	2.360	6400	2.370	70800	2.380	61350	2.390	11300	2.400	105600	/16842821//1446279/613000/2.36/2.44//2008-9-18 9:55:40
66/600103/青山纸业/2.360	2600	2.350	10500	2.340	59900	2.330	13500	2.320	39800	2.370	70200	2.380	61350	2.390	11300	2.400	105900	2.410	54200	/16842821//1504315/637600/2.36/2.44//2008-9-18 9:56:41
66/600103/青山纸业/2.360	6600	2.350	14200	2.340	59900	2.330	13500	2.320	39800	2.370	70099	2.380	60350	2.390	11300	2.400	107900	2.410	54200	/16842821//1510467/640200/2.37/2.44//2008-9-18 9:57:41
66/600103/青山纸业/2.360	1801	2.350	16200	2.340	59900	2.330	12700	2.320	39800	2.370	68600	2.380	69150	2.390	9300	2.400	111400	2.410	54200	/16842821//1522265/645199/2.36/2.44//2008-9-18 9:58:41
66/600103/青山纸业/2.340	61000	2.330	13700	2.320	37300	2.310	16900	2.300	45400	2.350	1600	2.360	4299	2.370	68600	2.380	64350	2.390	10300	/16842821//1571163/666000/2.35/2.44//2008-9-18 9:59:41
66/600103/青山纸业/2.350	19300	2.340	35400	2.330	13600	2.320	36300	2.310	16900	2.360	6799	2.370	68500	2.380	64350	2.390	8800	2.400	111500	/16842821//1578448/669100/2.35/2.44//2008-9-18 10:0:42
66/600103/青山纸业/2.350	300	2.340	36400	2.330	13600	2.320	36300	2.310	16900	2.360	6599	2.370	68500	2.380	64350	2.390	12400	2.400	112000	/16842821//1627103/689800/2.35/2.44//2008-9-18 10:1:42
66/600103/青山纸业/2.350	10000	2.340	12100	2.330	12100	2.320	37300	2.310	16900	2.360	11699	2.370	68500	2.380	64350	2.390	24999	2.400	112500	/16842821//1660216/703900/2.34/2.35//2008-9-18 10:2:42
66/600103/青山纸业/2.340	31400	2.330	33100	2.320	37300	2.310	16900	2.300	52900	2.350	2250	2.360	33279	2.370	68500	2.380	66350	2.390	32556	/16842821//1684892/714400/2.35/2.35//2008-9-18 10:3:42
66/600103/青山纸业/2.340	9600	2.330	31800	2.320	37300	2.310	16900	2.300	53400	2.350	14949	2.360	34279	2.370	68500	2.380	62750	2.390	129574	/16842821//1764237/748300/2.34/2.35//2008-9-18 10:4:43
66/600103/青山纸业/2.320	37300	2.310	16900	2.300	53400	2.290	4700	2.280	6200	2.330	15800	2.340	69500	2.350	20449	2.360	29379	2.370	68500	/16842821//1862429/790400/2.33/2.35//2008-9-18 10:5:43
66/600103/青山纸业/2.320	29800	2.310	15000	2.300	48200	2.290	4700	2.280	7200	2.330	59900	2.340	71500	2.350	16849	2.360	27079	2.370	18600	/16842821//1888682/801700/2.33/2.35//2008-9-18 10:6:43
66/600103/青山纸业/2.320	35831	2.310	15600	2.300	45800	2.290	4700	2.280	8300	2.330	62000	2.340	69500	2.350	17549	2.360	25579	2.370	18600	/16842821//1992780/846569/2.32/2.35//2008-9-18 10:7:44
66/600103/青山纸业/2.290	6700	2.280	8300	2.270	4400	2.260	12600	2.250	55800	2.300	90000	2.310	3200	2.320	67469	2.330	67500	2.340	67500	/16842821//2229044/948900/2.3/2.35//2008-9-18 10:8:44
66/600103/青山纸业/2.290	200	2.280	5300	2.270	6400	2.260	12600	2.250	56400	2.300	29000	2.310	1200	2.320	67469	2.330	67500	2.340	57500	/16842821//2447247/1043900/2.3/2.35//2008-9-18 10:9:44
66/600103/青山纸业/2.290	7000	2.280	24300	2.270	10400	2.260	12700	2.250	58300	2.300	11400	2.310	16000	2.320	17469	2.330	50400	2.340	7500	/16842821//2505365/1069200/2.3/2.35//2008-9-18 10:10:44
66/600103/青山纸业/2.310	15000	2.300	41200	2.290	23700	2.280	24400	2.270	10400	2.320	13069	2.330	50400	2.340	22800	2.350	17749	2.360	24579	/16842821//2562375/1093900/2.32/2.35//2008-9-18 10:11:45
66/600103/青山纸业/2.310	14900	2.300	36800	2.290	21200	2.280	22900	2.270	6600	2.320	6369	2.330	50800	2.340	22800	2.350	17749	2.360	24579	/16842821//2570956/1097600/2.32/2.35//2008-9-18 10:12:45
66/600103/青山纸业/2.310	1800	2.300	46900	2.290	19900	2.280	23300	2.270	6800	2.320	35899	2.330	51800	2.340	22800	2.350	18749	2.360	23479	/16842821//2623205/1120169/2.32/2.35//2008-9-18 10:13:45
66/600103/青山纸业/2.300	44900	2.290	12800	2.280	23400	2.270	4800	2.260	14200	2.310	15900	2.320	34199	2.330	63200	2.340	17900	2.350	18749	/16842821//2647720/1130769/2.31/2.35//2008-9-18 10:14:46
66/600103/青山纸业/2.300	43400	2.290	17700	2.280	24500	2.270	4800	2.260	14500	2.310	19000	2.320	34199	2.330	63200	2.340	17900	2.350	19749	/16842821//2661998/1136969/2.3/2.35//2008-9-18 10:15:46
66/600103/青山纸业/2.300	49300	2.290	17700	2.280	26700	2.270	4800	2.260	14500	2.310	1100	2.320	47199	2.330	51800	2.340	17900	2.350	19749	/16842821//2737161/1169569/2.31/2.35//2008-9-18 10:16:46
66/600103/青山纸业/2.310	5900	2.300	38500	2.290	18200	2.280	24700	2.270	5000	2.320	31799	2.330	51800	2.340	17900	2.350	19749	2.360	23479	/16842821//2821027/1205869/2.31/2.35//2008-9-18 10:17:47
66/600103/青山纸业/2.310	10700	2.300	40100	2.290	18500	2.280	27600	2.270	5000	2.320	3299	2.330	49100	2.340	17900	2.350	18549	2.360	22479	/16842821//2897123/1238669/2.32/2.35//2008-9-18 10:18:47
66/600103/青山纸业/2.310	11400	2.300	43300	2.290	18500	2.280	27500	2.270	3500	2.320	6929	2.330	48100	2.340	19900	2.350	18749	2.360	22479	/16842821//2959222/1265469/2.32/2.35//2008-9-18 10:19:47
66/600103/青山纸业/2.320	2071	2.310	11500	2.300	42400	2.290	17400	2.280	27500	2.330	44300	2.340	19900	2.350	17749	2.360	22479	2.370	22100	/16842821//2967177/1268898/2.32/2.35//2008-9-18 10:20:48
66/600103/青山纸业/2.320	16771	2.310	11500	2.300	41600	2.290	6400	2.280	28800	2.330	33300	2.340	19900	2.350	17749	2.360	19979	2.370	22100	/16842821//2994205/1280498/2.33/2.35//2008-9-18 10:21:48
66/600103/青山纸业/2.320	11171	2.310	22500	2.300	41200	2.290	6400	2.280	28800	2.330	19600	2.340	19900	2.350	17349	2.360	19979	2.370	22100	/16842821//3043072/1301498/2.33/2.35//2008-9-18 10:22:48
66/600103/青山纸业/2.320	7471	2.310	22500	2.300	40300	2.290	6400	2.280	29100	2.330	19500	2.340	19900	2.350	16599	2.360	19979	2.370	22100	/16842821//3053049/1305798/2.32/2.35//2008-9-18 10:23:48
66/600103/青山纸业/2.310	17100	2.300	40000	2.290	6400	2.280	29100	2.270	3500	2.320	5429	2.330	21800	2.340	19900	2.350	16599	2.360	19979	/16842821//3087308/1320569/2.31/2.35//2008-9-18 10:24:49
66/600103/青山纸业/2.310	5000	2.300	40000	2.290	6400	2.280	29100	2.270	3500	2.320	17029	2.330	21800	2.340	20900	2.350	14999	2.360	19979	/16842821//3105336/1328369/2.31/2.35//2008-9-18 10:25:49
66/600103/青山纸业/2.310	2500	2.300	43000	2.290	10100	2.280	34800	2.270	3500	2.320	15529	2.330	23300	2.340	20900	2.350	14999	2.360	19979	/16842821//3118767/1334169/2.31/2.35//2008-9-18 10:26:49
66/600103/青山纸业/2.300	44100	2.290	10100	2.280	37200	2.270	3500	2.260	21100	2.310	400	2.320	15529	2.330	23300	2.340	20900	2.350	14999	/16842821//3125466/1337069/2.31/2.35//2008-9-18 10:27:50
66/600103/青山纸业/2.300	44600	2.290	10600	2.280	37200	2.270	3500	2.260	22200	2.310	300	2.320	14529	2.330	23300	2.340	20900	2.350	14999	/16842821//3130779/1339369/2.31/2.35//2008-9-18 10:28:50
66/600103/青山纸业/2.320	2371	2.310	3450	2.300	44600	2.290	10600	2.280	40700	2.330	23300	2.340	20900	2.350	33999	2.360	22479	2.370	22100	/16842821//3207111/1372277/2.32/2.35//2008-9-18 10:29:50
66/600103/青山纸业/2.310	4550	2.300	49100	2.290	10600	2.280	41700	2.270	3500	2.320	44679	2.330	23100	2.340	20900	2.350	33999	2.360	22479	/16842821//3177050/1359319/2.32/2.35//2008-9-18 10:30:51
66/600103/青山纸业/2.310	3850	2.300	49300	2.290	10600	2.280	41700	2.270	3500	2.320	42479	2.330	23100	2.340	20900	2.350	33999	2.360	22479	/16842821//3186095/1363219/2.31/2.35//2008-9-18 10:31:51
66/600103/青山纸业/2.310	600	2.300	12571	2.290	10600	2.280	41700	2.270	3500	2.320	1300	2.330	23100	2.340	20900	2.350	36999	2.360	22479	/16842821//3289395/1408098/2.31/2.35//2008-9-18 10:32:51
66/600103/青山纸业/2.310	1100	2.300	15271	2.290	10600	2.280	41700	2.270	3500	2.320	6900	2.330	22100	2.340	20900	2.350	36999	2.360	20979	/16842821//3305121/1414898/2.32/2.35//2008-9-18 10:33:52
66/600103/青山纸业/2.300	14671	2.290	11100	2.280	41700	2.270	3500	2.260	22900	2.310	9400	2.320	73900	2.330	32200	2.340	20900	2.350	37599	/16842821//3319202/1420998/2.3/2.35//2008-9-18 10:34:52
66/600103/青山纸业/2.300	10671	2.290	9600	2.280	41700	2.270	3500	2.260	22900	2.310	11200	2.320	74000	2.330	32200	2.340	20900	2.350	38499	/16842821//3336452/1428498/2.3/2.35//2008-9-18 10:35:52
66/600103/青山纸业/2.300	8471	2.290	8700	2.280	40400	2.270	3500	2.260	22900	2.310	21700	2.320	74000	2.330	32800	2.340	20900	2.350	38499	/16842821//3343123/1431398/2.31/2.35//2008-9-18 10:36:53
66/600103/青山纸业/2.290	13700	2.280	41300	2.270	4500	2.260	22900	2.250	99900	2.300	13629	2.310	25300	2.320	74000	2.330	32800	2.340	20900	/16842821//3366057/1441369/2.3/2.35//2008-9-18 10:37:53
66/600103/青山纸业/2.290	43100	2.280	40900	2.270	4500	2.260	22900	2.250	99900	2.300	5929	2.310	25300	2.320	74000	2.330	32800	2.340	22900	/16842821//3397741/1455169/2.29/2.35//2008-9-18 10:38:53
66/600103/青山纸业/2.290	6200	2.280	36300	2.270	5900	2.260	23100	2.250	100900	2.300	2729	2.310	25300	2.320	73900	2.330	32800	2.340	22900	/16842821//3497882/1498869/2.3/2.35//2008-9-18 10:39:54
66/600103/青山纸业/2.280	1500	2.260	1000	2.250	72586	2.240	4600	2.230	2300	2.290	15200	2.300	2729	2.310	21100	2.320	73900	2.330	32800	/16842821//3787198/1626383/2.29/2.35//2008-9-18 10:40:54
66/600103/青山纸业/2.260	8500	2.250	76986	2.240	4600	2.230	4500	2.220	14300	2.280	1000	2.290	3700	2.300	5128	2.310	21100	2.320	73900	/16842821//3870567/1662883/2.29/2.35//2008-9-18 10:41:54
66/600103/青山纸业/2.260	10400	2.250	75986	2.240	4600	2.230	4500	2.220	14800	2.270	3000	2.280	600	2.290	3700	2.300	62128	2.310	21100	/16842821//3881025/1667483/2.27/2.35//2008-9-18 10:42:55
66/600103/青山纸业/2.260	2000	2.250	61286	2.240	4600	2.230	2800	2.220	19800	2.270	16300	2.280	3800	2.290	4100	2.300	61328	2.310	21100	/16842821//3979794/1711183/2.25/2.35//2008-9-18 10:43:55
66/600103/青山纸业/2.260	25600	2.250	64486	2.240	9600	2.230	3400	2.220	19800	2.270	6300	2.280	3800	2.290	8100	2.300	63028	2.310	33200	/16842821//4044987/1739983/2.27/2.35//2008-9-18 10:44:56
66/600103/青山纸业/2.270	10300	2.260	25701	2.250	64786	2.240	9600	2.230	4600	2.280	13800	2.290	14900	2.300	64028	2.310	32900	2.320	74900	/16842821//4086516/1758282/2.27/2.35//2008-9-18 10:45:56
66/600103/青山纸业/2.250	59786	2.240	9600	2.230	4700	2.220	14300	2.210	30400	2.260	6500	2.270	16500	2.280	13800	2.290	17600	2.300	76928	/16842821//4170030/1795182/2.26/2.35//2008-9-18 10:46:56
66/600103/青山纸业/2.240	6600	2.230	4700	2.220	14500	2.210	31900	2.200	122500	2.250	11332	2.260	12500	2.270	22000	2.280	19100	2.290	17800	/16842821//4318243/1861068/2.24/2.35//2008-9-18 10:47:57
66/600103/青山纸业/2.220	17500	2.210	31500	2.200	116100	0.000	0	0.000	0	2.230	2300	2.240	31600	2.250	18232	2.260	12500	2.270	17000	/16842821//4384831/1890868/2.23/2.35//2008-9-18 10:48:57
66/600103/青山纸业/2.210	35000	2.200	160700	0.000	0	0.000	0	0.000	0	2.220	9900	2.230	77995	2.240	18000	2.250	19032	2.260	12500	/16842821//4473006/1930568/2.22/2.35//2008-9-18 10:49:57
66/600103/青山纸业/2.200	183900	0.000	0	0.000	0	0.000	0	0.000	0	2.210	13500	2.220	36700	2.230	70995	2.240	14400	2.250	19032	/16842821//4603177/1989468/2.21/2.35//2008-9-18 10:50:58
66/600103/青山纸业/2.200	110600	0.000	0	0.000	0	0.000	0	0.000	0	2.210	7800	2.220	87100	2.230	69495	2.240	14400	2.250	18232	/16842821//4908248/2128068/2.2/2.35//2008-9-18 10:51:58
66/600103/青山纸业/2.200	88200	0.000	0	0.000	0	0.000	0	0.000	0	2.210	3700	2.220	84100	2.230	69495	2.240	4200	2.250	19232	/16842821//5104205/2217068/2.21/2.35//2008-9-18 10:52:58
66/600103/青山纸业/2.210	36900	2.200	118300	0.000	0	0.000	0	0.000	0	2.220	20800	2.230	11295	2.240	4200	2.250	12900	2.260	16500	/16842821//5388900/2345868/2.21/2.35//2008-9-18 10:53:59
66/600103/青山纸业/2.200	152800	0.000	0	0.000	0	0.000	0	0.000	0	2.210	8432	2.220	9200	2.230	12795	2.240	4600	2.250	11400	/16842821//5492435/2392868/2.21/2.35//2008-9-18 10:54:59
66/600103/青山纸业/2.200	143768	0.000	0	0.000	0	0.000	0	0.000	0	2.210	3800	2.220	9200	2.230	12795	2.240	7600	2.250	13400	/16842821//5605521/2444200/2.21/2.35//2008-9-18 10:56:0
66/600103/青山纸业/2.200	205768	0.000	0	0.000	0	0.000	0	0.000	0	2.210	14980	2.220	9500	2.230	12795	2.240	7600	2.250	9700	/16842821//5697015/2485600/2.21/2.35//2008-9-18 10:57:0
66/600103/青山纸业/2.200	205568	0.000	0	0.000	0	0.000	0	0.000	0	2.210	13480	2.220	9600	2.230	12795	2.240	7600	2.250	9700	/16842821//5720838/2496400/2.21/2.35//2008-9-18 10:58:0
66/600103/青山纸业/2.200	219668	0.000	0	0.000	0	0.000	0	0.000	0	2.210	7280	2.220	9700	2.230	12795	2.240	7600	2.250	7800	/16842821//5770069/2518700/2.21/2.35//2008-9-18 10:59:1
66/600103/青山纸业/2.210	26820	2.200	242468	0.000	0	0.000	0	0.000	0	2.220	8500	2.230	11795	2.240	7600	2.250	7000	2.260	16500	/16842821//5793446/2529280/2.22/2.35//2008-9-18 11:0:1
66/600103/青山纸业/2.220	200	2.210	16520	2.200	244468	0.000	0	0.000	0	2.230	11795	2.240	8600	2.250	7000	2.260	16500	2.270	15100	/16842821//5851423/2555480/2.22/2.35//2008-9-18 11:1:2
66/600103/青山纸业/2.200	243068	0.000	0	0.000	0	0.000	0	0.000	0	2.210	3480	2.220	3000	2.230	11795	2.240	8600	2.250	7000	/16842821//5919055/2586100/2.21/2.35//2008-9-18 11:2:2
66/600103/青山纸业/2.210	26120	2.200	245268	0.000	0	0.000	0	0.000	0	2.220	3000	2.230	1795	2.240	8600	2.250	7500	2.260	16500	/16842821//5969526/2608980/2.21/2.35//2008-9-18 11:3:2
66/600103/青山纸业/2.210	22020	2.200	244468	0.000	0	0.000	0	0.000	0	2.220	40300	2.230	1795	2.240	8600	2.250	7700	2.260	16500	/16842821//6046692/2643780/2.21/2.35//2008-9-18 11:4:3
66/600103/青山纸业/2.220	12300	2.210	27720	2.200	237968	0.000	0	0.000	0	2.230	795	2.240	8600	2.250	7700	2.260	16500	2.270	13300	/16842821//6143252/2687280/2.22/2.35//2008-9-18 11:5:3
66/600103/青山纸业/2.210	35220	2.200	247268	0.000	0	0.000	0	0.000	0	2.240	3795	2.250	10700	2.260	12500	2.270	14300	2.280	20900	/16842821//6160430/2694980/2.24/2.35//2008-9-18 11:6:4
66/600103/青山纸业/2.220	10500	2.210	35920	2.200	246968	0.000	0	0.000	0	2.230	1900	2.240	4195	2.250	9900	2.260	13500	2.270	18100	/16842821//6168886/2698780/2.23/2.35//2008-9-18 11:7:4
66/600103/青山纸业/2.230	1000	2.220	11300	2.210	35020	2.200	247368	0.000	0	2.240	2095	2.250	10800	2.260	14500	2.270	15100	2.280	21900	/16842821//6200268/2712880/2.23/2.35//2008-9-18 11:8:4
66/600103/青山纸业/2.240	3700	2.230	2100	2.220	15400	2.210	36220	2.200	244968	2.250	6700	2.260	17500	2.270	15100	2.280	21900	2.290	14700	/16842821//6206978/2715880/2.24/2.35//2008-9-18 11:9:5
66/600103/青山纸业/2.210	12721	2.200	245868	0.000	0	0.000	0	0.000	0	2.240	2608	2.250	10000	2.260	17500	2.270	15100	2.280	21900	/16842821//6310005/2762379/2.21/2.35//2008-9-18 11:10:5
66/600103/青山纸业/2.220	200	2.210	23121	2.200	248068	0.000	0	0.000	0	2.240	8308	2.250	9800	2.260	17500	2.270	16100	2.280	21900	/16842821//6338008/2774879/2.24/2.35//2008-9-18 11:11:6
66/600103/青山纸业/2.210	24121	2.200	251068	0.000	0	0.000	0	0.000	0	2.240	22308	2.250	31500	2.260	17500	2.270	16100	2.280	21900	/16842821//6339340/2775479/2.22/2.35//2008-9-18 11:12:6
66/600103/青山纸业/2.220	2100	2.210	20321	2.200	270368	0.000	0	0.000	0	2.240	22308	2.250	29500	2.260	17500	2.270	16100	2.280	25000	/16842821//6360335/2784979/2.21/2.35//2008-9-18 11:13:7
66/600103/青山纸业/2.220	6600	2.210	22921	2.200	277168	0.000	0	0.000	0	2.240	21408	2.250	29500	2.260	18500	2.270	16100	2.280	26000	/16842821//6421894/2812779/2.22/2.35//2008-9-18 11:14:7
66/600103/青山纸业/2.210	28221	2.200	286468	0.000	0	0.000	0	0.000	0	2.220	5600	2.240	29408	2.250	29500	2.260	18500	2.270	12300	/16842821//6437434/2819779/2.22/2.35//2008-9-18 11:15:7
66/600103/青山纸业/2.220	2600	2.210	40521	2.200	291168	0.000	0	0.000	0	2.240	29408	2.250	29500	2.260	22000	2.270	12300	2.280	26000	/16842821//6453404/2826979/2.22/2.35//2008-9-18 11:16:8
66/600103/青山纸业/2.220	4100	2.210	43221	2.200	296468	0.000	0	0.000	0	2.240	28708	2.250	29500	2.260	23000	2.270	11600	2.280	26000	/16842821//6454300/2827379/2.24/2.35//2008-9-18 11:17:8
66/600103/青山纸业/2.220	20600	2.210	44221	2.200	296368	0.000	0	0.000	0	2.240	30108	2.250	29500	2.260	23000	2.270	11600	2.280	26000	/16842821//6459887/2829879/2.22/2.35//2008-9-18 11:18:9
66/600103/青山纸业/2.240	28592	2.220	19600	2.210	60121	2.200	289268	0.000	0	2.250	29500	2.260	22000	2.270	11600	2.280	26000	2.290	14700	/16842821//6622222/2902387/2.24/2.35//2008-9-18 11:19:9
66/600103/青山纸业/2.240	8440	2.220	20700	2.210	60121	2.200	291968	0.000	0	2.250	24200	2.260	22000	2.270	11600	2.280	32900	2.290	14700	/16842821//6680184/2928239/2.24/2.35//2008-9-18 11:20:10
66/600103/青山纸业/2.240	11940	2.220	20700	2.210	54621	2.200	298868	0.000	0	2.250	33400	2.260	22000	2.270	11600	2.280	26100	2.290	14700	/16842821//6702186/2938039/2.24/2.35//2008-9-18 11:21:10
66/600103/青山纸业/2.220	20900	2.210	40521	2.200	300668	0.000	0	0.000	0	2.240	21360	2.250	35300	2.260	25900	2.270	12400	2.280	26100	/16842821//6757170/2962579/2.24/2.35//2008-9-18 11:22:10
66/600103/青山纸业/2.220	21400	2.210	39021	2.200	303368	0.000	0	0.000	0	2.230	5000	2.240	20660	2.250	24600	2.260	25900	2.270	12400	/16842821//6764974/2966079/2.23/2.35//2008-9-18 11:23:11
66/600103/青山纸业/2.210	29921	2.200	310468	0.000	0	0.000	0	0.000	0	2.220	23800	2.230	12800	2.240	21260	2.250	23600	2.260	27200	/16842821//6811154/2986879/2.22/2.35//2008-9-18 11:24:11
66/600103/青山纸业/2.210	6321	2.200	325368	0.000	0	0.000	0	0.000	0	2.220	29800	2.230	3900	2.240	24260	2.250	46600	2.260	27200	/16842821//6869749/3013379/2.21/2.35//2008-9-18 11:25:12
66/600103/青山纸业/2.200	390468	0.000	0	0.000	0	0.000	0	0.000	0	2.210	679	2.220	27500	2.230	8400	2.240	24260	2.250	49600	/16842821//6915103/3033900/2.2/2.35//2008-9-18 11:26:12
66/600103/青山纸业/2.210	30000	2.200	304889	0.000	0	0.000	0	0.000	0	2.220	27500	2.230	8400	2.240	24260	2.250	49800	2.260	29200	/16842821//7129179/3131179/2.2/2.35//2008-9-18 11:27:13
66/600103/青山纸业/2.210	5600	2.200	320889	0.000	0	0.000	0	0.000	0	2.220	27500	2.230	12200	2.240	24260	2.250	49800	2.260	29200	/16842821//7129179/3131179/2.2/2.35//2008-9-18 11:28:13
66/600103/青山纸业/2.210	14700	2.200	325189	0.000	0	0.000	0	0.000	0	2.220	26700	2.230	12200	2.240	27260	2.250	57300	2.260	29300	/16842821//7138469/3135379/2.22/2.35//2008-9-18 11:29:14
66/600103/青山纸业/2.210	17100	2.200	330889	0.000	0	0.000	0	0.000	0	2.220	21100	2.230	8400	2.240	24260	2.250	57300	2.260	29300	/16842821//7159299/3144779/2.22/2.35//2008-9-18 11:30:14
66/600103/青山纸业/2.210	17100	2.200	330889	0.000	0	0.000	0	0.000	0	2.220	21100	2.230	8400	2.240	24260	2.250	57300	2.260	29300	/16842821//7159299/3144779/2.22/2.35//2008-9-18 11:31:15
66/600103/青山纸业/2.210	500	2.200	379889	0.000	0	0.000	0	0.000	0	2.220	22700	2.230	5200	2.240	22260	2.250	52600	2.260	31500	/16842821//7503787/3300179/2.22/2.35//2008-9-18 13:1:15
66/600103/青山纸业/2.210	24600	2.200	388689	0.000	0	0.000	0	0.000	0	2.220	1700	2.230	5200	2.240	22260	2.250	52600	2.260	31500	/16842821//7538047/3315679/2.21/2.35//2008-9-18 13:2:16
66/600103/青山纸业/2.210	46200	2.200	384089	0.000	0	0.000	0	0.000	0	2.220	5248	2.230	5200	2.240	22260	2.250	34900	2.260	31500	/16842821//7529434/3311779/2.21/2.35//2008-9-18 13:3:16
66/600103/青山纸业/2.210	31400	2.200	387389	0.000	0	0.000	0	0.000	0	2.220	4548	2.230	5200	2.240	22260	2.250	34900	2.260	31500	/16842821//7577619/3333579/2.21/2.35//2008-9-18 13:4:17
66/600103/青山纸业/2.210	53400	2.200	390089	0.000	0	0.000	0	0.000	0	2.220	4748	2.230	5200	2.240	22260	2.250	34900	2.260	31500	/16842821//7594925/3341379/2.22/2.35//2008-9-18 13:5:17
66/600103/青山纸业/2.220	6152	2.210	65600	2.200	393689	0.000	0	0.000	0	2.230	5200	2.240	22260	2.250	54900	2.260	31500	2.270	12200	/16842821//7616363/3351027/2.23/2.35//2008-9-18 13:6:18
66/600103/青山纸业/2.220	6252	2.210	65800	2.200	385789	0.000	0	0.000	0	2.230	13500	2.240	22260	2.250	56800	2.260	31500	2.270	12200	/16842821//7621709/3353427/2.22/2.35//2008-9-18 13:7:18
66/600103/青山纸业/2.220	13652	2.210	68800	2.200	384489	0.000	0	0.000	0	2.230	9000	2.240	22260	2.250	56800	2.260	31500	2.270	12200	/16842821//7637748/3360627/2.23/2.35//2008-9-18 13:8:19
66/600103/青山纸业/2.220	10952	2.210	68800	2.200	396989	0.000	0	0.000	0	2.230	14600	2.240	25260	2.250	61900	2.260	31400	2.270	12200	/16842821//7662440/3371727/2.22/2.35//2008-9-18 13:9:19
66/600103/青山纸业/2.220	10952	2.210	73200	2.200	397989	0.000	0	0.000	0	2.230	24700	2.240	27060	2.250	61900	2.260	31800	2.270	11400	/16842821//7666002/3373327/2.22/2.35//2008-9-18 13:10:20
66/600103/青山纸业/2.220	1352	2.210	76200	2.200	399689	0.000	0	0.000	0	2.230	13800	2.240	27060	2.250	58900	2.260	30800	2.270	11400	/16842821//7715188/3395427/2.22/2.35//2008-9-18 13:11:20
66/600103/青山纸业/2.220	1352	2.210	76200	2.200	400389	0.000	0	0.000	0	2.230	12100	2.240	30760	2.250	58900	2.260	30800	2.270	11400	/16842821//7729862/3402027/2.23/2.35//2008-9-18 13:12:21
66/600103/青山纸业/2.210	74300	2.200	404089	0.000	0	0.000	0	0.000	0	2.230	11048	2.240	30760	2.250	59200	2.260	30800	2.270	11400	/16842821//7767156/3418779/2.23/2.35//2008-9-18 13:13:21
66/600103/青山纸业/2.210	70600	2.200	507789	0.000	0	0.000	0	0.000	0	2.220	800	2.230	17548	2.240	27760	2.250	57500	2.260	30800	/16842821//7781806/3425379/2.22/2.35//2008-9-18 13:14:22
66/600103/青山纸业/2.210	66200	2.200	544989	0.000	0	0.000	0	0.000	0	2.230	20048	2.240	29660	2.250	62500	2.260	30800	2.270	11400	/16842821//7822122/3443579/2.21/2.35//2008-9-18 13:15:22
66/600103/青山纸业/2.210	73800	2.200	551289	0.000	0	0.000	0	0.000	0	2.220	34711	2.230	93548	2.240	30660	2.250	57500	2.260	31300	/16842821//7845565/3454179/2.22/2.35//2008-9-18 13:16:23
66/600103/青山纸业/2.210	76700	2.200	550889	0.000	0	0.000	0	0.000	0	2.220	43011	2.230	94348	2.240	35360	2.250	57500	2.260	31300	/16842821//7869446/3464979/2.22/2.35//2008-9-18 13:17:23
66/600103/青山纸业/2.210	57800	2.200	550589	0.000	0	0.000	0	0.000	0	2.220	49211	2.230	154848	2.240	35360	2.250	58300	2.260	31300	/16842821//7919204/3487479/2.22/2.35//2008-9-18 13:18:24
66/600103/青山纸业/2.210	59800	2.200	581189	0.000	0	0.000	0	0.000	0	2.220	45211	2.230	154348	2.240	35360	2.250	58300	2.260	31300	/16842821//7991069/3519979/2.21/2.35//2008-9-18 13:19:24
66/600103/青山纸业/2.210	48500	2.200	587489	0.000	0	0.000	0	0.000	0	2.220	37411	2.230	155348	2.240	33460	2.250	58300	2.260	31300	/16842821//8017249/3531779/2.22/2.35//2008-9-18 13:20:25
66/600103/青山纸业/2.210	49800	2.200	555789	0.000	0	0.000	0	0.000	0	2.220	6711	2.230	153448	2.240	39460	2.250	58300	2.260	38800	/16842821//8082295/3561079/2.22/2.35//2008-9-18 13:21:25
66/600103/青山纸业/2.220	9489	2.210	61500	2.200	562089	0.000	0	0.000	0	2.230	153448	2.240	39460	2.250	58600	2.260	38800	2.270	11400	/16842821//8097636/3567990/2.22/2.35//2008-9-18 13:22:26
66/600103/青山纸业/2.220	5689	2.210	76300	2.200	560189	0.000	0	0.000	0	2.230	139748	2.240	34760	2.250	58400	2.260	38800	2.270	11400	/16842821//8139058/3586590/2.22/2.35//2008-9-18 13:23:26
66/600103/青山纸业/2.220	44489	2.210	78700	2.200	563789	0.000	0	0.000	0	2.230	132848	2.240	34760	2.250	58400	2.260	38800	2.270	13200	/16842821//8198428/3613290/2.22/2.35//2008-9-18 13:24:27
66/600103/青山纸业/2.220	43889	2.210	78400	2.200	539089	0.000	0	0.000	0	2.230	21248	2.240	33360	2.250	58400	2.260	38800	2.270	13200	/16842821//8451957/3726990/2.22/2.35//2008-9-18 13:25:27
66/600103/青山纸业/2.230	13000	2.220	53141	2.210	89800	2.200	560289	0.000	0	2.240	32760	2.250	57800	2.260	38800	2.270	13200	2.280	22200	/16842821//8512061/3753938/2.24/2.35//2008-9-18 13:26:28
66/600103/青山纸业/2.230	12600	2.220	63041	2.210	87200	2.200	556789	0.000	0	2.240	32860	2.250	38500	2.260	38800	2.270	33200	2.280	22500	/16842821//8517881/3756538/2.24/2.35//2008-9-18 13:27:28
66/600103/青山纸业/2.230	7400	2.220	63441	2.210	100400	2.200	551689	0.000	0	2.240	33360	2.250	41600	2.260	38800	2.270	33200	2.280	22600	/16842821//8552040/3771838/2.24/2.35//2008-9-18 13:28:29
66/600103/青山纸业/2.230	100	2.220	64441	2.210	104600	2.200	552389	0.000	0	2.240	45460	2.250	41600	2.260	38800	2.270	33200	2.280	22600	/16842821//8580375/3784538/2.23/2.35//2008-9-18 13:29:29
66/600103/青山纸业/2.220	73041	2.210	101800	2.200	553389	0.000	0	0.000	0	2.230	3800	2.240	48460	2.250	41600	2.260	38800	2.270	33200	/16842821//8589059/3788438/2.23/2.35//2008-9-18 13:30:30
66/600103/青山纸业/2.220	63542	2.210	101900	2.200	552689	0.000	0	0.000	0	2.230	4100	2.240	39460	2.250	41600	2.260	38800	2.270	33200	/16842821//8621470/3803037/2.22/2.35//2008-9-18 13:31:30
66/600103/青山纸业/2.230	3700	2.220	71442	2.210	106900	2.200	536189	0.000	0	2.240	63460	2.250	42100	2.260	38800	2.270	33200	2.280	22600	/16842821//8646403/3814237/2.23/2.35//2008-9-18 13:32:31
66/600103/青山纸业/2.230	52700	2.220	64442	2.210	109900	2.200	538289	0.000	0	2.240	54360	2.250	40100	2.260	38800	2.270	32700	2.280	22600	/16842821//8667010/3823437/2.24/2.35//2008-9-18 13:33:31
66/600103/青山纸业/2.240	90240	2.230	66100	2.220	51742	2.210	109800	2.200	538489	2.250	35100	2.260	38800	2.270	32700	2.280	22600	2.290	6100	/16842821//8791016/3878797/2.24/2.35//2008-9-18 13:34:32
66/600103/青山纸业/2.250	42300	2.240	93840	2.230	36000	2.220	49742	2.210	109300	2.260	34000	2.270	32700	2.280	12600	2.290	7100	2.300	33028	/16842821//8888240/3921997/2.25/2.35//2008-9-18 13:35:32
66/600103/青山纸业/2.260	27000	2.250	47300	2.240	94040	2.230	37200	2.220	46242	2.270	31700	2.280	11800	2.290	7100	2.300	30528	2.310	5500	/16842821//8969620/3957997/2.27/2.35//2008-9-18 13:36:33
66/600103/青山纸业/2.260	48800	2.250	34100	2.240	23600	2.230	38900	2.220	46242	2.270	17200	2.280	11800	2.290	9600	2.300	33928	2.310	5500	/16842821//9011364/3976397/2.27/2.35//2008-9-18 13:37:34
66/600103/青山纸业/2.270	29400	2.260	49000	2.250	32500	2.240	21900	2.230	35900	2.280	9400	2.290	11100	2.300	33928	2.310	5500	2.320	18000	/16842821//9057236/3996597/2.28/2.35//2008-9-18 13:38:34
66/600103/青山纸业/2.270	7700	2.260	23800	2.250	30800	2.240	21800	2.230	35900	2.290	11100	2.300	40928	2.310	5500	2.320	18000	2.330	29500	/16842821//9180351/4050697/2.27/2.35//2008-9-18 13:39:35
66/600103/青山纸业/2.270	6000	2.260	12400	2.250	30800	2.240	23800	2.230	35900	2.280	3900	2.290	23100	2.300	47928	2.310	7500	2.320	18000	/16842821//9211549/4064397/2.28/2.35//2008-9-18 13:40:35
66/600103/青山纸业/2.280	14700	2.270	5300	2.260	11700	2.250	35800	2.240	22800	2.290	21100	2.300	46728	2.310	7500	2.320	12000	2.330	29500	/16842821//9232287/4073497/2.29/2.35//2008-9-18 13:41:36
66/600103/青山纸业/2.280	7300	2.270	6400	2.260	10800	2.250	35800	2.240	14800	2.290	37600	2.300	45228	2.310	9400	2.320	10000	2.330	33400	/16842821//9264466/4087597/2.28/2.35//2008-9-18 13:42:36
66/600103/青山纸业/2.290	84000	2.280	1800	2.270	25200	2.260	10800	2.250	32800	2.300	49728	2.310	9400	2.320	10000	2.330	33400	2.340	4100	/16842821//9426008/4158197/2.29/2.35//2008-9-18 13:43:37
66/600103/青山纸业/2.290	2000	2.280	6400	2.270	25300	2.260	7600	2.250	32600	2.300	17328	2.310	7500	2.320	10000	2.330	28400	2.340	4100	/16842821//9437940/4163297/2.3/2.35//2008-9-18 13:44:37
66/600103/青山纸业/2.300	79672	2.290	2300	2.280	6000	2.270	24300	2.260	9600	2.310	12900	2.320	15000	2.330	23400	2.340	5200	2.350	37100	/16842821//9491380/4186525/2.31/2.35//2008-9-18 13:45:38
66/600103/青山纸业/2.310	6600	2.300	46572	2.290	1300	2.280	900	2.270	13000	2.320	19000	2.330	25800	2.340	5200	2.350	37100	2.360	7899	/16842821//9575033/4222825/2.31/2.35//2008-9-18 13:46:39
66/600103/青山纸业/2.320	600	2.310	4800	2.300	7500	2.290	600	2.280	1100	2.330	25800	2.340	4200	2.350	42100	2.360	7899	2.370	2100	/16842821//9646853/4253825/2.32/2.35//2008-9-18 13:47:39
66/600103/青山纸业/2.300	5700	2.290	500	2.280	12500	2.270	15000	2.260	12400	2.320	42609	2.330	21300	2.340	2300	2.350	42900	2.360	5399	/16842821//9669744/4263725/2.31/2.35//2008-9-18 13:48:40
66/600103/青山纸业/2.290	400	2.280	12500	2.270	14800	2.260	11900	2.250	28400	2.300	17700	2.310	7920	2.320	40609	2.330	23300	2.340	2400	/16842821//9707335/4280025/2.3/2.35//2008-9-18 13:49:40
66/600103/青山纸业/2.280	12300	2.270	13800	2.260	12100	2.250	31200	2.240	12800	2.290	10200	2.300	32700	2.310	13020	2.320	8400	2.330	23400	/16842821//9717210/4284325/2.29/2.35//2008-9-18 13:50:41
66/600103/青山纸业/2.280	2100	2.270	12300	2.260	12100	2.250	31200	2.240	11800	2.290	31400	2.300	31800	2.310	7720	2.320	7400	2.330	23400	/16842821//9751896/4299525/2.28/2.35//2008-9-18 13:51:41
66/600103/青山纸业/2.270	9400	2.260	12700	2.250	30000	2.240	10800	2.230	11800	2.280	3000	2.290	32100	2.300	27600	2.310	2520	2.320	6400	/16842821//9762361/4304125/2.27/2.35//2008-9-18 13:52:42
66/600103/青山纸业/2.270	10900	2.260	12900	2.250	30500	2.240	10800	2.230	11800	2.280	9000	2.290	31100	2.300	26100	2.310	2520	2.320	6600	/16842821//9775299/4309825/2.27/2.35//2008-9-18 13:53:42
66/600103/青山纸业/2.270	8100	2.260	12900	2.250	30500	2.240	10800	2.230	11800	2.280	4600	2.290	31100	2.300	26200	2.310	9520	2.320	6600	/16842821//9806701/4323625/2.28/2.35//2008-9-18 13:54:43
66/600103/青山纸业/2.260	12900	2.250	29700	2.240	10800	2.230	11800	2.220	51942	2.270	500	2.280	7700	2.290	31100	2.300	26400	2.310	9520	/16842821//9837800/4337325/2.27/2.35//2008-9-18 13:55:44
66/600103/青山纸业/2.270	18100	2.260	30000	2.250	32700	2.240	10800	2.230	12700	2.300	15400	2.310	9520	2.320	6600	2.330	23400	2.340	2400	/16842821//9968876/4394625/2.27/2.35//2008-9-18 13:56:44
66/600103/青山纸业/2.270	16500	2.260	29500	2.250	32800	2.240	10800	2.230	12700	2.300	25600	2.310	9520	2.320	6600	2.330	23600	2.340	4400	/16842821//9973658/4396725/2.27/2.35//2008-9-18 13:57:45
66/600103/青山纸业/2.300	31500	2.280	3500	2.270	15900	2.260	30800	2.250	32900	2.310	9320	2.320	15800	2.330	23400	2.340	9400	2.350	35200	/16842821//10038030/4424725/2.31/2.35//2008-9-18 13:58:45
66/600103/青山纸业/2.280	26300	2.270	17600	2.260	15200	2.250	33000	2.240	10900	2.300	6800	2.310	14820	2.320	17000	2.330	23400	2.340	9500	/16842821//10190075/4490825/2.31/2.35//2008-9-18 13:59:46
66/600103/青山纸业/2.280	27100	2.270	17600	2.260	15200	2.250	34000	2.240	10900	2.300	7000	2.310	64820	2.320	17000	2.330	23400	2.340	10500	/16842821//10198815/4494625/2.3/2.35//2008-9-18 14:0:47
66/600103/青山纸业/2.280	24668	2.270	18100	2.260	17800	2.250	36100	2.240	10800	2.300	36900	2.310	52820	2.320	18100	2.330	23400	2.340	10500	/16842821//10211460/4500157/2.28/2.35//2008-9-18 14:1:47
66/600103/青山纸业/2.280	21846	2.270	18100	2.260	17800	2.250	40100	2.240	10800	2.290	7000	2.300	40900	2.310	53820	2.320	18100	2.330	23400	/16842821//10227015/4506979/2.28/2.35//2008-9-18 14:2:48
66/600103/青山纸业/2.270	18100	2.260	18300	2.250	40200	2.240	10800	2.230	15700	2.280	31554	2.290	5600	2.300	22900	2.310	60820	2.320	18100	/16842821//10367686/4568671/2.28/2.35//2008-9-18 14:3:48
66/600103/青山纸业/2.270	17600	2.260	92000	2.250	40200	2.240	10800	2.230	15700	2.280	34754	2.290	5600	2.300	22900	2.310	60820	2.320	18100	/16842821//10359829/4565225/2.28/2.35//2008-9-18 14:4:49
66/600103/青山纸业/2.260	90900	2.250	40200	2.240	10800	2.230	15700	2.220	54142	2.270	5500	2.280	36154	2.290	6100	2.300	20000	2.310	60820	/16842821//10401371/4583525/2.27/2.35//2008-9-18 14:5:50
66/600103/青山纸业/2.270	23200	2.260	25900	2.250	40300	2.240	10800	2.230	15800	2.280	39254	2.290	6200	2.300	19000	2.310	60820	2.320	19100	/16842821//10565077/4655925/2.27/2.35//2008-9-18 14:6:50
66/600103/青山纸业/2.270	38000	2.260	27800	2.250	40800	2.240	10800	2.230	15800	2.280	19954	2.290	6200	2.300	28700	2.310	60320	2.320	19100	/16842821//10600642/4671525/2.28/2.35//2008-9-18 14:7:51
66/600103/青山纸业/2.280	42046	2.270	38500	2.260	27900	2.250	40800	2.240	10800	2.290	6200	2.300	25200	2.310	60320	2.320	19100	2.330	24400	/16842821//10648290/4692433/2.28/2.35//2008-9-18 14:8:51
66/600103/青山纸业/2.300	17600	2.290	24200	2.280	61646	2.270	33000	2.260	11300	2.310	60320	2.320	19100	2.330	24400	2.340	10500	2.350	40700	/16842821//10695643/4712979/2.3/2.35//2008-9-18 14:9:52
66/600103/青山纸业/2.300	30600	2.290	21800	2.280	31546	2.270	33000	2.260	10300	2.310	46920	2.320	10600	2.330	24400	2.340	10500	2.350	40700	/16842821//10712727/4720379/2.31/2.35//2008-9-18 14:10:53
66/600103/青山纸业/2.300	42000	2.290	13100	2.280	21546	2.270	34500	2.260	10300	2.310	31620	2.320	10700	2.330	24400	2.340	10500	2.350	40700	/16842821//10746220/4734879/2.31/2.35//2008-9-18 14:11:53
66/600103/青山纸业/2.300	41300	2.290	10100	2.280	20046	2.270	34500	2.260	10300	2.310	36120	2.320	10700	2.330	24400	2.340	10500	2.350	40600	/16842821//10749221/4736179/2.3/2.35//2008-9-18 14:12:54
66/600103/青山纸业/2.300	41600	2.290	10100	2.280	21146	2.270	34500	2.260	10300	2.310	36820	2.320	10700	2.330	24400	2.340	10500	2.350	41400	/16842821//10751064/4736979/2.31/2.35//2008-9-18 14:13:55
66/600103/青山纸业/2.300	43600	2.290	10100	2.280	20746	2.270	34500	2.260	20900	2.310	16220	2.320	10600	2.330	24400	2.340	10500	2.350	42500	/16842821//10813876/4764179/2.31/2.35//2008-9-18 14:14:55
66/600103/青山纸业/2.300	41700	2.290	10100	2.280	18746	2.270	34500	2.260	20900	2.310	2620	2.320	10300	2.330	24400	2.340	10500	2.350	42600	/16842821//10871606/4789179/2.31/2.35//2008-9-18 14:15:56
66/600103/青山纸业/2.310	10280	2.300	54600	2.290	10100	2.280	18746	2.270	34500	2.320	10300	2.330	24400	2.340	10500	2.350	42600	2.360	6399	/16842821//10886205/4795499/2.31/2.35//2008-9-18 14:16:56
66/600103/青山纸业/2.320	5800	2.310	15880	2.300	54500	2.290	10100	2.280	18746	2.330	15000	2.340	8800	2.350	43600	2.360	22799	2.370	8300	/16842821//10981461/4836499/2.33/2.35//2008-9-18 14:17:57
66/600103/青山纸业/2.340	4000	2.330	9000	2.320	29600	2.310	16080	2.300	51700	2.350	40600	2.360	22799	2.370	9300	2.380	81650	2.390	18000	/16842821//11031127/4857799/2.35/2.35//2008-9-18 14:18:58
66/600103/青山纸业/2.360	81001	2.350	27200	2.340	7600	2.330	10100	2.320	32100	2.370	9300	2.380	79650	2.390	18000	2.400	35000	2.410	9400	/16842821//11143517/4905598/2.36/2.35//2008-9-18 14:19:58
66/600103/青山纸业/2.370	27600	2.360	79101	2.350	14100	2.340	7600	2.330	4000	2.380	77750	2.390	13200	2.400	35600	2.410	9400	2.420	18200	/16842821//11175498/4919098/2.38/2.35//2008-9-18 14:20:59
66/600103/青山纸业/2.370	20700	2.360	1800	2.350	14100	2.340	2900	2.330	3600	2.380	21950	2.390	13200	2.400	35800	2.410	12400	2.420	18200	/16842821//11313924/4977298/2.38/2.35//2008-9-18 14:22:0
66/600103/青山纸业/2.380	20750	2.370	11900	2.360	3700	2.350	14000	2.340	300	2.390	8200	2.400	35000	2.410	13400	2.420	18200	2.430	63900	/16842821//11425885/5024348/2.38/2.35//2008-9-18 14:23:0
66/600103/青山纸业/2.380	550	2.370	7400	2.360	3700	2.350	14000	2.340	300	2.390	7200	2.400	34300	2.410	7500	2.420	17200	2.430	63900	/16842821//11516209/5062248/2.38/2.35//2008-9-18 14:24:1
66/600103/青山纸业/2.390	700	2.380	13800	2.370	5600	2.360	16500	2.350	14000	2.400	36400	2.410	5500	2.420	27200	2.430	64200	2.440	17100	/16842821//11555846/5078848/2.39/2.35//2008-9-18 14:25:2
66/600103/青山纸业/2.380	3700	2.370	4600	2.360	16600	2.350	14000	2.340	5500	2.390	30700	2.400	40680	2.410	5500	2.420	27600	2.430	67200	/16842821//11588475/5092548/2.38/2.35//2008-9-18 14:26:2
66/600103/青山纸业/2.360	30600	2.350	11000	2.340	5500	2.330	21100	2.320	21300	2.370	12100	2.380	28300	2.390	20600	2.400	41980	2.410	6500	/16842821//11645739/5116648/2.36/2.35//2008-9-18 14:27:3
66/600103/青山纸业/2.340	5500	2.330	3300	2.320	21300	2.310	3380	2.300	33700	2.350	3400	2.360	7300	2.370	23400	2.380	24400	2.390	24000	/16842821//11756579/5163648/2.35/2.35//2008-9-18 14:28:4
66/600103/青山纸业/2.330	38200	2.320	11300	2.310	3000	2.300	33700	2.290	1800	2.340	6100	2.350	11080	2.360	9509	2.370	23900	2.380	23400	/16842821//11771564/5170048/2.34/2.35//2008-9-18 14:29:4
66/600103/青山纸业/2.340	15800	2.330	48600	2.320	11300	2.310	5000	2.300	33700	2.350	12980	2.360	4009	2.370	20800	2.380	34400	2.390	24100	/16842821//11784207/5175448/2.35/2.35//2008-9-18 14:30:5
66/600103/青山纸业/2.340	6300	2.330	34000	2.320	11300	2.310	5000	2.300	34700	2.350	23080	2.360	4009	2.370	14800	2.380	43000	2.390	26600	/16842821//11819566/5190548/2.34/2.35//2008-9-18 14:31:6
66/600103/青山纸业/2.340	2600	2.330	32600	2.320	11300	2.310	6700	2.300	34200	2.350	27280	2.360	4009	2.370	13800	2.380	40900	2.390	32600	/16842821//11883211/5217748/2.34/2.35//2008-9-18 14:32:6
66/600103/青山纸业/2.340	7699	2.330	32200	2.320	11300	2.310	8700	2.300	47200	2.350	26700	2.360	4009	2.370	13800	2.380	54100	2.390	32600	/16842821//11873859/5213749/2.34/2.35//2008-9-18 14:33:7
66/600103/青山纸业/2.350	5400	2.340	12799	2.330	32200	2.320	11300	2.310	8700	2.360	2100	2.370	4500	2.380	54300	2.390	35100	2.400	47680	/16842821//11979928/5258949/2.36/2.35//2008-9-18 14:34:8
66/600103/青山纸业/2.360	10600	2.350	7400	2.340	13399	2.330	32200	2.320	12300	2.370	8400	2.380	42300	2.390	35100	2.400	47580	2.410	13400	/16842821//11993874/5264849/2.37/2.35//2008-9-18 14:35:8
66/600103/青山纸业/2.350	6300	2.340	13099	2.330	32200	2.320	12300	2.310	6200	2.360	91100	2.370	14300	2.380	49800	2.390	36300	2.400	46680	/16842821//12057176/5291649/2.36/2.35//2008-9-18 14:36:9
66/600103/青山纸业/2.340	14299	2.330	12600	2.320	12300	2.310	6200	2.300	36900	2.350	93349	2.360	89100	2.370	29800	2.380	53200	2.390	36300	/16842821//12083775/5302949/2.35/2.35//2008-9-18 14:37:10
66/600103/青山纸业/2.340	2299	2.330	13600	2.320	12400	2.310	9300	2.300	37300	2.350	105874	2.360	90600	2.370	28900	2.380	53200	2.390	36300	/16842821//12086351/5304049/2.34/2.35//2008-9-18 14:38:10
66/600103/青山纸业/2.330	11600	2.320	8100	2.310	7300	2.300	37300	2.290	2200	2.340	17400	2.350	100174	2.360	90600	2.370	27000	2.380	53700	/16842821//12115461/5316449/2.34/2.35//2008-9-18 14:39:11
66/600103/青山纸业/2.320	2600	2.310	6200	2.300	36600	2.290	2200	2.280	6700	2.330	12200	2.340	26000	2.350	100974	2.360	90600	2.370	25400	/16842821//12156647/5334149/2.32/2.35//2008-9-18 14:40:12
66/600103/青山纸业/2.310	6800	2.300	36800	2.290	2200	2.280	17200	2.270	27800	2.320	9600	2.330	11300	2.340	22900	2.350	102874	2.360	90700	/16842821//12172408/5340949/2.32/2.35//2008-9-18 14:41:12
66/600103/青山纸业/2.310	10700	2.300	38900	2.290	2200	2.280	30200	2.270	29100	2.320	1100	2.330	1300	2.340	22900	2.350	102874	2.360	90700	/16842821//12220331/5361649/2.32/2.35//2008-9-18 14:42:13
66/600103/青山纸业/2.320	7500	2.310	19300	2.300	40900	2.290	2200	2.280	71000	2.330	7800	2.340	22900	2.350	102874	2.360	92700	2.370	18700	/16842821//12223813/5363149/2.33/2.35//2008-9-18 14:43:14
66/600103/青山纸业/2.330	20400	2.320	15000	2.310	11300	2.300	44900	2.290	2200	2.340	25900	2.350	102874	2.360	92700	2.370	18700	2.380	48200	/16842821//12248268/5373649/2.33/2.35//2008-9-18 14:44:14
66/600103/青山纸业/2.320	15600	2.310	6500	2.300	52000	2.290	2200	2.280	71600	2.330	7700	2.340	27500	2.350	101974	2.360	6000	2.370	18600	/16842821//12305586/5398249/2.33/2.35//2008-9-18 14:45:15
66/600103/青山纸业/2.310	6500	2.300	53200	2.290	2200	2.280	71600	2.270	31000	2.320	71100	2.330	13400	2.340	28600	2.350	101474	2.360	6000	/16842821//12352953/5418649/2.32/2.35//2008-9-18 14:46:16
66/600103/青山纸业/2.310	1600	2.300	53500	2.290	3200	2.280	71600	2.270	31000	2.320	69000	2.330	12800	2.340	27900	2.350	99074	2.360	4600	/16842821//12378837/5429849/2.31/2.35//2008-9-18 14:47:16
66/600103/青山纸业/2.300	43000	2.290	2200	2.280	71700	2.270	31000	2.260	10600	2.310	3100	2.320	70400	2.330	11800	2.340	45400	2.350	104473	/16842821//12389192/5434349/2.31/2.35//2008-9-18 14:48:17
66/600103/青山纸业/2.300	24800	2.290	6700	2.280	68500	2.270	30000	2.260	10600	2.310	4099	2.320	71400	2.330	11300	2.340	44400	2.350	104473	/16842821//12443498/5457949/2.31/2.35//2008-9-18 14:49:18
66/600103/青山纸业/2.300	30450	2.290	6700	2.280	68300	2.270	28800	2.260	10600	2.310	5800	2.320	74400	2.330	11300	2.340	44400	2.350	122973	/16842821//12456963/5463799/2.31/2.35//2008-9-18 14:50:18
66/600103/青山纸业/2.310	13400	2.300	29250	2.290	5700	2.280	67100	2.270	28800	2.320	72900	2.330	11300	2.340	44400	2.350	122973	2.360	3600	/16842821//12522542/5492199/2.31/2.35//2008-9-18 14:51:19
66/600103/青山纸业/2.300	28651	2.290	6400	2.280	56100	2.270	29000	2.260	11800	2.320	68000	2.330	12300	2.340	45400	2.350	122973	2.360	3600	/16842821//0/0/2.3/2.35//2008-9-18 14:52:20
66/600103/青山纸业/2.300	25551	2.290	6400	2.280	56500	2.270	29000	2.260	12800	2.310	5800	2.320	69325	2.330	13500	2.340	45400	2.350	121648	/16842821//12657047/5550498/2.31/2.35//2008-9-18 14:53:21
66/600103/青山纸业/2.310	7900	2.300	25951	2.290	6500	2.280	59200	2.270	28000	2.320	20625	2.330	13500	2.340	48299	2.350	119749	2.360	3600	/16842821//12801909/5612998/2.32/2.35//2008-9-18 14:54:21
66/600103/青山纸业/2.320	19975	2.310	22100	2.300	19351	2.290	4400	2.280	59200	2.330	7800	2.340	48299	2.350	101884	2.360	3100	2.370	7800	/16842821//12918117/5663023/2.32/2.35//2008-9-18 14:55:22
66/600103/青山纸业/2.320	14975	2.310	23100	2.300	20251	2.290	2700	2.280	59200	2.330	9900	2.340	47299	2.350	100384	2.360	4100	2.370	11800	/16842821//12942737/5673623/2.33/2.35//2008-9-18 14:56:23
66/600103/青山纸业/2.320	16175	2.310	16000	2.300	18351	2.290	2700	2.280	59200	2.330	8600	2.340	45300	2.350	16735	2.360	4100	2.370	11800	/16842821//12958310/5680323/2.32/2.35//2008-9-18 14:57:23
66/600103/青山纸业/2.330	44700	2.320	13475	2.310	13700	2.300	23951	2.290	2700	2.340	44500	2.350	17735	2.360	4100	2.370	14699	2.380	45100	/16842821//12993713/5695523/2.34/2.35//2008-9-18 14:58:24
66/600103/青山纸业/2.330	31700	2.320	22575	2.310	13700	2.300	23651	2.290	2200	2.340	37200	2.350	19235	2.360	4100	2.370	14699	2.380	45100	/16842821//13044572/5717323/2.34/2.35//2008-9-18 14:59:25
66/600103/青山纸业/2.330	12900	2.320	12475	2.310	13700	2.300	23651	2.290	2200	2.340	59500	2.350	19535	2.360	5100	2.370	14699	2.380	45100	/16842821//13135072/5756123/2.33/2.35//2008-9-18 15:0:26
66/600103/青山纸业/2.330	12900	2.320	12475	2.310	13700	2.300	23651	2.290	2200	2.340	59500	2.350	19535	2.360	5100	2.370	14699	2.380	45100	/16842821//13135072/5756123/2.33/2.35//2008-9-18 15:1:26
66/600103/青山纸业/2.330	12900	2.320	12475	2.310	13700	2.300	23651	2.290	2200	2.340	59500	2.350	19535	2.360	5100	2.370	14699	2.380	45100	/16842821//13135072/5756123/2.33/2.35//2008-9-18 15:2:27
