68/600105/永鼎股份/3.330	6500	3.320	13300	3.310	15100	3.300	11200	3.290	10800	3.370	40700	3.380	2800	3.400	9000	3.420	1000	3.430	2000	/16842823//124098/37400/3.32/3.43//2008-9-18 9:31:34
68/600105/永鼎股份/3.330	9300	3.320	13300	3.310	15200	3.300	12200	3.290	10800	3.360	2700	3.370	40700	3.380	2800	3.400	9000	3.420	3000	/16842823//144447/43500/3.33/3.43//2008-9-18 9:32:35
68/600105/永鼎股份/3.340	300	3.330	13700	3.320	13300	3.310	15100	3.300	9200	3.360	500	3.370	40700	3.380	2800	3.400	9000	3.420	3000	/16842823//167631/50400/3.36/3.43//2008-9-18 9:33:35
68/600105/永鼎股份/3.330	13400	3.320	13300	3.310	14100	3.300	10100	3.290	10800	3.360	4500	3.370	40700	3.380	2800	3.400	11500	3.420	3000	/16842823//202697/60900/3.33/3.43//2008-9-18 9:34:35
68/600105/永鼎股份/3.340	6800	3.330	23400	3.320	13300	3.310	14100	3.300	9200	3.350	37000	3.360	2400	3.370	1700	3.380	2800	3.390	500	/16842823//232829/69900/3.34/3.43//2008-9-18 9:35:35
68/600105/永鼎股份/3.320	11800	3.310	14100	3.300	8700	3.290	10800	3.280	8200	3.330	18700	3.360	2400	3.370	11700	3.380	2800	3.390	500	/16842823//343472/103100/3.32/3.43//2008-9-18 9:36:36
68/600105/永鼎股份/3.290	6301	3.280	8200	3.260	2200	3.250	11200	3.230	1300	3.300	5900	3.310	3000	3.320	2600	3.330	17900	3.350	10000	/16842823//486044/146199/3.3/3.43//2008-9-18 9:37:36
68/600105/永鼎股份/3.280	8100	3.260	8400	3.250	11800	3.230	1300	3.220	2000	3.290	17199	3.300	400	3.310	3000	3.320	3100	3.330	17900	/16842823//560456/168800/3.29/3.43//2008-9-18 9:38:36
68/600105/永鼎股份/3.290	1701	3.280	4000	3.270	5500	3.260	9400	3.250	3800	3.300	6100	3.310	3000	3.320	3100	3.330	20400	3.350	40690	/16842823//639043/192699/3.29/3.43//2008-9-18 9:39:36
68/600105/永鼎股份/3.310	8800	3.300	9000	3.290	8601	3.280	3400	3.270	5500	3.320	3100	3.330	2500	3.350	500	3.360	2400	3.370	1000	/16842823//672411/202799/3.31/3.43//2008-9-18 9:40:36
68/600105/永鼎股份/3.260	4800	3.250	3800	3.230	1300	3.220	2000	3.210	16500	3.270	82200	3.280	10299	3.300	190	3.320	1300	3.330	2500	/16842823//920924/278400/3.27/3.43//2008-9-18 9:41:37
68/600105/永鼎股份/3.270	34700	3.260	7400	3.250	2600	3.240	1600	3.230	5900	3.300	190	3.320	1300	3.330	2500	3.350	500	3.360	3400	/16842823//1207316/366000/3.27/3.43//2008-9-18 9:42:37
68/600105/永鼎股份/3.300	18510	3.280	26100	3.270	3000	3.260	7600	3.250	5000	3.320	4800	3.330	2400	3.350	3500	3.360	3400	3.370	1000	/16842823//1427359/433389/3.3/3.43//2008-9-18 9:43:37
68/600105/永鼎股份/3.300	19010	3.290	3500	3.260	7600	3.250	5000	3.240	7200	3.330	6000	3.340	2000	3.350	6600	3.360	3400	3.370	1000	/16842823//1478033/448589/3.35/3.43//2008-9-18 9:44:37
68/600105/永鼎股份/3.270	2500	3.260	5600	3.250	9500	3.240	7200	3.230	29600	3.290	22490	3.340	3500	3.350	2000	3.360	5400	3.370	1000	/16842823//1568731/476099/3.29/3.43//2008-9-18 9:45:37
68/600105/永鼎股份/3.290	9810	3.270	7500	3.260	5600	3.250	14100	3.240	11200	3.340	3500	3.350	2500	3.360	5400	3.370	4000	3.380	5000	/16842823//1696317/514879/3.29/3.43//2008-9-18 9:46:38
68/600105/永鼎股份/3.300	4100	3.290	1500	3.280	200	3.270	5500	3.260	9600	3.320	20000	3.340	8200	3.350	2500	3.360	5400	3.370	4000	/16842823//1685039/511389/3.3/3.43//2008-9-18 9:47:38
68/600105/永鼎股份/3.280	700	3.270	7600	3.260	16600	3.250	18900	3.240	11200	3.300	2000	3.340	5200	3.350	2500	3.360	7400	3.370	4000	/16842823//1848694/561389/3.27/3.43//2008-9-18 9:48:38
68/600105/永鼎股份/3.300	1700	3.280	20500	3.270	21600	3.260	16000	3.250	17800	3.340	5200	3.350	4000	3.360	7400	3.370	4000	3.380	5000	/16842823//1861532/565289/3.3/3.43//2008-9-18 9:49:39
68/600105/永鼎股份/3.310	1600	3.300	10700	3.280	29700	3.270	17100	3.260	16000	3.340	5200	3.350	6700	3.360	7400	3.370	4000	3.380	5000	/16842823//1861866/565389/3.31/3.43//2008-9-18 9:50:39
68/600105/永鼎股份/3.310	100	3.300	13200	3.290	1000	3.280	27700	3.270	17000	3.330	3000	3.340	6700	3.350	5200	3.360	7400	3.370	4000	/16842823//1866831/566889/3.31/3.43//2008-9-18 9:51:39
68/600105/永鼎股份/3.300	2300	3.290	1000	3.280	19800	3.270	12000	3.260	15000	3.310	1700	3.320	3000	3.330	18400	3.340	6700	3.350	5200	/16842823//1903463/577989/3.3/3.43//2008-9-18 9:52:39
68/600105/永鼎股份/3.280	16401	3.270	11000	3.260	15000	3.250	15200	3.240	11200	3.300	2200	3.310	1700	3.320	3000	3.330	18400	3.340	7800	/16842823//1921556/583488/3.28/3.43//2008-9-18 9:53:40
68/600105/永鼎股份/3.290	100	3.280	17401	3.270	11000	3.260	15000	3.250	12200	3.300	4200	3.310	3700	3.320	16100	3.330	18400	3.340	6800	/16842823//1924846/584488/3.29/3.43//2008-9-18 9:54:40
68/600105/永鼎股份/3.290	900	3.280	17401	3.270	11000	3.260	15000	3.250	12300	3.300	2200	3.310	3700	3.320	17100	3.330	18400	3.340	6800	/16842823//1938046/588488/3.3/3.43//2008-9-18 9:55:40
68/600105/永鼎股份/3.280	8601	3.270	11000	3.260	15000	3.250	13300	3.240	11300	3.290	800	3.300	4900	3.310	3000	3.320	17100	3.330	18400	/16842823//1968201/597688/3.28/3.43//2008-9-18 9:56:41
68/600105/永鼎股份/3.290	6700	3.280	8601	3.270	11000	3.260	15000	3.250	8800	3.300	4900	3.310	3000	3.320	17100	3.330	3000	3.340	6800	/16842823//1974123/599488/3.29/3.43//2008-9-18 9:57:41
68/600105/永鼎股份/3.280	1000	3.250	8800	3.240	11300	3.230	36100	3.220	28701	3.290	700	3.300	1099	3.310	3000	3.320	17100	3.330	3000	/16842823//2145910/651989/3.3/3.43//2008-9-18 9:58:41
68/600105/永鼎股份/3.280	4000	3.270	20000	3.250	9700	3.240	11300	3.230	35900	3.290	600	3.300	4099	3.310	3000	3.320	17100	3.330	3000	/16842823//2146239/652089/3.29/3.43//2008-9-18 9:59:41
68/600105/永鼎股份/3.280	5900	3.270	20000	3.250	72200	3.240	11300	3.230	35900	3.300	4099	3.310	3000	3.320	17100	3.330	3000	3.340	6800	/16842823//2146239/652089/3.29/3.43//2008-9-18 10:0:42
68/600105/永鼎股份/3.280	7900	3.270	20000	3.260	1400	3.250	71200	3.240	11300	3.300	4099	3.310	3000	3.320	17100	3.330	3000	3.340	6800	/16842823//2146239/652089/3.29/3.43//2008-9-18 10:1:42
68/600105/永鼎股份/3.280	2400	3.270	21600	3.260	3000	3.250	71200	3.240	11300	3.290	1000	3.300	4499	3.310	3800	3.320	17100	3.330	5000	/16842823//2156735/655289/3.28/3.28//2008-9-18 10:2:42
68/600105/永鼎股份/3.270	21600	3.260	3000	3.250	71200	3.240	11500	3.230	31900	3.280	16600	3.290	5000	3.300	4799	3.310	3800	3.320	14100	/16842823//2163951/657489/3.28/3.28//2008-9-18 10:3:42
68/600105/永鼎股份/3.260	3000	3.250	67200	3.240	11500	3.230	6500	3.220	24601	3.270	500	3.280	15400	3.290	5000	3.300	4799	3.310	3800	/16842823//2236557/679689/3.27/3.28//2008-9-18 10:4:43
68/600105/永鼎股份/3.260	13050	3.250	66800	3.240	11500	3.230	10500	3.220	24601	3.270	1100	3.280	13400	3.290	5000	3.300	9799	3.310	3800	/16842823//2237046/679839/3.26/3.28//2008-9-18 10:5:43
68/600105/永鼎股份/3.260	6250	3.250	66800	3.240	11500	3.230	10500	3.220	24601	3.270	2700	3.280	13400	3.290	5800	3.300	9799	3.310	3800	/16842823//2252694/684639/3.26/3.28//2008-9-18 10:6:43
68/600105/永鼎股份/3.250	65100	3.240	11500	3.230	10500	3.220	24601	3.210	24100	3.260	7100	3.270	2700	3.280	13400	3.290	5800	3.300	9799	/16842823//2277631/692289/3.25/3.28//2008-9-18 10:7:44
68/600105/永鼎股份/3.260	2000	3.250	23900	3.240	11300	3.230	10500	3.220	20401	3.270	450	3.280	13400	3.290	5800	3.300	8799	3.310	3000	/16842823//2679898/815889/3.25/3.28//2008-9-18 10:8:44
68/600105/永鼎股份/3.270	10700	3.260	4700	3.250	23900	3.240	11700	3.230	10500	3.280	13100	3.290	5800	3.300	8799	3.310	3000	3.320	1000	/16842823//2555088/777439/3.28/3.28//2008-9-18 10:9:44
68/600105/永鼎股份/3.260	7700	3.250	30800	3.240	11700	3.230	11000	3.220	20401	3.270	8650	3.280	1400	3.290	5800	3.300	3799	3.310	3000	/16842823//2658370/808989/3.27/3.28//2008-9-18 10:10:44
68/600105/永鼎股份/3.270	25650	3.260	7800	3.250	32800	3.240	11700	3.230	11000	3.280	1400	3.290	5800	3.300	16399	3.310	3000	3.320	1000	/16842823//2687960/818039/3.27/3.28//2008-9-18 10:11:45
68/600105/永鼎股份/3.280	500	3.270	25650	3.260	7800	3.250	33600	3.240	11700	3.290	3300	3.300	16399	3.310	3000	3.320	1000	3.330	11100	/16842823//2700777/821939/3.29/3.28//2008-9-18 10:12:45
68/600105/永鼎股份/3.260	6800	3.250	35600	3.240	11700	3.230	11000	3.220	20401	3.290	950	3.300	11399	3.310	3000	3.320	1000	3.330	11100	/16842823//2892018/880289/3.29/3.28//2008-9-18 10:13:45
68/600105/永鼎股份/3.270	100	3.260	7000	3.250	36100	3.240	11700	3.230	11000	3.290	2000	3.300	11399	3.310	2000	3.320	2500	3.330	11100	/16842823//2903533/883789/3.29/3.28//2008-9-18 10:14:46
68/600105/永鼎股份/3.280	5000	3.270	2100	3.260	6000	3.250	36600	3.240	11700	3.290	600	3.300	9399	3.310	2000	3.320	2500	3.330	16100	/16842823//2929893/891789/3.3/3.28//2008-9-18 10:15:46
68/600105/永鼎股份/3.280	4200	3.270	5100	3.260	8000	3.250	36600	3.240	11700	3.290	600	3.300	13899	3.310	2000	3.320	2500	3.330	16100	/16842823//2921961/889389/3.28/3.28//2008-9-18 10:16:46
68/600105/永鼎股份/3.280	4200	3.270	5100	3.260	31900	3.250	36600	3.240	11700	3.300	10999	3.310	2000	3.320	2500	3.330	16100	3.340	7300	/16842823//2947660/897189/3.3/3.28//2008-9-18 10:17:47
68/600105/永鼎股份/3.280	4600	3.270	4800	3.260	31900	3.250	38600	3.240	11700	3.290	1200	3.300	7399	3.310	2000	3.320	2500	3.330	16100	/16842823//2964774/902389/3.29/3.28//2008-9-18 10:18:47
68/600105/永鼎股份/3.290	200	3.280	4600	3.270	5700	3.260	31900	3.250	38600	3.300	7399	3.310	2000	3.320	2500	3.330	16100	3.340	7300	/16842823//2979942/906989/3.3/3.28//2008-9-18 10:19:47
68/600105/永鼎股份/3.300	3701	3.290	500	3.280	4600	3.270	8000	3.260	35900	3.310	2000	3.320	2500	3.330	16150	3.340	7300	3.350	22400	/16842823//3004029/914288/3.3/3.28//2008-9-18 10:20:48
68/600105/永鼎股份/3.290	500	3.280	4600	3.270	8000	3.260	35400	3.250	38600	3.300	450	3.310	1600	3.320	2500	3.330	16150	3.340	6700	/16842823//3015256/917689/3.3/3.28//2008-9-18 10:21:48
68/600105/永鼎股份/3.290	500	3.280	4900	3.270	8000	3.260	13300	3.250	38600	3.300	1950	3.310	1600	3.320	3500	3.330	13150	3.340	6700	/16842823//3017566/918389/3.3/3.28//2008-9-18 10:22:48
68/600105/永鼎股份/3.290	500	3.280	4200	3.270	8000	3.260	13300	3.250	38800	3.300	3250	3.310	4600	3.320	3500	3.330	13150	3.340	1600	/16842823//3017566/918389/3.3/3.28//2008-9-18 10:23:48
68/600105/永鼎股份/3.290	2000	3.280	6200	3.270	8000	3.260	15300	3.250	38800	3.300	4650	3.310	4600	3.320	3500	3.330	13150	3.340	1600	/16842823//3017566/918389/3.3/3.28//2008-9-18 10:24:49
68/600105/永鼎股份/3.290	1000	3.280	6200	3.270	8000	3.260	16300	3.250	38800	3.300	3400	3.310	4600	3.320	2500	3.330	13150	3.340	1600	/16842823//3020856/919389/3.29/3.28//2008-9-18 10:25:49
68/600105/永鼎股份/3.290	12800	3.280	6200	3.270	8000	3.260	16300	3.250	38900	3.300	3900	3.310	1600	3.320	2500	3.330	13150	3.340	1600	/16842823//3028104/921589/3.29/3.28//2008-9-18 10:26:49
68/600105/永鼎股份/3.300	1100	3.290	10800	3.280	6200	3.270	10300	3.260	17400	3.310	1600	3.320	2500	3.330	13150	3.340	1600	3.350	8100	/16842823//3047554/927489/3.3/3.28//2008-9-18 10:27:50
68/600105/永鼎股份/3.290	5900	3.280	6200	3.270	7300	3.260	17400	3.250	38900	3.300	9900	3.310	1600	3.320	2500	3.330	13150	3.340	1600	/16842823//3067305/933489/3.29/3.28//2008-9-18 10:28:50
68/600105/永鼎股份/3.290	2600	3.280	6200	3.270	7300	3.260	17400	3.250	38900	3.300	20100	3.310	1600	3.320	2500	3.330	13150	3.340	1600	/16842823//3078492/936889/3.3/3.28//2008-9-18 10:29:50
68/600105/永鼎股份/3.290	601	3.280	6200	3.270	7300	3.260	17400	3.250	38900	3.300	18900	3.310	1600	3.320	2500	3.330	13150	3.340	1600	/16842823//3089029/940088/3.29/3.28//2008-9-18 10:30:51
68/600105/永鼎股份/3.280	3801	3.270	7300	3.260	19500	3.250	40300	3.240	11700	3.290	1250	3.300	19400	3.310	1600	3.320	2500	3.330	13150	/16842823//3108721/946088/3.28/3.28//2008-9-18 10:31:51
68/600105/永鼎股份/3.250	39300	3.240	11700	3.230	11000	3.220	20401	3.210	20500	3.260	25099	3.290	11250	3.300	23400	3.310	1600	3.320	2500	/16842823//3182453/968689/3.26/3.28//2008-9-18 10:32:51
68/600105/永鼎股份/3.250	40700	3.240	11700	3.230	14000	3.220	20401	3.210	20500	3.260	13499	3.290	1250	3.300	19600	3.310	1600	3.320	2500	/16842823//3220269/980289/3.26/3.28//2008-9-18 10:33:52
68/600105/永鼎股份/3.250	25700	3.240	12800	3.230	14200	3.220	20401	3.210	20500	3.260	11999	3.290	1250	3.300	19600	3.310	1600	3.320	2500	/16842823//3296729/1003789/3.26/3.28//2008-9-18 10:34:52
68/600105/永鼎股份/3.260	2501	3.250	26800	3.240	8800	3.230	14200	3.220	20401	3.290	1250	3.300	19600	3.310	1600	3.320	2500	3.330	13150	/16842823//3335846/1015788/3.26/3.28//2008-9-18 10:35:52
68/600105/永鼎股份/3.270	1700	3.260	5201	3.250	33800	3.240	8800	3.230	13200	3.290	1250	3.300	19600	3.310	1600	3.320	2500	3.330	13150	/16842823//3343018/1017988/3.26/3.28//2008-9-18 10:36:53
68/600105/永鼎股份/3.270	1700	3.260	9801	3.250	38800	3.240	8800	3.230	13200	3.290	1250	3.300	19600	3.310	1600	3.320	2500	3.330	13150	/16842823//3343018/1017988/3.26/3.28//2008-9-18 10:37:53
68/600105/永鼎股份/3.270	6700	3.260	14801	3.250	38800	3.240	9100	3.230	13200	3.290	1250	3.300	19600	3.310	1600	3.320	12500	3.330	13150	/16842823//3343018/1017988/3.26/3.28//2008-9-18 10:38:53
68/600105/永鼎股份/3.260	16001	3.250	39300	3.240	9100	3.230	13200	3.220	20401	3.270	15600	3.290	1950	3.300	21400	3.310	1600	3.320	12500	/16842823//3371478/1026688/3.27/3.28//2008-9-18 10:39:54
68/600105/永鼎股份/3.260	20801	3.250	39300	3.240	9100	3.230	10200	3.220	20401	3.270	5000	3.290	1950	3.300	21500	3.310	5600	3.320	12500	/16842823//3440790/1047888/3.27/3.28//2008-9-18 10:40:54
68/600105/永鼎股份/3.270	12700	3.260	22701	3.250	39300	3.240	9100	3.230	10300	3.290	1950	3.300	21500	3.310	5600	3.320	12500	3.330	13150	/16842823//3436861/1046688/3.27/3.28//2008-9-18 10:41:54
68/600105/永鼎股份/3.270	12700	3.260	22701	3.250	39300	3.240	9100	3.230	10300	3.290	1950	3.300	21500	3.310	5600	3.320	12700	3.330	13150	/16842823//3436861/1046688/3.27/3.28//2008-9-18 10:42:55
68/600105/永鼎股份/3.270	10800	3.260	25501	3.250	39300	3.240	9100	3.230	10100	3.290	3250	3.300	21500	3.310	5600	3.320	12700	3.330	13150	/16842823//3438823/1047288/3.27/3.28//2008-9-18 10:43:55
68/600105/永鼎股份/3.260	25701	3.250	39300	3.240	9100	3.230	10100	3.220	20401	3.270	5300	3.290	3250	3.300	21500	3.310	5600	3.320	12700	/16842823//3475120/1058388/3.27/3.28//2008-9-18 10:44:56
68/600105/永鼎股份/3.260	24501	3.250	34300	3.240	9100	3.230	10100	3.220	19401	3.270	5600	3.290	3250	3.300	21500	3.310	5600	3.320	13700	/16842823//3477728/1059188/3.26/3.28//2008-9-18 10:45:56
68/600105/永鼎股份/3.240	8700	3.230	10100	3.220	19401	3.210	20500	3.200	14300	3.250	40620	3.260	25099	3.270	300	3.280	18890	3.290	3250	/16842823//3763047/1146889/3.25/3.28//2008-9-18 10:46:56
68/600105/永鼎股份/3.220	8802	3.210	20500	3.200	14300	3.190	6900	3.180	12500	3.230	8400	3.240	100	3.250	18000	3.260	3000	3.270	10300	/16842823//3724052/1134988/3.22/3.28//2008-9-18 10:47:57
68/600105/永鼎股份/3.220	4402	3.210	17400	3.200	9300	3.190	6900	3.180	12500	3.230	19290	3.240	100	3.250	16000	3.260	3000	3.270	10300	/16842823//3741444/1140388/3.22/3.28//2008-9-18 10:48:57
68/600105/永鼎股份/3.220	5102	3.210	11000	3.200	9400	3.190	6900	3.180	12500	3.230	19290	3.240	1000	3.250	16000	3.260	4000	3.270	10300	/16842823//3801916/1159188/3.22/3.28//2008-9-18 10:49:57
68/600105/永鼎股份/3.190	6900	3.180	12500	3.150	7600	3.130	12000	3.120	10000	3.200	25498	3.220	200	3.230	11290	3.240	1000	3.250	16000	/16842823//3931706/1199590/3.2/3.28//2008-9-18 10:50:58
68/600105/永鼎股份/3.180	3700	3.150	13900	3.130	13000	3.120	15000	3.110	11500	3.190	1900	3.200	26698	3.220	200	3.230	11290	3.240	1000	/16842823//4008812/1223790/3.19/3.28//2008-9-18 10:51:58
68/600105/永鼎股份/3.190	500	3.180	4100	3.170	2200	3.160	2000	3.150	16900	3.200	36698	3.220	200	3.230	11290	3.240	1000	3.250	16000	/16842823//4017425/1226490/3.19/3.28//2008-9-18 10:52:58
68/600105/永鼎股份/3.180	14700	3.170	4900	3.160	11500	3.150	13000	3.130	13000	3.190	7498	3.200	35698	3.230	11290	3.240	1000	3.250	16000	/16842823//4031104/1230790/3.18/3.28//2008-9-18 10:53:59
68/600105/永鼎股份/3.190	4502	3.180	800	3.170	5700	3.160	11500	3.150	13000	3.200	35698	3.230	11290	3.240	1000	3.250	16000	3.260	4300	/16842823//4091383/1249686/3.19/3.28//2008-9-18 10:54:59
68/600105/永鼎股份/3.190	3502	3.180	5300	3.170	4900	3.160	9500	3.150	12000	3.200	36103	3.230	11290	3.240	1000	3.250	16000	3.260	4300	/16842823//4080543/1246288/3.19/3.28//2008-9-18 10:56:0
68/600105/永鼎股份/3.190	4802	3.180	15900	3.170	4900	3.160	9500	3.150	12000	3.200	36003	3.230	11290	3.240	1000	3.250	10700	3.260	4300	/16842823//4071293/1243388/3.2/3.28//2008-9-18 10:57:0
68/600105/永鼎股份/3.190	3800	3.180	1300	3.170	4900	3.160	9500	3.150	10000	3.200	35003	3.230	11290	3.240	1000	3.250	10700	3.260	4300	/16842823//4072888/1243888/3.19/3.28//2008-9-18 10:58:0
68/600105/永鼎股份/3.170	4900	3.160	9500	3.150	10000	3.130	13000	3.120	10600	3.180	2500	3.190	21400	3.200	32603	3.230	11290	3.240	1000	/16842823//4112740/1256388/3.18/3.28//2008-9-18 10:59:1
68/600105/永鼎股份/3.170	1700	3.160	6900	3.150	10000	3.130	13000	3.120	10600	3.180	21100	3.190	900	3.200	32603	3.230	11290	3.250	10700	/16842823//4130240/1261888/3.18/3.28//2008-9-18 11:0:1
68/600105/永鼎股份/3.130	13000	3.120	10600	3.110	12300	3.100	35300	3.090	156900	3.140	27900	3.150	20000	3.160	4800	3.170	3600	3.180	21100	/16842823//4205261/1285688/3.14/3.28//2008-9-18 11:1:2
68/600105/永鼎股份/3.100	7100	3.090	125155	0.000	0	0.000	0	0.000	0	3.130	11200	3.140	27900	3.160	4800	3.170	3400	3.180	21100	/16842823//4696805/1444133/3.1/3.28//2008-9-18 11:2:2
68/600105/永鼎股份/3.110	1000	3.100	29500	3.090	123455	0.000	0	0.000	0	3.130	11200	3.140	27900	3.160	4800	3.170	29100	3.180	1600	/16842823//4696805/1444133/3.1/3.28//2008-9-18 11:3:2
68/600105/永鼎股份/3.100	109900	3.090	144755	0.000	0	0.000	0	0.000	0	3.110	7300	3.130	9100	3.140	28900	3.160	2000	3.170	1400	/16842823//4742784/1458833/3.11/3.28//2008-9-18 11:4:3
68/600105/永鼎股份/3.090	151155	0.000	0	0.000	0	0.000	0	0.000	0	3.100	7900	3.110	5800	3.130	9100	3.140	28900	3.160	2000	/16842823//5205064/1607933/3.1/3.28//2008-9-18 11:5:3
68/600105/永鼎股份/3.110	22800	3.100	73800	3.090	151355	0.000	0	0.000	0	3.130	9100	3.140	29200	3.160	2000	3.180	1600	3.190	1600	/16842823//5253792/1623633/3.11/3.28//2008-9-18 11:6:4
68/600105/永鼎股份/3.130	17200	3.110	31900	3.100	56800	3.090	172055	0.000	0	3.140	28200	3.160	2000	3.190	1600	3.200	32603	3.230	11290	/16842823//5290413/1635333/3.13/3.28//2008-9-18 11:7:4
68/600105/永鼎股份/3.130	8700	3.110	43700	3.100	36800	3.090	172855	0.000	0	3.140	8600	3.180	100	3.190	6600	3.200	32603	3.220	500	/16842823//5351957/1654933/3.14/3.28//2008-9-18 11:8:4
68/600105/永鼎股份/3.140	4600	3.130	9400	3.110	39900	3.100	32400	3.090	193755	3.170	5000	3.180	11100	3.190	33190	3.200	32603	3.220	500	/16842823//5385241/1665533/3.14/3.28//2008-9-18 11:9:5
68/600105/永鼎股份/3.180	3500	3.150	100	3.140	3800	3.130	8600	3.110	48300	3.190	33190	3.200	32603	3.220	3500	3.230	11290	3.260	4700	/16842823//5440799/1683033/3.18/3.28//2008-9-18 11:10:5
68/600105/永鼎股份/3.150	200	3.140	3800	3.130	19400	3.110	48300	3.100	40400	3.170	5000	3.180	9000	3.190	33190	3.200	32603	3.220	5500	/16842823//5451929/1686533/3.18/3.28//2008-9-18 11:11:6
68/600105/永鼎股份/3.140	2400	3.130	14400	3.120	8500	3.110	48300	3.100	39100	3.150	900	3.170	5500	3.180	50590	3.190	33190	3.200	32603	/16842823//5455086/1687533/3.14/3.28//2008-9-18 11:12:6
68/600105/永鼎股份/3.160	2100	3.150	100	3.140	2400	3.130	14400	3.120	10500	3.180	50590	3.190	33190	3.200	32603	3.220	5500	3.230	11290	/16842823//5464241/1690433/3.16/3.28//2008-9-18 11:13:7
68/600105/永鼎股份/3.140	2400	3.130	11800	3.120	10500	3.110	48300	3.100	38400	3.160	2600	3.170	17600	3.180	51590	3.190	30190	3.200	32603	/16842823//5475617/1694033/3.16/3.28//2008-9-18 11:14:7
68/600105/永鼎股份/3.150	100	3.140	2900	3.130	11800	3.120	10500	3.110	48300	3.160	3000	3.170	17600	3.180	49590	3.190	30190	3.200	9705	/16842823//5472453/1693033/3.15/3.28//2008-9-18 11:15:7
68/600105/永鼎股份/3.120	10500	3.110	36800	3.100	37500	3.090	197755	0.000	0	3.130	32300	3.160	2500	3.170	17600	3.180	48600	3.190	28190	/16842823//5528842/1711033/3.13/3.28//2008-9-18 11:16:8
68/600105/永鼎股份/3.110	36700	3.100	33800	3.090	197855	0.000	0	0.000	0	3.120	20998	3.130	26600	3.150	800	3.160	2500	3.170	17600	/16842823//5588184/1730033/3.12/3.28//2008-9-18 11:17:8
68/600105/永鼎股份/3.110	29700	3.100	35800	3.090	186855	0.000	0	0.000	0	3.120	19098	3.130	26600	3.150	800	3.160	2500	3.170	18590	/16842823//5599079/1733533/3.11/3.28//2008-9-18 11:18:9
68/600105/永鼎股份/3.110	30200	3.100	38200	3.090	191255	0.000	0	0.000	0	3.120	1998	3.130	26600	3.150	800	3.160	2500	3.170	18590	/16842823//5652431/1750633/3.12/3.28//2008-9-18 11:19:9
68/600105/永鼎股份/3.110	27300	3.100	38200	3.090	197055	0.000	0	0.000	0	3.130	26598	3.150	800	3.160	500	3.170	18590	3.180	47600	/16842823//5666135/1755033/3.11/3.28//2008-9-18 11:20:10
68/600105/永鼎股份/3.120	15600	3.110	27300	3.100	35900	3.090	198055	0.000	0	3.130	26498	3.150	800	3.160	500	3.170	18590	3.180	47600	/16842823//5671142/1756633/3.13/3.28//2008-9-18 11:21:10
68/600105/永鼎股份/3.120	8600	3.110	27300	3.100	37400	3.090	200055	0.000	0	3.130	20998	3.150	800	3.160	500	3.170	18590	3.180	47600	/16842823//5710197/1769133/3.12/3.28//2008-9-18 11:22:10
68/600105/永鼎股份/3.120	7600	3.110	27300	3.100	37400	3.090	200055	0.000	0	3.130	12498	3.160	500	3.170	18590	3.180	46600	3.190	9300	/16842823//5763397/1786133/3.13/3.28//2008-9-18 11:23:11
68/600105/永鼎股份/3.120	500	3.110	23800	3.100	37500	3.090	200055	0.000	0	3.130	12198	3.160	500	3.170	18590	3.180	46600	3.190	9300	/16842823//5775141/1789933/3.11/3.28//2008-9-18 11:24:11
68/600105/永鼎股份/3.110	24600	3.100	38000	3.090	197055	0.000	0	0.000	0	3.130	12198	3.160	700	3.170	18590	3.180	46600	3.190	9300	/16842823//5777323/1790633/3.11/3.28//2008-9-18 11:25:12
68/600105/永鼎股份/3.110	16399	3.100	38500	3.090	196055	0.000	0	0.000	0	3.130	13198	3.160	1700	3.170	18590	3.180	46600	3.190	9300	/16842823//5810623/1801334/3.11/3.28//2008-9-18 11:26:12
68/600105/永鼎股份/3.110	22299	3.100	38500	3.090	196055	0.000	0	0.000	0	3.120	5700	3.130	13398	3.160	1500	3.170	18590	3.180	46600	/16842823//5811559/1801634/3.12/3.28//2008-9-18 11:27:13
68/600105/永鼎股份/3.110	8999	3.100	39900	3.090	201055	0.000	0	0.000	0	3.120	10600	3.130	13398	3.160	1500	3.170	18590	3.180	46600	/16842823//5855100/1815634/3.11/3.28//2008-9-18 11:28:13
68/600105/永鼎股份/3.110	5099	3.100	43400	3.090	194255	0.000	0	0.000	0	3.120	19600	3.130	12398	3.160	1500	3.170	18590	3.180	46600	/16842823//5873449/1821534/3.11/3.28//2008-9-18 11:29:14
68/600105/永鼎股份/3.110	4699	3.100	51300	3.090	190355	0.000	0	0.000	0	3.120	19400	3.130	12198	3.160	1500	3.170	18590	3.180	46600	/16842823//5878114/1823034/3.11/3.28//2008-9-18 11:30:14
68/600105/永鼎股份/3.110	4699	3.100	51300	3.090	190355	0.000	0	0.000	0	3.120	19400	3.130	12198	3.160	1500	3.170	18590	3.180	46600	/16842823//5878114/1823034/3.11/3.28//2008-9-18 11:31:15
68/600105/永鼎股份/3.100	13800	3.090	221554	0.000	0	0.000	0	0.000	0	3.110	22800	3.120	14900	3.130	12198	3.160	1500	3.170	20590	/16842823//6139257/1907234/3.11/3.28//2008-9-18 13:1:15
68/600105/永鼎股份/3.100	4700	3.090	221554	0.000	0	0.000	0	0.000	0	3.110	17000	3.120	14900	3.130	12198	3.160	1500	3.170	20590	/16842823//6193237/1924634/3.1/3.28//2008-9-18 13:2:16
68/600105/永鼎股份/3.100	3400	3.090	221554	0.000	0	0.000	0	0.000	0	3.110	16800	3.120	14900	3.130	12198	3.160	1500	3.170	20590	/16842823//6205637/1928634/3.1/3.28//2008-9-18 13:3:16
68/600105/永鼎股份/3.100	1700	3.090	180554	0.000	0	0.000	0	0.000	0	3.110	13800	3.120	14900	3.130	12198	3.160	1500	3.170	20590	/16842823//6375082/1983434/3.09/3.28//2008-9-18 13:4:17
68/600105/永鼎股份/3.110	3100	3.100	2400	3.090	168654	0.000	0	0.000	0	3.120	9500	3.130	1400	3.160	1500	3.170	20590	3.180	47300	/16842823//6442332/2005034/3.11/3.28//2008-9-18 13:5:17
68/600105/永鼎股份/3.120	6400	3.100	2000	3.090	121956	0.000	0	0.000	0	3.130	1400	3.160	3500	3.170	20590	3.180	47300	3.190	1600	/16842823//6663044/2076332/3.12/3.28//2008-9-18 13:6:18
68/600105/永鼎股份/3.120	5800	3.100	6500	3.090	131456	0.000	0	0.000	0	3.130	1400	3.150	3500	3.160	8200	3.170	20590	3.180	47300	/16842823//6664916/2076932/3.12/3.28//2008-9-18 13:7:18
68/600105/永鼎股份/3.130	600	3.120	5800	3.100	6500	3.090	154556	0.000	0	3.150	3500	3.160	8200	3.170	20590	3.180	47300	3.190	1600	/16842823//6681818/2082332/3.13/3.28//2008-9-18 13:8:19
68/600105/永鼎股份/3.120	5800	3.100	6500	3.090	154356	0.000	0	0.000	0	3.130	1500	3.150	3500	3.160	9000	3.170	21590	3.180	47300	/16842823//6683696/2082932/3.13/3.28//2008-9-18 13:9:19
68/600105/永鼎股份/3.120	800	3.100	6500	3.090	184356	0.000	0	0.000	0	3.130	6500	3.140	8100	3.150	7500	3.160	10900	3.170	21590	/16842823//6699296/2087932/3.12/3.28//2008-9-18 13:10:20
68/600105/永鼎股份/3.090	162556	0.000	0	0.000	0	0.000	0	0.000	0	3.120	5059	3.130	1500	3.140	8100	3.150	9500	3.160	10900	/16842823//6720392/2094732/3.1/3.28//2008-9-18 13:11:20
68/600105/永鼎股份/3.110	1000	3.100	3400	3.090	162756	0.000	0	0.000	0	3.120	3059	3.130	1500	3.140	8100	3.150	9500	3.160	10900	/16842823//6717332/2093732/3.12/3.28//2008-9-18 13:12:21
68/600105/永鼎股份/3.110	1000	3.100	7400	3.090	164756	0.000	0	0.000	0	3.120	3559	3.130	5900	3.140	9600	3.150	9500	3.160	10900	/16842823//6718892/2094232/3.12/3.28//2008-9-18 13:13:21
68/600105/永鼎股份/3.090	73256	0.000	0	0.000	0	0.000	0	0.000	0	3.110	2000	3.120	3659	3.130	1500	3.140	9600	3.150	9500	/16842823//7027987/2194232/3.09/3.28//2008-9-18 13:14:22
68/600105/永鼎股份/3.090	94356	0.000	0	0.000	0	0.000	0	0.000	0	3.100	2801	3.110	2800	3.120	3659	3.130	1500	3.140	9600	/16842823//7046860/2200332/3.1/3.28//2008-9-18 13:15:22
68/600105/永鼎股份/3.100	1700	3.090	105156	0.000	0	0.000	0	0.000	0	3.110	800	3.120	2659	3.130	1500	3.140	9600	3.150	9500	/16842823//7076557/2209932/3.1/3.28//2008-9-18 13:16:23
68/600105/永鼎股份/3.110	700	3.100	6100	3.090	105056	0.000	0	0.000	0	3.120	2659	3.130	2500	3.140	9600	3.150	9500	3.160	10900	/16842823//7079665/2210932/3.11/3.28//2008-9-18 13:17:23
68/600105/永鼎股份/3.100	14100	3.090	105856	0.000	0	0.000	0	0.000	0	3.120	2459	3.130	2500	3.140	9600	3.150	9500	3.160	10900	/16842823//7110503/2220832/3.12/3.28//2008-9-18 13:18:24
68/600105/永鼎股份/3.100	12100	3.090	105856	0.000	0	0.000	0	0.000	0	3.120	559	3.130	2500	3.140	9600	3.150	9500	3.160	10900	/16842823//7122943/2224832/3.12/3.28//2008-9-18 13:19:24
68/600105/永鼎股份/3.120	1141	3.100	11300	3.090	106256	0.000	0	0.000	0	3.130	2500	3.140	5400	3.150	10500	3.160	9000	3.170	20590	/16842823//7130287/2227191/3.12/3.28//2008-9-18 13:20:25
68/600105/永鼎股份/3.100	11300	3.090	107456	0.000	0	0.000	0	0.000	0	3.120	4759	3.130	4000	3.140	5400	3.150	7000	3.160	9000	/16842823//7131663/2227632/3.12/3.28//2008-9-18 13:21:25
68/600105/永鼎股份/3.100	13900	3.090	108456	0.000	0	0.000	0	0.000	0	3.120	1259	3.130	4000	3.140	5400	3.150	7000	3.160	9000	/16842823//7144138/2231632/3.12/3.28//2008-9-18 13:22:26
68/600105/永鼎股份/3.120	9141	3.110	800	3.100	17100	3.090	108656	0.000	0	3.130	4000	3.140	5400	3.150	3000	3.160	9000	3.170	20590	/16842823//7148066/2232891/3.12/3.28//2008-9-18 13:23:26
68/600105/永鼎股份/3.130	8300	3.120	6000	3.110	800	3.100	14500	3.090	108756	3.140	400	3.150	3000	3.160	12200	3.170	20590	3.180	68900	/16842823//7222297/2256591/3.14/3.28//2008-9-18 13:24:27
68/600105/永鼎股份/3.150	900	3.130	4000	3.120	6000	3.110	1800	3.100	5100	3.160	12200	3.170	20590	3.180	68900	3.190	6600	3.200	10605	/16842823//7233003/2259991/3.15/3.28//2008-9-18 13:25:27
68/600105/永鼎股份/3.140	500	3.130	4000	3.120	6000	3.110	2100	3.100	6500	3.150	1501	3.160	31390	3.170	20590	3.180	47300	3.190	6600	/16842823//7243398/2263291/3.15/3.28//2008-9-18 13:26:28
68/600105/永鼎股份/3.130	4000	3.120	6000	3.110	2100	3.100	7000	3.090	123556	3.150	11401	3.160	26890	3.170	20590	3.180	47300	3.190	7100	/16842823//7250008/2265391/3.14/3.28//2008-9-18 13:27:28
68/600105/永鼎股份/3.120	6000	3.110	2100	3.100	19200	3.090	128556	0.000	0	3.130	1100	3.140	3000	3.150	11401	3.160	26890	3.170	20590	/16842823//7262841/2269491/3.13/3.28//2008-9-18 13:28:29
68/600105/永鼎股份/3.110	2100	3.100	21000	3.090	130556	0.000	0	0.000	0	3.120	10400	3.140	2900	3.150	13401	3.160	26890	3.170	20590	/16842823//7286883/2277191/3.12/3.28//2008-9-18 13:29:29
68/600105/永鼎股份/3.110	12100	3.100	20000	3.090	130556	0.000	0	0.000	0	3.120	8900	3.140	2900	3.150	13401	3.160	26890	3.170	18590	/16842823//7291563/2278691/3.12/3.28//2008-9-18 13:30:30
68/600105/永鼎股份/3.120	3800	3.110	13100	3.100	20000	3.090	120556	0.000	0	3.140	2900	3.150	13401	3.160	26890	3.170	18590	3.180	47300	/16842823//7319331/2287591/3.12/3.28//2008-9-18 13:31:30
68/600105/永鼎股份/3.120	19900	3.110	13100	3.100	20000	3.090	120356	0.000	0	3.140	30400	3.150	2000	3.160	26890	3.170	18590	3.180	49300	/16842823//7342821/2295091/3.12/3.28//2008-9-18 13:32:31
68/600105/永鼎股份/3.130	2000	3.120	19000	3.110	12300	3.100	23200	3.090	109356	3.140	14200	3.150	2000	3.160	26890	3.170	18590	3.180	48300	/16842823//7412529/2317291/3.14/3.28//2008-9-18 13:33:31
68/600105/永鼎股份/3.150	7200	3.140	32200	3.130	12000	3.120	19200	3.110	12300	3.160	26890	3.170	18590	3.180	48300	3.190	7100	3.200	10605	/16842823//7444577/2327491/3.15/3.28//2008-9-18 13:34:32
68/600105/永鼎股份/3.170	4320	3.160	1300	3.150	14200	3.140	20200	3.130	12000	3.180	8800	3.190	7100	3.200	10605	3.220	5000	3.230	500	/16842823//7591650/2373971/3.17/3.28//2008-9-18 13:35:32
68/600105/永鼎股份/3.190	9300	3.180	7200	3.170	6520	3.160	1600	3.150	14200	3.200	9705	3.220	5000	3.230	1500	3.240	20000	3.250	1100	/16842823//7651833/2392871/3.19/3.28//2008-9-18 13:36:33
68/600105/永鼎股份/3.180	1200	3.170	6520	3.160	1600	3.150	14200	3.140	19200	3.190	13601	3.200	9705	3.220	5000	3.230	1500	3.240	20000	/16842823//7696493/2406871/3.19/3.28//2008-9-18 13:37:34
68/600105/永鼎股份/3.170	2420	3.160	1600	3.150	9200	3.140	19200	3.130	3000	3.180	11700	3.190	4200	3.200	9705	3.220	5000	3.230	1900	/16842823//7728936/2417071/3.17/3.28//2008-9-18 13:38:34
68/600105/永鼎股份/3.150	6820	3.140	19200	3.130	3000	3.120	11200	3.110	7100	3.200	9705	3.220	5000	3.230	1900	3.240	20000	3.250	1100	/16842823//7942574/2484271/3.19/3.28//2008-9-18 13:39:35
68/600105/永鼎股份/3.150	12120	3.140	19200	3.130	3000	3.120	17800	3.110	7100	3.190	5500	3.200	10305	3.220	7300	3.230	4600	3.240	20000	/16842823//7942574/2484271/3.19/3.28//2008-9-18 13:40:35
68/600105/永鼎股份/3.150	12420	3.140	19200	3.130	3000	3.120	17800	3.110	7100	3.170	400	3.190	4500	3.200	10705	3.220	7300	3.230	4600	/16842823//7945764/2485271/3.19/3.28//2008-9-18 13:41:36
68/600105/永鼎股份/3.170	4600	3.160	11400	3.150	14720	3.140	19300	3.130	3000	3.190	7000	3.200	10705	3.220	7300	3.230	4600	3.250	2000	/16842823//7947032/2485671/3.17/3.28//2008-9-18 13:42:36
68/600105/永鼎股份/3.180	600	3.170	4700	3.160	11400	3.150	14720	3.140	19300	3.190	5100	3.200	10705	3.220	4300	3.230	3600	3.250	2000	/16842823//7994244/2500471/3.19/3.28//2008-9-18 13:43:37
68/600105/永鼎股份/3.190	700	3.180	1700	3.170	4700	3.160	11400	3.150	6220	3.200	305	3.220	9300	3.230	3600	3.250	7000	3.260	4700	/16842823//8037732/2514071/3.2/3.28//2008-9-18 13:44:37
68/600105/永鼎股份/3.200	12900	3.190	200	3.180	9100	3.170	6000	3.160	11400	3.220	8305	3.230	2900	3.250	7000	3.260	5700	3.270	300	/16842823//8041912/2515371/3.22/3.28//2008-9-18 13:45:38
68/600105/永鼎股份/3.220	14995	3.210	1000	3.200	12900	3.180	9100	3.170	3900	3.230	2700	3.250	6100	3.260	5700	3.270	10300	3.280	3000	/16842823//8114380/2537876/3.23/3.28//2008-9-18 13:46:39
68/600105/永鼎股份/3.230	5600	3.220	10895	3.210	1000	3.200	12900	3.180	9100	3.240	4000	3.250	7100	3.260	6700	3.270	10300	3.280	3000	/16842823//8139217/2545576/3.23/3.28//2008-9-18 13:47:39
68/600105/永鼎股份/3.220	1595	3.210	1000	3.200	8900	3.180	9100	3.170	3900	3.230	46658	3.240	8000	3.250	7100	3.260	26600	3.270	10300	/16842823//8199946/2564376/3.23/3.28//2008-9-18 13:48:40
68/600105/永鼎股份/3.200	2900	3.180	9100	3.170	3900	3.160	11400	3.150	5220	3.210	1000	3.220	16400	3.230	2000	3.240	8000	3.250	7100	/16842823//8307459/2597771/3.2/3.28//2008-9-18 13:49:40
68/600105/永鼎股份/3.190	4000	3.180	9100	3.170	7600	3.160	11400	3.150	5320	3.200	1100	3.210	4300	3.220	15800	3.230	1000	3.240	4000	/16842823//8316739/2600671/3.2/3.28//2008-9-18 13:50:41
68/600105/永鼎股份/3.180	9400	3.170	7600	3.160	11400	3.150	5020	3.140	2100	3.190	5800	3.200	11299	3.210	14300	3.220	13800	3.230	1000	/16842823//8345489/2609671/3.2/3.28//2008-9-18 13:51:41
68/600105/永鼎股份/3.180	8400	3.170	7600	3.160	11400	3.150	4720	3.140	2100	3.190	6000	3.200	20299	3.210	15300	3.220	12800	3.240	3635	/16842823//8360791/2614471/3.19/3.28//2008-9-18 13:52:42
68/600105/永鼎股份/3.180	4900	3.170	4100	3.160	11400	3.150	4720	3.140	2100	3.190	6000	3.200	20299	3.210	5300	3.220	12800	3.240	3635	/16842823//8365860/2616071/3.18/3.28//2008-9-18 13:53:42
68/600105/永鼎股份/3.180	800	3.170	14100	3.160	11400	3.150	4720	3.140	2100	3.190	3400	3.200	20299	3.210	2000	3.220	12800	3.240	3635	/16842823//8380488/2620671/3.18/3.28//2008-9-18 13:54:43
68/600105/永鼎股份/3.200	7301	3.190	400	3.180	6000	3.170	14100	3.160	11400	3.210	2000	3.220	12800	3.230	200	3.240	3635	3.250	7500	/16842823//8458835/2645170/3.2/3.28//2008-9-18 13:55:44
68/600105/永鼎股份/3.200	301	3.190	400	3.180	7000	3.170	19700	3.160	11400	3.210	800	3.220	12800	3.230	200	3.240	3635	3.250	7500	/16842823//8504297/2659370/3.21/3.28//2008-9-18 13:56:44
68/600105/永鼎股份/3.160	8400	3.150	4720	3.140	2100	3.130	2000	3.120	16800	3.200	4299	3.220	13300	3.230	200	3.240	3635	3.250	10500	/16842823//8629160/2698671/3.16/3.28//2008-9-18 13:57:45
68/600105/永鼎股份/3.180	3400	3.170	900	3.150	4220	3.140	2100	3.130	4000	3.200	4299	3.210	17000	3.220	13300	3.230	200	3.240	3635	/16842823//8660770/2708671/3.15/3.28//2008-9-18 13:58:45
68/600105/永鼎股份/3.160	5500	3.150	4520	3.140	2100	3.130	10500	3.120	16800	3.200	4299	3.210	17000	3.220	13300	3.230	200	3.240	3635	/16842823//8752594/2737671/3.16/3.28//2008-9-18 13:59:46
68/600105/永鼎股份/3.130	13600	3.120	16800	3.110	6300	3.100	22800	3.090	97856	3.140	37880	3.190	1000	3.200	11299	3.210	16000	3.220	13300	/16842823//8800236/2752791/3.14/3.28//2008-9-18 14:0:47
68/600105/永鼎股份/3.150	200	3.140	20020	3.130	14200	3.120	16800	3.110	8800	3.190	7000	3.200	12499	3.210	16200	3.220	13300	3.230	200	/16842823//8919179/2790671/3.14/3.28//2008-9-18 14:1:47
68/600105/永鼎股份/3.160	200	3.150	6700	3.140	18820	3.130	16200	3.120	16800	3.180	12400	3.190	7000	3.200	12499	3.210	16200	3.220	400	/16842823//8922339/2791671/3.16/3.28//2008-9-18 14:2:48
68/600105/永鼎股份/3.150	5500	3.140	17420	3.130	16200	3.120	16800	3.110	9800	3.160	20000	3.170	300	3.180	12400	3.190	1000	3.200	11900	/16842823//8932469/2794871/3.17/3.28//2008-9-18 14:3:48
68/600105/永鼎股份/3.140	17220	3.130	18100	3.120	16800	3.110	9800	3.100	22800	3.150	12400	3.160	16400	3.170	2300	3.190	1000	3.200	11900	/16842823//8963354/2804671/3.14/3.28//2008-9-18 14:4:49
68/600105/永鼎股份/3.150	800	3.140	2220	3.130	18100	3.120	16800	3.110	12800	3.160	16400	3.170	2300	3.190	1000	3.200	9200	3.210	3200	/16842823//9049514/2832071/3.15/3.28//2008-9-18 14:5:50
68/600105/永鼎股份/3.160	2600	3.150	1300	3.140	12420	3.130	16000	3.120	16800	3.170	2300	3.190	1000	3.200	9800	3.210	3200	3.220	900	/16842823//9101338/2848471/3.16/3.28//2008-9-18 14:6:50
68/600105/永鼎股份/3.170	3000	3.150	9400	3.140	12420	3.130	16000	3.120	16800	3.190	600	3.200	8600	3.210	3200	3.220	900	3.230	200	/16842823//9121598/2854871/3.19/3.28//2008-9-18 14:7:51
68/600105/永鼎股份/3.190	3400	3.170	1500	3.150	16500	3.140	17420	3.130	16000	3.200	8000	3.210	3200	3.220	900	3.230	200	3.240	3635	/16842823//9125426/2856071/3.19/3.28//2008-9-18 14:8:51
68/600105/永鼎股份/3.200	10400	3.190	4300	3.170	1000	3.160	900	3.150	16300	3.210	1700	3.220	900	3.230	5200	3.240	3635	3.250	25100	/16842823//9155527/2865471/3.2/3.28//2008-9-18 14:9:52
68/600105/永鼎股份/3.190	4300	3.160	800	3.150	16300	3.140	18720	3.130	16000	3.200	19800	3.220	900	3.230	5200	3.240	13635	3.250	23100	/16842823//9191057/2876571/3.2/3.28//2008-9-18 14:10:53
68/600105/永鼎股份/3.190	4500	3.160	3300	3.150	16300	3.140	22820	3.130	16000	3.200	4000	3.210	2000	3.220	900	3.230	5200	3.240	14635	/16842823//9241297/2892271/3.2/3.28//2008-9-18 14:11:53
68/600105/永鼎股份/3.200	49800	3.190	4100	3.160	8300	3.150	17300	3.140	22820	3.210	2000	3.220	5400	3.230	5200	3.240	14635	3.250	23100	/16842823//9254735/2896471/3.19/3.28//2008-9-18 14:12:54
68/600105/永鼎股份/3.200	48100	3.190	5100	3.180	100	3.160	9800	3.150	18000	3.210	12100	3.220	24900	3.230	500	3.240	14635	3.250	23100	/16842823//9273995/2902471/3.21/3.28//2008-9-18 14:13:55
68/600105/永鼎股份/3.200	2500	3.190	6100	3.180	100	3.160	14800	3.150	19000	3.210	8500	3.220	24900	3.230	500	3.240	4635	3.250	23100	/16842823//9287477/2906671/3.21/3.28//2008-9-18 14:14:55
68/600105/永鼎股份/3.190	6100	3.180	100	3.170	3200	3.160	10800	3.150	14400	3.220	19400	3.230	500	3.240	3635	3.250	23100	3.260	8700	/16842823//9354576/2927571/3.22/3.28//2008-9-18 14:15:56
68/600105/永鼎股份/3.210	2000	3.190	5200	3.180	100	3.170	11200	3.160	9800	3.220	19900	3.230	500	3.240	135	3.250	12100	3.260	8700	/16842823//9356186/2928071/3.22/3.28//2008-9-18 14:16:56
68/600105/永鼎股份/3.210	1000	3.200	3500	3.190	5100	3.180	7200	3.170	8700	3.220	14800	3.230	500	3.240	1335	3.250	12100	3.260	8700	/16842823//9449694/2957171/3.22/3.28//2008-9-18 14:17:57
68/600105/永鼎股份/3.230	3400	3.220	12600	3.210	11400	3.200	5800	3.190	5100	3.240	1335	3.250	12100	3.260	8700	3.270	5300	3.290	7200	/16842823//9535041/2983671/3.22/3.28//2008-9-18 14:18:58
68/600105/永鼎股份/3.270	3000	3.260	2000	3.250	44165	3.240	8500	3.230	1500	3.290	7500	3.300	13800	3.310	6200	3.320	13400	3.330	15450	/16842823//9608048/3006106/3.27/3.28//2008-9-18 14:19:58
68/600105/永鼎股份/3.290	4600	3.280	4300	3.270	6600	3.260	6900	3.250	36400	3.300	11000	3.310	16200	3.320	13400	3.330	15450	3.350	7500	/16842823//9631150/3013106/3.3/3.28//2008-9-18 14:20:59
68/600105/永鼎股份/3.310	6000	3.300	11000	3.290	1000	3.280	3100	3.270	6600	3.320	12400	3.330	13450	3.350	8500	3.360	3200	3.370	2000	/16842823//9737681/3045406/3.31/3.28//2008-9-18 14:22:0
68/600105/永鼎股份/3.300	3000	3.290	1300	3.280	5900	3.270	6600	3.260	5100	3.310	6200	3.330	5350	3.350	8500	3.360	3700	3.370	2000	/16842823//10108334/3157706/3.31/3.28//2008-9-18 14:23:0
68/600105/永鼎股份/3.310	2000	3.300	400	3.290	1300	3.280	1800	3.270	6600	3.320	5400	3.330	5350	3.340	500	3.350	11500	3.360	1300	/16842823//10160941/3173606/3.32/3.28//2008-9-18 14:24:1
68/600105/永鼎股份/3.300	31200	3.290	1300	3.280	3100	3.270	6600	3.260	4100	3.310	501	3.320	2000	3.330	5350	3.340	1500	3.350	11500	/16842823//10246480/3199506/3.31/3.28//2008-9-18 14:25:2
68/600105/永鼎股份/3.300	38400	3.290	1300	3.280	3100	3.270	3600	3.260	4100	3.310	2400	3.320	1700	3.330	5350	3.340	13000	3.350	11500	/16842823//10263056/3204507/3.31/3.28//2008-9-18 14:26:2
68/600105/永鼎股份/3.270	2100	3.260	2300	3.250	20000	3.240	5300	3.230	500	3.280	1600	3.300	71000	3.310	9900	3.320	2700	3.330	5350	/16842823//10405552/3247707/3.28/3.28//2008-9-18 14:27:3
68/600105/永鼎股份/3.260	1000	3.250	5500	3.240	5300	3.230	500	3.220	1000	3.270	4800	3.280	700	3.290	5400	3.300	48400	3.310	6900	/16842823//10485436/3272207/3.26/3.28//2008-9-18 14:28:4
68/600105/永鼎股份/3.270	7300	3.210	24600	3.200	2600	3.190	4200	3.180	2100	3.280	700	3.290	34200	3.300	7200	3.310	6900	3.320	1000	/16842823//10688288/3335007/3.26/3.28//2008-9-18 14:29:4
68/600105/永鼎股份/3.260	1000	3.240	1000	3.220	27100	3.210	26600	3.200	3600	3.270	22900	3.280	8900	3.290	30800	3.300	7000	3.310	2900	/16842823//10712159/3342307/3.27/3.28//2008-9-18 14:30:5
68/600105/永鼎股份/3.270	1400	3.260	900	3.250	4000	3.240	1000	3.230	900	3.280	9500	3.290	30800	3.300	7000	3.310	2900	3.320	6000	/16842823//10790311/3366207/3.27/3.28//2008-9-18 14:31:6
68/600105/永鼎股份/3.260	7500	3.250	5700	3.240	1000	3.230	20900	3.220	24800	3.270	2200	3.280	11800	3.290	30800	3.300	7000	3.310	2900	/16842823//10868239/3390107/3.26/3.28//2008-9-18 14:32:6
68/600105/永鼎股份/3.260	7000	3.250	6700	3.240	5000	3.230	20900	3.220	24800	3.270	2000	3.280	11800	3.290	30800	3.300	7000	3.310	2900	/16842823//10852600/3385307/3.27/3.28//2008-9-18 14:33:7
68/600105/永鼎股份/3.260	4300	3.250	6700	3.240	5000	3.230	20900	3.220	22800	3.270	2500	3.280	3800	3.290	30800	3.300	7200	3.310	2900	/16842823//10908273/3402307/3.28/3.28//2008-9-18 14:34:8
68/600105/永鼎股份/3.280	3500	3.270	5600	3.260	4300	3.250	2800	3.240	4000	3.290	30500	3.300	9200	3.310	2900	3.320	5000	3.330	40350	/16842823//10937443/3411207/3.29/3.28//2008-9-18 14:35:8
68/600105/永鼎股份/3.270	5600	3.260	500	3.250	2800	3.240	4000	3.230	20900	3.280	600	3.290	24200	3.300	9000	3.310	2900	3.320	5000	/16842823//10970642/3421307/3.29/3.28//2008-9-18 14:36:9
68/600105/永鼎股份/3.280	1400	3.260	26500	3.250	2800	3.240	4000	3.230	20900	3.290	23400	3.300	10000	3.310	2900	3.320	5000	3.330	40550	/16842823//11017454/3435607/3.28/3.28//2008-9-18 14:37:10
68/600105/永鼎股份/3.260	26500	3.250	2800	3.240	4000	3.230	20000	3.220	22800	3.280	1100	3.290	27900	3.300	10000	3.310	2900	3.320	5000	/16842823//11023686/3437507/3.28/3.28//2008-9-18 14:38:10
68/600105/永鼎股份/3.260	17500	3.250	2800	3.240	3000	3.230	20000	3.220	22800	3.280	9100	3.290	28400	3.300	10000	3.310	2900	3.320	7000	/16842823//11059914/3448607/3.26/3.28//2008-9-18 14:39:11
68/600105/永鼎股份/3.280	800	3.270	28000	3.260	3000	3.250	5800	3.240	3000	3.290	12900	3.300	10000	3.310	2900	3.320	7000	3.330	40550	/16842823//11159723/3479007/3.28/3.28//2008-9-18 14:40:12
68/600105/永鼎股份/3.270	28000	3.260	3000	3.250	5800	3.240	3000	3.230	20000	3.280	2400	3.290	11400	3.300	10000	3.310	2900	3.320	9500	/16842823//11169563/3482007/3.28/3.28//2008-9-18 14:41:12
68/600105/永鼎股份/3.270	3000	3.260	3000	3.250	5800	3.240	3000	3.230	20000	3.280	5400	3.290	12000	3.300	10000	3.310	2900	3.320	9500	/16842823//11169890/3482107/3.27/3.28//2008-9-18 14:42:13
68/600105/永鼎股份/3.270	600	3.260	3000	3.250	5800	3.240	3000	3.230	20000	3.280	400	3.300	10200	3.310	2900	3.320	9800	3.330	42150	/16842823//11242459/3504207/3.27/3.28//2008-9-18 14:43:14
68/600105/永鼎股份/3.260	1500	3.250	5800	3.240	3000	3.230	20000	3.220	22800	3.270	2500	3.290	500	3.300	10200	3.310	2900	3.320	10300	/16842823//11247349/3505707/3.27/3.28//2008-9-18 14:44:14
68/600105/永鼎股份/3.250	5800	3.240	3800	3.230	20000	3.220	22800	3.210	28600	3.290	500	3.300	10600	3.310	2900	3.320	10300	3.330	42150	/16842823//11262044/3510207/3.27/3.28//2008-9-18 14:45:15
68/600105/永鼎股份/3.250	6600	3.240	4000	3.220	22800	3.210	28600	3.200	5600	3.270	1000	3.280	1100	3.290	15100	3.300	15600	3.310	2900	/16842823//11265294/3511207/3.25/3.28//2008-9-18 14:46:16
68/600105/永鼎股份/3.240	4000	3.220	22800	3.210	28600	3.200	5600	3.190	4200	3.250	200	3.270	4900	3.280	5600	3.290	10600	3.300	11100	/16842823//11286744/3517807/3.25/3.28//2008-9-18 14:47:16
68/600105/永鼎股份/3.240	200	3.220	22800	3.210	28600	3.200	5600	3.190	4200	3.250	39350	3.260	1300	3.270	4400	3.280	6600	3.290	10600	/16842823//11289344/3518607/3.25/3.28//2008-9-18 14:48:17
68/600105/永鼎股份/3.230	1000	3.220	22800	3.210	24600	3.200	5600	3.190	4200	3.240	3600	3.250	39350	3.260	3100	3.270	4400	3.280	2100	/16842823//11297120/3521007/3.24/3.28//2008-9-18 14:49:18
68/600105/永鼎股份/3.220	24800	3.210	24600	3.200	5600	3.190	4200	3.180	3100	3.230	3000	3.250	33450	3.260	3100	3.270	4400	3.280	2100	/16842823//11334753/3532607/3.25/3.28//2008-9-18 14:50:18
68/600105/永鼎股份/3.220	24800	3.210	24600	3.200	5600	3.190	4200	3.180	3100	3.230	18300	3.240	1800	3.250	48750	3.260	3100	3.270	4400	/16842823//11351226/3537707/3.23/3.28//2008-9-18 14:51:19
68/600105/永鼎股份/3.220	24600	3.210	24600	3.200	5600	3.190	4800	3.180	2100	3.230	16900	3.240	1800	3.250	48750	3.260	3100	3.270	4400	/16842823//11360914/3540707/3.23/3.28//2008-9-18 14:52:20
68/600105/永鼎股份/3.230	2700	3.220	24101	3.210	24600	3.200	5600	3.190	4200	3.240	1800	3.250	48750	3.260	3100	3.270	3900	3.280	2100	/16842823//11441282/3565606/3.23/3.28//2008-9-18 14:53:21
68/600105/永鼎股份/3.230	5200	3.220	23601	3.210	24600	3.200	5600	3.190	4200	3.250	1500	3.260	2300	3.270	3900	3.280	4100	3.290	11600	/16842823//11459716/3571306/3.23/3.28//2008-9-18 14:54:21
68/600105/永鼎股份/3.230	8900	3.220	23601	3.210	24600	3.200	5600	3.190	4200	3.250	400	3.260	2300	3.270	2900	3.280	4100	3.290	11600	/16842823//11474943/3576006/3.23/3.28//2008-9-18 14:55:22
68/600105/永鼎股份/3.250	1000	3.240	17000	3.230	11000	3.220	23501	3.210	24600	3.260	2300	3.270	2400	3.280	4700	3.290	11600	3.300	11800	/16842823//11470089/3574506/3.25/3.28//2008-9-18 14:56:23
68/600105/永鼎股份/3.250	4000	3.240	17000	3.230	11000	3.220	21501	3.210	24600	3.260	5100	3.270	35350	3.280	21700	3.290	11600	3.300	11800	/16842823//11547491/3598306/3.25/3.28//2008-9-18 14:57:23
68/600105/永鼎股份/3.250	2500	3.240	17000	3.230	11000	3.220	21201	3.210	24600	3.260	5400	3.270	35350	3.280	22700	3.290	8100	3.300	12700	/16842823//11556604/3601106/3.25/3.28//2008-9-18 14:58:24
68/600105/永鼎股份/3.260	2400	3.250	7500	3.240	17000	3.230	6000	3.220	21201	3.270	34350	3.280	5600	3.290	25100	3.300	12700	3.310	2900	/16842823//11587258/3610506/3.27/3.28//2008-9-18 14:59:25
68/600105/永鼎股份/3.240	15500	3.230	5900	3.220	17201	3.210	24600	3.200	5600	3.260	12100	3.270	34350	3.280	6000	3.290	25100	3.300	12700	/16842823//11615880/3619306/3.26/3.28//2008-9-18 15:0:26
68/600105/永鼎股份/3.240	15500	3.230	5900	3.220	17201	3.210	24600	3.200	5600	3.260	12100	3.270	34350	3.280	6000	3.290	25100	3.300	12700	/16842823//11615880/3619306/3.26/3.28//2008-9-18 15:1:26
68/600105/永鼎股份/3.240	15500	3.230	5900	3.220	17201	3.210	24600	3.200	5600	3.260	12100	3.270	34350	3.280	6000	3.290	25100	3.300	12700	/16842823//11615880/3619306/3.26/3.28//2008-9-18 15:2:27
