70/600107/美尔雅/6.270	11000	6.260	13770	6.250	13300	6.240	1900	6.230	500	6.300	2200	6.330	28400	6.340	500	6.350	39600	6.390	1000	/16842825//798235/126630/6.3/6.63//2008-9-18 9:31:34
70/600107/美尔雅/6.310	5000	6.300	3400	6.290	6600	6.280	20000	6.270	22400	6.320	5300	6.330	3100	6.340	500	6.350	38900	6.400	2700	/16842825//994314/157730/6.32/6.63//2008-9-18 9:32:35
70/600107/美尔雅/6.290	3300	6.280	21400	6.270	14200	6.260	13770	6.250	13800	6.300	2400	6.310	4810	6.320	4000	6.330	400	6.340	1900	/16842825//1400834/222130/6.3/6.63//2008-9-18 9:33:35
70/600107/美尔雅/6.320	1200	6.310	1900	6.300	14290	6.290	14900	6.280	21400	6.330	22200	6.340	1500	6.350	34200	6.400	2400	6.410	1600	/16842825//1587457/251740/6.33/6.63//2008-9-18 9:34:35
70/600107/美尔雅/6.320	400	6.310	400	6.300	290	6.290	13200	6.280	20400	6.330	20300	6.340	1800	6.350	5500	6.400	3200	6.410	1600	/16842825//1973788/312940/6.32/6.63//2008-9-18 9:35:35
70/600107/美尔雅/6.320	6000	6.310	10800	6.300	11100	6.290	5690	6.280	18700	6.330	1900	6.340	1500	6.350	3000	6.400	2200	6.450	6000	/16842825//2177468/345240/6.32/6.63//2008-9-18 9:36:36
70/600107/美尔雅/6.310	8000	6.300	12100	6.290	17790	6.280	19700	6.270	21700	6.330	2800	6.340	1500	6.350	3000	6.400	2200	6.450	7200	/16842825//2311432/366440/6.31/6.63//2008-9-18 9:37:36
70/600107/美尔雅/6.330	100	6.320	4200	6.310	7900	6.300	12900	6.290	20290	6.340	2000	6.350	2000	6.400	2200	6.450	7200	6.460	2000	/16842825//2374723/376440/6.33/6.63//2008-9-18 9:38:36
70/600107/美尔雅/6.310	7400	6.300	19100	6.290	18490	6.280	19700	6.270	22100	6.320	6549	6.330	4300	6.340	12000	6.350	2000	6.400	2200	/16842825//2446132/387740/6.32/6.63//2008-9-18 9:39:36
70/600107/美尔雅/6.350	5400	6.340	1500	6.330	2500	6.320	20951	6.310	4100	6.400	2200	6.450	7200	6.460	2000	6.470	800	6.480	3100	/16842825//2655784/420889/6.35/6.63//2008-9-18 9:40:36
70/600107/美尔雅/6.420	2700	6.400	5800	6.380	1400	6.360	10000	6.350	4300	6.450	5800	6.460	2000	6.470	800	6.480	3100	6.490	3500	/16842825//2742137/434389/6.45/6.63//2008-9-18 9:41:37
70/600107/美尔雅/6.400	5500	6.380	900	6.360	12000	6.350	900	6.330	3000	6.420	9300	6.430	2500	6.440	10200	6.450	19500	6.470	800	/16842825//2833301/448589/6.4/6.63//2008-9-18 9:42:37
70/600107/美尔雅/6.360	2000	6.350	1500	6.330	3500	6.320	13251	6.310	4400	6.370	800	6.380	5000	6.400	13701	6.410	900	6.420	9500	/16842825//2903596/459589/6.38/6.63//2008-9-18 9:43:37
70/600107/美尔雅/6.370	1400	6.360	699	6.350	1300	6.330	4700	6.320	13651	6.380	3900	6.400	13300	6.410	900	6.420	9500	6.440	7000	/16842825//2933523/464290/6.37/6.63//2008-9-18 9:44:37
70/600107/美尔雅/6.380	1100	6.370	6800	6.360	199	6.350	1600	6.330	5100	6.400	9800	6.410	900	6.420	9500	6.440	7000	6.450	19900	/16842825//3031789/479690/6.4/6.63//2008-9-18 9:45:37
70/600107/美尔雅/6.380	500	6.370	5800	6.360	10199	6.350	2500	6.330	5100	6.390	2991	6.400	12800	6.410	900	6.420	9500	6.440	7500	/16842825//3087330/488390/6.38/6.63//2008-9-18 9:46:38
70/600107/美尔雅/6.380	1200	6.370	5800	6.360	10499	6.350	3900	6.330	5100	6.390	2600	6.400	18100	6.410	900	6.420	9500	6.440	7500	/16842825//3114771/492690/6.39/6.63//2008-9-18 9:47:38
70/600107/美尔雅/6.380	12200	6.370	7700	6.360	10699	6.350	3600	6.330	5100	6.390	3200	6.400	12100	6.410	900	6.420	9500	6.440	7500	/16842825//3233649/511290/6.39/6.63//2008-9-18 9:48:38
70/600107/美尔雅/6.380	2100	6.360	10899	6.350	3600	6.330	4100	6.320	3451	6.390	2400	6.400	12100	6.410	300	6.420	9500	6.440	2000	/16842825//3455022/545990/6.39/6.63//2008-9-18 9:49:39
70/600107/美尔雅/6.400	20100	6.390	500	6.380	4300	6.370	2500	6.360	10899	6.410	2200	6.420	10700	6.440	2000	6.450	36600	6.460	700	/16842825//3644266/575590/6.41/6.63//2008-9-18 9:50:39
70/600107/美尔雅/6.370	800	6.360	10899	6.350	3800	6.330	3800	6.320	3051	6.380	2000	6.390	6500	6.400	17500	6.410	1600	6.420	9700	/16842825//3903149/616090/6.37/6.63//2008-9-18 9:51:39
70/600107/美尔雅/6.350	2600	6.330	4800	6.320	3051	6.310	4500	6.300	25700	6.360	6401	6.370	3000	6.380	4190	6.390	6900	6.400	8400	/16842825//3986419/629189/6.35/6.63//2008-9-18 9:52:39
70/600107/美尔雅/6.310	7000	6.300	15400	6.290	5990	6.280	15400	6.270	20500	6.320	949	6.330	11800	6.340	1000	6.350	5820	6.360	12901	/16842825//4047515/638840/6.32/6.63//2008-9-18 9:53:40
70/600107/美尔雅/6.280	11800	6.270	20500	6.260	19970	6.250	29500	6.240	1200	6.290	2300	6.300	4510	6.310	24700	6.320	1300	6.330	13800	/16842825//4362453/688830/6.3/6.63//2008-9-18 9:54:40
70/600107/美尔雅/6.250	18970	6.240	1200	6.220	1200	6.210	300	6.200	12200	6.260	1000	6.270	2900	6.280	14300	6.290	500	6.300	4800	/16842825//4819966/761830/6.25/6.63//2008-9-18 9:55:40
70/600107/美尔雅/6.260	19100	6.250	36070	6.240	1200	6.220	2400	6.210	31300	6.270	2099	6.280	6000	6.290	500	6.300	6300	6.310	21100	/16842825//4979252/787230/6.26/6.63//2008-9-18 9:56:41
70/600107/美尔雅/6.280	19200	6.270	2101	6.260	35600	6.250	32970	6.240	3200	6.290	500	6.300	6000	6.310	21100	6.330	13300	6.350	5020	/16842825//5141692/813129/6.28/6.63//2008-9-18 9:57:41
70/600107/美尔雅/6.290	1200	6.280	11800	6.270	2401	6.260	36600	6.250	33570	6.300	8100	6.310	500	6.330	7700	6.350	5000	6.360	5000	/16842825//5272564/833929/6.3/6.63//2008-9-18 9:58:41
70/600107/美尔雅/6.280	2900	6.270	5801	6.260	37500	6.250	32870	6.240	3200	6.290	4300	6.300	9120	6.310	500	6.330	7300	6.350	5200	/16842825//5341688/844929/6.28/6.63//2008-9-18 9:59:41
70/600107/美尔雅/6.270	8200	6.260	38900	6.250	32870	6.240	3200	6.220	4400	6.280	1899	6.290	10600	6.300	11720	6.310	500	6.330	7300	/16842825//5480432/867030/6.27/6.63//2008-9-18 10:0:42
70/600107/美尔雅/6.210	16800	6.200	18100	6.190	5000	6.180	2200	6.160	1100	6.220	14630	6.230	6800	6.240	4700	6.250	92780	6.260	34450	/16842825//6177518/978600/6.21/6.63//2008-9-18 10:1:42
70/600107/美尔雅/6.110	5300	6.100	7900	6.080	2200	6.070	1000	6.060	11200	6.140	1000	6.150	38302	6.160	2700	6.170	8300	6.180	9400	/16842825//6550172/1038800/6.15/6.18//2008-9-18 10:2:42
70/600107/美尔雅/6.060	4000	6.050	4100	6.040	6100	6.030	54400	6.020	55200	6.070	1800	6.100	11500	6.110	28849	6.140	4400	6.150	18600	/16842825//6822402/1083500/6.06/6.18//2008-9-18 10:3:42
70/600107/美尔雅/6.050	12790	6.040	15600	6.030	57500	6.020	56300	6.010	26100	6.060	600	6.070	2000	6.080	4000	6.090	1800	6.100	8800	/16842825//7203510/1146410/6.06/6.18//2008-9-18 10:4:43
70/600107/美尔雅/6.050	2400	6.040	21990	6.030	56700	6.020	159500	6.010	19600	6.060	13100	6.070	800	6.080	1800	6.090	2800	6.100	8300	/16842825//7642613/1218910/6.06/6.18//2008-9-18 10:5:43
70/600107/美尔雅/6.040	4390	6.030	23800	6.020	9500	6.010	21100	6.000	67700	6.050	259300	6.060	12700	6.070	4500	6.080	2800	6.090	4300	/16842825//7968580/1272810/6.04/6.18//2008-9-18 10:6:43
70/600107/美尔雅/6.010	18200	6.000	67000	5.990	5900	5.980	27700	5.970	145700	6.030	38600	6.040	37410	6.050	267400	6.060	5400	6.070	4000	/16842825//8235646/1317100/6.01/6.18//2008-9-18 10:7:44
70/600107/美尔雅/6.000	67900	5.990	5900	5.980	48400	5.970	166900	0.000	0	6.010	2000	6.030	4500	6.040	28010	6.050	8500	6.060	4900	/16842825//8875152/1423400/6.02/6.18//2008-9-18 10:8:44
70/600107/美尔雅/6.030	300	6.020	33300	6.010	24500	6.000	56800	5.990	25100	6.040	7110	6.050	8900	6.060	4800	6.070	4000	6.080	2300	/16842825//9389550/1508900/6.03/6.18//2008-9-18 10:9:44
70/600107/美尔雅/6.060	8692	6.050	36900	6.040	52390	6.030	16500	6.020	32300	6.080	1300	6.090	1000	6.100	6000	6.110	4300	6.140	1000	/16842825//9770236/1571718/6.06/6.18//2008-9-18 10:10:44
70/600107/美尔雅/6.110	3100	6.100	7600	6.090	34400	6.080	14500	6.070	12900	6.140	2000	6.160	5000	6.170	3200	6.180	1000	6.190	20700	/16842825//9964880/1603518/6.11/6.18//2008-9-18 10:11:45
70/600107/美尔雅/6.110	1500	6.100	28900	6.090	13900	6.080	20200	6.070	12100	6.150	12600	6.160	34450	6.170	36785	6.180	10800	6.190	20700	/16842825//10193440/1640718/6.11/6.18//2008-9-18 10:12:45
70/600107/美尔雅/6.090	13500	6.080	20200	6.070	11300	6.060	10700	6.050	18800	6.100	3800	6.120	1400	6.130	10100	6.140	23300	6.150	5100	/16842825//10456501/1683818/6.1/6.18//2008-9-18 10:13:45
70/600107/美尔雅/6.090	10000	6.080	19700	6.070	11300	6.060	10700	6.050	17900	6.100	1000	6.110	7100	6.120	29200	6.130	10100	6.140	19800	/16842825//10521121/1694418/6.09/6.18//2008-9-18 10:14:46
70/600107/美尔雅/6.110	7000	6.100	2200	6.090	1000	6.080	19800	6.070	11300	6.120	27700	6.130	4100	6.140	19800	6.150	7600	6.160	10100	/16842825//10704133/1724418/6.11/6.18//2008-9-18 10:15:46
70/600107/美尔雅/6.100	1400	6.090	5100	6.080	19800	6.070	10800	6.060	9700	6.120	410	6.130	1300	6.140	600	6.150	12500	6.160	8100	/16842825//11020822/1776218/6.1/6.18//2008-9-18 10:16:46
70/600107/美尔雅/6.140	500	6.120	1800	6.110	5100	6.100	3200	6.090	9200	6.150	5800	6.160	4100	6.170	3700	6.180	9400	6.190	20500	/16842825//11068249/1783918/6.14/6.18//2008-9-18 10:17:47
70/600107/美尔雅/6.160	1700	6.150	100	6.120	1700	6.110	1200	6.100	2200	6.170	6500	6.180	8900	6.190	500	6.200	6300	6.210	21700	/16842825//11155007/1798018/6.17/6.18//2008-9-18 10:18:47
70/600107/美尔雅/6.130	1600	6.120	1700	6.110	1200	6.100	3400	6.090	9100	6.150	1100	6.160	3900	6.170	500	6.180	9100	6.190	500	/16842825//11274540/1817418/6.15/6.18//2008-9-18 10:19:47
70/600107/美尔雅/6.140	600	6.130	2100	6.120	3800	6.110	1200	6.100	5600	6.150	300	6.160	1500	6.170	500	6.180	9100	6.190	1500	/16842825//11433837/1843318/6.16/6.18//2008-9-18 10:20:48
70/600107/美尔雅/6.140	1200	6.130	2600	6.120	4500	6.110	1000	6.100	28900	6.150	58154	6.160	3000	6.180	9200	6.190	5000	6.200	10800	/16842825//11684312/1884018/6.15/6.18//2008-9-18 10:21:48
70/600107/美尔雅/6.130	2900	6.120	4000	6.110	1300	6.100	27300	6.090	8900	6.150	13654	6.160	3200	6.170	3000	6.180	7800	6.190	1000	/16842825//11870637/1914318/6.15/6.18//2008-9-18 10:22:48
70/600107/美尔雅/6.150	2546	6.130	1400	6.120	4500	6.110	5200	6.100	28300	6.170	3000	6.180	7800	6.190	4000	6.200	11200	6.210	21000	/16842825//12034458/1940972/6.15/6.18//2008-9-18 10:23:48
70/600107/美尔雅/6.140	8100	6.130	9900	6.120	4500	6.110	5800	6.100	29300	6.150	1654	6.160	5475	6.170	4400	6.180	10800	6.190	4000	/16842825//12179803/1964618/6.15/6.18//2008-9-18 10:24:49
70/600107/美尔雅/6.130	9900	6.120	4500	6.110	5600	6.100	29500	6.090	10900	6.140	48200	6.150	4554	6.160	6075	6.170	4900	6.180	10800	/16842825//12364744/1994718/6.14/6.18//2008-9-18 10:25:49
70/600107/美尔雅/6.120	3500	6.110	5600	6.100	29500	6.090	10800	6.080	8700	6.130	16200	6.150	4554	6.160	6075	6.170	4900	6.180	10800	/16842825//12747482/2057118/6.13/6.18//2008-9-18 10:26:49
70/600107/美尔雅/6.120	16700	6.110	7600	6.100	28700	6.090	10800	6.080	9700	6.130	29400	6.150	5054	6.160	9475	6.170	5500	6.180	10800	/16842825//12970538/2093518/6.12/6.18//2008-9-18 10:27:50
70/600107/美尔雅/6.130	10700	6.120	21400	6.110	6400	6.100	29900	6.090	10800	6.160	1929	6.170	5500	6.180	10800	6.190	5500	6.200	20900	/16842825//13355900/2156318/6.16/6.18//2008-9-18 10:28:50
70/600107/美尔雅/6.160	500	6.150	700	6.140	12671	6.130	20500	6.120	17400	6.170	1000	6.180	4000	6.190	5500	6.200	21800	6.210	21000	/16842825//13508161/2181047/6.18/6.18//2008-9-18 10:29:50
70/600107/美尔雅/6.180	4999	6.170	3600	6.160	2700	6.150	1800	6.140	11471	6.210	8200	6.220	800	6.250	9800	6.270	5000	6.280	2799	/16842825//13816187/2230748/6.21/6.18//2008-9-18 10:30:51
70/600107/美尔雅/6.200	3300	6.190	1190	6.180	4999	6.160	800	6.150	1800	6.210	800	6.240	1500	6.250	6800	6.270	5000	6.280	2799	/16842825//14067531/2271258/6.2/6.18//2008-9-18 10:31:51
70/600107/美尔雅/6.160	800	6.150	1800	6.140	11471	6.130	19200	6.120	32600	6.180	2000	6.200	10911	6.210	24085	6.220	13050	6.230	1000	/16842825//14251292/2300947/6.18/6.18//2008-9-18 10:32:51
70/600107/美尔雅/6.160	1400	6.150	2100	6.140	11471	6.130	19200	6.120	32600	6.180	750	6.190	6300	6.200	20521	6.210	19085	6.220	800	/16842825//14388680/2323147/6.18/6.18//2008-9-18 10:33:52
70/600107/美尔雅/6.180	6550	6.160	1400	6.150	4300	6.140	11471	6.130	19200	6.190	5100	6.200	24521	6.210	18285	6.220	800	6.240	7400	/16842825//14495315/2340397/6.18/6.18//2008-9-18 10:34:52
70/600107/美尔雅/6.150	4100	6.140	11471	6.130	19200	6.120	32600	6.110	2700	6.200	5671	6.210	18085	6.220	800	6.240	7400	6.250	7800	/16842825//14730887/2378447/6.2/6.18//2008-9-18 10:35:52
70/600107/美尔雅/6.160	1200	6.150	5300	6.140	11471	6.130	19200	6.120	32600	6.180	1500	6.190	2500	6.200	12171	6.210	1000	6.220	300	/16842825//14735815/2379247/6.16/6.18//2008-9-18 10:36:53
70/600107/美尔雅/6.180	9700	6.160	21100	6.150	5300	6.140	12471	6.130	19200	6.200	7071	6.210	1400	6.220	300	6.230	2400	6.240	7500	/16842825//14824355/2393547/6.18/6.18//2008-9-18 10:37:53
70/600107/美尔雅/6.180	12200	6.160	21100	6.150	5300	6.140	12471	6.130	19200	6.200	8471	6.210	2100	6.220	300	6.230	2400	6.240	7500	/16842825//14969067/2416947/6.2/6.18//2008-9-18 10:38:53
70/600107/美尔雅/6.200	5700	6.190	11500	6.180	24400	6.160	21100	6.150	7100	6.210	2100	6.220	1300	6.230	500	6.240	7500	6.250	8800	/16842825//15036635/2427847/6.2/6.18//2008-9-18 10:39:54
70/600107/美尔雅/6.210	500	6.200	3900	6.190	11500	6.180	24900	6.160	21100	6.220	1500	6.230	500	6.240	6500	6.250	8800	6.260	500	/16842825//15167484/2448947/6.2/6.18//2008-9-18 10:40:54
70/600107/美尔雅/6.220	2700	6.210	1000	6.200	1300	6.190	11000	6.180	24900	6.230	500	6.240	7400	6.250	8800	6.260	500	6.270	10000	/16842825//15202273/2454547/6.22/6.18//2008-9-18 10:41:54
70/600107/美尔雅/6.190	10000	6.180	22400	6.160	800	6.150	4000	6.140	11800	6.200	6200	6.220	4900	6.230	7200	6.240	7400	6.250	8600	/16842825//15276850/2466547/6.2/6.18//2008-9-18 10:42:55
70/600107/美尔雅/6.200	11101	6.190	9300	6.180	22400	6.160	800	6.150	4400	6.220	5120	6.230	7200	6.240	7400	6.250	8600	6.260	1700	/16842825//15420057/2489646/6.2/6.18//2008-9-18 10:43:55
70/600107/美尔雅/6.200	2101	6.190	200	6.180	22400	6.160	800	6.150	4400	6.210	1300	6.220	2820	6.230	7200	6.240	7400	6.250	8600	/16842825//15695246/2534046/6.2/6.18//2008-9-18 10:44:56
70/600107/美尔雅/6.180	22400	6.150	4400	6.140	11800	6.130	31800	6.120	32000	6.200	7499	6.210	900	6.220	4620	6.230	7300	6.240	7400	/16842825//15917844/2569947/6.2/6.18//2008-9-18 10:45:56
70/600107/美尔雅/6.140	20600	6.130	29000	6.120	32000	6.110	2700	6.100	9100	6.180	6360	6.190	10200	6.200	13999	6.220	4600	6.230	7300	/16842825//16238054/2621847/6.18/6.18//2008-9-18 10:46:56
70/600107/美尔雅/6.140	13500	6.130	29300	6.120	33000	6.110	2700	6.100	11200	6.150	8000	6.160	4000	6.180	69620	6.190	24840	6.200	15100	/16842825//16482550/2661447/6.14/6.18//2008-9-18 10:47:57
70/600107/美尔雅/6.150	1300	6.130	11100	6.120	32000	6.110	1700	6.100	9500	6.160	3400	6.170	1900	6.180	67520	6.190	33240	6.200	24700	/16842825//16814126/2715447/6.15/6.18//2008-9-18 10:48:57
70/600107/美尔雅/6.150	2700	6.130	1500	6.120	18315	6.110	11800	6.100	19500	6.160	4700	6.170	2100	6.180	67520	6.190	32240	6.200	26700	/16842825//17052502/2754332/6.15/6.18//2008-9-18 10:49:57
70/600107/美尔雅/6.110	4800	6.100	23700	6.090	4400	6.080	10700	6.070	600	6.120	1300	6.130	485	6.160	1300	6.170	2100	6.180	8200	/16842825//17320164/2798047/6.11/6.18//2008-9-18 10:50:58
70/600107/美尔雅/6.150	600	6.120	4015	6.110	16100	6.100	33400	6.090	4400	6.160	2000	6.170	2100	6.180	10399	6.190	32240	6.200	29600	/16842825//17466946/2821932/6.15/6.18//2008-9-18 10:51:58
70/600107/美尔雅/6.120	3715	6.110	16100	6.100	53500	6.090	4400	6.080	9700	6.150	8553	6.160	12000	6.170	2100	6.180	8899	6.190	32240	/16842825//17629920/2848432/6.15/6.18//2008-9-18 10:52:58
70/600107/美尔雅/6.110	17200	6.100	53600	6.090	4500	6.080	9700	6.070	600	6.150	2100	6.160	11838	6.170	2100	6.180	8899	6.190	32240	/16842825//17861024/2886047/6.16/6.18//2008-9-18 10:53:59
70/600107/美尔雅/6.120	3200	6.110	17100	6.100	53400	6.090	4900	6.080	9700	6.150	15138	6.160	3300	6.170	1000	6.180	8899	6.190	32240	/16842825//18681640/3019447/6.15/6.18//2008-9-18 10:54:59
70/600107/美尔雅/6.130	100	6.120	5500	6.110	17600	6.100	63400	6.090	4900	6.150	500	6.160	4138	6.170	200	6.180	8899	6.190	32240	/16842825//18696974/3021947/6.16/6.18//2008-9-18 10:56:0
70/600107/美尔雅/6.170	3800	6.160	2200	6.150	1500	6.130	11200	6.120	4500	6.180	17799	6.190	32240	6.200	34800	6.220	4800	6.230	400	/16842825//18806618/3039747/6.17/6.18//2008-9-18 10:57:0
70/600107/美尔雅/6.130	7300	6.120	7800	6.110	5100	6.100	63400	6.090	4900	6.160	6820	6.170	2200	6.180	15899	6.190	32240	6.200	33600	/16842825//19607184/3169747/6.13/6.18//2008-9-18 10:58:0
70/600107/美尔雅/6.130	5680	6.120	7800	6.110	15300	6.100	65400	6.090	4900	6.170	2500	6.180	16199	6.190	32240	6.200	32100	6.220	4800	/16842825//19783842/3198467/6.13/6.18//2008-9-18 10:59:1
70/600107/美尔雅/6.120	7800	6.110	14300	6.100	65400	6.090	4900	6.080	9700	6.130	4420	6.150	400	6.160	2600	6.170	8050	6.180	15899	/16842825//19832782/3206447/6.13/6.18//2008-9-18 11:0:1
70/600107/美尔雅/6.130	7020	6.120	5800	6.110	14300	6.100	65400	6.090	4900	6.140	1400	6.150	6500	6.160	3700	6.170	7550	6.180	15899	/16842825//20140366/3256627/6.13/6.18//2008-9-18 11:1:2
70/600107/美尔雅/6.130	37907	6.120	5800	6.110	14100	6.100	55400	6.090	4900	6.140	2000	6.150	4700	6.160	3500	6.170	6250	6.180	16099	/16842825//20332408/3287940/6.14/6.18//2008-9-18 11:2:2
70/600107/美尔雅/6.140	6300	6.130	36817	6.120	5800	6.110	15600	6.100	55400	6.150	4800	6.160	3500	6.170	5900	6.180	16099	6.190	32740	/16842825//20421978/3302530/6.14/6.18//2008-9-18 11:3:2
70/600107/美尔雅/6.130	31717	6.120	5800	6.110	15600	6.100	55400	6.090	4900	6.140	5100	6.150	12000	6.160	3500	6.170	5900	6.180	16099	/16842825//20469248/3310230/6.13/6.18//2008-9-18 11:4:3
70/600107/美尔雅/6.150	14200	6.140	16100	6.130	28817	6.120	6800	6.110	15600	6.160	4100	6.170	5900	6.180	14799	6.190	32740	6.200	36300	/16842825//20619760/3334730/6.15/6.18//2008-9-18 11:5:3
70/600107/美尔雅/6.160	7900	6.150	15700	6.140	15800	6.130	18517	6.120	6800	6.190	24339	6.200	36300	6.220	4800	6.230	400	6.240	7400	/16842825//20838382/3370130/6.19/6.18//2008-9-18 11:6:4
70/600107/美尔雅/6.200	2200	6.190	100	6.180	800	6.170	7361	6.160	10000	6.210	1000	6.220	2400	6.230	5400	6.240	7400	6.250	8900	/16842825//21271156/3439969/6.2/6.18//2008-9-18 11:7:4
70/600107/美尔雅/6.250	4100	6.240	1000	6.230	7200	6.220	3200	6.210	5800	6.260	1700	6.270	10000	6.280	6499	6.300	18950	6.310	500	/16842825//21595620/3491969/6.25/6.18//2008-9-18 11:8:4
70/600107/美尔雅/6.230	4200	6.220	3200	6.210	500	6.200	30400	6.170	461	6.240	1900	6.250	5000	6.260	2679	6.270	5000	6.280	7499	/16842825//21653060/3501169/6.23/6.18//2008-9-18 11:9:5
70/600107/美尔雅/6.260	3601	6.250	9900	6.240	400	6.230	3700	6.220	3200	6.270	5700	6.280	12999	6.300	16850	6.310	500	6.330	4400	/16842825//21793808/3523688/6.26/6.18//2008-9-18 11:10:5
70/600107/美尔雅/6.250	5801	6.230	3300	6.220	3200	6.210	200	6.200	30400	6.260	4400	6.270	8300	6.280	17999	6.290	600	6.300	20450	/16842825//21890046/3539068/6.25/6.18//2008-9-18 11:11:6
70/600107/美尔雅/6.210	200	6.200	30400	6.170	261	6.160	3000	6.150	14100	6.220	4100	6.230	3500	6.240	400	6.250	20709	6.260	1500	/16842825//22002476/3557069/6.22/6.18//2008-9-18 11:12:6
70/600107/美尔雅/6.210	2700	6.200	25200	6.170	261	6.150	14100	6.140	700	6.220	4800	6.230	9400	6.240	10000	6.250	12009	6.260	1200	/16842825//22090556/3571269/6.21/6.18//2008-9-18 11:13:7
70/600107/美尔雅/6.200	97400	6.170	261	6.160	2000	6.150	34500	6.140	700	6.210	2700	6.220	4200	6.230	9400	6.240	9500	6.250	40209	/16842825//22124066/3576669/6.2/6.18//2008-9-18 11:14:7
70/600107/美尔雅/6.220	200	6.210	24900	6.200	96900	6.180	100	6.170	261	6.230	700	6.240	9500	6.250	40159	6.260	1300	6.270	8300	/16842825//22244588/3596069/6.22/6.18//2008-9-18 11:15:7
70/600107/美尔雅/6.230	2200	6.220	14100	6.210	13800	6.200	97900	6.180	100	6.240	3800	6.250	39159	6.260	1300	6.270	8300	6.280	16399	/16842825//22375260/3617069/6.22/6.18//2008-9-18 11:16:8
70/600107/美尔雅/6.230	5300	6.220	6600	6.210	13500	6.200	102100	6.180	100	6.240	900	6.250	36259	6.260	1300	6.270	9300	6.280	16399	/16842825//22553622/3645669/6.23/6.18//2008-9-18 11:17:8
70/600107/美尔雅/6.240	1350	6.230	4000	6.220	6600	6.210	13500	6.200	102100	6.250	36259	6.260	2200	6.270	9300	6.280	11399	6.290	1300	/16842825//22580122/3649919/6.24/6.18//2008-9-18 11:18:9
70/600107/美尔雅/6.230	600	6.220	6600	6.210	13500	6.200	101400	6.180	100	6.250	14209	6.260	2200	6.270	9300	6.280	12399	6.290	1100	/16842825//22774688/3681069/6.23/6.18//2008-9-18 11:19:9
70/600107/美尔雅/6.200	117600	6.180	100	6.170	261	6.160	2000	6.150	44500	6.210	21200	6.220	800	6.230	2050	6.240	300	6.250	14209	/16842825//22916396/3703869/6.21/6.18//2008-9-18 11:20:10
70/600107/美尔雅/6.180	1600	6.170	261	6.160	2000	6.150	44500	6.140	700	6.200	9200	6.210	3500	6.230	2750	6.240	300	6.250	7909	/16842825//24038090/3884669/6.2/6.18//2008-9-18 11:21:10
70/600107/美尔雅/6.200	19100	6.180	600	6.170	261	6.150	44500	6.140	700	6.210	2500	6.220	500	6.230	3250	6.240	300	6.250	11608	/16842825//24264380/3921169/6.2/6.18//2008-9-18 11:22:10
70/600107/美尔雅/6.200	15900	6.180	2000	6.170	261	6.160	15500	6.150	44500	6.210	1500	6.220	500	6.230	2750	6.240	2000	6.250	14108	/16842825//24490690/3957669/6.2/6.18//2008-9-18 11:23:11
70/600107/美尔雅/6.180	6000	6.170	261	6.160	15500	6.150	44500	6.140	500	6.210	6300	6.220	700	6.230	22750	6.240	2000	6.250	15108	/16842825//24563244/3969369/6.21/6.18//2008-9-18 11:24:11
70/600107/美尔雅/6.180	4503	6.170	761	6.160	15500	6.150	44500	6.140	500	6.190	500	6.210	6600	6.220	1600	6.230	23249	6.240	2000	/16842825//24904736/4024466/6.18/6.18//2008-9-18 11:25:12
70/600107/美尔雅/6.160	15500	6.150	44500	6.140	500	6.130	6617	6.120	16800	6.170	1136	6.180	2600	6.190	200	6.200	3500	6.210	8000	/16842825//24950850/4031930/6.17/6.18//2008-9-18 11:26:12
70/600107/美尔雅/6.160	12600	6.150	44500	6.140	500	6.130	6617	6.120	16800	6.170	2236	6.180	5900	6.190	200	6.200	12900	6.210	8099	/16842825//24975494/4035930/6.16/6.18//2008-9-18 11:27:13
70/600107/美尔雅/6.160	2100	6.150	44300	6.140	500	6.130	6617	6.120	16800	6.170	1936	6.180	5300	6.190	200	6.200	13400	6.210	8099	/16842825//25046334/4047430/6.16/6.18//2008-9-18 11:28:13
70/600107/美尔雅/6.170	4223	6.160	20800	6.150	42800	6.140	500	6.130	7917	6.180	5300	6.190	200	6.200	14000	6.210	8099	6.220	19200	/16842825//25153432/4064807/6.17/6.18//2008-9-18 11:29:14
70/600107/美尔雅/6.160	28523	6.150	43000	6.140	500	6.130	7917	6.120	16800	6.170	300	6.180	5500	6.190	200	6.200	13900	6.210	8099	/16842825//25320462/4091907/6.16/6.18//2008-9-18 11:30:14
70/600107/美尔雅/6.160	28523	6.150	43000	6.140	500	6.130	7917	6.120	16800	6.170	300	6.180	5500	6.190	200	6.200	13900	6.210	8099	/16842825//25320462/4091907/6.16/6.18//2008-9-18 11:31:15
70/600107/美尔雅/6.120	12717	6.110	8500	6.100	55100	6.090	4400	6.080	10200	6.150	1677	6.160	36400	6.170	2600	6.180	6100	6.190	5000	/16842825//26264258/4245330/6.12/6.18//2008-9-18 13:1:15
70/600107/美尔雅/6.100	30300	6.090	4400	6.080	10200	6.070	600	6.060	9700	6.120	11583	6.140	7100	6.150	700	6.160	11777	6.170	2600	/16842825//27062852/4375747/6.1/6.18//2008-9-18 13:2:16
70/600107/美尔雅/6.130	800	6.120	3000	6.110	8800	6.100	31300	6.090	4400	6.150	7583	6.160	13377	6.170	2600	6.180	6100	6.190	5000	/16842825//27271260/4409747/6.13/6.18//2008-9-18 13:3:16
70/600107/美尔雅/6.150	13917	6.130	1200	6.110	10800	6.100	34300	6.090	4400	6.160	8277	6.170	2600	6.180	6100	6.190	15000	6.200	23900	/16842825//27539934/4453430/6.16/6.18//2008-9-18 13:4:17
70/600107/美尔雅/6.150	18817	6.130	200	6.120	1000	6.110	10800	6.100	34300	6.160	3577	6.170	7900	6.180	7700	6.190	5000	6.200	23900	/16842825//27706652/4480530/6.15/6.18//2008-9-18 13:5:17
70/600107/美尔雅/6.150	11717	6.130	200	6.120	8000	6.110	11300	6.100	34300	6.160	1477	6.170	7900	6.180	8700	6.190	6000	6.200	24300	/16842825//27766948/4490330/6.16/6.18//2008-9-18 13:6:18
70/600107/美尔雅/6.160	2300	6.150	7940	6.130	200	6.120	8000	6.110	11800	6.170	4400	6.180	8700	6.190	6000	6.200	34100	6.210	8199	/16842825//27853086/4504307/6.17/6.18//2008-9-18 13:7:18
70/600107/美尔雅/6.150	7340	6.130	200	6.120	8000	6.110	11800	6.100	34000	6.160	5200	6.170	1600	6.180	9000	6.190	7100	6.200	34500	/16842825//27912876/4514007/6.15/6.18//2008-9-18 13:8:19
70/600107/美尔雅/6.150	28540	6.140	900	6.130	2200	6.120	8000	6.110	11300	6.160	7100	6.170	1000	6.180	9000	6.190	7100	6.200	40000	/16842825//27977492/4524507/6.16/6.18//2008-9-18 13:9:19
70/600107/美尔雅/6.170	600	6.160	1200	6.150	23140	6.140	900	6.130	2300	6.180	10000	6.190	9900	6.200	41000	6.210	8199	6.220	20000	/16842825//28066758/4539007/6.17/6.18//2008-9-18 13:10:20
70/600107/美尔雅/6.160	500	6.150	19040	6.130	2300	6.120	5000	6.110	11300	6.170	1000	6.180	10000	6.190	10400	6.200	41800	6.210	8199	/16842825//28135734/4550207/6.16/6.18//2008-9-18 13:11:20
70/600107/美尔雅/6.130	2300	6.120	5000	6.110	11300	6.100	34000	6.090	4400	6.150	5760	6.160	17500	6.170	1000	6.180	11000	6.190	10400	/16842825//28263302/4570947/6.15/6.18//2008-9-18 13:12:21
70/600107/美尔雅/6.150	5150	6.130	300	6.120	5000	6.110	11300	6.100	34000	6.160	23000	6.170	4300	6.180	11000	6.190	9300	6.200	36900	/16842825//28393374/4592097/6.15/6.18//2008-9-18 13:13:21
70/600107/美尔雅/6.130	500	6.120	5000	6.110	11300	6.100	34000	6.090	4400	6.140	300	6.150	350	6.160	27000	6.170	4300	6.180	9400	/16842825//28609544/4627247/6.14/6.18//2008-9-18 13:14:22
70/600107/美尔雅/6.110	11300	6.100	34000	6.090	4400	6.080	10200	6.070	600	6.120	1949	6.140	5900	6.150	1000	6.160	24800	6.170	100	/16842825//28966642/4685347/6.12/6.18//2008-9-18 13:15:22
70/600107/美尔雅/6.130	11400	6.120	90597	6.110	15700	6.100	34600	6.090	4400	6.140	1800	6.150	6149	6.160	24400	6.170	100	6.180	9400	/16842825//29180080/4720150/6.13/6.18//2008-9-18 13:16:23
70/600107/美尔雅/6.140	35900	6.130	65500	6.120	90597	6.110	15700	6.100	34600	6.150	3649	6.160	16400	6.180	9400	6.190	9400	6.200	37400	/16842825//29405682/4756850/6.15/6.18//2008-9-18 13:17:23
70/600107/美尔雅/6.150	18000	6.140	9951	6.130	74500	6.120	90097	6.110	2500	6.160	13500	6.180	9400	6.190	11000	6.200	37600	6.210	8399	/16842825//29654364/4797299/6.16/6.18//2008-9-18 13:18:24
70/600107/美尔雅/6.150	5400	6.140	11951	6.130	66900	6.120	90097	6.110	2500	6.160	14000	6.180	9400	6.190	11000	6.200	47600	6.210	8399	/16842825//29744770/4811999/6.15/6.18//2008-9-18 13:19:24
70/600107/美尔雅/6.150	6400	6.140	9451	6.130	66900	6.120	90097	6.110	2500	6.160	300	6.180	11400	6.190	11000	6.200	50100	6.210	9899	/16842825//29975046/4849399/6.15/6.18//2008-9-18 13:20:25
70/600107/美尔雅/6.140	9051	6.130	66900	6.120	90097	6.110	500	6.100	34600	6.150	3500	6.180	5000	6.190	11000	6.200	41100	6.210	9899	/16842825//30196422/4885299/6.18/6.18//2008-9-18 13:21:25
70/600107/美尔雅/6.180	800	6.170	5600	6.160	14000	6.150	61500	6.140	4351	6.190	11000	6.200	40100	6.210	9899	6.220	1700	6.230	21250	/16842825//30361048/4911999/6.18/6.18//2008-9-18 13:22:26
70/600107/美尔雅/6.190	300	6.170	4400	6.160	9400	6.150	61600	6.140	4351	6.200	35300	6.210	8899	6.220	1700	6.230	21550	6.240	2100	/16842825//30404360/4918999/6.19/6.18//2008-9-18 13:23:26
70/600107/美尔雅/6.200	52600	6.190	4600	6.180	2500	6.170	4400	6.160	9700	6.210	2000	6.220	600	6.230	21450	6.240	2100	6.250	29309	/16842825//30643084/4957499/6.21/6.18//2008-9-18 13:24:27
70/600107/美尔雅/6.220	4700	6.210	4400	6.200	43000	6.180	2500	6.170	400	6.230	12250	6.240	2100	6.250	29309	6.260	2300	6.270	3000	/16842825//30733930/4972099/6.23/6.18//2008-9-18 13:25:27
70/600107/美尔雅/6.230	4650	6.220	2600	6.210	2900	6.200	32000	6.180	2500	6.240	4500	6.250	25309	6.260	2300	6.270	3000	6.280	15299	/16842825//30830170/4987549/6.23/6.18//2008-9-18 13:26:28
70/600107/美尔雅/6.220	2500	6.210	2400	6.200	32000	6.180	2500	6.160	9400	6.230	6250	6.240	29400	6.250	25509	6.260	2300	6.270	4000	/16842825//30876610/4994999/6.22/6.18//2008-9-18 13:27:28
70/600107/美尔雅/6.200	26900	6.180	3000	6.160	8900	6.150	56600	6.140	400	6.220	22200	6.230	8300	6.240	20000	6.250	29309	6.260	2300	/16842825//30929378/5003499/6.2/6.18//2008-9-18 13:28:29
70/600107/美尔雅/6.220	30101	6.210	700	6.200	24500	6.180	2500	6.160	8600	6.230	8300	6.240	20000	6.250	35309	6.260	2300	6.270	4100	/16842825//31108460/5032298/6.22/6.18//2008-9-18 13:29:29
70/600107/美尔雅/6.230	13900	6.220	22602	6.210	2100	6.200	25100	6.180	3200	6.240	3800	6.250	29509	6.260	2300	6.270	4100	6.280	14299	/16842825//31376456/5075297/6.23/6.18//2008-9-18 13:30:30
70/600107/美尔雅/6.240	1100	6.230	11710	6.220	23602	6.210	1600	6.200	25100	6.250	23309	6.260	2300	6.270	4100	6.280	14499	6.290	1600	/16842825//31454420/5087787/6.25/6.18//2008-9-18 13:31:30
70/600107/美尔雅/6.250	4791	6.240	3100	6.230	11410	6.220	23602	6.200	25100	6.260	1100	6.270	4100	6.280	13499	6.290	1000	6.300	32800	/16842825//31691398/5125696/6.25/6.18//2008-9-18 13:32:31
70/600107/美尔雅/6.280	4000	6.270	3000	6.260	3700	6.250	11791	6.240	1700	6.360	1500	6.370	3300	6.380	1400	6.400	27100	6.410	4900	/16842825//32192280/5205193/6.3/6.18//2008-9-18 13:33:31
70/600107/美尔雅/6.390	3400	6.360	8800	6.350	600	6.300	9200	6.280	1300	6.400	500	6.410	5400	6.420	1000	6.430	700	6.440	6600	/16842825//32501526/5253593/6.39/6.18//2008-9-18 13:34:32
70/600107/美尔雅/6.380	200	6.370	10900	6.360	9091	6.300	7900	6.280	500	6.400	2700	6.430	1200	6.440	26400	6.450	14000	6.460	1700	/16842825//32860020/5309402/6.41/6.18//2008-9-18 13:35:32
70/600107/美尔雅/6.360	8391	6.300	2500	6.280	500	6.270	1000	6.260	1200	6.380	8000	6.400	9200	6.410	3400	6.420	5600	6.430	13064	/16842825//33025288/5335302/6.38/6.18//2008-9-18 13:36:33
70/600107/美尔雅/6.300	2700	6.280	500	6.270	1000	6.260	1200	6.250	33591	6.360	4809	6.370	1700	6.380	1200	6.390	900	6.400	9100	/16842825//33193402/5361693/6.36/6.18//2008-9-18 13:37:34
70/600107/美尔雅/6.300	4800	6.280	500	6.270	1000	6.260	6200	6.250	30500	6.350	1000	6.360	4209	6.370	1700	6.380	1700	6.390	900	/16842825//33202302/5363093/6.35/6.18//2008-9-18 13:38:34
70/600107/美尔雅/6.300	3700	6.280	500	6.270	1000	6.260	6200	6.250	31000	6.330	300	6.340	9200	6.350	12100	6.360	4009	6.370	1700	/16842825//33263490/5372793/6.3/6.18//2008-9-18 13:39:35
70/600107/美尔雅/6.300	3600	6.270	5400	6.260	7900	6.250	16100	6.240	500	6.310	600	6.320	5000	6.330	300	6.350	12100	6.360	4009	/16842825//33278628/5375193/6.31/6.18//2008-9-18 13:40:35
70/600107/美尔雅/6.310	7560	6.300	3700	6.270	5400	6.260	10900	6.250	16100	6.320	6100	6.330	300	6.340	800	6.350	12300	6.360	4009	/16842825//33302238/5378933/6.31/6.18//2008-9-18 13:41:36
70/600107/美尔雅/6.350	14500	6.340	2200	6.330	5500	6.320	14400	6.310	7060	6.360	900	6.370	1700	6.380	1400	6.390	5200	6.400	10200	/16842825//33441686/5400933/6.35/6.18//2008-9-18 13:42:36
70/600107/美尔雅/6.370	600	6.360	1300	6.350	11700	6.340	6000	6.330	3600	6.380	100	6.390	5200	6.400	8900	6.410	1900	6.420	6000	/16842825//33555488/5418833/6.38/6.18//2008-9-18 13:43:37
70/600107/美尔雅/6.400	18300	6.390	5000	6.380	2100	6.370	1200	6.360	100	6.410	9000	6.420	5400	6.430	7800	6.440	18800	6.450	17400	/16842825//33761456/5451033/6.4/6.18//2008-9-18 13:44:37
70/600107/美尔雅/6.450	33100	6.430	500	6.420	200	6.410	8200	6.400	17000	6.460	1700	6.470	1500	6.480	1250	6.490	6000	6.500	29660	/16842825//34248400/5526733/6.45/6.18//2008-9-18 13:45:38
70/600107/美尔雅/6.480	44800	6.470	9000	6.460	1500	6.450	30200	6.430	1300	6.490	11564	6.500	31860	6.510	1300	6.520	1500	6.530	2000	/16842825//34570164/5576433/6.48/6.18//2008-9-18 13:46:39
70/600107/美尔雅/6.450	30300	6.430	3300	6.420	2500	6.410	60500	6.400	92700	6.460	300	6.480	12200	6.490	34000	6.500	13124	6.510	1300	/16842825//35076216/5654433/6.46/6.18//2008-9-18 13:47:39
70/600107/美尔雅/6.450	15400	6.430	4200	6.420	2500	6.410	60500	6.400	84000	6.460	15700	6.470	10600	6.480	23071	6.490	34100	6.500	14724	/16842825//35423240/5708133/6.45/6.18//2008-9-18 13:48:40
70/600107/美尔雅/6.410	56500	6.400	83000	6.390	100	6.380	400	6.370	56700	6.430	600	6.440	500	6.450	25708	6.460	13900	6.470	3500	/16842825//35619088/5738533/6.43/6.18//2008-9-18 13:49:40
70/600107/美尔雅/6.410	43800	6.400	83000	6.390	100	6.380	400	6.370	56700	6.420	900	6.430	4400	6.440	3400	6.450	29209	6.460	10100	/16842825//35710780/5752833/6.41/6.18//2008-9-18 13:50:41
70/600107/美尔雅/6.410	8231	6.400	83800	6.390	100	6.370	56700	6.360	56900	6.430	1300	6.440	2999	6.450	38909	6.460	10100	6.470	29500	/16842825//35995312/5797202/6.41/6.18//2008-9-18 13:51:41
70/600107/美尔雅/6.400	71100	6.390	100	6.380	5000	6.370	56700	6.360	56900	6.410	19569	6.420	700	6.430	4600	6.440	9199	6.450	33709	/16842825//36164608/5823633/6.4/6.18//2008-9-18 13:52:42
70/600107/美尔雅/6.390	100	6.380	5000	6.370	56700	6.360	56900	6.350	88000	6.400	17629	6.410	18769	6.420	1200	6.430	15700	6.440	9199	/16842825//36653600/5900033/6.4/6.18//2008-9-18 13:53:42
70/600107/美尔雅/6.380	11600	6.370	56700	6.360	56900	6.350	88000	6.340	6000	6.390	8780	6.400	21429	6.410	15469	6.420	1900	6.430	25200	/16842825//36704028/5907933/6.38/6.18//2008-9-18 13:54:43
70/600107/美尔雅/6.380	6500	6.370	56700	6.360	56900	6.350	88000	6.340	6000	6.390	2980	6.400	19129	6.410	15469	6.420	1900	6.430	25700	/16842825//36943572/5945433/6.39/6.18//2008-9-18 13:55:44
70/600107/美尔雅/6.400	10100	6.390	22000	6.380	9491	6.370	56700	6.360	56900	6.410	12469	6.420	2400	6.430	25300	6.440	9499	6.450	23900	/16842825//37117612/5972642/6.4/6.18//2008-9-18 13:56:44
70/600107/美尔雅/6.420	100	6.410	16431	6.400	9876	6.390	12000	6.380	8791	6.430	25000	6.440	9199	6.450	23500	6.460	3100	6.470	29000	/16842825//37257964/5994535/6.42/6.18//2008-9-18 13:57:45
70/600107/美尔雅/6.410	15031	6.400	8876	6.390	12000	6.380	10291	6.370	56700	6.420	2900	6.430	13900	6.440	11199	6.450	23500	6.460	2600	/16842825//37286812/5999035/6.43/6.18//2008-9-18 13:58:45
70/600107/美尔雅/6.410	3981	6.400	4876	6.390	21000	6.380	2791	6.370	56900	6.420	12500	6.430	13300	6.440	10699	6.450	17800	6.460	6200	/16842825//37439156/6022785/6.41/6.18//2008-9-18 13:59:46
70/600107/美尔雅/6.390	20800	6.380	25500	6.370	56900	6.360	56900	6.350	87500	6.400	5400	6.410	12143	6.420	11300	6.430	13800	6.440	10199	/16842825//37532440/6037342/6.39/6.18//2008-9-18 14:0:47
70/600107/美尔雅/6.370	43600	6.360	56900	6.350	87500	6.340	6000	6.330	56700	6.380	6000	6.390	8300	6.400	15100	6.410	15443	6.420	11300	/16842825//37801120/6079442/6.38/6.18//2008-9-18 14:1:47
70/600107/美尔雅/6.370	31700	6.360	56900	6.350	87500	6.340	6000	6.330	56700	6.380	6500	6.390	6900	6.400	17000	6.410	15993	6.420	6900	/16842825//37887772/6093042/6.38/6.18//2008-9-18 14:2:48
70/600107/美尔雅/6.370	11000	6.360	56900	6.350	87500	6.340	6000	6.330	56700	6.380	15500	6.390	2200	6.400	16100	6.410	15643	6.420	6900	/16842825//38060400/6120142/6.37/6.18//2008-9-18 14:3:48
70/600107/美尔雅/6.370	2750	6.360	56900	6.350	87500	6.340	6000	6.330	56700	6.380	10400	6.390	2200	6.400	8200	6.410	15143	6.420	6100	/16842825//38160092/6135792/6.37/6.18//2008-9-18 14:4:49
70/600107/美尔雅/6.370	6350	6.360	56900	6.350	87500	6.340	6000	6.330	56700	6.380	2500	6.390	2200	6.400	6700	6.410	14643	6.420	5800	/16842825//38268472/6152792/6.37/6.18//2008-9-18 14:5:50
70/600107/美尔雅/6.380	3000	6.370	12850	6.360	57800	6.350	87500	6.340	6000	6.390	1000	6.400	5800	6.410	10643	6.420	5800	6.430	13800	/16842825//38379396/6170192/6.4/6.18//2008-9-18 14:6:50
70/600107/美尔雅/6.380	800	6.370	18450	6.360	57900	6.350	96700	6.340	6000	6.400	5700	6.410	10643	6.420	3800	6.430	13800	6.440	2199	/16842825//38433052/6178592/6.38/6.18//2008-9-18 14:7:51
70/600107/美尔雅/6.460	10700	6.450	46500	6.440	55700	6.430	18700	6.420	30700	6.480	12800	6.490	10500	6.500	29200	6.510	1400	6.520	1500	/16842825//38865004/6245735/6.48/6.18//2008-9-18 14:8:51
70/600107/美尔雅/6.480	10000	6.460	14900	6.450	46500	6.440	55700	6.430	18700	6.490	21900	6.500	31400	6.510	1400	6.520	1200	6.530	2600	/16842825//39214944/6299735/6.48/6.18//2008-9-18 14:9:52
70/600107/美尔雅/6.480	4500	6.460	16400	6.450	46600	6.440	55700	6.430	18700	6.490	25400	6.500	31300	6.510	1400	6.520	1200	6.530	2600	/16842825//39387956/6326435/6.48/6.18//2008-9-18 14:10:53
70/600107/美尔雅/6.460	15791	6.450	46600	6.440	55700	6.430	18800	6.420	30700	6.480	1000	6.490	18400	6.500	33300	6.510	2400	6.520	1200	/16842825//39455456/6336844/6.48/6.18//2008-9-18 14:11:53
70/600107/美尔雅/6.480	500	6.470	5000	6.460	15191	6.450	46600	6.440	55700	6.490	9700	6.500	28700	6.510	2400	6.520	1200	6.530	2600	/16842825//39491108/6342344/6.48/6.18//2008-9-18 14:12:54
70/600107/美尔雅/6.470	700	6.460	15191	6.450	46500	6.440	55700	6.430	18800	6.480	2700	6.490	4200	6.500	30800	6.510	2500	6.520	1200	/16842825//39663604/6368944/6.47/6.18//2008-9-18 14:13:55
70/600107/美尔雅/6.470	2100	6.460	13691	6.450	46500	6.440	55700	6.430	18800	6.480	6400	6.490	1300	6.500	30800	6.510	2500	6.520	1400	/16842825//39823452/6393644/6.47/6.18//2008-9-18 14:14:55
70/600107/美尔雅/6.460	12891	6.450	46500	6.440	55700	6.430	18800	6.420	30700	6.480	2700	6.490	500	6.500	29600	6.510	2500	6.520	2400	/16842825//39880488/6402444/6.48/6.18//2008-9-18 14:15:56
70/600107/美尔雅/6.480	4100	6.470	3000	6.460	12991	6.450	46500	6.440	55700	6.490	1200	6.500	8400	6.510	2500	6.520	1700	6.530	5600	/16842825//40074744/6432344/6.49/6.18//2008-9-18 14:16:56
70/600107/美尔雅/6.510	7500	6.500	42600	6.490	1300	6.480	8600	6.470	4000	6.520	1700	6.530	2600	6.540	1600	6.550	4950	6.560	500	/16842825//40180688/6448644/6.51/6.18//2008-9-18 14:17:57
70/600107/美尔雅/6.550	7000	6.530	36500	6.520	11300	6.510	32800	6.500	47000	6.560	500	6.580	16400	6.590	2000	6.600	35299	6.630	13506	/16842825//40408200/6483344/6.58/6.18//2008-9-18 14:18:58
70/600107/美尔雅/6.600	18401	6.580	5500	6.560	3600	6.550	13500	6.540	3900	6.630	14006	6.640	100	6.650	5400	6.660	27256	6.670	2000	/16842825//40692088/6526343/6.6/6.18//2008-9-18 14:19:58
70/600107/美尔雅/6.650	5500	6.630	8294	6.610	19300	6.600	17201	6.590	1300	6.660	13456	6.670	1000	6.680	500	6.690	4100	6.700	4400	/16842825//41023584/6576249/6.65/6.18//2008-9-18 14:20:59
70/600107/美尔雅/6.690	1000	6.680	1700	6.670	400	6.660	9344	6.650	39800	6.700	1000	6.710	37400	6.720	500	6.750	8500	6.760	1700	/16842825//41451732/6640405/6.69/6.18//2008-9-18 14:22:0
70/600107/美尔雅/6.730	1400	6.720	2800	6.710	5700	6.700	32200	6.690	6500	6.750	5400	6.760	1500	6.780	7900	6.790	12100	6.800	28618	/16842825//41883248/6704705/6.73/6.18//2008-9-18 14:23:0
70/600107/美尔雅/6.700	37900	6.690	1900	6.680	800	6.670	100	6.660	7644	6.720	483	6.740	2800	6.750	5700	6.780	11000	6.790	15200	/16842825//42298032/6766305/6.7/6.18//2008-9-18 14:24:1
70/600107/美尔雅/6.690	2200	6.680	300	6.670	100	6.660	7844	6.650	34100	6.700	12800	6.710	3100	6.720	26300	6.740	7000	6.750	31183	/16842825//42607636/6812405/6.7/6.18//2008-9-18 14:25:2
70/600107/美尔雅/6.660	2244	6.650	31800	6.630	400	6.620	2000	6.600	7600	6.680	11900	6.690	1000	6.700	46282	6.710	6100	6.720	1500	/16842825//42764580/6835905/6.68/6.18//2008-9-18 14:26:2
70/600107/美尔雅/6.620	1600	6.600	7000	6.590	8600	6.580	60200	6.570	60000	6.630	1600	6.650	25300	6.660	6000	6.670	11199	6.680	6100	/16842825//42881012/6853405/6.62/6.18//2008-9-18 14:27:3
70/600107/美尔雅/6.590	12000	6.580	66200	6.570	60000	6.560	57000	6.550	61500	6.600	5957	6.610	5400	6.620	8200	6.630	8500	6.650	10100	/16842825//42981384/6868605/6.59/6.18//2008-9-18 14:28:4
70/600107/美尔雅/6.580	72700	6.570	60000	6.560	57000	6.550	61400	6.530	4200	6.590	6600	6.600	5000	6.610	1000	6.620	6800	6.630	7500	/16842825//43127684/6890805/6.58/6.18//2008-9-18 14:29:4
70/600107/美尔雅/6.600	200	6.590	6800	6.580	65600	6.570	60000	6.560	57000	6.610	1000	6.620	6000	6.630	8400	6.650	5200	6.660	3700	/16842825//43289112/6915305/6.6/6.18//2008-9-18 14:30:5
70/600107/美尔雅/6.590	18100	6.580	52700	6.570	60000	6.560	57000	6.550	61200	6.600	15100	6.610	500	6.620	4900	6.630	7400	6.650	4700	/16842825//43355736/6925405/6.6/6.18//2008-9-18 14:31:6
70/600107/美尔雅/6.590	5600	6.580	58700	6.570	60000	6.560	57000	6.550	61400	6.600	12100	6.610	1300	6.620	4900	6.630	7400	6.650	5200	/16842825//43490916/6945905/6.6/6.18//2008-9-18 14:32:6
70/600107/美尔雅/6.620	5600	6.610	8100	6.600	13200	6.590	6400	6.580	64900	6.630	16800	6.650	5500	6.660	3600	6.670	3100	6.680	3400	/16842825//43627652/6966605/6.62/6.18//2008-9-18 14:33:7
70/600107/美尔雅/6.650	4400	6.640	700	6.630	13100	6.620	700	6.610	4500	6.660	3300	6.670	3100	6.680	3400	6.690	2400	6.700	64700	/16842825//43985368/7020605/6.66/6.18//2008-9-18 14:34:8
70/600107/美尔雅/6.630	6800	6.620	900	6.610	5500	6.600	8000	6.590	17300	6.640	100	6.650	10183	6.660	3400	6.670	2700	6.680	3400	/16842825//44109724/7039305/6.64/6.18//2008-9-18 14:35:8
70/600107/美尔雅/6.640	5217	6.630	900	6.620	600	6.610	2700	6.600	7300	6.660	2000	6.680	900	6.690	2900	6.700	58600	6.710	10100	/16842825//44378608/7079738/6.68/6.18//2008-9-18 14:36:9
70/600107/美尔雅/6.620	217	6.610	2700	6.600	11000	6.590	14300	6.580	67500	6.640	100	6.650	5000	6.660	2300	6.670	2800	6.680	10299	/16842825//44556132/7106438/6.62/6.18//2008-9-18 14:37:10
70/600107/美尔雅/6.600	11100	6.590	14000	6.580	67500	6.570	60000	6.560	57000	6.620	3400	6.630	4500	6.640	5900	6.650	8100	6.660	300	/16842825//44645560/7119955/6.61/6.18//2008-9-18 14:38:10
70/600107/美尔雅/6.590	13700	6.580	66400	6.570	60000	6.560	57000	6.550	61100	6.600	50550	6.610	5500	6.620	500	6.630	4400	6.640	5500	/16842825//44749204/7135655/6.59/6.18//2008-9-18 14:39:11
70/600107/美尔雅/6.580	58300	6.570	60000	6.560	57200	6.550	61100	6.530	2200	6.590	1000	6.600	50650	6.610	4500	6.620	1500	6.630	4400	/16842825//44975284/7169955/6.58/6.18//2008-9-18 14:40:12
70/600107/美尔雅/6.580	62400	6.570	60000	6.560	57600	6.550	61100	6.530	2200	6.590	8500	6.600	52250	6.610	4500	6.620	1000	6.630	3900	/16842825//45041844/7180055/6.59/6.18//2008-9-18 14:41:12
70/600107/美尔雅/6.600	37750	6.590	900	6.580	56900	6.570	60000	6.560	57100	6.610	2000	6.620	1000	6.630	3900	6.640	3100	6.650	9100	/16842825//45571876/7260405/6.6/6.18//2008-9-18 14:42:13
70/600107/美尔雅/6.620	2200	6.610	23000	6.600	37950	6.590	13200	6.580	55900	6.630	4000	6.640	2600	6.650	11100	6.660	2100	6.670	3200	/16842825//45618828/7267505/6.61/6.18//2008-9-18 14:43:14
70/600107/美尔雅/6.650	34700	6.640	79900	6.630	180700	6.620	86900	6.610	23600	6.680	3300	6.690	9400	6.700	61100	6.710	10600	6.720	1600	/16842825//45808480/7296005/6.65/6.18//2008-9-18 14:44:14
70/600107/美尔雅/6.700	12401	6.690	200	6.680	10290	6.670	6600	6.660	137300	6.710	10600	6.720	1700	6.730	10600	6.740	4000	6.750	39750	/16842825//46577872/7411114/6.7/6.18//2008-9-18 14:45:15
70/600107/美尔雅/6.750	27700	6.730	21390	6.720	7000	6.710	6700	6.700	9991	6.760	1900	6.770	10000	6.780	25800	6.790	9000	6.800	51000	/16842825//47335884/7523734/6.75/6.18//2008-9-18 14:46:16
70/600107/美尔雅/6.790	8680	6.770	1400	6.760	1100	6.750	107200	6.740	79900	6.800	18800	6.810	1000	6.830	1900	6.840	4000	6.850	12600	/16842825//48982392/7766154/6.8/6.18//2008-9-18 14:47:16
70/600107/美尔雅/6.800	11068	6.790	32800	6.780	74770	6.770	1100	6.760	80900	6.810	1200	6.820	15000	6.830	7700	6.840	18000	6.850	18400	/16842825//50485752/7987416/6.8/6.18//2008-9-18 14:48:17
70/600107/美尔雅/6.800	43510	6.790	20893	6.780	78770	6.770	3700	6.760	80900	6.810	500	6.820	2400	6.830	29611	6.840	22800	6.850	47599	/16842825//51523744/8139881/6.8/6.18//2008-9-18 14:49:18
70/600107/美尔雅/6.790	18593	6.780	78770	6.770	4200	6.760	81000	6.750	102000	6.800	7988	6.810	18300	6.820	1100	6.830	55601	6.840	23100	/16842825//52849096/8334391/6.8/6.18//2008-9-18 14:50:18
70/600107/美尔雅/6.780	66718	6.770	1200	6.760	81000	6.750	102100	6.740	79900	6.790	19300	6.800	85770	6.810	50409	6.820	52400	6.830	60101	/16842825//53880528/8486136/6.78/6.18//2008-9-18 14:51:19
70/600107/美尔雅/6.800	150630	6.790	46101	6.780	26268	6.770	3800	6.760	81000	6.810	40609	6.820	51700	6.830	54851	6.840	17299	6.850	83291	/16842825//55855532/8776855/6.8/6.18//2008-9-18 14:52:20
70/600107/美尔雅/6.930	1400	6.920	12782	6.900	42900	6.890	51351	6.880	9900	6.950	3600	6.960	6700	6.970	17000	6.980	19000	6.990	2400	/16842825//59634540/9328322/6.93/6.18//2008-9-18 14:53:21
70/600107/美尔雅/7.090	44900	7.080	10900	7.070	3300	7.050	12300	7.040	3000	7.120	1600	7.130	1400	7.140	1000	7.150	7600	7.160	500	/16842825//61171960/9547122/7.09/6.18//2008-9-18 14:54:21
70/600107/美尔雅/7.100	75	7.080	10000	7.070	100	7.050	5500	7.040	2000	7.120	500	7.130	1000	7.140	5000	7.150	19340	7.160	6000	/16842825//63063024/9813147/7.09/6.18//2008-9-18 14:55:22
70/600107/美尔雅/7.020	10300	7.010	23900	7.000	5100	6.980	100	6.960	1000	7.080	31290	7.090	8300	7.100	52885	7.110	5250	7.120	6500	/16842825//64353556/9995322/7.08/6.18//2008-9-18 14:56:23
70/600107/美尔雅/6.980	2600	6.970	200	6.960	2400	6.950	12100	6.940	2000	7.000	1200	7.010	13800	7.020	4600	7.040	11016	7.050	7400	/16842825//65142532/10107722/7.0/6.18//2008-9-18 14:57:23
70/600107/美尔雅/6.970	8000	6.960	8200	6.950	14100	6.940	2000	6.930	3000	6.980	960	6.990	1220	7.000	29310	7.010	26500	7.020	7200	/16842825//66155172/10252422/6.98/6.18//2008-9-18 14:58:24
70/600107/美尔雅/7.010	63300	7.000	365940	6.990	13720	6.980	19900	6.970	84500	7.030	1700	7.040	12215	7.050	16400	7.060	4900	7.070	18700	/16842825//67298944/10415762/7.01/6.18//2008-9-18 14:59:25
70/600107/美尔雅/7.050	890	7.040	54645	7.030	4300	7.020	11400	7.010	82300	7.060	4500	7.070	18200	7.080	26090	7.090	11400	7.100	73235	/16842825//68072872/10525627/7.03/6.18//2008-9-18 15:0:26
70/600107/美尔雅/7.050	890	7.040	54645	7.030	4300	7.020	11400	7.010	82300	7.060	4500	7.070	18200	7.080	26090	7.090	11400	7.100	73235	/16842825//68072872/10525627/7.03/6.18//2008-9-18 15:1:26
70/600107/美尔雅/7.050	890	7.040	54645	7.030	4300	7.020	11400	7.010	82300	7.060	4500	7.070	18200	7.080	26090	7.090	11400	7.100	73235	/16842825//68072872/10525627/7.03/6.18//2008-9-18 15:2:27
