77/600115/东方航空/3.880	2500	3.860	4800	3.850	5000	3.820	800	3.810	5000	3.900	15200	3.910	300	3.920	5300	3.930	9000	3.960	30300	/16842832//171049/43300/3.9/4.06//2008-9-18 9:31:34
77/600115/东方航空/3.860	2200	3.850	6100	3.820	800	3.810	5200	3.800	15200	3.880	2300	3.890	2400	3.900	14400	3.910	300	3.920	5300	/16842832//219066/55700/3.86/4.06//2008-9-18 9:32:35
77/600115/东方航空/3.890	1600	3.880	5300	3.870	2400	3.860	5500	3.850	7600	3.900	13400	3.910	300	3.920	5300	3.930	4000	3.950	1200	/16842832//290096/74000/3.89/4.06//2008-9-18 9:33:35
77/600115/东方航空/3.910	9900	3.900	22500	3.890	3200	3.880	13500	3.870	4800	3.920	5300	3.930	4000	3.950	1000	3.960	17800	3.980	24100	/16842832//378904/96800/3.91/4.06//2008-9-18 9:34:35
77/600115/东方航空/3.900	22900	3.890	700	3.880	13900	3.870	4000	3.860	4400	3.910	16800	3.920	2100	3.930	4000	3.950	6000	3.960	8300	/16842832//463782/118500/3.91/4.06//2008-9-18 9:35:35
77/600115/东方航空/3.870	2500	3.860	4700	3.850	7700	3.830	1000	3.820	800	3.900	36100	3.910	35400	3.920	10600	3.930	4000	3.950	1200	/16842832//667314/170800/3.87/4.06//2008-9-18 9:36:36
77/600115/东方航空/3.840	2300	3.810	6400	3.800	33800	3.790	1600	3.780	4200	3.850	9600	3.860	36100	3.870	6600	3.880	34600	3.900	33300	/16842832//780820/200300/3.85/4.06//2008-9-18 9:37:36
77/600115/东方航空/3.780	4200	3.750	1100	3.740	300	3.730	1300	3.720	2400	3.790	200	3.800	32499	3.810	4000	3.820	100	3.840	26600	/16842832//919327/236700/3.8/4.06//2008-9-18 9:38:36
77/600115/东方航空/3.720	4400	3.710	300	3.700	6000	3.690	1000	3.680	3600	3.730	19700	3.750	9800	3.770	23200	3.780	29400	3.790	5100	/16842832//974286/251300/3.72/4.06//2008-9-18 9:39:36
77/600115/东方航空/3.660	11100	3.650	35700	0.000	0	0.000	0	0.000	0	3.690	1900	3.710	3000	3.720	31300	3.730	9400	3.750	1400	/16842832//1241828/323800/3.69/4.06//2008-9-18 9:40:36
77/600115/东方航空/3.680	2000	3.670	9300	3.660	15500	3.650	84800	0.000	0	3.690	1300	3.700	6900	3.710	300	3.720	4000	3.730	8600	/16842832//1392144/364600/3.69/4.06//2008-9-18 9:41:37
77/600115/东方航空/3.720	900	3.710	13600	3.700	31600	3.690	44800	3.680	35000	3.730	8600	3.750	1400	3.780	4300	3.790	5100	3.800	8300	/16842832//1484457/389500/3.72/4.06//2008-9-18 9:42:37
77/600115/东方航空/3.750	4600	3.740	2500	3.730	14200	3.720	44200	3.710	7000	3.780	1400	3.790	5100	3.800	11700	3.810	700	3.840	18900	/16842832//1539786/404300/3.78/4.06//2008-9-18 9:43:37
77/600115/东方航空/3.780	2300	3.770	100	3.760	1300	3.750	28200	3.740	3200	3.790	10686	3.800	10700	3.810	700	3.840	18900	3.850	3500	/16842832//1567694/411700/3.79/4.06//2008-9-18 9:44:37
77/600115/东方航空/3.790	29914	3.780	12759	3.770	100	3.760	6100	3.750	24600	3.800	9000	3.810	700	3.840	18900	3.850	8600	3.860	1000	/16842832//1737920/456627/3.8/4.06//2008-9-18 9:45:37
77/600115/东方航空/3.810	100	3.800	500	3.790	714	3.780	13059	3.770	100	3.830	8500	3.840	8900	3.850	8500	3.860	1000	3.870	900	/16842832//1867681/490827/3.79/4.06//2008-9-18 9:46:38
77/600115/东方航空/3.760	5500	3.750	21100	3.740	700	3.730	7500	3.720	8300	3.770	2000	3.780	33327	3.790	900	3.800	32500	3.810	5500	/16842832//1982356/521100/3.77/4.06//2008-9-18 9:47:38
77/600115/东方航空/3.750	21500	3.740	700	3.730	2800	3.720	8300	3.710	6000	3.760	3600	3.780	33727	3.790	900	3.800	19000	3.810	4000	/16842832//2164752/569600/3.76/4.06//2008-9-18 9:48:38
77/600115/东方航空/3.750	24500	3.730	2800	3.720	8300	3.710	6000	3.700	39800	3.760	399	3.770	1200	3.780	32227	3.790	1500	3.800	22600	/16842832//2208038/581100/3.76/4.06//2008-9-18 9:49:39
77/600115/东方航空/3.770	5000	3.750	18501	3.730	3300	3.720	8300	3.710	11500	3.780	34727	3.790	1000	3.800	22600	3.810	2000	3.820	2000	/16842832//2357397/620799/3.78/4.06//2008-9-18 9:50:39
77/600115/东方航空/3.760	500	3.750	20000	3.730	3300	3.720	17500	3.710	11500	3.770	4000	3.780	34527	3.790	1000	3.800	25000	3.810	2000	/16842832//2378890/626499/3.77/4.06//2008-9-18 9:51:39
77/600115/东方航空/3.770	4100	3.760	1600	3.750	19300	3.730	3300	3.720	18400	3.780	35227	3.790	1000	3.800	25500	3.810	2000	3.820	2000	/16842832//2416967/636599/3.77/4.06//2008-9-18 9:52:39
77/600115/东方航空/3.750	19600	3.730	3300	3.720	20700	3.710	12500	3.700	40200	3.760	23899	3.770	21200	3.780	34027	3.790	1000	3.800	25500	/16842832//2449362/645199/3.76/4.06//2008-9-18 9:53:40
77/600115/东方航空/3.720	9600	3.710	12500	3.700	40800	3.690	50000	3.680	29900	3.750	5600	3.760	3699	3.770	16000	3.780	45927	3.790	1000	/16842832//2595073/684099/3.72/4.06//2008-9-18 9:54:40
77/600115/东方航空/3.710	21900	3.700	48600	3.690	51300	3.680	29000	3.670	15200	3.720	1500	3.730	1900	3.740	3600	3.750	6900	3.760	2000	/16842832//2618534/690399/3.72/4.06//2008-9-18 9:55:40
77/600115/东方航空/3.720	9100	3.710	20761	3.700	48900	3.690	31400	3.680	29000	3.730	2800	3.740	4100	3.750	1300	3.760	2000	3.770	16000	/16842832//2652520/699538/3.72/4.06//2008-9-18 9:56:41
77/600115/东方航空/3.720	9100	3.710	21861	3.700	52700	3.690	31400	3.680	28100	3.730	2200	3.740	1000	3.750	1800	3.760	2000	3.770	16000	/16842832//2705809/713838/3.72/4.06//2008-9-18 9:57:41
77/600115/东方航空/3.740	3199	3.730	15200	3.720	8900	3.710	22761	3.700	57200	3.750	1800	3.760	2000	3.770	16000	3.780	45927	3.790	1900	/16842832//2740835/723239/3.74/4.06//2008-9-18 9:58:41
77/600115/东方航空/3.750	400	3.740	10149	3.730	4100	3.720	3100	3.710	23161	3.760	5600	3.770	16000	3.780	45927	3.790	1900	3.800	25700	/16842832//2751512/726089/3.75/4.06//2008-9-18 9:59:41
77/600115/东方航空/3.740	8051	3.730	3700	3.720	2800	3.710	22361	3.700	58700	3.750	7400	3.760	6600	3.770	16000	3.780	47247	3.790	1900	/16842832//2777733/733087/3.75/4.06//2008-9-18 10:0:42
77/600115/东方航空/3.720	500	3.710	13	3.700	67000	3.690	31300	3.680	30700	3.730	900	3.740	2000	3.750	30200	3.760	5000	3.770	15000	/16842832//2914719/769886/3.72/4.06//2008-9-18 10:1:42
77/600115/东方航空/3.700	37353	3.690	31400	3.680	33000	3.670	18100	3.660	82300	3.710	900	3.720	13700	3.730	1500	3.740	900	3.750	37400	/16842832//3042631/804446/3.71/3.71//2008-9-18 10:2:42
77/600115/东方航空/3.700	33503	3.690	31400	3.680	36300	3.670	18700	3.660	82900	3.710	10000	3.720	13700	3.730	1500	3.740	900	3.750	45900	/16842832//3064655/810396/3.7/3.71//2008-9-18 10:3:42
77/600115/东方航空/3.700	10303	3.690	32000	3.680	37000	3.670	18700	3.660	98900	3.710	6700	3.720	1700	3.730	3500	3.740	900	3.750	45900	/16842832//3130919/828296/3.71/3.71//2008-9-18 10:4:43
77/600115/东方航空/3.690	33100	3.680	25800	3.670	18700	3.660	90100	3.650	166200	3.700	4066	3.710	5800	3.720	700	3.730	3100	3.740	1400	/16842832//3224559/853599/3.7/3.71//2008-9-18 10:5:43
77/600115/东方航空/3.690	27900	3.680	27500	3.670	19400	3.660	89600	3.650	168700	3.700	21466	3.710	5800	3.720	700	3.730	3100	3.740	1500	/16842832//3268155/865399/3.69/3.71//2008-9-18 10:6:43
77/600115/东方航空/3.690	8100	3.680	25700	3.670	17900	3.660	92100	3.650	178600	3.700	27866	3.710	5900	3.720	700	3.730	3100	3.740	1500	/16842832//3347502/886899/3.7/3.71//2008-9-18 10:7:44
77/600115/东方航空/3.690	10100	3.680	26700	3.670	18300	3.660	91700	3.650	178900	3.700	20066	3.710	5500	3.720	700	3.730	3100	3.740	1500	/16842832//3379687/895599/3.69/3.71//2008-9-18 10:8:44
77/600115/东方航空/3.690	30290	3.680	29700	3.670	18300	3.660	93700	3.650	179500	3.700	20466	3.710	500	3.720	700	3.730	3100	3.740	1400	/16842832//3456920/916519/3.69/3.71//2008-9-18 10:9:44
77/600115/东方航空/3.700	5034	3.690	36090	3.680	29700	3.670	15100	3.660	93700	3.710	100	3.720	700	3.730	3100	3.740	1400	3.750	23200	/16842832//3550323/941775/3.7/3.71//2008-9-18 10:10:44
77/600115/东方航空/3.720	200	3.700	8534	3.690	45790	3.680	28100	3.670	15100	3.730	3100	3.740	1400	3.750	23200	3.760	1000	3.770	10000	/16842832//0/0/3.7/3.71//2008-9-18 10:11:45
77/600115/东方航空/3.700	25834	3.690	45690	3.680	29300	3.670	15200	3.660	99700	3.710	500	3.720	3800	3.730	3100	3.740	3700	3.750	22300	/16842832//3596663/954275/3.71/3.71//2008-9-18 10:12:45
77/600115/东方航空/3.710	4600	3.700	36934	3.690	39890	3.680	30700	3.670	15400	3.720	1200	3.730	2900	3.740	2800	3.750	22400	3.760	1000	/16842832//3611900/958375/3.71/3.71//2008-9-18 10:13:45
77/600115/东方航空/3.710	800	3.700	32434	3.690	43690	3.680	36100	3.670	17300	3.720	8100	3.730	2900	3.740	2300	3.750	12400	3.760	1000	/16842832//3643074/966775/3.71/3.71//2008-9-18 10:14:46
77/600115/东方航空/3.710	9400	3.700	33934	3.690	43690	3.680	39100	3.670	17300	3.720	4800	3.730	2900	3.740	2300	3.750	14900	3.760	1000	/16842832//3649014/968375/3.71/3.71//2008-9-18 10:15:46
77/600115/东方航空/3.710	3700	3.700	28134	3.690	43790	3.680	41100	3.670	18900	3.720	1700	3.730	2900	3.740	2300	3.750	14900	3.760	1000	/16842832//3678705/976375/3.71/3.71//2008-9-18 10:16:46
77/600115/东方航空/3.730	6200	3.710	9700	3.700	27834	3.690	44490	3.680	42100	3.740	2300	3.750	14900	3.770	10000	3.780	42847	3.790	1000	/16842832//3714779/986075/3.73/3.71//2008-9-18 10:17:47
77/600115/东方航空/3.740	6100	3.730	7200	3.710	9700	3.700	28834	3.690	43790	3.750	5900	3.770	10000	3.780	42847	3.790	1000	3.800	29600	/16842832//3757131/997375/3.75/3.71//2008-9-18 10:18:47
77/600115/东方航空/3.740	4600	3.730	6200	3.720	400	3.710	14700	3.700	31234	3.750	21300	3.770	10000	3.780	42847	3.790	18200	3.800	29600	/16842832//3769875/1000775/3.74/3.71//2008-9-18 10:19:47
77/600115/东方航空/3.730	100	3.720	900	3.710	14700	3.700	31434	3.690	43690	3.750	11800	3.770	10000	3.780	42847	3.790	18200	3.800	27700	/16842832//3843702/1020475/3.74/3.71//2008-9-18 10:20:48
77/600115/东方航空/3.740	1000	3.730	500	3.720	1900	3.710	14700	3.700	32334	3.750	5500	3.770	10000	3.780	42847	3.790	18200	3.800	27700	/16842832//3867327/1026775/3.75/3.71//2008-9-18 10:21:48
77/600115/东方航空/3.740	2400	3.730	500	3.720	900	3.710	9900	3.700	32934	3.750	1400	3.770	10000	3.780	42847	3.790	18200	3.800	27700	/16842832//3918700/1040475/3.75/3.71//2008-9-18 10:22:48
77/600115/东方航空/3.730	500	3.720	900	3.710	9900	3.700	33934	3.690	41990	3.740	1700	3.750	26300	3.760	10000	3.770	10000	3.780	42847	/16842832//3931044/1043775/3.74/3.71//2008-9-18 10:23:48
77/600115/东方航空/3.710	5550	3.700	34434	3.690	40990	3.680	35600	3.670	23600	3.730	15800	3.740	5300	3.750	29700	3.760	10000	3.770	10000	/16842832//3964093/1052675/3.71/3.71//2008-9-18 10:24:49
77/600115/东方航空/3.710	7700	3.700	26934	3.690	40990	3.680	35300	3.670	23300	3.730	16400	3.740	7400	3.750	40200	3.760	10000	3.770	10000	/16842832//3965924/1053175/3.71/3.71//2008-9-18 10:25:49
77/600115/东方航空/3.710	2350	3.700	27534	3.690	41090	3.680	35300	3.670	43900	3.730	16400	3.740	7400	3.750	27700	3.760	10000	3.770	10000	/16842832//4023615/1068725/3.71/3.71//2008-9-18 10:26:49
77/600115/东方航空/3.710	2850	3.700	21884	3.690	41590	3.680	36100	3.670	43100	3.730	15300	3.740	9400	3.750	28100	3.760	10000	3.770	10000	/16842832//4070881/1081475/3.71/3.71//2008-9-18 10:27:50
77/600115/东方航空/3.710	11250	3.700	30784	3.690	39890	3.680	36100	3.670	45100	3.730	17600	3.740	9400	3.750	28100	3.760	10000	3.770	10000	/16842832//4079822/1083875/3.73/3.71//2008-9-18 10:28:50
77/600115/东方航空/3.710	14650	3.700	31984	3.690	39890	3.680	37100	3.670	44000	3.730	15000	3.740	9400	3.750	27200	3.760	10200	3.770	10000	/16842832//4089520/1086475/3.73/3.71//2008-9-18 10:29:50
77/600115/东方航空/3.710	8850	3.700	32084	3.690	39890	3.680	37500	3.670	44000	3.730	1764	3.740	9400	3.750	27200	3.760	10200	3.770	10000	/16842832//4164682/1106675/3.73/3.71//2008-9-18 10:30:51
77/600115/东方航空/3.730	36	3.710	6350	3.700	31984	3.690	39890	3.680	37600	3.740	9400	3.750	17200	3.760	10200	3.770	10000	3.780	42847	/16842832//4192800/1114239/3.73/3.71//2008-9-18 10:31:51
77/600115/东方航空/3.710	12550	3.700	33484	3.690	40090	3.680	37600	3.670	44100	3.720	1600	3.730	8464	3.740	7200	3.750	17200	3.760	10200	/16842832//4217835/1120975/3.71/3.71//2008-9-18 10:32:51
77/600115/东方航空/3.710	650	3.700	33384	3.690	18600	3.680	37600	3.670	45100	3.720	2600	3.730	8464	3.740	8100	3.750	17800	3.760	10200	/16842832//4261984/1132875/3.71/3.71//2008-9-18 10:33:52
77/600115/东方航空/3.710	4000	3.700	31434	3.690	18600	3.680	39300	3.670	45100	3.720	1900	3.730	22864	3.740	8100	3.750	20600	3.760	10200	/16842832//4288296/1139975/3.71/3.71//2008-9-18 10:34:52
77/600115/东方航空/3.710	5700	3.700	36434	3.690	18600	3.680	39700	3.670	45200	3.720	2300	3.730	8464	3.740	8100	3.750	21500	3.760	10200	/16842832//4292006/1140975/3.71/3.71//2008-9-18 10:35:52
77/600115/东方航空/3.710	1700	3.700	39934	3.690	20200	3.680	39700	3.670	46200	3.720	5020	3.730	8464	3.740	8100	3.750	21500	3.760	200	/16842832//4313895/1146875/3.71/3.71//2008-9-18 10:36:53
77/600115/东方航空/3.710	6100	3.700	35934	3.690	20200	3.680	41000	3.670	46200	3.720	4920	3.730	8464	3.740	8100	3.750	18700	3.760	200	/16842832//4315009/1147175/3.72/3.71//2008-9-18 10:37:53
77/600115/东方航空/3.700	37734	3.690	20200	3.680	41000	3.670	46200	3.660	73300	3.710	9900	3.720	7620	3.730	11264	3.740	7200	3.750	18700	/16842832//4338011/1153375/3.71/3.71//2008-9-18 10:38:53
77/600115/东方航空/3.700	22435	3.690	20200	3.680	41000	3.670	45600	3.660	73300	3.710	12000	3.720	7720	3.730	11264	3.740	7200	3.750	25100	/16842832//4397578/1169474/3.7/3.71//2008-9-18 10:39:54
77/600115/东方航空/3.690	19500	3.680	41000	3.670	45600	3.660	73300	3.650	236900	3.700	265	3.710	13400	3.720	8520	3.730	11264	3.740	4200	/16842832//4500957/1197409/3.7/3.71//2008-9-18 10:40:54
77/600115/东方航空/3.690	18300	3.680	40500	3.670	45600	3.660	73300	3.650	242900	3.700	31965	3.710	13400	3.720	8520	3.730	11264	3.740	4200	/16842832//4515005/1201209/3.69/3.71//2008-9-18 10:41:54
77/600115/东方航空/3.690	15500	3.680	46200	3.670	46600	3.660	74300	3.650	243200	3.700	24465	3.710	13400	3.720	8220	3.730	11264	3.740	4200	/16842832//4540115/1208009/3.69/3.71//2008-9-18 10:42:55
77/600115/东方航空/3.690	8800	3.680	47200	3.670	47800	3.660	74300	3.650	244500	3.700	12265	3.710	13400	3.720	8220	3.730	11264	3.740	4200	/16842832//4634397/1233509/3.7/3.71//2008-9-18 10:43:55
77/600115/东方航空/3.690	23900	3.680	42700	3.670	57500	3.660	100500	3.650	247200	3.700	10765	3.710	13600	3.720	8220	3.730	11264	3.740	18600	/16842832//4654353/1238909/3.7/3.71//2008-9-18 10:44:56
77/600115/东方航空/3.690	6299	3.680	44400	3.670	67500	3.660	100500	3.650	247000	3.710	8165	3.720	8220	3.730	11264	3.740	16100	3.750	25400	/16842832//4789628/1275510/3.71/3.71//2008-9-18 10:45:56
77/600115/东方航空/3.690	5849	3.680	44400	3.670	66800	3.660	75100	3.650	248000	3.710	11665	3.720	8720	3.730	11264	3.740	16100	3.750	25400	/16842832//4797193/1277560/3.69/3.71//2008-9-18 10:46:56
77/600115/东方航空/3.700	8000	3.690	4149	3.680	42700	3.670	66800	3.660	75100	3.710	11465	3.720	8720	3.730	14964	3.740	16100	3.750	26000	/16842832//4830069/1286460/3.69/3.71//2008-9-18 10:47:57
77/600115/东方航空/3.680	42700	3.670	66700	3.660	75200	3.650	252400	0.000	0	3.690	7351	3.700	9100	3.710	13165	3.720	18420	3.730	14964	/16842832//4912252/1308709/3.69/3.71//2008-9-18 10:48:57
77/600115/东方航空/3.680	8500	3.670	67100	3.660	72900	3.650	251800	0.000	0	3.690	11651	3.700	9100	3.710	10665	3.720	8220	3.730	14964	/16842832//5064262/1350009/3.69/3.71//2008-9-18 10:49:57
77/600115/东方航空/3.690	18909	3.680	500	3.670	62749	3.660	74800	3.650	256400	3.700	49300	3.710	10665	3.720	8220	3.730	14964	3.740	16100	/16842832//5173436/1379651/3.69/3.71//2008-9-18 10:50:58
77/600115/东方航空/3.670	62999	3.660	69300	3.650	260800	0.000	0	0.000	0	3.680	4100	3.690	15191	3.700	42200	3.710	10665	3.720	8920	/16842832//5286061/1410210/3.67/3.71//2008-9-18 10:51:58
77/600115/东方航空/3.670	187	3.660	68900	3.650	256900	0.000	0	0.000	0	3.680	7300	3.690	15191	3.700	43300	3.710	10665	3.720	8920	/16842832//5539382/1479222/3.67/3.71//2008-9-18 10:52:58
77/600115/东方航空/3.660	67300	3.650	259300	0.000	0	0.000	0	0.000	0	3.670	58313	3.680	7500	3.690	14391	3.700	43300	3.710	10665	/16842832//5595460/1494509/3.66/3.71//2008-9-18 10:53:59
77/600115/东方航空/3.660	67700	3.650	261700	0.000	0	0.000	0	0.000	0	3.670	55213	3.680	8200	3.690	14391	3.700	43300	3.710	10665	/16842832//5667974/1514309/3.66/3.71//2008-9-18 10:54:59
77/600115/东方航空/3.660	56300	3.650	262700	0.000	0	0.000	0	0.000	0	3.670	37313	3.680	8200	3.690	14391	3.700	26100	3.710	11765	/16842832//5801365/1550709/3.67/3.71//2008-9-18 10:56:0
77/600115/东方航空/3.660	57700	3.650	261300	0.000	0	0.000	0	0.000	0	3.670	20813	3.680	8200	3.690	1591	3.700	32900	3.710	11765	/16842832//5876194/1571109/3.66/3.71//2008-9-18 10:57:0
77/600115/东方航空/3.660	54000	3.650	272100	0.000	0	0.000	0	0.000	0	3.670	14713	3.680	8200	3.690	1591	3.700	38900	3.710	11765	/16842832//5942877/1589309/3.66/3.71//2008-9-18 10:58:0
77/600115/东方航空/3.660	51700	3.650	272800	0.000	0	0.000	0	0.000	0	3.670	9913	3.680	8200	3.690	1591	3.700	38900	3.710	11765	/16842832//5988327/1601709/3.66/3.71//2008-9-18 10:59:1
77/600115/东方航空/3.660	37800	3.650	275400	0.000	0	0.000	0	0.000	0	3.670	8413	3.680	8200	3.690	1591	3.700	38900	3.710	11765	/16842832//6025715/1611909/3.67/3.71//2008-9-18 11:0:1
77/600115/东方航空/3.660	31400	3.650	278300	0.000	0	0.000	0	0.000	0	3.670	15113	3.680	8200	3.690	1591	3.700	38900	3.710	20965	/16842832//6070360/1624109/3.66/3.71//2008-9-18 11:1:2
77/600115/东方航空/3.660	1110	3.650	278000	0.000	0	0.000	0	0.000	0	3.670	17913	3.680	8200	3.690	3591	3.700	38900	3.710	20965	/16842832//6190756/1656999/3.66/3.71//2008-9-18 11:2:2
77/600115/东方航空/3.650	284400	0.000	0	0.000	0	0.000	0	0.000	0	3.660	25400	3.670	12803	3.680	7100	3.690	4091	3.700	38900	/16842832//6243212/1671309/3.66/3.71//2008-9-18 11:3:2
77/600115/东方航空/3.650	252000	0.000	0	0.000	0	0.000	0	0.000	0	3.660	32800	3.670	12503	3.680	5900	3.690	4091	3.700	38900	/16842832//6369514/1705909/3.65/3.71//2008-9-18 11:4:3
77/600115/东方航空/3.650	245200	0.000	0	0.000	0	0.000	0	0.000	0	3.660	21500	3.670	9503	3.680	5900	3.690	4091	3.700	38900	/16842832//6447036/1727109/3.66/3.71//2008-9-18 11:5:3
77/600115/东方航空/3.650	248100	0.000	0	0.000	0	0.000	0	0.000	0	3.660	9300	3.670	8403	3.680	10900	3.690	4091	3.700	38900	/16842832//6507762/1743709/3.66/3.71//2008-9-18 11:6:4
77/600115/东方航空/3.650	246800	0.000	0	0.000	0	0.000	0	0.000	0	3.660	1200	3.670	8403	3.680	10900	3.690	2091	3.700	39400	/16842832//6546536/1754309/3.66/3.71//2008-9-18 11:7:4
77/600115/东方航空/3.660	4100	3.650	254200	0.000	0	0.000	0	0.000	0	3.670	9003	3.680	10900	3.690	1191	3.700	40600	3.710	17965	/16842832//6558604/1757609/3.66/3.71//2008-9-18 11:8:4
77/600115/东方航空/3.670	397	3.660	11600	3.650	259900	0.000	0	0.000	0	3.680	10900	3.690	1191	3.700	40600	3.710	15865	3.720	6220	/16842832//6593124/1767015/3.67/3.71//2008-9-18 11:9:5
77/600115/东方航空/3.670	3397	3.660	25300	3.650	258300	0.000	0	0.000	0	3.680	8200	3.690	3191	3.700	40600	3.710	15865	3.720	4820	/16842832//6612216/1772212/3.68/3.71//2008-9-18 11:10:5
77/600115/东方航空/3.670	797	3.660	24800	3.650	261600	0.000	0	0.000	0	3.680	2500	3.690	3191	3.700	40600	3.710	15865	3.720	4820	/16842832//6654508/1783712/3.68/3.71//2008-9-18 11:11:6
77/600115/东方航空/3.680	3100	3.670	3497	3.660	27200	3.650	262600	0.000	0	3.690	4591	3.700	40600	3.710	15865	3.720	4820	3.730	7000	/16842832//6668482/1787512/3.68/3.71//2008-9-18 11:12:6
77/600115/东方航空/3.670	3897	3.660	19300	3.650	261400	0.000	0	0.000	0	3.690	2791	3.700	40600	3.710	5665	3.720	4820	3.730	7400	/16842832//6698329/1795612/3.68/3.71//2008-9-18 11:13:7
77/600115/东方航空/3.670	7597	3.660	23300	3.650	263400	0.000	0	0.000	0	3.690	7411	3.700	41100	3.710	5665	3.720	4820	3.730	7400	/16842832//6706447/1797812/3.69/3.71//2008-9-18 11:14:7
77/600115/东方航空/3.670	5397	3.660	23600	3.650	262900	0.000	0	0.000	0	3.690	18611	3.700	41100	3.710	5665	3.720	4820	3.730	7400	/16842832//6722296/1802112/3.67/3.71//2008-9-18 11:15:7
77/600115/东方航空/3.670	8197	3.660	24400	3.650	262500	0.000	0	0.000	0	3.690	10511	3.700	41100	3.710	5665	3.720	4820	3.730	7400	/16842832//6759195/1812112/3.69/3.71//2008-9-18 11:16:8
77/600115/东方航空/3.660	13197	3.650	261500	0.000	0	0.000	0	0.000	0	3.670	5100	3.680	6600	3.690	19511	3.700	42600	3.710	5665	/16842832//6904279/1851712/3.66/3.71//2008-9-18 11:17:8
77/600115/东方航空/3.660	11297	3.650	273400	0.000	0	0.000	0	0.000	0	3.670	2300	3.680	6600	3.690	19511	3.700	42600	3.710	3700	/16842832//6857037/1838812/3.67/3.71//2008-9-18 11:18:9
77/600115/东方航空/3.660	5840	3.650	276700	0.000	0	0.000	0	0.000	0	3.670	1100	3.680	6864	3.690	20511	3.700	42600	3.710	3700	/16842832//6881414/1845469/3.66/3.71//2008-9-18 11:19:9
77/600115/东方航空/3.670	44530	3.660	1600	3.650	275400	0.000	0	0.000	0	3.680	6564	3.690	20511	3.700	42600	3.710	3400	3.720	4820	/16842832//6938935/1861179/3.68/3.71//2008-9-18 11:20:10
77/600115/东方航空/3.670	45830	3.660	2600	3.650	277800	0.000	0	0.000	0	3.680	16964	3.690	20511	3.700	42600	3.710	3400	3.720	4820	/16842832//6939303/1861279/3.68/3.71//2008-9-18 11:21:10
77/600115/东方航空/3.670	41130	3.660	3800	3.650	277900	0.000	0	0.000	0	3.680	15464	3.690	20511	3.700	42600	3.710	3400	3.720	4820	/16842832//6962072/1867479/3.67/3.71//2008-9-18 11:22:10
77/600115/东方航空/3.670	31530	3.660	3800	3.650	278300	0.000	0	0.000	0	3.680	21264	3.690	20511	3.700	42700	3.710	2900	3.720	4820	/16842832//7043558/1889679/3.67/3.71//2008-9-18 11:23:11
77/600115/东方航空/3.670	27730	3.660	3900	3.650	278200	0.000	0	0.000	0	3.680	20464	3.690	19411	3.700	42200	3.710	2900	3.720	4820	/16842832//7021913/1883779/3.67/3.71//2008-9-18 11:24:11
77/600115/东方航空/3.670	24430	3.660	3900	3.650	278500	0.000	0	0.000	0	3.680	17764	3.690	19211	3.700	42200	3.710	2900	3.720	4820	/16842832//7049470/1891279/3.68/3.71//2008-9-18 11:25:12
77/600115/东方航空/3.660	4700	3.650	276600	0.000	0	0.000	0	0.000	0	3.670	14797	3.680	17664	3.690	10500	3.700	42200	3.710	2900	/16842832//7140603/1916109/3.67/3.71//2008-9-18 11:26:12
77/600115/东方航空/3.660	8300	3.650	275400	0.000	0	0.000	0	0.000	0	3.670	25297	3.680	17264	3.690	10518	3.700	42200	3.710	2900	/16842832//7151600/1919109/3.66/3.71//2008-9-18 11:27:13
77/600115/东方航空/3.660	12400	3.650	272400	0.000	0	0.000	0	0.000	0	3.670	25297	3.680	17264	3.690	10518	3.700	42200	3.710	2900	/16842832//7158554/1921009/3.66/3.71//2008-9-18 11:28:13
77/600115/东方航空/3.650	269300	0.000	0	0.000	0	0.000	0	0.000	0	3.660	9200	3.670	15297	3.680	7700	3.690	5318	3.700	41700	/16842832//7227713/1939909/3.66/3.71//2008-9-18 11:29:14
77/600115/东方航空/3.650	256200	0.000	0	0.000	0	0.000	0	0.000	0	3.660	1100	3.670	15797	3.680	7700	3.690	3318	3.700	41700	/16842832//7346565/1972409/3.65/3.71//2008-9-18 11:30:14
77/600115/东方航空/3.650	256200	0.000	0	0.000	0	0.000	0	0.000	0	3.660	1100	3.670	15797	3.680	7700	3.690	3318	3.700	41700	/16842832//7346565/1972409/3.65/3.71//2008-9-18 11:31:15
77/600115/东方航空/3.660	900	3.650	318101	0.000	0	0.000	0	0.000	0	3.670	9897	3.680	7700	3.690	3718	3.700	42000	3.710	2500	/16842832//7948390/2137108/3.66/3.71//2008-9-18 13:1:15
77/600115/东方航空/3.650	300801	0.000	0	0.000	0	0.000	0	0.000	0	3.660	104900	3.670	9897	3.680	7700	3.690	3718	3.700	42000	/16842832//8076393/2172108/3.66/3.71//2008-9-18 13:2:16
77/600115/东方航空/3.650	289501	0.000	0	0.000	0	0.000	0	0.000	0	3.660	140999	3.670	9897	3.680	7700	3.690	3718	3.700	42600	/16842832//8165057/2196408/3.66/3.71//2008-9-18 13:3:16
77/600115/东方航空/3.650	287701	0.000	0	0.000	0	0.000	0	0.000	0	3.660	140287	3.670	9897	3.680	7700	3.690	3718	3.700	42600	/16842832//8182940/2201308/3.66/3.71//2008-9-18 13:4:17
77/600115/东方航空/3.650	262901	0.000	0	0.000	0	0.000	0	0.000	0	3.660	132849	3.670	9897	3.680	8200	3.690	3718	3.700	42600	/16842832//8210699/2208908/3.66/3.71//2008-9-18 13:5:17
77/600115/东方航空/3.650	256909	0.000	0	0.000	0	0.000	0	0.000	0	3.660	110899	3.670	11797	3.680	7700	3.690	7168	3.700	44200	/16842832//8322974/2239600/3.65/3.71//2008-9-18 13:6:18
77/600115/东方航空/3.650	351209	0.000	0	0.000	0	0.000	0	0.000	0	3.660	79899	3.670	11797	3.680	7700	3.690	7168	3.700	43700	/16842832//8484982/2283900/3.65/3.71//2008-9-18 13:7:18
77/600115/东方航空/3.650	348409	0.000	0	0.000	0	0.000	0	0.000	0	3.660	21700	3.670	11797	3.680	7700	3.690	7168	3.700	43700	/16842832//8522983/2294300/3.66/3.71//2008-9-18 13:8:19
77/600115/东方航空/3.650	296710	0.000	0	0.000	0	0.000	0	0.000	0	3.660	19900	3.670	11797	3.680	7700	3.690	7168	3.700	44500	/16842832//8742009/2354299/3.66/3.71//2008-9-18 13:9:19
77/600115/东方航空/3.650	291160	0.000	0	0.000	0	0.000	0	0.000	0	3.660	16600	3.670	11797	3.680	7700	3.690	7168	3.700	44900	/16842832//8778360/2364249/3.66/3.71//2008-9-18 13:10:20
77/600115/东方航空/3.660	1800	3.650	288310	0.000	0	0.000	0	0.000	0	3.670	11397	3.680	7700	3.690	7168	3.700	45900	3.710	2500	/16842832//8868169/2388799/3.67/3.71//2008-9-18 13:11:20
77/600115/东方航空/3.650	284410	0.000	0	0.000	0	0.000	0	0.000	0	3.660	5200	3.670	12197	3.680	7700	3.690	7168	3.700	45900	/16842832//8892327/2395399/3.66/3.71//2008-9-18 13:12:21
77/600115/东方航空/3.660	800	3.650	284010	0.000	0	0.000	0	0.000	0	3.670	22697	3.680	7700	3.690	7168	3.700	46600	3.710	2500	/16842832//8915750/2401799/3.66/3.71//2008-9-18 13:13:21
77/600115/东方航空/3.650	264310	0.000	0	0.000	0	0.000	0	0.000	0	3.660	1500	3.670	24197	3.680	7700	3.690	7168	3.700	45300	/16842832//9005586/2426399/3.66/3.71//2008-9-18 13:14:22
77/600115/东方航空/3.650	204510	0.000	0	0.000	0	0.000	0	0.000	0	3.660	12400	3.670	14697	3.680	7700	3.690	7168	3.700	45300	/16842832//9475048/2554999/3.65/3.71//2008-9-18 13:15:22
77/600115/东方航空/3.650	203810	0.000	0	0.000	0	0.000	0	0.000	0	3.660	11700	3.670	14497	3.680	7700	3.690	7168	3.700	45300	/16842832//9266282/2497799/3.66/3.71//2008-9-18 13:16:23
77/600115/东方航空/3.650	196310	0.000	0	0.000	0	0.000	0	0.000	0	3.660	11600	3.670	14497	3.680	7700	3.690	7168	3.700	45300	/16842832//9318121/2511999/3.65/3.71//2008-9-18 13:17:23
77/600115/东方航空/3.650	162010	0.000	0	0.000	0	0.000	0	0.000	0	3.660	37200	3.670	14497	3.680	7700	3.690	7168	3.700	45300	/16842832//9485732/2557899/3.65/3.71//2008-9-18 13:18:24
77/600115/东方航空/3.650	152210	0.000	0	0.000	0	0.000	0	0.000	0	3.660	39900	3.670	14497	3.680	7700	3.690	3718	3.700	44200	/16842832//9526616/2569099/3.66/3.71//2008-9-18 13:19:24
77/600115/东方航空/3.650	157210	0.000	0	0.000	0	0.000	0	0.000	0	3.660	26950	3.670	14417	3.680	7700	3.690	3718	3.700	44200	/16842832//9540128/2572799/3.66/3.71//2008-9-18 13:20:25
77/600115/东方航空/3.650	189010	0.000	0	0.000	0	0.000	0	0.000	0	3.660	30200	3.670	14417	3.680	7700	3.690	3718	3.700	44200	/16842832//9570463/2581099/3.66/3.71//2008-9-18 13:21:25
77/600115/东方航空/3.650	196210	0.000	0	0.000	0	0.000	0	0.000	0	3.660	27600	3.670	14417	3.680	7700	3.690	5718	3.700	44200	/16842832//9594614/2587699/3.66/3.71//2008-9-18 13:22:26
77/600115/东方航空/3.650	199410	0.000	0	0.000	0	0.000	0	0.000	0	3.660	23600	3.670	13417	3.680	7700	3.690	5718	3.700	44200	/16842832//9612914/2592699/3.66/3.71//2008-9-18 13:23:26
77/600115/东方航空/3.660	102500	3.650	181110	0.000	0	0.000	0	0.000	0	3.670	13417	3.680	7700	3.690	3718	3.700	44200	3.710	2900	/16842832//9717580/2621299/3.66/3.71//2008-9-18 13:24:27
77/600115/东方航空/3.660	93783	3.650	182410	0.000	0	0.000	0	0.000	0	3.670	7100	3.680	7200	3.690	3718	3.700	44200	3.710	2900	/16842832//9837177/2653916/3.67/3.71//2008-9-18 13:25:27
77/600115/东方航空/3.660	91783	3.650	183110	0.000	0	0.000	0	0.000	0	3.670	7400	3.680	7200	3.690	3918	3.700	43900	3.710	2900	/16842832//9843416/2655616/3.67/3.71//2008-9-18 13:26:28
77/600115/东方航空/3.670	13800	3.660	88083	3.650	186110	0.000	0	0.000	0	3.680	7200	3.690	3918	3.700	25700	3.710	2900	3.720	3700	/16842832//9886678/2667416/3.67/3.71//2008-9-18 13:27:28
77/600115/东方航空/3.680	81000	3.670	23300	3.660	4300	3.650	185410	0.000	0	3.690	10018	3.700	25500	3.710	2900	3.720	3700	3.730	900	/16842832//9939628/2681816/3.68/3.71//2008-9-18 13:28:29
77/600115/东方航空/3.720	37482	3.680	3900	3.670	23500	3.660	4100	3.650	186510	3.730	900	3.740	8300	3.750	30800	3.760	200	3.770	2000	/16842832//10242107/2763552/3.72/3.71//2008-9-18 13:29:29
77/600115/东方航空/3.720	35692	3.680	8900	3.670	23600	3.660	4100	3.650	187510	3.730	4300	3.740	8800	3.750	30900	3.760	200	3.770	2000	/16842832//10095164/2723824/3.72/3.71//2008-9-18 13:30:30
77/600115/东方航空/3.700	1500	3.680	7900	3.670	23600	3.660	8100	3.650	187510	3.740	200	3.750	14650	3.760	1200	3.770	2100	3.780	7920	/16842832//10228903/2759624/3.75/3.71//2008-9-18 13:31:30
77/600115/东方航空/3.730	1000	3.720	22500	3.700	2900	3.680	7900	3.670	23600	3.740	300	3.750	12350	3.760	1200	3.770	2100	3.780	7920	/16842832//10285970/2774924/3.75/3.71//2008-9-18 13:32:31
77/600115/东方航空/3.730	2900	3.700	1900	3.680	8100	3.670	23600	3.660	14400	3.740	3300	3.750	7150	3.760	200	3.770	2000	3.780	9420	/16842832//10333121/2787524/3.73/3.71//2008-9-18 13:33:31
77/600115/东方航空/3.730	2200	3.700	2100	3.680	15300	3.670	23600	3.660	14700	3.740	1000	3.750	5650	3.760	200	3.770	2000	3.780	9420	/16842832//10344334/2790524/3.73/3.71//2008-9-18 13:34:32
77/600115/东方航空/3.770	4150	3.750	1200	3.740	1000	3.730	7600	3.700	5000	3.780	9420	3.790	2600	3.800	23600	3.820	4700	3.830	1300	/16842832//10376053/2798974/3.77/3.71//2008-9-18 13:35:32
77/600115/东方航空/3.770	5300	3.750	2200	3.740	1600	3.730	2700	3.700	4500	3.780	4900	3.790	3600	3.800	23100	3.820	4700	3.830	1000	/16842832//10413393/2808874/3.77/3.71//2008-9-18 13:36:33
77/600115/东方航空/3.780	9400	3.770	5200	3.750	3300	3.740	1600	3.730	2700	3.790	4000	3.800	23200	3.820	6200	3.830	1000	3.840	7600	/16842832//10482164/2827074/3.78/3.71//2008-9-18 13:37:34
77/600115/东方航空/3.740	600	3.730	2400	3.700	4800	3.680	15400	3.670	21600	3.770	17579	3.780	4500	3.790	32900	3.800	22500	3.820	6200	/16842832//10559476/2847574/3.77/3.71//2008-9-18 13:38:34
77/600115/东方航空/3.730	2400	3.700	5300	3.680	15500	3.670	21600	3.660	7000	3.740	200	3.750	12700	3.770	18279	3.780	4600	3.790	32400	/16842832//10572947/2851174/3.74/3.71//2008-9-18 13:39:35
77/600115/东方航空/3.740	6500	3.710	1000	3.700	6900	3.680	15500	3.670	21600	3.750	12300	3.770	17379	3.780	5600	3.790	21100	3.800	24300	/16842832//10603561/2859374/3.74/3.71//2008-9-18 13:40:35
77/600115/东方航空/3.750	7000	3.740	1500	3.710	3600	3.700	11500	3.690	2400	3.770	13679	3.780	5700	3.790	21100	3.800	24300	3.820	6300	/16842832//10668881/2876774/3.77/3.71//2008-9-18 13:41:36
77/600115/东方航空/3.760	1300	3.750	9100	3.740	1500	3.710	5000	3.700	12500	3.770	14079	3.780	9600	3.790	6000	3.800	25200	3.820	6300	/16842832//10688469/2881974/3.77/3.71//2008-9-18 13:42:36
77/600115/东方航空/3.750	7500	3.740	4600	3.710	1000	3.700	33600	3.690	2400	3.760	4900	3.770	10979	3.780	6100	3.790	7000	3.800	23200	/16842832//10712952/2888474/3.76/3.71//2008-9-18 13:43:37
77/600115/东方航空/3.750	600	3.740	4600	3.710	1000	3.700	35100	3.690	2900	3.770	7279	3.780	6100	3.790	7000	3.800	23700	3.820	46900	/16842832//10750961/2898574/3.77/3.71//2008-9-18 13:44:37
77/600115/东方航空/3.750	3000	3.740	4500	3.710	1400	3.700	36000	3.690	2900	3.760	1800	3.770	4779	3.780	5600	3.790	7000	3.800	23900	/16842832//10784828/2907574/3.76/3.71//2008-9-18 13:45:38
77/600115/东方航空/3.780	9921	3.770	3300	3.760	22400	3.750	8500	3.740	4600	3.790	4100	3.800	23900	3.810	700	3.820	2500	3.830	2000	/16842832//10851202/2925153/3.78/3.71//2008-9-18 13:46:39
77/600115/东方航空/3.790	300	3.770	3500	3.760	21800	3.750	4500	3.740	4600	3.800	23279	3.810	700	3.820	2900	3.830	2100	3.840	7900	/16842832//10922102/2943874/3.8/3.71//2008-9-18 13:47:39
77/600115/东方航空/3.790	1700	3.780	4700	3.770	14000	3.760	21800	3.750	3400	3.800	3979	3.810	2700	3.820	2900	3.830	2100	3.840	7900	/16842832//10995441/2963174/3.8/3.71//2008-9-18 13:48:40
77/600115/东方航空/3.790	5000	3.780	6400	3.770	13000	3.760	21800	3.750	3400	3.800	3200	3.810	1879	3.820	1400	3.830	16600	3.840	7600	/16842832//11041011/2975174/3.8/3.71//2008-9-18 13:49:40
77/600115/东方航空/3.780	5400	3.770	10700	3.760	22700	3.750	3400	3.740	4600	3.790	3300	3.800	7200	3.810	1579	3.820	2800	3.830	16700	/16842832//11077036/2984674/3.78/3.71//2008-9-18 13:50:41
77/600115/东方航空/3.770	10700	3.760	22700	3.750	1400	3.740	4600	3.710	1000	3.780	7200	3.790	7399	3.800	11200	3.810	1579	3.820	2800	/16842832//11095936/2989674/3.78/3.71//2008-9-18 13:51:41
77/600115/东方航空/3.760	21600	3.750	700	3.740	4600	3.710	1000	3.700	33300	3.770	5500	3.780	9900	3.790	4599	3.800	8300	3.810	16579	/16842832//11140428/3001474/3.77/3.71//2008-9-18 13:52:42
77/600115/东方航空/3.770	600	3.760	18400	3.750	200	3.740	5400	3.710	1000	3.780	5900	3.790	4099	3.800	8700	3.810	17579	3.820	2800	/16842832//11176211/3010974/3.77/3.71//2008-9-18 13:53:42
77/600115/东方航空/3.750	200	3.740	5400	3.710	3000	3.700	33400	3.690	4700	3.760	11100	3.770	5000	3.780	5900	3.790	4099	3.800	9400	/16842832//11254804/3031874/3.76/3.71//2008-9-18 13:54:43
77/600115/东方航空/3.710	6200	3.700	33500	3.690	4700	3.680	16500	3.670	20900	3.740	9600	3.750	4500	3.760	15400	3.770	6400	3.780	9900	/16842832//11299722/3043874/3.74/3.71//2008-9-18 13:55:44
77/600115/东方航空/3.710	500	3.700	35800	3.690	4700	3.680	16500	3.670	20900	3.740	2500	3.750	2500	3.760	400	3.770	6400	3.780	9900	/16842832//11364460/3061274/3.74/3.71//2008-9-18 13:56:44
77/600115/东方航空/3.720	10000	3.710	4600	3.700	49600	3.690	4700	3.680	16800	3.730	1500	3.740	6200	3.750	2600	3.760	400	3.770	6400	/16842832//11373737/3063774/3.71/3.71//2008-9-18 13:57:45
77/600115/东方航空/3.710	5400	3.700	50300	3.690	4700	3.680	16800	3.670	20900	3.730	200	3.740	3200	3.750	2600	3.760	400	3.770	6400	/16842832//11428466/3078474/3.73/3.71//2008-9-18 13:58:45
77/600115/东方航空/3.740	800	3.730	3600	3.720	1000	3.710	18700	3.700	49800	3.750	2600	3.760	400	3.770	6400	3.780	4000	3.790	4099	/16842832//11446787/3083374/3.74/3.71//2008-9-18 13:59:46
77/600115/东方航空/3.740	1500	3.730	1500	3.720	500	3.710	19700	3.700	44800	3.750	2300	3.760	400	3.770	6400	3.780	4000	3.790	5099	/16842832//11460627/3087074/3.75/3.71//2008-9-18 14:0:47
77/600115/东方航空/3.730	1500	3.710	19700	3.700	55000	3.690	4700	3.680	21300	3.740	10100	3.750	800	3.760	400	3.770	6400	3.780	5000	/16842832//11471863/3090074/3.74/3.71//2008-9-18 14:1:47
77/600115/东方航空/3.710	12100	3.700	49000	3.690	4700	3.680	21300	3.670	20900	3.740	5100	3.750	800	3.760	800	3.770	6400	3.780	4600	/16842832//11516299/3101974/3.74/3.71//2008-9-18 14:2:48
77/600115/东方航空/3.730	4100	3.720	2100	3.710	13200	3.700	51400	3.690	5400	3.740	5300	3.750	800	3.760	800	3.770	6400	3.780	4600	/16842832//11520029/3102974/3.73/3.71//2008-9-18 14:3:48
77/600115/东方航空/3.720	6200	3.710	12400	3.700	55200	3.690	5400	3.680	21300	3.730	5300	3.740	5700	3.750	800	3.760	1400	3.770	6400	/16842832//11534201/3106774/3.72/3.71//2008-9-18 14:4:49
77/600115/东方航空/3.720	2000	3.710	2800	3.700	50000	3.690	5400	3.680	21300	3.730	2000	3.740	5200	3.750	800	3.760	6400	3.770	6400	/16842832//11569194/3116174/3.72/3.71//2008-9-18 14:5:50
77/600115/东方航空/3.730	3900	3.720	1600	3.710	10000	3.700	51600	3.690	3000	3.740	1900	3.750	1400	3.760	6400	3.770	6400	3.780	4600	/16842832//11587114/3120974/3.74/3.71//2008-9-18 14:6:50
77/600115/东方航空/3.740	2300	3.730	3100	3.720	1600	3.710	10000	3.700	51600	3.750	2100	3.760	6400	3.770	6400	3.780	3600	3.790	9999	/16842832//11607335/3126374/3.75/3.71//2008-9-18 14:7:51
77/600115/东方航空/3.740	1200	3.730	3100	3.720	2600	3.710	9500	3.700	52300	3.750	3200	3.760	6500	3.770	6400	3.780	3600	3.790	9999	/16842832//11618944/3129474/3.75/3.71//2008-9-18 14:8:51
77/600115/东方航空/3.740	9900	3.730	3300	3.720	1000	3.710	10300	3.700	56700	3.750	5160	3.760	5500	3.770	6400	3.780	3600	3.790	9999	/16842832//11649980/3137774/3.74/3.71//2008-9-18 14:9:52
77/600115/东方航空/3.750	6740	3.740	4100	3.730	27900	3.720	300	3.710	10300	3.760	5500	3.770	6400	3.780	3600	3.790	9999	3.800	9500	/16842832//11699250/3150934/3.75/3.71//2008-9-18 14:10:53
77/600115/东方航空/3.760	8500	3.750	68240	3.740	8800	3.730	27900	3.720	300	3.770	6400	3.780	3600	3.790	9999	3.800	9900	3.810	5579	/16842832//11726687/3158234/3.76/3.71//2008-9-18 14:11:53
77/600115/东方航空/3.770	58900	3.760	2000	3.750	69940	3.740	8100	3.730	27900	3.780	3600	3.790	9999	3.800	9900	3.810	9579	3.820	2300	/16842832//11744023/3162834/3.77/3.71//2008-9-18 14:12:54
77/600115/东方航空/3.780	7500	3.770	60200	3.760	3500	3.750	64940	3.740	7600	3.790	9999	3.800	14900	3.810	8000	3.820	2300	3.830	2500	/16842832//11761407/3167434/3.77/3.71//2008-9-18 14:13:55
77/600115/东方航空/3.790	12001	3.780	15000	3.770	63600	3.760	3500	3.750	65940	3.800	14600	3.810	8000	3.820	2300	3.830	2500	3.840	9100	/16842832//11808400/3179833/3.79/3.71//2008-9-18 14:14:55
77/600115/东方航空/3.800	13550	3.790	20201	3.780	11700	3.770	67500	3.760	3000	3.810	6000	3.820	1500	3.830	2500	3.840	9100	3.850	12300	/16842832//11876240/3197683/3.8/3.71//2008-9-18 14:15:56
77/600115/东方航空/3.800	10150	3.790	20001	3.780	11700	3.770	67500	3.760	2500	3.810	9400	3.820	1500	3.830	2500	3.840	9100	3.850	12900	/16842832//11937882/3213883/3.8/3.71//2008-9-18 14:16:56
77/600115/东方航空/3.800	5950	3.790	15201	3.780	11200	3.770	66700	3.760	2500	3.810	2100	3.820	1800	3.830	6800	3.840	9100	3.850	12600	/16842832//11995740/3229083/3.8/3.71//2008-9-18 14:17:57
77/600115/东方航空/3.820	3300	3.800	3840	3.790	15201	3.780	7500	3.770	67700	3.830	6800	3.840	9200	3.850	12100	3.860	5700	3.870	5800	/16842832//12071995/3249093/3.8/3.71//2008-9-18 14:18:58
77/600115/东方航空/3.830	1900	3.820	1900	3.810	11700	3.800	4140	3.790	15201	3.850	5100	3.860	4700	3.870	5800	3.880	5500	3.890	10300	/16842832//12221868/3288193/3.85/3.71//2008-9-18 14:19:58
77/600115/东方航空/3.850	6100	3.840	2700	3.830	1900	3.820	200	3.810	14200	3.860	3200	3.870	5800	3.880	6000	3.890	10800	3.900	17000	/16842832//12249672/3295393/3.86/3.71//2008-9-18 14:20:59
77/600115/东方航空/3.870	3500	3.860	13300	3.850	28119	3.840	1200	3.810	10200	3.880	6500	3.890	10200	3.900	16100	3.910	2000	3.920	2200	/16842832//12315797/3312474/3.87/3.71//2008-9-18 14:22:0
77/600115/东方航空/3.880	24500	3.870	45900	3.860	23900	3.850	26019	3.840	1200	3.890	6000	3.900	14100	3.910	2000	3.920	2200	3.930	4600	/16842832//12382563/3329674/3.88/3.71//2008-9-18 14:23:0
77/600115/东方航空/3.900	84395	3.890	27300	3.880	30500	3.870	46100	3.860	22800	3.910	1300	3.920	3200	3.930	4600	3.940	300	3.950	16099	/16842832//12478042/3354179/3.91/3.71//2008-9-18 14:24:1
77/600115/东方航空/3.920	8100	3.910	12600	3.900	17600	3.890	21900	3.880	23800	3.930	1900	3.940	6300	3.950	22099	3.960	2700	3.980	15700	/16842832//12527403/3366779/3.93/3.71//2008-9-18 14:25:2
77/600115/东方航空/3.910	1700	3.900	11400	3.890	20400	3.880	19300	3.870	2600	3.920	9800	3.930	6900	3.940	14400	3.950	22799	3.960	2700	/16842832//12655374/3399379/3.91/3.71//2008-9-18 14:26:2
77/600115/东方航空/3.890	9900	3.880	17900	3.870	2600	3.860	11400	3.850	10219	3.900	8200	3.910	17200	3.920	23200	3.930	10100	3.940	8900	/16842832//12747240/3422879/3.9/3.71//2008-9-18 14:27:3
77/600115/东方航空/3.880	6500	3.870	4700	3.860	10700	3.850	10219	3.840	1200	3.890	15800	3.900	63400	3.910	11800	3.920	19600	3.930	10400	/16842832//12803176/3437279/3.88/3.71//2008-9-18 14:28:4
77/600115/东方航空/3.860	5500	3.850	8219	3.840	1400	3.820	13600	3.810	8700	3.870	24200	3.880	62170	3.890	4800	3.900	49000	3.910	7000	/16842832//12872090/3455079/3.87/3.71//2008-9-18 14:29:4
77/600115/东方航空/3.840	2400	3.830	5000	3.820	13600	3.810	8700	3.800	8800	3.850	19000	3.860	45200	3.870	7300	3.880	56870	3.890	3600	/16842832//12922954/3468279/3.84/3.71//2008-9-18 14:30:5
77/600115/东方航空/3.830	5000	3.820	13600	3.810	5300	3.800	20800	3.790	4400	3.840	12600	3.850	13800	3.860	49900	3.870	8500	3.880	52170	/16842832//12939850/3472679/3.84/3.71//2008-9-18 14:31:6
77/600115/东方航空/3.830	3600	3.820	13600	3.810	11700	3.800	20900	3.790	4400	3.840	16720	3.850	3800	3.860	49600	3.870	7000	3.880	52170	/16842832//12984297/3484279/3.84/3.71//2008-9-18 14:32:6
77/600115/东方航空/3.840	1000	3.830	3200	3.820	1100	3.810	1481	3.800	21900	3.850	2000	3.860	49600	3.870	7000	3.880	49870	3.900	38200	/16842832//13160176/3530198/3.81/3.71//2008-9-18 14:33:7
77/600115/东方航空/3.850	9200	3.830	3200	3.820	1100	3.810	51881	3.800	24400	3.860	49300	3.870	7000	3.880	32670	3.900	34800	3.910	7100	/16842832//13269075/3558498/3.84/3.71//2008-9-18 14:34:8
77/600115/东方航空/3.850	600	3.840	15300	3.830	4200	3.820	3600	3.810	51881	3.860	46000	3.870	7000	3.880	32670	3.900	32600	3.910	7100	/16842832//13284891/3562598/3.86/3.71//2008-9-18 14:35:8
77/600115/东方航空/3.850	800	3.840	17700	3.830	4200	3.820	7900	3.810	53781	3.860	42200	3.870	7300	3.880	32670	3.900	33800	3.910	7100	/16842832//13311111/3569398/3.86/3.71//2008-9-18 14:36:9
77/600115/东方航空/3.840	9400	3.830	2200	3.820	7400	3.810	37181	3.800	27800	3.850	300	3.860	43600	3.870	7300	3.880	32870	3.900	33300	/16842832//13361163/3582398/3.85/3.71//2008-9-18 14:37:10
77/600115/东方航空/3.840	4200	3.830	1200	3.820	22900	3.810	36681	3.800	27800	3.850	4000	3.860	48800	3.870	7000	3.880	32870	3.900	35100	/16842832//13393888/3590898/3.85/3.71//2008-9-18 14:38:10
77/600115/东方航空/3.830	1100	3.820	20800	3.810	34781	3.800	28800	3.790	7300	3.840	7000	3.850	9100	3.860	46700	3.870	7000	3.880	32870	/16842832//13435027/3601598/3.84/3.71//2008-9-18 14:39:11
77/600115/东方航空/3.820	19700	3.810	33281	3.800	28400	3.790	7300	3.780	4500	3.840	900	3.850	400	3.860	46900	3.870	7000	3.880	31870	/16842832//13521897/3624198/3.85/3.71//2008-9-18 14:40:12
77/600115/东方航空/3.820	19200	3.810	26000	3.800	24600	3.790	7300	3.780	4500	3.840	700	3.850	900	3.860	46400	3.870	7000	3.880	31870	/16842832//13561679/3634598/3.84/3.71//2008-9-18 14:41:12
77/600115/东方航空/3.840	6600	3.830	100	3.820	63800	3.810	25600	3.800	24600	3.850	19600	3.860	48500	3.870	7000	3.880	31870	3.900	37200	/16842832//13576263/3638398/3.84/3.71//2008-9-18 14:42:13
77/600115/东方航空/3.840	1200	3.830	100	3.820	64900	3.810	25600	3.800	24800	3.850	19200	3.860	48500	3.870	7400	3.880	34870	3.900	37200	/16842832//13606215/3646198/3.84/3.71//2008-9-18 14:43:14
77/600115/东方航空/3.830	4100	3.820	61000	3.810	26200	3.800	24500	3.790	7300	3.850	10100	3.860	48500	3.870	7400	3.880	34870	3.900	36300	/16842832//13679659/3665298/3.85/3.71//2008-9-18 14:44:14
77/600115/东方航空/3.840	400	3.830	9200	3.820	61000	3.810	26700	3.800	24500	3.850	10700	3.860	50900	3.870	7400	3.880	35370	3.900	30800	/16842832//13687732/3667398/3.84/3.71//2008-9-18 14:45:15
77/600115/东方航空/3.840	3000	3.830	7600	3.820	62800	3.810	26700	3.800	24400	3.850	7550	3.860	46900	3.870	7400	3.880	35370	3.900	29600	/16842832//13768572/3688398/3.84/3.71//2008-9-18 14:46:16
77/600115/东方航空/3.830	4200	3.820	61600	3.810	26100	3.800	23900	3.790	7300	3.840	11200	3.850	13950	3.860	47400	3.870	7400	3.880	36370	/16842832//13809240/3698998/3.83/3.71//2008-9-18 14:47:16
77/600115/东方航空/3.820	44100	3.810	21400	3.800	26900	3.790	7300	3.780	4500	3.830	1800	3.840	13700	3.850	14050	3.860	50100	3.870	7400	/16842832//13883395/3718398/3.82/3.71//2008-9-18 14:48:17
77/600115/东方航空/3.810	22400	3.800	26300	3.790	7300	3.780	4500	3.770	58500	3.820	34700	3.840	13700	3.850	9550	3.860	50100	3.870	7400	/16842832//14069072/3766998/3.82/3.71//2008-9-18 14:49:18
77/600115/东方航空/3.810	9400	3.800	20500	3.790	7300	3.780	5400	3.770	58500	3.820	27000	3.840	13700	3.850	19250	3.860	47800	3.870	7400	/16842832//14163274/3791698/3.81/3.71//2008-9-18 14:50:18
77/600115/东方航空/3.800	19100	3.790	7300	3.780	5400	3.770	58500	3.760	1500	3.810	6000	3.820	28100	3.830	1800	3.840	14300	3.850	24450	/16842832//14212407/3804598/3.8/3.71//2008-9-18 14:51:19
77/600115/东方航空/3.790	7900	3.780	5400	3.770	58500	3.760	1500	3.750	7300	3.800	3100	3.810	3800	3.820	28100	3.830	5494	3.840	14300	/16842832//14331370/3835898/3.8/3.71//2008-9-18 14:52:20
77/600115/东方航空/3.800	17200	3.790	4550	3.780	13400	3.770	58500	3.760	2000	3.810	4950	3.820	3300	3.830	5494	3.840	12300	3.850	23650	/16842832//14325475/3834348/3.8/3.71//2008-9-18 14:53:21
77/600115/东方航空/3.790	11050	3.780	12800	3.770	58500	3.760	2600	3.750	10900	3.800	14500	3.810	1050	3.820	3800	3.830	7494	3.840	12300	/16842832//14406839/3855748/3.8/3.71//2008-9-18 14:54:21
77/600115/东方航空/3.790	13750	3.780	11000	3.770	59300	3.760	2600	3.750	10900	3.800	29400	3.810	550	3.820	3500	3.830	7494	3.840	12900	/16842832//14458491/3869348/3.8/3.71//2008-9-18 14:55:22
77/600115/东方航空/3.790	8550	3.780	16600	3.770	58500	3.760	3400	3.750	11100	3.800	2800	3.810	550	3.820	4000	3.830	7494	3.840	10800	/16842832//14576265/3900348/3.8/3.71//2008-9-18 14:56:23
77/600115/东方航空/3.800	28701	3.790	9550	3.780	14800	3.770	58500	3.760	3400	3.810	750	3.820	3000	3.830	7494	3.840	10800	3.850	23150	/16842832//14605524/3908047/3.8/3.71//2008-9-18 14:57:23
77/600115/东方航空/3.820	27200	3.810	11700	3.800	31451	3.790	7350	3.780	14400	3.830	9894	3.840	15800	3.850	23150	3.860	53500	3.870	7400	/16842832//14656068/3921297/3.82/3.71//2008-9-18 14:58:24
77/600115/东方航空/3.820	6200	3.810	8200	3.800	31700	3.790	6650	3.780	14700	3.830	3294	3.840	16000	3.850	24450	3.860	53500	3.870	7400	/16842832//14785693/3955197/3.83/3.71//2008-9-18 14:59:25
77/600115/东方航空/3.830	5806	3.820	4100	3.810	10000	3.800	35300	3.790	6650	3.840	16000	3.850	24450	3.860	52400	3.870	7400	3.880	33370	/16842832//14850754/3972191/3.83/3.71//2008-9-18 15:0:26
77/600115/东方航空/3.830	5806	3.820	4100	3.810	10000	3.800	35300	3.790	6650	3.840	16000	3.850	24450	3.860	52400	3.870	7400	3.880	33370	/16842832//14850754/3972191/3.83/3.71//2008-9-18 15:1:26
77/600115/东方航空/3.830	5806	3.820	4100	3.810	10000	3.800	35300	3.790	6650	3.840	16000	3.850	24450	3.860	52400	3.870	7400	3.880	33370	/16842832//14850754/3972191/3.83/3.71//2008-9-18 15:2:27
