71/600108/亚盛集团/2.910	9600	2.900	71400	2.890	4100	2.880	13500	2.870	1300	2.920	16700	2.930	2000	2.940	72600	2.950	29200	2.960	29500	/16842826//269047/91700/2.92/3.02//2008-9-18 9:31:34
71/600108/亚盛集团/2.920	54800	2.910	65300	2.900	93500	2.890	4100	2.880	18000	2.940	69600	2.950	29200	2.960	3500	2.980	5300	2.990	8300	/16842826//337903/115300/2.92/3.02//2008-9-18 9:32:35
71/600108/亚盛集团/2.910	101900	2.900	98100	2.890	4100	2.880	23500	2.870	1300	2.920	22770	2.930	4600	2.940	8500	2.950	29500	2.960	3500	/16842826//760971/259800/2.92/3.02//2008-9-18 9:33:35
71/600108/亚盛集团/2.920	18130	2.910	92500	2.900	94300	2.890	8100	2.880	23600	2.930	3700	2.940	4500	2.950	29500	2.960	3500	2.980	8300	/16842826//886287/302770/2.93/3.02//2008-9-18 9:34:35
71/600108/亚盛集团/2.920	5903	2.910	94600	2.900	103800	2.890	8100	2.880	32000	2.930	55000	2.940	11200	2.950	26100	2.960	1700	2.980	8300	/16842826//1059600/362097/2.92/3.02//2008-9-18 9:35:35
71/600108/亚盛集团/2.920	6300	2.910	86703	2.900	98500	2.890	8700	2.880	33000	2.930	50600	2.940	11200	2.950	27100	2.960	1700	2.980	7300	/16842826//1149727/392996/2.92/3.02//2008-9-18 9:36:36
71/600108/亚盛集团/2.910	53503	2.900	98800	2.890	9200	2.880	34200	2.870	4400	2.930	49000	2.940	10600	2.950	27100	2.960	1700	2.980	10800	/16842826//1318845/450996/2.93/3.02//2008-9-18 9:37:36
71/600108/亚盛集团/2.910	55203	2.900	100200	2.890	9200	2.880	34200	2.870	4400	2.920	3700	2.930	54700	2.940	10600	2.950	59500	2.960	1700	/16842826//1372505/469396/2.91/3.02//2008-9-18 9:38:36
71/600108/亚盛集团/2.910	32303	2.900	109900	2.890	8500	2.880	37200	2.870	4400	2.920	26200	2.930	56400	2.940	4500	2.950	39600	2.960	1700	/16842826//1487916/508996/2.91/3.02//2008-9-18 9:39:36
71/600108/亚盛集团/2.910	24893	2.900	109100	2.890	8500	2.880	37300	2.870	4500	2.920	21300	2.930	53400	2.940	4500	2.950	42800	2.960	500	/16842826//1592204/544806/2.92/3.02//2008-9-18 9:40:36
71/600108/亚盛集团/2.920	2101	2.910	35393	2.900	111200	2.890	8500	2.880	38100	2.930	52600	2.940	4500	2.950	42500	2.960	500	2.980	5300	/16842826//1784173/610605/2.92/3.02//2008-9-18 9:41:37
71/600108/亚盛集团/2.920	16001	2.910	46193	2.900	121200	2.890	13500	2.880	38100	2.930	53400	2.940	8500	2.950	42500	2.960	500	2.980	5300	/16842826//1945971/666005/2.92/3.02//2008-9-18 9:42:37
71/600108/亚盛集团/2.920	44201	2.910	91893	2.900	127800	2.890	13500	2.880	45600	2.930	16600	2.940	4500	2.950	10400	2.960	500	2.980	15300	/16842826//2061674/705505/2.92/3.02//2008-9-18 9:43:37
71/600108/亚盛集团/2.910	25994	2.900	131200	2.890	13600	2.880	46200	2.870	8500	2.920	7000	2.940	4200	2.950	10700	2.960	8000	2.970	3500	/16842826//2569420/879605/2.92/3.02//2008-9-18 9:44:37
71/600108/亚盛集团/2.920	36400	2.910	40494	2.900	131300	2.890	9600	2.880	47100	2.930	100	2.940	4200	2.950	12200	2.960	8000	2.970	3500	/16842826//2622619/897805/2.93/3.02//2008-9-18 9:45:37
71/600108/亚盛集团/2.930	6500	2.920	38000	2.910	84794	2.900	135800	2.890	9900	2.940	28300	2.950	12200	2.960	8000	2.970	4700	2.980	24700	/16842826//2698175/923605/2.93/3.02//2008-9-18 9:46:38
71/600108/亚盛集团/2.930	16200	2.920	45800	2.910	88594	2.900	134000	2.890	9800	2.940	29800	2.950	12200	2.960	8000	2.970	5000	2.980	24700	/16842826//2743888/939205/2.93/3.02//2008-9-18 9:47:38
71/600108/亚盛集团/2.920	50700	2.910	86994	2.900	135800	2.890	9800	2.880	39600	2.930	29200	2.940	32600	2.950	12200	2.960	7500	2.970	5000	/16842826//2858448/978305/2.93/3.02//2008-9-18 9:48:38
71/600108/亚盛集团/2.930	2300	2.920	54400	2.910	90494	2.900	127400	2.890	9800	2.940	21900	2.950	12700	2.960	7500	2.970	5000	2.980	24700	/16842826//3024267/1034905/2.93/3.02//2008-9-18 9:49:39
71/600108/亚盛集团/2.930	4200	2.920	68400	2.910	91494	2.900	130400	2.890	9800	2.940	30700	2.950	14200	2.960	7500	2.970	5000	2.980	24700	/16842826//3044486/1041805/2.94/3.02//2008-9-18 9:50:39
71/600108/亚盛集团/2.930	22900	2.920	104500	2.910	83294	2.900	136300	2.890	9500	2.940	11700	2.950	14200	2.960	7500	2.970	5000	2.980	24700	/16842826//3102698/1061605/2.94/3.02//2008-9-18 9:51:39
71/600108/亚盛集团/2.930	6400	2.920	107000	2.910	57694	2.900	137300	2.890	11600	2.940	22900	2.950	14900	2.960	8100	2.970	5000	2.980	26300	/16842826//3159838/1081105/2.93/3.02//2008-9-18 9:52:39
71/600108/亚盛集团/2.920	60400	2.910	57694	2.900	135000	2.890	11600	2.880	38100	2.930	21300	2.940	23000	2.950	46000	2.960	8100	2.970	5000	/16842826//3281242/1122605/2.92/3.02//2008-9-18 9:53:40
71/600108/亚盛集团/2.910	51884	2.900	136500	2.890	11600	2.880	39000	2.870	9500	2.920	3800	2.930	57500	2.940	23000	2.950	46000	2.960	8100	/16842826//3480980/1191015/2.91/3.02//2008-9-18 9:54:40
71/600108/亚盛集团/2.910	18984	2.900	138100	2.890	11600	2.880	43100	2.870	9500	2.920	44300	2.930	60100	2.940	22400	2.950	55500	2.960	8100	/16842826//3561631/1218715/2.91/3.02//2008-9-18 9:55:40
71/600108/亚盛集团/2.910	184	2.900	135900	2.890	11600	2.880	37700	2.870	9500	2.920	43500	2.930	85100	2.940	19400	2.950	58500	2.960	58100	/16842826//3632653/1243115/2.91/3.02//2008-9-18 9:56:41
71/600108/亚盛集团/2.900	127084	2.890	11600	2.880	41200	2.870	8500	2.860	8300	2.910	39800	2.920	46400	2.930	85800	2.940	19400	2.950	61500	/16842826//3705568/1268215/2.9/3.02//2008-9-18 9:57:41
71/600108/亚盛集团/2.900	108384	2.890	12600	2.880	41200	2.870	8500	2.860	9000	2.910	29400	2.920	52700	2.930	84800	2.940	19400	2.950	61900	/16842826//3838667/1314015/2.91/3.02//2008-9-18 9:58:41
71/600108/亚盛集团/2.900	104084	2.890	12600	2.880	46000	2.870	8500	2.860	9600	2.910	33000	2.920	57200	2.930	84800	2.940	62300	2.950	62500	/16842826//3877578/1327415/2.9/3.02//2008-9-18 9:59:41
71/600108/亚盛集团/2.900	112084	2.890	12600	2.880	45500	2.870	8500	2.860	9600	2.910	36200	2.920	58200	2.930	85300	2.940	60300	2.950	64000	/16842826//3987821/1365415/2.91/3.02//2008-9-18 10:0:42
71/600108/亚盛集团/2.900	90784	2.890	13200	2.880	45500	2.870	8500	2.860	9700	2.910	39500	2.920	74300	2.930	84600	2.940	61700	2.950	64200	/16842826//4111460/1408015/2.9/3.02//2008-9-18 10:1:42
71/600108/亚盛集团/2.890	7600	2.880	45500	2.870	8500	2.860	9700	2.850	56100	2.900	33118	2.910	34600	2.920	81900	2.930	82500	2.940	56000	/16842826//4428990/1517499/2.9/2.9//2008-9-18 10:2:42
71/600108/亚盛集团/2.860	3100	2.850	57300	2.840	5800	2.830	3200	2.820	4000	2.880	157100	2.890	50300	2.900	78216	2.910	43200	2.920	59200	/16842826//4637345/1589899/2.86/2.9//2008-9-18 10:3:42
71/600108/亚盛集团/2.840	3000	2.830	3200	2.820	4000	2.810	14200	2.800	57900	2.850	126600	2.860	72398	2.870	56330	2.880	63100	2.890	27100	/16842826//4806188/1649099/2.85/2.9//2008-9-18 10:4:43
71/600108/亚盛集团/2.800	50300	2.790	6000	2.780	6800	2.770	1000	2.760	3300	2.810	34100	2.820	7600	2.830	31599	2.840	41800	2.850	82000	/16842826//4935264/1694899/2.81/2.9//2008-9-18 10:5:43
71/600108/亚盛集团/2.780	13400	2.770	11200	2.760	5600	2.750	15800	2.740	2800	2.790	6800	2.800	37500	2.810	23893	2.820	51800	2.830	13799	/16842826//5300835/1825399/2.79/2.9//2008-9-18 10:6:43
71/600108/亚盛集团/2.790	372	2.780	500	2.770	4900	2.760	9200	2.750	31200	2.800	68300	2.810	29993	2.820	49000	2.830	11999	2.840	19600	/16842826//5468499/1885627/2.79/2.9//2008-9-18 10:7:44
71/600108/亚盛集团/2.790	19772	2.780	16600	2.770	11900	2.760	37700	2.750	45200	2.800	83400	2.810	23793	2.820	44200	2.830	11099	2.840	19100	/16842826//5592904/1930327/2.79/2.9//2008-9-18 10:8:44
71/600108/亚盛集团/2.800	71800	2.790	51572	2.780	27800	2.770	5300	2.760	34800	2.810	20693	2.820	39400	2.830	11099	2.840	16400	2.850	20400	/16842826//5875844/2031427/2.8/2.9//2008-9-18 10:9:44
71/600108/亚盛集团/2.810	31200	2.800	58100	2.790	58100	2.780	55200	2.770	4800	2.820	14193	2.830	6999	2.840	14700	2.850	18900	2.860	37700	/16842826//6301362/2183127/2.81/2.9//2008-9-18 10:10:44
71/600108/亚盛集团/2.830	1401	2.820	15807	2.810	31700	2.800	76100	2.790	46400	2.840	9400	2.850	12300	2.860	40100	2.870	47400	2.880	25200	/16842826//0/0/2.83/2.9//2008-9-18 10:11:45
71/600108/亚盛集团/2.840	10800	2.830	9301	2.820	18907	2.810	19600	2.800	81300	2.850	3200	2.860	12600	2.870	43500	2.880	25200	2.890	11500	/16842826//6573518/2278919/2.84/2.9//2008-9-18 10:12:45
71/600108/亚盛集团/2.820	307	2.810	13700	2.800	97500	2.790	44100	2.780	72100	2.830	6399	2.840	20000	2.850	55600	2.860	73700	2.870	43500	/16842826//6728377/2333520/2.83/2.9//2008-9-18 10:13:45
71/600108/亚盛集团/2.810	14700	2.800	97500	2.790	46100	2.780	75700	2.770	31400	2.820	4393	2.830	16200	2.840	41600	2.850	39100	2.860	29600	/16842826//6764177/2346227/2.81/2.9//2008-9-18 10:14:46
71/600108/亚盛集团/2.810	23608	2.800	107000	2.790	44900	2.780	50500	2.770	31900	2.820	21000	2.830	17600	2.840	20400	2.850	18800	2.860	39600	/16842826//6817410/2365119/2.82/2.9//2008-9-18 10:15:46
71/600108/亚盛集团/2.820	7700	2.810	22608	2.800	108300	2.790	45000	2.780	48500	2.830	14600	2.840	19300	2.850	18250	2.860	33800	2.870	44500	/16842826//0/0/2.82/2.9//2008-9-18 10:16:46
71/600108/亚盛集团/2.830	25260	2.820	3100	2.810	26008	2.800	141900	2.790	45500	2.840	3600	2.850	14750	2.860	33800	2.870	44500	2.880	19250	/16842826//7069375/2454459/2.83/2.9//2008-9-18 10:17:47
71/600108/亚盛集团/2.840	5489	2.830	6200	2.820	7100	2.810	23508	2.800	111900	2.850	28650	2.860	18200	2.870	44500	2.880	19750	2.890	11700	/16842826//7104285/2466770/2.84/2.9//2008-9-18 10:18:47
71/600108/亚盛集团/2.840	3489	2.830	35200	2.820	6700	2.810	48408	2.800	118900	2.850	8700	2.860	20700	2.870	45200	2.880	18750	2.890	11700	/16842826//7153517/2484070/2.85/2.9//2008-9-18 10:19:47
71/600108/亚盛集团/2.850	25800	2.840	5500	2.830	35200	2.820	17800	2.810	45008	2.860	10300	2.870	46500	2.880	18750	2.890	11700	2.900	88166	/16842826//7245384/2516270/2.86/2.9//2008-9-18 10:20:48
71/600108/亚盛集团/2.840	6500	2.830	33500	2.820	17800	2.810	46208	2.800	162600	2.850	1000	2.860	3600	2.870	45200	2.880	19200	2.890	13200	/16842826//7377480/2562570/2.86/2.9//2008-9-18 10:21:48
71/600108/亚盛集团/2.830	34400	2.820	19600	2.810	48608	2.800	166300	2.790	32100	2.840	350	2.850	15500	2.860	83500	2.870	46200	2.880	22100	/16842826//7423870/2578870/2.84/2.9//2008-9-18 10:22:48
71/600108/亚盛集团/2.830	2200	2.820	10400	2.810	49108	2.800	172800	2.790	35000	2.840	21250	2.850	19320	2.860	82000	2.870	46200	2.880	22500	/16842826//7445442/2586470/2.84/2.9//2008-9-18 10:23:48
71/600108/亚盛集团/2.810	17698	2.800	173600	2.790	36800	2.780	52100	2.770	5300	2.830	31700	2.840	11650	2.850	16320	2.860	82000	2.870	46200	/16842826//7625113/2650180/2.83/2.9//2008-9-18 10:24:49
71/600108/亚盛集团/2.810	200	2.800	162098	2.790	36800	2.780	52100	2.770	3000	2.820	500	2.830	2100	2.840	11450	2.850	19420	2.860	82000	/16842826//7824355/2721180/2.8/2.9//2008-9-18 10:25:49
71/600108/亚盛集团/2.830	6400	2.820	2100	2.810	600	2.800	200898	2.790	35800	2.840	10450	2.850	37320	2.860	86800	2.870	46200	2.880	22500	/16842826//8028427/2793780/2.83/2.9//2008-9-18 10:26:49
71/600108/亚盛集团/2.810	700	2.800	1298	2.790	35900	2.780	55400	2.770	9000	2.830	1000	2.840	8650	2.850	44820	2.860	86300	2.870	46200	/16842826//8736135/3046280/2.84/2.9//2008-9-18 10:27:50
71/600108/亚盛集团/2.780	48500	2.770	5500	2.760	22500	2.750	129000	2.740	15600	2.790	11800	2.800	62502	2.810	3401	2.820	7100	2.830	9000	/16842826//8975743/3131978/2.79/2.9//2008-9-18 10:28:50
71/600108/亚盛集团/2.790	23100	2.780	87800	2.770	5600	2.760	23500	2.750	131700	2.800	63702	2.810	3401	2.820	10600	2.830	9500	2.840	60350	/16842826//9021207/3148278/2.79/2.9//2008-9-18 10:29:50
71/600108/亚盛集团/2.790	10400	2.780	102300	2.770	10200	2.760	26700	2.750	140200	2.800	30502	2.810	3401	2.820	11100	2.830	9500	2.840	60350	/16842826//9171362/3201978/2.8/2.9//2008-9-18 10:30:51
71/600108/亚盛集团/2.790	14000	2.780	107200	2.770	8600	2.760	27700	2.750	145800	2.800	14902	2.810	3001	2.820	11100	2.830	10200	2.840	61750	/16842826//9269232/3236978/2.8/2.9//2008-9-18 10:31:51
71/600108/亚盛集团/2.800	2198	2.790	37200	2.780	110500	2.770	10200	2.760	33700	2.810	3301	2.820	11100	2.830	12200	2.840	61250	2.850	54820	/16842826//9331093/3259080/2.8/2.9//2008-9-18 10:32:51
71/600108/亚盛集团/2.800	7900	2.790	28700	2.780	79800	2.770	10200	2.760	38300	2.810	5201	2.820	11800	2.830	13200	2.840	60450	2.850	34920	/16842826//9414147/3288780/2.8/2.9//2008-9-18 10:33:52
71/600108/亚盛集团/2.800	5500	2.790	90000	2.780	68500	2.770	10200	2.760	38300	2.810	4801	2.820	13300	2.830	11200	2.840	16450	2.850	34920	/16842826//9649420/3372780/2.8/2.9//2008-9-18 10:34:52
71/600108/亚盛集团/2.790	104800	2.780	68000	2.770	10200	2.760	35700	2.750	127100	2.800	11100	2.810	65201	2.820	13100	2.830	12200	2.840	16450	/16842826//9772339/3416680/2.8/2.9//2008-9-18 10:35:52
71/600108/亚盛集团/2.790	96500	2.780	72900	2.770	10200	2.760	37500	2.750	127300	2.810	25201	2.820	13100	2.830	12200	2.840	17150	2.850	37420	/16842826//9816825/3432580/2.79/2.9//2008-9-18 10:36:53
71/600108/亚盛集团/2.800	7100	2.790	96900	2.780	72500	2.770	10300	2.760	39500	2.810	21101	2.820	13100	2.830	12200	2.840	17150	2.850	38420	/16842826//9856600/3446780/2.81/2.9//2008-9-18 10:37:53
71/600108/亚盛集团/2.790	99900	2.780	73200	2.770	10300	2.760	39500	2.750	143400	2.800	6300	2.810	21801	2.820	13100	2.830	11200	2.840	17150	/16842826//9892160/3459480/2.8/2.9//2008-9-18 10:38:53
71/600108/亚盛集团/2.800	15700	2.790	103600	2.780	76700	2.770	10300	2.760	42400	2.810	23801	2.820	13400	2.830	11200	2.840	17150	2.850	43020	/16842826//9947243/3479180/2.8/2.9//2008-9-18 10:39:54
71/600108/亚盛集团/2.800	26101	2.790	104700	2.780	78300	2.770	10800	2.760	42400	2.810	25101	2.820	13400	2.830	11200	2.840	17150	2.850	44420	/16842826//10005778/3500079/2.8/2.9//2008-9-18 10:40:54
71/600108/亚盛集团/2.800	38501	2.790	107200	2.780	80600	2.770	10800	2.760	42700	2.810	21301	2.820	13400	2.830	12300	2.840	17150	2.850	44420	/16842826//10032998/3509779/2.81/2.9//2008-9-18 10:41:54
71/600108/亚盛集团/2.800	66701	2.790	107500	2.780	79700	2.770	10800	2.760	42200	2.810	19801	2.820	11900	2.830	12300	2.840	17150	2.850	44420	/16842826//10072529/3523879/2.81/2.9//2008-9-18 10:42:55
71/600108/亚盛集团/2.810	3399	2.800	67701	2.790	108100	2.780	80800	2.770	10300	2.820	11900	2.830	12300	2.840	22150	2.850	44420	2.860	106700	/16842826//10130979/3544680/2.81/2.9//2008-9-18 10:43:55
71/600108/亚盛集团/2.810	5600	2.800	68601	2.790	111100	2.780	80800	2.770	10300	2.820	15049	2.830	11300	2.840	22150	2.850	44820	2.860	106700	/16842826//10169742/3558479/2.81/2.9//2008-9-18 10:44:56
71/600108/亚盛集团/2.790	106100	2.780	80500	2.770	10300	2.760	42200	2.750	144900	2.800	8999	2.810	90300	2.820	14649	2.830	13300	2.840	22150	/16842826//10396346/3639380/2.8/2.9//2008-9-18 10:45:56
71/600108/亚盛集团/2.790	31900	2.780	84600	2.770	10300	2.760	42300	2.750	147000	2.800	51799	2.810	88800	2.820	14649	2.830	19500	2.840	22150	/16842826//10614581/3717580/2.8/2.9//2008-9-18 10:46:56
71/600108/亚盛集团/2.780	67400	2.770	10300	2.760	42000	2.750	147000	2.740	18800	2.790	74700	2.800	70999	2.810	89000	2.820	18649	2.830	19700	/16842826//10773738/3774680/2.78/2.9//2008-9-18 10:47:57
71/600108/亚盛集团/2.770	10300	2.760	43400	2.750	148200	2.740	19200	2.730	94400	2.780	35260	2.790	95600	2.800	63999	2.810	50100	2.820	18649	/16842826//10985303/3850780/2.78/2.9//2008-9-18 10:48:57
71/600108/亚盛集团/2.760	45800	2.750	150600	2.740	19700	2.730	94400	2.720	316400	2.770	2179	2.780	42100	2.790	80600	2.800	52399	2.810	51500	/16842826//11090765/3888880/2.76/2.9//2008-9-18 10:49:57
71/600108/亚盛集团/2.750	143600	2.740	29300	2.730	99300	2.720	320300	0.000	0	2.760	55460	2.770	69279	2.780	41800	2.790	80600	2.800	53199	/16842826//11267654/3952980/2.76/2.9//2008-9-18 10:50:58
71/600108/亚盛集团/2.740	29300	2.730	99300	2.720	339000	0.000	0	0.000	0	2.750	6100	2.760	10260	2.770	65100	2.780	41300	2.790	75800	/16842826//11768267/4134980/2.75/2.9//2008-9-18 10:51:58
71/600108/亚盛集团/2.720	36200	0.000	0	0.000	0	0.000	0	0.000	0	2.720	45800	2.730	115550	2.740	2600	2.750	36479	2.760	8260	/16842826//13166760/4648580/2.72/2.9//2008-9-18 10:52:58
71/600108/亚盛集团/2.720	22910	0.000	0	0.000	0	0.000	0	0.000	0	2.730	109250	2.740	2600	2.750	33579	2.760	7260	2.770	7400	/16842826//14085005/4986170/2.72/2.9//2008-9-18 10:53:59
71/600108/亚盛集团/2.720	283310	0.000	0	0.000	0	0.000	0	0.000	0	2.730	71350	2.740	2600	2.750	34579	2.760	7260	2.770	6400	/16842826//14255157/5048570/2.73/2.9//2008-9-18 10:54:59
71/600108/亚盛集团/2.730	41850	2.720	330310	0.000	0	0.000	0	0.000	0	2.740	2700	2.750	33479	2.760	7260	2.770	15699	2.780	38300	/16842826//14467940/5126520/2.73/2.9//2008-9-18 10:56:0
71/600108/亚盛集团/2.730	5350	2.720	388310	0.000	0	0.000	0	0.000	0	2.740	15400	2.750	37500	2.760	7260	2.770	15699	2.780	19300	/16842826//14696465/5210120/2.73/2.9//2008-9-18 10:57:0
71/600108/亚盛集团/2.720	355110	0.000	0	0.000	0	0.000	0	0.000	0	2.730	7750	2.740	45900	2.750	38500	2.760	7260	2.770	8399	/16842826//14806532/5250370/2.73/2.9//2008-9-18 10:58:0
71/600108/亚盛集团/2.720	363910	0.000	0	0.000	0	0.000	0	0.000	0	2.730	5100	2.740	62400	2.750	45300	2.760	7260	2.770	8399	/16842826//14965243/5308570/2.72/2.9//2008-9-18 10:59:1
71/600108/亚盛集团/2.720	426510	0.000	0	0.000	0	0.000	0	0.000	0	2.740	62400	2.750	46700	2.760	7260	2.770	8399	2.780	14100	/16842826//15048977/5339270/2.73/2.9//2008-9-18 11:0:1
71/600108/亚盛集团/2.720	417010	0.000	0	0.000	0	0.000	0	0.000	0	2.730	12000	2.740	59000	2.750	46700	2.760	7260	2.770	8399	/16842826//15167116/5382670/2.72/2.9//2008-9-18 11:1:2
71/600108/亚盛集团/2.720	342410	0.000	0	0.000	0	0.000	0	0.000	0	2.730	71000	2.740	61100	2.750	47700	2.760	7260	2.770	6499	/16842826//15486490/5500070/2.72/2.9//2008-9-18 11:2:2
71/600108/亚盛集团/2.720	248261	0.000	0	0.000	0	0.000	0	0.000	0	2.730	63600	2.740	61100	2.750	45900	2.760	7260	2.770	6499	/16842826//15829464/5626119/2.72/2.9//2008-9-18 11:3:2
71/600108/亚盛集团/2.720	241961	0.000	0	0.000	0	0.000	0	0.000	0	2.730	30800	2.740	61100	2.750	48079	2.760	7260	2.770	6499	/16842826//15988623/5684519/2.73/2.9//2008-9-18 11:4:3
71/600108/亚盛集团/2.720	241361	0.000	0	0.000	0	0.000	0	0.000	0	2.730	17800	2.740	60600	2.750	49079	2.760	7260	2.770	6499	/16842826//16111748/5729719/2.73/2.9//2008-9-18 11:5:3
71/600108/亚盛集团/2.720	241861	0.000	0	0.000	0	0.000	0	0.000	0	2.720	102081	2.730	21300	2.740	60600	2.750	48679	2.760	7260	/16842826//16962738/6042580/2.72/2.9//2008-9-18 11:6:4
71/600108/亚盛集团/2.720	102919	0.000	0	0.000	0	0.000	0	0.000	0	2.730	20900	2.740	60600	2.750	48179	2.760	7260	2.770	6499	/16842826//17289912/6162861/2.72/2.9//2008-9-18 11:7:4
71/600108/亚盛集团/2.730	14400	2.720	219819	0.000	0	0.000	0	0.000	0	2.740	58400	2.750	48179	2.760	7260	2.770	7499	2.780	20200	/16842826//17404494/6204861/2.73/2.9//2008-9-18 11:8:4
71/600108/亚盛集团/2.730	20400	2.720	198719	0.000	0	0.000	0	0.000	0	2.740	16000	2.750	46000	2.760	7260	2.770	7499	2.780	20200	/16842826//17560380/6261761/2.74/2.9//2008-9-18 11:9:5
71/600108/亚盛集团/2.740	31400	2.730	48600	2.720	202519	0.000	0	0.000	0	2.750	40879	2.760	7360	2.770	7499	2.780	20200	2.790	34200	/16842826//17625600/6285561/2.75/2.9//2008-9-18 11:10:5
71/600108/亚盛集团/2.740	33200	2.730	72700	2.720	208219	0.000	0	0.000	0	2.750	33579	2.760	7360	2.770	7499	2.780	20200	2.790	34200	/16842826//17672248/6302561/2.75/2.9//2008-9-18 11:11:6
71/600108/亚盛集团/2.740	18600	2.730	58000	2.720	221619	0.000	0	0.000	0	2.750	18179	2.760	9360	2.770	10099	2.780	21200	2.790	35200	/16842826//17791416/6345961/2.75/2.9//2008-9-18 11:12:6
71/600108/亚盛集团/2.740	27100	2.730	61200	2.720	223419	0.000	0	0.000	0	2.750	20279	2.760	10060	2.770	10799	2.780	23800	2.790	35200	/16842826//17822126/6357161/2.74/2.9//2008-9-18 11:13:7
71/600108/亚盛集团/2.740	42100	2.730	60900	2.720	241119	0.000	0	0.000	0	2.750	23379	2.760	6300	2.770	51799	2.780	23800	2.790	35200	/16842826//17875012/6376461/2.74/2.9//2008-9-18 11:14:7
71/600108/亚盛集团/2.730	60200	2.720	236819	0.000	0	0.000	0	0.000	0	2.740	560	2.750	21879	2.760	8300	2.770	51799	2.780	28300	/16842826//17992010/6419161/2.74/2.9//2008-9-18 11:15:7
71/600108/亚盛集团/2.730	62920	2.720	231519	0.000	0	0.000	0	0.000	0	2.740	25060	2.750	20379	2.760	12300	2.770	51799	2.780	28300	/16842826//18000722/6422341/2.74/2.9//2008-9-18 11:16:8
71/600108/亚盛集团/2.720	169539	0.000	0	0.000	0	0.000	0	0.000	0	2.730	2000	2.740	9360	2.750	20279	2.760	20300	2.770	52499	/16842826//18457090/6589841/2.72/2.9//2008-9-18 11:17:8
71/600108/亚盛集团/2.730	3900	2.720	163339	0.000	0	0.000	0	0.000	0	2.740	6060	2.750	24079	2.760	20300	2.770	52499	2.780	28300	/16842826//18503476/6606841/2.74/2.9//2008-9-18 11:18:9
71/600108/亚盛集团/2.730	2500	2.720	187339	0.000	0	0.000	0	0.000	0	2.740	10860	2.750	26979	2.760	20100	2.770	52499	2.780	26300	/16842826//18532696/6617541/2.74/2.9//2008-9-18 11:19:9
71/600108/亚盛集团/2.720	224840	0.000	0	0.000	0	0.000	0	0.000	0	2.730	57100	2.740	14360	2.750	25979	2.760	20100	2.770	52499	/16842826//18594034/6640040/2.72/2.9//2008-9-18 11:20:10
71/600108/亚盛集团/2.720	231140	0.000	0	0.000	0	0.000	0	0.000	0	2.730	14900	2.740	26610	2.750	31879	2.760	20100	2.770	52499	/16842826//18624546/6651240/2.72/2.9//2008-9-18 11:21:10
71/600108/亚盛集团/2.720	213740	0.000	0	0.000	0	0.000	0	0.000	0	2.730	3800	2.740	26410	2.750	31879	2.760	20100	2.770	52499	/16842826//18681702/6672240/2.73/2.9//2008-9-18 11:22:10
71/600108/亚盛集团/2.720	212740	0.000	0	0.000	0	0.000	0	0.000	0	2.740	26410	2.750	29979	2.760	20100	2.770	52499	2.780	25800	/16842826//18741316/6694140/2.72/2.9//2008-9-18 11:23:11
71/600108/亚盛集团/2.720	210240	0.000	0	0.000	0	0.000	0	0.000	0	2.730	38700	2.740	17310	2.750	29979	2.760	20100	2.770	51899	/16842826//18789246/6711740/2.73/2.9//2008-9-18 11:24:11
71/600108/亚盛集团/2.720	203640	0.000	0	0.000	0	0.000	0	0.000	0	2.730	38500	2.740	20310	2.750	24679	2.760	20100	2.770	51899	/16842826//18837690/6729540/2.72/2.9//2008-9-18 11:25:12
71/600108/亚盛集团/2.720	136840	0.000	0	0.000	0	0.000	0	0.000	0	2.730	41500	2.740	23010	2.750	24579	2.760	20100	2.770	51699	/16842826//19052396/6808440/2.72/2.9//2008-9-18 11:26:12
71/600108/亚盛集团/2.720	122940	0.000	0	0.000	0	0.000	0	0.000	0	2.720	146160	2.730	39800	2.740	22110	2.750	24879	2.760	20100	/16842826//19478462/6965080/2.72/2.9//2008-9-18 11:27:13
71/600108/亚盛集团/2.720	122940	0.000	0	0.000	0	0.000	0	0.000	0	2.720	121460	2.730	49600	2.740	22110	2.750	24879	2.760	20100	/16842826//19556526/6993780/2.72/2.9//2008-9-18 11:28:13
71/600108/亚盛集团/2.720	122940	0.000	0	0.000	0	0.000	0	0.000	0	2.720	53260	2.730	55000	2.740	22410	2.750	18979	2.760	19900	/16842826//19756718/7067380/2.72/2.9//2008-9-18 11:29:14
71/600108/亚盛集团/2.720	122940	0.000	0	0.000	0	0.000	0	0.000	0	2.720	24500	2.730	54800	2.740	23910	2.750	18979	2.760	19900	/16842826//19777934/7075180/2.72/2.9//2008-9-18 11:30:14
71/600108/亚盛集团/2.720	122940	0.000	0	0.000	0	0.000	0	0.000	0	2.720	24500	2.730	54800	2.740	23910	2.750	18979	2.760	19900	/16842826//19777934/7075180/2.72/2.9//2008-9-18 11:31:15
71/600108/亚盛集团/2.720	49940	0.000	0	0.000	0	0.000	0	0.000	0	2.730	41800	2.740	19660	2.750	45379	2.760	57900	2.770	50699	/16842826//20425254/7313140/2.73/2.9//2008-9-18 13:1:15
71/600108/亚盛集团/2.720	52940	0.000	0	0.000	0	0.000	0	0.000	0	2.720	47260	2.730	44500	2.740	20860	2.750	45379	2.760	57900	/16842826//20600818/7377680/2.72/2.9//2008-9-18 13:2:16
71/600108/亚盛集团/2.720	52940	0.000	0	0.000	0	0.000	0	0.000	0	2.720	25960	2.730	45100	2.740	20860	2.750	45379	2.760	57900	/16842826//20740082/7428880/2.72/2.9//2008-9-18 13:3:16
71/600108/亚盛集团/2.720	52940	0.000	0	0.000	0	0.000	0	0.000	0	2.720	13460	2.730	45100	2.740	20860	2.750	45579	2.760	58400	/16842826//20787954/7446480/2.72/2.9//2008-9-18 13:4:17
71/600108/亚盛集团/2.720	5828	0.000	0	0.000	0	0.000	0	0.000	0	2.730	43400	2.740	20860	2.750	45579	2.760	58400	2.770	50699	/16842826//20897496/7486752/2.73/2.9//2008-9-18 13:5:17
71/600108/亚盛集团/2.720	54538	0.000	0	0.000	0	0.000	0	0.000	0	2.730	41900	2.740	20860	2.750	45579	2.760	58400	2.770	50699	/16842826//20958148/7509042/2.73/2.9//2008-9-18 13:6:18
71/600108/亚盛集团/2.720	56938	0.000	0	0.000	0	0.000	0	0.000	0	2.730	58900	2.740	21360	2.750	45779	2.760	58400	2.770	50699	/16842826//21011520/7528642/2.72/2.9//2008-9-18 13:7:18
71/600108/亚盛集团/2.720	65410	0.000	0	0.000	0	0.000	0	0.000	0	2.730	58000	2.740	21360	2.750	45779	2.760	58400	2.770	54699	/16842826//21063314/7547670/2.72/2.9//2008-9-18 13:8:19
71/600108/亚盛集团/2.720	75110	0.000	0	0.000	0	0.000	0	0.000	0	2.730	51600	2.740	21360	2.750	45779	2.760	58400	2.770	54699	/16842826//21138190/7575170/2.73/2.9//2008-9-18 13:9:19
71/600108/亚盛集团/2.720	5610	0.000	0	0.000	0	0.000	0	0.000	0	2.720	9590	2.730	77500	2.740	19260	2.750	45779	2.760	58400	/16842826//21434762/7684180/2.72/2.9//2008-9-18 13:10:20
71/600108/亚盛集团/2.720	5610	0.000	0	0.000	0	0.000	0	0.000	0	2.720	274690	2.730	69200	2.740	19260	2.750	45779	2.760	58400	/16842826//21468490/7696580/2.72/2.9//2008-9-18 13:11:20
71/600108/亚盛集团/2.720	5610	0.000	0	0.000	0	0.000	0	0.000	0	2.720	273390	2.730	81000	2.740	19260	2.750	47779	2.760	58400	/16842826//21507386/7710880/2.72/2.9//2008-9-18 13:12:21
71/600108/亚盛集团/2.720	5610	0.000	0	0.000	0	0.000	0	0.000	0	2.720	314090	2.730	66800	2.740	19260	2.750	49079	2.760	58400	/16842826//21532954/7720280/2.72/2.9//2008-9-18 13:13:21
71/600108/亚盛集团/2.720	5610	0.000	0	0.000	0	0.000	0	0.000	0	2.720	419190	2.730	66800	2.740	19260	2.750	48579	2.760	58400	/16842826//21545466/7724880/2.72/2.9//2008-9-18 13:14:22
71/600108/亚盛集团/2.720	5610	0.000	0	0.000	0	0.000	0	0.000	0	2.720	418190	2.730	65900	2.740	19260	2.750	48579	2.760	58400	/16842826//21601498/7745480/2.72/2.9//2008-9-18 13:15:22
71/600108/亚盛集团/2.720	5610	0.000	0	0.000	0	0.000	0	0.000	0	2.720	403590	2.730	52100	2.740	19260	2.750	48579	2.760	58400	/16842826//21621354/7752780/2.72/2.9//2008-9-18 13:16:23
71/600108/亚盛集团/2.720	5610	0.000	0	0.000	0	0.000	0	0.000	0	2.720	416990	2.730	52500	2.740	19260	2.750	48379	2.760	58400	/16842826//21656714/7765780/2.72/2.9//2008-9-18 13:17:23
71/600108/亚盛集团/2.720	5610	0.000	0	0.000	0	0.000	0	0.000	0	2.720	449990	2.730	53500	2.740	19260	2.750	48379	2.760	58400	/16842826//21672218/7771480/2.72/2.9//2008-9-18 13:18:24
71/600108/亚盛集团/2.720	5610	0.000	0	0.000	0	0.000	0	0.000	0	2.720	460890	2.730	53500	2.740	19260	2.750	48379	2.760	55400	/16842826//21690442/7778180/2.72/2.9//2008-9-18 13:19:24
71/600108/亚盛集团/2.720	5610	0.000	0	0.000	0	0.000	0	0.000	0	2.720	460690	2.730	53500	2.740	19260	2.750	48379	2.760	55400	/16842826//21735322/7794680/2.72/2.9//2008-9-18 13:20:25
71/600108/亚盛集团/2.720	5610	0.000	0	0.000	0	0.000	0	0.000	0	2.720	461790	2.730	52900	2.740	19260	2.750	48379	2.760	55400	/16842826//21754090/7801580/2.72/2.9//2008-9-18 13:21:25
71/600108/亚盛集团/2.720	5610	0.000	0	0.000	0	0.000	0	0.000	0	2.720	451790	2.730	52900	2.740	19260	2.750	46879	2.760	55400	/16842826//21781018/7811480/2.72/2.9//2008-9-18 13:22:26
71/600108/亚盛集团/2.720	5610	0.000	0	0.000	0	0.000	0	0.000	0	2.720	422390	2.730	52900	2.740	19260	2.750	46879	2.760	55400	/16842826//21880298/7847980/2.72/2.9//2008-9-18 13:23:26
71/600108/亚盛集团/2.720	5610	0.000	0	0.000	0	0.000	0	0.000	0	2.720	388690	2.730	37900	2.740	19260	2.750	46879	2.760	55400	/16842826//21968698/7880480/2.72/2.9//2008-9-18 13:24:27
71/600108/亚盛集团/2.720	5610	0.000	0	0.000	0	0.000	0	0.000	0	2.720	261690	2.730	36900	2.740	18960	2.750	46879	2.760	55400	/16842826//22286122/7997180/2.72/2.9//2008-9-18 13:25:27
71/600108/亚盛集团/2.720	160110	0.000	0	0.000	0	0.000	0	0.000	0	2.730	26100	2.740	18960	2.750	46879	2.760	45400	2.770	60299	/16842826//22819052/8193070/2.73/2.9//2008-9-18 13:26:28
71/600108/亚盛集团/2.730	24900	2.720	151810	0.000	0	0.000	0	0.000	0	2.740	13560	2.750	45879	2.760	45400	2.770	60299	2.780	29300	/16842826//23072940/8286170/2.74/2.9//2008-9-18 13:27:28
71/600108/亚盛集团/2.740	8040	2.730	12300	2.720	242410	0.000	0	0.000	0	2.750	22779	2.760	52100	2.770	59299	2.780	29300	2.790	13000	/16842826//23242146/8347830/2.75/2.9//2008-9-18 13:28:29
71/600108/亚盛集团/2.730	2000	2.720	253610	0.000	0	0.000	0	0.000	0	2.740	200	2.750	100639	2.760	54000	2.770	57799	2.780	29300	/16842826//23344304/8385170/2.75/2.9//2008-9-18 13:29:29
71/600108/亚盛集团/2.740	21600	2.730	20100	2.720	263310	0.000	0	0.000	0	2.750	106539	2.760	54100	2.770	57799	2.780	29300	2.790	13000	/16842826//23391564/8402370/2.75/2.9//2008-9-18 13:30:30
71/600108/亚盛集团/2.740	28100	2.730	20500	2.720	269010	0.000	0	0.000	0	2.750	105739	2.760	53200	2.770	57799	2.780	25200	2.790	13000	/16842826//23431320/8416870/2.75/2.9//2008-9-18 13:31:30
71/600108/亚盛集团/2.740	42901	2.730	24600	2.720	276010	0.000	0	0.000	0	2.750	16500	2.760	51300	2.770	57799	2.780	25100	2.790	13000	/16842826//23570342/8467469/2.74/2.9//2008-9-18 13:32:31
71/600108/亚盛集团/2.750	21100	2.740	46601	2.730	25600	2.720	272510	0.000	0	2.760	51800	2.770	57799	2.780	24100	2.790	13300	2.800	78900	/16842826//23622316/8486369/2.75/2.9//2008-9-18 13:33:31
71/600108/亚盛集团/2.760	22400	2.750	30200	2.740	47101	2.730	32100	2.720	274010	2.770	53800	2.780	24500	2.790	13300	2.800	75900	2.810	16100	/16842826//23790624/8547369/2.76/2.9//2008-9-18 13:34:32
71/600108/亚盛集团/2.770	38600	2.760	38500	2.750	26100	2.740	25701	2.730	33200	2.780	13800	2.790	14000	2.800	46800	2.810	16100	2.820	127999	/16842826//24010250/8626669/2.78/2.9//2008-9-18 13:35:32
71/600108/亚盛集团/2.780	10800	2.770	11600	2.760	27900	2.750	25800	2.740	24901	2.790	11000	2.800	49400	2.810	15100	2.820	58900	2.830	12100	/16842826//24268928/8719869/2.78/2.9//2008-9-18 13:36:33
71/600108/亚盛集团/2.780	9700	2.770	16800	2.760	34700	2.750	35200	2.740	24901	2.790	10809	2.800	51300	2.810	8500	2.820	30900	2.830	12100	/16842826//24417822/8773369/2.79/2.9//2008-9-18 13:37:34
71/600108/亚盛集团/2.760	33200	2.750	63900	2.740	24901	2.730	32000	2.720	266210	2.770	13000	2.790	56609	2.800	60700	2.810	13000	2.820	31900	/16842826//24713656/8879869/2.77/2.9//2008-9-18 13:38:34
71/600108/亚盛集团/2.740	20901	2.730	34200	2.720	260810	0.000	0	0.000	0	2.760	17500	2.770	8600	2.780	2100	2.790	84209	2.800	57000	/16842826//25072816/9010269/2.76/2.9//2008-9-18 13:39:35
71/600108/亚盛集团/2.760	14700	2.750	19500	2.740	22601	2.730	36300	2.720	272210	2.770	2600	2.780	14300	2.790	78409	2.800	57700	2.810	28400	/16842826//25145468/9036569/2.77/2.9//2008-9-18 13:40:35
71/600108/亚盛集团/2.770	4400	2.760	36700	2.750	39000	2.740	23601	2.730	36700	2.780	12900	2.790	34109	2.800	56900	2.810	37400	2.820	22100	/16842826//25174038/9046869/2.77/2.9//2008-9-18 13:41:36
71/600108/亚盛集团/2.770	5100	2.760	33500	2.750	26400	2.740	23201	2.730	37800	2.780	9700	2.790	30209	2.800	57000	2.810	47400	2.820	22100	/16842826//25262806/9078869/2.78/2.9//2008-9-18 13:42:36
71/600108/亚盛集团/2.780	8100	2.770	12000	2.760	16500	2.750	27600	2.740	23301	2.790	21209	2.800	62800	2.810	47400	2.820	22100	2.830	22300	/16842826//25298390/9091669/2.78/2.9//2008-9-18 13:43:37
71/600108/亚盛集团/2.790	22391	2.780	25800	2.770	9400	2.760	18000	2.750	31500	2.800	60500	2.810	47400	2.820	22200	2.830	22300	2.840	23150	/16842826//25373798/9118678/2.8/2.9//2008-9-18 13:44:37
71/600108/亚盛集团/2.800	23000	2.790	23591	2.780	22400	2.770	9900	2.760	17900	2.810	35000	2.820	35600	2.830	20300	2.840	23150	2.850	53020	/16842826//25545994/9180178/2.8/2.9//2008-9-18 13:45:38
71/600108/亚盛集团/2.800	29000	2.790	29091	2.780	20400	2.770	11700	2.760	14900	2.810	10700	2.820	35600	2.830	20600	2.840	23150	2.850	55020	/16842826//25727418/9244878/2.81/2.9//2008-9-18 13:46:39
71/600108/亚盛集团/2.810	20200	2.800	32500	2.790	24991	2.780	36300	2.770	9600	2.820	4300	2.830	24300	2.840	24550	2.850	55320	2.860	35999	/16842826//26074870/9368478/2.82/2.9//2008-9-18 13:47:39
71/600108/亚盛集团/2.820	34600	2.810	18000	2.800	71300	2.790	18991	2.780	32500	2.830	17900	2.840	24550	2.850	53920	2.860	35999	2.870	16300	/16842826//26337594/9461678/2.83/2.9//2008-9-18 13:48:40
71/600108/亚盛集团/2.800	47384	2.790	18991	2.780	32700	2.770	9600	2.760	16500	2.810	21637	2.820	8300	2.830	52200	2.840	33250	2.850	59920	/16842826//26653830/9574094/2.81/2.9//2008-9-18 13:49:40
71/600108/亚盛集团/2.790	17391	2.780	27900	2.770	8400	2.760	16500	2.750	20500	2.800	40517	2.810	26639	2.820	14400	2.830	51400	2.840	26250	/16842826//26816812/9632278/2.8/2.9//2008-9-18 13:50:41
71/600108/亚盛集团/2.780	28800	2.770	14800	2.760	14800	2.750	20900	2.740	19001	2.790	29499	2.800	60525	2.810	21838	2.820	13400	2.830	50100	/16842826//26969446/9686869/2.79/2.9//2008-9-18 13:51:41
71/600108/亚盛集团/2.770	12200	2.760	16800	2.750	24600	2.740	21501	2.730	54200	2.780	7200	2.790	36400	2.800	70925	2.810	19838	2.820	15100	/16842826//27124446/9742569/2.78/2.9//2008-9-18 13:52:42
71/600108/亚盛集团/2.770	13200	2.760	17500	2.750	25700	2.740	21501	2.730	54200	2.780	29799	2.790	39200	2.800	67626	2.810	14838	2.820	17100	/16842826//27218840/9776569/2.78/2.9//2008-9-18 13:53:42
71/600108/亚盛集团/2.770	16110	2.760	19300	2.750	40300	2.740	21501	2.730	54200	2.780	99	2.790	15600	2.800	66826	2.810	16838	2.820	17700	/16842826//27358768/9826959/2.78/2.9//2008-9-18 13:54:43
71/600108/亚盛集团/2.770	50111	2.760	26400	2.750	40300	2.740	21501	2.730	53900	2.780	4000	2.790	12900	2.800	75926	2.810	16838	2.820	16700	/16842826//27425048/9850858/2.77/2.9//2008-9-18 13:55:44
71/600108/亚盛集团/2.750	500	2.730	18512	2.720	291710	0.000	0	0.000	0	2.780	3400	2.790	15100	2.800	75926	2.810	16838	2.820	16800	/16842826//27967760/10048058/2.73/2.9//2008-9-18 13:56:44
71/600108/亚盛集团/2.760	11100	2.750	6100	2.740	49600	2.730	29812	2.720	349110	2.770	9700	2.780	15300	2.790	15100	2.800	78926	2.810	18038	/16842826//27973022/10049958/2.77/2.9//2008-9-18 13:57:45
71/600108/亚盛集团/2.780	13100	2.770	54000	2.760	11500	2.750	14100	2.740	49900	2.790	13200	2.800	73726	2.810	18038	2.820	20604	2.830	47200	/16842826//28036866/10072958/2.78/2.9//2008-9-18 13:58:45
71/600108/亚盛集团/2.790	18300	2.780	3400	2.770	19200	2.760	11000	2.750	18600	2.800	57226	2.810	18038	2.820	20604	2.830	57200	2.840	26250	/16842826//28187840/10127158/2.8/2.9//2008-9-18 13:59:46
71/600108/亚盛集团/2.780	18400	2.770	22100	2.760	24000	2.750	18800	2.740	37400	2.790	12426	2.800	17000	2.810	18038	2.820	20204	2.830	58600	/16842826//28426980/10212658/2.79/2.9//2008-9-18 14:0:47
71/600108/亚盛集团/2.780	15900	2.770	14600	2.760	14500	2.750	25500	2.740	38400	2.790	23076	2.800	23600	2.810	20338	2.820	20804	2.830	58600	/16842826//28542554/10254058/2.79/2.9//2008-9-18 14:1:47
71/600108/亚盛集团/2.770	22200	2.760	14600	2.750	22100	2.740	38600	2.730	33712	2.780	16010	2.790	16576	2.800	38300	2.810	31338	2.820	25004	/16842826//28668770/10299458/2.77/2.9//2008-9-18 14:2:48
71/600108/亚盛集团/2.740	26500	2.730	28812	2.720	414010	0.000	0	0.000	0	2.770	8000	2.780	21010	2.790	21576	2.800	27000	2.810	23099	/16842826//28880280/10376158/2.74/2.9//2008-9-18 14:3:48
71/600108/亚盛集团/2.760	4900	2.750	1500	2.740	28100	2.730	40912	2.720	431510	2.770	28600	2.780	3500	2.790	12200	2.800	61400	2.810	23099	/16842826//28884980/10377858/2.77/2.9//2008-9-18 14:4:49
71/600108/亚盛集团/2.740	29300	2.730	114612	2.720	433810	0.000	0	0.000	0	2.750	5000	2.760	3100	2.770	32200	2.780	500	2.790	22300	/16842826//28984952/10414158/2.75/2.9//2008-9-18 14:5:50
71/600108/亚盛集团/2.750	26700	2.740	32800	2.730	116712	2.720	429810	0.000	0	2.770	12200	2.780	500	2.790	31100	2.800	72600	2.810	33099	/16842826//29100906/10456358/2.75/2.9//2008-9-18 14:6:50
71/600108/亚盛集团/2.780	5100	2.770	14000	2.760	4700	2.750	26400	2.740	34500	2.790	16600	2.800	68700	2.810	34599	2.820	29604	2.830	63300	/16842826//29117006/10462158/2.78/2.9//2008-9-18 14:7:51
71/600108/亚盛集团/2.780	11800	2.770	9400	2.760	8900	2.750	31800	2.740	35600	2.790	2200	2.800	37700	2.810	33599	2.820	33104	2.830	63300	/16842826//29213500/10496858/2.79/2.9//2008-9-18 14:8:51
71/600108/亚盛集团/2.800	5400	2.790	19300	2.780	16100	2.770	10200	2.760	14200	2.810	33099	2.820	37904	2.830	63000	2.840	22750	2.850	84320	/16842826//29356594/10548058/2.8/2.9//2008-9-18 14:9:52
71/600108/亚盛集团/2.810	26501	2.800	39900	2.790	37500	2.780	16700	2.770	10400	2.820	40704	2.830	63800	2.840	22750	2.850	84020	2.860	40999	/16842826//29481032/10592357/2.82/2.9//2008-9-18 14:10:53
71/600108/亚盛集团/2.810	27701	2.800	42200	2.790	37500	2.780	15200	2.770	10400	2.820	13604	2.830	47900	2.840	24750	2.850	85420	2.860	40999	/16842826//29606496/10636857/2.82/2.9//2008-9-18 14:11:53
71/600108/亚盛集团/2.800	4797	2.790	37500	2.780	16700	2.770	10400	2.760	12700	2.820	35400	2.830	50400	2.840	22750	2.850	85520	2.860	43499	/16842826//30001016/10777161/2.82/2.9//2008-9-18 14:12:54
71/600108/亚盛集团/2.790	40000	2.780	18100	2.770	10400	2.760	14000	2.750	50400	2.800	1003	2.810	4200	2.820	25366	2.830	54400	2.840	28050	/16842826//30357832/10904058/2.8/2.9//2008-9-18 14:13:55
71/600108/亚盛集团/2.810	1900	2.800	31997	2.790	39800	2.780	18100	2.770	9500	2.820	33866	2.830	62000	2.840	29050	2.850	105520	2.860	43499	/16842826//30439178/10933061/2.81/2.9//2008-9-18 14:14:55
71/600108/亚盛集团/2.810	5500	2.800	40997	2.790	42700	2.780	19400	2.770	20500	2.820	48566	2.830	63000	2.840	46050	2.850	102420	2.860	43499	/16842826//30538540/10968361/2.82/2.9//2008-9-18 14:15:56
71/600108/亚盛集团/2.820	73034	2.810	5052	2.800	45497	2.790	41300	2.780	25400	2.830	60100	2.840	52050	2.850	99820	2.860	43499	2.870	14700	/16842826//30771266/11050975/2.82/2.9//2008-9-18 14:16:56
71/600108/亚盛集团/2.830	17900	2.820	103034	2.810	4952	2.800	39297	2.790	41300	2.840	40450	2.850	104320	2.860	43499	2.870	14700	2.880	37800	/16842826//30952250/11114975/2.84/2.9//2008-9-18 14:17:57
71/600108/亚盛集团/2.850	82400	2.840	80150	2.830	20400	2.820	49400	2.810	4452	2.860	1099	2.870	14700	2.880	37900	2.890	47000	2.900	106000	/16842826//31443176/11287325/2.85/2.9//2008-9-18 14:18:58
71/600108/亚盛集团/2.890	43300	2.880	58800	2.870	37800	2.860	29100	2.850	112200	2.900	79620	2.910	15300	2.920	46400	2.930	43600	2.940	29600	/16842826//31812278/11415425/2.9/2.9//2008-9-18 14:19:58
71/600108/亚盛集团/2.910	114107	2.900	116480	2.890	322200	2.880	72400	2.870	52200	2.920	38200	2.930	42100	2.940	28700	2.950	76400	2.960	62100	/16842826//32157736/11534438/2.91/2.9//2008-9-18 14:20:59
71/600108/亚盛集团/2.920	58600	2.910	30400	2.900	80280	2.890	21300	2.880	66700	2.930	2100	2.940	41400	2.950	76500	2.960	63800	2.970	61500	/16842826//32490370/11648238/2.93/2.9//2008-9-18 14:22:0
71/600108/亚盛集团/2.940	8500	2.930	101600	2.920	354300	2.910	21400	2.900	68480	2.950	73650	2.960	14800	2.970	11500	2.980	36500	2.990	18700	/16842826//32688880/11715838/2.95/2.9//2008-9-18 14:23:0
71/600108/亚盛集团/2.960	500	2.950	91250	2.940	66400	2.930	86900	2.920	82800	2.970	17400	2.980	34500	2.990	14700	3.000	95700	3.010	10900	/16842826//33215666/11894288/2.97/2.9//2008-9-18 14:24:1
71/600108/亚盛集团/2.970	7400	2.960	2000	2.950	69100	2.940	61400	2.930	72400	2.980	42300	2.990	20900	3.000	111700	3.010	10900	3.020	63600	/16842826//33750764/12074988/2.97/2.9//2008-9-18 14:25:2
71/600108/亚盛集团/2.950	107700	2.940	61400	2.930	71700	2.920	27100	2.910	12400	2.960	6200	2.970	24400	2.980	45500	2.990	42600	3.000	112400	/16842826//34040224/12172688/2.96/2.9//2008-9-18 14:26:2
71/600108/亚盛集团/2.940	37500	2.930	58600	2.920	26200	2.910	12700	2.900	90900	2.950	78700	2.960	103860	2.970	44500	2.980	75900	2.990	53200	/16842826//34449908/12311488/2.94/2.9//2008-9-18 14:27:3
71/600108/亚盛集团/2.930	31700	2.920	23700	2.910	10700	2.900	86100	2.890	13500	2.940	33589	2.950	153500	2.960	89050	2.970	28200	2.980	77100	/16842826//34775096/12422088/2.93/2.9//2008-9-18 14:28:4
71/600108/亚盛集团/2.910	14200	2.900	82800	2.890	12900	2.880	49000	2.870	1100	2.920	40600	2.930	92050	2.940	66289	2.950	121200	2.960	75250	/16842826//34931596/12475588/2.91/2.9//2008-9-18 14:29:4
71/600108/亚盛集团/2.890	16800	2.880	48200	2.870	1100	2.860	10900	2.850	65000	2.900	20150	2.910	13800	2.920	47100	2.930	36950	2.940	61890	/16842826//35229108/12578088/2.89/2.9//2008-9-18 14:30:5
71/600108/亚盛集团/2.890	400	2.880	50400	2.870	300	2.860	14800	2.850	76200	2.900	24849	2.910	17700	2.920	38500	2.930	28750	2.940	61990	/16842826//35431388/12647988/2.9/2.9//2008-9-18 14:31:6
71/600108/亚盛集团/2.890	16600	2.880	66100	2.870	8500	2.860	12800	2.850	49000	2.900	24149	2.910	15700	2.920	34800	2.930	22250	2.940	47990	/16842826//35518724/12678188/2.89/2.9//2008-9-18 14:32:6
71/600108/亚盛集团/2.900	60051	2.890	44500	2.880	69900	2.870	10800	2.860	15000	2.910	7100	2.920	34000	2.930	32150	2.940	46490	2.950	92700	/16842826//35664232/12728337/2.91/2.9//2008-9-18 14:33:7
71/600108/亚盛集团/2.920	72600	2.910	57900	2.900	46051	2.890	36700	2.880	76300	2.930	25000	2.940	43390	2.950	94200	2.960	65850	2.970	26700	/16842826//35800220/12774937/2.92/2.9//2008-9-18 14:34:8
71/600108/亚盛集团/2.930	8300	2.920	79000	2.910	48100	2.900	57351	2.890	25600	2.940	42990	2.950	94800	2.960	62760	2.970	26700	2.980	83600	/16842826//35964312/12830937/2.93/2.9//2008-9-18 14:35:8
71/600108/亚盛集团/2.910	49600	2.900	61751	2.890	14800	2.880	86800	2.870	15800	2.920	45800	2.930	85300	2.940	37890	2.950	89900	2.960	62960	/16842826//36119656/12884037/2.92/2.9//2008-9-18 14:36:9
71/600108/亚盛集团/2.910	28600	2.900	61351	2.890	12400	2.880	87800	2.870	16800	2.920	103800	2.930	13700	2.940	28590	2.950	92000	2.960	62960	/16842826//36184544/12906305/2.91/2.9//2008-9-18 14:37:10
71/600108/亚盛集团/2.890	12400	2.880	77300	2.870	16800	2.860	11300	2.850	97400	2.900	21749	2.910	152400	2.920	94200	2.930	12300	2.940	26590	/16842826//36406744/12982856/2.9/2.9//2008-9-18 14:38:10
71/600108/亚盛集团/2.880	72800	2.870	15800	2.860	10600	2.850	97400	2.840	10100	2.890	13200	2.900	80900	2.910	147200	2.920	23200	2.930	10300	/16842826//36519420/13021856/2.88/2.9//2008-9-18 14:39:11
71/600108/亚盛集团/2.880	1951	2.870	16900	2.860	16400	2.850	80400	2.840	12100	2.890	23400	2.900	95100	2.910	142700	2.920	23200	2.930	12700	/16842826//36789324/13115505/2.88/2.9//2008-9-18 14:40:12
71/600108/亚盛集团/2.870	13100	2.860	22000	2.850	80700	2.840	13100	2.830	4000	2.880	10549	2.890	27000	2.900	95500	2.910	133700	2.920	23500	/16842826//36803888/13120556/2.88/2.9//2008-9-18 14:41:12
71/600108/亚盛集团/2.880	13100	2.870	3251	2.860	23300	2.850	83000	2.840	12100	2.890	27200	2.900	101600	2.910	134600	2.920	24600	2.930	12700	/16842826//36931820/13165005/2.88/2.9//2008-9-18 14:42:13
71/600108/亚盛集团/2.890	3100	2.880	18300	2.870	16651	2.860	23300	2.850	84800	2.900	100600	2.910	135600	2.920	25600	2.930	12700	2.940	27390	/16842826//37064444/13210905/2.89/2.9//2008-9-18 14:43:14
71/600108/亚盛集团/2.870	20551	2.860	23300	2.850	92000	2.840	7100	2.830	4000	2.880	8100	2.890	18100	2.900	111100	2.910	120600	2.920	23500	/16842826//37205276/13259705/2.88/2.9//2008-9-18 14:44:14
71/600108/亚盛集团/2.880	23200	2.870	13800	2.860	27300	2.850	92300	2.840	7100	2.890	14800	2.900	116100	2.910	122300	2.920	32200	2.930	11400	/16842826//37343052/13307505/2.88/2.9//2008-9-18 14:45:15
71/600108/亚盛集团/2.870	24600	2.860	27300	2.850	90800	2.840	8800	2.830	9000	2.880	32800	2.890	18900	2.900	111300	2.910	123300	2.920	20900	/16842826//37494604/13360105/2.87/2.9//2008-9-18 14:46:16
71/600108/亚盛集团/2.850	38500	2.840	8700	2.830	9000	2.820	3300	2.810	2852	2.860	36700	2.870	20100	2.880	36400	2.890	29800	2.900	109700	/16842826//37628340/13406805/2.85/2.9//2008-9-18 14:47:16
71/600108/亚盛集团/2.840	4700	2.830	4000	2.820	4800	2.810	2852	2.800	106000	2.850	67400	2.860	8720	2.870	14600	2.880	31700	2.890	44100	/16842826//37749456/13449305/2.84/2.9//2008-9-18 14:48:17
71/600108/亚盛集团/2.830	3600	2.820	9400	2.810	23552	2.800	50400	2.790	22900	2.840	12200	2.850	68800	2.860	9220	2.870	13800	2.880	37400	/16842826//37808424/13470105/2.83/2.9//2008-9-18 14:49:18
71/600108/亚盛集团/2.820	19100	2.810	33152	2.800	43000	2.790	23200	2.780	14300	2.830	31500	2.840	14300	2.850	25100	2.860	10220	2.870	13700	/16842826//37865520/13490305/2.82/2.9//2008-9-18 14:50:18
71/600108/亚盛集团/2.820	46500	2.810	40552	2.800	53700	2.790	29100	2.780	65300	2.830	300	2.840	12000	2.850	25600	2.860	10620	2.870	13900	/16842826//37976976/13529705/2.82/2.9//2008-9-18 14:51:19
71/600108/亚盛集团/2.840	7400	2.830	26900	2.820	43801	2.810	65852	2.800	48300	2.850	26600	2.860	10620	2.870	13900	2.880	17400	2.890	37700	/16842826//38133060/13584804/2.84/2.9//2008-9-18 14:52:20
71/600108/亚盛集团/2.850	103800	2.840	15200	2.830	47400	2.820	47901	2.810	47252	2.860	11520	2.870	12900	2.880	16500	2.890	35400	2.900	105700	/16842826//38253576/13627104/2.85/2.9//2008-9-18 14:53:21
71/600108/亚盛集团/2.860	17180	2.850	153600	2.840	18700	2.830	39400	2.820	42601	2.870	6900	2.880	16400	2.890	39100	2.900	105800	2.910	117000	/16842826//38332200/13654624/2.86/2.9//2008-9-18 14:54:21
71/600108/亚盛集团/2.870	41700	2.860	62680	2.850	40800	2.840	17700	2.830	40200	2.880	17200	2.890	51400	2.900	106800	2.910	34100	2.920	27900	/16842826//38480428/13706324/2.87/2.9//2008-9-18 14:55:22
71/600108/亚盛集团/2.870	24400	2.860	64680	2.850	40700	2.840	17200	2.830	40200	2.880	33800	2.890	58500	2.900	112000	2.910	15100	2.920	29400	/16842826//38681432/13776224/2.87/2.9//2008-9-18 14:56:23
71/600108/亚盛集团/2.860	65680	2.850	42700	2.840	16700	2.830	40500	2.820	20601	2.870	107400	2.880	65300	2.890	98700	2.900	124400	2.910	15100	/16842826//38820664/13824724/2.87/2.9//2008-9-18 14:57:23
71/600108/亚盛集团/2.860	10080	2.850	53300	2.840	14700	2.830	22800	2.820	20601	2.870	68100	2.880	47600	2.890	93900	2.900	123900	2.910	11100	/16842826//39166956/13945624/2.86/2.9//2008-9-18 14:58:24
71/600108/亚盛集团/2.850	39400	2.840	11800	2.830	72000	2.820	10301	2.810	44452	2.860	900	2.870	58420	2.880	46500	2.890	93500	2.900	123600	/16842826//39418308/14033504/2.86/2.9//2008-9-18 14:59:25
71/600108/亚盛集团/2.840	11800	2.830	72000	2.820	10301	2.810	36452	2.800	105200	2.850	12700	2.860	32800	2.870	63820	2.880	46100	2.890	93000	/16842826//39598148/14096604/2.85/2.9//2008-9-18 15:0:26
71/600108/亚盛集团/2.840	11800	2.830	72000	2.820	10301	2.810	36452	2.800	105200	2.850	12700	2.860	32800	2.870	63820	2.880	46100	2.890	93000	/16842826//39598148/14096604/2.85/2.9//2008-9-18 15:1:26
71/600108/亚盛集团/2.840	11800	2.830	72000	2.820	10301	2.810	36452	2.800	105200	2.850	12700	2.860	32800	2.870	63820	2.880	46100	2.890	93000	/16842826//39598148/14096604/2.85/2.9//2008-9-18 15:2:27
