80/600118/中国卫星/15.330	400	15.310	400	15.300	1200	15.260	400	15.200	200	15.350	5400	15.500	100	15.580	1400	15.600	3350	15.630	8000	/16842835//834634/53600/15.33/15.89//2008-9-18 9:31:34
80/600118/中国卫星/15.310	1000	15.300	1500	15.210	2000	15.200	6500	15.180	300	15.500	100	15.580	600	15.600	3350	15.630	2000	15.650	18300	/16842835//1151001/74300/15.31/15.89//2008-9-18 9:32:35
80/600118/中国卫星/15.350	100	15.340	200	15.330	100	15.310	5700	15.300	4300	15.400	600	15.480	4800	15.600	3350	15.630	2000	15.650	17300	/16842835//1211355/78200/15.4/15.89//2008-9-18 9:33:35
80/600118/中国卫星/15.350	500	15.340	200	15.330	900	15.320	2100	15.310	5700	15.400	400	15.480	4000	15.500	1800	15.580	100	15.590	1000	/16842835//1305322/84300/15.4/15.89//2008-9-18 9:34:35
80/600118/中国卫星/15.320	2000	15.310	3300	15.300	10500	15.250	200	15.240	1000	15.340	6900	15.350	1200	15.380	4000	15.400	600	15.460	200	/16842835//1403519/90700/15.34/15.89//2008-9-18 9:35:35
80/600118/中国卫星/15.250	300	15.240	1000	15.220	200	15.210	2000	15.200	8000	15.300	9119	15.320	300	15.340	5900	15.400	600	15.460	200	/16842835//1684875/109081/15.3/15.89//2008-9-18 9:36:36
80/600118/中国卫星/15.180	300	15.170	1500	15.110	1600	15.100	7800	15.060	1000	15.200	5000	15.240	12300	15.250	13600	15.290	900	15.300	17119	/16842835//1978674/128400/15.2/15.89//2008-9-18 9:37:36
80/600118/中国卫星/14.960	500	14.900	300	14.890	200	14.850	100	14.810	100	15.000	16400	15.060	700	15.100	600	15.110	6400	15.160	1000	/16842835//2432805/158500/15.0/15.89//2008-9-18 9:38:36
80/600118/中国卫星/14.850	100	14.810	650	14.800	3400	14.710	500	14.700	400	14.960	9200	14.980	500	14.990	100	15.000	3500	15.060	500	/16842835//2966522/194150/14.96/15.89//2008-9-18 9:39:36
80/600118/中国卫星/14.620	1200	14.610	4900	14.600	900	14.580	300	14.510	2400	14.790	600	14.800	25400	14.850	2100	14.900	1300	14.960	5700	/16842835//3667603/241700/14.8/15.89//2008-9-18 9:40:36
80/600118/中国卫星/14.800	1700	14.790	1000	14.760	700	14.750	1300	14.720	7600	14.900	500	14.950	100	14.960	5050	14.980	500	15.000	2200	/16842835//4201939/277890/14.8/15.89//2008-9-18 9:41:37
80/600118/中国卫星/15.000	2781	14.970	100	14.960	2850	14.950	500	14.900	7100	15.060	500	15.100	4600	15.110	400	15.200	9100	15.240	1500	/16842835//4527336/299659/15.0/15.89//2008-9-18 9:42:37
80/600118/中国卫星/15.000	7400	14.990	900	14.980	500	14.960	1500	14.940	200	15.060	1000	15.090	9200	15.100	3600	15.110	400	15.180	500	/16842835//4838299/320409/15.06/15.89//2008-9-18 9:43:37
80/600118/中国卫星/14.980	400	14.960	900	14.940	200	14.900	3100	14.850	1700	15.000	2800	15.010	4700	15.030	4000	15.040	5200	15.050	13000	/16842835//5193932/344109/15.0/15.89//2008-9-18 9:44:37
80/600118/中国卫星/14.850	1700	14.810	1000	14.800	5800	14.780	300	14.760	1700	14.900	26800	14.970	300	14.980	7800	15.000	11000	15.010	12400	/16842835//5433458/360109/14.9/15.89//2008-9-18 9:45:37
80/600118/中国卫星/14.800	1000	14.780	800	14.760	1400	14.750	1300	14.720	2300	14.850	1400	14.890	4000	14.900	25440	14.970	1000	14.980	12800	/16842835//5831806/387009/14.81/15.89//2008-9-18 9:46:38
80/600118/中国卫星/14.850	800	14.810	200	14.800	2200	14.790	300	14.780	2600	14.890	4000	14.900	25640	14.970	1000	14.980	12800	15.000	1500	/16842835//6000570/398409/14.85/15.89//2008-9-18 9:47:38
80/600118/中国卫星/14.820	1900	14.810	2700	14.800	14900	14.790	300	14.780	2600	14.850	400	14.890	2300	14.900	25200	14.970	1000	14.980	12800	/16842835//6085293/404109/14.85/15.89//2008-9-18 9:48:38
80/600118/中国卫星/14.920	2500	14.900	2500	14.890	2800	14.880	500	14.860	1500	14.980	5000	15.000	1600	15.010	4700	15.040	800	15.050	10500	/16842835//6556056/435709/14.92/15.89//2008-9-18 9:49:39
80/600118/中国卫星/14.970	500	14.910	2100	14.900	3900	14.890	8800	14.860	1300	15.000	100	15.010	4700	15.040	800	15.050	10500	15.090	200	/16842835//6743088/448209/15.0/15.89//2008-9-18 9:50:39
80/600118/中国卫星/14.980	200	14.970	500	14.920	1000	14.910	2100	14.900	4000	14.990	5000	15.000	25800	15.010	3200	15.040	200	15.050	10500	/16842835//6927597/460509/15.0/15.89//2008-9-18 9:51:39
80/600118/中国卫星/14.840	800	14.820	900	14.810	800	14.800	19000	14.780	3600	14.850	800	14.890	22700	14.900	2400	14.930	1250	14.960	1000	/16842835//7434808/494609/14.85/15.89//2008-9-18 9:52:39
80/600118/中国卫星/14.760	3800	14.750	1400	14.720	3000	14.710	3100	14.700	18500	14.770	7002	14.780	4400	14.800	37600	14.840	8800	14.850	800	/16842835//7727380/514409/14.77/15.89//2008-9-18 9:53:40
80/600118/中国卫星/14.680	550	14.670	1000	14.660	3500	14.650	3700	14.630	1700	14.710	100	14.720	14626	14.760	2100	14.780	700	14.800	22400	/16842835//8306439/553759/14.71/15.89//2008-9-18 9:54:40
80/600118/中国卫星/14.650	3600	14.630	1700	14.620	5500	14.610	3300	14.600	19500	14.660	1400	14.680	14953	14.700	4300	14.710	500	14.720	2724	/16842835//8586086/572809/14.66/15.89//2008-9-18 9:55:40
80/600118/中国卫星/14.640	800	14.630	2247	14.620	3500	14.610	9000	14.600	19100	14.650	7700	14.660	200	14.670	1200	14.710	600	14.720	2724	/16842835//9153887/611562/14.63/15.89//2008-9-18 9:56:41
80/600118/中国卫星/14.660	2300	14.650	6700	14.630	3447	14.620	5600	14.610	7900	14.670	1200	14.710	600	14.720	100	14.750	200	14.780	200	/16842835//9418889/629662/14.66/15.89//2008-9-18 9:57:41
80/600118/中国卫星/14.660	200	14.650	14776	14.630	3847	14.620	4000	14.610	10300	14.680	5700	14.710	600	14.720	100	14.750	200	14.780	1200	/16842835//9565889/639686/14.66/15.89//2008-9-18 9:58:41
80/600118/中国卫星/14.660	3300	14.650	12676	14.630	4747	14.620	4400	14.610	18900	14.670	800	14.680	2300	14.710	600	14.720	100	14.750	200	/16842835//9652476/645586/14.67/15.89//2008-9-18 9:59:41
80/600118/中国卫星/14.630	2400	14.610	13678	14.600	16900	14.580	700	14.570	200	14.650	17704	14.660	4000	14.670	100	14.680	1400	14.710	600	/16842835//10330924/691931/14.65/15.89//2008-9-18 10:0:42
80/600118/中国卫星/14.560	900	14.550	2300	14.520	1100	14.510	3800	14.500	4900	14.600	21922	14.610	8650	14.620	2900	14.630	2300	14.650	10380	/16842835//11109129/745209/14.6/15.89//2008-9-18 10:1:42
80/600118/中国卫星/14.350	500	14.300	6600	0.000	0	0.000	0	0.000	0	14.370	500	14.400	200	14.410	6900	14.450	17900	14.500	4800	/16842835//12103022/814309/14.4/14.5//2008-9-18 10:2:42
80/600118/中国卫星/14.300	10500	0.000	0	0.000	0	0.000	0	0.000	0	14.300	82934	14.320	3600	14.350	200	14.380	200	14.400	2100	/16842835//13104208/884309/14.3/14.5//2008-9-18 10:3:42
80/600118/中国卫星/14.300	10500	0.000	0	0.000	0	0.000	0	0.000	0	14.300	3522	14.320	1600	14.350	200	14.400	2100	14.410	6500	/16842835//14674348/994109/14.3/14.5//2008-9-18 10:4:43
80/600118/中国卫星/14.330	1000	14.320	16400	14.310	200	14.300	39378	0.000	0	14.350	1050	14.400	2100	14.410	6500	14.480	400	14.500	3800	/16842835//15013741/1017831/14.32/14.5//2008-9-18 10:5:43
80/600118/中国卫星/14.350	1950	14.340	100	14.330	1000	14.320	800	14.310	1200	14.380	400	14.400	500	14.410	5400	14.480	400	14.500	6600	/16842835//15130950/1025981/14.38/14.5//2008-9-18 10:6:43
80/600118/中国卫星/14.330	300	14.300	27577	0.000	0	0.000	0	0.000	0	14.380	100	14.400	3460	14.410	5400	14.480	2400	14.500	6600	/16842835//16104360/1093954/14.3/14.5//2008-9-18 10:7:44
80/600118/中国卫星/14.310	9900	14.300	39377	0.000	0	0.000	0	0.000	0	14.350	2200	14.400	3460	14.410	5400	14.480	400	14.500	6600	/16842835//16769467/1140354/14.35/14.5//2008-9-18 10:8:44
80/600118/中国卫星/14.320	3900	14.310	15200	14.300	118777	0.000	0	0.000	0	14.380	6900	14.400	2460	14.410	5400	14.480	400	14.500	7500	/16842835//16914276/1150454/14.38/14.5//2008-9-18 10:9:44
80/600118/中国卫星/14.400	10900	14.380	2000	14.350	6600	14.330	200	14.320	1500	14.410	5400	14.480	400	14.500	7500	14.540	5000	14.580	300	/16842835//17215704/1171454/14.4/14.5//2008-9-18 10:10:44
80/600118/中国卫星/14.480	1100	14.450	100	14.410	300	14.400	17200	14.380	1600	14.500	6000	14.540	5000	14.630	1500	14.640	1000	14.650	10380	/16842835//0/0/14.48/14.5//2008-9-18 10:11:45
80/600118/中国卫星/14.500	1400	14.410	2700	14.400	2950	14.380	200	14.370	500	14.600	500	14.630	1500	14.640	1000	14.650	10380	14.680	5400	/16842835//17775160/1210204/14.5/14.5//2008-9-18 10:12:45
80/600118/中国卫星/14.510	300	14.500	400	14.410	3300	14.400	3550	14.370	700	14.550	400	14.580	2000	14.590	3500	14.600	1300	14.630	1500	/16842835//17799810/1211904/14.5/14.5//2008-9-18 10:13:45
80/600118/中国卫星/14.410	3300	14.400	3450	14.370	700	14.360	500	14.350	8000	14.490	600	14.500	7100	14.510	2000	14.550	400	14.570	1400	/16842835//17846174/1215104/14.5/14.5//2008-9-18 10:14:46
80/600118/中国卫星/14.420	1600	14.410	2200	14.400	7850	14.370	700	14.360	300	14.430	900	14.490	3900	14.500	5400	14.510	200	14.550	400	/16842835//17903874/1219104/14.42/14.5//2008-9-18 10:15:46
80/600118/中国卫星/14.500	7900	14.430	1200	14.420	1700	14.410	2100	14.400	8050	14.510	100	14.550	400	14.570	1400	14.580	3000	14.590	2800	/16842835//18190420/1238904/14.5/14.5//2008-9-18 10:16:46
80/600118/中国卫星/14.550	2000	14.500	7700	14.430	1200	14.420	1600	14.410	2100	14.580	3000	14.590	2800	14.600	900	14.630	1500	14.650	3200	/16842835//18232610/1241804/14.5/14.5//2008-9-18 10:17:47
80/600118/中国卫星/14.580	750	14.550	2000	14.510	100	14.500	8000	14.430	900	14.600	900	14.630	1500	14.650	3200	14.680	2600	14.700	1800	/16842835//18348568/1249754/14.59/14.5//2008-9-18 10:18:47
80/600118/中国卫星/14.600	6600	14.580	750	14.500	8000	14.430	400	14.420	500	14.630	600	14.640	2800	14.650	3200	14.680	2600	14.700	1800	/16842835//18409914/1253954/14.63/14.5//2008-9-18 10:19:47
80/600118/中国卫星/14.510	5900	14.500	8500	14.430	400	14.420	500	14.410	2500	14.580	400	14.600	510	14.630	4800	14.640	2800	14.650	3200	/16842835//18643830/1270004/14.58/14.5//2008-9-18 10:20:48
80/600118/中国卫星/14.510	400	14.500	9500	14.430	400	14.420	500	14.410	2500	14.580	1100	14.600	810	14.630	4800	14.640	2800	14.650	3200	/16842835//18835774/1283204/14.51/14.5//2008-9-18 10:21:48
80/600118/中国卫星/14.520	500	14.500	13000	14.430	400	14.420	500	14.410	2500	14.580	1400	14.600	1510	14.630	2800	14.640	2800	14.650	3200	/16842835//19008458/1295104/14.57/14.5//2008-9-18 10:22:48
80/600118/中国卫星/14.570	1900	14.520	3000	14.510	1000	14.500	11400	14.430	400	14.580	1400	14.600	1610	14.630	2800	14.650	3200	14.680	2600	/16842835//19056416/1298404/14.57/14.5//2008-9-18 10:23:48
80/600118/中国卫星/14.570	1100	14.520	3000	14.510	1000	14.500	11600	14.430	400	14.590	2200	14.600	2610	14.630	1300	14.650	3200	14.680	2600	/16842835//19095784/1301104/14.57/14.5//2008-9-18 10:24:49
80/600118/中国卫星/14.510	1000	14.500	11700	14.430	400	14.420	500	14.410	2500	14.590	2200	14.600	2810	14.630	1300	14.640	2000	14.650	3200	/16842835//19213822/1309204/14.58/14.5//2008-9-18 10:25:49
80/600118/中国卫星/14.430	400	14.420	500	14.410	2500	14.400	27600	14.370	700	14.500	9330	14.570	1400	14.580	800	14.590	2900	14.600	2810	/16842835//19448920/1325404/14.5/14.5//2008-9-18 10:26:49
80/600118/中国卫星/14.480	400	14.430	400	14.420	1500	14.410	2500	14.400	27700	14.500	1630	14.560	1400	14.580	300	14.590	2900	14.600	2510	/16842835//19635970/1338304/14.5/14.5//2008-9-18 10:27:50
80/600118/中国卫星/14.550	1300	14.500	7300	14.480	400	14.430	2500	14.420	2000	14.560	130	14.590	3600	14.600	2710	14.630	1300	14.640	2000	/16842835//19679552/1341304/14.56/14.5//2008-9-18 10:28:50
80/600118/中国卫星/14.550	1300	14.500	9500	14.480	400	14.430	2400	14.420	1000	14.580	7130	14.590	2800	14.600	2410	14.630	1300	14.640	2000	/16842835//19708692/1343304/14.58/14.5//2008-9-18 10:29:50
80/600118/中国卫星/14.510	200	14.500	9500	14.430	2400	14.420	1000	14.410	2800	14.550	300	14.580	4830	14.590	2800	14.600	4210	14.630	1300	/16842835//19774258/1347804/14.55/14.5//2008-9-18 10:30:51
80/600118/中国卫星/14.580	100	14.550	9100	14.510	200	14.500	10500	14.430	2400	14.600	740	14.630	1300	14.640	2000	14.650	3500	14.670	200	/16842835//19950728/1359904/14.55/14.5//2008-9-18 10:31:51
80/600118/中国卫星/14.500	8800	14.430	2400	14.420	1000	14.410	2800	14.400	32900	14.510	300	14.550	2600	14.580	1400	14.600	1840	14.630	1300	/16842835//20170458/1375004/14.5/14.5//2008-9-18 10:32:51
80/600118/中国卫星/14.550	2800	14.520	1000	14.510	1700	14.500	8800	14.440	1000	14.580	600	14.600	3340	14.630	1300	14.640	2000	14.650	3500	/16842835//20231580/1379204/14.58/14.5//2008-9-18 10:33:52
80/600118/中国卫星/14.510	1500	14.500	18600	14.470	200	14.450	2900	14.440	1000	14.560	500	14.600	7400	14.620	200	14.630	1300	14.640	2000	/16842835//20400384/1390804/14.55/14.5//2008-9-18 10:34:52
80/600118/中国卫星/14.520	100	14.510	500	14.500	14700	14.470	200	14.460	1000	14.550	2150	14.600	1540	14.620	200	14.630	1300	14.640	2000	/16842835//20698882/1411304/14.55/14.5//2008-9-18 10:35:52
80/600118/中国卫星/14.510	1100	14.500	14700	14.470	200	14.460	1000	14.450	3800	14.550	750	14.600	2340	14.620	500	14.630	1300	14.640	2000	/16842835//20727978/1413304/14.55/14.5//2008-9-18 10:36:53
80/600118/中国卫星/14.560	700	14.550	10000	14.510	1600	14.500	14700	14.470	200	14.600	1540	14.620	500	14.630	1300	14.650	3300	14.670	200	/16842835//20779736/1416854/14.55/14.5//2008-9-18 10:37:53
80/600118/中国卫星/14.560	500	14.550	10000	14.520	300	14.510	1100	14.500	14800	14.580	1500	14.600	2340	14.620	200	14.630	1300	14.650	3300	/16842835//20789938/1417554/14.56/14.5//2008-9-18 10:38:53
80/600118/中国卫星/14.590	200	14.580	900	14.550	12000	14.520	300	14.510	900	14.600	240	14.620	5200	14.630	1300	14.650	3600	14.670	200	/16842835//20969382/1429854/14.59/14.5//2008-9-18 10:39:54
80/600118/中国卫星/14.600	10560	14.590	10400	14.560	100	14.550	2900	14.520	300	14.620	1000	14.630	200	14.650	3500	14.670	200	14.680	2800	/16842835//21162842/1443094/14.6/14.5//2008-9-18 10:40:54
80/600118/中国卫星/14.590	10400	14.560	100	14.550	2900	14.520	300	14.510	900	14.600	890	14.670	200	14.680	2800	14.700	1900	14.710	500	/16842835//21516000/1467254/14.6/14.5//2008-9-18 10:41:54
80/600118/中国卫星/14.600	9010	14.590	10400	14.560	100	14.550	2900	14.520	300	14.670	2200	14.680	2900	14.700	1900	14.710	500	14.750	100	/16842835//21737682/1482444/14.6/14.5//2008-9-18 10:42:55
80/600118/中国卫星/14.620	100	14.610	1900	14.600	8110	14.590	10400	14.560	100	14.630	1000	14.650	900	14.670	2200	14.680	2900	14.700	1900	/16842835//21742072/1482744/14.63/14.5//2008-9-18 10:43:55
80/600118/中国卫星/14.640	1700	14.630	1000	14.620	100	14.610	500	14.600	8210	14.670	2200	14.680	2900	14.700	1900	14.710	500	14.750	100	/16842835//21881090/1492244/14.64/14.5//2008-9-18 10:44:56
80/600118/中国卫星/14.590	10700	14.550	2900	14.520	300	14.510	900	14.500	14400	14.600	1090	14.630	10000	14.640	300	14.650	5400	14.660	900	/16842835//22166390/1511754/14.6/14.5//2008-9-18 10:45:56
80/600118/中国卫星/14.550	2900	14.520	300	14.510	900	14.500	14400	14.480	200	14.580	400	14.590	8900	14.600	2490	14.630	10500	14.640	300	/16842835//22337100/1523454/14.59/14.5//2008-9-18 10:46:56
80/600118/中国卫星/14.500	13800	14.480	200	14.470	200	14.450	2900	14.430	8400	14.550	300	14.580	1500	14.590	1800	14.600	990	14.620	100	/16842835//22562740/1538954/14.5/14.5//2008-9-18 10:47:57
80/600118/中国卫星/14.480	200	14.470	200	14.450	2900	14.430	8400	14.420	500	14.500	900	14.510	3150	14.520	500	14.540	200	14.570	3000	/16842835//23078994/1574554/14.51/14.5//2008-9-18 10:48:57
80/600118/中国卫星/14.450	12900	14.430	8400	14.420	500	14.410	2300	14.400	18700	14.480	500	14.490	300	14.500	2100	14.510	950	14.520	500	/16842835//23067324/1573754/14.48/14.5//2008-9-18 10:49:57
80/600118/中国卫星/14.430	8400	14.420	500	14.410	2300	14.400	18700	14.370	700	14.450	900	14.460	1600	14.470	200	14.480	500	14.500	1600	/16842835//23271070/1587854/14.45/14.5//2008-9-18 10:50:58
80/600118/中国卫星/14.460	1300	14.430	7800	14.420	500	14.410	2300	14.400	18700	14.470	200	14.480	500	14.500	1700	14.510	150	14.580	1400	/16842835//23379444/1595354/14.46/14.5//2008-9-18 10:51:58
80/600118/中国卫星/14.430	9200	14.420	500	14.410	2300	14.400	19200	14.370	500	14.460	1000	14.480	500	14.500	1700	14.510	150	14.580	1400	/16842835//23445890/1599954/14.43/14.5//2008-9-18 10:52:58
80/600118/中国卫星/14.430	300	14.420	500	14.410	2300	14.400	20000	14.380	400	14.460	1100	14.480	500	14.500	1700	14.510	150	14.580	1400	/16842835//23616136/1611754/14.43/14.5//2008-9-18 10:53:59
80/600118/中国卫星/14.420	2500	14.410	500	14.370	600	14.360	400	14.350	7600	14.500	1700	14.510	150	14.580	1400	14.590	1600	14.600	390	/16842835//24035384/1640854/14.38/14.5//2008-9-18 10:54:59
80/600118/中国卫星/14.430	400	14.420	2900	14.410	500	14.400	200	14.380	1300	14.500	200	14.510	150	14.580	1400	14.590	1600	14.600	1490	/16842835//24054268/1642154/14.43/14.5//2008-9-18 10:56:0
80/600118/中国卫星/14.430	80	14.400	500	14.380	100	14.360	800	14.350	16700	14.500	200	14.570	1000	14.580	1400	14.590	1600	14.600	490	/16842835//24185550/1651274/14.43/14.5//2008-9-18 10:57:0
80/600118/中国卫星/14.360	2300	14.350	1502	14.330	1100	14.320	1100	14.310	16100	14.430	400	14.450	200	14.480	100	14.490	3900	14.500	300	/16842835//24446468/1669452/14.36/14.5//2008-9-18 10:58:0
80/600118/中国卫星/14.350	500	14.320	1100	14.310	3502	14.300	125077	0.000	0	14.400	2900	14.450	200	14.480	100	14.490	3900	14.500	300	/16842835//24788844/1693352/14.35/14.5//2008-9-18 10:59:1
80/600118/中国卫星/14.310	8202	14.300	128177	0.000	0	0.000	0	0.000	0	14.320	500	14.330	800	14.350	800	14.400	3400	14.450	200	/16842835//24896408/1700852/14.32/14.5//2008-9-18 11:0:1
80/600118/中国卫星/14.310	3302	14.300	128277	0.000	0	0.000	0	0.000	0	14.320	900	14.330	600	14.350	1800	14.400	3400	14.430	1000	/16842835//25006604/1708552/14.31/14.5//2008-9-18 11:1:2
80/600118/中国卫星/14.300	112089	0.000	0	0.000	0	0.000	0	0.000	0	14.310	800	14.330	100	14.350	1000	14.400	3400	14.480	100	/16842835//25429870/1738142/14.3/14.5//2008-9-18 11:2:2
80/600118/中国卫星/14.300	28089	0.000	0	0.000	0	0.000	0	0.000	0	14.310	400	14.330	2100	14.350	1000	14.400	3400	14.480	100	/16842835//27087280/1854042/14.3/14.5//2008-9-18 11:3:2
80/600118/中国卫星/14.310	200	14.300	11289	0.000	0	0.000	0	0.000	0	14.300	7511	14.330	2100	14.350	1000	14.400	3400	14.450	500	/16842835//27763576/1901331/14.3/14.5//2008-9-18 11:4:3
80/600118/中国卫星/14.310	400	14.300	30289	0.000	0	0.000	0	0.000	0	14.330	2100	14.350	1000	14.400	3400	14.450	500	14.500	1200	/16842835//27876704/1909242/14.3/14.5//2008-9-18 11:5:3
80/600118/中国卫星/14.400	600	14.330	3000	14.310	2400	14.300	33089	0.000	0	14.450	500	14.500	1200	14.570	1000	14.580	900	14.600	3090	/16842835//27955706/1914742/14.4/14.5//2008-9-18 11:6:4
80/600118/中国卫星/14.500	1300	14.450	100	14.400	600	14.350	2000	14.340	200	14.570	1000	14.580	900	14.600	3190	14.620	4000	14.630	15000	/16842835//27980332/1916442/14.5/14.5//2008-9-18 11:7:4
80/600118/中国卫星/14.500	1700	14.450	300	14.420	2000	14.410	100	14.400	2600	14.560	1150	14.570	1000	14.580	900	14.600	4990	14.620	5000	/16842835//27986138/1916842/14.5/14.5//2008-9-18 11:8:4
80/600118/中国卫星/14.500	1000	14.450	300	14.420	2000	14.410	100	14.350	1600	14.550	12000	14.560	11250	14.570	1000	14.580	2700	14.600	3190	/16842835//28033988/1920142/14.5/14.5//2008-9-18 11:9:5
80/600118/中国卫星/14.410	100	14.350	1600	14.340	200	14.330	3000	14.310	5300	14.420	3300	14.550	15500	14.560	11250	14.580	900	14.600	3190	/16842835//28136790/1927242/14.42/14.5//2008-9-18 11:10:5
80/600118/中国卫星/14.350	1600	14.330	2900	14.320	500	14.310	5800	14.300	27900	14.410	850	14.420	3000	14.510	1200	14.550	15500	14.560	10100	/16842835//28145440/1927842/14.41/14.5//2008-9-18 11:11:6
80/600118/中国卫星/14.360	3500	14.350	1000	14.310	4500	14.300	27100	0.000	0	14.410	850	14.420	3000	14.510	1200	14.550	15500	14.560	10100	/16842835//28288702/1937842/14.31/14.5//2008-9-18 11:12:6
80/600118/中国卫星/14.400	28800	14.360	8200	14.350	1000	14.310	16800	14.300	28700	14.410	1050	14.510	1200	14.550	15700	14.560	11100	14.580	900	/16842835//28598290/1959342/14.4/14.5//2008-9-18 11:13:7
80/600118/中国卫星/14.400	25400	14.360	8200	14.350	1500	14.320	3300	14.310	18500	14.410	250	14.500	600	14.510	1200	14.550	15700	14.560	11100	/16842835//28655896/1963342/14.41/14.5//2008-9-18 11:14:7
80/600118/中国卫星/14.400	23900	14.360	8200	14.350	1500	14.320	3300	14.310	19900	14.410	50	14.490	200	14.500	1300	14.510	1200	14.550	15700	/16842835//28680378/1965042/14.41/14.5//2008-9-18 11:15:7
80/600118/中国卫星/14.420	50	14.410	500	14.400	13900	14.360	7000	14.350	1500	14.490	200	14.500	1000	14.510	1200	14.550	15700	14.560	11100	/16842835//28825818/1975142/14.41/14.5//2008-9-18 11:16:8
80/600118/中国卫星/14.420	2250	14.410	1200	14.400	13900	14.360	5000	14.350	1500	14.490	200	14.500	2000	14.510	1200	14.550	15700	14.560	1100	/16842835//28853218/1977042/14.42/14.5//2008-9-18 11:17:8
80/600118/中国卫星/14.420	1450	14.410	1200	14.400	13900	14.380	200	14.360	5000	14.490	200	14.500	1400	14.510	1200	14.550	15700	14.560	1100	/16842835//28851054/1976892/14.42/14.5//2008-9-18 11:18:9
80/600118/中国卫星/14.490	1000	14.420	2350	14.410	4200	14.400	14400	14.380	200	14.500	600	14.510	1200	14.550	15700	14.560	1100	14.580	900	/16842835//28869886/1978192/14.42/14.5//2008-9-18 11:19:9
80/600118/中国卫星/14.490	7500	14.420	4850	14.410	4200	14.400	14400	14.380	200	14.500	600	14.510	1200	14.550	15700	14.560	100	14.580	900	/16842835//28920462/1981692/14.49/14.5//2008-9-18 11:20:10
80/600118/中国卫星/14.400	13450	14.380	200	14.360	5000	14.350	1500	14.320	3400	14.490	2600	14.500	2500	14.510	1200	14.550	15700	14.560	100	/16842835//29173276/1999192/14.4/14.5//2008-9-18 11:21:10
80/600118/中国卫星/14.400	9400	14.380	200	14.360	5000	14.350	1500	14.320	3400	14.490	2600	14.500	2500	14.510	1200	14.550	15700	14.560	100	/16842835//29245996/2004242/14.4/14.5//2008-9-18 11:22:10
80/600118/中国卫星/14.410	100	14.400	7899	14.380	200	14.360	5000	14.350	1500	14.480	100	14.490	1700	14.500	2400	14.510	1200	14.550	15700	/16842835//29284990/2006943/14.4/14.5//2008-9-18 11:23:11
80/600118/中国卫星/14.400	7499	14.380	200	14.360	5000	14.350	1500	14.320	3400	14.480	3600	14.490	1800	14.500	2400	14.510	1200	14.550	15700	/16842835//29300854/2008043/14.4/14.5//2008-9-18 11:24:11
80/600118/中国卫星/14.400	8399	14.380	200	14.360	5000	14.350	1500	14.320	3400	14.480	6700	14.490	1800	14.500	2400	14.510	1200	14.540	100	/16842835//29299414/2007943/14.4/14.5//2008-9-18 11:25:12
80/600118/中国卫星/14.400	6599	14.380	200	14.360	5000	14.350	1500	14.320	3400	14.480	6200	14.490	1800	14.500	2400	14.510	1200	14.540	100	/16842835//29359934/2012143/14.4/14.5//2008-9-18 11:26:12
80/600118/中国卫星/14.400	5099	14.380	200	14.370	1000	14.360	5000	14.350	1500	14.440	300	14.450	4000	14.480	6300	14.490	2400	14.500	2400	/16842835//29400304/2014943/14.4/14.5//2008-9-18 11:27:13
80/600118/中国卫星/14.400	1399	14.380	200	14.370	1000	14.360	5000	14.350	1500	14.450	2000	14.480	6300	14.490	2400	14.500	2400	14.510	1200	/16842835//29525816/2023643/14.4/14.5//2008-9-18 11:28:13
80/600118/中国卫星/14.400	2899	14.380	200	14.370	1000	14.360	5000	14.350	1500	14.450	2000	14.480	6300	14.490	1700	14.500	2400	14.510	1200	/16842835//29579112/2027344/14.4/14.5//2008-9-18 11:29:14
80/600118/中国卫星/14.400	3299	14.380	200	14.370	1000	14.360	5000	14.350	1500	14.450	2000	14.480	6200	14.490	1700	14.500	2400	14.510	1200	/16842835//29573336/2026943/14.4/14.5//2008-9-18 11:30:14
80/600118/中国卫星/14.400	3299	14.380	200	14.370	1000	14.360	5000	14.350	1500	14.450	2000	14.480	6200	14.490	1700	14.500	2400	14.510	1200	/16842835//29573336/2026943/14.4/14.5//2008-9-18 11:31:15
80/600118/中国卫星/14.310	3302	14.300	39000	0.000	0	0.000	0	0.000	0	14.320	100	14.350	6900	14.380	2600	14.400	17399	14.450	2701	/16842835//30080480/2062240/14.31/14.5//2008-9-18 13:1:15
80/600118/中国卫星/14.300	39200	0.000	0	0.000	0	0.000	0	0.000	0	14.310	5098	14.320	100	14.350	6900	14.380	2600	14.400	16899	/16842835//30196420/2070342/14.31/14.5//2008-9-18 13:2:16
80/600118/中国卫星/14.310	12302	14.300	35600	0.000	0	0.000	0	0.000	0	14.350	6800	14.380	2600	14.400	13199	14.450	2701	14.480	100	/16842835//30285092/2076540/14.31/14.5//2008-9-18 13:3:16
80/600118/中国卫星/14.310	3451	14.300	36900	0.000	0	0.000	0	0.000	0	14.320	100	14.340	200	14.350	7000	14.380	2600	14.400	8600	/16842835//30418910/2085891/14.31/14.5//2008-9-18 13:4:17
80/600118/中国卫星/14.300	40700	0.000	0	0.000	0	0.000	0	0.000	0	14.310	10049	14.340	200	14.350	7000	14.380	2600	14.400	8600	/16842835//30515506/2092642/14.31/14.5//2008-9-18 13:5:17
80/600118/中国卫星/14.320	1000	14.310	10051	14.300	42500	0.000	0	0.000	0	14.340	200	14.350	7000	14.400	8600	14.450	2701	14.480	100	/16842835//30680772/2104191/14.31/14.5//2008-9-18 13:6:18
80/600118/中国卫星/14.340	800	14.330	300	14.310	15251	14.300	93500	0.000	0	14.350	7100	14.400	8600	14.450	2701	14.480	100	14.490	1600	/16842835//30693670/2105091/14.34/14.5//2008-9-18 13:7:18
80/600118/中国卫星/14.330	100	14.310	15751	14.300	94200	0.000	0	0.000	0	14.340	3400	14.350	5700	14.400	7700	14.450	2701	14.480	500	/16842835//30753910/2109291/14.34/14.5//2008-9-18 13:8:19
80/600118/中国卫星/14.330	700	14.320	300	14.310	16551	14.300	43000	0.000	0	14.340	1600	14.350	6600	14.400	7700	14.450	2701	14.480	400	/16842835//30802650/2112691/14.33/14.5//2008-9-18 13:9:19
80/600118/中国卫星/14.330	15903	14.320	500	14.310	16651	14.300	42400	0.000	0	14.350	6600	14.400	7700	14.450	2701	14.480	700	14.490	1600	/16842835//30924474/2121188/14.33/14.5//2008-9-18 13:10:20
80/600118/中国卫星/14.320	300	14.310	15651	14.300	41800	0.000	0	0.000	0	14.330	290	14.340	1000	14.350	6600	14.400	7700	14.450	2701	/16842835//30937368/2122088/14.32/14.5//2008-9-18 13:11:20
80/600118/中国卫星/14.330	9110	14.320	300	14.310	15751	14.300	41900	0.000	0	14.340	1000	14.350	6600	14.380	90	14.400	7700	14.450	2701	/16842835//31056164/2130378/14.33/14.5//2008-9-18 13:12:21
80/600118/中国卫星/14.330	610	14.320	300	14.310	15651	14.300	38800	0.000	0	14.340	1000	14.350	6600	14.380	90	14.400	7700	14.450	2701	/16842835//31210928/2141178/14.33/14.5//2008-9-18 13:13:21
80/600118/中国卫星/14.310	161	14.300	38900	0.000	0	0.000	0	0.000	0	14.330	9200	14.340	600	14.350	5700	14.380	90	14.400	7500	/16842835//31477128/2159778/14.31/14.5//2008-9-18 13:14:22
80/600118/中国卫星/14.310	95661	14.300	12900	0.000	0	0.000	0	0.000	0	14.320	9100	14.330	8000	14.340	600	14.350	5700	14.380	90	/16842835//32014904/2197378/14.31/14.5//2008-9-18 13:15:22
80/600118/中国卫星/14.310	89761	14.300	13700	0.000	0	0.000	0	0.000	0	14.320	1200	14.330	4900	14.340	600	14.350	7400	14.380	90	/16842835//32215324/2211378/14.32/14.5//2008-9-18 13:16:23
80/600118/中国卫星/14.310	89961	14.300	11400	0.000	0	0.000	0	0.000	0	14.320	160	14.330	4900	14.340	600	14.350	5700	14.380	90	/16842835//32420100/2225678/14.32/14.5//2008-9-18 13:17:23
80/600118/中国卫星/14.300	4561	0.000	0	0.000	0	0.000	0	0.000	0	14.320	1360	14.330	4900	14.340	600	14.350	5700	14.380	90	/16842835//33873908/2327278/14.32/14.5//2008-9-18 13:18:24
80/600118/中国卫星/14.300	3661	0.000	0	0.000	0	0.000	0	0.000	0	14.300	10239	14.310	69400	14.320	1360	14.330	3700	14.340	600	/16842835//33970592/2334039/14.3/14.5//2008-9-18 13:19:24
80/600118/中国卫星/14.300	3661	0.000	0	0.000	0	0.000	0	0.000	0	14.300	18400	14.310	69400	14.320	1360	14.330	2800	14.340	600	/16842835//34125032/2344839/14.3/14.5//2008-9-18 13:20:25
80/600118/中国卫星/14.300	3661	0.000	0	0.000	0	0.000	0	0.000	0	14.300	11500	14.310	67900	14.320	1360	14.330	2800	14.340	600	/16842835//34488252/2370239/14.3/14.5//2008-9-18 13:21:25
80/600118/中国卫星/14.300	3661	0.000	0	0.000	0	0.000	0	0.000	0	14.300	2500	14.320	1360	14.330	2800	14.340	600	14.350	3400	/16842835//34509700/2371739/14.3/14.5//2008-9-18 13:22:26
80/600118/中国卫星/14.300	7100	0.000	0	0.000	0	0.000	0	0.000	0	14.300	53700	14.320	1360	14.330	4800	14.340	600	14.350	3400	/16842835//34727060/2386939/14.3/14.5//2008-9-18 13:23:26
80/600118/中国卫星/14.300	57000	0.000	0	0.000	0	0.000	0	0.000	0	14.320	1360	14.330	4800	14.340	600	14.350	3400	14.380	90	/16842835//35506412/2441439/14.3/14.5//2008-9-18 13:24:27
80/600118/中国卫星/14.320	2800	14.310	500	14.300	50640	0.000	0	0.000	0	14.350	3300	14.380	90	14.400	7500	14.410	500	14.440	1000	/16842835//35700512/2454999/14.35/14.5//2008-9-18 13:25:27
80/600118/中国卫星/14.320	2600	14.300	50640	0.000	0	0.000	0	0.000	0	14.350	2400	14.380	90	14.390	1900	14.400	7500	14.410	500	/16842835//35726316/2456799/14.32/14.5//2008-9-18 13:26:28
80/600118/中国卫星/14.340	100	14.330	1600	14.320	1300	14.310	2000	14.300	55240	14.350	200	14.380	90	14.390	1900	14.400	7500	14.410	500	/16842835//35757884/2458999/14.35/14.5//2008-9-18 13:27:28
80/600118/中国卫星/14.400	69810	14.390	2000	14.380	2700	14.360	700	14.350	1400	14.410	500	14.440	1000	14.450	3101	14.480	1000	14.490	2600	/16842835//35913228/2469789/14.4/14.5//2008-9-18 13:28:29
80/600118/中国卫星/14.420	900	14.410	1200	14.400	69910	14.380	200	14.360	700	14.440	1000	14.450	2701	14.480	1000	14.490	1600	14.500	4400	/16842835//35998252/2475689/14.41/14.5//2008-9-18 13:29:29
80/600118/中国卫星/14.410	800	14.400	70510	14.380	200	14.350	1500	14.330	1000	14.440	300	14.450	2601	14.480	1000	14.490	1600	14.500	4600	/16842835//36038652/2478489/14.45/14.5//2008-9-18 13:30:30
80/600118/中国卫星/14.400	69410	14.380	200	14.350	500	14.330	1000	14.320	700	14.410	400	14.440	200	14.450	2601	14.480	800	14.490	1600	/16842835//36168284/2487489/14.4/14.5//2008-9-18 13:31:30
80/600118/中国卫星/14.410	2700	14.400	6100	14.380	200	14.350	500	14.330	1000	14.440	100	14.450	2601	14.480	800	14.490	1800	14.500	4600	/16842835//36168284/2487489/14.4/14.5//2008-9-18 13:32:31
80/600118/中国卫星/14.450	18999	14.410	4600	14.400	5800	14.380	500	14.350	500	14.480	600	14.490	1800	14.500	4400	14.510	1200	14.540	100	/16842835//36246248/2492890/14.48/14.5//2008-9-18 13:33:31
80/600118/中国卫星/14.500	200	14.480	200	14.450	20299	14.440	100	14.410	4100	14.510	2105	14.540	100	14.550	12200	14.580	1500	14.600	5350	/16842835//36346260/2499790/14.5/14.5//2008-9-18 13:34:32
80/600118/中国卫星/14.580	3300	14.560	300	14.550	34895	14.510	1100	14.500	200	14.600	1250	14.630	30000	14.650	4650	14.660	600	14.670	2700	/16842835//36637500/2519795/14.6/14.5//2008-9-18 13:35:32
80/600118/中国卫星/14.630	17700	14.600	6350	14.580	7100	14.530	300	14.510	500	14.650	4650	14.660	600	14.670	2700	14.680	2600	14.690	600	/16842835//37284500/2564045/14.63/14.5//2008-9-18 13:36:33
80/600118/中国卫星/14.700	10500	14.650	2400	14.630	500	14.600	3950	14.580	7000	14.980	800	14.990	1000	15.000	10400	15.010	3300	15.040	500	/16842835//37780872/2597695/14.7/14.5//2008-9-18 13:37:34
80/600118/中国卫星/14.750	1000	14.720	500	14.700	9600	14.650	800	14.630	1000	14.880	300	14.950	1500	14.970	300	14.980	6300	14.990	2700	/16842835//37847584/2602195/14.97/14.5//2008-9-18 13:38:34
80/600118/中国卫星/14.800	1400	14.750	1400	14.720	500	14.700	10100	14.650	800	14.850	300	14.860	100	14.870	2900	14.880	3500	14.950	1500	/16842835//37927716/2607595/14.8/14.5//2008-9-18 13:39:35
80/600118/中国卫星/14.650	800	14.630	500	14.600	2950	14.580	7300	14.510	500	14.700	2900	14.750	2200	14.800	1439	14.850	300	14.860	600	/16842835//38108736/2619895/14.7/14.5//2008-9-18 13:40:35
80/600118/中国卫星/14.650	1194	14.630	100	14.600	2750	14.580	6100	14.510	500	14.700	5100	14.750	2200	14.800	1439	14.850	300	14.860	500	/16842835//38123468/2620901/14.65/14.5//2008-9-18 13:41:36
80/600118/中国卫星/14.660	900	14.650	894	14.630	200	14.610	3200	14.600	2850	14.700	1100	14.710	300	14.750	2200	14.800	1439	14.850	300	/16842835//38132272/2621501/14.7/14.5//2008-9-18 13:42:36
80/600118/中国卫星/14.710	3000	14.660	3200	14.650	3094	14.630	200	14.610	2200	14.750	2200	14.800	1439	14.850	300	14.870	1000	14.880	2800	/16842835//38213044/2627001/14.71/14.5//2008-9-18 13:43:37
80/600118/中国卫星/14.800	100	14.750	6000	14.720	2000	14.710	2900	14.680	500	14.850	300	14.870	1000	14.880	2000	14.900	2500	14.930	500	/16842835//38252920/2629701/14.8/14.5//2008-9-18 13:44:37
80/600118/中国卫星/14.900	7400	14.870	500	14.850	200	14.820	500	14.800	3900	14.930	500	14.940	1100	14.950	1900	14.960	200	14.970	2200	/16842835//38363016/2637101/14.9/14.5//2008-9-18 13:45:38
80/600118/中国卫星/14.940	5600	14.930	500	14.910	1000	14.900	7400	14.870	500	14.970	400	14.980	3200	14.990	3500	15.000	6000	15.010	3300	/16842835//38509568/2646901/14.94/14.5//2008-9-18 13:46:39
80/600118/中国卫星/14.910	500	14.900	7400	14.870	500	14.850	100	14.800	500	14.970	1000	14.980	1000	14.990	300	15.000	11700	15.010	3300	/16842835//38885168/2672001/14.91/14.5//2008-9-18 13:47:39
80/600118/中国卫星/14.900	6901	14.870	500	14.850	100	14.800	500	14.760	800	14.920	89	14.990	4200	15.000	11100	15.010	3300	15.100	5500	/16842835//39163084/2690600/14.97/14.5//2008-9-18 13:48:40
80/600118/中国卫星/14.950	5700	14.900	5601	14.870	500	14.850	100	14.800	500	14.960	2400	14.970	7779	14.980	3510	14.990	13800	15.000	12900	/16842835//39333256/2702000/14.95/14.5//2008-9-18 13:49:40
80/600118/中国卫星/14.870	500	14.850	100	14.800	500	14.750	4500	14.730	100	14.880	1000	14.890	500	14.900	3099	14.910	900	14.940	1584	/16842835//39554240/2716801/14.9/14.5//2008-9-18 13:50:41
80/600118/中国卫星/14.750	1400	14.730	100	14.720	2000	14.680	800	14.660	1300	14.800	1800	14.830	200	14.850	2100	14.860	3100	14.870	3400	/16842835//39594200/2719501/14.75/14.5//2008-9-18 13:51:41
80/600118/中国卫星/14.720	900	14.680	800	14.660	1300	14.650	1194	14.600	6550	14.730	1700	14.740	100	14.750	100	14.790	500	14.800	600	/16842835//39660540/2724001/14.72/14.5//2008-9-18 13:52:42
80/600118/中国卫星/14.700	2000	14.680	800	14.660	1300	14.650	1094	14.610	1000	14.730	600	14.740	5100	14.750	100	14.800	300	14.870	1900	/16842835//39691464/2726101/14.73/14.5//2008-9-18 13:53:42
80/600118/中国卫星/14.550	500	14.500	1300	14.480	400	14.450	400	14.440	100	14.580	100	14.710	556	14.720	100	14.730	700	14.740	5100	/16842835//39967028/2744945/14.58/14.5//2008-9-18 13:54:43
80/600118/中国卫星/14.600	1300	14.580	1300	14.550	500	14.510	1600	14.500	1500	14.710	556	14.720	800	14.730	700	14.740	5100	14.750	100	/16842835//39937868/2742945/14.6/14.5//2008-9-18 13:55:44
80/600118/中国卫星/14.740	2644	14.650	500	14.610	300	14.600	2800	14.580	1200	14.750	100	14.800	500	14.860	1000	14.870	900	14.900	3700	/16842835//40046252/2750301/14.74/14.5//2008-9-18 13:56:44
80/600118/中国卫星/14.740	44	14.650	2500	14.610	100	14.600	3000	14.580	52400	14.800	500	14.870	900	14.890	1200	14.900	3700	14.930	700	/16842835//40090476/2753301/14.74/14.5//2008-9-18 13:57:45
80/600118/中国卫星/14.800	3144	14.700	100	14.650	2500	14.610	500	14.600	3000	14.870	1100	14.890	1200	14.900	3700	14.930	700	14.940	2000	/16842835//40133276/2756201/14.8/14.5//2008-9-18 13:58:45
80/600118/中国卫星/14.800	3544	14.700	100	14.650	2500	14.610	500	14.600	3000	14.850	500	14.870	900	14.890	7500	14.900	3500	14.930	2700	/16842835//40136236/2756401/14.8/14.5//2008-9-18 13:59:46
80/600118/中国卫星/14.820	5000	14.800	3844	14.700	100	14.650	2000	14.610	500	14.840	1300	14.850	1199	14.870	1300	14.890	6300	14.900	2100	/16842835//40170368/2758701/14.85/14.5//2008-9-18 14:0:47
80/600118/中国卫星/14.800	2344	14.700	100	14.650	2000	14.610	500	14.600	5800	14.820	3600	14.840	2100	14.850	1199	14.870	1900	14.880	200	/16842835//40284456/2766401/14.8/14.5//2008-9-18 14:1:47
80/600118/中国卫星/14.650	2000	14.610	500	14.600	5800	14.580	1200	14.550	600	14.690	200	14.800	2956	14.820	1100	14.840	1500	14.850	1500	/16842835//40313220/2768345/14.7/14.5//2008-9-18 14:2:48
80/600118/中国卫星/14.610	400	14.600	5100	14.580	1200	14.560	700	14.550	600	14.650	100	14.690	200	14.700	1390	14.800	2556	14.820	800	/16842835//40345440/2770545/14.61/14.5//2008-9-18 14:3:48
80/600118/中国卫星/14.580	1200	14.560	700	14.550	100	14.500	2500	14.480	400	14.600	21400	14.650	100	14.690	200	14.700	1390	14.790	1000	/16842835//40469556/2779045/14.6/14.5//2008-9-18 14:4:49
80/600118/中国卫星/14.580	3100	14.560	1200	14.550	500	14.500	1900	14.480	400	14.600	100	14.650	100	14.690	200	14.700	1390	14.750	100	/16842835//40681224/2793545/14.6/14.5//2008-9-18 14:5:50
80/600118/中国卫星/14.610	500	14.600	4100	14.590	100	14.580	3500	14.560	1200	14.650	100	14.690	400	14.700	1390	14.750	100	14.780	2500	/16842835//40682684/2793645/14.6/14.5//2008-9-18 14:6:50
80/600118/中国卫星/14.650	7200	14.610	1100	14.600	13079	14.590	400	14.580	3500	14.690	100	14.700	1390	14.770	700	14.780	2500	14.790	1000	/16842835//40807360/2802166/14.69/14.5//2008-9-18 14:7:51
80/600118/中国卫星/14.700	1110	14.690	1200	14.660	1200	14.650	7500	14.610	1100	14.770	200	14.780	2500	14.790	1000	14.800	656	14.810	1000	/16842835//40830732/2803756/14.7/14.5//2008-9-18 14:8:51
80/600118/中国卫星/14.770	500	14.700	1154	14.690	900	14.660	1200	14.650	7300	14.800	600	14.810	1000	14.820	300	14.830	1000	14.840	500	/16842835//40909900/2809112/14.7/14.5//2008-9-18 14:9:52
80/600118/中国卫星/14.800	8800	14.720	200	14.710	800	14.700	28500	14.690	900	14.810	1000	14.820	300	14.830	1000	14.840	500	14.850	2200	/16842835//40983824/2814112/14.8/14.5//2008-9-18 14:10:53
80/600118/中国卫星/14.800	5500	14.720	200	14.700	29500	14.660	500	14.650	500	14.850	700	14.870	1900	14.900	2800	14.930	2700	14.940	3000	/16842835//41148140/2825212/14.8/14.5//2008-9-18 14:11:53
80/600118/中国卫星/14.840	7300	14.830	1200	14.800	1800	14.750	600	14.720	400	14.850	1300	14.870	1900	14.900	4100	14.940	1000	14.950	14800	/16842835//41211860/2829512/14.85/14.5//2008-9-18 14:12:54
80/600118/中国卫星/14.860	17201	14.850	400	14.840	6000	14.830	1200	14.800	1700	14.870	500	14.900	4100	14.940	1000	14.950	11800	14.960	300	/16842835//41415380/2843211/14.86/14.5//2008-9-18 14:13:55
80/600118/中国卫星/14.860	4701	14.830	1200	14.800	1700	14.750	700	14.720	200	14.900	4400	14.940	2000	14.950	11800	14.960	3300	14.970	6779	/16842835//41751316/2865811/14.86/14.5//2008-9-18 14:14:55
80/600118/中国卫星/14.870	600	14.860	1501	14.840	400	14.830	1300	14.800	1800	14.900	4600	14.940	2000	14.950	12200	14.960	3300	14.970	6279	/16842835//41825664/2870811/14.87/14.5//2008-9-18 14:15:56
80/600118/中国卫星/14.860	1055	14.840	400	14.830	1300	14.800	1800	14.750	700	14.880	300	14.890	1900	14.900	5900	14.940	2300	14.950	12200	/16842835//41862036/2873257/14.86/14.5//2008-9-18 14:16:56
80/600118/中国卫星/14.830	200	14.800	2300	14.750	700	14.720	200	14.700	1300	14.840	100	14.850	700	14.860	245	14.870	300	14.880	2100	/16842835//41963936/2880112/14.84/14.5//2008-9-18 14:17:57
80/600118/中国卫星/14.800	2000	14.750	700	14.720	200	14.700	1300	14.660	500	14.870	45	14.880	2100	14.890	1000	14.900	5900	14.940	2200	/16842835//42042596/2885412/14.8/14.5//2008-9-18 14:18:58
80/600118/中国卫星/14.900	3755	14.880	2800	14.870	100	14.850	1000	14.840	4800	14.940	2200	14.950	11800	14.960	300	14.970	5279	14.980	16150	/16842835//42233776/2898257/14.9/14.5//2008-9-18 14:19:58
80/600118/中国卫星/14.960	1700	14.950	14700	14.940	10500	14.910	900	14.900	18955	14.970	1979	14.980	12750	14.990	1050	15.000	7400	15.010	3300	/16842835//42520868/2917457/14.97/14.5//2008-9-18 14:20:59
80/600118/中国卫星/15.000	35250	14.980	12000	14.970	16800	14.960	2400	14.950	12800	15.010	3300	15.030	500	15.060	300	15.100	4800	15.110	100	/16842835//42780504/2934786/15.0/14.5//2008-9-18 14:22:0
80/600118/中国卫星/15.250	3800	15.220	600	15.200	16200	15.130	100	15.110	12100	15.280	1400	15.290	1000	15.300	1300	15.310	3000	15.320	300	/16842835//43024084/2950886/15.25/14.5//2008-9-18 14:23:0
80/600118/中国卫星/15.310	4000	15.300	6200	15.290	1700	15.280	2500	15.270	400	15.340	400	15.400	400	15.430	500	15.440	200	15.450	3900	/16842835//43181716/2961186/15.31/14.5//2008-9-18 14:24:1
80/600118/中国卫星/15.360	900	15.340	1100	15.330	500	15.320	500	15.310	2300	15.390	200	15.400	200	15.430	500	15.440	200	15.450	4000	/16842835//43295496/2968586/15.36/14.5//2008-9-18 14:25:2
80/600118/中国卫星/15.330	400	15.310	1900	15.300	8000	15.290	1200	15.280	800	15.340	1600	15.350	1000	15.370	300	15.380	2200	15.390	3900	/16842835//43516736/2982986/15.33/14.5//2008-9-18 14:26:2
80/600118/中国卫星/15.260	8000	15.250	400	15.200	7700	15.180	300	15.110	1200	15.280	100	15.290	5200	15.300	53300	15.320	4650	15.330	3100	/16842835//43749252/2998186/15.27/14.5//2008-9-18 14:27:3
80/600118/中国卫星/15.250	1900	15.200	6700	15.180	300	15.110	200	15.100	1200	15.260	16900	15.270	5900	15.280	1500	15.290	11700	15.300	53900	/16842835//43892688/3007586/15.25/14.5//2008-9-18 14:28:4
80/600118/中国卫星/15.030	300	15.010	4700	15.000	2100	14.980	1000	14.970	2000	15.100	88600	15.110	500	15.180	2200	15.200	13900	15.240	700	/16842835//44085544/3020286/15.1/14.5//2008-9-18 14:29:4
80/600118/中国卫星/14.980	800	14.970	2000	14.950	600	14.940	2000	14.900	1000	15.000	47500	15.040	650	15.100	1600	15.200	10600	15.240	700	/16842835//44190484/3027286/15.0/14.5//2008-9-18 14:30:5
80/600118/中国卫星/15.100	5850	14.970	800	14.950	400	14.940	2000	14.900	1000	15.200	9500	15.240	700	15.250	3300	15.260	3600	15.270	3700	/16842835//44342792/3037436/15.1/14.5//2008-9-18 14:31:6
80/600118/中国卫星/15.110	2000	15.100	4250	15.000	1000	14.980	800	14.970	800	15.200	500	15.240	700	15.250	2700	15.260	3600	15.270	3700	/16842835//44535524/3050136/15.2/14.5//2008-9-18 14:32:6
80/600118/中国卫星/15.110	4899	15.100	4250	14.980	1800	14.970	800	14.950	400	15.240	600	15.250	2500	15.260	3600	15.270	3100	15.280	200	/16842835//44570500/3052437/15.24/14.5//2008-9-18 14:33:7
80/600118/中国卫星/15.140	200	15.120	500	15.110	5799	15.100	4450	15.000	400	15.200	400	15.230	1500	15.240	500	15.250	2500	15.260	3600	/16842835//44582664/3053237/15.2/14.5//2008-9-18 14:34:8
80/600118/中国卫星/15.230	50	15.200	1100	15.140	200	15.130	200	15.120	500	15.250	900	15.280	1000	15.290	2800	15.300	52900	15.330	1100	/16842835//44914708/3074987/15.23/14.5//2008-9-18 14:35:8
80/600118/中国卫星/15.250	2000	15.240	500	15.230	10400	15.200	1550	15.140	200	15.260	200	15.280	1100	15.290	4100	15.300	53450	15.330	1700	/16842835//44980268/3079287/15.25/14.5//2008-9-18 14:36:9
80/600118/中国卫星/15.230	7000	15.200	1350	15.140	200	15.120	500	15.110	2799	15.240	4000	15.250	11500	15.260	1200	15.270	600	15.280	1000	/16842835//45086948/3086287/15.23/14.5//2008-9-18 14:37:10
80/600118/中国卫星/15.120	500	15.110	1000	15.100	2950	15.010	500	15.000	800	15.200	1150	15.230	14800	15.240	3900	15.250	6500	15.260	1000	/16842835//45220164/3095037/15.2/14.5//2008-9-18 14:38:10
80/600118/中国卫星/15.100	2950	15.010	500	15.000	800	14.980	500	14.970	800	15.110	300	15.150	500	15.180	200	15.190	100	15.200	19350	/16842835//45230756/3095737/15.12/14.5//2008-9-18 14:39:11
80/600118/中国卫星/15.000	300	14.980	500	14.970	800	14.950	400	14.940	2000	15.100	16250	15.110	100	15.150	500	15.180	200	15.190	2700	/16842835//45312300/3101137/15.1/14.5//2008-9-18 14:40:12
80/600118/中国卫星/14.970	100	14.950	10000	14.940	2000	14.920	300	14.910	3000	15.000	2600	15.080	500	15.090	500	15.100	5750	15.110	3000	/16842835//45330816/3102387/14.97/14.5//2008-9-18 14:41:12
80/600118/中国卫星/15.020	200	15.000	400	14.960	1500	14.950	8200	14.940	2600	15.070	100	15.080	500	15.090	500	15.100	5750	15.150	500	/16842835//45444676/3109987/14.95/14.5//2008-9-18 14:42:13
80/600118/中国卫星/15.070	200	15.030	1000	14.980	500	14.960	4500	14.950	6300	15.080	500	15.090	500	15.100	5750	15.150	200	15.190	3700	/16842835//45526992/3115487/15.07/14.5//2008-9-18 14:43:14
80/600118/中国卫星/15.030	1000	15.000	100	14.980	700	14.970	1000	14.960	4600	15.070	2300	15.080	300	15.090	1000	15.100	5050	15.150	200	/16842835//45533020/3115887/15.07/14.5//2008-9-18 14:44:14
80/600118/中国卫星/15.030	30000	15.000	100	14.980	200	14.970	1000	14.960	4400	15.060	1600	15.070	2100	15.080	300	15.090	1000	15.100	5050	/16842835//45573620/3118587/15.03/14.5//2008-9-18 14:45:15
80/600118/中国卫星/15.030	9855	15.000	8300	14.980	200	14.970	1000	14.960	4400	15.060	2300	15.070	2400	15.080	300	15.090	1000	15.100	4450	/16842835//45885416/3139332/15.03/14.5//2008-9-18 14:46:16
80/600118/中国卫星/14.970	900	14.960	3900	14.950	15800	14.940	2600	14.920	300	14.980	4900	14.990	600	15.000	4245	15.010	200	15.020	500	/16842835//46176032/3158687/14.97/14.5//2008-9-18 14:47:16
80/600118/中国卫星/14.940	81	14.920	300	14.910	3000	14.900	2400	14.860	500	14.960	11900	14.970	8700	14.980	3300	14.990	600	15.000	3945	/16842835//46521700/3181806/14.94/14.5//2008-9-18 14:48:17
80/600118/中国卫星/14.850	400	14.800	2700	14.750	100	14.700	1100	14.660	1500	14.860	1000	14.900	14900	14.920	300	14.940	19	14.950	1400	/16842835//46615308/3188087/14.86/14.5//2008-9-18 14:49:18
80/600118/中国卫星/14.860	1600	14.820	400	14.810	3000	14.800	2800	14.750	100	14.880	1000	14.890	500	14.900	1400	14.940	19	14.950	800	/16842835//46719280/3195087/14.86/14.5//2008-9-18 14:50:18
80/600118/中国卫星/14.820	800	14.810	3600	14.800	2300	14.750	100	14.700	1100	14.840	5790	14.860	2100	14.880	3700	14.890	500	14.900	1000	/16842835//46833536/3202787/14.82/14.5//2008-9-18 14:51:19
80/600118/中国卫星/14.840	300	14.830	500	14.820	600	14.810	2600	14.800	4200	14.860	490	14.880	3700	14.890	500	14.900	1000	14.940	19	/16842835//46956716/3211087/14.86/14.5//2008-9-18 14:52:20
80/600118/中国卫星/14.860	500	14.840	2210	14.830	400	14.820	3700	14.810	200	14.890	400	14.900	1000	14.940	19	14.950	500	14.960	700	/16842835//47120052/3222077/14.84/14.5//2008-9-18 14:53:21
80/600118/中国卫星/14.850	1200	14.840	5210	14.830	200	14.820	3700	14.810	200	14.860	800	14.880	5000	14.890	1100	14.900	2200	14.940	19	/16842835//47173556/3225677/14.86/14.5//2008-9-18 14:54:21
80/600118/中国卫星/14.840	2210	14.830	300	14.820	3700	14.800	1700	14.760	100	14.850	2300	14.880	12800	14.890	400	14.900	2200	14.940	19	/16842835//47418820/3242177/14.84/14.5//2008-9-18 14:55:22
80/600118/中国卫星/14.840	1710	14.830	200	14.820	1300	14.800	3700	14.760	400	14.860	1200	14.870	300	14.880	100	14.890	400	14.900	400	/16842835//47589596/3253677/14.84/14.5//2008-9-18 14:56:23
80/600118/中国卫星/14.850	48610	14.840	600	14.820	3500	14.800	1700	14.760	400	14.860	9700	14.870	300	14.880	100	14.890	1400	14.900	400	/16842835//47761832/3265277/14.86/14.5//2008-9-18 14:57:23
80/600118/中国卫星/14.860	13000	14.850	57860	14.840	500	14.820	1500	14.800	1700	14.870	800	14.880	200	14.890	1400	14.900	2100	14.940	19	/16842835//48076064/3286427/14.86/14.5//2008-9-18 14:58:24
80/600118/中国卫星/14.950	2681	14.850	15700	14.840	500	14.820	1500	14.800	1700	15.000	1700	15.010	200	15.030	2000	15.050	100	15.070	2300	/16842835//48675564/3326746/14.95/14.5//2008-9-18 14:59:25
80/600118/中国卫星/14.860	1200	14.850	16200	14.840	500	14.820	1500	14.800	2200	14.950	3619	14.990	100	15.000	800	15.010	200	15.030	2000	/16842835//48736592/3330827/14.95/14.5//2008-9-18 15:0:26
80/600118/中国卫星/14.860	1200	14.850	16200	14.840	500	14.820	1500	14.800	2200	14.950	3619	14.990	100	15.000	800	15.010	200	15.030	2000	/16842835//48736592/3330827/14.95/14.5//2008-9-18 15:1:26
80/600118/中国卫星/14.860	1200	14.850	16200	14.840	500	14.820	1500	14.800	2200	14.950	3619	14.990	100	15.000	800	15.010	200	15.030	2000	/16842835//48736592/3330827/14.95/14.5//2008-9-18 15:2:27
