65/600102/莱钢股份/6.720	300	6.710	3500	6.700	4700	6.680	12800	6.660	1200	6.730	1000	6.740	3500	6.750	3900	6.760	500	6.770	11791	/16842820//243559/36000/6.72/6.88//2008-9-18 9:31:34
65/600102/莱钢股份/6.730	1000	6.720	11300	6.710	3900	6.700	6600	6.680	12800	6.740	2000	6.750	3900	6.760	500	6.770	11791	6.780	33156	/16842820//249622/36900/6.74/6.88//2008-9-18 9:32:35
65/600102/莱钢股份/6.740	1000	6.730	3301	6.720	10800	6.710	3900	6.700	7100	6.750	8700	6.770	11791	6.780	33156	6.790	8000	6.800	7500	/16842820//327059/48399/6.75/6.88//2008-9-18 9:33:35
65/600102/莱钢股份/6.730	4701	6.720	11800	6.710	4000	6.700	6900	6.690	1400	6.750	8200	6.770	11791	6.780	29856	6.790	8000	6.800	7500	/16842820//335141/49599/6.73/6.88//2008-9-18 9:34:35
65/600102/莱钢股份/6.730	4501	6.720	11800	6.710	2000	6.700	6400	6.690	1400	6.740	800	6.750	7400	6.770	11991	6.780	30856	6.790	8000	/16842820//343235/50799/6.74/6.88//2008-9-18 9:35:35
65/600102/莱钢股份/6.690	1400	6.680	12500	6.660	2400	6.650	3500	6.620	200	6.700	13500	6.730	3799	6.740	2200	6.750	13400	6.770	11991	/16842820//878151/130500/6.7/6.88//2008-9-18 9:36:36
65/600102/莱钢股份/6.690	1300	6.680	10700	6.660	2400	6.650	8500	6.620	200	6.700	2900	6.730	3099	6.740	2200	6.750	13400	6.770	12491	/16842820//690132/102500/6.69/6.88//2008-9-18 9:37:36
65/600102/莱钢股份/6.680	4300	6.660	2700	6.650	8500	6.620	1100	6.610	2000	6.690	15900	6.700	4200	6.730	1099	6.740	2200	6.750	13400	/16842820//760976/113100/6.69/6.88//2008-9-18 9:38:36
65/600102/莱钢股份/6.660	2200	6.650	8500	6.630	1000	6.620	2100	6.610	5200	6.680	8100	6.690	6700	6.700	2400	6.730	1099	6.740	2200	/16842820//832404/123800/6.66/6.88//2008-9-18 9:39:36
65/600102/莱钢股份/6.680	500	6.670	2800	6.660	5500	6.650	71300	6.630	6000	6.690	300	6.700	2200	6.730	1099	6.740	2200	6.750	11400	/16842820//972006/144700/6.68/6.88//2008-9-18 9:40:36
65/600102/莱钢股份/6.670	1700	6.660	10400	6.650	71600	6.630	1000	6.620	2700	6.700	2200	6.730	1099	6.740	2200	6.750	7500	6.770	12491	/16842820//961961/143200/6.67/6.88//2008-9-18 9:41:37
65/600102/莱钢股份/6.700	1600	6.680	1500	6.670	3800	6.660	13200	6.650	74100	6.730	1099	6.740	2200	6.750	2500	6.770	12491	6.780	21500	/16842820//984070/146500/6.7/6.88//2008-9-18 9:42:37
65/600102/莱钢股份/6.710	1800	6.700	4000	6.680	6500	6.670	4000	6.660	12800	6.720	1700	6.730	1099	6.740	2200	6.750	3000	6.770	12491	/16842820//1010913/150500/6.71/6.88//2008-9-18 9:43:37
65/600102/莱钢股份/6.710	300	6.700	4900	6.690	4000	6.680	8500	6.670	34000	6.720	2900	6.730	1099	6.740	2200	6.750	3000	6.770	12491	/16842820//1032402/153700/6.72/6.88//2008-9-18 9:44:37
65/600102/莱钢股份/6.690	4000	6.680	12300	6.670	34000	6.660	12800	6.650	74600	6.700	17900	6.730	11099	6.740	8200	6.750	3000	6.770	12491	/16842820//1116225/166200/6.7/6.88//2008-9-18 9:45:37
65/600102/莱钢股份/6.680	10100	6.670	34200	6.660	12800	6.650	74600	6.630	1000	6.690	13300	6.700	18500	6.730	11099	6.740	8200	6.750	3500	/16842820//1193778/177800/6.69/6.88//2008-9-18 9:46:38
65/600102/莱钢股份/6.680	14000	6.670	34200	6.660	14800	6.650	78100	6.630	1000	6.690	8600	6.700	18500	6.730	1099	6.740	3200	6.750	3500	/16842820//1225221/182500/6.69/6.88//2008-9-18 9:47:38
65/600102/莱钢股份/6.680	34000	6.670	34200	6.660	14800	6.650	78300	6.630	1000	6.690	8600	6.700	17400	6.740	3200	6.750	3500	6.770	12491	/16842820//1293461/192700/6.69/6.88//2008-9-18 9:48:38
65/600102/莱钢股份/6.690	11500	6.680	30701	6.670	34200	6.660	14800	6.650	78300	6.700	17200	6.740	3200	6.750	3500	6.770	12491	6.780	22500	/16842820//1361016/202799/6.7/6.88//2008-9-18 9:49:39
65/600102/莱钢股份/6.700	7400	6.690	14400	6.680	29301	6.670	34200	6.660	15000	6.740	2200	6.750	3500	6.770	12491	6.780	22500	6.790	11000	/16842820//1541916/229799/6.7/6.88//2008-9-18 9:50:39
65/600102/莱钢股份/6.710	1300	6.700	20800	6.690	12100	6.680	19001	6.670	34200	6.740	10700	6.750	5500	6.770	22491	6.780	22500	6.790	11000	/16842820//1639426/244299/6.74/6.88//2008-9-18 9:51:39
65/600102/莱钢股份/6.710	1600	6.700	6000	6.690	12100	6.680	20001	6.670	4200	6.720	3300	6.740	10700	6.750	5500	6.770	22491	6.780	22500	/16842820//1640771/244499/6.72/6.88//2008-9-18 9:52:39
65/600102/莱钢股份/6.690	11800	6.680	18401	6.670	4200	6.660	15100	6.650	79300	6.700	7800	6.710	20400	6.720	12800	6.730	200	6.740	10700	/16842820//1694391/252499/6.7/6.88//2008-9-18 9:53:40
65/600102/莱钢股份/6.680	20301	6.670	4200	6.660	16600	6.650	79300	6.630	1000	6.700	8100	6.710	10400	6.720	1000	6.730	2400	6.740	10700	/16842820//1786029/266199/6.68/6.88//2008-9-18 9:54:40
65/600102/莱钢股份/6.670	3000	6.660	19600	6.650	79300	6.630	1000	6.620	1700	6.680	16999	6.690	3000	6.700	6300	6.710	4400	6.720	1000	/16842820//2075975/309600/6.68/6.88//2008-9-18 9:55:40
65/600102/莱钢股份/6.660	22500	6.650	79300	6.630	1000	6.620	1700	6.610	2200	6.670	15400	6.680	16999	6.690	2000	6.700	6100	6.710	4400	/16842820//2029852/302700/6.67/6.88//2008-9-18 9:56:41
65/600102/莱钢股份/6.660	20800	6.650	80500	6.630	1000	6.620	1700	6.610	12200	6.670	14000	6.680	16999	6.690	2000	6.700	6100	6.710	4400	/16842820//2052510/306100/6.66/6.88//2008-9-18 9:57:41
65/600102/莱钢股份/6.660	8700	6.650	80600	6.640	2000	6.630	1000	6.620	1700	6.670	25500	6.680	16999	6.690	2000	6.700	6100	6.710	4400	/16842820//2214450/330400/6.67/6.88//2008-9-18 9:58:41
65/600102/莱钢股份/6.660	25600	6.650	80900	6.640	4000	6.630	1000	6.620	3700	6.670	22800	6.680	16999	6.690	2000	6.700	6100	6.710	4400	/16842820//2200441/328300/6.67/6.88//2008-9-18 9:59:41
65/600102/莱钢股份/6.660	19200	6.650	80900	6.640	4000	6.630	1000	6.620	3700	6.670	19600	6.680	16999	6.690	2000	6.700	6100	6.710	4400	/16842820//2325681/347100/6.66/6.88//2008-9-18 10:0:42
65/600102/莱钢股份/6.660	5300	6.650	81900	6.640	4000	6.630	1000	6.620	4200	6.670	18500	6.680	6999	6.690	2000	6.700	6100	6.710	3000	/16842820//2432918/363200/6.66/6.88//2008-9-18 10:1:42
65/600102/莱钢股份/6.650	78844	6.640	4000	6.630	1000	6.620	4200	6.610	11800	6.660	5600	6.670	18400	6.680	6999	6.690	2000	6.700	6100	/16842820//2512212/375112/6.65/6.67//2008-9-18 10:2:42
65/600102/莱钢股份/6.650	67745	6.640	4000	6.630	1000	6.620	4200	6.610	11800	6.660	5600	6.670	18400	6.690	2000	6.700	9600	6.710	3000	/16842820//2636176/393755/6.65/6.67//2008-9-18 10:3:42
65/600102/莱钢股份/6.640	4000	6.630	1000	6.620	4200	6.610	12300	6.600	29200	6.650	3555	6.660	7000	6.670	18400	6.690	2000	6.700	9600	/16842820//3167245/473600/6.65/6.67//2008-9-18 10:4:43
65/600102/莱钢股份/6.630	1000	6.620	3700	6.610	12300	6.600	29300	6.590	900	6.640	10100	6.650	12455	6.660	17200	6.670	18400	6.690	2000	/16842820//3202450/478900/6.64/6.67//2008-9-18 10:5:43
65/600102/莱钢股份/6.620	17700	6.610	12300	6.600	30000	6.590	900	6.580	3400	6.630	20200	6.640	13500	6.650	2855	6.660	17200	6.670	18400	/16842820//3209080/479900/6.63/6.67//2008-9-18 10:6:43
65/600102/莱钢股份/6.620	5400	6.600	9500	6.590	900	6.580	3400	6.570	4000	6.630	5000	6.640	2500	6.650	2855	6.660	17200	6.670	18400	/16842820//3718762/557000/6.62/6.67//2008-9-18 10:7:44
65/600102/莱钢股份/6.590	9700	6.580	5400	6.570	4000	6.560	4200	6.550	16000	6.600	9500	6.630	4500	6.640	1500	6.650	2855	6.660	17200	/16842820//3864034/579000/6.59/6.67//2008-9-18 10:8:44
65/600102/莱钢股份/6.600	10300	6.590	12500	6.580	5400	6.570	5100	6.560	3700	6.630	3700	6.640	2200	6.650	2855	6.660	17600	6.670	18400	/16842820//3957107/593100/6.6/6.67//2008-9-18 10:9:44
65/600102/莱钢股份/6.600	5500	6.590	13700	6.580	6700	6.570	5100	6.560	3200	6.610	1000	6.630	4900	6.640	2100	6.650	8555	6.660	17600	/16842820//4025831/603500/6.61/6.67//2008-9-18 10:10:44
65/600102/莱钢股份/6.620	8800	6.610	7600	6.600	10800	6.590	13700	6.580	6700	6.630	1100	6.640	2100	6.650	18555	6.660	17600	6.670	18400	/16842820//4054955/607900/6.62/6.67//2008-9-18 10:11:45
65/600102/莱钢股份/6.620	57000	6.610	11300	6.600	13800	6.590	13700	6.580	8800	6.630	1100	6.640	2100	6.650	17955	6.660	17600	6.670	18400	/16842820//4086746/612700/6.63/6.67//2008-9-18 10:12:45
65/600102/莱钢股份/6.620	48300	6.610	10800	6.600	19300	6.590	7700	6.580	8800	6.650	17755	6.660	17600	6.670	18400	6.680	1800	6.690	200	/16842820//4201383/630000/6.65/6.67//2008-9-18 10:13:45
65/600102/莱钢股份/6.630	1400	6.620	27200	6.610	10800	6.600	18900	6.590	6100	6.650	13055	6.660	7600	6.670	18400	6.680	1800	6.690	200	/16842820//4390221/658500/6.63/6.67//2008-9-18 10:14:46
65/600102/莱钢股份/6.630	3100	6.620	1700	6.610	5800	6.600	19900	6.590	6100	6.650	13055	6.660	10000	6.670	18400	6.680	1800	6.690	200	/16842820//4414079/662100/6.63/6.67//2008-9-18 10:15:46
65/600102/莱钢股份/6.640	2000	6.630	9500	6.620	1700	6.610	5500	6.600	19800	6.650	12855	6.660	10000	6.670	18400	6.680	1800	6.690	200	/16842820//4431321/664700/6.63/6.67//2008-9-18 10:16:46
65/600102/莱钢股份/6.630	9900	6.620	1700	6.610	6300	6.600	19800	6.590	7100	6.640	1	6.650	11355	6.660	10000	6.670	18400	6.680	1800	/16842820//4465203/669800/6.64/6.67//2008-9-18 10:17:47
65/600102/莱钢股份/6.650	500	6.640	300	6.630	9900	6.620	1700	6.610	9000	6.660	5500	6.670	18400	6.680	1800	6.690	200	6.700	4800	/16842820//4586278/688000/6.66/6.67//2008-9-18 10:18:47
65/600102/莱钢股份/6.650	5944	6.640	7000	6.630	9400	6.620	1800	6.610	6000	6.670	18400	6.680	1800	6.690	200	6.700	5100	6.710	3000	/16842820//4647223/697156/6.65/6.67//2008-9-18 10:19:47
65/600102/莱钢股份/6.650	1144	6.640	7500	6.630	9400	6.620	21700	6.610	6000	6.670	11700	6.680	1800	6.690	200	6.700	6100	6.710	3000	/16842820//4799702/720056/6.66/6.67//2008-9-18 10:20:48
65/600102/莱钢股份/6.660	7100	6.650	2600	6.640	7500	6.630	7000	6.620	21700	6.670	1156	6.680	1800	6.690	200	6.700	6100	6.710	3000	/16842820//4974471/746300/6.65/6.67//2008-9-18 10:21:48
65/600102/莱钢股份/6.670	3844	6.660	3200	6.650	18400	6.640	1500	6.630	9700	6.680	1800	6.690	200	6.700	5100	6.710	3000	6.730	3900	/16842820//5008821/751456/6.67/6.67//2008-9-18 10:22:48
65/600102/莱钢股份/6.670	2844	6.660	7000	6.650	20900	6.640	1500	6.630	10200	6.690	5300	6.700	5100	6.710	3000	6.730	3000	6.740	700	/16842820//5037528/755756/6.69/6.67//2008-9-18 10:23:48
65/600102/莱钢股份/6.660	7000	6.650	5100	6.640	1500	6.630	10200	6.620	21700	6.670	2656	6.680	2000	6.690	15809	6.700	6100	6.730	3000	/16842820//5073173/761100/6.67/6.67//2008-9-18 10:24:49
65/600102/莱钢股份/6.670	344	6.660	2500	6.650	5100	6.640	1000	6.630	10200	6.680	500	6.690	15809	6.700	6100	6.730	3000	6.740	700	/16842820//5124188/768756/6.67/6.67//2008-9-18 10:25:49
65/600102/莱钢股份/6.660	2144	6.650	5100	6.640	1000	6.630	10200	6.620	21700	6.670	7300	6.680	500	6.690	15409	6.700	6100	6.730	3000	/16842820//5134190/770256/6.67/6.67//2008-9-18 10:26:49
65/600102/莱钢股份/6.660	1844	6.650	5100	6.640	1000	6.630	10200	6.620	21700	6.670	8900	6.680	500	6.690	15409	6.700	7200	6.730	3000	/16842820//5140857/771256/6.67/6.67//2008-9-18 10:27:50
65/600102/莱钢股份/6.650	4100	6.640	1100	6.630	7300	6.620	21700	6.610	2600	6.660	6756	6.670	10600	6.680	500	6.690	15409	6.700	7200	/16842820//5175772/776500/6.66/6.67//2008-9-18 10:28:50
65/600102/莱钢股份/6.650	4100	6.640	1600	6.630	7300	6.620	20700	6.610	2600	6.660	15456	6.670	10600	6.680	900	6.690	15409	6.700	7200	/16842820//5184430/777800/6.66/6.67//2008-9-18 10:29:50
65/600102/莱钢股份/6.650	4100	6.640	1600	6.630	7300	6.620	20700	6.610	2600	6.660	6056	6.670	9900	6.680	900	6.690	15409	6.700	7200	/16842820//5247034/787200/6.66/6.67//2008-9-18 10:30:51
65/600102/莱钢股份/6.640	1600	6.630	8300	6.620	20700	6.610	2600	6.600	19300	6.650	1900	6.660	6056	6.670	9900	6.680	900	6.690	15409	/16842820//5274299/791300/6.65/6.67//2008-9-18 10:31:51
65/600102/莱钢股份/6.620	18500	6.610	9100	6.600	19300	6.590	6100	6.580	6700	6.640	5700	6.650	3900	6.660	6056	6.670	9900	6.680	900	/16842820//5354516/803400/6.62/6.67//2008-9-18 10:32:51
65/600102/莱钢股份/6.610	5444	6.600	19300	6.590	7200	6.580	7200	6.570	2000	6.620	14500	6.640	3400	6.650	3900	6.660	6056	6.670	9600	/16842820//5501152/825556/6.61/6.67//2008-9-18 10:33:52
65/600102/莱钢股份/6.610	6844	6.600	25300	6.590	7200	6.580	7200	6.570	2000	6.620	14600	6.640	3400	6.650	3300	6.660	6056	6.670	9600	/16842820//5541473/831656/6.61/6.67//2008-9-18 10:34:52
65/600102/莱钢股份/6.590	7200	6.580	7700	6.570	2000	6.560	2600	6.550	15900	6.600	2600	6.610	2456	6.620	34600	6.640	3400	6.650	4300	/16842820//5784057/868400/6.59/6.67//2008-9-18 10:35:52
65/600102/莱钢股份/6.590	15700	6.580	6700	6.570	2000	6.560	3100	6.550	15900	6.600	2000	6.620	26356	6.640	3400	6.650	4300	6.660	6056	/16842820//5945169/892800/6.59/6.67//2008-9-18 10:36:53
65/600102/莱钢股份/6.600	1200	6.590	900	6.580	9700	6.570	2000	6.560	3200	6.620	26356	6.640	3400	6.650	19300	6.660	6056	6.670	9600	/16842820//5995937/900500/6.6/6.67//2008-9-18 10:37:53
65/600102/莱钢股份/6.590	5900	6.580	13700	6.570	4000	6.560	4700	6.550	15900	6.600	2000	6.610	700	6.620	26756	6.640	3400	6.650	19300	/16842820//6022309/904500/6.59/6.67//2008-9-18 10:38:53
65/600102/莱钢股份/6.580	13700	6.570	4000	6.560	4700	6.550	24400	6.540	400	6.590	19400	6.600	20100	6.610	10500	6.620	26756	6.640	3400	/16842820//0/0/6.59/6.67//2008-9-18 10:39:54
65/600102/莱钢股份/6.570	4000	6.560	7000	6.550	24600	6.540	400	6.530	600	6.580	1600	6.590	18500	6.600	5100	6.610	10500	6.620	26756	/16842820//6171114/927100/6.58/6.67//2008-9-18 10:40:54
65/600102/莱钢股份/6.580	600	6.570	3600	6.560	18100	6.550	24600	6.540	400	6.590	18500	6.600	6500	6.610	10500	6.620	26756	6.640	3400	/16842820//6189534/929900/6.58/6.67//2008-9-18 10:41:54
65/600102/莱钢股份/6.580	1300	6.540	400	6.530	600	6.520	1600	6.510	57200	6.590	18500	6.600	6500	6.610	10500	6.620	26756	6.640	3400	/16842820//6514766/979500/6.57/6.67//2008-9-18 10:42:55
65/600102/莱钢股份/6.560	500	6.540	1900	6.530	600	6.520	5300	6.510	57200	6.570	1700	6.590	18000	6.600	6500	6.610	10500	6.620	26756	/16842820//6539110/983200/6.57/6.67//2008-9-18 10:43:55
65/600102/莱钢股份/6.540	200	6.530	600	6.520	8800	6.510	57200	6.500	56000	6.550	2600	6.570	500	6.580	4000	6.590	17900	6.600	6700	/16842820//6572503/988300/6.54/6.67//2008-9-18 10:44:56
65/600102/莱钢股份/6.520	10700	6.510	57200	6.500	55900	6.490	700	6.480	3500	6.530	200	6.550	2600	6.570	500	6.580	4000	6.590	17800	/16842820//6601907/992800/6.53/6.67//2008-9-18 10:45:56
65/600102/莱钢股份/6.510	56200	6.500	56900	6.490	3800	6.480	3500	6.450	1300	6.520	11600	6.530	14100	6.540	500	6.570	500	6.580	1000	/16842820//6811866/1025000/6.52/6.67//2008-9-18 10:46:56
65/600102/莱钢股份/6.520	100	6.510	13600	6.500	57100	6.490	3800	6.480	3500	6.530	1300	6.570	500	6.580	1200	6.590	17800	6.600	6700	/16842820//7191564/1083300/6.52/6.67//2008-9-18 10:47:57
65/600102/莱钢股份/6.500	50000	6.490	4800	6.480	3500	6.460	2100	6.450	400	6.510	52500	6.520	2000	6.530	1300	6.570	500	6.580	1200	/16842820//7358143/1108900/6.5/6.67//2008-9-18 10:48:57
65/600102/莱钢股份/6.490	4400	6.480	1500	6.460	7100	6.450	1400	6.440	900	6.500	14900	6.510	52000	6.520	2000	6.530	1300	6.570	500	/16842820//7712394/1163400/6.49/6.67//2008-9-18 10:49:57
65/600102/莱钢股份/6.490	1300	6.480	2500	6.460	10000	6.450	1200	6.440	4800	6.500	76290	6.510	52000	6.520	7000	6.530	1300	6.570	500	/16842820//7774113/1172900/6.49/6.67//2008-9-18 10:50:58
65/600102/莱钢股份/6.470	500	6.460	8000	6.450	1200	6.440	4900	6.420	800	6.490	14400	6.500	61700	6.510	35700	6.520	7000	6.530	1300	/16842820//8007441/1208900/6.49/6.67//2008-9-18 10:51:58
65/600102/莱钢股份/6.420	800	6.410	900	6.400	29700	6.390	100	6.380	7100	6.460	7056	6.470	5000	6.480	6720	6.490	15200	6.500	61700	/16842820//8263131/1248500/6.46/6.67//2008-9-18 10:52:58
65/600102/莱钢股份/6.420	3900	6.410	4100	6.400	27200	6.390	100	6.380	7100	6.460	4356	6.480	3700	6.490	15300	6.500	62000	6.510	35700	/16842820//8365301/1264400/6.42/6.67//2008-9-18 10:53:59
65/600102/莱钢股份/6.420	200	6.410	1700	6.400	10800	6.390	100	6.380	7100	6.450	200	6.460	6356	6.480	33700	6.490	15300	6.500	62000	/16842820//8622808/1304600/6.42/6.67//2008-9-18 10:54:59
65/600102/莱钢股份/6.450	300	6.410	1700	6.400	15100	6.390	700	6.380	18200	6.460	5256	6.480	33700	6.490	15300	6.500	62000	6.510	35700	/16842820//8640784/1307400/6.45/6.67//2008-9-18 10:56:0
65/600102/莱钢股份/6.420	3800	6.410	2300	6.400	17300	6.390	700	6.380	7200	6.450	2700	6.460	7756	6.480	33700	6.490	15300	6.500	62100	/16842820//8642719/1307700/6.45/6.67//2008-9-18 10:57:0
65/600102/莱钢股份/6.420	900	6.410	10500	6.400	2300	6.390	700	6.380	7200	6.450	2100	6.460	7756	6.480	33700	6.490	15300	6.500	62100	/16842820//8909153/1349300/6.4/6.67//2008-9-18 10:58:0
65/600102/莱钢股份/6.400	2200	6.390	700	6.380	10200	6.360	2700	6.350	4400	6.410	22900	6.450	1100	6.460	7756	6.480	33700	6.490	15300	/16842820//8908660/1349200/6.41/6.67//2008-9-18 10:59:1
65/600102/莱钢股份/6.390	500	6.380	10200	6.360	2700	6.350	6800	6.330	1100	6.400	1700	6.410	23200	6.460	7756	6.480	33700	6.490	15300	/16842820//8940018/1354100/6.4/6.67//2008-9-18 11:0:1
65/600102/莱钢股份/6.390	1300	6.380	15200	6.360	2700	6.350	6800	6.330	1100	6.400	900	6.410	22900	6.460	5756	6.480	33700	6.490	15300	/16842820//8948336/1355400/6.4/6.67//2008-9-18 11:1:2
65/600102/莱钢股份/6.390	5400	6.380	15200	6.360	3200	6.350	9900	6.330	1100	6.400	14320	6.410	23000	6.460	5756	6.480	33700	6.490	15300	/16842820//8991791/1362200/6.39/6.67//2008-9-18 11:2:2
65/600102/莱钢股份/6.390	2700	6.380	15200	6.360	3200	6.350	9900	6.330	1100	6.400	8020	6.410	23000	6.460	5756	6.480	33700	6.490	15300	/16842820//9126051/1383200/6.39/6.67//2008-9-18 11:3:2
65/600102/莱钢股份/6.400	2600	6.390	2380	6.380	16200	6.360	3200	6.350	9900	6.410	23000	6.460	5756	6.480	33700	6.490	15300	6.500	62100	/16842820//9195289/1394020/6.4/6.67//2008-9-18 11:4:3
65/600102/莱钢股份/6.390	680	6.380	16200	6.360	3200	6.350	9900	6.340	8000	6.410	22700	6.460	15756	6.480	33700	6.490	200000	6.500	62100	/16842820//9332848/1415520/6.39/6.67//2008-9-18 11:5:3
65/600102/莱钢股份/6.390	4380	6.380	16200	6.360	1200	6.350	9600	6.340	8000	6.400	200	6.410	17200	6.460	15756	6.480	33700	6.490	15300	/16842820//9347005/1417720/6.4/6.67//2008-9-18 11:6:4
65/600102/莱钢股份/6.400	8496	6.390	4680	6.380	16200	6.370	500	6.360	1200	6.410	1400	6.450	500	6.460	15756	6.480	33700	6.490	15300	/16842820//9454071/1434424/6.41/6.67//2008-9-18 11:7:4
65/600102/莱钢股份/6.420	2000	6.410	20400	6.400	24796	6.390	6380	6.380	17200	6.450	1000	6.460	15756	6.480	33700	6.490	15300	6.500	62100	/16842820//9486750/1439524/6.45/6.67//2008-9-18 11:8:4
65/600102/莱钢股份/6.430	2000	6.420	2200	6.410	22300	6.400	24896	6.390	6080	6.440	1400	6.450	1000	6.460	15756	6.480	33700	6.490	15300	/16842820//9510578/1443224/6.44/6.67//2008-9-18 11:9:5
65/600102/莱钢股份/6.440	9500	6.430	2000	6.420	3200	6.410	22300	6.400	25196	6.450	1000	6.460	15756	6.480	33700	6.490	15300	6.500	60800	/16842820//9535065/1447024/6.45/6.67//2008-9-18 11:10:5
65/600102/莱钢股份/6.440	2600	6.430	2000	6.420	15000	6.410	22100	6.400	28896	6.450	23709	6.460	5756	6.480	33700	6.490	15300	6.500	60800	/16842820//9599476/1457024/6.44/6.67//2008-9-18 11:11:6
65/600102/莱钢股份/6.420	15000	6.410	22100	6.400	24200	6.390	5080	6.380	11200	6.430	15000	6.440	19500	6.450	12509	6.460	5756	6.480	33700	/16842820//9686986/1470624/6.43/6.67//2008-9-18 11:12:6
65/600102/莱钢股份/6.420	10200	6.410	21900	6.400	24200	6.390	5280	6.380	11200	6.430	16800	6.440	9500	6.450	12509	6.460	5956	6.480	33700	/16842820//9719088/1475624/6.42/6.67//2008-9-18 11:13:7
65/600102/莱钢股份/6.410	21900	6.400	27300	6.390	5280	6.380	11200	6.370	500	6.420	3600	6.430	17300	6.440	9500	6.450	12509	6.460	5956	/16842820//9785856/1486024/6.42/6.67//2008-9-18 11:14:7
65/600102/莱钢股份/6.410	2700	6.400	27300	6.390	5280	6.380	11300	6.370	500	6.420	3500	6.430	17300	6.440	9500	6.450	12509	6.460	5956	/16842820//9909570/1505324/6.41/6.67//2008-9-18 11:15:7
65/600102/莱钢股份/6.420	400	6.410	3700	6.400	27300	6.390	5280	6.380	11300	6.430	17300	6.440	9500	6.450	12509	6.460	5956	6.480	33700	/16842820//9951942/1511924/6.42/6.67//2008-9-18 11:16:8
65/600102/莱钢股份/6.420	2400	6.410	4300	6.400	27800	6.390	5280	6.380	11300	6.430	18180	6.440	9200	6.450	12509	6.460	5956	6.480	33700	/16842820//9951942/1511924/6.42/6.67//2008-9-18 11:17:8
65/600102/莱钢股份/6.420	900	6.410	3800	6.400	27900	6.390	5280	6.380	11300	6.430	14580	6.440	6200	6.450	12509	6.460	5956	6.480	33700	/16842820//9968008/1514424/6.42/6.67//2008-9-18 11:18:9
65/600102/莱钢股份/6.410	3800	6.400	27900	6.390	5280	6.380	12300	6.370	500	6.430	14580	6.440	6200	6.450	13009	6.460	5956	6.480	33700	/16842820//9984058/1516924/6.42/6.67//2008-9-18 11:19:9
65/600102/莱钢股份/6.410	300	6.400	28500	6.390	3780	6.380	12300	6.370	500	6.420	3200	6.430	14580	6.440	6200	6.450	13009	6.460	5956	/16842820//10009698/1520924/6.41/6.67//2008-9-18 11:20:10
65/600102/莱钢股份/6.390	3780	6.380	12300	6.370	500	6.360	1400	6.350	9200	6.400	21200	6.420	7100	6.430	14580	6.440	6200	6.450	13009	/16842820//10206204/1551624/6.4/6.67//2008-9-18 11:21:10
65/600102/莱钢股份/6.390	2780	6.380	12300	6.370	500	6.360	1400	6.350	9200	6.400	25600	6.420	7100	6.430	14580	6.440	6200	6.450	13009	/16842820//10212594/1552624/6.39/6.67//2008-9-18 11:22:10
65/600102/莱钢股份/6.390	2380	6.380	12300	6.370	500	6.360	4500	6.350	9200	6.400	25600	6.420	7100	6.430	13700	6.440	6200	6.450	13009	/16842820//10218984/1553624/6.39/6.67//2008-9-18 11:23:11
65/600102/莱钢股份/6.380	12300	6.370	500	6.360	4500	6.350	9200	6.340	10000	6.390	120	6.400	4600	6.420	7100	6.430	13700	6.450	13009	/16842820//10247611/1558104/6.39/6.67//2008-9-18 11:24:11
65/600102/莱钢股份/6.370	500	6.360	4700	6.350	9200	6.340	10000	6.330	26700	6.380	8200	6.390	11120	6.400	4600	6.420	7100	6.430	13700	/16842820//10346501/1573604/6.38/6.67//2008-9-18 11:25:12
65/600102/莱钢股份/6.370	200	6.300	16200	6.290	5000	6.280	5400	6.260	1400	6.380	800	6.390	11120	6.400	19600	6.420	7100	6.430	13700	/16842820//11103504/1693204/6.38/6.67//2008-9-18 11:26:12
65/600102/莱钢股份/6.390	21780	6.320	1400	6.310	14000	6.300	23300	6.290	5000	6.400	12600	6.420	7100	6.430	13700	6.450	13109	6.460	5956	/16842820//11273544/1719824/6.4/6.67//2008-9-18 11:27:13
65/600102/莱钢股份/6.330	1000	6.320	2900	6.310	14100	6.300	25300	6.290	5400	6.390	24220	6.400	9700	6.420	7200	6.430	13700	6.450	600	/16842820//11433838/1744904/6.39/6.67//2008-9-18 11:28:13
65/600102/莱钢股份/6.340	2000	6.330	1000	6.320	1300	6.310	14100	6.300	25300	6.390	21520	6.400	9700	6.420	7200	6.430	13700	6.450	600	/16842820//11475840/1751504/6.39/6.67//2008-9-18 11:29:14
65/600102/莱钢股份/6.350	3700	6.340	2000	6.330	3000	6.320	2300	6.310	13000	6.380	3500	6.390	21120	6.400	9700	6.420	7200	6.430	13800	/16842820//11475840/1751504/6.39/6.67//2008-9-18 11:30:14
65/600102/莱钢股份/6.350	3700	6.340	2000	6.330	3000	6.320	2300	6.310	13000	6.380	3500	6.390	21120	6.400	9700	6.420	7200	6.430	13800	/16842820//11475840/1751504/6.39/6.67//2008-9-18 11:31:15
65/600102/莱钢股份/6.360	29600	6.350	4400	6.340	2200	6.330	6800	6.320	13900	6.370	4000	6.400	10100	6.420	7300	6.430	13800	6.450	2100	/16842820//11612817/1773004/6.36/6.67//2008-9-18 13:1:15
65/600102/莱钢股份/6.370	600	6.360	15900	6.350	4400	6.340	2200	6.330	5800	6.390	10100	6.400	10100	6.420	7300	6.430	13800	6.450	2100	/16842820//11719706/1789804/6.37/6.67//2008-9-18 13:2:16
65/600102/莱钢股份/6.350	4400	6.340	2200	6.330	5800	6.320	3900	6.310	11300	6.360	3500	6.390	11100	6.400	10100	6.420	7300	6.430	600	/16842820//11828479/1806904/6.36/6.67//2008-9-18 13:3:16
65/600102/莱钢股份/6.350	200	6.340	2200	6.330	5800	6.320	4900	6.310	11300	6.360	2000	6.380	1100	6.390	11600	6.400	10100	6.420	7300	/16842820//11867864/1813104/6.35/6.67//2008-9-18 13:4:17
65/600102/莱钢股份/6.330	3900	6.320	4900	6.310	11300	6.300	57600	6.290	5000	6.360	700	6.380	1100	6.390	11600	6.400	10100	6.420	7300	/16842820//11911632/1820004/6.33/6.67//2008-9-18 13:5:17
65/600102/莱钢股份/6.320	5100	6.310	13300	6.300	58800	6.290	6000	6.280	9200	6.330	2900	6.340	100	6.360	2100	6.380	1100	6.390	11600	/16842820//11949647/1826004/6.33/6.67//2008-9-18 13:6:18
65/600102/莱钢股份/6.330	2600	6.320	7100	6.310	14300	6.300	58800	6.290	6000	6.340	100	6.360	3200	6.380	1100	6.390	11600	6.400	10100	/16842820//11970536/1829304/6.33/6.67//2008-9-18 13:7:18
65/600102/莱钢股份/6.320	7000	6.310	14300	6.300	58800	6.290	6000	6.280	9200	6.330	50200	6.340	100	6.360	1100	6.380	1100	6.390	11600	/16842820//11992056/1832704/6.32/6.67//2008-9-18 13:8:19
65/600102/莱钢股份/6.320	1600	6.310	16400	6.300	62800	6.290	5000	6.280	9700	6.330	48900	6.340	100	6.360	1100	6.380	1100	6.390	11600	/16842820//12053376/1842404/6.33/6.67//2008-9-18 13:9:19
65/600102/莱钢股份/6.320	3200	6.310	17400	6.300	62800	6.290	5000	6.280	9700	6.330	64400	6.340	100	6.360	1100	6.380	1100	6.390	11100	/16842820//12058433/1843204/6.32/6.67//2008-9-18 13:10:20
65/600102/莱钢股份/6.320	1000	6.300	33400	6.290	5000	6.280	10700	6.270	5000	6.330	61700	6.340	100	6.360	1100	6.380	1100	6.390	10100	/16842820//12401502/1897604/6.33/6.67//2008-9-18 13:11:20
65/600102/莱钢股份/6.310	5690	6.300	33100	6.290	5500	6.280	10700	6.270	5000	6.320	19600	6.330	61700	6.340	100	6.360	1100	6.380	1100	/16842820//12411675/1899214/6.31/6.67//2008-9-18 13:12:21
65/600102/莱钢股份/6.290	5500	6.280	9700	6.270	5000	6.260	2100	6.250	39600	6.300	5900	6.310	21310	6.320	19600	6.330	61700	6.340	100	/16842820//12671874/1940504/6.3/6.67//2008-9-18 13:13:21
65/600102/莱钢股份/6.290	4700	6.280	10200	6.270	5000	6.260	2700	6.250	39600	6.300	4600	6.310	11410	6.330	45900	6.340	100	6.360	1100	/16842820//12697066/1944504/6.29/6.67//2008-9-18 13:14:22
65/600102/莱钢股份/6.270	500	6.260	4200	6.250	39600	6.240	2200	6.230	2000	6.290	2900	6.300	4900	6.310	11310	6.330	45900	6.340	100	/16842820//12872309/1972404/6.29/6.67//2008-9-18 13:15:22
65/600102/莱钢股份/6.270	600	6.260	24400	6.250	44300	6.240	2200	6.230	2000	6.280	5200	6.290	800	6.300	5900	6.310	11010	6.330	45900	/16842820//12933085/1982104/6.26/6.67//2008-9-18 13:16:23
65/600102/莱钢股份/6.260	25400	6.250	44000	6.240	2200	6.230	2400	6.220	2100	6.280	4300	6.290	800	6.300	8000	6.310	11010	6.330	45700	/16842820//12933723/1982204/6.28/6.67//2008-9-18 13:17:23
65/600102/莱钢股份/6.280	5800	6.270	1000	6.260	25700	6.250	44500	6.240	1100	6.290	800	6.300	8200	6.330	45600	6.340	100	6.360	1100	/16842820//12971403/1988204/6.28/6.67//2008-9-18 13:18:24
65/600102/莱钢股份/6.280	1900	6.270	1400	6.260	25700	6.250	44500	6.240	1600	6.300	5000	6.330	45600	6.340	100	6.350	2800	6.360	1100	/16842820//13038668/1998904/6.28/6.67//2008-9-18 13:19:24
65/600102/莱钢股份/6.280	3700	6.270	11800	6.260	29800	6.250	55000	6.240	1600	6.300	3700	6.330	45600	6.340	1100	6.350	2800	6.360	1100	/16842820//13063195/2002804/6.3/6.67//2008-9-18 13:20:25
65/600102/莱钢股份/6.280	6100	6.270	11800	6.260	29800	6.250	55000	6.240	1600	6.300	50700	6.330	45600	6.340	1100	6.350	2800	6.360	1100	/16842820//13158321/2017904/6.3/6.67//2008-9-18 13:21:25
65/600102/莱钢股份/6.290	2700	6.280	28100	6.270	11800	6.260	29800	6.250	55000	6.300	45600	6.330	45600	6.340	1100	6.350	2800	6.360	1100	/16842820//13198628/2024304/6.29/6.67//2008-9-18 13:22:26
65/600102/莱钢股份/6.300	52900	6.290	1600	6.280	20600	6.270	11800	6.260	29800	6.330	45600	6.340	1100	6.350	2800	6.360	1100	6.380	2800	/16842820//13584551/2085604/6.3/6.67//2008-9-18 13:23:26
65/600102/莱钢股份/6.330	14300	6.320	1100	6.310	300	6.300	41900	6.290	1500	6.340	1100	6.350	2800	6.360	1100	6.380	2800	6.400	10500	/16842820//13879529/2132204/6.33/6.67//2008-9-18 13:24:27
65/600102/莱钢股份/6.350	1500	6.340	6800	6.330	12300	6.320	100	6.310	1300	6.360	1100	6.380	2000	6.400	10500	6.420	7300	6.430	600	/16842820//13904283/2136104/6.35/6.67//2008-9-18 13:25:27
65/600102/莱钢股份/6.360	2000	6.350	2700	6.340	6200	6.330	10900	6.310	1000	6.380	1900	6.400	10500	6.420	7300	6.430	600	6.450	2100	/16842820//13914461/2137704/6.38/6.67//2008-9-18 13:26:28
65/600102/莱钢股份/6.370	500	6.360	5400	6.350	2600	6.340	4700	6.330	10900	6.380	1900	6.390	9600	6.400	9500	6.420	7300	6.430	600	/16842820//13914461/2137704/6.38/6.67//2008-9-18 13:27:28
65/600102/莱钢股份/6.360	4600	6.350	2600	6.340	4700	6.330	10900	6.310	5000	6.380	3200	6.390	9600	6.400	9500	6.420	7300	6.430	600	/16842820//13938695/2141504/6.38/6.67//2008-9-18 13:28:29
65/600102/莱钢股份/6.350	2000	6.340	4700	6.330	10900	6.310	5000	6.300	56100	6.360	6200	6.380	26109	6.390	9600	6.400	11000	6.420	7300	/16842820//13962241/2145204/6.38/6.67//2008-9-18 13:29:29
65/600102/莱钢股份/6.340	4300	6.330	10900	6.310	3000	6.300	56400	6.290	2300	6.350	800	6.370	1600	6.380	26609	6.400	11000	6.420	7300	/16842820//13989570/2149504/6.35/6.67//2008-9-18 13:30:30
65/600102/莱钢股份/6.380	12791	6.350	400	6.330	7400	6.310	3000	6.300	26400	6.400	10500	6.420	7300	6.430	600	6.450	2100	6.460	5956	/16842820//14263387/2192513/6.38/6.67//2008-9-18 13:31:30
65/600102/莱钢股份/6.400	15944	6.380	12891	6.350	400	6.330	7400	6.320	1400	6.420	1300	6.430	600	6.450	2100	6.460	5956	6.480	33700	/16842820//14398265/2213569/6.42/6.67//2008-9-18 13:32:31
65/600102/莱钢股份/6.470	4144	6.450	16900	6.440	10000	6.430	11600	6.420	43900	6.480	34700	6.490	16300	6.500	15200	6.510	38700	6.550	700	/16842820//14524922/2233225/6.46/6.67//2008-9-18 13:33:31
65/600102/莱钢股份/6.470	16613	6.460	9200	6.450	17200	6.440	10000	6.430	11600	6.490	9200	6.500	15200	6.510	38700	6.550	700	6.600	5599	/16842820//14670210/2255656/6.49/6.67//2008-9-18 13:34:32
65/600102/莱钢股份/6.500	18100	6.470	6613	6.460	4200	6.450	16900	6.430	5600	6.510	1700	6.550	700	6.560	1700	6.600	6099	6.610	10000	/16842820//14969812/2301756/6.5/6.67//2008-9-18 13:35:32
65/600102/莱钢股份/6.510	19800	6.480	6700	6.470	2313	6.460	600	6.450	51900	6.550	1400	6.560	1700	6.590	6000	6.600	9099	6.610	10000	/16842820//15188118/2335356/6.55/6.67//2008-9-18 13:36:33
65/600102/莱钢股份/6.530	100	6.510	19800	6.480	1700	6.470	2313	6.460	600	6.540	2000	6.550	4500	6.560	1700	6.590	7000	6.600	17999	/16842820//15249610/2344756/6.53/6.67//2008-9-18 13:37:34
65/600102/莱钢股份/6.480	1700	6.470	1813	6.450	52100	6.420	1000	6.400	600	6.500	800	6.510	5400	6.520	15204	6.530	21100	6.540	2000	/16842820//15388936/2366156/6.51/6.67//2008-9-18 13:38:34
65/600102/莱钢股份/6.500	600	6.480	1000	6.470	1813	6.450	52100	6.420	1000	6.510	6900	6.520	11800	6.530	20000	6.540	2000	6.550	5900	/16842820//15414922/2370156/6.5/6.67//2008-9-18 13:39:35
65/600102/莱钢股份/6.500	3969	6.480	400	6.470	1813	6.450	52100	6.420	1000	6.510	6900	6.520	11800	6.530	20000	6.540	2200	6.550	6000	/16842820//15435284/2373287/6.5/6.67//2008-9-18 13:40:35
65/600102/莱钢股份/6.480	6300	6.470	1813	6.450	52100	6.420	1000	6.410	200	6.500	16631	6.510	6900	6.520	11800	6.530	20000	6.540	2200	/16842820//15461082/2377256/6.5/6.67//2008-9-18 13:41:36
65/600102/莱钢股份/6.490	4000	6.480	4100	6.470	1813	6.450	52100	6.420	1000	6.500	13331	6.510	6900	6.520	11800	6.530	3000	6.540	2200	/16842820//15500678/2383356/6.5/6.67//2008-9-18 13:42:36
65/600102/莱钢股份/6.490	4400	6.480	3600	6.470	1813	6.450	54100	6.420	1000	6.500	3287	6.510	6900	6.520	11800	6.530	5000	6.540	2200	/16842820//15644877/2405556/6.5/6.67//2008-9-18 13:43:37
65/600102/莱钢股份/6.510	13700	6.500	15313	6.490	4000	6.480	7100	6.470	2013	6.520	8800	6.530	5000	6.540	2200	6.550	500	6.560	2200	/16842820//15724221/2417743/6.52/6.67//2008-9-18 13:44:37
65/600102/莱钢股份/6.530	18800	6.520	44500	6.510	9200	6.500	23813	6.490	3000	6.540	2000	6.550	500	6.590	2000	6.600	11799	6.610	10000	/16842820//15814247/2431543/6.53/6.67//2008-9-18 13:45:38
65/600102/莱钢股份/6.550	300	6.540	61800	6.530	7300	6.520	30000	6.510	9200	6.600	8499	6.610	10000	6.620	22200	6.650	11200	6.670	8800	/16842820//15941258/2450943/6.54/6.67//2008-9-18 13:46:39
65/600102/莱钢股份/6.600	200	6.590	5496	6.550	5300	6.540	62000	6.530	1600	6.610	3699	6.620	22200	6.650	11200	6.670	8800	6.680	3700	/16842820//16112852/2476947/6.6/6.67//2008-9-18 13:47:39
65/600102/莱钢股份/6.600	14600	6.590	5296	6.560	6600	6.550	20700	6.540	61500	6.610	3000	6.620	22200	6.650	16200	6.670	8800	6.680	3700	/16842820//16201995/2490447/6.61/6.67//2008-9-18 13:48:40
65/600102/莱钢股份/6.550	18400	6.540	53500	6.530	1600	6.520	28200	6.510	5600	6.560	400	6.590	2000	6.600	6094	6.610	5000	6.620	22200	/16842820//16511882/2537443/6.56/6.67//2008-9-18 13:49:40
65/600102/莱钢股份/6.550	13600	6.540	38300	6.530	1600	6.520	8700	6.510	5600	6.560	8400	6.580	500	6.590	2000	6.600	6294	6.610	500	/16842820//16561670/2545043/6.55/6.67//2008-9-18 13:50:41
65/600102/莱钢股份/6.530	1400	6.520	8500	6.510	5100	6.500	59300	6.480	2300	6.540	3100	6.550	2100	6.560	3400	6.580	500	6.590	2000	/16842820//16905814/2597643/6.54/6.67//2008-9-18 13:51:41
65/600102/莱钢股份/6.520	7300	6.500	63200	6.480	2300	6.470	400	6.420	1000	6.530	3290	6.540	3100	6.550	2100	6.560	3400	6.590	2000	/16842820//16919516/2599743/6.53/6.67//2008-9-18 13:52:42
65/600102/莱钢股份/6.500	65100	6.480	2300	6.470	400	6.420	1000	6.400	4300	6.510	1900	6.520	11200	6.530	3290	6.540	3100	6.550	1100	/16842820//16980142/2609043/6.51/6.67//2008-9-18 13:53:42
65/600102/莱钢股份/6.500	60800	6.480	2100	6.470	400	6.420	1000	6.400	4300	6.510	600	6.520	7400	6.530	3290	6.540	3100	6.550	1500	/16842820//17077748/2624043/6.5/6.67//2008-9-18 13:54:43
65/600102/莱钢股份/6.520	5600	6.510	24900	6.500	63200	6.480	2100	6.470	400	6.530	3290	6.540	3100	6.550	2100	6.560	3400	6.590	2000	/16842820//17134460/2632743/6.52/6.67//2008-9-18 13:55:44
65/600102/莱钢股份/6.510	33700	6.500	63200	6.480	2100	6.470	400	6.420	1000	6.530	2090	6.540	3100	6.550	1600	6.560	3400	6.590	2000	/16842820//17202940/2643243/6.53/6.67//2008-9-18 13:56:44
65/600102/莱钢股份/6.510	26530	6.500	83300	6.480	2100	6.470	400	6.420	1000	6.520	25600	6.530	1200	6.540	3100	6.550	1600	6.560	1400	/16842820//17260700/2652113/6.52/6.67//2008-9-18 13:57:45
65/600102/莱钢股份/6.500	81800	6.480	2100	6.470	400	6.420	1100	6.400	4300	6.510	27070	6.520	24900	6.530	1200	6.540	3100	6.550	1600	/16842820//17450980/2681343/6.51/6.67//2008-9-18 13:58:45
65/600102/莱钢股份/6.500	21730	6.480	2100	6.470	200	6.420	1300	6.400	4300	6.510	10000	6.520	4100	6.530	1200	6.540	3100	6.550	1000	/16842820//17926894/2754513/6.5/6.67//2008-9-18 13:59:46
65/600102/莱钢股份/6.490	10000	6.480	4100	6.470	200	6.420	1300	6.400	26300	6.500	2220	6.510	3500	6.520	4100	6.530	1200	6.540	3100	/16842820//18130616/2785843/6.5/6.67//2008-9-18 14:0:47
65/600102/莱钢股份/6.490	7000	6.480	4100	6.420	1800	6.400	26300	6.380	12791	6.500	8500	6.510	1200	6.520	2100	6.530	1200	6.540	3100	/16842820//18242390/2803043/6.49/6.67//2008-9-18 14:1:47
65/600102/莱钢股份/6.490	4000	6.480	4100	6.420	1800	6.400	36500	6.380	12791	6.500	8400	6.510	100	6.520	2100	6.530	1200	6.540	3100	/16842820//18265756/2806643/6.49/6.67//2008-9-18 14:2:48
65/600102/莱钢股份/6.420	2800	6.400	36500	6.380	12791	6.360	1300	6.350	900	6.480	2700	6.490	12100	6.500	8400	6.510	100	6.520	2100	/16842820//18331244/2816743/6.48/6.67//2008-9-18 14:3:48
65/600102/莱钢股份/6.430	6200	6.420	4000	6.400	36500	6.380	12791	6.360	1300	6.480	3300	6.490	2500	6.500	8400	6.510	100	6.520	2100	/16842820//18331244/2816743/6.48/6.67//2008-9-18 14:4:49
65/600102/莱钢股份/6.420	4000	6.400	36500	6.380	12791	6.360	1300	6.350	900	6.430	38000	6.460	400	6.470	2000	6.480	3400	6.490	2000	/16842820//18377510/2823943/6.43/6.67//2008-9-18 14:5:50
65/600102/莱钢股份/6.420	1300	6.410	9000	6.400	38600	6.380	12791	6.360	1300	6.430	15500	6.460	400	6.470	2000	6.480	3400	6.490	2000	/16842820//18560704/2852443/6.42/6.67//2008-9-18 14:6:50
65/600102/莱钢股份/6.460	1100	6.450	700	6.440	1500	6.430	41600	6.420	11500	6.470	2000	6.480	3400	6.500	8400	6.520	2100	6.530	1200	/16842820//18613454/2860643/6.46/6.67//2008-9-18 14:7:51
65/600102/莱钢股份/6.470	13100	6.460	1100	6.450	700	6.440	9900	6.430	54800	6.480	3400	6.500	8400	6.520	2100	6.530	1200	6.540	3100	/16842820//18630270/2863243/6.46/6.67//2008-9-18 14:8:51
65/600102/莱钢股份/6.490	600	6.480	6300	6.470	15700	6.460	1100	6.440	7900	6.500	8400	6.520	2100	6.530	1200	6.540	3100	6.550	18500	/16842820//18649072/2866143/6.48/6.67//2008-9-18 14:9:52
65/600102/莱钢股份/6.520	5800	6.500	4200	6.490	600	6.480	4800	6.470	14800	6.530	1200	6.540	3100	6.550	19000	6.560	1400	6.580	1820	/16842820//18717364/2876643/6.52/6.67//2008-9-18 14:10:53
65/600102/莱钢股份/6.540	4900	6.520	5100	6.500	4900	6.490	600	6.480	5500	6.550	6400	6.560	1400	6.580	1820	6.590	2000	6.600	3400	/16842820//18831090/2894043/6.55/6.67//2008-9-18 14:11:53
65/600102/莱钢股份/6.550	500	6.540	5700	6.530	1000	6.520	19300	6.500	3300	6.560	1400	6.580	1820	6.590	2000	6.600	3400	6.610	2400	/16842820//18938456/2910443/6.54/6.67//2008-9-18 14:12:54
65/600102/莱钢股份/6.560	900	6.550	800	6.540	5700	6.530	1000	6.520	19300	6.570	900	6.580	1820	6.590	2000	6.600	3400	6.610	2400	/16842820//18996804/2919343/6.56/6.67//2008-9-18 14:13:55
65/600102/莱钢股份/6.560	1000	6.550	2900	6.540	2300	6.530	1000	6.520	19300	6.580	24820	6.590	2000	6.600	3400	6.610	6900	6.620	22200	/16842820//19045452/2926743/6.58/6.67//2008-9-18 14:14:55
65/600102/莱钢股份/6.560	1000	6.550	10100	6.540	2300	6.530	1000	6.520	19300	6.570	400	6.580	10620	6.590	3000	6.600	3400	6.610	2900	/16842820//19147426/2942243/6.57/6.67//2008-9-18 14:15:56
65/600102/莱钢股份/6.580	5280	6.550	10100	6.540	2300	6.520	19300	6.500	6900	6.590	3000	6.600	3400	6.610	2600	6.620	22200	6.640	300	/16842820//19253470/2958363/6.58/6.67//2008-9-18 14:16:56
65/600102/莱钢股份/6.600	800	6.590	3400	6.580	5280	6.550	7500	6.540	2300	6.610	2400	6.620	22200	6.640	300	6.650	11700	6.670	9800	/16842820//19308840/2966763/6.6/6.67//2008-9-18 14:17:57
65/600102/莱钢股份/6.620	6500	6.610	10600	6.600	4500	6.590	3400	6.580	5480	6.640	300	6.650	11700	6.670	9800	6.680	3700	6.690	1200	/16842820//19487538/2993763/6.61/6.67//2008-9-18 14:18:58
65/600102/莱钢股份/6.650	11300	6.640	27700	6.620	600	6.610	4800	6.600	5500	6.670	8600	6.680	3700	6.690	1200	6.700	8100	6.710	2000	/16842820//19621812/3013963/6.67/6.67//2008-9-18 14:19:58
65/600102/莱钢股份/6.690	3800	6.680	2000	6.670	22100	6.660	100	6.650	23600	6.700	6100	6.710	2000	6.720	10400	6.730	2400	6.740	1700	/16842820//19690682/3024263/6.69/6.67//2008-9-18 14:20:59
65/600102/莱钢股份/6.720	9700	6.710	5100	6.700	11700	6.690	3500	6.680	2000	6.730	2400	6.740	1700	6.750	10500	6.760	1000	6.770	2291	/16842820//19828270/3044763/6.72/6.67//2008-9-18 14:22:0
65/600102/莱钢股份/6.750	11700	6.740	30000	6.730	13300	6.720	9900	6.710	1300	6.760	400	6.770	2791	6.780	3000	6.790	7800	6.800	5950	/16842820//19934850/3060563/6.76/6.67//2008-9-18 14:23:0
65/600102/莱钢股份/6.750	14309	6.740	1100	6.730	2200	6.720	4700	6.710	1300	6.770	500	6.780	1800	6.790	2000	6.800	6950	6.810	400	/16842820//20309188/3115954/6.78/6.67//2008-9-18 14:24:1
65/600102/莱钢股份/6.750	1205	6.740	100	6.730	2600	6.720	4700	6.710	1000	6.760	2400	6.780	200	6.790	2300	6.800	7450	6.810	400	/16842820//20590314/3157558/6.75/6.67//2008-9-18 14:25:2
65/600102/莱钢股份/6.720	2100	6.710	1000	6.700	14900	6.690	1700	6.680	1500	6.740	4900	6.750	1200	6.780	3000	6.790	2300	6.800	7850	/16842820//20653804/3166963/6.72/6.67//2008-9-18 14:26:2
65/600102/莱钢股份/6.700	10900	6.690	1700	6.680	1500	6.670	2500	6.650	8000	6.710	4000	6.720	5900	6.740	5600	6.750	200	6.780	4900	/16842820//20701510/3174063/6.71/6.67//2008-9-18 14:27:3
65/600102/莱钢股份/6.710	2600	6.690	1700	6.680	500	6.670	2500	6.650	5000	6.720	5300	6.740	500	6.750	200	6.780	4900	6.790	2300	/16842820//20895394/3202963/6.71/6.67//2008-9-18 14:28:4
65/600102/莱钢股份/6.720	2895	6.710	2600	6.700	3000	6.690	1700	6.680	500	6.740	11000	6.750	200	6.780	5300	6.790	2300	6.800	7350	/16842820//21060126/3227468/6.75/6.67//2008-9-18 14:29:4
65/600102/莱钢股份/6.690	1700	6.680	500	6.670	500	6.650	5000	6.620	500	6.700	11400	6.720	2205	6.730	4000	6.740	21000	6.750	15600	/16842820//21129888/3237863/6.7/6.67//2008-9-18 14:30:5
65/600102/莱钢股份/6.680	500	6.670	500	6.650	5000	6.620	500	6.610	1000	6.690	6899	6.700	24600	6.710	2000	6.720	1805	6.730	4000	/16842820//21176050/3244763/6.69/6.67//2008-9-18 14:31:6
65/600102/莱钢股份/6.670	500	6.660	500	6.650	2000	6.620	500	6.610	2000	6.680	300	6.690	7214	6.700	24100	6.710	2000	6.720	1805	/16842820//21203442/3248863/6.68/6.67//2008-9-18 14:32:6
65/600102/莱钢股份/6.680	500	6.670	2000	6.660	1700	6.650	2000	6.620	500	6.690	5114	6.700	22700	6.710	2000	6.720	1805	6.730	4000	/16842820//21216818/3250863/6.69/6.67//2008-9-18 14:33:7
65/600102/莱钢股份/6.680	3500	6.670	2600	6.660	1700	6.650	2000	6.620	5500	6.690	614	6.700	22700	6.720	5205	6.730	4000	6.740	2100	/16842820//21250258/3255863/6.69/6.67//2008-9-18 14:34:8
65/600102/莱钢股份/6.680	4100	6.670	2600	6.660	1700	6.650	2000	6.620	5500	6.690	1114	6.700	16100	6.720	3605	6.730	4000	6.740	12100	/16842820//21315866/3265663/6.69/6.67//2008-9-18 14:35:8
65/600102/莱钢股份/6.670	2600	6.660	500	6.650	2000	6.620	5500	6.610	2000	6.680	11100	6.700	15914	6.720	3605	6.730	4000	6.740	12100	/16842820//21368002/3273463/6.68/6.67//2008-9-18 14:36:9
65/600102/莱钢股份/6.650	400	6.620	5500	6.610	2000	6.600	15000	6.580	2000	6.670	500	6.680	100	6.700	15914	6.720	3605	6.730	4500	/16842820//21554268/3301363/6.68/6.67//2008-9-18 14:37:10
65/600102/莱钢股份/6.670	22400	6.660	9700	6.650	1600	6.630	1000	6.620	5500	6.680	100	6.700	25914	6.720	3605	6.730	4500	6.740	12100	/16842820//21556216/3301663/6.67/6.67//2008-9-18 14:38:10
65/600102/莱钢股份/6.670	19200	6.660	12700	6.650	600	6.630	1000	6.620	5500	6.680	500	6.690	4799	6.700	24814	6.720	4305	6.730	4500	/16842820//21618310/3310963/6.67/6.67//2008-9-18 14:39:11
65/600102/莱钢股份/6.660	12700	6.650	600	6.630	1000	6.620	5500	6.610	2000	6.670	500	6.680	1800	6.690	4799	6.700	25114	6.720	4305	/16842820//21748376/3330463/6.67/6.67//2008-9-18 14:40:12
65/600102/莱钢股份/6.620	5500	6.610	2000	6.600	15000	6.580	2900	6.560	1000	6.640	300	6.650	3400	6.660	23005	6.670	7800	6.680	1700	/16842820//21843622/3344763/6.65/6.67//2008-9-18 14:41:12
65/600102/莱钢股份/6.620	3095	6.610	3200	6.600	12800	6.580	2900	6.560	1500	6.630	1000	6.650	2900	6.660	23005	6.670	7800	6.680	900	/16842820//21866190/3348168/6.62/6.67//2008-9-18 14:42:13
65/600102/莱钢股份/6.630	2300	6.620	1095	6.610	3300	6.600	13800	6.580	2900	6.650	3000	6.660	23505	6.670	7800	6.680	900	6.690	8299	/16842820//21903960/3353868/6.65/6.67//2008-9-18 14:43:14
65/600102/莱钢股份/6.630	2300	6.620	1095	6.610	2100	6.600	13800	6.580	2900	6.640	314	6.650	8000	6.660	23505	6.670	5000	6.680	900	/16842820//0/0/6.64/6.67//2008-9-18 14:44:14
65/600102/莱钢股份/6.630	1000	6.620	1595	6.610	3200	6.600	14300	6.580	2900	6.640	14	6.650	7000	6.660	23200	6.670	5000	6.680	900	/16842820//21914572/3355468/6.63/6.67//2008-9-18 14:45:15
65/600102/莱钢股份/6.620	1095	6.610	3100	6.600	14300	6.580	2900	6.570	2200	6.630	1700	6.640	2000	6.650	5414	6.660	23200	6.670	5000	/16842820//21943132/3359768/6.63/6.67//2008-9-18 14:46:16
65/600102/莱钢股份/6.580	2900	6.570	2200	6.560	1500	6.550	7500	6.540	2200	6.600	2800	6.620	11304	6.630	1700	6.640	2000	6.650	5514	/16842820//22177484/3395263/6.6/6.67//2008-9-18 14:47:16
65/600102/莱钢股份/6.580	300	6.570	2200	6.560	1700	6.550	7500	6.540	2200	6.590	5000	6.600	1800	6.620	10904	6.630	1700	6.640	2000	/16842820//22087640/3381663/6.58/6.67//2008-9-18 14:48:17
65/600102/莱钢股份/6.560	1700	6.550	7500	6.540	2200	6.530	3200	6.520	4300	6.570	2100	6.580	7600	6.590	6800	6.600	1800	6.620	10904	/16842820//22138906/3389463/6.57/6.67//2008-9-18 14:49:18
65/600102/莱钢股份/6.550	8100	6.540	2200	6.530	3200	6.520	4300	6.500	27000	6.560	1500	6.570	700	6.580	15100	6.590	6800	6.600	2000	/16842820//22172390/3394563/6.57/6.67//2008-9-18 14:50:18
65/600102/莱钢股份/6.550	6800	6.540	2700	6.530	3300	6.520	4300	6.510	1400	6.560	2980	6.570	5700	6.580	1000	6.590	6000	6.600	2000	/16842820//22224174/3402463/6.56/6.67//2008-9-18 14:51:19
65/600102/莱钢股份/6.540	2700	6.530	4400	6.520	6300	6.510	1800	6.500	24000	6.550	1300	6.560	380	6.570	5700	6.580	1000	6.590	1000	/16842820//22325740/3417963/6.55/6.67//2008-9-18 14:52:20
65/600102/莱钢股份/6.560	12820	6.550	3500	6.540	3700	6.530	4400	6.520	6300	6.570	5700	6.580	1000	6.590	1000	6.600	19500	6.610	100	/16842820//22332688/3419023/6.56/6.67//2008-9-18 14:53:21
65/600102/莱钢股份/6.600	500	6.570	28200	6.560	8670	6.550	12600	6.540	3700	6.610	100	6.620	5000	6.630	1700	6.640	1000	6.650	5214	/16842820//22525536/3448293/6.6/6.67//2008-9-18 14:54:21
65/600102/莱钢股份/6.610	2000	6.600	500	6.580	6500	6.570	19900	6.560	8970	6.620	2000	6.630	1700	6.640	1000	6.650	5214	6.660	8800	/16842820//22565898/3454393/6.61/6.67//2008-9-18 14:55:22
65/600102/莱钢股份/6.600	9100	6.580	9000	6.570	6900	6.560	8970	6.550	11000	6.610	3000	6.620	1613	6.650	1000	6.660	8700	6.670	5000	/16842820//22673322/3470593/6.6/6.67//2008-9-18 14:56:23
65/600102/莱钢股份/6.610	15200	6.600	10700	6.580	9300	6.570	6900	6.560	8970	6.620	10013	6.640	1404	6.650	11000	6.660	8700	6.670	5000	/16842820//22716950/3477193/6.62/6.67//2008-9-18 14:57:23
65/600102/莱钢股份/6.600	19100	6.580	9300	6.570	5900	6.560	18970	6.550	11000	6.610	353	6.620	200	6.640	1604	6.650	13000	6.660	8700	/16842820//22930574/3509493/6.61/6.67//2008-9-18 14:58:24
65/600102/莱钢股份/6.610	3047	6.600	21800	6.580	9300	6.570	5900	6.560	18970	6.620	9500	6.640	1804	6.650	13500	6.660	8200	6.670	5000	/16842820//22965346/3514746/6.62/6.67//2008-9-18 14:59:25
65/600102/莱钢股份/6.620	3896	6.610	1047	6.600	21800	6.580	9300	6.570	5900	6.640	300	6.650	13500	6.660	8200	6.670	5000	6.680	1500	/16842820//23115660/3537450/6.62/6.67//2008-9-18 15:0:26
65/600102/莱钢股份/6.620	3896	6.610	1047	6.600	21800	6.580	9300	6.570	5900	6.640	300	6.650	13500	6.660	8200	6.670	5000	6.680	1500	/16842820//23115660/3537450/6.62/6.67//2008-9-18 15:1:26
65/600102/莱钢股份/6.620	3896	6.610	1047	6.600	21800	6.580	9300	6.570	5900	6.640	300	6.650	13500	6.660	8200	6.670	5000	6.680	1500	/16842820//23115660/3537450/6.62/6.67//2008-9-18 15:2:27
