72/600109/国金证券/25.040	100	25.010	1100	25.000	13350	24.880	400	24.860	200	25.100	1100	25.140	5000	25.300	700	25.330	400	25.350	250	/16842827//3149522/124550/25.1/26.38//2008-9-18 9:31:34
72/600109/国金证券/25.250	1000	25.140	11000	25.130	200	25.100	11300	25.090	100	25.300	1825	25.330	400	25.390	201	25.400	5466	25.450	2300	/16842827//3660722/144850/25.14/26.38//2008-9-18 9:32:35
72/600109/国金证券/25.360	900	25.350	600	25.340	100	25.330	5400	25.310	1000	25.390	201	25.400	5466	25.450	2300	25.470	600	25.480	2300	/16842827//3861410/152775/25.38/26.38//2008-9-18 9:33:35
72/600109/国金证券/25.450	1100	25.410	300	25.400	19394	25.390	2899	25.380	2900	25.480	1800	25.500	2620	25.550	1400	25.610	2000	25.650	1000	/16842827//4245326/167882/25.48/26.38//2008-9-18 9:34:35
72/600109/国金证券/25.480	1400	25.460	3854	25.450	500	25.410	3000	25.400	11900	25.500	1120	25.550	4500	25.610	2000	25.700	4000	25.800	5000	/16842827//4972344/196428/25.49/26.38//2008-9-18 9:35:35
72/600109/国金证券/25.410	100	25.400	1900	25.390	2399	25.380	300	25.360	600	25.450	500	25.460	2800	25.470	500	25.480	2990	25.490	2600	/16842827//5714242/225582/25.41/26.38//2008-9-18 9:36:36
72/600109/国金证券/25.300	8100	25.280	100	25.270	100	25.260	800	25.250	8000	25.330	6100	25.350	1300	25.380	100	25.390	821	25.400	16896	/16842827//5932312/234181/25.3/26.38//2008-9-18 9:37:36
72/600109/国金证券/25.210	300	25.200	1500	25.190	900	25.180	2700	25.160	100	25.250	499	25.260	10090	25.290	3306	25.300	30000	25.330	35700	/16842827//6703057/264681/25.21/26.38//2008-9-18 9:38:36
72/600109/国金证券/25.160	800	25.150	6800	25.140	12500	25.130	400	25.110	200	25.180	9900	25.200	38590	25.240	200	25.250	1300	25.260	14499	/16842827//8469548/334781/25.18/26.38//2008-9-18 9:39:36
72/600109/国金证券/25.200	1502	25.160	700	25.150	1100	25.140	200	25.130	800	25.250	100	25.260	13899	25.280	1000	25.290	100	25.300	21500	/16842827//10800785/427379/25.25/26.38//2008-9-18 9:40:36
72/600109/国金证券/25.250	900	25.220	17200	25.210	700	25.200	5702	25.180	500	25.260	4599	25.280	1000	25.290	100	25.300	21000	25.330	30100	/16842827//11473850/454079/25.26/26.38//2008-9-18 9:41:37
72/600109/国金证券/25.280	2300	25.270	200	25.260	13401	25.250	5400	25.240	1200	25.300	16000	25.330	30300	25.380	100	25.390	2821	25.400	946	/16842827//12590719/498278/25.3/26.38//2008-9-18 9:42:37
72/600109/国金证券/25.260	18101	25.250	5600	25.240	1200	25.220	1100	25.210	900	25.270	1900	25.330	27000	25.380	100	25.390	2821	25.400	646	/16842827//13195343/522178/25.27/26.38//2008-9-18 9:43:37
72/600109/国金证券/25.280	2500	25.270	1200	25.260	18201	25.250	5600	25.240	1200	25.330	80	25.350	600	25.380	100	25.390	2821	25.400	646	/16842827//14370362/568578/25.33/26.38//2008-9-18 9:44:37
72/600109/国金证券/25.330	1900	25.300	3800	25.290	1100	25.280	2500	25.270	1100	25.380	300	25.400	626	25.440	30000	25.450	900	25.460	2000	/16842827//14575879/576678/25.38/26.38//2008-9-18 9:45:37
72/600109/国金证券/25.290	2100	25.280	2600	25.270	1100	25.260	11701	25.250	2500	25.300	5998	25.320	1900	25.330	1000	25.350	300	25.370	200	/16842827//15122822/598278/25.3/26.38//2008-9-18 9:46:38
72/600109/国金证券/25.260	10201	25.250	2500	25.240	1200	25.220	1100	25.210	900	25.290	23125	25.300	11998	25.320	1900	25.350	100	25.370	200	/16842827//15848569/626978/25.26/26.38//2008-9-18 9:47:38
72/600109/国金证券/25.260	447	25.250	2500	25.240	1200	25.220	1100	25.210	900	25.280	1800	25.290	17400	25.300	12698	25.320	1900	25.350	100	/16842827//16332449/646132/25.26/26.38//2008-9-18 9:48:38
72/600109/国金证券/25.290	19449	25.260	2800	25.240	11200	25.220	500	25.210	1200	25.300	5851	25.320	1900	25.350	100	25.400	726	25.420	1300	/16842827//17548522/694230/25.29/26.38//2008-9-18 9:49:39
72/600109/国金证券/25.330	100	25.320	2600	25.310	1000	25.300	9839	25.290	13749	25.400	880	25.420	1300	25.430	2000	25.440	30000	25.450	300	/16842827//17881594/707391/25.32/26.38//2008-9-18 9:50:39
72/600109/国金证券/25.360	3899	25.320	600	25.310	400	25.300	11239	25.290	12549	25.430	200	25.440	29280	25.450	400	25.460	2000	25.480	22290	/16842827//18353736/725992/25.36/26.38//2008-9-18 9:51:39
72/600109/国金证券/25.300	13339	25.290	12149	25.280	100	25.260	800	25.250	1500	25.310	400	25.320	2600	25.340	200	25.360	21001	25.400	8025	/16842827//18660612/738091/25.3/26.38//2008-9-18 9:52:39
72/600109/国金证券/25.260	600	25.250	6000	25.240	11200	25.220	500	25.210	500	25.290	11851	25.300	29461	25.310	800	25.360	15101	25.400	11525	/16842827//19360982/765779/25.26/26.38//2008-9-18 9:53:40
72/600109/国金证券/25.100	23248	25.090	100	25.080	400	25.050	4900	25.030	500	25.180	1700	25.200	3800	25.220	5900	25.230	1000	25.240	2300	/16842827//20425534/808031/25.12/26.38//2008-9-18 9:54:40
72/600109/国金证券/25.010	8900	25.000	52350	24.980	400	24.940	2700	24.910	200	25.020	6900	25.050	100	25.090	2700	25.100	5021	25.110	100	/16842827//22247386/880679/25.02/26.38//2008-9-18 9:55:40
72/600109/国金证券/24.980	400	24.940	2700	24.910	200	24.900	7600	24.890	200	24.990	400	25.000	45601	25.010	2461	25.020	15200	25.030	2700	/16842827//24561388/973229/25.0/26.38//2008-9-18 9:56:41
72/600109/国金证券/24.910	2800	24.900	10000	24.890	200	24.880	1300	24.860	2300	24.940	1400	24.960	1500	24.980	1700	24.990	2000	25.000	36381	/16842827//25335220/1004229/24.91/26.38//2008-9-18 9:57:41
72/600109/国金证券/24.900	3000	24.890	1279	24.880	3900	24.860	1200	24.850	4000	24.990	1821	25.000	14900	25.010	1861	25.020	4900	25.030	2700	/16842827//26969770/1069850/24.9/26.38//2008-9-18 9:58:41
72/600109/国金证券/24.990	378	24.980	800	24.970	3000	24.930	1500	24.920	500	25.000	15700	25.020	4900	25.030	2300	25.050	200	25.100	2400	/16842827//27565714/1093773/25.0/26.38//2008-9-18 9:59:41
72/600109/国金证券/24.950	200	24.940	100	24.930	1500	24.920	2100	24.910	1300	24.970	622	25.000	16400	25.030	2300	25.050	200	25.100	3400	/16842827//27927450/1108251/24.97/26.38//2008-9-18 10:0:42
72/600109/国金证券/24.900	4000	24.890	100	24.880	1800	24.860	1500	24.850	4178	24.930	10400	24.940	800	24.950	1625	24.960	100	24.970	6222	/16842827//28281516/1122451/24.9/26.38//2008-9-18 10:1:42
72/600109/国金证券/24.840	79	24.820	100	24.810	700	24.800	5900	24.780	100	24.850	1800	24.860	7300	24.870	300	24.880	7000	24.890	18345	/16842827//28774160/1142250/24.84/24.86//2008-9-18 10:2:42
72/600109/国金证券/24.680	4300	24.610	400	24.600	5000	24.560	500	24.540	3000	24.700	39000	24.710	4400	24.720	1100	24.730	15300	24.740	2400	/16842827//29239014/1161029/24.68/24.86//2008-9-18 10:3:42
72/600109/国金证券/24.180	1500	24.060	1400	24.050	2100	24.020	500	24.010	5300	24.200	20600	24.260	300	24.280	8800	24.290	500	24.300	5100	/16842827//31236356/1242829/24.18/24.86//2008-9-18 10:4:43
72/600109/国金证券/23.800	6000	23.780	5200	23.770	5500	23.760	700	23.750	15000	23.950	900	23.990	300	24.000	23529	24.010	4900	24.020	600	/16842827//35309824/1412529/23.95/24.86//2008-9-18 10:5:43
72/600109/国金证券/23.930	800	23.890	3700	23.880	400	23.850	1000	23.810	2200	23.950	1400	23.990	900	24.000	20279	24.010	2200	24.020	200	/16842827//37092188/1487229/23.93/24.86//2008-9-18 10:6:43
72/600109/国金证券/23.920	1200	23.890	7047	23.880	100	23.850	919	23.830	500	23.950	2200	23.990	1600	24.000	16679	24.010	2200	24.020	200	/16842827//38102476/1529463/23.95/24.86//2008-9-18 10:7:44
72/600109/国金证券/24.000	7021	23.990	600	23.980	300	23.950	600	23.920	2400	24.010	2100	24.020	200	24.060	1000	24.100	400	24.160	100	/16842827//39460684/1586142/24.01/24.86//2008-9-18 10:8:44
72/600109/国金证券/24.190	500	24.160	1900	24.150	200	24.110	700	24.100	1000	24.200	19700	24.280	6300	24.300	200	24.340	3000	24.350	6400	/16842827//39828744/1601442/24.2/24.86//2008-9-18 10:9:44
72/600109/国金证券/24.280	3300	24.210	100	24.200	10500	24.180	5200	24.170	1000	24.300	200	24.340	3000	24.350	5500	24.400	400	24.470	1000	/16842827//40780316/1640742/24.28/24.86//2008-9-18 10:10:44
72/600109/国金证券/24.320	100	24.310	3200	24.300	5300	24.290	500	24.280	7900	24.350	3500	24.380	1000	24.400	900	24.470	1000	24.480	300	/16842827//0/0/24.35/24.86//2008-9-18 10:11:45
72/600109/国金证券/24.290	200	24.280	4354	24.270	2700	24.210	8900	24.200	5300	24.300	9200	24.310	400	24.320	1900	24.330	2500	24.340	300	/16842827//41731652/1679888/24.3/24.86//2008-9-18 10:12:45
72/600109/国金证券/24.210	2400	24.200	5000	24.180	800	24.170	400	24.160	100	24.260	1400	24.270	4700	24.280	1146	24.290	2000	24.300	7100	/16842827//42128472/1696242/24.22/24.86//2008-9-18 10:13:45
72/600109/国金证券/24.210	1401	24.180	800	24.170	400	24.160	200	24.150	800	24.260	400	24.270	2100	24.280	1046	24.290	1800	24.300	7100	/16842827//42956376/1730441/24.21/24.86//2008-9-18 10:14:46
72/600109/国金证券/24.220	600	24.210	6126	24.200	5600	24.180	800	24.170	400	24.260	800	24.270	2100	24.280	596	24.290	7200	24.300	7200	/16842827//43180980/1739716/24.22/24.86//2008-9-18 10:15:46
72/600109/国金证券/24.210	12800	24.200	5600	24.190	100	24.180	800	24.170	200	24.220	2900	24.270	2900	24.280	596	24.290	7200	24.300	7350	/16842827//43712444/1761656/24.21/24.86//2008-9-18 10:16:46
72/600109/国金证券/24.300	5454	24.290	3100	24.250	1000	24.240	1400	24.230	800	24.320	400	24.330	500	24.380	1024	24.400	400	24.430	1000	/16842827//44463548/1792602/24.32/24.86//2008-9-18 10:17:47
72/600109/国金证券/24.430	1676	24.390	500	24.380	600	24.350	100	24.330	3000	24.470	400	24.480	300	24.490	1000	24.500	3250	24.580	100	/16842827//44595792/1798026/24.47/24.86//2008-9-18 10:18:47
72/600109/国金证券/24.580	700	24.500	5400	24.490	750	24.470	1700	24.430	500	24.670	300	24.680	8300	24.700	1700	24.730	450	24.740	2400	/16842827//44974332/1813476/24.57/24.86//2008-9-18 10:19:47
72/600109/国金证券/24.700	10980	24.690	200	24.670	1500	24.640	100	24.600	400	24.730	450	24.740	2400	24.750	1500	24.760	900	24.770	400	/16842827//45416264/1831396/24.7/24.86//2008-9-18 10:20:48
72/600109/国金证券/24.700	9080	24.690	200	24.670	1000	24.600	200	24.570	1000	24.730	1720	24.740	1550	24.750	1500	24.760	900	24.770	400	/16842827//45821716/1847796/24.7/24.86//2008-9-18 10:21:48
72/600109/国金证券/24.500	2300	24.490	500	24.470	800	24.430	500	24.400	100	24.690	2600	24.700	7770	24.730	2320	24.740	1450	24.750	2200	/16842827//46176816/1862176/24.69/24.86//2008-9-18 10:22:48
72/600109/国金证券/24.430	500	24.420	200	24.360	200	24.350	1300	24.340	100	24.470	400	24.490	1100	24.500	5500	24.510	8200	24.540	500	/16842827//46274784/1866176/24.47/24.86//2008-9-18 10:23:48
72/600109/国金证券/24.450	1000	24.310	100	24.300	3154	24.260	200	24.250	800	24.490	3200	24.500	10600	24.510	8200	24.540	500	24.550	3000	/16842827//46723396/1884576/24.49/24.86//2008-9-18 10:24:49
72/600109/国金证券/24.310	1000	24.300	4254	24.250	800	24.230	100	24.220	5200	24.450	8150	24.490	3900	24.500	11300	24.510	8200	24.550	3000	/16842827//46750292/1885676/24.45/24.86//2008-9-18 10:25:49
72/600109/国金证券/24.330	3300	24.320	5400	24.310	2300	24.300	2054	24.250	1100	24.400	7600	24.450	13000	24.490	3700	24.500	7700	24.550	3000	/16842827//46774740/1886676/24.45/24.86//2008-9-18 10:26:49
72/600109/国金证券/24.340	200	24.320	5100	24.310	3100	24.300	2054	24.250	1100	24.350	8600	24.390	200	24.400	6000	24.450	33445	24.490	3700	/16842827//47127664/1901176/24.32/24.86//2008-9-18 10:27:50
72/600109/国金证券/24.330	100	24.310	2100	24.300	1754	24.250	1100	24.230	100	24.350	7600	24.400	6100	24.450	33145	24.490	3700	24.500	7400	/16842827//47604556/1920776/24.31/24.86//2008-9-18 10:28:50
72/600109/国金证券/24.320	400	24.310	1100	24.300	2654	24.260	200	24.250	1700	24.350	2200	24.400	6100	24.450	32445	24.490	3700	24.500	7400	/16842827//47782060/1928076/24.35/24.86//2008-9-18 10:29:50
72/600109/国金证券/24.400	300	24.360	5900	24.320	600	24.310	100	24.300	1754	24.450	30845	24.490	3100	24.500	7400	24.530	200	24.550	1000	/16842827//48079608/1940276/24.4/24.86//2008-9-18 10:30:51
72/600109/国金证券/24.400	4100	24.370	100	24.360	5900	24.320	300	24.310	100	24.450	24045	24.490	2100	24.500	7300	24.530	200	24.550	1000	/16842827//48497428/1957376/24.4/24.86//2008-9-18 10:31:51
72/600109/国金证券/24.380	800	24.370	100	24.360	5900	24.320	300	24.310	100	24.400	2800	24.440	100	24.450	21845	24.490	2100	24.500	9300	/16842827//48705044/1965876/24.4/24.86//2008-9-18 10:32:51
72/600109/国金证券/24.360	5500	24.350	200	24.310	100	24.300	2854	24.250	1100	24.370	700	24.380	900	24.400	6800	24.440	300	24.450	22745	/16842827//48768444/1968476/24.36/24.86//2008-9-18 10:33:52
72/600109/国金证券/24.250	1100	24.230	5100	24.220	1400	24.210	10900	24.200	10900	24.300	246	24.330	200	24.350	9500	24.360	1500	24.370	300	/16842827//48996128/1977830/24.3/24.86//2008-9-18 10:34:52
72/600109/国金证券/24.220	1400	24.210	5989	24.200	10900	24.180	700	24.170	500	24.230	100	24.250	2300	24.350	9046	24.360	1500	24.370	300	/16842827//49301712/1990441/24.23/24.86//2008-9-18 10:35:52
72/600109/国金证券/24.220	200	24.210	6289	24.200	11300	24.180	700	24.170	500	24.230	300	24.350	9046	24.360	1500	24.370	300	24.380	300	/16842827//49740412/2008541/24.23/24.86//2008-9-18 10:36:53
72/600109/国金证券/24.230	5400	24.220	999	24.210	6289	24.200	12200	24.180	700	24.250	1300	24.350	9046	24.360	1500	24.370	300	24.380	300	/16842827//49793752/2010742/24.25/24.86//2008-9-18 10:37:53
72/600109/国金证券/24.250	1500	24.240	2970	24.230	1100	24.210	2588	24.200	13200	24.360	1500	24.370	300	24.380	300	24.400	6700	24.440	100	/16842827//50138496/2024972/24.25/24.86//2008-9-18 10:38:53
72/600109/国金证券/24.300	300	24.270	200	24.260	100	24.250	1100	24.240	970	24.360	1200	24.370	300	24.380	300	24.400	6700	24.440	100	/16842827//50240392/2029172/24.25/24.86//2008-9-18 10:39:54
72/600109/国金证券/24.250	26700	24.240	970	24.230	100	24.210	3888	24.200	13400	24.300	400	24.360	1400	24.370	300	24.380	800	24.400	6700	/16842827//50386108/2035172/24.3/24.86//2008-9-18 10:40:54
72/600109/国金证券/24.360	900	24.270	700	24.260	100	24.250	21200	24.240	970	24.370	300	24.380	500	24.400	6700	24.440	100	24.450	23945	/16842827//50611808/2044472/24.36/24.86//2008-9-18 10:41:54
72/600109/国金证券/24.270	4300	24.260	200	24.250	6600	24.240	970	24.220	200	24.360	700	24.370	1400	24.380	500	24.400	6700	24.440	100	/16842827//51181900/2067972/24.27/24.86//2008-9-18 10:42:55
72/600109/国金证券/24.270	3400	24.260	200	24.250	6600	24.240	970	24.220	200	24.350	600	24.360	900	24.370	1400	24.380	500	24.400	6700	/16842827//51220732/2069572/24.27/24.86//2008-9-18 10:43:55
72/600109/国金证券/24.280	4600	24.270	2100	24.260	200	24.250	6600	24.240	970	24.330	600	24.350	100	24.360	700	24.370	1200	24.380	500	/16842827//51283916/2072172/24.33/24.86//2008-9-18 10:44:56
72/600109/国金证券/24.250	8500	24.240	970	24.220	100	24.210	3888	24.200	14000	24.270	6546	24.280	4300	24.360	600	24.370	1200	24.380	500	/16842827//51502480/2081172/24.27/24.86//2008-9-18 10:45:56
72/600109/国金证券/24.240	970	24.220	100	24.210	3888	24.200	13200	24.180	700	24.250	3899	24.270	100	24.280	3200	24.330	5000	24.360	2600	/16842827//51715888/2089972/24.25/24.86//2008-9-18 10:46:56
72/600109/国金证券/24.180	700	24.170	500	24.150	800	24.110	1000	24.100	700	24.200	4300	24.210	4013	24.220	1100	24.240	11227	24.250	7689	/16842827//52162668/2108430/24.2/24.86//2008-9-18 10:47:57
72/600109/国金证券/24.030	600	24.010	1300	24.000	43100	23.990	100	23.950	300	24.050	2600	24.100	100	24.110	100	24.150	700	24.170	9800	/16842827//52278552/2113230/24.1/24.86//2008-9-18 10:48:57
72/600109/国金证券/24.000	2700	23.950	300	23.940	100	23.930	5000	23.920	300	24.010	300	24.030	1599	24.050	1930	24.100	100	24.150	100	/16842827//53500264/2164129/24.0/24.86//2008-9-18 10:49:57
72/600109/国金证券/23.950	8600	23.940	500	23.930	5000	23.920	300	23.910	700	24.000	6900	24.010	1000	24.030	1599	24.050	1930	24.100	100	/16842827//53752060/2174629/23.95/24.86//2008-9-18 10:50:58
72/600109/国金证券/23.960	200	23.950	8100	23.940	2300	23.930	5000	23.920	300	24.000	200	24.010	1000	24.030	1599	24.050	1930	24.100	100	/16842827//54334728/2198929/23.95/24.86//2008-9-18 10:51:58
72/600109/国金证券/24.000	1300	23.990	400	23.970	4900	23.960	12600	23.950	10200	24.010	1000	24.030	1599	24.050	1930	24.100	300	24.150	100	/16842827//54442576/2203429/24.0/24.86//2008-9-18 10:52:58
72/600109/国金证券/24.030	13671	24.020	500	24.010	4100	24.000	3200	23.980	1100	24.100	200	24.170	200	24.180	800	24.200	4800	24.210	6213	/16842827//54652320/2212158/24.1/24.86//2008-9-18 10:53:59
72/600109/国金证券/24.060	1500	24.050	200	24.010	1200	24.000	3500	23.990	100	24.100	4900	24.170	200	24.180	800	24.200	5800	24.210	2913	/16842827//54964740/2225158/24.1/24.86//2008-9-18 10:54:59
72/600109/国金证券/24.000	2200	23.990	100	23.980	1100	23.970	1700	23.960	11900	24.050	10646	24.060	900	24.100	5600	24.170	300	24.180	800	/16842827//55154692/2233058/24.05/24.86//2008-9-18 10:56:0
72/600109/国金证券/23.990	100	23.980	1100	23.970	2000	23.960	12200	23.950	9800	24.000	501	24.040	4400	24.050	5046	24.100	4800	24.170	200	/16842827//55370972/2242058/24.0/24.86//2008-9-18 10:57:0
72/600109/国金证券/24.000	6899	23.980	3700	23.970	2300	23.960	10700	23.950	14200	24.050	5046	24.100	4800	24.170	200	24.180	800	24.200	5800	/16842827//55601340/2251659/24.0/24.86//2008-9-18 10:58:0
72/600109/国金证券/24.000	3099	23.980	3700	23.970	2500	23.960	10900	23.950	14700	24.050	5046	24.100	4000	24.170	200	24.180	800	24.200	5800	/16842827//55790972/2259559/24.0/24.86//2008-9-18 10:59:1
72/600109/国金证券/24.000	7699	23.980	4000	23.970	2700	23.960	10900	23.950	21200	24.050	5046	24.090	100	24.100	6000	24.170	200	24.180	800	/16842827//56114968/2273059/24.0/24.86//2008-9-18 11:0:1
72/600109/国金证券/24.010	1200	24.000	4699	23.980	3700	23.970	2900	23.960	10900	24.050	4856	24.090	100	24.100	5700	24.170	200	24.180	800	/16842827//56259052/2279059/24.02/24.86//2008-9-18 11:1:2
72/600109/国金证券/24.010	800	24.000	6999	23.980	3800	23.970	2700	23.960	10900	24.030	300	24.050	3956	24.090	100	24.100	6400	24.170	200	/16842827//56314328/2281359/24.03/24.86//2008-9-18 11:2:2
72/600109/国金证券/24.060	600	24.050	4600	24.020	100	24.010	5194	24.000	7799	24.090	100	24.100	7400	24.170	200	24.180	800	24.200	5800	/16842827//56612616/2293765/24.05/24.86//2008-9-18 11:3:2
72/600109/国金证券/24.080	400	24.060	2100	24.050	4800	24.020	400	24.010	3194	24.100	5500	24.170	200	24.180	800	24.200	5800	24.210	400	/16842827//56656056/2295565/24.1/24.86//2008-9-18 11:4:3
72/600109/国金证券/24.060	800	24.050	4700	24.030	500	24.020	400	24.010	4294	24.080	3400	24.090	900	24.100	5300	24.170	700	24.180	800	/16842827//56737904/2298965/24.06/24.86//2008-9-18 11:5:3
72/600109/国金证券/24.080	4185	24.060	3300	24.050	4700	24.030	500	24.020	400	24.090	5700	24.100	5100	24.170	200	24.180	800	24.200	5800	/16842827//56829768/2302780/24.09/24.86//2008-9-18 11:6:4
72/600109/国金证券/24.100	6700	24.090	9100	24.080	3785	24.060	1000	24.050	3700	24.180	800	24.200	5800	24.220	1900	24.240	1650	24.250	3600	/16842827//57181524/2317380/24.1/24.86//2008-9-18 11:7:4
72/600109/国金证券/24.120	900	24.110	1200	24.100	12400	24.090	2100	24.080	3085	24.180	1100	24.200	4500	24.220	1600	24.240	1650	24.250	3600	/16842827//57309672/2322680/24.18/24.86//2008-9-18 11:8:4
72/600109/国金证券/24.220	900	24.210	200	24.200	900	24.180	100	24.170	600	24.240	2150	24.250	3600	24.280	400	24.300	1700	24.360	200	/16842827//57539604/2332180/24.22/24.86//2008-9-18 11:9:5
72/600109/国金证券/24.250	3900	24.230	3300	24.200	200	24.180	200	24.170	500	24.290	250	24.300	2500	24.360	200	24.370	200	24.380	1100	/16842827//57891032/2346680/24.28/24.86//2008-9-18 11:10:5
72/600109/国金证券/24.300	6750	24.260	6700	24.250	6500	24.230	3300	24.200	200	24.360	400	24.370	200	24.380	1600	24.390	200	24.400	10800	/16842827//58105920/2355530/24.29/24.86//2008-9-18 11:11:6
72/600109/国金证券/24.290	1000	24.260	6100	24.250	6200	24.230	1300	24.200	1400	24.300	850	24.330	1500	24.350	100	24.360	1100	24.370	1700	/16842827//58301536/2363580/24.3/24.86//2008-9-18 11:12:6
72/600109/国金证券/24.230	800	24.210	1100	24.200	1600	24.180	200	24.170	500	24.240	200	24.250	3513	24.280	700	24.290	2350	24.300	1900	/16842827//58687316/2379480/24.23/24.86//2008-9-18 11:13:7
72/600109/国金证券/24.200	2600	24.180	100	24.170	500	24.110	1800	24.100	4900	24.210	100	24.230	1400	24.240	200	24.250	3613	24.280	700	/16842827//58847188/2386080/24.21/24.86//2008-9-18 11:14:7
72/600109/国金证券/24.110	1300	24.100	4800	24.090	100	24.080	2985	24.060	1000	24.170	6900	24.200	4500	24.210	1400	24.230	200	24.250	3313	/16842827//58939136/2389880/24.17/24.86//2008-9-18 11:15:7
72/600109/国金证券/24.100	1700	24.090	100	24.080	2985	24.060	1000	24.050	3700	24.110	1900	24.150	100	24.160	100	24.170	8200	24.200	2900	/16842827//59083776/2395880/24.11/24.86//2008-9-18 11:16:8
72/600109/国金证券/24.110	5900	24.100	1000	24.090	100	24.080	2985	24.060	1000	24.160	100	24.170	8000	24.200	3100	24.210	300	24.250	3313	/16842827//59182624/2399980/24.11/24.86//2008-9-18 11:17:8
72/600109/国金证券/24.110	5100	24.100	1000	24.090	100	24.080	2985	24.060	1000	24.150	1100	24.160	1100	24.170	8600	24.200	3700	24.210	300	/16842827//59221204/2401580/24.11/24.86//2008-9-18 11:18:9
72/600109/国金证券/24.150	1800	24.100	200	24.090	100	24.080	2885	24.060	1000	24.160	1100	24.170	8600	24.200	4100	24.210	300	24.250	3313	/16842827//59397252/2408880/24.15/24.86//2008-9-18 11:19:9
72/600109/国金证券/24.110	300	24.100	1600	24.090	100	24.080	2885	24.060	1200	24.150	5900	24.160	1300	24.170	8600	24.200	3900	24.210	300	/16842827//59443132/2410780/24.11/24.86//2008-9-18 11:20:10
72/600109/国金证券/24.090	100	24.080	2885	24.060	1200	24.050	3700	24.030	1000	24.100	1000	24.110	2500	24.150	3100	24.160	1300	24.170	8600	/16842827//59739768/2423080/24.1/24.86//2008-9-18 11:21:10
72/600109/国金证券/24.050	3700	24.030	1000	24.020	400	24.010	6294	24.000	21299	24.060	4300	24.080	1213	24.090	1000	24.100	300	24.110	2500	/16842827//59811600/2426065/24.06/24.86//2008-9-18 11:22:10
72/600109/国金证券/24.030	800	24.020	900	24.010	6394	24.000	20699	23.990	400	24.050	2500	24.060	3800	24.090	1000	24.100	200	24.110	2300	/16842827//59931856/2431065/24.03/24.86//2008-9-18 11:23:11
72/600109/国金证券/24.010	5284	24.000	22699	23.990	400	23.980	4000	23.970	1500	24.020	1600	24.030	4100	24.040	300	24.050	2300	24.060	3800	/16842827//60073844/2436975/24.03/24.86//2008-9-18 11:24:11
72/600109/国金证券/24.000	18383	23.990	400	23.980	4000	23.970	1500	23.960	9300	24.020	1800	24.030	5400	24.040	300	24.050	1000	24.060	3800	/16842827//60316344/2447075/24.0/24.86//2008-9-18 11:25:12
72/600109/国金证券/23.990	400	23.980	9000	23.970	1300	23.960	9300	23.950	14500	24.000	6430	24.010	300	24.020	1500	24.030	5600	24.040	300	/16842827//60793548/2466958/24.0/24.86//2008-9-18 11:26:12
72/600109/国金证券/23.980	3600	23.970	1300	23.960	1200	23.950	14900	23.940	600	24.000	6930	24.010	300	24.020	1800	24.030	5000	24.040	300	/16842827//61254220/2486158/23.98/24.86//2008-9-18 11:27:13
72/600109/国金证券/23.980	300	23.970	500	23.960	1600	23.950	14800	23.940	700	24.000	8730	24.010	200	24.020	1800	24.030	5000	24.040	300	/16842827//61407708/2492558/23.99/24.86//2008-9-18 11:28:13
72/600109/国金证券/23.960	1098	23.950	14800	23.940	700	23.930	5100	23.920	800	23.980	200	23.990	2100	24.000	11430	24.010	200	24.020	1800	/16842827//61458092/2494660/23.98/24.86//2008-9-18 11:29:14
72/600109/国金证券/23.980	2700	23.970	800	23.960	3198	23.950	14900	23.940	700	23.990	2000	24.000	10930	24.010	200	24.020	1800	24.030	4800	/16842827//61477272/2495460/23.99/24.86//2008-9-18 11:30:14
72/600109/国金证券/23.980	2700	23.970	800	23.960	3198	23.950	14900	23.940	700	23.990	2000	24.000	10930	24.010	200	24.020	1800	24.030	4800	/16842827//61477272/2495460/23.99/24.86//2008-9-18 11:31:15
72/600109/国金证券/23.950	4208	23.940	400	23.930	5000	23.920	800	23.910	700	23.960	200	23.980	6399	23.990	2300	24.000	8100	24.010	200	/16842827//62769332/2549350/23.95/24.86//2008-9-18 13:1:15
72/600109/国金证券/23.860	2300	23.850	2919	23.840	6100	23.830	600	23.820	1700	23.880	3109	23.950	4150	23.960	200	23.980	3899	23.990	2300	/16842827//63450880/2577849/23.88/24.86//2008-9-18 13:2:16
72/600109/国金证券/23.810	5900	23.800	81000	23.790	24700	23.780	22500	23.770	21000	23.820	8856	23.830	400	23.840	300	23.850	28257	23.880	9	/16842827//63930812/2597977/23.81/24.86//2008-9-18 13:3:16
72/600109/国金证券/23.810	9500	23.800	80200	23.790	24700	23.780	22700	23.770	21000	23.840	5300	23.850	27857	23.880	9	23.900	5390	23.910	600	/16842827//64288004/2612977/23.81/24.86//2008-9-18 13:4:17
72/600109/国金证券/23.810	15500	23.800	80500	23.790	24700	23.780	23400	23.770	21300	23.820	800	23.840	2800	23.850	27857	23.900	5390	23.910	600	/16842827//64521500/2622777/23.82/24.86//2008-9-18 13:5:17
72/600109/国金证券/23.830	194	23.820	4100	23.810	3500	23.800	57200	23.790	24700	23.840	4800	23.850	26657	23.900	5390	23.910	600	23.950	750	/16842827//65833604/2677883/23.83/24.86//2008-9-18 13:6:18
72/600109/国金证券/23.840	4000	23.830	3000	23.820	4794	23.810	3000	23.800	56100	23.850	26657	23.900	5390	23.950	500	23.980	699	23.990	2300	/16842827//66126736/2690183/23.84/24.86//2008-9-18 13:7:18
72/600109/国金证券/23.830	1100	23.820	2394	23.810	3000	23.800	55700	23.790	24700	23.850	23257	23.900	5390	23.950	200	23.980	600	23.990	2300	/16842827//66398544/2701583/23.85/24.86//2008-9-18 13:8:19
72/600109/国金证券/23.820	995	23.810	3300	23.800	55900	23.790	24700	23.780	23000	23.850	25957	23.900	5390	23.950	200	23.980	600	23.990	2100	/16842827//66574852/2708982/23.82/24.86//2008-9-18 13:9:19
72/600109/国金证券/23.830	200	23.820	3795	23.810	4400	23.800	56200	23.790	24700	23.850	26257	23.900	5390	23.950	200	23.980	500	23.990	2100	/16842827//66753556/2716482/23.83/24.86//2008-9-18 13:10:20
72/600109/国金证券/23.830	2900	23.820	2195	23.810	4500	23.800	62500	23.790	24700	23.840	700	23.850	23657	23.900	5390	23.950	200	23.980	500	/16842827//66951324/2724782/23.83/24.86//2008-9-18 13:11:20
72/600109/国金证券/23.800	62795	23.790	24700	23.780	22900	23.770	21000	23.760	35200	23.830	5900	23.840	500	23.850	25157	23.900	5390	23.980	500	/16842827//67339472/2741082/23.83/24.86//2008-9-18 13:12:21
72/600109/国金证券/23.800	23550	23.790	24900	23.780	22900	23.770	21000	23.760	35700	23.810	1200	23.830	2900	23.840	1500	23.850	1400	23.880	700	/16842827//68364000/2784127/23.8/24.86//2008-9-18 13:13:21
72/600109/国金证券/23.800	4843	23.790	24700	23.780	23100	23.770	21000	23.760	36000	23.810	900	23.830	3100	23.840	500	23.850	1400	23.880	700	/16842827//69185392/2818634/23.8/24.86//2008-9-18 13:14:22
72/600109/国金证券/23.810	100	23.800	5843	23.790	24700	23.780	23300	23.770	21000	23.820	100	23.830	1700	23.840	500	23.850	1400	23.900	5390	/16842827//69521056/2832734/23.81/24.86//2008-9-18 13:15:22
72/600109/国金证券/23.810	4600	23.800	10493	23.790	24700	23.780	23300	23.770	21000	23.820	400	23.830	3700	23.840	500	23.850	1100	23.900	5390	/16842827//69874592/2847584/23.81/24.86//2008-9-18 13:16:23
72/600109/国金证券/23.800	12193	23.790	24700	23.780	23300	23.770	21000	23.760	35100	23.810	2700	23.820	700	23.830	4790	23.840	500	23.850	1000	/16842827//70096032/2856884/23.81/24.86//2008-9-18 13:17:23
72/600109/国金证券/23.810	600	23.800	9192	23.790	24700	23.780	23300	23.770	21000	23.820	600	23.830	4790	23.840	500	23.850	1000	23.900	5190	/16842827//70500800/2873885/23.81/24.86//2008-9-18 13:18:24
72/600109/国金证券/23.810	300	23.800	1000	23.790	12992	23.780	23300	23.770	21000	23.830	190	23.840	500	23.850	1000	23.900	4690	23.980	200	/16842827//71302888/2907585/23.81/24.86//2008-9-18 13:19:24
72/600109/国金证券/23.790	602	23.780	23100	23.770	21100	23.760	35100	23.750	84500	23.800	13000	23.810	4400	23.830	500	23.840	500	23.850	1000	/16842827//72068864/2939775/23.8/24.86//2008-9-18 13:20:25
72/600109/国金证券/23.790	4102	23.780	23200	23.770	21100	23.760	35100	23.750	84600	23.800	3200	23.810	4400	23.830	500	23.840	500	23.850	1700	/16842827//72425824/2954775/23.8/24.86//2008-9-18 13:21:25
72/600109/国金证券/23.800	14392	23.790	5400	23.780	22800	23.770	21100	23.760	35100	23.850	1200	23.860	1100	23.900	2990	23.980	200	23.990	2100	/16842827//72918976/2975495/23.8/24.86//2008-9-18 13:22:26
72/600109/国金证券/23.900	25910	23.850	9100	23.820	1700	23.810	2600	23.800	16592	23.980	200	23.990	2100	24.000	9700	24.010	200	24.020	11200	/16842827//73136744/2984625/23.9/24.86//2008-9-18 13:23:26
72/600109/国金证券/23.990	2200	23.980	2300	23.950	1000	23.910	100	23.900	37110	24.000	2100	24.010	200	24.020	11200	24.030	700	24.040	300	/16842827//73465400/2998325/24.0/24.86//2008-9-18 13:24:27
72/600109/国金证券/24.010	4800	24.000	22600	23.990	22800	23.980	2000	23.950	900	24.020	800	24.030	700	24.040	300	24.050	900	24.060	3800	/16842827//73806416/3012525/24.02/24.86//2008-9-18 13:25:27
72/600109/国金证券/24.030	800	24.020	3400	24.010	4700	24.000	22300	23.990	22100	24.050	100	24.060	1300	24.090	1000	24.100	600	24.110	2300	/16842827//74126208/3025825/24.06/24.86//2008-9-18 13:26:28
72/600109/国金证券/24.090	800	24.070	1400	24.060	200	24.030	100	24.000	23000	24.100	2100	24.110	2300	24.150	2100	24.160	1000	24.170	1500	/16842827//74472400/3040225/24.08/24.86//2008-9-18 13:27:28
72/600109/国金证券/24.090	1400	24.070	1500	24.060	2200	24.030	700	24.000	23500	24.100	600	24.110	700	24.140	1099	24.150	2100	24.160	1000	/16842827//74790528/3053425/24.1/24.86//2008-9-18 13:28:29
72/600109/国金证券/24.100	2600	24.090	1400	24.070	1100	24.060	2100	24.030	700	24.130	6400	24.140	799	24.150	2100	24.160	1000	24.170	1500	/16842827//74978568/3061225/24.1/24.86//2008-9-18 13:29:29
72/600109/国金证券/24.070	700	24.060	2100	24.050	900	24.030	700	24.020	1000	24.090	1100	24.100	500	24.120	600	24.130	10200	24.140	999	/16842827//75236496/3071925/24.09/24.86//2008-9-18 13:30:30
72/600109/国金证券/24.070	500	24.000	20500	23.990	20000	23.960	700	23.950	800	24.090	1200	24.100	2500	24.120	900	24.130	10000	24.140	999	/16842827//75431256/3080025/24.07/24.86//2008-9-18 13:31:30
72/600109/国金证券/24.120	5200	24.100	2900	24.090	7300	24.070	600	24.010	200	24.130	2100	24.140	999	24.150	2200	24.160	1000	24.170	1500	/16842827//75691672/3090825/24.13/24.86//2008-9-18 13:32:31
72/600109/国金证券/24.150	15800	24.140	8200	24.130	7100	24.120	700	24.110	100	24.160	299	24.170	1500	24.200	3500	24.210	100	24.280	900	/16842827//75884792/3098825/24.16/24.86//2008-9-18 13:33:31
72/600109/国金证券/24.220	5200	24.210	800	24.200	3000	24.180	600	24.170	3900	24.280	700	24.290	150	24.300	1900	24.320	100	24.350	100	/16842827//76061464/3106124/24.28/24.86//2008-9-18 13:34:32
72/600109/国金证券/24.360	1500	24.350	3300	24.340	100	24.330	1800	24.320	4100	24.390	100	24.400	5900	24.440	1100	24.480	600	24.490	1000	/16842827//76340432/3117574/24.4/24.86//2008-9-18 13:35:32
72/600109/国金证券/24.500	5600	24.480	1500	24.450	6400	24.440	14200	24.430	400	24.530	800	24.550	100	24.560	1200	24.590	200	24.600	3900	/16842827//76888544/3139974/24.5/24.86//2008-9-18 13:36:33
72/600109/国金证券/24.600	2100	24.580	100	24.560	2300	24.550	2000	24.540	1600	24.680	200	24.690	1500	24.700	9770	24.710	100	24.720	100	/16842827//77686656/3172434/24.6/24.86//2008-9-18 13:37:34
72/600109/国金证券/24.710	2000	24.700	10380	24.690	1700	24.680	1300	24.670	2700	24.720	400	24.750	1450	24.760	1600	24.770	200	24.780	200	/16842827//78502216/3205454/24.71/24.86//2008-9-18 13:38:34
72/600109/国金证券/24.670	382	24.660	200	24.600	1600	24.560	500	24.550	1500	24.680	100	24.690	11650	24.700	500	24.710	7260	24.720	2250	/16842827//79448784/3243772/24.67/24.86//2008-9-18 13:39:35
72/600109/国金证券/24.560	200	24.550	600	24.530	1000	24.500	3700	24.490	1000	24.600	100	24.650	6100	24.660	2400	24.670	25500	24.680	3000	/16842827//79919320/3262854/24.56/24.86//2008-9-18 13:40:35
72/600109/国金证券/24.500	2500	24.490	1000	24.450	1000	24.440	700	24.430	400	24.510	100	24.520	1000	24.530	2400	24.540	600	24.550	5200	/16842827//80083704/3269554/24.5/24.86//2008-9-18 13:41:36
72/600109/国金证券/24.500	240	24.490	1000	24.450	800	24.440	700	24.430	400	24.530	700	24.550	2800	24.560	700	24.600	5600	24.640	200	/16842827//80393976/3282214/24.5/24.86//2008-9-18 13:42:36
72/600109/国金证券/24.680	5300	24.670	26400	24.600	100	24.550	13300	24.540	6100	24.690	100	24.700	3745	24.710	1460	24.750	1850	24.760	1600	/16842827//80928496/3303914/24.68/24.86//2008-9-18 13:43:37
72/600109/国金证券/24.770	700	24.760	200	24.750	2600	24.710	200	24.700	15300	24.780	100	24.790	1000	24.800	2400	24.810	3000	24.830	100	/16842827//81451248/3325064/24.77/24.86//2008-9-18 13:44:37
72/600109/国金证券/24.850	5478	24.830	200	24.820	600	24.810	4800	24.800	41140	24.880	5800	24.890	300	24.900	1400	24.910	1000	24.920	500	/16842827//81922064/3344028/24.85/24.86//2008-9-18 13:45:38
72/600109/国金证券/24.970	300	24.950	3600	24.920	10400	24.910	5300	24.900	28300	24.980	299	24.990	7700	25.000	20850	25.010	100	25.030	2000	/16842827//82693168/3375006/24.98/24.86//2008-9-18 13:46:39
72/600109/国金证券/25.010	2451	25.000	24400	24.990	900	24.980	12700	24.970	1400	25.080	900	25.100	1300	25.110	200	25.120	1300	25.150	200	/16842827//84103416/3431416/25.08/24.86//2008-9-18 13:47:39
72/600109/国金证券/25.130	1000	25.120	7900	25.110	400	25.100	13400	25.090	400	25.170	200	25.180	6100	25.190	800	25.200	2400	25.220	1000	/16842827//84474720/3446216/25.12/24.86//2008-9-18 13:48:40
72/600109/国金证券/25.210	1774	25.180	500	25.150	6300	25.130	1000	25.120	9100	25.250	200	25.260	100	25.270	1200	25.300	500	25.330	100	/16842827//85872784/3501742/25.18/24.86//2008-9-18 13:49:40
72/600109/国金证券/25.100	3900	25.090	200	25.080	1500	25.030	600	25.020	200	25.110	100	25.150	19872	25.160	9480	25.170	5776	25.180	800	/16842827//87584864/3569816/25.1/24.86//2008-9-18 13:50:41
72/600109/国金证券/24.980	800	24.950	1100	24.920	5200	24.910	600	24.900	11700	24.990	3700	25.000	15500	25.010	6350	25.030	400	25.080	300	/16842827//88803904/3618516/24.99/24.86//2008-9-18 13:51:41
72/600109/国金证券/24.900	7178	24.880	500	24.820	600	24.810	100	24.800	2900	24.910	400	24.920	4200	24.930	100	24.940	200	24.950	7599	/16842827//89108488/3630738/24.9/24.86//2008-9-18 13:52:42
72/600109/国金证券/24.800	1900	24.790	440	24.780	500	24.760	2100	24.700	100	24.870	200	24.880	16000	24.890	900	24.900	12472	24.920	3200	/16842827//89339424/3640016/24.82/24.86//2008-9-18 13:53:42
72/600109/国金证券/24.710	100	24.700	100	24.690	9700	24.680	100	24.580	400	24.760	5460	24.800	8800	24.820	6950	24.850	3400	24.880	9700	/16842827//89491584/3646156/24.76/24.86//2008-9-18 13:54:43
72/600109/国金证券/24.690	5100	24.680	100	24.600	100	24.580	400	24.560	200	24.700	2850	24.710	200	24.760	4800	24.790	500	24.800	2150	/16842827//89864656/3661256/24.7/24.86//2008-9-18 13:55:44
72/600109/国金证券/24.680	100	24.600	300	24.580	400	24.560	200	24.550	500	24.690	700	24.700	3550	24.750	500	24.760	4600	24.790	500	/16842827//90054792/3668956/24.69/24.86//2008-9-18 13:56:44
72/600109/国金证券/24.690	1000	24.680	1500	24.670	600	24.620	100	24.610	600	24.700	150	24.800	1450	24.820	2150	24.850	3400	24.880	5100	/16842827//90401032/3682956/24.7/24.86//2008-9-18 13:57:45
72/600109/国金证券/24.820	1900	24.800	3600	24.770	1200	24.760	13900	24.710	300	24.850	3250	24.880	5000	24.900	9972	24.950	1500	24.980	5600	/16842827//90559776/3689356/24.85/24.86//2008-9-18 13:58:45
72/600109/国金证券/24.880	7600	24.860	1500	24.850	21800	24.830	5800	24.820	2000	24.900	7122	24.950	1500	24.980	5600	24.990	4100	25.000	8100	/16842827//90838400/3700556/24.9/24.86//2008-9-18 13:59:46
72/600109/国金证券/24.950	200	24.920	2400	24.910	800	24.900	10078	24.890	100	24.970	100	24.980	5000	24.990	4100	25.000	7200	25.010	300	/16842827//91172688/3713978/24.97/24.86//2008-9-18 14:0:47
72/600109/国金证券/24.960	200	24.920	1700	24.910	700	24.900	11978	24.880	2800	24.980	7800	24.990	2850	25.000	9700	25.010	600	25.050	1000	/16842827//91829624/3740278/24.98/24.86//2008-9-18 14:1:47
72/600109/国金证券/24.880	1000	24.860	600	24.850	8000	24.830	5000	24.820	100	24.900	3422	24.910	1600	24.920	2700	24.940	100	24.950	2500	/16842827//92190488/3754756/24.88/24.86//2008-9-18 14:2:48
72/600109/国金证券/24.830	3000	24.820	100	24.810	100	24.800	3600	24.760	11500	24.850	12400	24.860	2500	24.870	900	24.880	3000	24.890	500	/16842827//92528504/3768356/24.83/24.86//2008-9-18 14:3:48
72/600109/国金证券/24.760	11400	24.750	200	24.700	2250	24.680	200	24.620	100	24.780	1000	24.800	10522	24.810	700	24.830	3800	24.840	300	/16842827//92697232/3775156/24.76/24.86//2008-9-18 14:4:49
72/600109/国金证券/24.700	1650	24.680	200	24.620	100	24.610	600	24.600	300	24.740	900	24.760	3111	24.800	11622	24.810	700	24.830	3500	/16842827//93053800/3789556/24.7/24.86//2008-9-18 14:5:50
72/600109/国金证券/24.800	2478	24.760	89	24.750	200	24.720	500	24.710	300	24.830	3000	24.840	300	24.850	1200	24.860	400	24.870	800	/16842827//93664000/3814189/24.8/24.86//2008-9-18 14:6:50
72/600109/国金证券/24.830	2200	24.810	600	24.800	14300	24.780	200	24.760	189	24.860	200	24.870	600	24.880	2200	24.900	600	24.910	800	/16842827//93927336/3824799/24.8/24.86//2008-9-18 14:7:51
72/600109/国金证券/24.900	200	24.890	400	24.880	9900	24.870	900	24.860	1100	24.910	500	24.950	300	24.960	1400	24.970	200	24.980	3000	/16842827//94066696/3830399/24.91/24.86//2008-9-18 14:8:51
72/600109/国金证券/24.990	27800	24.980	700	24.960	6000	24.950	300	24.920	1300	25.000	6700	25.010	600	25.050	1200	25.090	1000	25.100	9500	/16842827//94389008/3843299/25.0/24.86//2008-9-18 14:9:52
72/600109/国金证券/25.100	2100	25.060	400	25.050	100	25.010	2000	25.000	27900	25.150	5500	25.160	500	25.170	1000	25.180	300	25.190	500	/16842827//95379656/3882799/25.1/24.86//2008-9-18 14:10:53
72/600109/国金证券/25.190	1100	25.180	29600	25.170	1600	25.160	6400	25.150	29300	25.200	7825	25.210	200	25.250	1350	25.260	2100	25.270	700	/16842827//95647616/3893449/25.19/24.86//2008-9-18 14:11:53
72/600109/国金证券/25.300	9200	25.280	100	25.260	42797	25.250	12650	25.200	11275	25.350	200	25.360	500	25.380	200	25.400	800	25.430	3100	/16842827//96248032/3917227/25.3/24.86//2008-9-18 14:12:54
72/600109/国金证券/25.430	1500	25.420	3100	25.400	900	25.390	2000	25.360	5200	25.490	500	25.500	14770	25.520	200	25.550	4200	25.560	1600	/16842827//97194464/3954527/25.43/24.86//2008-9-18 14:13:55
72/600109/国金证券/25.430	1700	25.420	3100	25.400	500	25.390	1200	25.360	5000	25.470	3800	25.490	1100	25.500	1100	25.540	500	25.550	14730	/16842827//97915656/3982827/25.43/24.86//2008-9-18 14:14:55
72/600109/国金证券/25.450	200	25.440	1000	25.430	1800	25.420	3100	25.400	100	25.470	1996	25.480	100	25.490	1600	25.500	16915	25.530	400	/16842827//99010920/4025827/25.45/24.86//2008-9-18 14:15:56
72/600109/国金证券/25.420	3100	25.400	700	25.380	200	25.360	5000	25.350	600	25.430	6400	25.440	3670	25.450	2600	25.460	6400	25.470	2546	/16842827//99265384/4035827/25.44/24.86//2008-9-18 14:16:56
72/600109/国金证券/25.380	200	25.360	5000	25.350	600	25.310	3300	25.300	2200	25.400	450	25.420	4900	25.430	4602	25.440	3770	25.450	1800	/16842827//99796704/4056727/25.38/24.86//2008-9-18 14:17:57
72/600109/国金证券/25.450	1796	25.440	330	25.430	25250	25.410	600	25.400	5596	25.460	2650	25.470	1300	25.480	500	25.490	800	25.500	21970	/16842827//100481096/4083655/25.46/24.86//2008-9-18 14:18:58
72/600109/国金证券/25.520	100	25.510	700	25.500	42580	25.490	10300	25.480	1000	25.550	15250	25.560	1600	25.580	100	25.590	100	25.600	2107	/16842827//101422288/4120575/25.5/24.86//2008-9-18 14:19:58
72/600109/国金证券/25.570	229	25.560	1900	25.550	38600	25.530	400	25.520	3200	25.580	100	25.590	100	25.600	2407	25.610	200	25.660	2000	/16842827//101922376/4140146/25.57/24.86//2008-9-18 14:20:59
72/600109/国金证券/25.700	2892	25.670	1400	25.610	7400	25.600	50393	25.590	5400	25.780	360	25.790	100	25.800	3310	25.830	100	25.880	3700	/16842827//102156552/4149261/25.78/24.86//2008-9-18 14:22:0
72/600109/国金证券/25.880	6900	25.850	600	25.840	300	25.830	800	25.820	1300	25.900	8612	25.940	500	25.950	600	25.960	200	25.970	200	/16842827//103266344/4192131/25.88/24.86//2008-9-18 14:23:0
72/600109/国金证券/26.050	20900	26.000	19987	25.990	7700	25.980	300	25.970	18900	26.100	415	26.150	300	26.180	600	26.200	2515	26.220	100	/16842827//103900688/4216556/26.1/24.86//2008-9-18 14:24:1
72/600109/国金证券/26.250	13800	26.240	4160	26.230	200	26.220	2100	26.200	8000	26.280	300	26.290	300	26.300	10515	26.330	300	26.340	200	/16842827//104442456/4237211/26.25/24.86//2008-9-18 14:25:2
72/600109/国金证券/26.300	32717	26.290	9675	26.280	16000	26.270	4800	26.260	14674	26.330	300	26.340	200	26.380	3100	26.390	800	26.400	6817	/16842827//105519632/4278195/26.3/24.86//2008-9-18 14:26:2
72/600109/国金证券/26.310	5500	26.300	6700	26.290	9875	26.280	16000	26.270	200	26.340	1200	26.350	1160	26.370	100	26.380	2500	26.390	1000	/16842827//107309696/4346210/26.31/24.86//2008-9-18 14:27:3
72/600109/国金证券/26.300	5301	26.290	5275	26.280	1000	26.270	200	26.260	500	26.350	200	26.380	200	26.390	200	26.400	19806	26.480	900	/16842827//109283344/4421087/26.3/24.86//2008-9-18 14:28:4
72/600109/国金证券/26.100	200	26.020	2000	26.000	6600	25.970	500	25.950	200	26.200	100	26.270	300	26.280	546	26.290	32700	26.300	24109	/16842827//110627296/4472188/26.1/24.86//2008-9-18 14:29:4
72/600109/国金证券/25.910	900	25.900	1100	25.880	1300	25.850	100	25.840	100	25.950	300	25.990	500	26.000	32228	26.010	600	26.020	5350	/16842827//111628368/4510588/25.91/24.86//2008-9-18 14:30:5
72/600109/国金证券/25.900	1800	25.880	700	25.850	200	25.830	200	25.820	2000	25.910	1700	25.940	3100	25.950	2405	25.970	1000	25.990	500	/16842827//112102552/4528888/25.9/24.86//2008-9-18 14:31:6
72/600109/国金证券/25.900	995	25.880	500	25.850	100	25.830	3000	25.820	1600	25.910	700	25.930	5	25.940	1100	25.950	105	25.970	1000	/16842827//112827584/4556893/25.9/24.86//2008-9-18 14:32:6
72/600109/国金证券/25.970	500	25.950	3590	25.910	5195	25.900	13600	25.850	500	26.000	24813	26.020	3550	26.050	10	26.080	3005	26.100	1610	/16842827//113120936/4568213/25.95/24.86//2008-9-18 14:33:7
72/600109/国金证券/26.050	1300	26.000	35800	25.990	2500	25.980	800	25.970	800	26.080	865	26.100	510	26.150	10	26.200	910	26.210	1000	/16842827//113817944/4595013/26.08/24.86//2008-9-18 14:34:8
72/600109/国金证券/26.080	18725	26.060	300	26.050	2300	26.010	700	26.000	34500	26.190	100	26.200	4710	26.210	1000	26.250	710	26.260	850	/16842827//114167016/4608388/26.08/24.86//2008-9-18 14:35:8
72/600109/国金证券/26.100	3400	26.080	9600	26.050	2300	26.010	700	26.000	33700	26.150	146	26.200	1000	26.210	720	26.250	710	26.260	350	/16842827//114614136/4625488/26.15/24.86//2008-9-18 14:36:9
72/600109/国金证券/26.050	1600	26.010	1200	26.000	34100	25.990	1500	25.980	500	26.080	200	26.100	3200	26.120	4500	26.130	300	26.150	6146	/16842827//114956200/4638588/26.05/24.86//2008-9-18 14:37:10
72/600109/国金证券/26.000	29100	25.990	1500	25.980	500	25.970	100	25.960	1000	26.010	600	26.030	300	26.050	1700	26.060	900	26.080	8400	/16842827//115187816/4647488/26.0/24.86//2008-9-18 14:38:10
72/600109/国金证券/25.980	500	25.970	200	25.960	2500	25.950	4690	25.910	600	25.990	3020	26.000	52645	26.010	2300	26.050	2000	26.060	900	/16842827//116014608/4679288/25.99/24.86//2008-9-18 14:39:11
72/600109/国金证券/25.850	100	25.830	1600	25.820	1600	25.810	100	25.800	2400	25.880	300	25.900	1210	25.950	4500	25.960	2201	25.970	2100	/16842827//116385224/4693578/25.88/24.86//2008-9-18 14:40:12
72/600109/国金证券/25.730	2000	25.710	500	25.700	1292	25.610	500	25.600	2400	25.820	3420	25.830	8900	25.850	3900	25.880	6250	25.890	1000	/16842827//116823848/4710578/25.82/24.86//2008-9-18 14:41:12
72/600109/国金证券/25.730	891	25.620	600	25.610	2500	25.600	3100	25.580	10000	25.800	600	25.810	200	25.820	5910	25.830	2700	25.850	600	/16842827//117261680/4727579/25.73/24.86//2008-9-18 14:42:13
72/600109/国金证券/25.800	3700	25.750	600	25.740	600	25.730	100	25.700	400	25.820	2739	25.830	700	25.850	600	25.880	4750	25.900	3710	/16842827//117974320/4755270/25.8/24.86//2008-9-18 14:43:14
72/600109/国金证券/25.800	1100	25.750	600	25.730	2000	25.700	700	25.620	100	25.820	1939	25.850	400	25.880	2700	25.900	710	25.910	100	/16842827//118841448/4788870/25.8/24.86//2008-9-18 14:44:14
72/600109/国金证券/25.750	950	25.730	1300	25.710	100	25.700	700	25.620	100	25.790	500	25.800	1320	25.820	400	25.850	400	25.880	2700	/16842827//119397432/4810420/25.75/24.86//2008-9-18 14:45:15
72/600109/国金证券/25.700	300	25.620	200	25.610	800	25.600	6800	25.580	10000	25.730	1100	25.750	800	25.770	500	25.780	2400	25.790	400	/16842827//119545376/4816170/25.7/24.86//2008-9-18 14:46:16
72/600109/国金证券/25.610	5300	25.600	8500	25.580	10000	25.570	229	25.560	200	25.620	400	25.660	600	25.700	3301	25.730	800	25.750	600	/16842827//0/0/25.62/24.86//2008-9-18 14:47:16
72/600109/国金证券/25.580	9100	25.570	229	25.560	300	25.550	6100	25.520	200	25.600	11060	25.610	8299	25.620	3700	25.630	300	25.650	200	/16842827//120229528/4842870/25.6/24.86//2008-9-18 14:48:17
72/600109/国金证券/25.510	600	25.500	5180	25.480	100	25.470	200	25.450	400	25.570	2372	25.580	11433	25.590	13937	25.600	10020	25.610	10799	/16842827//120565304/4855999/25.51/24.86//2008-9-18 14:49:18
72/600109/国金证券/25.480	100	25.470	200	25.450	800	25.440	1430	25.430	300	25.490	100	25.500	6719	25.510	7100	25.540	13237	25.550	8200	/16842827//120789248/4864779/25.5/24.86//2008-9-18 14:50:18
72/600109/国金证券/25.400	100	25.380	500	25.360	600	25.350	1000	25.330	100	25.440	70	25.450	18386	25.460	100	25.470	2400	25.480	3100	/16842827//121146256/4878809/25.44/24.86//2008-9-18 14:51:19
72/600109/国金证券/25.410	100	25.400	1200	25.370	700	25.360	900	25.350	2100	25.450	15158	25.460	1500	25.470	1300	25.480	1200	25.490	300	/16842827//121695088/4900409/25.45/24.86//2008-9-18 14:52:20
72/600109/国金证券/25.440	800	25.420	200	25.410	100	25.400	9663	25.380	1800	25.450	31103	25.460	1500	25.470	800	25.480	1200	25.490	100	/16842827//122331656/4925446/25.44/24.86//2008-9-18 14:53:21
72/600109/国金证券/25.460	100	25.450	19719	25.440	15500	25.400	1700	25.380	5600	25.470	800	25.480	600	25.490	100	25.500	6500	25.510	1000	/16842827//123875528/4986127/25.46/24.86//2008-9-18 14:54:21
72/600109/国金证券/25.500	8100	25.480	1400	25.470	1100	25.460	13000	25.450	37919	25.510	900	25.530	200	25.550	2800	25.560	2000	25.570	1172	/16842827//124632280/5015827/25.5/24.86//2008-9-18 14:55:22
72/600109/国金证券/25.510	22400	25.500	9800	25.490	100	25.480	6900	25.470	1800	25.550	4800	25.560	2000	25.570	1172	25.580	5313	25.590	1000	/16842827//125298208/5041927/25.51/24.86//2008-9-18 14:56:23
72/600109/国金证券/25.540	1887	25.530	1000	25.520	1400	25.510	8490	25.500	6400	25.550	4100	25.560	2000	25.570	1172	25.580	4800	25.590	1000	/16842827//125967728/5068150/25.54/24.86//2008-9-18 14:57:23
72/600109/国金证券/25.540	900	25.520	2100	25.510	18890	25.500	7900	25.480	5500	25.550	7843	25.560	1800	25.570	400	25.580	5300	25.590	1000	/16842827//126623848/5093837/25.54/24.86//2008-9-18 14:58:24
72/600109/国金证券/25.520	1000	25.510	3990	25.500	5600	25.480	4000	25.470	8200	25.550	1943	25.560	6800	25.570	1472	25.580	5300	25.590	1000	/16842827//127410544/5124637/25.55/24.86//2008-9-18 14:59:25
72/600109/国金证券/25.540	2000	25.530	400	25.520	3900	25.510	3890	25.500	5100	25.550	4800	25.560	6800	25.570	1172	25.580	4000	25.590	1000	/16842827//127619944/5132837/25.55/24.86//2008-9-18 15:0:26
72/600109/国金证券/25.540	2000	25.530	400	25.520	3900	25.510	3890	25.500	5100	25.550	4800	25.560	6800	25.570	1172	25.580	4000	25.590	1000	/16842827//127619944/5132837/25.55/24.86//2008-9-18 15:1:26
72/600109/国金证券/25.540	2000	25.530	400	25.520	3900	25.510	3890	25.500	5100	25.550	4800	25.560	6800	25.570	1172	25.580	4000	25.590	1000	/16842827//127619944/5132837/25.55/24.86//2008-9-18 15:2:27
