63/600100/同方股份/9.600	59978	9.570	2400	9.530	200	9.520	6450	9.510	5200	9.630	9550	9.650	2300	9.660	1500	9.680	2800	9.700	200	/16842818//1045633/109395/9.6/9.93//2008-9-18 9:31:34
63/600100/同方股份/9.680	300	9.660	400	9.630	6700	9.620	400	9.610	15700	9.700	1400	9.730	1200	9.740	15500	9.760	21500	9.770	300	/16842818//1274244/133095/9.65/9.93//2008-9-18 9:32:35
63/600100/同方股份/9.700	6070	9.660	7500	9.650	100	9.630	4400	9.620	900	9.720	300	9.730	1700	9.740	22600	9.760	21500	9.770	300	/16842818//1403337/146405/9.7/9.93//2008-9-18 9:33:35
63/600100/同方股份/9.660	7400	9.650	200	9.630	4200	9.620	900	9.610	15000	9.680	5890	9.690	1000	9.700	8580	9.720	5300	9.730	3050	/16842818//1509732/157375/9.68/9.93//2008-9-18 9:34:35
63/600100/同方股份/9.650	300	9.640	500	9.630	1800	9.610	16000	9.600	62078	9.660	19690	9.680	300	9.700	7280	9.720	5300	9.730	4050	/16842818//1771680/184475/9.66/9.93//2008-9-18 9:35:35
63/600100/同方股份/9.610	5125	9.600	62678	9.580	20200	9.570	200	9.550	700	9.660	9450	9.680	300	9.700	7280	9.720	5300	9.730	4050	/16842818//1902097/198050/9.66/9.93//2008-9-18 9:36:36
63/600100/同方股份/9.660	3200	9.620	900	9.610	14325	9.600	72178	9.580	20200	9.680	8200	9.700	7280	9.720	5000	9.730	3850	9.740	7100	/16842818//2399542/249550/9.66/9.93//2008-9-18 9:37:36
63/600100/同方股份/9.660	9618	9.650	38600	9.610	17115	9.600	72178	9.580	20200	9.680	7000	9.700	6480	9.720	5000	9.730	3850	9.740	7100	/16842818//2779930/288942/9.68/9.93//2008-9-18 9:38:36
63/600100/同方股份/9.610	17415	9.600	72378	9.580	20200	9.570	200	9.560	600	9.650	73582	9.670	23000	9.680	47050	9.700	7480	9.720	5300	/16842818//3490685/362560/9.65/9.93//2008-9-18 9:39:36
63/600100/同方股份/9.680	950710	9.670	31600	9.660	3750	9.650	104350	9.620	1500	9.700	7380	9.720	5300	9.730	2900	9.740	8500	9.750	700	/16842818//5244079/544050/9.68/9.93//2008-9-18 9:40:36
63/600100/同方股份/9.750	11000	9.740	5100	9.730	400	9.720	7800	9.710	200	9.760	11700	9.770	300	9.790	100	9.800	6718	9.820	300	/16842818//5597985/580450/9.75/9.93//2008-9-18 9:41:37
63/600100/同方股份/9.800	8400	9.780	1800	9.770	1700	9.760	6900	9.750	8800	9.820	300	9.830	200	9.850	8000	9.880	6860	9.890	1000	/16842818//6056860/627372/9.8/9.93//2008-9-18 9:42:37
63/600100/同方股份/9.760	4580	9.750	5800	9.730	500	9.720	3700	9.710	2200	9.780	5900	9.800	25300	9.820	2300	9.830	1000	9.840	14200	/16842818//6373285/659692/9.79/9.93//2008-9-18 9:43:37
63/600100/同方股份/9.780	400	9.760	100	9.750	4300	9.740	1000	9.730	500	9.790	1000	9.800	11900	9.820	2300	9.830	200	9.840	14200	/16842818//6743131/697492/9.75/9.93//2008-9-18 9:44:37
63/600100/同方股份/9.760	1300	9.750	4300	9.740	1000	9.730	500	9.720	3200	9.780	6300	9.790	1000	9.800	21900	9.820	2300	9.830	200	/16842818//6771490/700392/9.78/9.93//2008-9-18 9:45:37
63/600100/同方股份/9.760	1500	9.750	5600	9.740	1000	9.730	400	9.720	3200	9.790	460	9.800	21900	9.820	2300	9.840	14200	9.850	450	/16842818//6876141/711092/9.79/9.93//2008-9-18 9:46:38
63/600100/同方股份/9.740	1000	9.730	400	9.720	2300	9.710	2000	9.700	14680	9.750	11650	9.760	12600	9.790	2410	9.800	22200	9.820	2300	/16842818//6972681/720992/9.75/9.93//2008-9-18 9:47:38
63/600100/同方股份/9.750	13150	9.740	400	9.720	4700	9.710	3000	9.700	13680	9.760	12600	9.780	1000	9.790	2410	9.800	22200	9.820	2300	/16842818//7165196/740742/9.75/9.93//2008-9-18 9:48:38
63/600100/同方股份/9.750	2250	9.740	400	9.720	4700	9.710	4200	9.700	13680	9.760	2900	9.780	1000	9.790	2210	9.800	21900	9.820	2300	/16842818//7377845/762542/9.76/9.93//2008-9-18 9:49:39
63/600100/同方股份/9.780	1300	9.760	2100	9.750	1450	9.740	400	9.720	4700	9.790	1410	9.800	23900	9.820	2300	9.830	10000	9.840	14200	/16842818//7469591/771942/9.79/9.93//2008-9-18 9:50:39
63/600100/同方股份/9.740	100	9.720	4700	9.710	4200	9.700	15580	9.680	4800	9.750	13250	9.760	4700	9.770	500	9.780	11060	9.790	11410	/16842818//7558878/781092/9.75/9.93//2008-9-18 9:51:39
63/600100/同方股份/9.710	5500	9.700	14680	9.680	4500	9.670	15200	9.660	2700	9.720	4540	9.740	21338	9.750	13250	9.760	4700	9.770	11540	/16842818//7603567/785692/9.71/9.93//2008-9-18 9:52:39
63/600100/同方股份/9.690	1000	9.680	3500	9.670	15200	9.660	17700	9.650	12200	9.700	2700	9.710	10560	9.720	3030	9.740	25238	9.750	13250	/16842818//7688960/794492/9.68/9.93//2008-9-18 9:53:40
63/600100/同方股份/9.670	10500	9.660	15400	9.650	10300	9.620	100	9.610	16115	9.680	450	9.700	4700	9.710	4210	9.720	2340	9.740	25238	/16842818//7732530/798992/9.68/9.93//2008-9-18 9:54:40
63/600100/同方股份/9.660	14500	9.650	10300	9.620	100	9.610	16115	9.600	15500	9.700	3650	9.710	4210	9.720	2340	9.740	9950	9.750	17550	/16842818//7916298/817992/9.66/9.93//2008-9-18 9:55:40
63/600100/同方股份/9.620	200	9.610	14815	9.600	15300	9.580	22000	9.570	200	9.650	9368	9.700	12800	9.710	4210	9.720	2340	9.740	9950	/16842818//8303148/857992/9.65/9.93//2008-9-18 9:56:41
63/600100/同方股份/9.620	8182	9.610	15015	9.600	14800	9.580	22000	9.570	200	9.670	140	9.700	13300	9.710	4210	9.720	2340	9.740	9950	/16842818//8448977/873110/9.62/9.93//2008-9-18 9:57:41
63/600100/同方股份/9.670	18946	9.650	8700	9.630	17000	9.620	17482	9.610	23115	9.700	13700	9.710	4210	9.720	1940	9.740	9950	9.760	500	/16842818//8534160/881948/9.67/9.93//2008-9-18 9:58:41
63/600100/同方股份/9.650	3946	9.640	20000	9.630	17000	9.620	22582	9.610	23015	9.700	7500	9.710	4210	9.720	1940	9.740	9950	9.760	500	/16842818//8935846/923464/9.7/9.93//2008-9-18 9:59:41
63/600100/同方股份/9.650	20646	9.640	20000	9.630	12000	9.620	22582	9.610	23015	9.680	700	9.700	2600	9.710	2210	9.720	1940	9.740	5750	/16842818//9410136/972564/9.65/9.93//2008-9-18 10:0:42
63/600100/同方股份/9.640	17796	9.630	11000	9.620	21582	9.610	22815	9.600	67900	9.680	2100	9.700	3900	9.710	2210	9.720	1940	9.740	5750	/16842818//9677628/1000284/9.64/9.93//2008-9-18 10:1:42
63/600100/同方股份/9.660	6500	9.650	50000	9.640	21796	9.630	11000	9.620	19582	9.700	8300	9.710	2210	9.720	1940	9.740	5750	9.760	1000	/16842818//9687625/1001314/9.66/9.68//2008-9-18 10:2:42
63/600100/同方股份/9.650	35000	9.640	18796	9.630	11000	9.620	22482	9.610	22815	9.660	6760	9.680	130	9.690	2880	9.700	9460	9.710	2210	/16842818//10070025/1040914/9.65/9.68//2008-9-18 10:3:42
63/600100/同方股份/9.630	7445	9.620	22482	9.610	15215	9.600	72400	9.580	21800	9.640	15000	9.650	21312	9.660	7087	9.680	1530	9.690	2100	/16842818//10878607/1124756/9.63/9.68//2008-9-18 10:4:43
63/600100/同方股份/9.630	41686	9.620	15900	9.610	15215	9.600	72400	9.580	21800	9.650	2090	9.660	4700	9.680	1330	9.690	100	9.700	9560	/16842818//11183995/1156424/9.63/9.68//2008-9-18 10:5:43
63/600100/同方股份/9.620	14900	9.610	18715	9.600	77200	9.580	21900	9.570	800	9.630	2614	9.650	3882	9.660	2100	9.680	1330	9.690	600	/16842818//11638451/1203610/9.63/9.68//2008-9-18 10:6:43
63/600100/同方股份/9.610	18235	9.600	27200	9.580	21300	9.570	800	9.560	500	9.620	18856	9.630	784	9.650	3882	9.660	2100	9.680	1330	/16842818//11919249/1232790/9.61/9.68//2008-9-18 10:7:44
63/600100/同方股份/9.580	2960	9.570	300	9.560	500	9.550	2200	9.530	100	9.620	800	9.630	784	9.650	3882	9.660	2100	9.680	1330	/16842818//13281481/1374665/9.58/9.68//2008-9-18 10:8:44
63/600100/同方股份/9.630	59910	9.620	16000	9.610	40599	9.600	3700	9.590	17800	9.650	2082	9.660	2100	9.680	1330	9.690	600	9.700	9560	/16842818//13573918/1405056/9.63/9.68//2008-9-18 10:9:44
63/600100/同方股份/9.660	400	9.650	13528	9.640	15000	9.630	98010	9.620	13300	9.680	1330	9.690	100	9.700	9760	9.710	2210	9.720	1340	/16842818//13618059/1409628/9.66/9.68//2008-9-18 10:10:44
63/600100/同方股份/9.680	10770	9.670	12000	9.660	12000	9.650	12528	9.640	65100	9.700	4160	9.710	2210	9.720	1340	9.750	2000	9.760	500	/16842818//13767637/1425058/9.68/9.68//2008-9-18 10:11:45
63/600100/同方股份/9.700	7256	9.690	300	9.680	10000	9.670	12000	9.660	10000	9.710	2000	9.720	1340	9.760	500	9.770	500	9.780	5200	/16842818//13765206/1424802/9.71/9.68//2008-9-18 10:12:45
63/600100/同方股份/9.690	2100	9.680	10000	9.670	12000	9.660	10000	9.650	5528	9.700	18344	9.720	1240	9.760	500	9.770	3100	9.780	5000	/16842818//13870531/1435658/9.7/9.68//2008-9-18 10:13:45
63/600100/同方股份/9.650	984	9.640	50100	9.630	95710	9.620	8300	9.610	1000	9.680	12710	9.700	4170	9.720	4240	9.760	500	9.770	3100	/16842818//14401456/1490502/9.65/9.68//2008-9-18 10:14:46
63/600100/同方股份/9.680	2490	9.660	70950	9.650	57284	9.640	50100	9.630	95710	9.700	4170	9.720	5640	9.760	1000	9.770	1100	9.780	5000	/16842818//14566586/1507562/9.68/9.68//2008-9-18 10:15:46
63/600100/同方股份/9.680	2450	9.670	200	9.660	70950	9.650	46284	9.640	50100	9.700	9020	9.720	4340	9.760	1900	9.770	1600	9.780	6000	/16842818//14738631/1525302/9.7/9.68//2008-9-18 10:16:46
63/600100/同方股份/9.710	10000	9.700	9150	9.680	2450	9.670	7900	9.660	70950	9.720	490	9.760	2310	9.770	1100	9.780	6000	9.790	6400	/16842818//14935188/1545552/9.72/9.68//2008-9-18 10:17:47
63/600100/同方股份/9.760	9100	9.720	3600	9.710	9800	9.700	9050	9.680	2100	9.780	30000	9.800	18570	9.820	2600	9.830	10000	9.840	1000	/16842818//15250295/1577752/9.8/9.68//2008-9-18 10:18:47
63/600100/同方股份/9.760	1660	9.720	3300	9.700	11050	9.680	2100	9.670	7900	9.780	7400	9.790	1360	9.800	18968	9.820	2600	9.830	10000	/16842818//15652286/1618892/9.78/9.68//2008-9-18 10:19:47
63/600100/同方股份/9.740	12000	9.730	40000	9.720	2500	9.700	7550	9.680	2600	9.760	16520	9.780	10600	9.790	2390	9.800	19766	9.820	2300	/16842818//15718262/1625652/9.76/9.68//2008-9-18 10:20:48
63/600100/同方股份/9.720	1700	9.700	7550	9.680	2600	9.670	7900	9.660	70950	9.740	400	9.750	1000	9.760	11020	9.780	10600	9.790	2390	/16842818//15758164/1629752/9.72/9.68//2008-9-18 10:21:48
63/600100/同方股份/9.740	300	9.730	3868	9.700	10400	9.680	2600	9.670	7900	9.750	600	9.760	10020	9.780	10600	9.790	3190	9.800	25366	/16842818//15883272/1642634/9.75/9.68//2008-9-18 10:22:48
63/600100/同方股份/9.730	17218	9.700	7200	9.680	1800	9.670	11600	9.660	70950	9.740	5900	9.750	4400	9.760	10020	9.780	6600	9.790	3290	/16842818//16234905/1678784/9.73/9.68//2008-9-18 10:23:48
63/600100/同方股份/9.730	11193	9.700	7300	9.680	2800	9.670	11600	9.660	177350	9.740	2900	9.750	4400	9.760	5680	9.780	6600	9.790	3490	/16842818//16322748/1687809/9.74/9.68//2008-9-18 10:24:49
63/600100/同方股份/9.710	3075	9.700	7000	9.680	2800	9.670	11600	9.660	177350	9.730	372	9.740	4900	9.750	4400	9.760	5680	9.780	6600	/16842818//16462999/1702227/9.73/9.68//2008-9-18 10:25:49
63/600100/同方股份/9.700	7500	9.680	4200	9.670	11600	9.660	177350	9.650	45984	9.710	3010	9.730	2972	9.740	4900	9.750	5300	9.760	5680	/16842818//16492857/1705302/9.71/9.68//2008-9-18 10:26:49
63/600100/同方股份/9.700	4475	9.680	3300	9.670	11600	9.660	177350	9.650	45984	9.710	2510	9.730	2972	9.740	4900	9.750	7000	9.760	5680	/16842818//16541605/1710327/9.7/9.68//2008-9-18 10:27:50
63/600100/同方股份/9.710	7315	9.700	400	9.680	4300	9.670	36800	9.660	177450	9.730	2472	9.740	4900	9.750	7000	9.760	5680	9.780	6600	/16842818//16643112/1720787/9.71/9.68//2008-9-18 10:28:50
63/600100/同方股份/9.700	400	9.680	2900	9.670	36700	9.660	177450	9.650	45984	9.710	39535	9.730	472	9.740	4900	9.750	7000	9.760	5680	/16842818//16829730/1740002/9.71/9.68//2008-9-18 10:29:50
63/600100/同方股份/9.700	744	9.680	2900	9.670	36700	9.660	177450	9.650	45984	9.710	1235	9.730	472	9.740	4900	9.750	7000	9.760	5680	/16842818//17214360/1779614/9.7/9.68//2008-9-18 10:30:51
63/600100/同方股份/9.680	1300	9.670	10509	9.660	177450	9.650	45984	9.640	100	9.700	2400	9.710	5000	9.730	200	9.740	4900	9.750	7000	/16842818//17571302/1816493/9.7/9.68//2008-9-18 10:31:51
63/600100/同方股份/9.650	30743	9.640	100	9.630	95210	9.620	4500	9.610	100	9.700	2400	9.710	5000	9.730	200	9.740	4900	9.750	7000	/16842818//18535376/1916293/9.65/9.68//2008-9-18 10:32:51
63/600100/同方股份/9.640	100	9.630	95210	9.620	4500	9.610	100	9.600	24900	9.650	1327	9.680	100	9.690	1000	9.700	2900	9.710	5000	/16842818//18833978/1947236/9.65/9.68//2008-9-18 10:33:52
63/600100/同方股份/9.630	94910	9.620	9500	9.610	5100	9.600	24900	9.590	7700	9.640	52637	9.650	10250	9.680	390	9.690	1000	9.700	1200	/16842818//19139678/1978936/9.64/9.68//2008-9-18 10:34:52
63/600100/同方股份/9.640	13863	9.630	90602	9.620	9500	9.610	28300	9.600	26300	9.680	390	9.690	1000	9.700	1460	9.710	5000	9.730	200	/16842818//19719432/2039081/9.64/9.68//2008-9-18 10:35:52
63/600100/同方股份/9.640	43803	9.630	90602	9.620	16300	9.610	28300	9.600	26300	9.680	100	9.700	850	9.710	5000	9.730	200	9.740	4900	/16842818//19741340/2041341/9.64/9.68//2008-9-18 10:36:53
63/600100/同方股份/9.680	3200	9.650	61920	9.640	94203	9.630	90602	9.620	16800	9.700	11590	9.710	5000	9.730	200	9.740	4600	9.750	5300	/16842818//19790368/2046421/9.65/9.68//2008-9-18 10:37:53
63/600100/同方股份/9.660	4060	9.650	63620	9.640	94203	9.630	90602	9.620	16800	9.690	468	9.700	11590	9.710	5000	9.730	200	9.740	4600	/16842818//19835270/2051061/9.66/9.68//2008-9-18 10:38:53
63/600100/同方股份/9.670	1300	9.660	31460	9.650	63620	9.640	92803	9.630	90602	9.700	7758	9.710	5000	9.730	200	9.740	4600	9.750	5300	/16842818//19944832/2062361/9.7/9.68//2008-9-18 10:39:54
63/600100/同方股份/9.670	20200	9.660	86160	9.650	59820	9.640	92803	9.630	90602	9.700	4558	9.710	5000	9.730	200	9.740	4600	9.750	7510	/16842818//19976812/2065661/9.7/9.68//2008-9-18 10:40:54
63/600100/同方股份/9.680	10000	9.670	20500	9.660	86160	9.650	59820	9.640	92503	9.700	1858	9.710	5000	9.730	600	9.740	4600	9.750	3510	/16842818//20022402/2070361/9.7/9.68//2008-9-18 10:41:54
63/600100/同方股份/9.700	9042	9.680	11900	9.670	20500	9.660	36160	9.650	10820	9.710	5000	9.730	600	9.740	4600	9.750	3510	9.760	5830	/16842818//20040426/2072219/9.7/9.68//2008-9-18 10:42:55
63/600100/同方股份/9.700	15070	9.680	11242	9.670	20500	9.660	35960	9.650	10820	9.710	5000	9.730	600	9.740	4600	9.750	3510	9.760	5830	/16842818//20191052/2087749/9.7/9.68//2008-9-18 10:43:55
63/600100/同方股份/9.670	200	9.660	28884	9.650	10820	9.640	13503	9.630	90602	9.680	1000	9.700	3480	9.710	13610	9.730	600	9.740	4600	/16842818//20805736/2151237/9.7/9.68//2008-9-18 10:44:56
63/600100/同方股份/9.660	10884	9.650	9720	9.640	13503	9.630	90602	9.620	7300	9.680	300	9.700	600	9.710	11480	9.730	600	9.740	4600	/16842818//21069814/2178537/9.68/9.68//2008-9-18 10:45:56
63/600100/同方股份/9.640	20000	9.630	18479	9.620	6300	9.610	28200	9.600	26600	9.660	32177	9.680	300	9.700	11400	9.710	10690	9.730	600	/16842818//22099264/2285367/9.66/9.68//2008-9-18 10:46:56
63/600100/同方股份/9.640	600	9.630	18479	9.620	6300	9.610	28200	9.600	26600	9.660	29977	9.680	300	9.700	8429	9.710	9690	9.730	600	/16842818//22288212/2304967/9.64/9.68//2008-9-18 10:47:57
63/600100/同方股份/9.600	11200	9.590	7900	9.580	3860	9.570	100	9.560	31000	9.620	1000	9.630	18179	9.640	13316	9.650	600	9.660	29977	/16842818//22952356/2374046/9.6/9.68//2008-9-18 10:48:57
63/600100/同方股份/9.590	7900	9.580	5860	9.570	21100	9.560	31000	9.550	24600	9.600	25830	9.610	600	9.620	53810	9.630	16059	9.640	7416	/16842818//23091576/2388546/9.6/9.68//2008-9-18 10:49:57
63/600100/同方股份/9.570	20970	9.560	10900	9.550	24100	9.530	600	9.520	6100	9.580	3340	9.600	1671	9.610	600	9.620	53810	9.630	16059	/16842818//23589480/2440436/9.57/9.68//2008-9-18 10:50:58
63/600100/同方股份/9.520	6100	9.510	44700	9.500	60777	9.490	1900	9.480	3900	9.530	1225	9.550	2180	9.570	20000	9.580	3900	9.600	1671	/16842818//24281534/2512806/9.53/9.68//2008-9-18 10:51:58
63/600100/同方股份/9.530	3575	9.520	28400	9.510	45000	9.500	58777	9.490	1900	9.550	1180	9.570	20000	9.600	1671	9.620	53680	9.630	14389	/16842818//24435204/2528931/9.53/9.68//2008-9-18 10:52:58
63/600100/同方股份/9.530	44055	9.520	26800	9.510	45000	9.500	60977	9.490	1900	9.550	770	9.570	20000	9.600	1671	9.620	53680	9.630	11919	/16842818//24629952/2549351/9.53/9.68//2008-9-18 10:53:59
63/600100/同方股份/9.550	128590	9.540	22200	9.530	111555	9.520	27400	9.510	45000	9.570	17470	9.620	53680	9.630	11919	9.640	7000	9.650	1250	/16842818//24686442/2555261/9.57/9.68//2008-9-18 10:54:59
63/600100/同方股份/9.580	30000	9.570	9530	9.560	37000	9.550	128590	9.540	11800	9.600	10500	9.620	51380	9.630	2900	9.640	7000	9.650	1250	/16842818//24875756/2575031/9.62/9.68//2008-9-18 10:56:0
63/600100/同方股份/9.580	6540	9.570	10030	9.560	33800	9.550	128990	9.540	11300	9.590	5700	9.600	16400	9.620	54625	9.630	3200	9.640	7000	/16842818//25144660/2603091/9.58/9.68//2008-9-18 10:57:0
63/600100/同方股份/9.570	7000	9.550	9226	9.540	11300	9.530	69055	9.520	26700	9.580	8560	9.590	3400	9.600	16400	9.620	54825	9.630	2550	/16842818//26986526/2795825/9.57/9.68//2008-9-18 10:58:0
63/600100/同方股份/9.550	8576	9.540	14300	9.530	25500	9.520	25900	9.510	52700	9.570	11890	9.580	9210	9.590	3400	9.600	18168	9.620	54825	/16842818//27112264/2808975/9.55/9.68//2008-9-18 10:59:1
63/600100/同方股份/9.550	5166	9.540	14300	9.530	25500	9.520	21500	9.510	52700	9.560	1730	9.570	9220	9.580	11210	9.590	3400	9.600	18868	/16842818//27153434/2813285/9.55/9.68//2008-9-18 11:0:1
63/600100/同方股份/9.530	8700	9.520	21700	9.510	52700	9.500	65577	9.490	2000	9.540	758	9.550	7138	9.560	130	9.570	9220	9.580	11210	/16842818//27503104/2849951/9.53/9.68//2008-9-18 11:1:2
63/600100/同方股份/9.520	9100	9.510	52700	9.500	63577	9.490	2000	9.480	10900	9.530	34700	9.540	200	9.550	4336	9.560	130	9.570	9220	/16842818//27860522/2887451/9.52/9.68//2008-9-18 11:2:2
63/600100/同方股份/9.520	4740	9.510	52858	9.500	62677	9.490	2000	9.480	11400	9.530	14800	9.550	3936	9.560	130	9.570	4220	9.580	11210	/16842818//28278638/2931353/9.52/9.68//2008-9-18 11:3:2
63/600100/同方股份/9.510	23208	9.500	63277	9.490	2000	9.480	11400	9.470	100	9.540	2000	9.550	3936	9.560	130	9.570	4090	9.580	650	/16842818//29193476/3027443/9.51/9.68//2008-9-18 11:4:3
63/600100/同方股份/9.530	2946	9.520	23300	9.510	16448	9.500	63277	9.490	2000	9.550	2436	9.560	130	9.570	4090	9.580	650	9.590	3400	/16842818//29342142/3043057/9.53/9.68//2008-9-18 11:5:3
63/600100/同方股份/9.550	1594	9.530	2800	9.520	26246	9.510	17448	9.500	59977	9.570	4090	9.580	650	9.590	3400	9.600	18200	9.620	56125	/16842818//29483288/3057863/9.55/9.68//2008-9-18 11:6:4
63/600100/同方股份/9.550	14523	9.530	6900	9.520	33246	9.510	17048	9.500	59277	9.570	3890	9.580	650	9.590	3400	9.600	18200	9.620	56125	/16842818//29534602/3063234/9.55/9.68//2008-9-18 11:7:4
63/600100/同方股份/9.580	28060	9.570	1100	9.560	5100	9.550	11523	9.530	6300	9.590	3400	9.600	18200	9.620	54625	9.630	300	9.640	7000	/16842818//29625238/3072714/9.58/9.68//2008-9-18 11:8:4
63/600100/同方股份/9.600	830	9.590	600	9.580	28060	9.570	1100	9.560	5100	9.620	54625	9.630	300	9.640	7000	9.650	1750	9.660	26277	/16842818//29886664/3099944/9.6/9.68//2008-9-18 11:9:5
63/600100/同方股份/9.580	28060	9.570	600	9.560	5000	9.550	11523	9.530	4600	9.590	1850	9.600	16020	9.620	54625	9.630	300	9.640	7000	/16842818//29925822/3104024/9.59/9.68//2008-9-18 11:10:5
63/600100/同方股份/9.580	20990	9.570	600	9.560	5000	9.550	11523	9.540	500	9.600	12488	9.620	54625	9.630	2300	9.640	7000	9.650	1750	/16842818//30028554/3114744/9.58/9.68//2008-9-18 11:11:6
63/600100/同方股份/9.570	600	9.560	5000	9.550	11523	9.540	500	9.530	3600	9.580	13486	9.590	500	9.600	12020	9.620	54625	9.630	2300	/16842818//30235388/3136334/9.58/9.68//2008-9-18 11:12:6
63/600100/同方股份/9.550	22113	9.540	500	9.530	3700	9.520	20746	9.510	17648	9.580	14696	9.600	20320	9.620	54625	9.630	300	9.640	7000	/16842818//30304340/3143544/9.58/9.68//2008-9-18 11:13:7
63/600100/同方股份/9.550	12213	9.540	500	9.530	4000	9.520	20746	9.510	17648	9.570	346	9.580	18726	9.600	10270	9.620	54625	9.630	300	/16842818//30418032/3155444/9.57/9.68//2008-9-18 11:14:7
63/600100/同方股份/9.550	54969	9.540	500	9.530	4000	9.520	22746	9.510	23048	9.570	346	9.580	18726	9.600	10270	9.620	54625	9.630	300	/16842818//30516816/3165788/9.55/9.68//2008-9-18 11:15:7
63/600100/同方股份/9.550	37819	9.530	9600	9.520	19446	9.510	17648	9.500	61177	9.570	346	9.580	17726	9.600	10270	9.620	54625	9.630	300	/16842818//30679658/3182838/9.57/9.68//2008-9-18 11:16:8
63/600100/同方股份/9.550	37373	9.530	9600	9.520	19446	9.510	19048	9.500	63177	9.560	9700	9.580	17726	9.600	10270	9.620	54625	9.630	300	/16842818//30731714/3188284/9.56/9.68//2008-9-18 11:17:8
63/600100/同方股份/9.550	1963	9.530	4200	9.520	19446	9.510	16948	9.500	63177	9.560	1300	9.580	13536	9.600	10270	9.620	54625	9.630	300	/16842818//31182686/3235494/9.55/9.68//2008-9-18 11:18:9
63/600100/同方股份/9.530	4000	9.520	24446	9.510	19748	9.500	63177	9.490	1900	9.550	49767	9.560	1600	9.580	13126	9.600	10270	9.620	54625	/16842818//31202390/3237557/9.55/9.68//2008-9-18 11:19:9
63/600100/同方股份/9.530	1200	9.520	26546	9.510	19748	9.500	63177	9.490	1900	9.550	28367	9.560	1600	9.580	13126	9.600	10270	9.620	54625	/16842818//31435350/3261957/9.55/9.68//2008-9-18 11:20:10
63/600100/同方股份/9.520	26986	9.510	19748	9.500	63177	9.490	21900	9.480	12400	9.530	4000	9.550	29765	9.560	1600	9.580	13086	9.600	1970	/16842818//31470218/3265617/9.53/9.68//2008-9-18 11:21:10
63/600100/同方股份/9.530	8300	9.520	386	9.510	20748	9.500	63177	9.490	21900	9.550	34476	9.560	200	9.580	13086	9.600	3140	9.620	54625	/16842818//31773946/3297517/9.53/9.68//2008-9-18 11:22:10
63/600100/同方股份/9.520	5280	9.510	234	9.500	63177	9.490	21900	9.480	12600	9.530	200	9.550	24476	9.580	13086	9.600	1170	9.620	54625	/16842818//32159870/3338037/9.52/9.68//2008-9-18 11:23:11
63/600100/同方股份/9.470	100	9.460	2500	9.450	110300	9.430	1300	9.410	6200	9.480	15500	9.500	34389	9.510	3500	9.520	2600	9.530	100	/16842818//33490858/3478228/9.48/9.68//2008-9-18 11:24:11
63/600100/同方股份/9.450	100868	9.430	1300	9.410	6200	9.400	9100	9.390	10000	9.470	2900	9.480	14400	9.490	10200	9.500	35889	9.510	4228	/16842818//33359626/3464460/9.45/9.68//2008-9-18 11:25:12
63/600100/同方股份/9.390	4696	9.380	800	9.370	600	9.360	2100	9.350	5500	9.400	104080	9.430	1600	9.450	116103	9.480	14100	9.490	12300	/16842818//34541464/3589632/9.39/9.68//2008-9-18 11:26:12
63/600100/同方股份/9.360	1100	9.350	6000	9.340	20900	9.330	8400	9.320	300	9.370	71350	9.380	9940	9.390	25030	9.400	1580	9.430	1600	/16842818//34715124/3608128/9.37/9.68//2008-9-18 11:27:13
63/600100/同方股份/9.340	20900	9.330	8400	9.320	300	9.310	5000	9.300	27400	9.350	9500	9.360	2329	9.370	50790	9.380	13800	9.390	20430	/16842818//35410112/3682328/9.35/9.68//2008-9-18 11:28:13
63/600100/同方股份/9.330	5574	9.320	10700	9.310	7200	9.300	36800	9.280	2400	9.340	16210	9.350	22850	9.360	9653	9.370	48710	9.380	13200	/16842818//35558844/3698254/9.34/9.68//2008-9-18 11:29:14
63/600100/同方股份/9.340	6390	9.330	7444	9.320	11700	9.310	12300	9.300	57500	9.350	22850	9.360	9653	9.370	45310	9.380	11200	9.390	10250	/16842818//35711460/3714594/9.34/9.68//2008-9-18 11:30:14
63/600100/同方股份/9.340	6390	9.330	7444	9.320	11700	9.310	12300	9.300	57500	9.350	22850	9.360	9653	9.370	45310	9.380	11200	9.390	10250	/16842818//35711460/3714594/9.34/9.68//2008-9-18 11:31:15
63/600100/同方股份/9.280	800	9.270	200	9.260	500	9.250	1800	9.230	200	9.300	26975	9.320	11900	9.340	14116	9.350	10025	9.360	7653	/16842818//37002288/3853228/9.28/9.68//2008-9-18 13:1:15
63/600100/同方股份/9.220	5000	9.210	27800	9.200	3000	9.190	10000	9.180	10100	9.230	8375	9.280	650	9.300	13850	9.320	11900	9.340	8310	/16842818//37096616/3863428/9.25/9.68//2008-9-18 13:2:16
63/600100/同方股份/9.230	3970	9.220	47705	9.210	15800	9.200	6300	9.190	10000	9.250	2600	9.280	5650	9.300	9850	9.310	2000	9.320	11900	/16842818//37472124/3904153/9.25/9.68//2008-9-18 13:3:16
63/600100/同方股份/9.320	24100	9.250	7200	9.240	14300	9.230	400	9.220	7405	9.340	11710	9.350	9975	9.360	7653	9.370	33310	9.380	4000	/16842818//38636016/4030023/9.34/9.68//2008-9-18 13:4:17
63/600100/同方股份/9.320	16450	9.280	1100	9.260	400	9.250	10100	9.240	15300	9.330	1600	9.340	11120	9.350	9975	9.360	7653	9.370	33310	/16842818//38715716/4038573/9.32/9.68//2008-9-18 13:5:17
63/600100/同方股份/9.250	6500	9.240	15300	9.230	400	9.220	8105	9.210	15800	9.320	6408	9.330	1100	9.340	10730	9.350	12645	9.360	7653	/16842818//38971240/4066023/9.25/9.68//2008-9-18 13:6:18
63/600100/同方股份/9.280	1000	9.260	2700	9.250	18000	9.240	15300	9.230	400	9.320	8638	9.330	1100	9.340	10730	9.350	12645	9.360	7653	/16842818//39035224/4072923/9.32/9.68//2008-9-18 13:7:18
63/600100/同方股份/9.290	500	9.280	9500	9.260	4000	9.250	21200	9.240	14300	9.320	12038	9.330	1100	9.340	10730	9.350	12645	9.360	7653	/16842818//39058504/4075423/9.32/9.68//2008-9-18 13:8:19
63/600100/同方股份/9.290	400	9.280	8670	9.260	5100	9.250	21200	9.240	14300	9.310	1100	9.320	10638	9.330	1100	9.340	10730	9.350	12645	/16842818//39081064/4077853/9.29/9.68//2008-9-18 13:9:19
63/600100/同方股份/9.300	13920	9.280	3000	9.260	10850	9.250	21200	9.240	14300	9.310	2600	9.320	12038	9.330	1100	9.340	10730	9.350	12645	/16842818//39549684/4128353/9.3/9.68//2008-9-18 13:10:20
63/600100/同方股份/9.300	10850	9.280	3400	9.270	200	9.260	10850	9.250	21700	9.310	200	9.320	11038	9.330	1100	9.340	10730	9.350	12645	/16842818//39661964/4140423/9.3/9.68//2008-9-18 13:11:20
63/600100/同方股份/9.280	3400	9.270	200	9.260	11450	9.250	21700	9.240	12300	9.300	1950	9.310	1200	9.320	11038	9.330	1100	9.340	10530	/16842818//39858668/4161573/9.3/9.68//2008-9-18 13:12:21
63/600100/同方股份/9.300	8641	9.270	7700	9.260	11750	9.250	21900	9.240	12300	9.310	1200	9.320	11038	9.330	1100	9.340	10530	9.350	3888	/16842818//39964228/4172932/9.3/9.68//2008-9-18 13:13:21
63/600100/同方股份/9.280	4849	9.270	7700	9.260	11750	9.250	21900	9.240	12300	9.300	18800	9.310	2100	9.320	10838	9.330	1100	9.340	10530	/16842818//40072948/4184624/9.28/9.68//2008-9-18 13:14:22
63/600100/同方股份/9.250	17319	9.240	12300	9.230	1000	9.220	18105	9.210	14900	9.270	500	9.280	3200	9.300	21636	9.310	2100	9.320	10838	/16842818//40411932/4221204/9.25/9.68//2008-9-18 13:15:22
63/600100/同方股份/9.250	7847	9.240	12300	9.230	1100	9.220	18105	9.210	14900	9.280	3200	9.300	18576	9.310	2100	9.320	10838	9.330	1100	/16842818//40498716/4230576/9.25/9.68//2008-9-18 13:16:23
63/600100/同方股份/9.250	2017	9.240	12500	9.230	3100	9.220	18105	9.210	14900	9.280	1200	9.290	500	9.300	10376	9.310	900	9.320	10838	/16842818//40705388/4252906/9.25/9.68//2008-9-18 13:17:23
63/600100/同方股份/9.250	17137	9.240	12500	9.230	6200	9.220	18105	9.210	14900	9.280	2530	9.290	500	9.300	10936	9.310	400	9.320	8438	/16842818//40819964/4265286/9.25/9.68//2008-9-18 13:18:24
63/600100/同方股份/9.300	12196	9.290	400	9.280	1200	9.260	1900	9.250	62517	9.320	8238	9.330	1100	9.340	10530	9.350	5208	9.360	7624	/16842818//41304312/4317410/9.32/9.68//2008-9-18 13:19:24
63/600100/同方股份/9.290	200	9.280	1200	9.260	2500	9.250	62017	9.240	12400	9.300	23404	9.310	650	9.320	8438	9.330	1100	9.340	10430	/16842818//41705108/4360506/9.3/9.68//2008-9-18 13:20:25
63/600100/同方股份/9.310	11612	9.300	10574	9.280	1200	9.260	5500	9.250	63517	9.330	900	9.340	10430	9.350	3688	9.360	624	9.370	14310	/16842818//42097008/4402620/9.33/9.68//2008-9-18 13:21:25
63/600100/同方股份/9.360	676	9.340	5622	9.330	2000	9.310	11612	9.300	2074	9.370	13810	9.380	2100	9.390	9350	9.400	3110	9.430	1300	/16842818//42596892/4456122/9.37/9.68//2008-9-18 13:22:26
63/600100/同方股份/9.370	1800	9.340	3252	9.310	11612	9.300	300	9.280	1200	9.380	34	9.390	9350	9.400	3110	9.430	1300	9.450	6500	/16842818//42872536/4485568/9.38/9.68//2008-9-18 13:23:26
63/600100/同方股份/9.380	15296	9.340	10252	9.320	1000	9.310	11612	9.300	5900	9.390	8850	9.400	3110	9.430	22200	9.450	6500	9.480	14992	/16842818//42907252/4489272/9.39/9.68//2008-9-18 13:24:27
63/600100/同方股份/9.390	5656	9.370	2500	9.340	4252	9.320	1000	9.310	11512	9.400	7790	9.420	1000	9.430	22200	9.450	7000	9.480	14992	/16842818//43192388/4519656/9.39/9.68//2008-9-18 13:25:27
63/600100/同方股份/9.390	3866	9.370	2500	9.340	4100	9.320	1600	9.310	11512	9.400	1220	9.410	300	9.420	9300	9.430	22200	9.450	6500	/16842818//43251136/4525902/9.4/9.68//2008-9-18 13:26:28
63/600100/同方股份/9.390	3866	9.380	100	9.340	4100	9.320	1600	9.310	11512	9.400	5159	9.420	4200	9.430	22200	9.450	6500	9.470	2000	/16842818//43446816/4546702/9.4/9.68//2008-9-18 13:27:28
63/600100/同方股份/9.340	1000	9.320	3600	9.310	11512	9.300	5900	9.280	1200	9.380	382	9.390	400	9.400	9959	9.420	26500	9.430	22200	/16842818//43498328/4552186/9.38/9.68//2008-9-18 13:28:29
63/600100/同方股份/9.350	200	9.340	1000	9.320	3600	9.300	6100	9.290	2000	9.400	800	9.420	1000	9.430	5941	9.450	8100	9.470	10400	/16842818//44026568/4608268/9.4/9.68//2008-9-18 13:29:29
63/600100/同方股份/9.350	1100	9.340	1000	9.320	3600	9.300	6100	9.290	3100	9.390	1000	9.420	1500	9.430	16841	9.450	3100	9.470	5100	/16842818//44050996/4610868/9.35/9.68//2008-9-18 13:30:30
63/600100/同方股份/9.400	8400	9.380	200	9.360	2000	9.350	2500	9.340	1000	9.420	6500	9.430	19541	9.450	3100	9.470	2900	9.480	14260	/16842818//44069788/4612868/9.4/9.68//2008-9-18 13:31:30
63/600100/同方股份/9.500	38110	9.480	4800	9.470	5400	9.460	100	9.450	800	9.510	728	9.520	2180	9.540	2000	9.550	21425	9.570	500	/16842818//44650128/4674199/9.5/9.68//2008-9-18 13:32:31
63/600100/同方股份/9.520	27692	9.510	1300	9.500	33310	9.480	6800	9.470	3600	9.550	17725	9.570	500	9.580	2276	9.590	100	9.600	4400	/16842818//44821744/4692207/9.55/9.68//2008-9-18 13:33:31
63/600100/同方股份/9.550	20375	9.540	700	9.530	400	9.520	26692	9.500	33410	9.570	500	9.580	2276	9.590	600	9.600	7800	9.620	6925	/16842818//45023468/4713332/9.55/9.68//2008-9-18 13:34:32
63/600100/同方股份/9.580	500	9.550	11675	9.540	700	9.530	100	9.520	26392	9.590	7085	9.600	1100	9.620	6925	9.630	2300	9.640	5000	/16842818//45387288/4751332/9.59/9.68//2008-9-18 13:35:32
63/600100/同方股份/9.500	800	9.480	4800	9.470	1400	9.450	500	9.420	200	9.540	4480	9.550	3600	9.580	800	9.590	21500	9.600	18425	/16842818//45977424/4812992/9.54/9.68//2008-9-18 13:36:33
63/600100/同方股份/9.550	100	9.520	200	9.500	4700	9.490	2000	9.480	4800	9.580	2000	9.590	22578	9.600	20825	9.620	6925	9.630	2500	/16842818//46115768/4827492/9.55/9.68//2008-9-18 13:37:34
63/600100/同方股份/9.530	700	9.520	4200	9.500	11700	9.480	4800	9.470	1000	9.550	8392	9.580	6700	9.590	23978	9.600	20825	9.620	6925	/16842818//46169240/4833092/9.55/9.68//2008-9-18 13:38:34
63/600100/同方股份/9.520	2000	9.500	600	9.480	4800	9.470	1000	9.450	8900	9.530	2000	9.540	400	9.550	6300	9.580	7200	9.590	24278	/16842818//46713264/4890292/9.55/9.68//2008-9-18 13:39:35
63/600100/同方股份/9.480	5300	9.470	1000	9.450	700	9.420	900	9.410	500	9.500	6600	9.520	2400	9.540	300	9.550	6800	9.580	9290	/16842818//46602948/4878692/9.5/9.68//2008-9-18 13:40:35
63/600100/同方股份/9.490	100	9.480	5330	9.470	1000	9.450	700	9.420	700	9.500	4600	9.520	2400	9.540	300	9.550	6800	9.580	7990	/16842818//46651104/4883762/9.5/9.68//2008-9-18 13:41:36
63/600100/同方股份/9.550	2810	9.530	100	9.520	2000	9.500	28600	9.490	600	9.580	5990	9.590	4278	9.600	23225	9.620	6925	9.630	2500	/16842818//46812884/4900752/9.55/9.68//2008-9-18 13:42:36
63/600100/同方股份/9.600	26407	9.580	4200	9.550	8210	9.520	1200	9.500	4600	9.620	6925	9.630	2500	9.650	1150	9.660	26277	9.680	2300	/16842818//47107376/4931445/9.6/9.68//2008-9-18 13:43:37
63/600100/同方股份/9.630	25500	9.620	500	9.600	25407	9.580	200	9.550	8710	9.650	13200	9.660	9784	9.680	2300	9.690	2868	9.700	15840	/16842818//47486480/4970745/9.65/9.68//2008-9-18 13:44:37
63/600100/同方股份/9.660	5416	9.650	7000	9.630	25500	9.620	500	9.600	25407	9.680	15660	9.700	11208	9.710	9490	9.720	1000	9.740	5000	/16842818//47967728/5020529/9.68/9.68//2008-9-18 13:45:38
63/600100/同方股份/9.650	4000	9.630	25500	9.620	500	9.600	25407	9.580	200	9.680	54040	9.690	19284	9.700	13508	9.710	9490	9.720	1100	/16842818//48393568/5064545/9.65/9.68//2008-9-18 13:46:39
63/600100/同方股份/9.580	200	9.550	2710	9.520	500	9.510	200	9.500	1100	9.600	24343	9.630	45400	9.650	25400	9.670	4000	9.680	52300	/16842818//48958284/5123252/9.6/9.68//2008-9-18 13:47:39
63/600100/同方股份/9.560	6000	9.550	3310	9.510	200	9.500	3100	9.470	1000	9.580	5900	9.620	2800	9.630	43143	9.650	24700	9.670	6000	/16842818//49347124/5163752/9.58/9.68//2008-9-18 13:48:40
63/600100/同方股份/9.580	1000	9.560	2600	9.550	2710	9.510	2500	9.500	1900	9.600	100	9.610	10000	9.620	2760	9.630	43533	9.650	24700	/16842818//49581808/5188252/9.6/9.68//2008-9-18 13:49:40
63/600100/同方股份/9.580	700	9.560	2400	9.550	2710	9.510	2500	9.500	2000	9.600	1000	9.610	10100	9.620	2670	9.630	46763	9.650	24700	/16842818//49596192/5189752/9.6/9.68//2008-9-18 13:50:41
63/600100/同方股份/9.510	4500	9.500	3500	9.470	1000	9.450	1500	9.410	800	9.560	45785	9.580	1300	9.590	1100	9.600	1500	9.620	2670	/16842818//49847604/5216062/9.56/9.68//2008-9-18 13:51:41
63/600100/同方股份/9.500	3500	9.480	1000	9.470	1000	9.450	1500	9.410	800	9.510	300	9.550	510	9.560	44585	9.580	1600	9.590	1100	/16842818//49914172/5223062/9.51/9.68//2008-9-18 13:52:42
63/600100/同方股份/9.510	7000	9.500	2100	9.480	1000	9.470	1000	9.460	100	9.550	1400	9.560	28595	9.570	191	9.580	1400	9.590	1100	/16842818//50400732/5274162/9.55/9.68//2008-9-18 13:53:42
63/600100/同方股份/9.510	4650	9.500	2800	9.480	1000	9.470	1000	9.460	100	9.540	200	9.550	18788	9.560	28595	9.570	191	9.580	300	/16842818//50434504/5277712/9.51/9.68//2008-9-18 13:54:43
63/600100/同方股份/9.510	500	9.500	2000	9.480	1000	9.470	1000	9.460	100	9.550	15938	9.560	28595	9.570	191	9.580	300	9.590	1100	/16842818//50535920/5288362/9.51/9.68//2008-9-18 13:55:44
63/600100/同方股份/9.520	21300	9.510	1600	9.500	2000	9.480	1000	9.470	1000	9.550	13438	9.560	28595	9.570	191	9.580	300	9.590	1100	/16842818//50538804/5288662/9.55/9.68//2008-9-18 13:56:44
63/600100/同方股份/9.510	1300	9.500	4000	9.480	1000	9.470	1000	9.460	100	9.520	5032	9.550	14438	9.560	29895	9.570	191	9.580	300	/16842818//50788224/5314862/9.52/9.68//2008-9-18 13:57:45
63/600100/同方股份/9.510	800	9.500	8268	9.480	1000	9.470	1000	9.460	48200	9.530	400	9.550	14238	9.560	29895	9.570	191	9.580	300	/16842818//50863708/5322794/9.53/9.68//2008-9-18 13:58:45
63/600100/同方股份/9.510	100	9.480	1000	9.470	1400	9.460	2100	9.450	1200	9.550	1000	9.560	2565	9.570	191	9.580	300	9.590	1100	/16842818//51904676/5431862/9.56/9.68//2008-9-18 13:59:46
63/600100/同方股份/9.500	9500	9.480	1100	9.470	1400	9.460	2100	9.450	1200	9.510	656	9.550	6980	9.560	15565	9.570	191	9.580	300	/16842818//51564104/5396262/9.5/9.68//2008-9-18 14:0:47
63/600100/同方股份/9.480	1000	9.470	1400	9.460	2100	9.450	1200	9.410	3500	9.490	9200	9.500	1346	9.550	8080	9.560	12565	9.570	191	/16842818//51889852/5430562/9.49/9.68//2008-9-18 14:1:47
63/600100/同方股份/9.470	1000	9.460	2100	9.450	11200	9.410	3500	9.400	10500	9.480	200	9.500	20000	9.550	7226	9.560	12565	9.580	300	/16842818//52101940/5452862/9.48/9.68//2008-9-18 14:2:48
63/600100/同方股份/9.500	1800	9.460	3100	9.450	11200	9.410	3600	9.400	10000	9.550	7226	9.560	11300	9.580	300	9.590	1200	9.600	100	/16842818//52156824/5458662/9.48/9.68//2008-9-18 14:3:48
63/600100/同方股份/9.400	13500	9.380	4000	9.360	1300	9.350	2100	9.330	1000	9.410	6000	9.450	5700	9.480	80	9.550	19216	9.560	11300	/16842818//52365628/5480762/9.41/9.68//2008-9-18 14:4:49
63/600100/同方股份/9.440	200	9.400	300	9.390	300	9.380	5400	9.360	1000	9.450	5700	9.480	600	9.550	20816	9.560	11300	9.580	300	/16842818//52680544/5514262/9.41/9.68//2008-9-18 14:5:50
63/600100/同方股份/9.450	200	9.420	8400	9.410	2400	9.400	11600	9.390	18400	9.480	600	9.550	21516	9.560	11300	9.580	300	9.590	1200	/16842818//52922468/5539962/9.45/9.68//2008-9-18 14:6:50
63/600100/同方股份/9.490	100	9.480	5800	9.460	16200	9.450	200	9.440	1500	9.500	300	9.540	2970	9.550	19226	9.560	11300	9.580	300	/16842818//52958684/5543762/9.54/9.68//2008-9-18 14:7:51
63/600100/同方股份/9.540	800	9.520	1000	9.510	10000	9.500	7100	9.490	6400	9.550	500	9.580	300	9.590	1200	9.600	10100	9.620	3170	/16842818//53290036/5578458/9.56/9.68//2008-9-18 14:8:51
63/600100/同方股份/9.580	100	9.520	1000	9.510	10000	9.500	4000	9.480	5900	9.590	9000	9.630	3200	9.650	26700	9.670	6000	9.680	800	/16842818//53671432/5618158/9.62/9.68//2008-9-18 14:9:52
63/600100/同方股份/9.590	100	9.580	100	9.530	400	9.520	1000	9.510	10000	9.650	26700	9.670	5000	9.680	800	9.690	19084	9.700	19912	/16842818//53923320/5644358/9.59/9.68//2008-9-18 14:10:53
63/600100/同方股份/9.590	100	9.580	100	9.530	400	9.520	2900	9.510	10000	9.650	16730	9.670	5000	9.680	2138	9.690	19084	9.700	19912	/16842818//54425688/5696458/9.65/9.68//2008-9-18 14:11:53
63/600100/同方股份/9.600	900	9.590	100	9.580	2100	9.530	1900	9.520	4500	9.610	27465	9.640	5890	9.650	18630	9.670	5000	9.680	2138	/16842818//54484560/5702658/9.61/9.68//2008-9-18 14:12:54
63/600100/同方股份/9.530	1900	9.520	4500	9.510	10000	9.500	4400	9.480	5500	9.580	747	9.610	26365	9.640	6890	9.650	19630	9.670	5000	/16842818//54560348/5710558/9.58/9.68//2008-9-18 14:13:55
63/600100/同方股份/9.600	4553	9.580	3500	9.540	1700	9.530	1900	9.520	11500	9.610	26365	9.630	10000	9.640	5090	9.650	19630	9.670	5500	/16842818//54602064/5714905/9.6/9.68//2008-9-18 14:14:55
63/600100/同方股份/9.600	3013	9.580	500	9.540	1700	9.530	1900	9.520	11500	9.610	14765	9.630	10000	9.640	4890	9.650	19630	9.670	5500	/16842818//54729284/5728145/9.6/9.68//2008-9-18 14:15:56
63/600100/同方股份/9.580	500	9.550	500	9.540	1700	9.530	1900	9.520	11100	9.600	1543	9.610	14265	9.620	300	9.630	10000	9.640	3200	/16842818//54765896/5731958/9.6/9.68//2008-9-18 14:16:56
63/600100/同方股份/9.620	1700	9.610	37362	9.600	4600	9.550	500	9.540	1700	9.630	10000	9.640	3200	9.650	19630	9.670	5500	9.680	3624	/16842818//54946860/5750796/9.62/9.68//2008-9-18 14:17:57
63/600100/同方股份/9.660	2000	9.650	35740	9.640	5100	9.630	200	9.620	6300	9.690	1300	9.700	6937	9.710	11090	9.720	1100	9.740	5000	/16842818//55345024/5792056/9.69/9.68//2008-9-18 14:18:58
63/600100/同方股份/9.730	1000	9.720	20800	9.710	21600	9.700	22463	9.690	5700	9.740	100	9.750	18250	9.760	6080	9.780	16100	9.790	3960	/16842818//55646428/5823083/9.74/9.68//2008-9-18 14:19:58
63/600100/同方股份/9.780	6720	9.770	500	9.760	46200	9.750	82050	9.740	11400	9.790	8460	9.800	23052	9.810	900	9.820	1000	9.830	10000	/16842818//56211140/5880913/9.79/9.68//2008-9-18 14:20:59
63/600100/同方股份/9.790	16780	9.780	21420	9.770	600	9.760	6800	9.750	61000	9.800	25212	9.830	12200	9.840	1300	9.850	8600	9.860	24300	/16842818//57766488/6039433/9.8/9.68//2008-9-18 14:22:0
63/600100/同方股份/9.780	12100	9.770	600	9.760	6800	9.750	61000	9.740	10400	9.810	4623	9.820	8512	9.830	260	9.840	100	9.850	8600	/16842818//58933328/6158513/9.81/9.68//2008-9-18 14:23:0
63/600100/同方股份/9.780	1800	9.770	500	9.760	9800	9.750	60200	9.740	10400	9.800	25312	9.810	500	9.820	9935	9.830	260	9.850	9600	/16842818//59615476/6228113/9.8/9.68//2008-9-18 14:24:1
63/600100/同方股份/9.760	13600	9.750	60400	9.740	10400	9.730	10900	9.720	15800	9.780	500	9.790	500	9.800	15112	9.810	1572	9.820	9935	/16842818//59931676/6260413/9.78/9.68//2008-9-18 14:25:2
63/600100/同方股份/9.790	2400	9.780	100	9.770	5000	9.760	12800	9.750	60400	9.800	5112	9.810	1572	9.820	9935	9.850	9800	9.860	24880	/16842818//60024588/6269913/9.79/9.68//2008-9-18 14:26:2
63/600100/同方股份/9.800	300	9.790	500	9.780	600	9.770	1000	9.760	13000	9.830	4000	9.850	12820	9.860	6499	9.880	6600	9.890	900	/16842818//60982304/6367613/9.8/9.68//2008-9-18 14:27:3
63/600100/同方股份/9.770	2000	9.760	9600	9.750	62400	9.740	10400	9.730	10900	9.780	4700	9.790	1000	9.800	12960	9.810	1000	9.820	26600	/16842818//61006788/6370113/9.77/9.68//2008-9-18 14:28:4
63/600100/同方股份/9.760	7650	9.750	61400	9.740	10400	9.730	11000	9.720	6000	9.770	2500	9.790	1500	9.800	8840	9.810	4000	9.820	15980	/16842818//61317476/6401863/9.78/9.68//2008-9-18 14:29:4
63/600100/同方股份/9.740	6603	9.730	11000	9.720	6000	9.710	1700	9.700	14863	9.750	23250	9.760	3299	9.780	300	9.790	11500	9.800	10840	/16842818//62136092/6485810/9.74/9.68//2008-9-18 14:30:5
63/600100/同方股份/9.710	33800	9.700	14663	9.680	10000	9.670	10200	9.660	400	9.720	3300	9.730	1897	9.740	3140	9.750	28650	9.760	299	/16842818//62414408/6514413/9.72/9.68//2008-9-18 14:31:6
63/600100/同方股份/9.720	6280	9.710	31500	9.700	16663	9.680	10000	9.670	10200	9.750	26947	9.760	299	9.780	3600	9.790	11500	9.800	14232	/16842818//62550776/6528433/9.72/9.68//2008-9-18 14:32:6
63/600100/同方股份/9.730	13600	9.720	7330	9.710	31500	9.700	18163	9.680	10000	9.750	24947	9.760	299	9.780	4200	9.790	11500	9.800	14832	/16842818//62644688/6538083/9.75/9.68//2008-9-18 14:33:7
63/600100/同方股份/9.760	5200	9.750	48453	9.730	9500	9.720	8700	9.710	12100	9.780	1699	9.790	10000	9.800	11032	9.810	200	9.820	20380	/16842818//62937780/6568130/9.78/9.68//2008-9-18 14:34:8
63/600100/同方股份/9.760	7201	9.750	48353	9.730	6800	9.720	5800	9.710	12800	9.780	4280	9.790	5900	9.800	11832	9.810	200	9.820	16800	/16842818//63074700/6582129/9.78/9.68//2008-9-18 14:35:8
63/600100/同方股份/9.790	19001	9.750	43353	9.730	7300	9.720	5800	9.710	12800	9.800	8820	9.810	10200	9.820	15600	9.830	2900	9.840	1120	/16842818//63289796/6604129/9.78/9.68//2008-9-18 14:36:9
63/600100/同方股份/9.760	400	9.750	33653	9.730	7100	9.720	7800	9.710	12800	9.780	2610	9.790	19899	9.800	13320	9.810	10200	9.820	11600	/16842818//63516932/6627330/9.79/9.68//2008-9-18 14:37:10
63/600100/同方股份/9.730	7100	9.720	5800	9.710	12800	9.700	19363	9.680	10000	9.750	22364	9.760	200	9.780	5250	9.790	19999	9.800	19420	/16842818//63845056/6660983/9.75/9.68//2008-9-18 14:38:10
63/600100/同方股份/9.700	7463	9.680	10000	9.670	10200	9.660	400	9.650	19940	9.710	100	9.720	2000	9.730	800	9.750	1000	9.760	1000	/16842818//64206332/6698183/9.7/9.68//2008-9-18 14:39:11
63/600100/同方股份/9.680	10200	9.670	10200	9.660	5600	9.650	19940	9.640	500	9.700	19956	9.710	80	9.720	2000	9.730	1800	9.750	1000	/16842818//64367192/6714746/9.7/9.68//2008-9-18 14:40:12
63/600100/同方股份/9.700	800	9.690	7600	9.680	3476	9.670	10200	9.660	6800	9.710	180	9.720	2000	9.730	2000	9.750	1000	9.760	1300	/16842818//64706656/6749770/9.7/9.68//2008-9-18 14:41:12
63/600100/同方股份/9.690	1000	9.680	4076	9.670	10200	9.660	7800	9.650	20340	9.700	4988	9.710	880	9.730	1600	9.750	1000	9.760	1300	/16842818//64778372/6757170/9.69/9.68//2008-9-18 14:42:13
63/600100/同方股份/9.690	15470	9.680	15176	9.670	10200	9.660	7800	9.650	20340	9.700	5468	9.710	880	9.730	1600	9.750	1000	9.760	1800	/16842818//64950164/6774900/9.69/9.68//2008-9-18 14:43:14
63/600100/同方股份/9.730	260	9.700	26132	9.690	10600	9.680	35176	9.670	10200	9.740	702	9.750	11000	9.760	1800	9.770	4000	9.780	10250	/16842818//65096404/6789968/9.73/9.68//2008-9-18 14:44:14
63/600100/同方股份/9.700	25032	9.690	10500	9.680	35276	9.670	10200	9.660	2600	9.730	1300	9.740	3500	9.750	9244	9.760	1800	9.780	10250	/16842818//65147076/6795168/9.74/9.68//2008-9-18 14:45:15
63/600100/同方股份/9.710	30168	9.690	10500	9.680	35276	9.670	10200	9.660	3500	9.720	100	9.730	2250	9.740	5700	9.750	12144	9.760	1800	/16842818//65888124/6871532/9.71/9.68//2008-9-18 14:46:16
63/600100/同方股份/9.700	36500	9.690	9980	9.680	15776	9.670	10200	9.660	8700	9.710	8900	9.720	2100	9.730	1950	9.740	5700	9.750	15736	/16842818//66276308/6911520/9.71/9.68//2008-9-18 14:47:16
63/600100/同方股份/9.690	3704	9.680	16776	9.670	10200	9.660	8700	9.650	20340	9.700	25612	9.710	5900	9.720	2600	9.730	4950	9.740	5900	/16842818//66943404/6980296/9.69/9.68//2008-9-18 14:48:17
63/600100/同方股份/9.690	9744	9.680	16676	9.670	10200	9.660	8700	9.650	20640	9.700	30412	9.710	8850	9.720	2600	9.730	5250	9.740	5900	/16842818//67098068/6996256/9.69/9.68//2008-9-18 14:49:18
63/600100/同方股份/9.680	16176	9.670	10200	9.660	3500	9.650	20640	9.640	500	9.690	6706	9.700	57422	9.710	8350	9.720	2600	9.730	5250	/16842818//67236136/7010500/9.69/9.68//2008-9-18 14:50:18
63/600100/同方股份/9.700	58440	9.690	9562	9.680	16176	9.670	10200	9.660	4000	9.710	8350	9.720	2600	9.730	5250	9.740	3200	9.750	16836	/16842818//68092352/7098798/9.7/9.68//2008-9-18 14:51:19
63/600100/同方股份/9.710	3630	9.700	51400	9.690	10462	9.680	22000	9.670	10200	9.720	2600	9.730	5250	9.740	3200	9.750	17716	9.760	2300	/16842818//0/0/9.71/9.68//2008-9-18 14:52:20
63/600100/同方股份/9.720	2700	9.710	9930	9.700	41400	9.690	11962	9.680	22000	9.730	5250	9.740	3200	9.750	17180	9.760	2300	9.770	6055	/16842818//68312928/7121518/9.71/9.68//2008-9-18 14:53:21
63/600100/同方股份/9.720	294	9.710	9430	9.700	43500	9.690	11962	9.680	22000	9.730	150	9.740	3590	9.750	24924	9.760	2300	9.770	16755	/16842818//68442376/7134824/9.73/9.68//2008-9-18 14:54:21
63/600100/同方股份/9.710	9330	9.700	43500	9.690	10462	9.680	22000	9.670	10200	9.730	17306	9.740	5090	9.750	24924	9.760	2000	9.770	16755	/16842818//68533744/7144218/9.71/9.68//2008-9-18 14:55:22
63/600100/同方股份/9.710	130	9.700	43700	9.690	10462	9.680	22000	9.670	10200	9.720	2200	9.730	9144	9.740	5090	9.750	31424	9.760	2200	/16842818//68684464/7159718/9.72/9.68//2008-9-18 14:56:23
63/600100/同方股份/9.710	13700	9.700	56680	9.690	10462	9.680	22000	9.670	10200	9.720	200	9.730	10236	9.740	7200	9.750	31924	9.760	2200	/16842818//69212944/7214168/9.72/9.68//2008-9-18 14:57:23
63/600100/同方股份/9.700	55180	9.690	10462	9.680	22000	9.670	10200	9.660	3200	9.710	37000	9.720	5438	9.730	15336	9.740	8000	9.750	42124	/16842818//69452872/7238868/9.71/9.68//2008-9-18 14:58:24
63/600100/同方股份/9.690	10262	9.680	21500	9.670	10200	9.660	1400	9.650	20540	9.700	11418	9.710	600	9.720	2500	9.730	10736	9.740	8000	/16842818//71306160/7429848/9.7/9.68//2008-9-18 14:59:25
63/600100/同方股份/9.700	13600	9.690	11962	9.680	21600	9.670	10200	9.660	1400	9.710	5618	9.720	5060	9.730	10236	9.740	11318	9.750	32680	/16842818//71581688/7458248/9.71/9.68//2008-9-18 15:0:26
63/600100/同方股份/9.700	13600	9.690	11962	9.680	21600	9.670	10200	9.660	1400	9.710	5618	9.720	5060	9.730	10236	9.740	11318	9.750	32680	/16842818//71581688/7458248/9.71/9.68//2008-9-18 15:1:26
63/600100/同方股份/9.700	13600	9.690	11962	9.680	21600	9.670	10200	9.660	1400	9.710	5618	9.720	5060	9.730	10236	9.740	11318	9.750	32680	/16842818//71581688/7458248/9.71/9.68//2008-9-18 15:2:27
