78/600116/三峡水利/4.550	5700	4.540	500	4.520	1000	4.510	1000	4.500	7400	4.560	6800	4.590	1500	4.600	3900	4.610	500	4.650	10000	/16842833//45816/10000/4.55/4.68//2008-9-18 9:31:34
78/600116/三峡水利/4.560	800	4.550	1101	4.540	500	4.520	1000	4.510	1500	4.590	1500	4.600	3900	4.610	500	4.650	10200	4.660	1000	/16842833//108238/23699/4.56/4.68//2008-9-18 9:32:35
78/600116/三峡水利/4.590	5500	4.560	3000	4.550	10801	4.540	500	4.510	1500	4.600	400	4.610	500	4.650	10200	4.660	1000	4.680	2000	/16842833//138526/30299/4.6/4.68//2008-9-18 9:33:35
78/600116/三峡水利/4.600	1700	4.590	3600	4.560	4700	4.550	11801	4.540	500	4.610	2500	4.640	2500	4.650	16200	4.660	1000	4.680	2000	/16842833//151847/33199/4.59/4.68//2008-9-18 9:34:35
78/600116/三峡水利/4.590	3600	4.580	1000	4.560	3500	4.550	11801	4.540	500	4.600	700	4.610	2500	4.640	4500	4.650	16200	4.660	1000	/16842833//160587/35099/4.6/4.68//2008-9-18 9:35:35
78/600116/三峡水利/4.560	3500	4.550	8301	4.540	1800	4.510	2500	4.500	9700	4.580	1300	4.590	5100	4.600	1500	4.610	2500	4.640	5000	/16842833//182151/39799/4.58/4.68//2008-9-18 9:36:36
78/600116/三峡水利/4.550	3333	4.540	1800	4.510	2500	4.500	10200	4.480	700	4.560	2000	4.570	700	4.580	3600	4.590	6600	4.600	2700	/16842833//219812/48067/4.55/4.68//2008-9-18 9:37:36
78/600116/三峡水利/4.540	1433	4.510	2500	4.500	10200	4.490	200	4.480	700	4.550	8000	4.560	2900	4.570	2400	4.580	5600	4.590	6600	/16842833//258483/56567/4.55/4.68//2008-9-18 9:38:36
78/600116/三峡水利/4.540	33	4.510	2500	4.500	10200	4.490	20200	4.480	700	4.550	2000	4.560	2900	4.570	2400	4.580	5600	4.590	6600	/16842833//292592/64067/4.54/4.68//2008-9-18 9:39:36
78/600116/三峡水利/4.510	7700	4.500	10200	4.490	21200	4.480	700	4.460	1000	4.540	2367	4.550	1500	4.560	2900	4.570	2400	4.580	5600	/16842833//333153/73000/4.54/4.68//2008-9-18 9:40:36
78/600116/三峡水利/4.520	1300	4.510	6700	4.500	10300	4.490	21200	4.480	700	4.540	1267	4.550	1500	4.560	2900	4.570	2400	4.580	5600	/16842833//357946/78500/4.52/4.68//2008-9-18 9:41:37
78/600116/三峡水利/4.500	1500	4.490	20200	4.480	700	4.460	1000	4.450	300	4.510	100	4.520	16300	4.540	2767	4.560	2900	4.570	2400	/16842833//460222/101200/4.5/4.68//2008-9-18 9:42:37
78/600116/三峡水利/4.510	12100	4.500	23600	4.490	20100	4.480	700	4.460	1000	4.520	14500	4.540	2167	4.560	2900	4.570	2400	4.580	5600	/16842833//484080/106500/4.5/4.68//2008-9-18 9:43:37
78/600116/三峡水利/4.500	46300	4.490	20600	4.480	3200	4.460	1000	4.450	300	4.510	10600	4.520	600	4.540	1167	4.550	3200	4.560	2900	/16842833//556708/122600/4.51/4.68//2008-9-18 9:44:37
78/600116/三峡水利/4.500	28200	4.490	20600	4.480	3200	4.460	1000	4.450	10500	4.510	1400	4.520	400	4.540	1167	4.550	3200	4.560	3100	/16842833//662925/146200/4.51/4.68//2008-9-18 9:45:37
78/600116/三峡水利/4.520	2500	4.510	3700	4.500	9800	4.490	21100	4.480	3700	4.540	1167	4.550	3200	4.560	3100	4.570	2400	4.580	5600	/16842833//671499/148100/4.52/4.68//2008-9-18 9:46:38
78/600116/三峡水利/4.510	2700	4.500	13600	4.490	21100	4.480	3700	4.460	1000	4.520	12200	4.540	5267	4.560	3100	4.570	2400	4.580	5600	/16842833//682799/150600/4.52/4.68//2008-9-18 9:47:38
78/600116/三峡水利/4.510	7400	4.500	17800	4.490	21100	4.480	3700	4.460	1000	4.520	3800	4.540	5267	4.560	5100	4.570	2400	4.580	5600	/16842833//707205/156000/4.52/4.68//2008-9-18 9:48:38
78/600116/三峡水利/4.500	18500	4.490	21100	4.480	3700	4.460	1000	4.450	12400	4.510	22500	4.520	7100	4.540	6219	4.560	5100	4.570	2400	/16842833//763080/168400/4.5/4.68//2008-9-18 9:49:39
78/600116/三峡水利/4.490	20600	4.480	3700	4.470	800	4.460	2000	4.450	12400	4.500	23800	4.520	7100	4.540	6219	4.560	5100	4.570	2400	/16842833//845892/186800/4.5/4.68//2008-9-18 9:50:39
78/600116/三峡水利/4.490	14700	4.480	3500	4.470	800	4.460	2500	4.450	36900	4.500	20100	4.520	7100	4.540	6219	4.560	5100	4.570	2400	/16842833//902503/199400/4.49/4.68//2008-9-18 9:51:39
78/600116/三峡水利/4.480	4800	4.470	800	4.460	2500	4.450	42600	4.440	700	4.490	7100	4.500	20600	4.520	7100	4.540	6219	4.550	1000	/16842833//1006205/222500/4.49/4.68//2008-9-18 9:52:39
78/600116/三峡水利/4.460	1000	4.450	28600	4.440	700	4.420	1200	4.410	2400	4.480	3200	4.490	7100	4.500	20600	4.520	6300	4.540	6219	/16842833//1115874/247100/4.45/4.68//2008-9-18 9:53:40
78/600116/三峡水利/4.420	400	4.410	2400	4.400	5900	4.380	2900	4.370	600	4.440	7300	4.450	50200	4.470	17000	4.480	600	4.490	5700	/16842833//1276598/283200/4.42/4.68//2008-9-18 9:54:40
78/600116/三峡水利/4.380	2300	4.370	600	4.360	600	4.330	1100	4.300	9800	4.400	600	4.410	400	4.420	8467	4.440	7300	4.450	7900	/16842833//1352798/300500/4.4/4.68//2008-9-18 9:55:40
78/600116/三峡水利/4.370	1200	4.360	900	4.350	2100	4.330	6100	4.310	500	4.380	14000	4.400	11500	4.410	5400	4.420	7167	4.440	7300	/16842833//1379959/306700/4.38/4.68//2008-9-18 9:56:41
78/600116/三峡水利/4.360	4000	4.350	200	4.330	6100	4.310	2200	4.300	12400	4.370	5700	4.380	14100	4.400	8600	4.410	5400	4.420	7167	/16842833//1458386/324700/4.37/4.68//2008-9-18 9:57:41
78/600116/三峡水利/4.330	6100	4.310	3300	4.300	12700	4.290	800	4.280	2400	4.350	700	4.360	3200	4.370	4700	4.380	12100	4.400	6400	/16842833//1498917/334000/4.35/4.68//2008-9-18 9:58:41
78/600116/三峡水利/4.350	1800	4.330	6100	4.320	2000	4.310	3300	4.300	7700	4.360	5700	4.370	4700	4.380	12100	4.400	6200	4.410	5400	/16842833//1540702/343600/4.36/4.68//2008-9-18 9:59:41
78/600116/三峡水利/4.330	8000	4.320	2000	4.310	2800	4.300	9200	4.290	800	4.340	1400	4.350	1367	4.360	5700	4.370	4700	4.380	12100	/16842833//1566348/349500/4.34/4.68//2008-9-18 10:0:42
78/600116/三峡水利/4.330	4300	4.320	2000	4.310	2800	4.300	9200	4.290	800	4.340	2000	4.350	1167	4.360	5700	4.370	4700	4.380	12100	/16842833//1604941/358400/4.34/4.68//2008-9-18 10:1:42
78/600116/三峡水利/4.330	13200	4.320	2000	4.310	2800	4.300	29400	4.290	1300	4.340	1600	4.350	867	4.360	5700	4.370	4700	4.380	8900	/16842833//1637039/365800/4.33/4.34//2008-9-18 10:2:42
78/600116/三峡水利/4.340	200	4.310	4000	4.300	7100	4.290	1300	4.280	5100	4.350	1067	4.360	5700	4.370	4700	4.380	8900	4.400	6400	/16842833//1793431/402100/4.34/4.34//2008-9-18 10:3:42
78/600116/三峡水利/4.300	24800	4.290	1300	4.280	5100	4.270	1000	4.260	1600	4.310	4300	4.340	16467	4.350	2800	4.360	5600	4.370	4700	/16842833//1836161/412000/4.3/4.34//2008-9-18 10:4:43
78/600116/三峡水利/4.290	1300	4.280	5100	4.270	1000	4.260	1600	4.250	15800	4.300	8200	4.310	1400	4.340	16467	4.350	2700	4.360	5600	/16842833//1949255/438300/4.3/4.34//2008-9-18 10:5:43
78/600116/三峡水利/4.270	1000	4.260	8600	4.250	16300	4.240	1000	4.230	1400	4.280	1600	4.290	4300	4.300	5400	4.310	500	4.330	500	/16842833//2043989/460400/4.28/4.34//2008-9-18 10:6:43
78/600116/三峡水利/4.260	53700	4.250	16300	4.240	1600	4.230	1400	4.220	7300	4.280	1100	4.300	12500	4.310	500	4.330	500	4.340	16967	/16842833//2108632/475500/4.28/4.34//2008-9-18 10:7:44
78/600116/三峡水利/4.270	10500	4.260	53300	4.250	16300	4.240	1600	4.230	2500	4.280	4000	4.290	2500	4.300	11700	4.310	500	4.330	500	/16842833//2126590/479700/4.28/4.34//2008-9-18 10:8:44
78/600116/三峡水利/4.260	29000	4.250	18300	4.240	1700	4.230	3000	4.220	7400	4.280	3300	4.290	2500	4.300	4400	4.310	500	4.330	500	/16842833//2301408/520700/4.26/4.34//2008-9-18 10:9:44
78/600116/三峡水利/4.290	4600	4.280	5600	4.270	15600	4.260	2700	4.250	16600	4.300	4400	4.310	500	4.330	500	4.340	16967	4.360	8600	/16842833//2345089/530900/4.29/4.34//2008-9-18 10:10:44
78/600116/三峡水利/4.300	13000	4.290	5900	4.280	9800	4.270	2600	4.260	2000	4.310	500	4.330	500	4.340	16967	4.350	500	4.360	8600	/16842833//2371302/537000/4.3/4.34//2008-9-18 10:11:45
78/600116/三峡水利/4.320	2000	4.300	12800	4.290	6300	4.280	11600	4.270	2600	4.330	900	4.340	16967	4.350	500	4.360	8600	4.370	300	/16842833//2386417/540500/4.33/4.34//2008-9-18 10:12:45
78/600116/三峡水利/4.310	1100	4.300	15900	4.290	6300	4.280	10400	4.270	2200	4.320	1700	4.330	1000	4.340	16967	4.350	500	4.360	8600	/16842833//2414487/547000/4.32/4.34//2008-9-18 10:13:45
78/600116/三峡水利/4.320	300	4.310	2100	4.300	17500	4.290	6300	4.280	20600	4.330	4700	4.340	16967	4.350	500	4.360	8600	4.370	900	/16842833//2423562/549100/4.32/4.34//2008-9-18 10:14:46
78/600116/三峡水利/4.330	1900	4.320	2400	4.310	1700	4.300	18000	4.290	6000	4.340	17267	4.350	500	4.360	8600	4.370	900	4.380	5700	/16842833//2490244/564500/4.33/4.34//2008-9-18 10:15:46
78/600116/三峡水利/4.320	2400	4.310	1700	4.300	18000	4.290	6000	4.280	22000	4.330	1300	4.340	16967	4.350	500	4.360	8600	4.370	900	/16842833//2503670/567600/4.33/4.34//2008-9-18 10:16:46
78/600116/三峡水利/4.310	1700	4.300	18100	4.290	6000	4.280	22400	4.270	500	4.340	16067	4.350	500	4.360	8600	4.370	900	4.380	5700	/16842833//2527454/573100/4.34/4.34//2008-9-18 10:17:47
78/600116/三峡水利/4.340	3900	4.310	1700	4.300	28300	4.290	6700	4.280	22500	4.350	3500	4.360	8600	4.370	900	4.380	7700	4.390	2000	/16842833//2552051/578800/4.34/4.34//2008-9-18 10:18:47
78/600116/三峡水利/4.340	1600	4.310	1800	4.300	28500	4.290	6700	4.280	22500	4.360	8600	4.370	900	4.380	7700	4.390	2000	4.400	3000	/16842833//2577258/584600/4.35/4.34//2008-9-18 10:19:47
78/600116/三峡水利/4.360	3000	4.350	4500	4.340	1600	4.330	200	4.310	9100	4.370	900	4.380	5700	4.390	2000	4.400	3000	4.410	400	/16842833//2618242/594000/4.36/4.34//2008-9-18 10:20:48
78/600116/三峡水利/4.360	500	4.350	2500	4.340	1600	4.330	200	4.310	9100	4.380	4600	4.390	2000	4.400	3000	4.410	3400	4.420	700	/16842833//2650983/601500/4.36/4.34//2008-9-18 10:21:48
78/600116/三峡水利/4.360	300	4.350	2500	4.340	1600	4.330	200	4.310	9100	4.380	4600	4.390	2300	4.400	6600	4.410	3400	4.420	700	/16842833//2676761/607400/4.38/4.34//2008-9-18 10:22:48
78/600116/三峡水利/4.350	2300	4.340	1600	4.330	200	4.310	9100	4.300	28200	4.360	1800	4.380	4900	4.390	2300	4.400	6600	4.410	3400	/16842833//2691161/610700/4.35/4.34//2008-9-18 10:23:48
78/600116/三峡水利/4.340	1600	4.330	700	4.310	9800	4.300	27500	4.290	6000	4.350	4500	4.360	1800	4.380	4400	4.390	2300	4.400	6400	/16842833//2702471/613300/4.35/4.34//2008-9-18 10:24:49
78/600116/三峡水利/4.350	300	4.340	1500	4.330	200	4.310	9800	4.300	27500	4.360	1200	4.380	4600	4.390	2300	4.400	6400	4.410	3400	/16842833//2742490/622500/4.35/4.34//2008-9-18 10:25:49
78/600116/三峡水利/4.310	3700	4.300	27500	4.290	6000	4.280	17500	4.270	1700	4.340	14500	4.360	2300	4.380	4600	4.390	2300	4.400	6400	/16842833//2776092/630300/4.31/4.34//2008-9-18 10:26:49
78/600116/三峡水利/4.300	28200	4.290	6000	4.280	17500	4.270	1700	4.260	17600	4.310	5200	4.340	13500	4.360	2300	4.380	4600	4.390	2300	/16842833//2795948/634900/4.31/4.34//2008-9-18 10:27:50
78/600116/三峡水利/4.300	26800	4.290	9000	4.280	21500	4.270	1700	4.260	18200	4.310	1400	4.340	13500	4.350	200	4.360	2300	4.380	4600	/16842833//2820926/640700/4.31/4.34//2008-9-18 10:28:50
78/600116/三峡水利/4.300	17700	4.290	9000	4.280	17000	4.270	1700	4.260	18500	4.340	13500	4.350	200	4.360	2300	4.380	4600	4.390	2300	/16842833//2912966/662100/4.3/4.34//2008-9-18 10:29:50
78/600116/三峡水利/4.300	34100	4.290	9500	4.280	17000	4.270	1700	4.260	18500	4.310	15100	4.340	13500	4.350	200	4.360	2300	4.380	4600	/16842833//2874263/653100/4.3/4.34//2008-9-18 10:30:51
78/600116/三峡水利/4.300	33700	4.290	9600	4.280	17300	4.270	6900	4.260	22800	4.310	8800	4.340	13500	4.350	200	4.360	2300	4.380	4600	/16842833//2906576/660600/4.31/4.34//2008-9-18 10:31:51
78/600116/三峡水利/4.300	33100	4.290	9600	4.280	17800	4.270	6900	4.260	23400	4.310	6000	4.340	13500	4.350	200	4.360	2300	4.380	4600	/16842833//2923374/664500/4.3/4.34//2008-9-18 10:32:51
78/600116/三峡水利/4.300	33600	4.290	9600	4.280	18700	4.270	6900	4.260	23400	4.310	6000	4.340	13500	4.350	200	4.360	2300	4.380	4600	/16842833//2925524/665000/4.3/4.34//2008-9-18 10:33:52
78/600116/三峡水利/4.300	35700	4.290	9600	4.280	18100	4.270	6900	4.260	23400	4.310	900	4.340	13500	4.350	200	4.360	2300	4.380	4700	/16842833//2962153/673500/4.31/4.34//2008-9-18 10:34:52
78/600116/三峡水利/4.310	700	4.300	46400	4.290	9600	4.280	19300	4.270	6900	4.340	100	4.350	18800	4.360	2300	4.380	4800	4.390	2300	/16842833//2953964/671600/4.31/4.34//2008-9-18 10:35:52
78/600116/三峡水利/4.300	47900	4.290	9600	4.280	19300	4.270	5900	4.260	24500	4.310	500	4.340	2100	4.350	18800	4.360	2300	4.380	4800	/16842833//2965601/674300/4.31/4.34//2008-9-18 10:36:53
78/600116/三峡水利/4.300	48400	4.290	9600	4.280	19300	4.270	9600	4.260	24500	4.310	2700	4.340	2100	4.350	18800	4.360	2300	4.380	4800	/16842833//2972066/675800/4.31/4.34//2008-9-18 10:37:53
78/600116/三峡水利/4.300	38300	4.290	9600	4.280	21100	4.270	9600	4.260	24500	4.310	500	4.340	2100	4.350	18800	4.360	2300	4.380	4800	/16842833//3025408/688200/4.3/4.34//2008-9-18 10:38:53
78/600116/三峡水利/4.300	46400	4.290	9600	4.280	21100	4.270	9600	4.260	24500	4.340	2100	4.350	18800	4.360	2300	4.380	4800	4.390	2300	/16842833//3027563/688700/4.31/4.34//2008-9-18 10:39:54
78/600116/三峡水利/4.310	700	4.300	46600	4.290	9600	4.280	21600	4.270	9800	4.330	200	4.340	2100	4.350	18800	4.360	2300	4.380	4800	/16842833//3028856/689000/4.31/4.34//2008-9-18 10:40:54
78/600116/三峡水利/4.300	56500	4.290	9600	4.280	21600	4.270	9800	4.260	24500	4.310	800	4.330	200	4.340	2100	4.350	18800	4.360	2300	/16842833//3032304/689800/4.31/4.34//2008-9-18 10:41:54
78/600116/三峡水利/4.300	56500	4.290	9600	4.280	21100	4.270	9800	4.260	24500	4.310	9000	4.330	200	4.340	2100	4.350	18800	4.360	2300	/16842833//3032304/689800/4.31/4.34//2008-9-18 10:42:55
78/600116/三峡水利/4.310	500	4.300	57800	4.290	9600	4.280	21100	4.270	9300	4.330	800	4.340	2100	4.350	18800	4.360	2300	4.380	5000	/16842833//3043941/692500/4.31/4.34//2008-9-18 10:43:55
78/600116/三峡水利/4.330	2800	4.310	2200	4.300	57100	4.290	9600	4.280	21100	4.340	2100	4.350	19400	4.360	1700	4.380	5000	4.390	2300	/16842833//3047828/693400/4.33/4.34//2008-9-18 10:44:56
78/600116/三峡水利/4.320	5000	4.310	1000	4.300	57100	4.290	9600	4.280	21100	4.330	7300	4.340	2100	4.350	19400	4.360	1700	4.380	5000	/16842833//3106203/706900/4.31/4.34//2008-9-18 10:45:56
78/600116/三峡水利/4.300	57000	4.290	9600	4.280	21100	4.270	9200	4.260	24500	4.310	2000	4.320	9000	4.330	10400	4.340	3000	4.350	19400	/16842833//3127793/711900/4.3/4.34//2008-9-18 10:46:56
78/600116/三峡水利/4.300	6200	4.290	9600	4.280	21100	4.270	9200	4.260	32700	4.320	1000	4.330	9400	4.340	3000	4.350	19400	4.360	1700	/16842833//3350538/763700/4.3/4.34//2008-9-18 10:47:57
78/600116/三峡水利/4.290	300	4.280	21100	4.270	8000	4.260	32100	4.250	13200	4.300	2900	4.310	600	4.330	13300	4.340	3000	4.350	19400	/16842833//3423115/780600/4.29/4.34//2008-9-18 10:48:57
78/600116/三峡水利/4.290	300	4.280	20200	4.270	7800	4.260	35100	4.250	13200	4.310	3300	4.320	3000	4.330	13300	4.340	3000	4.350	19400	/16842833//3430829/782400/4.29/4.34//2008-9-18 10:49:57
78/600116/三峡水利/4.280	19100	4.270	20500	4.260	35200	4.250	13300	4.240	1000	4.300	400	4.310	3300	4.320	3000	4.330	13300	4.340	3000	/16842833//3441972/785000/4.28/4.34//2008-9-18 10:50:58
78/600116/三峡水利/4.280	18500	4.270	20500	4.260	32700	4.250	13200	4.240	1000	4.290	2600	4.300	900	4.310	3300	4.320	3000	4.330	13300	/16842833//3445396/785800/4.28/4.34//2008-9-18 10:51:58
78/600116/三峡水利/4.280	16600	4.270	20500	4.260	32700	4.250	13400	4.240	1000	4.290	2300	4.300	500	4.310	3300	4.320	3000	4.330	13300	/16842833//3458239/788800/4.28/4.34//2008-9-18 10:52:58
78/600116/三峡水利/4.280	16100	4.270	20500	4.260	29700	4.250	13400	4.240	1000	4.290	600	4.300	500	4.310	3300	4.320	3000	4.330	9400	/16842833//3456528/788400/4.29/4.34//2008-9-18 10:53:59
78/600116/三峡水利/4.280	12100	4.270	22900	4.260	31200	4.250	13900	4.240	400	4.290	1500	4.300	500	4.310	3300	4.320	3000	4.330	9400	/16842833//3482238/794400/4.28/4.34//2008-9-18 10:54:59
78/600116/三峡水利/4.280	12600	4.270	22900	4.260	31200	4.250	13900	4.240	400	4.300	1600	4.310	5300	4.320	3000	4.330	9400	4.340	2100	/16842833//3488673/795900/4.29/4.34//2008-9-18 10:56:0
78/600116/三峡水利/4.280	11500	4.270	22900	4.260	31200	4.250	14000	4.240	400	4.300	400	4.310	5300	4.320	3000	4.330	9400	4.340	2100	/16842833//3498541/798200/4.28/4.34//2008-9-18 10:57:0
78/600116/三峡水利/4.300	100	4.280	12100	4.270	22900	4.260	31200	4.250	14000	4.310	5300	4.320	3000	4.330	9500	4.340	2100	4.350	19400	/16842833//3501973/799000/4.3/4.34//2008-9-18 10:58:0
78/600116/三峡水利/4.280	12700	4.270	22900	4.260	31200	4.250	14000	4.240	400	4.300	6100	4.310	5300	4.320	3000	4.330	9500	4.340	3100	/16842833//3505403/799800/4.3/4.34//2008-9-18 10:59:1
78/600116/三峡水利/4.280	12400	4.270	22900	4.260	31300	4.250	14000	4.240	400	4.300	8400	4.310	5300	4.320	3000	4.330	9500	4.340	3100	/16842833//3506687/800100/4.28/4.34//2008-9-18 11:0:1
78/600116/三峡水利/4.280	8100	4.270	22900	4.260	31500	4.250	25800	4.240	400	4.300	7900	4.310	5300	4.320	3000	4.330	9500	4.340	3100	/16842833//3529384/805400/4.28/4.34//2008-9-18 11:1:2
78/600116/三峡水利/4.280	5800	4.270	22900	4.260	31500	4.250	25900	4.240	400	4.290	1000	4.300	26500	4.310	5300	4.320	3000	4.330	9500	/16842833//3547790/809700/4.28/4.34//2008-9-18 11:2:2
78/600116/三峡水利/4.270	22900	4.260	29800	4.250	33400	4.240	400	4.230	36000	4.280	3200	4.290	2600	4.300	26500	4.310	5300	4.320	3000	/16842833//3564481/813600/4.28/4.34//2008-9-18 11:3:2
78/600116/三峡水利/4.280	600	4.270	22900	4.260	29800	4.250	38900	4.240	400	4.290	1000	4.300	26500	4.310	5300	4.330	6400	4.340	3100	/16842833//3579889/817200/4.28/4.34//2008-9-18 11:4:3
78/600116/三峡水利/4.280	3000	4.270	23400	4.260	29700	4.250	38700	4.240	400	4.290	1300	4.300	25500	4.310	5300	4.330	6400	4.340	3100	/16842833//3591901/820000/4.29/4.34//2008-9-18 11:5:3
78/600116/三峡水利/4.290	1100	4.280	1400	4.270	23400	4.260	29700	4.250	39500	4.300	25500	4.310	5300	4.330	400	4.340	3100	4.350	200	/16842833//3606052/823300/4.29/4.34//2008-9-18 11:6:4
78/600116/三峡水利/4.290	700	4.280	11400	4.270	23400	4.260	29700	4.250	39400	4.300	25500	4.310	5300	4.330	400	4.340	3100	4.350	200	/16842833//3603484/822700/4.3/4.34//2008-9-18 11:7:4
78/600116/三峡水利/4.290	4900	4.280	19700	4.270	23400	4.260	29700	4.250	39400	4.300	25400	4.310	5300	4.330	400	4.340	3100	4.350	200	/16842833//3608643/823900/4.3/4.34//2008-9-18 11:8:4
78/600116/三峡水利/4.290	6700	4.280	19700	4.270	23400	4.260	29700	4.250	41400	4.300	23600	4.310	5300	4.330	400	4.340	3100	4.350	200	/16842833//3612083/824700/4.3/4.34//2008-9-18 11:9:5
78/600116/三峡水利/4.290	4300	4.280	18700	4.270	23400	4.260	29700	4.250	36000	4.300	15900	4.310	5300	4.330	400	4.340	3100	4.350	200	/16842833//3660649/836000/4.3/4.34//2008-9-18 11:10:5
78/600116/三峡水利/4.290	3400	4.280	18700	4.270	10700	4.260	29700	4.250	36000	4.300	15900	4.310	5300	4.330	400	4.340	1100	4.350	200	/16842833//3668800/837900/4.29/4.34//2008-9-18 11:11:6
78/600116/三峡水利/4.290	7400	4.280	18700	4.270	11600	4.260	29700	4.250	36000	4.300	9200	4.310	5300	4.330	400	4.340	1100	4.350	200	/16842833//3710480/847600/4.29/4.34//2008-9-18 11:12:6
78/600116/三峡水利/4.290	3400	4.280	19200	4.270	11600	4.260	29700	4.250	24200	4.300	4800	4.310	6300	4.330	400	4.340	1100	4.350	200	/16842833//3727640/851600/4.29/4.34//2008-9-18 11:13:7
78/600116/三峡水利/4.290	4400	4.280	19200	4.270	11600	4.260	29700	4.250	24200	4.300	4800	4.310	6300	4.330	400	4.340	1100	4.350	200	/16842833//3727640/851600/4.29/4.34//2008-9-18 11:14:7
78/600116/三峡水利/4.280	21900	4.270	8900	4.260	29700	4.250	24200	4.240	2900	4.290	1700	4.300	3800	4.310	13700	4.330	400	4.340	1100	/16842833//3755106/858000/4.29/4.34//2008-9-18 11:15:7
78/600116/三峡水利/4.280	21900	4.270	8900	4.260	29700	4.250	24200	4.240	2900	4.290	1600	4.300	3800	4.310	13700	4.330	400	4.340	1100	/16842833//3755535/858100/4.29/4.34//2008-9-18 11:16:8
78/600116/三峡水利/4.280	21900	4.270	8900	4.260	29700	4.250	24300	4.240	2900	4.290	800	4.300	8900	4.310	13700	4.330	400	4.340	1100	/16842833//3758967/858900/4.29/4.34//2008-9-18 11:17:8
78/600116/三峡水利/4.280	11800	4.270	8900	4.260	29200	4.250	24300	4.240	2900	4.290	200	4.300	6200	4.310	13700	4.330	400	4.340	1100	/16842833//3804769/869600/4.29/4.34//2008-9-18 11:18:9
78/600116/三峡水利/4.280	5600	4.270	9800	4.260	29200	4.250	30800	4.240	2900	4.290	300	4.300	6200	4.310	13700	4.330	400	4.340	1100	/16842833//3841159/878100/4.28/4.34//2008-9-18 11:19:9
78/600116/三峡水利/4.280	4800	4.270	9500	4.260	30300	4.250	30800	4.240	2900	4.290	300	4.300	6200	4.310	11700	4.330	400	4.340	1100	/16842833//3849719/880100/4.28/4.34//2008-9-18 11:20:10
78/600116/三峡水利/4.280	4800	4.270	9800	4.260	30300	4.250	31300	4.240	3000	4.300	5280	4.310	11700	4.330	400	4.340	1100	4.350	200	/16842833//3858746/882200/4.3/4.34//2008-9-18 11:21:10
78/600116/三峡水利/4.280	3700	4.270	10800	4.260	32300	4.250	31500	4.240	3000	4.290	1000	4.300	5280	4.310	11700	4.330	400	4.340	1100	/16842833//3884904/888300/4.28/4.34//2008-9-18 11:22:10
78/600116/三峡水利/4.280	3100	4.270	10800	4.260	32800	4.250	31500	4.240	3000	4.290	1000	4.300	7480	4.310	11700	4.330	400	4.340	1100	/16842833//3887472/888900/4.28/4.34//2008-9-18 11:23:11
78/600116/三峡水利/4.290	600	4.280	1500	4.270	10200	4.260	32800	4.250	36700	4.300	9480	4.310	11700	4.330	400	4.340	1100	4.350	200	/16842833//3904174/892800/4.29/4.34//2008-9-18 11:24:11
78/600116/三峡水利/4.280	1200	4.270	10200	4.260	32900	4.250	36700	4.240	3000	4.290	500	4.300	7280	4.310	10700	4.330	400	4.340	1100	/16842833//3915742/895500/4.29/4.34//2008-9-18 11:25:12
78/600116/三峡水利/4.270	10200	4.260	32900	4.250	36700	4.240	3000	4.230	36000	4.280	5500	4.290	500	4.300	7280	4.310	10700	4.330	400	/16842833//3924727/897600/4.28/4.34//2008-9-18 11:26:12
78/600116/三峡水利/4.270	7600	4.260	32900	4.250	36800	4.240	3000	4.230	36000	4.280	8500	4.290	500	4.300	37280	4.310	10700	4.330	400	/16842833//3930693/899000/4.27/4.34//2008-9-18 11:27:13
78/600116/三峡水利/4.260	32900	4.250	36800	4.240	3000	4.230	36000	4.220	21300	4.270	5800	4.280	3200	4.290	500	4.300	37280	4.310	10700	/16842833//3963582/906700/4.27/4.34//2008-9-18 11:28:13
78/600116/三峡水利/4.260	30500	4.250	37300	4.240	3000	4.230	36000	4.220	21300	4.270	5900	4.280	2100	4.290	500	4.300	37280	4.310	10700	/16842833//3973806/909100/4.26/4.34//2008-9-18 11:29:14
78/600116/三峡水利/4.260	30800	4.250	36800	4.240	3000	4.230	36000	4.220	10300	4.270	3400	4.280	2400	4.290	500	4.300	37280	4.310	10700	/16842833//3974658/909300/4.26/4.34//2008-9-18 11:30:14
78/600116/三峡水利/4.260	30800	4.250	36800	4.240	3000	4.230	36000	4.220	10300	4.270	3400	4.280	2400	4.290	500	4.300	37280	4.310	10700	/16842833//3974658/909300/4.26/4.34//2008-9-18 11:31:15
78/600116/三峡水利/4.270	3100	4.260	13400	4.250	28900	4.240	500	4.230	37600	4.280	100	4.290	12900	4.300	40380	4.310	10700	4.330	400	/16842833//4105519/940000/4.27/4.34//2008-9-18 13:1:15
78/600116/三峡水利/4.270	700	4.260	13400	4.250	28900	4.240	1800	4.230	37600	4.280	1100	4.290	12900	4.300	40380	4.310	10700	4.330	400	/16842833//4119610/943300/4.27/4.34//2008-9-18 13:2:16
78/600116/三峡水利/4.260	12900	4.250	28900	4.240	1800	4.230	37600	4.220	13100	4.270	29300	4.280	1100	4.290	12900	4.300	41880	4.310	10700	/16842833//4120886/943600/4.26/4.34//2008-9-18 13:3:16
78/600116/三峡水利/4.250	27700	4.240	1800	4.230	37600	4.220	13600	4.210	21400	4.260	6600	4.270	26800	4.280	1100	4.290	12900	4.300	42080	/16842833//4185200/958700/4.25/4.34//2008-9-18 13:4:17
78/600116/三峡水利/4.250	27600	4.240	1900	4.230	37500	4.220	14000	4.210	21400	4.260	6600	4.270	25800	4.280	1100	4.290	12900	4.300	42080	/16842833//4189875/959800/4.25/4.34//2008-9-18 13:5:17
78/600116/三峡水利/4.250	20300	4.240	1900	4.230	37500	4.220	14000	4.210	21500	4.260	15700	4.270	20800	4.280	1100	4.290	12900	4.300	42080	/16842833//4226434/968400/4.25/4.34//2008-9-18 13:6:18
78/600116/三峡水利/4.250	18700	4.240	1900	4.230	37500	4.220	14200	4.210	21500	4.260	15700	4.270	20800	4.280	1100	4.290	12900	4.300	42080	/16842833//4232809/969900/4.25/4.34//2008-9-18 13:7:18
78/600116/三峡水利/4.230	37500	4.220	14200	4.210	27700	0.000	0	0.000	0	4.240	400	4.250	1071	4.260	15700	4.270	800	4.280	1100	/16842833//4329682/992700/4.24/4.34//2008-9-18 13:8:19
78/600116/三峡水利/4.240	7529	4.230	37900	4.220	14100	4.210	30400	0.000	0	4.250	1400	4.260	15700	4.270	800	4.280	1100	4.290	12800	/16842833//4347781/996971/4.24/4.34//2008-9-18 13:9:19
78/600116/三峡水利/4.240	1729	4.230	37900	4.220	14100	4.210	31200	0.000	0	4.250	300	4.260	15700	4.270	800	4.280	1100	4.290	12800	/16842833//4404615/1010371/4.24/4.34//2008-9-18 13:10:20
78/600116/三峡水利/4.240	1729	4.230	37900	4.220	14900	4.210	33800	0.000	0	4.250	7900	4.260	15700	4.270	800	4.280	1100	4.290	12800	/16842833//4383848/1005471/4.25/4.34//2008-9-18 13:11:20
78/600116/三峡水利/4.240	29	4.230	37700	4.220	14900	4.210	38200	0.000	0	4.250	7600	4.260	5700	4.270	800	4.280	1100	4.290	2800	/16842833//4395723/1008271/4.24/4.34//2008-9-18 13:12:21
78/600116/三峡水利/4.230	33529	4.220	16600	4.210	39200	0.000	0	0.000	0	4.240	1100	4.250	6900	4.260	5700	4.270	800	4.280	1100	/16842833//4415605/1012971/4.23/4.34//2008-9-18 13:13:21
78/600116/三峡水利/4.230	31630	4.220	16300	4.210	37800	0.000	0	0.000	0	4.250	900	4.260	5700	4.270	800	4.280	1100	4.290	600	/16842833//4426602/1015570/4.23/4.34//2008-9-18 13:14:22
78/600116/三峡水利/4.230	28530	4.220	16800	4.210	38200	0.000	0	0.000	0	4.240	6000	4.250	900	4.260	5700	4.270	800	4.280	1100	/16842833//4439715/1018670/4.23/4.34//2008-9-18 13:15:22
78/600116/三峡水利/4.230	19530	4.220	14800	4.210	43100	0.000	0	0.000	0	4.240	16000	4.250	3300	4.260	5700	4.270	800	4.280	1100	/16842833//4479477/1028070/4.23/4.34//2008-9-18 13:16:23
78/600116/三峡水利/4.230	3830	4.220	14800	4.210	43100	0.000	0	0.000	0	4.240	18500	4.250	3300	4.260	5700	4.270	800	4.280	1100	/16842833//4544196/1043370/4.23/4.34//2008-9-18 13:17:23
78/600116/三峡水利/4.230	4700	4.220	13300	4.210	43900	0.000	0	0.000	0	4.240	13800	4.250	3300	4.260	5700	4.270	800	4.280	1100	/16842833//4589034/1053970/4.23/4.34//2008-9-18 13:18:24
78/600116/三峡水利/4.230	8200	4.220	12900	4.210	38700	0.000	0	0.000	0	4.240	13100	4.250	3300	4.260	5700	4.270	800	4.280	1100	/16842833//4594120/1055170/4.24/4.34//2008-9-18 13:19:24
78/600116/三峡水利/4.220	13400	4.210	37700	0.000	0	0.000	0	0.000	0	4.230	11200	4.240	15100	4.250	3300	4.260	5700	4.270	5800	/16842833//4652021/1068870/4.22/4.34//2008-9-18 13:20:25
78/600116/三峡水利/4.220	5100	4.210	38600	0.000	0	0.000	0	0.000	0	4.230	14600	4.240	15100	4.250	3300	4.260	5700	4.270	5800	/16842833//4711571/1082970/4.22/4.34//2008-9-18 13:21:25
78/600116/三峡水利/4.220	300	4.210	38600	0.000	0	0.000	0	0.000	0	4.230	100	4.240	15100	4.250	3300	4.260	5700	4.270	5800	/16842833//4820181/1108670/4.23/4.34//2008-9-18 13:22:26
78/600116/三峡水利/4.210	39000	0.000	0	0.000	0	0.000	0	0.000	0	4.220	700	4.240	15100	4.250	3300	4.260	5700	4.270	5800	/16842833//4823981/1109570/4.22/4.34//2008-9-18 13:23:26
78/600116/三峡水利/4.220	1200	4.210	31896	0.000	0	0.000	0	0.000	0	4.240	3600	4.250	3300	4.260	5700	4.270	5800	4.280	1100	/16842833//4881699/1123274/4.22/4.34//2008-9-18 13:24:27
78/600116/三峡水利/4.240	7560	4.230	300	4.220	8700	4.210	34496	0.000	0	4.250	3300	4.260	7700	4.270	5800	4.280	1100	4.290	600	/16842833//4897979/1127114/4.24/4.34//2008-9-18 13:25:27
78/600116/三峡水利/4.250	1000	4.240	5060	4.220	7900	4.210	35596	0.000	0	4.260	4400	4.270	5800	4.280	1100	4.290	600	4.300	41280	/16842833//4932422/1135214/4.26/4.34//2008-9-18 13:26:28
78/600116/三峡水利/4.250	3800	4.240	5760	4.230	500	4.220	8800	4.210	35096	4.260	4400	4.270	5800	4.280	1100	4.290	600	4.300	41280	/16842833//4946447/1138514/4.25/4.34//2008-9-18 13:27:28
78/600116/三峡水利/4.260	2550	4.250	5800	4.240	8260	4.230	500	4.220	11200	4.270	800	4.280	1300	4.290	20600	4.300	41280	4.310	10700	/16842833//4966256/1143164/4.26/4.34//2008-9-18 13:28:29
78/600116/三峡水利/4.260	250	4.250	5800	4.240	8260	4.230	600	4.220	11200	4.270	5500	4.280	1300	4.290	20700	4.300	41280	4.310	10700	/16842833//4997407/1150464/4.27/4.34//2008-9-18 13:29:29
78/600116/三峡水利/4.250	3800	4.240	8260	4.230	1700	4.220	11900	4.210	34096	4.260	5250	4.270	5000	4.280	2300	4.290	20700	4.300	41280	/16842833//4996764/1150314/4.26/4.34//2008-9-18 13:30:30
78/600116/三峡水利/4.250	4800	4.240	8260	4.230	1700	4.220	12300	4.210	34096	4.260	1050	4.270	5000	4.280	2300	4.290	20600	4.300	38180	/16842833//5016781/1155014/4.26/4.34//2008-9-18 13:31:30
78/600116/三峡水利/4.260	2950	4.250	4900	4.240	8260	4.230	1700	4.220	12300	4.270	4800	4.280	2300	4.290	20600	4.300	38180	4.310	10700	/16842833//5022108/1156264/4.27/4.34//2008-9-18 13:32:31
78/600116/三峡水利/4.270	6400	4.260	500	4.250	4900	4.240	8260	4.230	1700	4.290	19300	4.300	38180	4.310	10700	4.320	400	4.330	300	/16842833//5058025/1164664/4.29/4.34//2008-9-18 13:33:31
78/600116/三峡水利/4.280	7600	4.270	10100	4.260	5200	4.250	4900	4.240	5760	4.290	16900	4.300	38180	4.310	10700	4.320	400	4.330	300	/16842833//5068321/1167064/4.29/4.34//2008-9-18 13:34:32
78/600116/三峡水利/4.290	8000	4.280	12200	4.270	6300	4.260	6200	4.250	4900	4.300	22080	4.310	10700	4.320	400	4.330	300	4.340	6701	/16842833//5209620/1199964/4.3/4.34//2008-9-18 13:35:32
78/600116/三峡水利/4.280	9400	4.270	2600	4.260	6200	4.250	6000	4.240	1600	4.290	1200	4.300	11280	4.310	10700	4.320	200	4.330	300	/16842833//5282239/1216864/4.29/4.34//2008-9-18 13:36:33
78/600116/三峡水利/4.300	820	4.290	2100	4.280	8700	4.270	2600	4.260	6200	4.310	10700	4.320	200	4.330	300	4.340	6701	4.360	4500	/16842833//5336751/1229544/4.3/4.34//2008-9-18 13:37:34
78/600116/三峡水利/4.300	820	4.290	2100	4.280	8700	4.270	2600	4.260	6900	4.310	7700	4.320	200	4.330	300	4.340	6701	4.360	4500	/16842833//5349251/1232444/4.31/4.34//2008-9-18 13:38:34
78/600116/三峡水利/4.300	2720	4.290	1600	4.280	8700	4.270	200	4.260	6900	4.310	300	4.320	200	4.330	300	4.340	6701	4.360	4500	/16842833//5381145/1239844/4.31/4.34//2008-9-18 13:39:35
78/600116/三峡水利/4.300	1320	4.290	1600	4.280	8700	4.270	200	4.260	7500	4.310	2100	4.320	200	4.330	300	4.340	6701	4.360	4500	/16842833//5407835/1246044/4.3/4.34//2008-9-18 13:40:35
78/600116/三峡水利/4.290	1600	4.280	8700	4.270	200	4.260	7500	4.250	4900	4.300	11980	4.310	400	4.320	200	4.330	1300	4.340	6701	/16842833//5424715/1249964/4.3/4.34//2008-9-18 13:41:36
78/600116/三峡水利/4.290	1600	4.280	8700	4.270	500	4.260	7500	4.250	5300	4.300	5380	4.310	400	4.320	200	4.330	1300	4.340	6701	/16842833//5448795/1255564/4.3/4.34//2008-9-18 13:42:36
78/600116/三峡水利/4.290	1600	4.280	8700	4.270	200	4.260	7500	4.250	2400	4.300	3580	4.310	400	4.320	200	4.330	300	4.340	6801	/16842833//5458685/1257864/4.3/4.34//2008-9-18 13:43:37
78/600116/三峡水利/4.310	600	4.300	5220	4.290	3600	4.280	8700	4.270	200	4.320	200	4.330	300	4.340	6801	4.350	300	4.360	4500	/16842833//5473653/1261344/4.31/4.34//2008-9-18 13:44:37
78/600116/三峡水利/4.330	5700	4.320	4100	4.300	14620	4.290	3600	4.280	8800	4.340	2501	4.350	300	4.360	4100	4.370	600	4.380	400	/16842833//5493601/1265944/4.33/4.34//2008-9-18 13:45:38
78/600116/三峡水利/4.340	6199	4.330	6600	4.320	3600	4.300	15020	4.290	3600	4.360	3600	4.370	600	4.380	400	4.390	2300	4.400	7500	/16842833//5518381/1271645/4.35/4.34//2008-9-18 13:46:39
78/600116/三峡水利/4.350	10500	4.340	6199	4.330	1100	4.320	3600	4.300	12920	4.360	600	4.370	600	4.380	400	4.390	2300	4.400	7500	/16842833//5533634/1275145/4.36/4.34//2008-9-18 13:47:39
78/600116/三峡水利/4.370	3200	4.360	2500	4.350	13200	4.340	6199	4.330	1200	4.380	400	4.390	2300	4.400	7700	4.410	2400	4.420	500	/16842833//5569452/1283345/4.37/4.34//2008-9-18 13:48:40
78/600116/三峡水利/4.380	10300	4.370	7800	4.360	3500	4.350	12200	4.340	6199	4.390	2300	4.400	7700	4.410	2400	4.420	500	4.430	20000	/16842833//5581712/1286145/4.38/4.34//2008-9-18 13:49:40
78/600116/三峡水利/4.380	4900	4.370	7800	4.360	2500	4.350	10200	4.340	6199	4.390	5800	4.400	7800	4.410	400	4.420	500	4.430	20000	/16842833//5620709/1295045/4.38/4.34//2008-9-18 13:50:41
78/600116/三峡水利/4.370	4000	4.360	2500	4.350	10200	4.340	2199	4.330	1100	4.380	7150	4.390	6000	4.400	8400	4.410	3400	4.420	1000	/16842833//5694731/1311945/4.38/4.34//2008-9-18 13:51:41
78/600116/三峡水利/4.360	2450	4.350	10200	4.340	2199	4.330	1100	4.320	600	4.370	2700	4.380	10200	4.390	9000	4.400	8400	4.410	3400	/16842833//5694909/1311995/4.36/4.34//2008-9-18 13:52:42
78/600116/三峡水利/4.340	2099	4.330	1100	4.320	600	4.310	5000	4.300	7220	4.350	4000	4.360	2250	4.370	3000	4.380	10000	4.390	9000	/16842833//5711247/1315745/4.34/4.34//2008-9-18 13:53:42
78/600116/三峡水利/4.340	1099	4.330	1100	4.320	600	4.310	5000	4.300	7620	4.350	26500	4.360	2250	4.370	2900	4.380	9000	4.390	9000	/16842833//5721239/1318045/4.34/4.34//2008-9-18 13:54:43
78/600116/三峡水利/4.340	49	4.330	1100	4.320	1100	4.310	5000	4.300	7720	4.350	24400	4.360	2250	4.370	2900	4.380	7000	4.390	9000	/16842833//5728183/1319645/4.34/4.34//2008-9-18 13:55:44
78/600116/三峡水利/4.330	1100	4.320	1100	4.310	5000	4.300	6820	4.290	3600	4.340	451	4.350	24400	4.360	2250	4.370	2900	4.380	5000	/16842833//5724707/1318844/4.34/4.34//2008-9-18 13:56:44
78/600116/三峡水利/4.320	1500	4.310	5000	4.300	7020	4.290	3600	4.280	13000	4.330	3400	4.340	2451	4.350	24300	4.360	1250	4.370	2900	/16842833//5729470/1319944/4.33/4.34//2008-9-18 13:57:45
78/600116/三峡水利/4.310	4000	4.300	13020	4.290	3600	4.280	13000	4.270	200	4.320	800	4.330	4000	4.340	2451	4.350	24300	4.360	1250	/16842833//5741558/1322744/4.31/4.34//2008-9-18 13:58:45
78/600116/三峡水利/4.310	100	4.300	14720	4.290	2600	4.280	13000	4.270	200	4.320	1200	4.330	1800	4.340	551	4.350	23300	4.360	1250	/16842833//5761822/1327444/4.32/4.34//2008-9-18 13:59:46
78/600116/三峡水利/4.310	2300	4.300	14720	4.290	2600	4.280	13000	4.270	200	4.320	200	4.330	1800	4.340	551	4.350	23300	4.360	1250	/16842833//5778630/1331344/4.31/4.34//2008-9-18 14:0:47
78/600116/三峡水利/4.300	14720	4.290	2100	4.280	13000	4.270	200	4.260	9500	4.310	2500	4.330	1800	4.340	551	4.350	23300	4.360	1250	/16842833//5798889/1336044/4.31/4.34//2008-9-18 14:1:47
78/600116/三峡水利/4.300	15220	4.290	2100	4.280	13000	4.270	200	4.260	9500	4.310	3000	4.330	900	4.340	551	4.350	23300	4.360	1250	/16842833//5818707/1340644/4.3/4.34//2008-9-18 14:2:48
78/600116/三峡水利/4.300	14520	4.290	3100	4.280	7700	4.270	200	4.260	9500	4.310	3000	4.330	1400	4.340	551	4.350	24300	4.360	1250	/16842833//5816552/1340144/4.3/4.34//2008-9-18 14:3:48
78/600116/三峡水利/4.300	5020	4.290	3100	4.280	7700	4.270	200	4.260	8800	4.310	3000	4.330	1400	4.340	551	4.350	26300	4.360	1250	/16842833//5857832/1349744/4.3/4.34//2008-9-18 14:4:49
78/600116/三峡水利/4.310	4420	4.290	3100	4.280	7700	4.270	200	4.260	8800	4.320	400	4.330	1400	4.340	551	4.350	26300	4.360	1250	/16842833//5895274/1358444/4.31/4.34//2008-9-18 14:5:50
78/600116/三峡水利/4.310	5420	4.290	5100	4.280	7700	4.270	200	4.260	8800	4.330	1400	4.340	551	4.350	26300	4.360	1150	4.370	1800	/16842833//5897429/1358944/4.31/4.34//2008-9-18 14:6:50
78/600116/三峡水利/4.310	5420	4.290	5100	4.280	7600	4.270	200	4.260	8800	4.330	1200	4.340	551	4.350	26300	4.360	1150	4.370	1800	/16842833//5898726/1359244/4.33/4.34//2008-9-18 14:7:51
78/600116/三峡水利/4.310	5320	4.300	300	4.290	5100	4.280	7600	4.270	200	4.330	800	4.340	551	4.350	26300	4.360	1150	4.370	1800	/16842833//5902623/1360144/4.33/4.34//2008-9-18 14:8:51
78/600116/三峡水利/4.320	500	4.310	5320	4.300	2500	4.290	4100	4.280	7600	4.330	300	4.340	8151	4.350	24800	4.360	4150	4.370	1800	/16842833//5904788/1360644/4.33/4.34//2008-9-18 14:9:52
78/600116/三峡水利/4.330	9900	4.320	500	4.310	5320	4.300	3400	4.290	4100	4.340	8151	4.350	23800	4.360	4150	4.370	1800	4.380	6000	/16842833//5906087/1360944/4.33/4.34//2008-9-18 14:10:53
78/600116/三峡水利/4.340	2800	4.330	10300	4.320	500	4.310	5320	4.300	3400	4.350	18651	4.360	4150	4.370	1500	4.380	6000	4.390	9000	/16842833//5963860/1374244/4.35/4.34//2008-9-18 14:11:53
78/600116/三峡水利/4.340	1700	4.330	2800	4.310	5320	4.300	3400	4.290	4100	4.350	6951	4.360	4150	4.370	1500	4.380	6000	4.390	8800	/16842833//6019975/1387144/4.35/4.34//2008-9-18 14:12:54
78/600116/三峡水利/4.360	2350	4.350	12549	4.340	3600	4.330	3500	4.310	5320	4.370	1500	4.380	6000	4.390	6800	4.400	7400	4.410	6400	/16842833//6086835/1402495/4.36/4.34//2008-9-18 14:13:55
78/600116/三峡水利/4.360	1550	4.350	12549	4.340	3600	4.330	3600	4.310	5320	4.370	1900	4.380	5500	4.390	6800	4.400	7400	4.410	6400	/16842833//6093604/1404045/4.36/4.34//2008-9-18 14:14:55
78/600116/三峡水利/4.360	1850	4.350	12549	4.340	2800	4.330	3600	4.320	100	4.370	900	4.380	5500	4.390	6800	4.400	7400	4.410	6400	/16842833//6097974/1405045/4.37/4.34//2008-9-18 14:15:56
78/600116/三峡水利/4.360	3350	4.350	12549	4.340	2400	4.330	3600	4.320	400	4.370	2300	4.380	7400	4.390	6800	4.400	7400	4.410	3400	/16842833//6107151/1407145/4.37/4.34//2008-9-18 14:16:56
78/600116/三峡水利/4.360	3550	4.350	12549	4.340	2400	4.330	3600	4.320	400	4.370	2200	4.380	4500	4.390	6800	4.400	7400	4.410	3400	/16842833//6107588/1407245/4.37/4.34//2008-9-18 14:17:57
78/600116/三峡水利/4.370	5400	4.360	3550	4.350	12549	4.340	2400	4.330	2600	4.380	4500	4.390	6800	4.400	7400	4.410	3400	4.420	1000	/16842833//6126816/1411645/4.37/4.34//2008-9-18 14:18:58
78/600116/三峡水利/4.380	19300	4.370	3500	4.360	3550	4.350	12549	4.340	2400	4.390	6800	4.400	7400	4.410	3400	4.420	1000	4.430	20000	/16842833//6162704/1419845/4.38/4.34//2008-9-18 14:19:58
78/600116/三峡水利/4.390	15000	4.380	16000	4.370	4900	4.360	3550	4.350	13849	4.400	4200	4.410	3400	4.420	500	4.430	20000	4.440	6100	/16842833//6207084/1429945/4.4/4.34//2008-9-18 14:20:59
78/600116/三峡水利/4.440	3900	4.430	22300	4.420	1300	4.410	19900	4.400	13000	4.450	15700	4.480	11200	4.490	3000	4.500	22500	4.520	100	/16842833//6358452/1464145/4.44/4.34//2008-9-18 14:22:0
78/600116/三峡水利/4.480	2300	4.460	2400	4.450	45400	4.440	6600	4.430	18600	4.500	20500	4.520	100	4.530	100	4.540	4200	4.550	900	/16842833//6488379/1493245/4.5/4.34//2008-9-18 14:23:0
78/600116/三峡水利/4.500	23100	4.480	2100	4.450	24100	4.440	5700	4.430	13100	4.520	100	4.530	100	4.540	4200	4.550	3900	4.560	3200	/16842833//6555854/1508245/4.5/4.34//2008-9-18 14:24:1
78/600116/三峡水利/4.540	100	4.530	3700	4.520	2900	4.510	500	4.500	18800	4.550	2600	4.560	3800	4.580	4200	4.590	10000	4.600	17500	/16842833//6588108/1515345/4.54/4.34//2008-9-18 14:25:2
78/600116/三峡水利/4.530	2470	4.520	2900	4.510	500	4.500	25500	4.480	1600	4.550	900	4.560	700	4.580	4500	4.590	10000	4.600	17500	/16842833//6636895/1526075/4.53/4.34//2008-9-18 14:26:2
78/600116/三峡水利/4.520	1870	4.510	500	4.500	19700	4.480	1600	4.450	3800	4.530	3900	4.540	1200	4.550	8500	4.560	900	4.580	4500	/16842833//6652736/1529575/4.52/4.34//2008-9-18 14:27:3
78/600116/三峡水利/4.500	4800	4.480	1600	4.450	3800	4.440	5500	4.430	5000	4.510	300	4.520	2130	4.530	8400	4.540	3400	4.550	6500	/16842833//6712526/1542845/4.5/4.34//2008-9-18 14:28:4
78/600116/三峡水利/4.480	700	4.450	3800	4.440	5500	4.430	5000	4.410	10900	4.500	9200	4.510	2600	4.520	3730	4.530	5900	4.540	3400	/16842833//6742190/1549445/4.48/4.34//2008-9-18 14:29:4
78/600116/三峡水利/4.450	3100	4.440	5500	4.430	5000	4.410	700	4.400	2900	4.480	10200	4.490	300	4.500	7400	4.510	2300	4.520	3730	/16842833//6750203/1551245/4.45/4.34//2008-9-18 14:30:5
78/600116/三峡水利/4.440	5200	4.430	4500	4.410	700	4.400	2900	4.390	1400	4.450	19900	4.460	300	4.480	9700	4.500	7600	4.510	300	/16842833//6767555/1555145/4.45/4.34//2008-9-18 14:31:6
78/600116/三峡水利/4.440	100	4.430	5200	4.410	700	4.400	4200	4.390	1400	4.450	20400	4.460	300	4.470	1000	4.480	8700	4.500	6600	/16842833//6791975/1560645/4.44/4.34//2008-9-18 14:32:6
78/600116/三峡水利/4.430	5200	4.410	700	4.400	2900	4.390	1400	4.380	1100	4.450	18400	4.460	300	4.470	1000	4.480	8700	4.500	6100	/16842833//6816007/1566053/4.44/4.34//2008-9-18 14:33:7
78/600116/三峡水利/4.440	900	4.430	5000	4.410	700	4.400	2900	4.390	1400	4.450	12800	4.460	300	4.470	1000	4.480	7700	4.500	4600	/16842833//6855133/1574853/4.45/4.34//2008-9-18 14:34:8
78/600116/三峡水利/4.440	9500	4.430	5000	4.410	700	4.400	2900	4.390	1400	4.450	9800	4.460	300	4.470	1000	4.480	7700	4.500	4600	/16842833//6874699/1579253/4.45/4.34//2008-9-18 14:35:8
78/600116/三峡水利/4.460	700	4.450	2400	4.440	13000	4.430	6000	4.410	700	4.480	6700	4.500	4600	4.510	300	4.520	1830	4.530	1900	/16842833//6919647/1589353/4.46/4.34//2008-9-18 14:36:9
78/600116/三峡水利/4.460	5000	4.450	3100	4.440	13000	4.430	2200	4.410	700	4.480	2700	4.500	4600	4.510	300	4.520	1830	4.530	1900	/16842833//6954085/1597053/4.48/4.34//2008-9-18 14:37:10
78/600116/三峡水利/4.480	1700	4.460	4200	4.450	3100	4.440	13000	4.430	2200	4.500	7500	4.510	300	4.520	1830	4.530	1900	4.540	2400	/16842833//6973329/1601353/4.48/4.34//2008-9-18 14:38:10
78/600116/三峡水利/4.450	700	4.440	13000	4.430	2200	4.410	700	4.400	3000	4.460	500	4.470	1000	4.480	1700	4.490	1000	4.500	6000	/16842833//7012149/1610053/4.45/4.34//2008-9-18 14:39:11
78/600116/三峡水利/4.440	7000	4.430	1200	4.410	700	4.400	3000	4.390	1400	4.450	26406	4.460	500	4.470	1300	4.480	1600	4.490	1000	/16842833//7016596/1611053/4.44/4.34//2008-9-18 14:40:12
78/600116/三峡水利/4.410	700	4.400	2000	4.390	1400	4.380	1400	4.370	2600	4.430	5200	4.440	6200	4.450	26406	4.460	500	4.470	1300	/16842833//7052992/1619253/4.43/4.34//2008-9-18 14:41:12
78/600116/三峡水利/4.390	1400	4.380	2500	4.370	2600	4.360	2350	4.350	22549	4.400	1100	4.410	1200	4.430	5200	4.440	4700	4.450	24406	/16842833//7146904/1640553/4.4/4.34//2008-9-18 14:42:13
78/600116/三峡水利/4.390	1400	4.380	4200	4.370	2600	4.360	4350	4.350	22549	4.400	2100	4.410	1200	4.430	5200	4.440	4700	4.450	24406	/16842833//7146904/1640553/4.4/4.34//2008-9-18 14:43:14
78/600116/三峡水利/4.400	12100	4.390	1400	4.380	4200	4.370	2600	4.360	4350	4.410	1200	4.430	5200	4.440	4700	4.450	24456	4.460	500	/16842833//7123932/1635353/4.4/4.34//2008-9-18 14:44:14
78/600116/三峡水利/4.410	700	4.400	9400	4.390	1400	4.380	4200	4.370	2600	4.430	5200	4.440	4700	4.450	24456	4.460	1000	4.470	300	/16842833//7134967/1637853/4.41/4.34//2008-9-18 14:45:15
78/600116/三峡水利/4.420	200	4.400	12700	4.390	1400	4.380	4200	4.370	2600	4.430	5200	4.440	4700	4.450	25456	4.460	1000	4.470	300	/16842833//7136293/1638153/4.42/4.34//2008-9-18 14:46:16
78/600116/三峡水利/4.400	12700	4.390	1400	4.380	4200	4.370	2600	4.360	4350	4.410	290	4.420	23726	4.430	4500	4.440	5300	4.450	2950	/16842833//7137177/1638353/4.42/4.34//2008-9-18 14:47:16
78/600116/三峡水利/4.400	10210	4.390	1400	4.380	5200	4.370	2600	4.360	4350	4.410	1000	4.420	3020	4.430	4500	4.440	5300	4.450	2450	/16842833//7152543/1641843/4.4/4.34//2008-9-18 14:48:17
78/600116/三峡水利/4.390	3400	4.380	4100	4.370	2600	4.360	4350	4.350	13700	4.400	17396	4.410	400	4.420	3020	4.430	3500	4.440	5300	/16842833//7200113/1652653/4.4/4.34//2008-9-18 14:49:18
78/600116/三峡水利/4.380	4100	4.370	2600	4.360	9350	4.350	13700	4.340	2400	4.390	2600	4.400	17796	4.410	1600	4.420	3120	4.430	3500	/16842833//7217239/1656553/4.39/4.34//2008-9-18 14:50:18
78/600116/三峡水利/4.380	3200	4.370	2600	4.360	9550	4.350	14700	4.340	2400	4.390	2400	4.400	22396	4.410	1600	4.420	3120	4.430	3500	/16842833//7222497/1657753/4.38/4.34//2008-9-18 14:51:19
78/600116/三峡水利/4.380	5400	4.370	2600	4.360	9550	4.350	13700	4.340	2400	4.390	1500	4.400	22446	4.410	1600	4.420	3120	4.430	3500	/16842833//7239596/1661653/4.39/4.34//2008-9-18 14:52:20
78/600116/三峡水利/4.390	5100	4.380	4100	4.370	3100	4.360	9550	4.350	13700	4.400	18446	4.410	1600	4.420	1920	4.430	3500	4.440	4800	/16842833//7287527/1672553/4.39/4.34//2008-9-18 14:53:21
78/600116/三峡水利/4.390	3800	4.380	5700	4.370	3100	4.360	9550	4.350	14200	4.400	18446	4.410	1600	4.420	1920	4.430	3500	4.440	4800	/16842833//7273439/1669353/4.39/4.34//2008-9-18 14:54:21
78/600116/三峡水利/4.380	1600	4.370	3100	4.360	9350	4.350	14200	4.340	2400	4.400	14446	4.410	1600	4.420	1920	4.430	3500	4.440	4800	/16842833//7316921/1679253/4.4/4.34//2008-9-18 14:55:22
78/600116/三峡水利/4.380	6500	4.370	3100	4.360	10050	4.350	14200	4.340	2400	4.390	37000	4.400	14746	4.410	1600	4.420	1920	4.430	3500	/16842833//7323060/1680653/4.38/4.34//2008-9-18 14:56:23
78/600116/三峡水利/4.380	1600	4.370	3100	4.360	10050	4.350	14200	4.340	2400	4.390	26500	4.400	10746	4.410	1600	4.420	1920	4.430	3500	/16842833//7412950/1701153/4.38/4.34//2008-9-18 14:57:23
78/600116/三峡水利/4.370	6800	4.360	9350	4.350	14200	4.340	1000	4.330	2200	4.380	4600	4.400	10446	4.410	1600	4.420	1920	4.430	3500	/16842833//7696314/1765753/4.38/4.34//2008-9-18 14:58:24
78/600116/三峡水利/4.400	2654	4.390	1100	4.380	4500	4.370	8700	4.360	10650	4.410	1600	4.420	6920	4.430	3500	4.440	4800	4.450	10500	/16842833//7774751/1783599/4.4/4.34//2008-9-18 14:59:25
78/600116/三峡水利/4.410	6400	4.400	3254	4.390	1100	4.380	4600	4.370	7700	4.420	7320	4.430	3500	4.440	4800	4.450	10500	4.460	1000	/16842833//7795037/1788199/4.41/4.34//2008-9-18 15:0:26
78/600116/三峡水利/4.410	6400	4.400	3254	4.390	1100	4.380	4600	4.370	7700	4.420	7320	4.430	3500	4.440	4800	4.450	10500	4.460	1000	/16842833//7795037/1788199/4.41/4.34//2008-9-18 15:1:26
78/600116/三峡水利/4.410	6400	4.400	3254	4.390	1100	4.380	4600	4.370	7700	4.420	7320	4.430	3500	4.440	4800	4.450	10500	4.460	1000	/16842833//7795037/1788199/4.41/4.34//2008-9-18 15:2:27
