64/600101/明星电力/4.020	500	4.010	8200	4.000	14300	3.990	3000	3.910	4600	4.050	500	4.060	2200	4.090	5000	4.100	6800	4.160	1800	/16842819//357366/88400/4.01/4.14//2008-9-18 9:31:34
64/600101/明星电力/4.050	500	4.020	20000	4.010	6500	4.000	15300	3.990	13000	4.090	5000	4.100	6800	4.160	1800	4.180	3000	4.190	3400	/16842819//381134/94300/4.05/4.14//2008-9-18 9:32:35
64/600101/明星电力/4.050	1200	4.030	8200	4.020	20000	4.010	6400	4.000	14700	4.090	5000	4.100	6800	4.150	3400	4.160	6200	4.180	17259	/16842819//402938/99700/4.05/4.14//2008-9-18 9:33:35
64/600101/明星电力/4.050	27100	4.030	9000	4.020	20000	4.010	8400	4.000	21200	4.100	7900	4.120	1000	4.150	4400	4.160	6700	4.170	2100	/16842819//463078/114500/4.05/4.14//2008-9-18 9:34:35
64/600101/明星电力/4.060	1000	4.050	27100	4.020	20300	4.010	8400	4.000	26200	4.080	400	4.090	3900	4.100	6800	4.120	1000	4.150	5400	/16842819//463078/114500/4.05/4.14//2008-9-18 9:35:35
64/600101/明星电力/4.050	27200	4.020	20300	4.010	14200	4.000	24200	3.990	13000	4.060	1200	4.080	400	4.090	6700	4.100	6800	4.120	1000	/16842819//467138/115500/4.06/4.14//2008-9-18 9:36:36
64/600101/明星电力/4.060	5100	4.050	20800	4.020	300	4.010	14200	4.000	10500	4.080	4400	4.090	7800	4.100	6800	4.120	1000	4.150	8800	/16842819//480536/118800/4.06/4.14//2008-9-18 9:37:36
64/600101/明星电力/4.020	300	4.010	14200	4.000	10500	3.990	14400	3.980	500	4.050	4700	4.060	300	4.070	1100	4.080	4400	4.090	7800	/16842819//669722/165500/4.05/4.14//2008-9-18 9:38:36
64/600101/明星电力/4.000	200	3.990	14400	3.980	500	3.920	3700	3.910	4900	4.010	3300	4.050	5700	4.060	1400	4.070	1100	4.080	4400	/16842819//725630/179700/4.0/4.14//2008-9-18 9:39:36
64/600101/明星电力/4.010	6800	4.000	9000	3.990	14400	3.980	500	3.920	4200	4.050	6700	4.060	1400	4.070	1100	4.080	4400	4.090	5800	/16842819//738863/183000/4.01/4.14//2008-9-18 9:40:36
64/600101/明星电力/4.000	12400	3.990	14400	3.980	5500	3.920	4200	3.910	4900	4.010	500	4.040	3400	4.050	6700	4.060	1400	4.080	4400	/16842819//771747/191200/4.01/4.14//2008-9-18 9:41:37
64/600101/明星电力/4.010	12000	4.000	15700	3.990	14400	3.980	5500	3.920	4200	4.040	3400	4.050	2000	4.060	1400	4.080	4400	4.090	7800	/16842819//773752/191700/4.01/4.14//2008-9-18 9:42:37
64/600101/明星电力/4.040	2100	4.010	12000	4.000	18300	3.990	14400	3.980	5500	4.050	2000	4.060	2400	4.090	7800	4.100	10200	4.150	2000	/16842819//799204/198000/4.04/4.14//2008-9-18 9:43:37
64/600101/明星电力/4.040	1100	4.010	17000	4.000	32200	3.990	14400	3.980	5500	4.050	2000	4.060	3400	4.080	200	4.090	5800	4.100	10200	/16842819//791528/196100/4.04/4.14//2008-9-18 9:44:37
64/600101/明星电力/4.040	800	4.030	2000	4.010	17000	4.000	33700	3.990	14400	4.050	1700	4.060	2300	4.080	200	4.090	5800	4.100	10200	/16842819//795170/197000/4.05/4.14//2008-9-18 9:45:37
64/600101/明星电力/4.030	2700	4.010	17000	4.000	33800	3.990	14400	3.980	5500	4.040	2700	4.050	500	4.060	2300	4.080	200	4.090	5800	/16842819//802451/198800/4.04/4.14//2008-9-18 9:46:38
64/600101/明星电力/4.020	5000	4.010	17000	4.000	33800	3.990	14400	3.980	5500	4.040	5000	4.050	500	4.060	2300	4.080	200	4.090	5800	/16842819//813332/201500/4.03/4.14//2008-9-18 9:47:38
64/600101/明星电力/4.040	9600	4.020	5800	4.010	17000	4.000	33800	3.990	14400	4.050	500	4.060	2300	4.080	200	4.090	5800	4.100	10200	/16842819//835552/207000/4.04/4.14//2008-9-18 9:48:38
64/600101/明星电力/4.020	1000	4.010	17000	4.000	24200	3.990	14400	3.980	5500	4.040	2000	4.060	2300	4.080	200	4.090	5800	4.100	10200	/16842819//898486/222600/4.02/4.14//2008-9-18 9:49:39
64/600101/明星电力/4.000	900	3.990	14400	3.980	5500	3.970	900	3.950	300	4.010	6700	4.020	77700	4.040	2300	4.060	2300	4.080	200	/16842819//1109302/275200/4.0/4.14//2008-9-18 9:50:39
64/600101/明星电力/4.010	4600	4.000	2500	3.990	2500	3.980	500	3.970	8300	4.020	77700	4.040	2300	4.060	2300	4.090	5800	4.100	10700	/16842819//1199256/297700/4.01/4.14//2008-9-18 9:51:39
64/600101/明星电力/4.000	1600	3.990	2500	3.980	500	3.970	8300	3.950	3300	4.010	400	4.020	77600	4.040	2300	4.060	2300	4.090	4700	/16842819//1220903/303100/4.02/4.14//2008-9-18 9:52:39
64/600101/明星电力/4.000	2100	3.990	2500	3.980	10500	3.970	8300	3.950	3300	4.020	1000	4.040	3400	4.060	2300	4.090	9700	4.100	30700	/16842819//1551715/385400/4.02/4.14//2008-9-18 9:53:40
64/600101/明星电力/3.990	2200	3.980	10500	3.970	8300	3.950	3300	3.930	200	4.010	1500	4.020	3200	4.040	3400	4.050	1000	4.060	2300	/16842819//1584492/393600/3.99/4.14//2008-9-18 9:54:40
64/600101/明星电力/3.990	14400	3.980	146400	3.970	8300	3.950	3300	3.930	400	4.010	500	4.020	3200	4.040	3400	4.050	1700	4.060	3200	/16842819//1632403/405600/3.99/4.14//2008-9-18 9:55:40
64/600101/明星电力/4.000	1000	3.990	14400	3.980	11100	3.970	900	3.950	3300	4.010	18100	4.020	1000	4.040	3400	4.050	1700	4.060	3200	/16842819//1654042/411000/4.0/4.14//2008-9-18 9:56:41
64/600101/明星电力/4.000	54600	3.990	24400	3.980	11100	3.970	900	3.960	1000	4.010	20600	4.020	1000	4.040	3400	4.050	1700	4.060	3200	/16842819//1707712/424400/4.01/4.14//2008-9-18 9:57:41
64/600101/明星电力/4.010	5400	4.000	53300	3.990	24400	3.980	10500	3.970	900	4.020	1000	4.030	1000	4.040	3400	4.050	3700	4.060	3200	/16842819//1795115/446200/4.01/4.14//2008-9-18 9:58:41
64/600101/明星电力/4.010	2400	4.000	57700	3.990	19400	3.980	10500	3.970	900	4.020	4000	4.030	1000	4.040	3400	4.050	1700	4.060	3200	/16842819//1823185/453200/4.01/4.14//2008-9-18 9:59:41
64/600101/明星电力/4.010	700	4.000	59900	3.990	19900	3.980	10500	3.970	900	4.020	5500	4.030	1000	4.040	3400	4.050	1700	4.060	3200	/16842819//1819175/452200/4.01/4.14//2008-9-18 10:0:42
64/600101/明星电力/4.010	5000	4.000	47400	3.990	19900	3.980	10500	3.970	900	4.020	5500	4.030	1000	4.040	3400	4.050	1700	4.060	3200	/16842819//1896032/471400/4.01/4.14//2008-9-18 10:1:42
64/600101/明星电力/4.000	45500	3.990	19900	3.980	10500	3.970	900	3.960	1000	4.010	1400	4.020	5500	4.030	1000	4.040	3400	4.050	1700	/16842819//1924082/478400/4.0/4.01//2008-9-18 10:2:42
64/600101/明星电力/4.000	12900	3.990	19900	3.980	10500	3.970	900	3.960	1000	4.010	9400	4.020	5500	4.030	1000	4.040	3400	4.050	1700	/16842819//2062502/513000/4.0/4.01//2008-9-18 10:3:42
64/600101/明星电力/3.980	10500	3.970	900	3.960	1000	3.950	3400	3.930	700	3.990	1200	4.000	21600	4.010	9400	4.020	5500	4.030	1000	/16842819//2185553/543800/3.99/4.01//2008-9-18 10:4:43
64/600101/明星电力/3.950	3400	3.930	700	3.920	4200	3.910	4900	3.900	20100	3.960	500	3.980	24300	3.990	1700	4.000	21600	4.020	5500	/16842819//2237650/556900/3.96/4.01//2008-9-18 10:5:43
64/600101/明星电力/3.930	5600	3.920	100	3.910	1300	3.900	22100	3.880	600	3.950	5300	3.960	500	3.970	10000	3.980	9400	3.990	1700	/16842819//2303558/573700/3.93/4.01//2008-9-18 10:6:43
64/600101/明星电力/3.930	2100	3.920	8200	3.910	11500	3.900	27300	3.880	600	3.950	2200	3.960	4500	3.970	10000	3.980	9400	3.990	1700	/16842819//2335473/581800/3.95/4.01//2008-9-18 10:7:44
64/600101/明星电力/3.940	3600	3.930	14100	3.920	17200	3.910	11500	3.900	27300	3.950	2900	3.960	4500	3.970	10000	3.980	9400	3.990	1700	/16842819//2336658/582100/3.95/4.01//2008-9-18 10:8:44
64/600101/明星电力/3.950	8400	3.940	4700	3.930	13600	3.920	17100	3.910	11500	3.960	4500	3.970	4000	3.980	9400	3.990	1700	4.000	11600	/16842819//2363875/589000/3.94/4.01//2008-9-18 10:9:44
64/600101/明星电力/3.950	11400	3.940	4700	3.930	13600	3.920	17100	3.910	11500	3.960	1000	3.980	9400	3.990	1700	4.000	11600	4.020	5500	/16842819//2376964/592300/3.96/4.01//2008-9-18 10:10:44
64/600101/明星电力/3.950	4300	3.940	4700	3.930	13600	3.920	17100	3.910	11500	3.960	1000	3.980	10600	3.990	1700	4.000	11600	4.020	5500	/16842819//2416859/602400/3.95/4.01//2008-9-18 10:11:45
64/600101/明星电力/3.950	3500	3.930	14600	3.920	17100	3.910	11500	3.900	31200	3.960	1100	3.980	10600	3.990	1700	4.000	11600	4.020	5500	/16842819//2428729/605400/3.96/4.01//2008-9-18 10:12:45
64/600101/明星电力/3.950	4000	3.930	14600	3.920	19000	3.910	10200	3.900	31200	3.960	9500	3.980	1200	3.990	1700	4.000	11600	4.020	5500	/16842819//2428729/605400/3.96/4.01//2008-9-18 10:13:45
64/600101/明星电力/3.930	14600	3.920	19000	3.910	10000	3.900	31200	3.880	100600	3.950	6225	3.960	9500	3.980	1200	3.990	1700	4.000	11100	/16842819//2449664/610700/3.95/4.01//2008-9-18 10:14:46
64/600101/明星电力/3.930	15700	3.920	19000	3.910	10000	3.900	31800	3.880	100600	3.950	2625	3.960	100	3.980	1200	3.990	1700	4.000	11100	/16842819//2465849/614800/3.93/4.01//2008-9-18 10:15:46
64/600101/明星电力/3.930	1400	3.910	11000	3.900	32300	3.890	300	3.880	100600	3.960	100	3.980	7400	3.990	1700	4.000	11100	4.020	5500	/16842819//2600086/649000/3.92/4.01//2008-9-18 10:16:46
64/600101/明星电力/3.960	2000	3.950	3500	3.940	11400	3.930	2700	3.920	2000	3.980	400	3.990	1700	4.000	10800	4.020	5500	4.030	1000	/16842819//2656086/663100/3.98/4.01//2008-9-18 10:17:47
64/600101/明星电力/3.950	25300	3.940	11400	3.930	13400	3.920	15000	3.910	12000	4.000	3300	4.020	5500	4.030	1000	4.040	300	4.050	8600	/16842819//2727709/681100/3.95/4.01//2008-9-18 10:18:47
64/600101/明星电力/3.960	2000	3.950	28600	3.940	11400	3.930	11900	3.920	15000	4.000	3300	4.020	5500	4.030	1000	4.040	700	4.050	8600	/16842819//2727709/681100/3.95/4.01//2008-9-18 10:19:47
64/600101/明星电力/3.960	7900	3.950	28600	3.940	11400	3.930	12600	3.920	15000	4.000	3300	4.020	5500	4.030	1000	4.040	700	4.050	4200	/16842819//2727709/681100/3.95/4.01//2008-9-18 10:20:48
64/600101/明星电力/3.960	29100	3.950	28200	3.940	11400	3.930	14500	3.920	15000	4.000	3300	4.020	5500	4.030	1000	4.040	7700	4.050	4200	/16842819//2727709/681100/3.95/4.01//2008-9-18 10:21:48
64/600101/明星电力/3.980	100	3.960	29100	3.950	30200	3.940	11400	3.930	14500	3.990	3000	4.000	3700	4.020	5500	4.030	1000	4.040	12100	/16842819//2727709/681100/3.95/4.01//2008-9-18 10:22:48
64/600101/明星电力/3.980	4500	3.960	29800	3.950	30400	3.940	11400	3.930	14500	3.990	5000	4.000	1100	4.020	5500	4.030	5400	4.040	7700	/16842819//2749997/686700/3.98/4.01//2008-9-18 10:23:48
64/600101/明星电力/3.960	10000	3.950	500	3.940	11400	3.930	14700	3.920	18000	3.990	2800	4.000	1100	4.020	5500	4.030	5400	4.040	7700	/16842819//3004818/751100/3.95/4.01//2008-9-18 10:24:49
64/600101/明星电力/3.960	10000	3.950	500	3.940	11400	3.930	15000	3.920	18000	3.980	1300	3.990	3800	4.000	1100	4.020	5500	4.030	5400	/16842819//3004818/751100/3.95/4.01//2008-9-18 10:25:49
64/600101/明星电力/3.970	100	3.960	10000	3.950	600	3.940	11400	3.930	15000	3.980	3300	3.990	3800	4.000	1100	4.020	5500	4.030	5400	/16842819//3004818/751100/3.95/4.01//2008-9-18 10:26:49
64/600101/明星电力/3.970	100	3.960	10000	3.950	600	3.940	11400	3.930	15000	3.980	3300	3.990	3800	4.000	1100	4.020	5500	4.030	5400	/16842819//3004818/751100/3.95/4.01//2008-9-18 10:27:50
64/600101/明星电力/3.970	100	3.960	10000	3.950	5500	3.940	11400	3.930	15000	3.980	3300	3.990	3800	4.000	1100	4.020	5500	4.030	5400	/16842819//3004818/751100/3.95/4.01//2008-9-18 10:28:50
64/600101/明星电力/3.960	6900	3.950	5500	3.940	11400	3.930	15000	3.920	15000	3.980	4300	3.990	3800	4.000	1100	4.020	5500	4.030	5400	/16842819//3017491/754300/3.96/4.01//2008-9-18 10:29:50
64/600101/明星电力/3.960	16900	3.950	5500	3.940	11400	3.930	15000	3.920	15000	3.980	11500	3.990	3800	4.000	1100	4.020	5500	4.030	5400	/16842819//3017491/754300/3.96/4.01//2008-9-18 10:30:51
64/600101/明星电力/3.960	16900	3.950	5500	3.940	11400	3.930	15000	3.920	15000	3.980	6400	3.990	3800	4.000	1100	4.020	5500	4.030	5400	/16842819//3037789/759400/3.98/4.01//2008-9-18 10:31:51
64/600101/明星电力/3.960	16900	3.950	500	3.940	11400	3.930	15000	3.920	15000	3.980	6400	3.990	3800	4.000	1100	4.020	3500	4.030	5400	/16842819//3037789/759400/3.98/4.01//2008-9-18 10:32:51
64/600101/明星电力/3.960	23100	3.950	1500	3.940	11500	3.930	15300	3.920	15000	3.980	7400	3.990	3800	4.000	1300	4.020	3500	4.030	5400	/16842819//3037789/759400/3.98/4.01//2008-9-18 10:33:52
64/600101/明星电力/3.960	23100	3.950	1500	3.940	11500	3.930	15300	3.920	15000	3.980	7400	3.990	3800	4.000	4300	4.020	4200	4.030	5400	/16842819//3037789/759400/3.98/4.01//2008-9-18 10:34:52
64/600101/明星电力/3.960	23100	3.950	1500	3.940	11500	3.930	15200	3.920	15000	3.980	8600	3.990	3800	4.000	9100	4.020	4200	4.030	5400	/16842819//3037789/759400/3.98/4.01//2008-9-18 10:35:52
64/600101/明星电力/3.960	22600	3.950	1500	3.940	11500	3.930	15200	3.920	15000	3.980	6400	3.990	3800	4.000	9100	4.020	4200	4.030	5400	/16842819//3043749/760900/3.98/4.01//2008-9-18 10:36:53
64/600101/明星电力/3.970	1100	3.960	22600	3.950	3500	3.940	11500	3.930	15200	3.980	11400	3.990	3800	4.000	9100	4.020	4200	4.030	5400	/16842819//3053287/763300/3.97/4.01//2008-9-18 10:37:53
64/600101/明星电力/3.960	22600	3.950	3500	3.940	11500	3.930	15200	3.920	15000	3.970	4600	3.980	13400	3.990	3800	4.000	10000	4.020	4200	/16842819//3073137/768300/3.97/4.01//2008-9-18 10:38:53
64/600101/明星电力/3.960	22600	3.950	3500	3.940	11500	3.930	17200	3.920	15000	3.970	4000	3.980	8400	3.990	3800	4.000	10000	4.020	4200	/16842819//3073137/768300/3.97/4.01//2008-9-18 10:39:54
64/600101/明星电力/3.960	22600	3.950	3500	3.940	11500	3.930	17200	3.920	15000	3.970	5300	3.980	8400	3.990	3800	4.000	16000	4.020	4200	/16842819//3080283/770100/3.97/4.01//2008-9-18 10:40:54
64/600101/明星电力/3.960	17600	3.950	9500	3.940	11500	3.930	17200	3.920	15000	3.970	4300	3.980	8400	3.990	3800	4.000	16000	4.020	4200	/16842819//3123853/781100/3.96/4.01//2008-9-18 10:41:54
64/600101/明星电力/3.960	19600	3.950	9500	3.940	11500	3.930	17200	3.920	15000	3.970	2300	3.980	9200	3.990	3800	4.000	16000	4.020	4200	/16842819//3111993/778100/3.97/4.01//2008-9-18 10:42:55
64/600101/明星电力/3.960	17500	3.950	9500	3.940	11500	3.930	17200	3.920	15000	3.970	2300	3.980	9200	3.990	3800	4.000	16000	4.020	4200	/16842819//3112389/778200/3.96/4.01//2008-9-18 10:43:55
64/600101/明星电力/3.970	1900	3.960	17500	3.950	9500	3.940	11500	3.930	17200	3.980	6200	3.990	3800	4.000	16000	4.020	4200	4.030	5400	/16842819//3125887/781600/3.97/4.01//2008-9-18 10:44:56
64/600101/明星电力/3.960	17500	3.950	9500	3.940	11500	3.930	17200	3.920	15000	3.970	3100	3.980	9200	3.990	1000	4.000	16000	4.020	4200	/16842819//3136606/784300/3.97/4.01//2008-9-18 10:45:56
64/600101/明星电力/3.960	17400	3.950	11500	3.940	11500	3.930	17200	3.920	15000	3.970	3500	3.980	9200	3.990	1000	4.000	15600	4.020	4200	/16842819//3129855/782600/3.96/4.01//2008-9-18 10:46:56
64/600101/明星电力/3.960	18500	3.950	5500	3.940	11500	3.930	17200	3.920	15000	3.970	4200	3.980	9200	3.990	1000	4.000	19600	4.020	4200	/16842819//3129855/782600/3.96/4.01//2008-9-18 10:47:57
64/600101/明星电力/3.930	15500	3.920	15000	3.910	13200	3.900	34000	3.890	300	3.950	3600	3.960	23300	3.970	3700	3.980	9200	3.990	1000	/16842819//3285494/822000/3.93/4.01//2008-9-18 10:48:57
64/600101/明星电力/3.920	15000	3.910	12200	3.900	33600	3.890	300	3.880	101200	3.930	20100	3.940	800	3.950	200	3.960	10500	3.970	3700	/16842819//3333813/834300/3.93/4.01//2008-9-18 10:49:57
64/600101/明星电力/3.920	700	3.910	12200	3.900	34600	3.890	300	3.880	100600	3.930	6000	3.940	800	3.950	500	3.960	10500	3.970	3200	/16842819//3378109/845600/3.92/4.01//2008-9-18 10:50:58
64/600101/明星电力/3.920	9900	3.900	34600	3.890	2000	3.880	102600	3.870	700	3.930	6000	3.950	1500	3.960	10500	3.970	3200	3.980	6200	/16842819//3483396/872500/3.92/4.01//2008-9-18 10:51:58
64/600101/明星电力/3.900	34600	3.890	12500	3.880	102600	3.870	1700	3.860	200	3.920	600	3.950	1500	3.960	10500	3.970	3200	3.980	6200	/16842819//3519070/881600/3.92/4.01//2008-9-18 10:52:58
64/600101/明星电力/3.920	2600	3.910	1000	3.900	34000	3.890	12500	3.880	102600	3.950	4600	3.960	10500	3.970	3200	3.980	6200	3.990	7400	/16842819//3521422/882200/3.92/4.01//2008-9-18 10:53:59
64/600101/明星电力/3.920	1600	3.910	11000	3.900	34000	3.890	12500	3.880	102600	3.950	3000	3.960	10500	3.970	3200	3.980	6200	3.990	7400	/16842819//3533242/885200/3.92/4.01//2008-9-18 10:54:59
64/600101/明星电力/3.920	1800	3.910	16000	3.900	34000	3.890	12500	3.880	102600	3.950	6900	3.960	10500	3.970	3200	3.980	6200	3.990	7400	/16842819//3546652/888600/3.95/4.01//2008-9-18 10:56:0
64/600101/明星电力/3.920	6800	3.910	16000	3.900	34000	3.890	12500	3.880	102600	3.950	6900	3.960	10500	3.970	3000	3.980	6200	3.990	7400	/16842819//3548612/889100/3.92/4.01//2008-9-18 10:57:0
64/600101/明星电力/3.920	9600	3.910	26000	3.900	34000	3.890	12500	3.880	102600	3.950	7900	3.960	10500	3.970	3000	3.980	6200	3.990	7400	/16842819//3548612/889100/3.92/4.01//2008-9-18 10:58:0
64/600101/明星电力/3.920	3100	3.910	26000	3.900	34000	3.890	12500	3.880	102600	3.950	17900	3.960	10500	3.970	3000	3.980	6200	3.990	7400	/16842819//3576052/896100/3.92/4.01//2008-9-18 10:59:1
64/600101/明星电力/3.920	100	3.910	26000	3.900	36600	3.890	12500	3.880	102600	3.950	20918	3.960	10500	3.970	3000	3.980	6200	3.990	7400	/16842819//3587812/899100/3.92/4.01//2008-9-18 11:0:1
64/600101/明星电力/3.920	14900	3.910	26000	3.900	36600	3.890	12500	3.880	102600	3.950	19418	3.960	500	3.970	3000	3.980	6200	3.990	3000	/16842819//3608196/904300/3.92/4.01//2008-9-18 11:1:2
64/600101/明星电力/3.910	26000	3.900	35600	3.890	12500	3.880	102600	3.870	1700	3.920	3375	3.930	1000	3.940	10000	3.950	15218	3.960	500	/16842819//3676798/921800/3.92/4.01//2008-9-18 11:2:2
64/600101/明星电力/3.900	19300	3.890	12500	3.880	102600	3.870	2200	3.860	200	3.910	14300	3.920	2375	3.930	5400	3.950	15218	3.960	500	/16842819//3863964/969700/3.9/4.01//2008-9-18 11:3:2
64/600101/明星电力/3.880	102600	3.870	2200	3.860	200	3.850	6800	3.840	1000	3.890	15000	3.900	12700	3.910	8300	3.920	2375	3.930	5400	/16842819//3987859/1001500/3.89/4.01//2008-9-18 11:4:3
64/600101/明星电力/3.880	79800	3.870	2200	3.860	200	3.850	6800	3.840	1000	3.890	13100	3.900	2000	3.910	8300	3.920	2375	3.930	5400	/16842819//4085659/1026700/3.89/4.01//2008-9-18 11:5:3
64/600101/明星电力/3.890	7800	3.880	40900	3.870	1000	3.860	1000	3.850	6800	3.900	2000	3.910	8300	3.920	2375	3.930	5400	3.950	17418	/16842819//4244371/1067600/3.89/4.01//2008-9-18 11:6:4
64/600101/明星电力/3.890	28300	3.880	40900	3.870	1000	3.860	1000	3.850	7200	3.900	3100	3.910	8300	3.920	2375	3.930	1000	3.950	17418	/16842819//4267371/1073500/3.9/4.01//2008-9-18 11:7:4
64/600101/明星电力/3.900	6900	3.890	1500	3.880	38300	3.870	1000	3.860	1000	3.910	8100	3.920	2375	3.930	1000	3.950	17418	3.960	500	/16842819//4397713/1107000/3.91/4.01//2008-9-18 11:8:4
64/600101/明星电力/3.890	6800	3.880	38300	3.870	1000	3.860	1000	3.850	7200	3.900	1000	3.910	8100	3.920	2375	3.930	1000	3.950	16218	/16842819//4431641/1115700/3.9/4.01//2008-9-18 11:9:5
64/600101/明星电力/3.880	12800	3.870	1000	3.860	1000	3.850	7200	3.840	1000	3.900	1900	3.910	7900	3.920	2375	3.930	1000	3.950	23218	/16842819//4556661/1147900/3.9/4.01//2008-9-18 11:10:5
64/600101/明星电力/3.880	9500	3.870	1000	3.860	1000	3.850	7200	3.840	1000	3.900	1100	3.910	7900	3.920	2375	3.930	1000	3.950	23218	/16842819//4573752/1152300/3.88/4.01//2008-9-18 11:11:6
64/600101/明星电力/3.870	800	3.860	1000	3.850	6000	3.840	1000	3.830	8100	3.880	6500	3.890	900	3.900	900	3.910	7900	3.920	2375	/16842819//4630806/1167000/3.87/4.01//2008-9-18 11:12:6
64/600101/明星电力/3.860	1000	3.850	6000	3.840	1000	3.830	8100	3.820	2000	3.870	7400	3.890	900	3.900	900	3.910	7900	3.920	2375	/16842819//4642416/1170000/3.87/4.01//2008-9-18 11:13:7
64/600101/明星电力/3.870	3200	3.860	2000	3.850	6000	3.840	1000	3.830	8100	3.890	900	3.900	100	3.910	7900	3.920	2375	3.930	1000	/16842819//4672989/1177900/3.87/4.01//2008-9-18 11:14:7
64/600101/明星电力/3.860	1000	3.850	6000	3.840	1000	3.830	8100	3.820	2000	3.870	2300	3.890	900	3.900	10900	3.910	7900	3.920	2375	/16842819//4685373/1181100/3.87/4.01//2008-9-18 11:15:7
64/600101/明星电力/3.860	3500	3.850	6000	3.840	1000	3.830	8100	3.820	2000	3.870	300	3.890	900	3.900	10900	3.910	7900	3.920	2375	/16842819//4696973/1184100/3.87/4.01//2008-9-18 11:16:8
64/600101/明星电力/3.870	1900	3.860	4300	3.850	26000	3.840	1000	3.830	8100	3.890	900	3.900	100	3.910	7900	3.920	2375	3.930	1000	/16842819//4697747/1184300/3.87/4.01//2008-9-18 11:17:8
64/600101/明星电力/3.860	4300	3.850	26000	3.840	1000	3.830	8100	3.820	2000	3.870	17000	3.890	900	3.900	1100	3.910	7900	3.920	2375	/16842819//4712066/1188000/3.87/4.01//2008-9-18 11:18:9
64/600101/明星电力/3.850	26000	3.840	1000	3.830	8100	3.820	2000	3.810	2800	3.870	16800	3.890	900	3.900	1100	3.910	7900	3.920	2375	/16842819//4744087/1196300/3.87/4.01//2008-9-18 11:19:9
64/600101/明星电力/3.840	1000	3.830	8100	3.820	2000	3.810	2800	3.800	15500	3.850	2600	3.870	16800	3.890	900	3.900	1100	3.910	7900	/16842819//4851117/1224100/3.85/4.01//2008-9-18 11:20:10
64/600101/明星电力/3.830	8100	3.820	2000	3.810	3300	3.800	12800	3.770	50100	3.850	5000	3.870	16800	3.890	900	3.900	1100	3.910	7900	/16842819//4857267/1225700/3.85/4.01//2008-9-18 11:21:10
64/600101/明星电力/3.830	2100	3.820	2000	3.810	3800	3.800	12800	3.780	2000	3.840	2000	3.850	12300	3.870	16800	3.890	900	3.900	1100	/16842819//4884087/1232700/3.83/4.01//2008-9-18 11:22:10
64/600101/明星电力/3.840	2700	3.830	400	3.820	2000	3.810	4300	3.800	12800	3.850	12000	3.870	16800	3.890	900	3.900	7100	3.910	7900	/16842819//4900962/1237100/3.84/4.01//2008-9-18 11:23:11
64/600101/明星电力/3.810	4300	3.800	12800	3.780	12400	3.770	51100	3.750	3500	3.820	100	3.850	12000	3.870	16800	3.890	900	3.900	7100	/16842819//4931962/1245200/3.82/4.01//2008-9-18 11:24:11
64/600101/明星电力/3.820	4200	3.810	7300	3.800	12800	3.780	22400	3.770	51600	3.850	12000	3.870	16800	3.880	100	3.890	15159	3.900	7100	/16842819//4941130/1247600/3.82/4.01//2008-9-18 11:25:12
64/600101/明星电力/3.820	2400	3.810	10300	3.800	12800	3.780	22400	3.770	51600	3.850	11900	3.870	16800	3.880	100	3.890	15159	3.900	7100	/16842819//4945335/1248700/3.85/4.01//2008-9-18 11:26:12
64/600101/明星电力/3.810	5800	3.800	13800	3.780	22400	3.770	51600	3.750	5500	3.820	2200	3.830	600	3.840	2000	3.850	12799	3.870	16800	/16842819//5007174/1264900/3.82/4.01//2008-9-18 11:27:13
64/600101/明星电力/3.800	16800	3.780	22400	3.770	1600	3.750	6500	3.740	5600	3.810	5700	3.820	2200	3.840	2000	3.850	12799	3.870	16800	/16842819//5036892/1272700/3.81/4.01//2008-9-18 11:28:13
64/600101/明星电力/3.800	2541	3.780	22400	3.770	1600	3.750	6500	3.740	9600	3.810	6200	3.820	2200	3.840	2800	3.850	11900	3.870	16800	/16842819//5106316/1290959/3.8/4.01//2008-9-18 11:29:14
64/600101/明星电力/3.800	49041	3.780	22000	3.770	1600	3.750	6800	3.740	9600	3.810	6200	3.820	2200	3.840	2800	3.850	11900	3.870	16800	/16842819//5116956/1293759/3.8/4.01//2008-9-18 11:30:14
64/600101/明星电力/3.800	49041	3.780	22000	3.770	1600	3.750	6800	3.740	9600	3.810	6200	3.820	2200	3.840	2800	3.850	11900	3.870	16800	/16842819//5116956/1293759/3.8/4.01//2008-9-18 11:31:15
64/600101/明星电力/3.790	1100	3.780	4900	3.770	600	3.760	1000	3.750	11600	3.800	15759	3.820	2200	3.840	2000	3.850	11900	3.870	16800	/16842819//5695129/1446000/3.78/4.01//2008-9-18 13:1:15
64/600101/明星电力/3.760	1000	3.750	24600	3.740	37800	3.730	102400	0.000	0	3.770	1400	3.780	600	3.800	14959	3.820	2200	3.840	2000	/16842819//5725782/1454100/3.77/4.01//2008-9-18 13:2:16
64/600101/明星电力/3.760	8000	3.750	24600	3.740	37800	3.730	108900	0.000	0	3.770	200	3.780	600	3.800	18959	3.820	2200	3.840	2000	/16842819//5749858/1460500/3.76/4.01//2008-9-18 13:3:16
64/600101/明星电力/3.760	12700	3.750	24600	3.740	38800	3.730	111700	0.000	0	3.790	11000	3.800	18959	3.820	2200	3.840	2000	3.850	11900	/16842819//5787504/1470500/3.76/4.01//2008-9-18 13:4:17
64/600101/明星电力/3.770	5100	3.760	9600	3.750	24100	3.740	44800	3.730	114900	3.780	1400	3.790	11000	3.800	19159	3.820	2200	3.840	2000	/16842819//5820298/1479200/3.78/4.01//2008-9-18 13:5:17
64/600101/明星电力/3.770	6100	3.760	9600	3.750	26100	3.740	44800	3.730	115900	3.780	4200	3.790	11000	3.800	19159	3.820	2200	3.840	2000	/16842819//5825968/1480700/3.78/4.01//2008-9-18 13:6:18
64/600101/明星电力/3.790	8400	3.770	8100	3.760	9600	3.750	26100	3.740	44800	3.800	16759	3.820	2200	3.840	13300	3.850	11900	3.870	16800	/16842819//5903980/1501300/3.8/4.01//2008-9-18 13:7:18
64/600101/明星电力/3.790	8400	3.780	2000	3.770	8100	3.760	11600	3.750	26100	3.800	459	3.820	2200	3.840	13300	3.850	11900	3.870	16800	/16842819//5965920/1517600/3.8/4.01//2008-9-18 13:8:19
64/600101/明星电力/3.800	41	3.790	8400	3.780	2000	3.770	8100	3.760	11600	3.820	2200	3.840	13300	3.850	11900	3.870	16800	3.880	2000	/16842819//5967664/1518059/3.8/4.01//2008-9-18 13:9:19
64/600101/明星电力/3.800	541	3.790	8400	3.780	2700	3.770	8100	3.760	11600	3.820	1100	3.840	13300	3.850	11900	3.870	16800	3.880	2000	/16842819//5973766/1519659/3.82/4.01//2008-9-18 13:10:20
64/600101/明星电力/3.780	2000	3.770	8100	3.760	12600	3.750	26100	3.740	44800	3.790	11159	3.820	3100	3.840	17300	3.850	11900	3.870	16800	/16842819//6007658/1528600/3.79/4.01//2008-9-18 13:11:20
64/600101/明星电力/3.780	21000	3.770	8100	3.760	12600	3.750	26100	3.740	44800	3.790	4059	3.820	22073	3.830	2000	3.840	17300	3.850	11900	/16842819//6034567/1535700/3.79/4.01//2008-9-18 13:12:21
64/600101/明星电力/3.790	11341	3.780	21000	3.770	9300	3.760	10600	3.750	26100	3.820	22073	3.830	2000	3.840	17300	3.850	12500	3.870	16800	/16842819//6049951/1539759/3.79/4.01//2008-9-18 13:13:21
64/600101/明星电力/3.790	13941	3.780	21000	3.770	9300	3.760	10600	3.750	26100	3.820	22073	3.830	2000	3.840	17300	3.850	12500	3.870	16800	/16842819//6055257/1541159/3.79/4.01//2008-9-18 13:14:22
64/600101/明星电力/3.800	3100	3.790	8141	3.780	21000	3.770	9300	3.760	15600	3.810	1000	3.820	21673	3.830	5000	3.840	13300	3.850	13200	/16842819//6078767/1547359/3.82/4.01//2008-9-18 13:15:22
64/600101/明星电力/3.790	4741	3.780	21000	3.770	9300	3.760	10600	3.750	26100	3.810	1000	3.820	32073	3.830	3000	3.840	13300	3.850	11200	/16842819//6122383/1558859/3.79/4.01//2008-9-18 13:16:23
64/600101/明星电力/3.790	2241	3.780	22000	3.770	9300	3.760	10600	3.750	25600	3.810	1000	3.820	32073	3.830	3000	3.840	13300	3.850	11200	/16842819//6135648/1562359/3.79/4.01//2008-9-18 13:17:23
64/600101/明星电力/3.790	17841	3.780	22000	3.770	9300	3.760	11600	3.750	25600	3.810	5700	3.820	32073	3.830	3000	3.840	13300	3.850	11200	/16842819//6134134/1561959/3.81/4.01//2008-9-18 13:18:24
64/600101/明星电力/3.800	500	3.790	19741	3.780	22000	3.770	9300	3.760	11600	3.810	10700	3.820	32073	3.830	3000	3.840	13300	3.850	11200	/16842819//6137924/1562959/3.79/4.01//2008-9-18 13:19:24
64/600101/明星电力/3.800	600	3.790	19741	3.780	22000	3.770	6200	3.760	11600	3.810	11700	3.820	32073	3.830	3000	3.840	13300	3.850	11200	/16842819//6137924/1562959/3.79/4.01//2008-9-18 13:20:25
64/600101/明星电力/3.790	17641	3.780	22000	3.770	6200	3.760	11600	3.750	25600	3.800	500	3.810	11700	3.820	15475	3.830	3000	3.840	13300	/16842819//6150821/1566359/3.79/4.01//2008-9-18 13:21:25
64/600101/明星电力/3.800	14700	3.790	19641	3.780	22000	3.770	6200	3.760	11600	3.810	14700	3.820	15475	3.830	3000	3.840	13300	3.850	11200	/16842819//6163741/1569759/3.8/4.01//2008-9-18 13:22:26
64/600101/明星电力/3.800	8620	3.790	25141	3.780	22000	3.770	6200	3.760	11600	3.810	15300	3.820	15475	3.830	3000	3.840	13300	3.850	10600	/16842819//6199029/1579039/3.81/4.01//2008-9-18 13:23:26
64/600101/明星电力/3.810	29820	3.800	3300	3.790	27141	3.780	22000	3.770	6200	3.820	15475	3.840	13300	3.850	11200	3.870	16800	3.880	18598	/16842819//6295322/1604339/3.81/4.01//2008-9-18 13:24:27
64/600101/明星电力/3.820	2525	3.810	28820	3.800	3300	3.790	27141	3.780	22000	3.840	13300	3.850	11200	3.870	16800	3.880	18598	3.890	2400	/16842819//6356341/1620314/3.82/4.01//2008-9-18 13:25:27
64/600101/明星电力/3.820	3025	3.810	28820	3.800	22800	3.790	26941	3.780	22000	3.840	13300	3.850	5500	3.870	16800	3.880	18598	3.890	2400	/16842819//6356341/1620314/3.82/4.01//2008-9-18 13:26:28
64/600101/明星电力/3.820	19325	3.810	16820	3.800	19500	3.790	26941	3.780	22000	3.840	12300	3.850	4900	3.870	16800	3.880	18598	3.890	2400	/16842819//6360181/1621314/3.84/4.01//2008-9-18 13:27:28
64/600101/明星电力/3.820	19245	3.810	16820	3.800	19500	3.790	26941	3.780	22000	3.840	12300	3.850	4900	3.870	16800	3.880	18598	3.890	2400	/16842819//6360487/1621394/3.82/4.01//2008-9-18 13:28:29
64/600101/明星电力/3.830	1000	3.820	20000	3.810	16820	3.800	21500	3.790	24941	3.840	10800	3.850	5400	3.870	16800	3.880	18598	3.890	2400	/16842819//6402617/1632394/3.83/4.01//2008-9-18 13:29:29
64/600101/明星电力/3.830	500	3.820	20000	3.810	16820	3.800	21500	3.790	24941	3.840	12800	3.850	5400	3.870	16800	3.880	18598	3.890	2400	/16842819//6396872/1630894/3.83/4.01//2008-9-18 13:30:30
64/600101/明星电力/3.830	430	3.820	20000	3.810	16820	3.800	21500	3.790	24941	3.840	10300	3.850	5400	3.860	2000	3.870	16800	3.880	18598	/16842819//6399060/1631464/3.83/4.01//2008-9-18 13:31:30
64/600101/明星电力/3.830	6900	3.820	25700	3.810	16820	3.800	20900	3.790	24941	3.840	8670	3.850	5900	3.860	2000	3.870	16800	3.880	18598	/16842819//6413362/1635194/3.84/4.01//2008-9-18 13:32:31
64/600101/明星电力/3.840	12730	3.830	12800	3.820	32700	3.810	16820	3.800	20900	3.850	4800	3.860	2400	3.870	16800	3.880	18598	3.890	2400	/16842819//6450890/1644964/3.85/4.01//2008-9-18 13:33:31
64/600101/明星电力/3.840	500	3.820	8400	3.810	16820	3.800	20900	3.790	22941	3.850	2700	3.860	2000	3.870	16800	3.880	18598	3.890	2400	/16842819//6648433/1696564/3.85/4.01//2008-9-18 13:34:32
64/600101/明星电力/3.860	1100	3.850	16200	3.840	1500	3.830	30700	3.820	10900	3.870	16800	3.880	2000	3.890	2400	3.900	7100	3.910	400	/16842819//6666548/1701264/3.86/4.01//2008-9-18 13:35:32
64/600101/明星电力/3.870	18000	3.850	10000	3.840	4000	3.830	30700	3.820	10900	3.880	800	3.890	2400	3.900	7100	3.910	400	3.920	1000	/16842819//6752818/1723564/3.88/4.01//2008-9-18 13:36:33
64/600101/明星电力/3.870	13000	3.850	10000	3.840	6900	3.830	31100	3.820	10900	3.890	1600	3.900	7100	3.910	400	3.920	1000	3.930	1000	/16842819//6762154/1725964/3.89/4.01//2008-9-18 13:37:34
64/600101/明星电力/3.870	11800	3.850	10000	3.840	6900	3.830	32000	3.820	10900	3.900	7700	3.910	1200	3.920	1000	3.930	1000	3.950	7000	/16842819//6778491/1730164/3.9/4.01//2008-9-18 13:38:34
64/600101/明星电力/3.850	10000	3.840	6900	3.830	2000	3.820	10900	3.810	16820	3.900	1400	3.910	1200	3.920	1000	3.930	1000	3.950	7000	/16842819//6901504/1761864/3.89/4.01//2008-9-18 13:39:35
64/600101/明星电力/3.850	6100	3.840	6900	3.830	2000	3.820	10900	3.810	16820	3.890	700	3.900	3400	3.910	1200	3.920	1000	3.930	1000	/16842819//6922339/1767264/3.89/4.01//2008-9-18 13:40:35
64/600101/明星电力/3.860	500	3.850	8200	3.840	6900	3.830	16400	3.820	10900	3.890	200	3.900	3400	3.910	1200	3.920	1000	3.930	1000	/16842819//6926229/1768264/3.89/4.01//2008-9-18 13:41:36
64/600101/明星电力/3.860	200	3.850	11800	3.840	6900	3.830	4000	3.820	10900	3.880	10000	3.890	3100	3.900	5400	3.910	1200	3.920	1000	/16842819//6939356/1771664/3.86/4.01//2008-9-18 13:42:36
64/600101/明星电力/3.870	1700	3.860	1300	3.850	9200	3.840	6900	3.830	3300	3.880	9900	3.890	3100	3.900	4400	3.910	1200	3.920	46000	/16842819//6940132/1771864/3.88/4.01//2008-9-18 13:43:37
64/600101/明星电力/3.890	1000	3.880	4000	3.870	1700	3.860	3500	3.850	9200	3.900	4400	3.910	1200	3.920	46000	3.930	1000	3.950	10600	/16842819//6990215/1784764/3.89/4.01//2008-9-18 13:44:37
64/600101/明星电力/3.890	4700	3.880	3100	3.870	1700	3.860	3500	3.850	10200	3.900	3500	3.910	1200	3.920	46000	3.930	1000	3.950	10600	/16842819//6996448/1786364/3.9/4.01//2008-9-18 13:45:38
64/600101/明星电力/3.900	3100	3.890	4700	3.880	3100	3.870	1700	3.860	3500	3.910	1600	3.920	46000	3.930	1000	3.950	10600	3.960	500	/16842819//7019068/1792164/3.9/4.01//2008-9-18 13:46:39
64/600101/明星电力/3.900	16200	3.890	4700	3.880	100	3.870	1700	3.860	3500	3.910	1600	3.920	46000	3.930	1000	3.950	10600	3.960	500	/16842819//7032718/1795664/3.9/4.01//2008-9-18 13:47:39
64/600101/明星电力/3.910	1500	3.900	19400	3.890	4300	3.880	100	3.870	1700	3.920	46000	3.930	1000	3.950	10600	3.960	500	3.970	600	/16842819//7052659/1800764/3.91/4.01//2008-9-18 13:48:40
64/600101/明星电力/3.890	4000	3.880	100	3.870	1200	3.860	4000	3.850	9100	3.910	3900	3.920	46000	3.930	1000	3.950	10600	3.960	500	/16842819//7177188/1832664/3.91/4.01//2008-9-18 13:49:40
64/600101/明星电力/3.880	100	3.860	2300	3.850	9600	3.840	1000	3.830	3300	3.890	7200	3.900	20000	3.910	2300	3.920	46000	3.930	1000	/16842819//7199361/1838364/3.89/4.01//2008-9-18 13:50:41
64/600101/明星电力/3.880	100	3.860	4600	3.850	9600	3.840	1000	3.830	33300	3.890	9300	3.900	20000	3.910	2300	3.920	45000	3.930	1000	/16842819//7199361/1838364/3.89/4.01//2008-9-18 13:51:41
64/600101/明星电力/3.880	100	3.860	1700	3.850	9600	3.840	4100	3.830	33300	3.890	12000	3.900	20000	3.910	2000	3.920	45000	3.930	1000	/16842819//7199361/1838364/3.89/4.01//2008-9-18 13:52:42
64/600101/明星电力/3.850	9100	3.840	7000	3.830	33300	3.820	11900	3.810	16820	3.860	1800	3.880	1900	3.890	12000	3.900	20000	3.910	2000	/16842819//7206311/1840164/3.86/4.01//2008-9-18 13:53:42
64/600101/明星电力/3.850	9400	3.840	4700	3.830	33300	3.820	9400	3.810	16820	3.870	1000	3.880	1700	3.890	11700	3.900	20000	3.910	2000	/16842819//7214035/1842164/3.88/4.01//2008-9-18 13:54:43
64/600101/明星电力/3.850	9900	3.840	4700	3.830	33300	3.820	9400	3.810	16820	3.870	1000	3.880	1700	3.890	11700	3.900	20000	3.910	2000	/16842819//7214035/1842164/3.88/4.01//2008-9-18 13:55:44
64/600101/明星电力/3.860	1000	3.850	10900	3.840	4100	3.830	33300	3.820	10400	3.870	1000	3.880	12500	3.890	11700	3.900	21100	3.910	2000	/16842819//7214035/1842164/3.88/4.01//2008-9-18 13:56:44
64/600101/明星电力/3.870	4000	3.860	1000	3.850	13400	3.840	4100	3.830	33300	3.880	12500	3.890	11700	3.900	21100	3.910	2000	3.920	45000	/16842819//7217905/1843164/3.87/4.01//2008-9-18 13:57:45
64/600101/明星电力/3.870	4000	3.860	1600	3.850	13400	3.840	4100	3.830	33300	3.880	12100	3.890	10600	3.900	21100	3.910	2000	3.920	45000	/16842819//7218293/1843264/3.88/4.01//2008-9-18 13:58:45
64/600101/明星电力/3.850	11500	3.840	3900	3.830	47300	3.820	10000	3.810	23820	3.880	3600	3.890	7200	3.900	3500	3.910	3900	3.920	45000	/16842819//7279858/1859164/3.85/4.01//2008-9-18 13:59:46
64/600101/明星电力/3.880	4200	3.860	1700	3.850	12500	3.840	3900	3.830	52300	3.890	7200	3.900	4500	3.910	3900	3.920	45000	3.930	1000	/16842819//7293826/1862764/3.88/4.01//2008-9-18 14:0:47
64/600101/明星电力/3.860	700	3.850	12000	3.840	3900	3.830	52300	3.820	10000	3.880	2200	3.890	8200	3.900	4500	3.910	3900	3.920	45000	/16842819//7314778/1868164/3.88/4.01//2008-9-18 14:1:47
64/600101/明星电力/3.860	700	3.850	11000	3.840	3900	3.830	52300	3.820	10000	3.880	5200	3.890	8200	3.900	4500	3.910	5000	3.920	45000	/16842819//7314778/1868164/3.88/4.01//2008-9-18 14:2:48
64/600101/明星电力/3.860	2400	3.850	12000	3.840	3900	3.830	52300	3.820	11700	3.880	7100	3.890	8200	3.900	2100	3.910	5000	3.920	45000	/16842819//7322894/1870264/3.86/4.01//2008-9-18 14:3:48
64/600101/明星电力/3.850	13000	3.840	3900	3.830	52300	3.820	11700	3.810	11000	3.860	600	3.880	7100	3.890	8200	3.900	2100	3.910	5000	/16842819//7330614/1872264/3.86/4.01//2008-9-18 14:4:49
64/600101/明星电力/3.850	13000	3.840	3900	3.830	52300	3.820	11700	3.810	11000	3.880	5200	3.890	8200	3.900	2100	3.910	5000	3.920	45000	/16842819//7336442/1873764/3.88/4.01//2008-9-18 14:5:50
64/600101/明星电力/3.850	12200	3.840	3900	3.830	52300	3.820	11700	3.810	11000	3.860	38000	3.880	5700	3.890	8200	3.900	2100	3.910	5000	/16842819//7353802/1878264/3.86/4.01//2008-9-18 14:6:50
64/600101/明星电力/3.850	16400	3.840	9000	3.830	52300	3.820	11700	3.810	11000	3.860	24600	3.870	30000	3.880	5200	3.890	8200	3.900	2100	/16842819//7408606/1892464/3.86/4.01//2008-9-18 14:7:51
64/600101/明星电力/3.850	16900	3.840	9000	3.830	52300	3.820	11700	3.810	11000	3.860	6500	3.870	30000	3.880	5200	3.890	8200	3.900	2100	/16842819//7481946/1911464/3.86/4.01//2008-9-18 14:8:51
64/600101/明星电力/3.860	8100	3.850	200	3.840	9000	3.830	50300	3.820	11700	3.880	900	3.890	8200	3.900	2100	3.910	5000	3.920	45000	/16842819//7778023/1988064/3.88/4.01//2008-9-18 14:9:52
64/600101/明星电力/3.880	200	3.870	1000	3.860	5400	3.850	3100	3.840	10900	3.890	3700	3.900	2100	3.910	5000	3.920	45000	3.930	1000	/16842819//7800572/1993864/3.88/4.01//2008-9-18 14:10:53
64/600101/明星电力/3.900	34000	3.890	28300	3.880	1200	3.870	1000	3.860	2700	3.910	3900	3.920	45000	3.930	1000	3.950	11600	3.960	500	/16842819//7823545/1999764/3.9/4.01//2008-9-18 14:11:53
64/600101/明星电力/3.910	13400	3.900	11100	3.890	28300	3.880	200	3.870	1000	3.920	45000	3.930	1000	3.950	11600	3.960	500	3.970	1600	/16842819//7838404/2003564/3.91/4.01//2008-9-18 14:12:54
64/600101/明星电力/3.910	6400	3.900	15700	3.890	27800	3.880	200	3.870	1000	3.920	43900	3.930	1000	3.950	11600	3.960	500	3.970	1600	/16842819//7860702/2009264/3.91/4.01//2008-9-18 14:13:55
64/600101/明星电力/3.910	6600	3.900	15700	3.890	27800	3.880	200	3.870	1000	3.920	42900	3.930	1000	3.950	10600	3.960	500	3.970	1600	/16842819//7867359/2010964/3.91/4.01//2008-9-18 14:14:55
64/600101/明星电力/3.900	12300	3.890	27800	3.880	200	3.870	4000	3.860	1700	3.910	5000	3.920	42200	3.930	1000	3.950	10600	3.960	500	/16842819//7909169/2021664/3.92/4.01//2008-9-18 14:15:56
64/600101/明星电力/3.900	9800	3.890	27800	3.880	200	3.870	4000	3.860	3200	3.910	2000	3.920	42500	3.930	1000	3.950	10600	3.960	500	/16842819//7932599/2027664/3.9/4.01//2008-9-18 14:16:56
64/600101/明星电力/3.910	6200	3.900	9800	3.890	27800	3.880	200	3.870	4000	3.920	42400	3.930	1000	3.950	10600	3.960	500	3.970	1600	/16842819//7940811/2029764/3.92/4.01//2008-9-18 14:17:57
64/600101/明星电力/3.910	6300	3.900	10800	3.890	1500	3.880	200	3.870	4000	3.920	6600	3.930	1000	3.950	10600	3.960	500	3.970	1600	/16842819//8091731/2068264/3.92/4.01//2008-9-18 14:18:58
64/600101/明星电力/3.950	2000	3.940	1000	3.930	6600	3.920	55000	3.910	8800	3.960	500	3.970	2500	3.980	8400	3.990	6300	4.000	13900	/16842819//8165773/2087064/3.95/4.01//2008-9-18 14:19:58
64/600101/明星电力/3.960	44300	3.950	4000	3.940	500	3.930	5800	3.920	43700	3.970	100	3.980	5400	3.990	6300	4.000	13900	4.010	6500	/16842819//8169353/2087964/3.97/4.01//2008-9-18 14:20:59
64/600101/明星电力/3.990	5000	3.980	7600	3.970	6300	3.960	33200	3.950	2000	4.000	8200	4.010	6500	4.020	3700	4.030	1000	4.040	7300	/16842819//8250673/2108364/4.0/4.01//2008-9-18 14:22:0
64/600101/明星电力/4.000	15800	3.990	1300	3.980	7600	3.970	7800	3.960	600	4.010	900	4.020	3700	4.030	2500	4.040	7300	4.050	39700	/16842819//8309104/2122964/4.01/4.01//2008-9-18 14:23:0
64/600101/明星电力/4.010	5000	4.000	33000	3.990	1200	3.980	6600	3.970	6400	4.020	2700	4.030	2800	4.040	10000	4.050	36000	4.060	4900	/16842819//8366390/2137264/4.01/4.01//2008-9-18 14:24:1
64/600101/明星电力/4.010	4700	4.000	45000	3.990	1200	3.980	5300	3.970	6400	4.020	2700	4.030	2900	4.040	10000	4.050	36000	4.060	4900	/16842819//8372806/2138864/4.01/4.01//2008-9-18 14:25:2
64/600101/明星电力/4.000	45900	3.990	1200	3.980	5300	3.970	5500	3.960	300	4.010	5420	4.020	3800	4.030	2900	4.040	10000	4.050	36000	/16842819//8418911/2150364/4.0/4.01//2008-9-18 14:26:2
64/600101/明星电力/3.990	1200	3.980	5300	3.970	5500	3.960	300	3.950	5700	4.000	47200	4.010	3320	4.020	3800	4.030	2900	4.040	10000	/16842819//8596132/2194664/4.0/4.01//2008-9-18 14:27:3
64/600101/明星电力/3.980	600	3.970	5500	3.960	300	3.950	5700	3.940	500	3.990	7400	4.000	55600	4.010	9500	4.020	2800	4.030	1400	/16842819//8576516/2189764/3.98/4.01//2008-9-18 14:28:4
64/600101/明星电力/3.960	300	3.950	5700	3.940	500	3.930	7800	3.920	28700	3.970	2220	3.980	6900	3.990	6300	4.000	18600	4.010	6400	/16842819//8598754/2195364/3.97/4.01//2008-9-18 14:29:4
64/600101/明星电力/3.940	1500	3.930	11400	3.920	27700	3.910	16900	3.900	10800	3.950	1500	3.960	26624	3.970	2320	3.980	6900	3.990	8900	/16842819//8614122/2199264/3.95/4.01//2008-9-18 14:30:5
64/600101/明星电力/3.930	3600	3.920	27700	3.910	16900	3.900	11200	3.890	1500	3.950	22000	3.960	20024	3.970	2220	3.980	6900	3.990	5600	/16842819//8663714/2211864/3.93/4.01//2008-9-18 14:31:6
64/600101/明星电力/3.940	29900	3.920	27900	3.910	16800	3.900	11200	3.890	1500	3.950	21900	3.960	20024	3.970	1720	3.980	1000	3.990	5600	/16842819//8687708/2217964/3.95/4.01//2008-9-18 14:32:6
64/600101/明星电力/3.940	25400	3.930	1800	3.920	27900	3.910	16800	3.900	11200	3.950	20100	3.960	24	3.970	1720	3.980	1000	3.990	5600	/16842819//8739787/2231164/3.95/4.01//2008-9-18 14:33:7
64/600101/明星电力/3.970	56	3.950	3900	3.940	32500	3.930	2800	3.920	27900	3.980	1000	3.990	2200	4.000	13200	4.010	500	4.020	2700	/16842819//8826677/2253152/3.97/4.01//2008-9-18 14:34:8
64/600101/明星电力/3.980	1800	3.970	56	3.960	1900	3.950	6700	3.940	32500	3.990	1100	4.000	13000	4.010	500	4.020	2700	4.030	1000	/16842819//8827708/2253408/3.99/4.01//2008-9-18 14:35:8
64/600101/明星电力/3.970	256	3.960	1900	3.950	6700	3.940	32500	3.930	2800	3.990	1300	4.000	2500	4.020	2700	4.030	1000	4.040	10000	/16842819//8842859/2257208/3.99/4.01//2008-9-18 14:36:9
64/600101/明星电力/3.980	5000	3.970	256	3.960	1900	3.950	6700	3.940	32500	3.990	9500	4.000	2600	4.020	2700	4.030	1000	4.040	10000	/16842819//8865597/2262908/3.98/4.01//2008-9-18 14:37:10
64/600101/明星电力/3.950	2700	3.940	33000	3.930	2800	3.920	27900	3.910	14300	3.960	2844	3.980	2000	3.990	10200	4.000	3518	4.020	2700	/16842819//8902577/2272220/3.96/4.01//2008-9-18 14:38:10
64/600101/明星电力/3.930	5800	3.920	27900	3.910	14300	3.900	15200	3.890	1500	3.940	876	3.950	1800	3.960	2844	3.980	500	3.990	10200	/16842819//8914552/2275264/3.94/4.01//2008-9-18 14:39:11
64/600101/明星电力/3.950	1600	3.940	8724	3.930	4200	3.920	1700	3.910	14300	3.960	2844	3.980	500	3.990	10200	4.000	17918	4.010	500	/16842819//8929835/2279140/3.95/4.01//2008-9-18 14:40:12
64/600101/明星电力/3.950	500	3.940	7124	3.930	4200	3.920	1700	3.910	14300	3.960	2844	3.980	500	3.990	10200	4.000	22918	4.010	500	/16842819//8968853/2289040/3.94/4.01//2008-9-18 14:41:12
64/600101/明星电力/3.930	4200	3.920	1700	3.910	14300	3.900	17300	3.890	1500	3.940	876	3.960	3743	3.980	7100	3.990	10200	4.000	22918	/16842819//9006776/2298664/3.94/4.01//2008-9-18 14:42:13
64/600101/明星电力/3.940	2500	3.930	1200	3.920	2700	3.910	14300	3.900	17700	3.960	2844	3.980	7100	3.990	1700	4.000	23918	4.010	500	/16842819//9018088/2301540/3.94/4.01//2008-9-18 14:43:14
64/600101/明星电力/3.930	1200	3.920	4700	3.910	14300	3.900	17700	3.890	1500	3.940	18200	3.950	100	3.960	2844	3.980	1500	3.990	7300	/16842819//9040152/2307140/3.94/4.01//2008-9-18 14:44:14
64/600101/明星电力/3.930	4200	3.920	5600	3.910	14300	3.900	14600	3.890	1500	3.940	7300	3.950	100	3.960	2844	3.980	1000	3.990	7300	/16842819//9072066/2315240/3.94/4.01//2008-9-18 14:45:15
64/600101/明星电力/3.930	4200	3.920	5600	3.910	14300	3.900	14600	3.890	1500	3.940	5300	3.950	2700	3.960	2844	3.980	1000	3.990	7300	/16842819//9082310/2317840/3.94/4.01//2008-9-18 14:46:16
64/600101/明星电力/3.940	1300	3.920	5800	3.910	14300	3.900	14600	3.890	1500	3.950	100	3.960	2844	3.980	1000	3.990	7700	4.000	23918	/16842819//9133086/2330740/3.94/4.01//2008-9-18 14:47:16
64/600101/明星电力/3.920	5100	3.910	14300	3.900	14600	3.890	1500	3.880	200	3.930	1000	3.940	3000	3.950	5700	3.960	2844	3.980	1000	/16842819//9138208/2332040/3.94/4.01//2008-9-18 14:48:17
64/600101/明星电力/3.920	5100	3.910	14300	3.900	14600	3.890	1500	3.880	200	3.940	500	3.950	5700	3.960	2844	3.980	1000	3.990	7700	/16842819//9151988/2335540/3.94/4.01//2008-9-18 14:49:18
64/600101/明星电力/3.920	1100	3.910	14300	3.900	15100	3.890	1500	3.880	200	3.930	9300	3.940	18200	3.950	5700	3.960	7644	3.980	1000	/16842819//9172369/2340740/3.92/4.01//2008-9-18 14:50:18
64/600101/明星电力/3.910	14300	3.900	14700	3.890	1500	3.880	200	3.870	4000	3.920	21700	3.930	11300	3.940	19700	3.950	3100	3.960	7644	/16842819//9177465/2342040/3.92/4.01//2008-9-18 14:51:19
64/600101/明星电力/3.910	4100	3.900	14700	3.890	1500	3.880	200	3.870	4000	3.920	21700	3.930	11300	3.940	19700	3.950	3100	3.960	7644	/16842819//9217347/2352240/3.91/4.01//2008-9-18 14:52:20
64/600101/明星电力/3.910	100	3.900	15200	3.890	1500	3.880	4700	3.870	4000	3.920	20700	3.930	11300	3.940	18000	3.950	3100	3.960	7644	/16842819//9257229/2362440/3.91/4.01//2008-9-18 14:53:21
64/600101/明星电力/3.910	2200	3.900	14200	3.890	1500	3.880	7700	3.870	4000	3.920	10100	3.930	11300	3.940	18000	3.950	3100	3.960	7644	/16842819//9298781/2373040/3.92/4.01//2008-9-18 14:54:21
64/600101/明星电力/3.910	1600	3.900	13200	3.890	1500	3.880	7700	3.870	4000	3.920	10100	3.930	11300	3.940	13000	3.950	3100	3.960	7644	/16842819//9300345/2373440/3.91/4.01//2008-9-18 14:55:22
64/600101/明星电力/3.910	4300	3.900	15200	3.890	1500	3.880	7700	3.870	6500	3.920	10100	3.930	11600	3.940	13000	3.950	3100	3.960	7644	/16842819//9330853/2381240/3.91/4.01//2008-9-18 14:56:23
64/600101/明星电力/3.910	6100	3.900	15200	3.890	1500	3.880	7700	3.870	6500	3.920	600	3.930	11600	3.940	3000	3.950	4700	3.960	7644	/16842819//9396265/2397940/3.92/4.01//2008-9-18 14:57:23
64/600101/明星电力/3.910	5800	3.900	7600	3.890	1500	3.880	7700	3.870	6500	3.920	10400	3.930	11600	3.940	3000	3.950	4700	3.960	7644	/16842819//9404105/2399940/3.92/4.01//2008-9-18 14:58:24
64/600101/明星电力/3.920	30600	3.910	5800	3.900	7600	3.890	1500	3.880	7700	3.930	19200	3.940	3000	3.950	4700	3.960	7644	3.980	1000	/16842819//9471137/2417040/3.92/4.01//2008-9-18 14:59:25
64/600101/明星电力/3.920	28500	3.910	5800	3.900	7600	3.890	1500	3.880	7700	3.930	18900	3.940	3400	3.950	4700	3.960	9644	3.980	1000	/16842819//9485657/2420740/3.92/4.01//2008-9-18 15:0:26
64/600101/明星电力/3.920	28500	3.910	5800	3.900	7600	3.890	1500	3.880	7700	3.930	18900	3.940	3400	3.950	4700	3.960	9644	3.980	1000	/16842819//9485657/2420740/3.92/4.01//2008-9-18 15:1:26
64/600101/明星电力/3.920	28500	3.910	5800	3.900	7600	3.890	1500	3.880	7700	3.930	18900	3.940	3400	3.950	4700	3.960	9644	3.980	1000	/16842819//9485657/2420740/3.92/4.01//2008-9-18 15:2:27
