67/600104/上海汽车/5.750	183000	5.740	900	5.730	6200	5.720	300	5.710	11400	5.800	700	5.830	5000	5.840	2200	5.850	3100	5.860	12967	/16842822//2528678/433600/5.8/5.93//2008-9-18 9:31:34
67/600104/上海汽车/5.800	2600	5.790	600	5.780	2000	5.770	2500	5.760	10300	5.820	3700	5.830	4100	5.840	24700	5.850	3900	5.860	13467	/16842822//3001326/515100/5.8/5.93//2008-9-18 9:32:35
67/600104/上海汽车/5.810	2333	5.800	7000	5.780	3600	5.770	6200	5.760	29600	5.820	9200	5.830	6600	5.840	24500	5.850	3500	5.860	12400	/16842822//3123773/536167/5.82/5.93//2008-9-18 9:33:35
67/600104/上海汽车/5.780	33600	5.770	7300	5.760	24200	5.750	194200	5.740	900	5.800	41567	5.810	9888	5.820	15000	5.830	5800	5.840	22500	/16842822//3318639/569700/5.8/5.93//2008-9-18 9:34:35
67/600104/上海汽车/5.760	36100	5.750	198500	5.740	900	5.730	9200	5.720	16500	5.780	100	5.790	500	5.800	19967	5.810	6100	5.820	11200	/16842822//3934122/676099/5.8/5.93//2008-9-18 9:35:35
67/600104/上海汽车/5.760	3000	5.750	170312	5.740	900	5.730	9200	5.720	16200	5.770	1400	5.780	54400	5.790	1000	5.800	23367	5.810	4100	/16842822//4762059/819687/5.77/5.93//2008-9-18 9:36:36
67/600104/上海汽车/5.750	125082	5.740	3900	5.730	10200	5.720	34300	5.710	16800	5.760	31800	5.770	61550	5.780	12400	5.790	2000	5.800	27867	/16842822//5465067/941717/5.76/5.93//2008-9-18 9:37:36
67/600104/上海汽车/5.740	5280	5.730	10100	5.720	37600	5.710	17500	5.700	52700	5.750	50218	5.760	43080	5.770	45900	5.780	1400	5.790	2000	/16842822//6441742/1111619/5.74/5.93//2008-9-18 9:38:36
67/600104/上海汽车/5.750	21877	5.740	8300	5.730	4100	5.720	83280	5.710	17500	5.760	38880	5.770	45500	5.780	1400	5.790	2000	5.800	31467	/16842822//7011036/1210742/5.75/5.93//2008-9-18 9:39:36
67/600104/上海汽车/5.790	500	5.760	27800	5.750	58674	5.740	3500	5.730	45400	5.800	18267	5.810	1100	5.820	14700	5.830	9400	5.840	500	/16842822//7600513/1313045/5.79/5.93//2008-9-18 9:40:36
67/600104/上海汽车/5.780	6700	5.770	18000	5.760	32100	5.750	60874	5.740	4100	5.800	2700	5.810	1700	5.820	11700	5.830	8400	5.840	500	/16842822//7809730/1349155/5.8/5.93//2008-9-18 9:41:37
67/600104/上海汽车/5.770	18000	5.760	16500	5.750	61874	5.740	4000	5.730	49900	5.780	10367	5.790	9600	5.800	23800	5.810	700	5.820	11700	/16842822//8098616/1399055/5.78/5.93//2008-9-18 9:42:37
67/600104/上海汽车/5.770	10700	5.760	17500	5.750	62174	5.740	53500	5.730	40900	5.780	667	5.790	9600	5.800	25200	5.810	2700	5.820	12500	/16842822//8318171/1437055/5.77/5.93//2008-9-18 9:43:37
67/600104/上海汽车/5.780	3800	5.770	7133	5.760	17800	5.750	63174	5.740	54600	5.790	800	5.800	26000	5.810	2700	5.820	12000	5.830	7900	/16842822//8431894/1456722/5.78/5.93//2008-9-18 9:44:37
67/600104/上海汽车/5.790	2600	5.780	6600	5.770	12033	5.760	13000	5.750	64674	5.800	21600	5.810	2700	5.820	12000	5.830	7900	5.840	500	/16842822//8505449/1469422/5.79/5.93//2008-9-18 9:45:37
67/600104/上海汽车/5.760	25533	5.750	76774	5.740	2500	5.730	35200	5.720	94180	5.800	11400	5.810	2700	5.820	12000	5.830	7900	5.840	500	/16842822//8874525/1533322/5.76/5.93//2008-9-18 9:46:38
67/600104/上海汽车/5.780	700	5.770	3600	5.760	42133	5.750	140774	5.740	2200	5.800	13400	5.810	2700	5.820	12000	5.830	7900	5.840	500	/16842822//9028813/1560022/5.8/5.93//2008-9-18 9:47:38
67/600104/上海汽车/5.780	6400	5.770	12500	5.760	43133	5.750	144674	5.740	2200	5.790	600	5.800	32000	5.810	2700	5.820	12000	5.830	7900	/16842822//9187695/1587522/5.77/5.93//2008-9-18 9:48:38
67/600104/上海汽车/5.780	9500	5.770	12600	5.760	46933	5.750	161074	5.740	3000	5.790	20600	5.800	16200	5.810	2700	5.820	12000	5.830	7900	/16842822//9286821/1604622/5.79/5.93//2008-9-18 9:49:39
67/600104/上海汽车/5.780	300	5.770	32100	5.760	19233	5.750	164374	5.740	5000	5.790	13000	5.800	17200	5.810	2700	5.820	15100	5.830	7900	/16842822//9724277/1680422/5.78/5.93//2008-9-18 9:50:39
67/600104/上海汽车/5.760	19833	5.750	160074	5.740	4300	5.730	49300	5.720	105880	5.770	1700	5.780	1100	5.790	1200	5.800	17200	5.810	2700	/16842822//10123139/1749522/5.77/5.93//2008-9-18 9:51:39
67/600104/上海汽车/5.750	157774	5.740	4300	5.730	50300	5.720	106880	5.710	50000	5.760	21967	5.770	4400	5.780	2100	5.790	5100	5.800	17200	/16842822//10345587/1788155/5.76/5.93//2008-9-18 9:52:39
67/600104/上海汽车/5.750	153265	5.740	8700	5.730	48100	5.720	112680	5.710	50000	5.760	3200	5.770	13600	5.780	2200	5.790	12400	5.800	14400	/16842822//10631428/1837764/5.75/5.93//2008-9-18 9:53:40
67/600104/上海汽车/5.750	118465	5.740	8700	5.730	51600	5.720	110080	5.710	50500	5.760	200	5.770	18900	5.780	2200	5.790	12800	5.800	32800	/16842822//10918556/1887664/5.75/5.93//2008-9-18 9:54:40
67/600104/上海汽车/5.730	55600	5.720	113180	5.710	51000	5.700	96500	5.690	300	5.740	2590	5.750	6925	5.760	30400	5.770	12400	5.780	2200	/16842822//11783670/2038129/5.74/5.93//2008-9-18 9:55:40
67/600104/上海汽车/5.720	89040	5.710	59500	5.700	97400	5.690	900	5.680	24600	5.730	800	5.750	14125	5.760	28900	5.770	13400	5.780	2200	/16842822//12360735/2138869/5.72/5.93//2008-9-18 9:56:41
67/600104/上海汽车/5.730	8400	5.720	79540	5.710	58000	5.700	96300	5.690	3500	5.750	20825	5.760	29400	5.770	13400	5.780	2200	5.790	7200	/16842822//12517139/2166169/5.75/5.93//2008-9-18 9:57:41
67/600104/上海汽车/5.740	100	5.730	8100	5.720	85640	5.710	53000	5.700	95200	5.750	29825	5.760	23600	5.770	13400	5.780	3200	5.790	7200	/16842822//12704312/2198769/5.74/5.93//2008-9-18 9:58:41
67/600104/上海汽车/5.740	1700	5.730	3700	5.720	88540	5.710	52900	5.700	98700	5.750	24725	5.760	22600	5.770	13400	5.780	3200	5.790	7200	/16842822//12795688/2214669/5.75/5.93//2008-9-18 9:59:41
67/600104/上海汽车/5.730	5700	5.720	89040	5.710	53200	5.700	104200	5.690	3700	5.740	4700	5.750	23425	5.760	23700	5.770	12500	5.780	6200	/16842822//12925376/2237269/5.74/5.93//2008-9-18 10:0:42
67/600104/上海汽车/5.730	2400	5.720	90040	5.710	53700	5.700	106200	5.690	3700	5.740	1700	5.750	29425	5.760	23700	5.770	12500	5.780	6200	/16842822//13126604/2272369/5.73/5.93//2008-9-18 10:1:42
67/600104/上海汽车/5.720	81240	5.710	54900	5.700	106000	5.690	3700	5.680	29800	5.730	4700	5.740	12700	5.750	6325	5.760	18700	5.770	12500	/16842822//13481830/2334269/5.72/5.73//2008-9-18 10:2:42
67/600104/上海汽车/5.690	13700	5.680	31800	5.670	20200	5.660	6300	5.650	26500	5.700	8360	5.720	200	5.730	4900	5.740	12200	5.750	19625	/16842822//15029246/2605209/5.7/5.73//2008-9-18 10:3:42
67/600104/上海汽车/5.680	28200	5.670	20200	5.660	7300	5.650	26200	5.640	600	5.690	1400	5.700	1000	5.720	3000	5.730	21100	5.740	31700	/16842822//15457275/2680309/5.69/5.73//2008-9-18 10:4:43
67/600104/上海汽车/5.690	4900	5.680	13800	5.670	20400	5.660	6400	5.650	26800	5.700	32300	5.710	10200	5.720	15200	5.730	26900	5.740	34700	/16842822//15892310/2756709/5.69/5.73//2008-9-18 10:5:43
67/600104/上海汽车/5.670	17110	5.660	7800	5.650	25500	5.630	3200	5.620	9400	5.680	52100	5.690	46498	5.700	44800	5.710	11800	5.720	15200	/16842822//16226368/2815499/5.67/5.73//2008-9-18 10:6:43
67/600104/上海汽车/5.630	5500	5.620	6200	5.610	9800	5.600	146800	5.580	8600	5.650	6800	5.660	12000	5.670	66128	5.680	12100	5.690	35398	/16842822//16721352/2902909/5.65/5.73//2008-9-18 10:7:44
67/600104/上海汽车/5.640	74600	5.630	7500	5.620	7100	5.610	17900	5.600	148300	5.650	200	5.660	6500	5.670	53128	5.680	5800	5.690	34038	/16842822//17193452/2986509/5.64/5.73//2008-9-18 10:8:44
67/600104/上海汽车/5.650	22900	5.640	75200	5.630	8100	5.620	9600	5.610	22200	5.670	26800	5.680	7300	5.690	34038	5.700	29500	5.710	3500	/16842822//17524646/3045009/5.65/5.73//2008-9-18 10:9:44
67/600104/上海汽车/5.660	14500	5.650	24300	5.640	76100	5.630	6100	5.620	7400	5.670	4900	5.680	7300	5.690	31038	5.700	21500	5.710	3000	/16842822//17799938/3093609/5.67/5.73//2008-9-18 10:10:44
67/600104/上海汽车/5.660	19590	5.650	44800	5.640	69400	5.630	5600	5.620	12400	5.670	1000	5.690	29038	5.700	21500	5.710	3000	5.720	5700	/16842822//18010518/3130719/5.67/5.73//2008-9-18 10:11:45
67/600104/上海汽车/5.680	48200	5.670	13100	5.660	28990	5.650	49300	5.640	74400	5.690	23838	5.700	20500	5.710	3000	5.720	5700	5.730	9400	/16842822//18143438/3154119/5.69/5.73//2008-9-18 10:12:45
67/600104/上海汽车/5.670	14100	5.660	29890	5.650	49100	5.640	77100	5.630	5600	5.680	40909	5.690	5338	5.700	18100	5.710	3000	5.720	5800	/16842822//18833176/3275519/5.68/5.73//2008-9-18 10:13:45
67/600104/上海汽车/5.660	18590	5.650	50900	5.640	77100	5.630	5600	5.620	12700	5.670	23499	5.680	30509	5.690	9538	5.700	16100	5.710	3000	/16842822//19029510/3310119/5.67/5.73//2008-9-18 10:14:46
67/600104/上海汽车/5.670	1391	5.660	5700	5.650	50700	5.640	76900	5.630	5600	5.680	20509	5.690	11538	5.700	17700	5.710	3000	5.720	9800	/16842822//19375212/3371118/5.67/5.73//2008-9-18 10:15:46
67/600104/上海汽车/5.670	1791	5.660	39000	5.650	51800	5.640	76800	5.630	5600	5.680	12709	5.690	8938	5.700	19900	5.710	3000	5.720	11800	/16842822//19580542/3407318/5.68/5.73//2008-9-18 10:16:46
67/600104/上海汽车/5.690	6262	5.680	12391	5.670	24191	5.660	40700	5.650	52200	5.700	17900	5.710	3000	5.720	11800	5.730	9400	5.740	12900	/16842822//19755216/3438065/5.69/5.73//2008-9-18 10:17:47
67/600104/上海汽车/5.700	28800	5.690	11312	5.680	18591	5.670	24191	5.660	41800	5.720	11800	5.730	9000	5.740	10900	5.750	19925	5.760	10100	/16842822//19974922/3476615/5.72/5.73//2008-9-18 10:18:47
67/600104/上海汽车/5.730	4900	5.720	4300	5.710	2200	5.700	27400	5.690	8112	5.740	8300	5.750	19725	5.760	10100	5.770	4400	5.780	6400	/16842822//20216800/3518915/5.74/5.73//2008-9-18 10:19:47
67/600104/上海汽车/5.740	22800	5.730	1200	5.720	4300	5.710	3200	5.700	30400	5.750	11290	5.760	10100	5.770	4400	5.780	6400	5.790	8700	/16842822//20372958/3546115/5.75/5.73//2008-9-18 10:20:48
67/600104/上海汽车/5.720	2000	5.710	3600	5.700	30700	5.690	6112	5.680	16891	5.730	1500	5.750	16390	5.760	9800	5.770	2800	5.780	6400	/16842822//20713276/3605415/5.72/5.73//2008-9-18 10:21:48
67/600104/上海汽车/5.740	48700	5.730	3200	5.720	3000	5.710	3200	5.700	31800	5.750	19290	5.760	14100	5.770	2800	5.780	6300	5.790	10200	/16842822//20960668/3648515/5.74/5.73//2008-9-18 10:22:48
67/600104/上海汽车/5.720	2100	5.710	3200	5.700	40600	5.690	9012	5.680	16591	5.740	22697	5.750	17190	5.760	16100	5.770	2800	5.780	6400	/16842822//21392288/3723715/5.74/5.73//2008-9-18 10:23:48
67/600104/上海汽车/5.700	12153	5.690	9012	5.680	16591	5.670	26591	5.660	36600	5.710	2200	5.720	20400	5.730	1400	5.740	23687	5.750	17190	/16842822//21764870/3789062/5.71/5.73//2008-9-18 10:24:49
67/600104/上海汽车/5.660	21350	5.650	42900	5.640	11700	5.630	5600	5.620	12700	5.690	1000	5.700	3550	5.710	3200	5.720	20400	5.730	900	/16842822//22250134/3874459/5.7/5.73//2008-9-18 10:25:49
67/600104/上海汽车/5.660	3300	5.650	45103	5.640	11700	5.630	6300	5.620	12700	5.690	50200	5.700	3550	5.710	4000	5.720	30350	5.730	900	/16842822//22376648/3896806/5.66/5.73//2008-9-18 10:26:49
67/600104/上海汽车/5.650	35253	5.640	11700	5.630	6300	5.620	12700	5.610	23600	5.660	31597	5.690	49200	5.700	4350	5.710	3600	5.720	20400	/16842822//22542102/3926056/5.65/5.73//2008-9-18 10:27:50
67/600104/上海汽车/5.650	1112	5.640	11700	5.630	6300	5.620	13700	5.610	25600	5.660	26397	5.690	49200	5.700	22750	5.710	3600	5.730	900	/16842822//23102276/4025097/5.66/5.73//2008-9-18 10:28:50
67/600104/上海汽车/5.610	32800	5.600	165100	5.590	3000	5.580	18200	5.570	11900	5.620	5585	5.650	12000	5.660	18287	5.680	5000	5.690	49200	/16842822//23666764/4125224/5.62/5.73//2008-9-18 10:29:50
67/600104/上海汽车/5.600	164100	5.590	3000	5.580	21600	5.570	11900	5.560	1200	5.610	7202	5.620	2800	5.630	4100	5.650	2840	5.660	18287	/16842822//24071306/4197309/5.61/5.73//2008-9-18 10:30:51
67/600104/上海汽车/5.570	9600	5.560	2400	5.550	35000	5.540	3000	5.530	13100	5.580	9445	5.590	400	5.600	189000	5.610	25502	5.620	6400	/16842822//25303988/4417509/5.58/5.73//2008-9-18 10:31:51
67/600104/上海汽车/5.530	12440	5.520	34300	5.510	65900	5.500	238700	5.480	6400	5.540	4500	5.550	119707	5.560	23600	5.570	700	5.580	4165	/16842822//25732234/4494569/5.54/5.73//2008-9-18 10:32:51
67/600104/上海汽车/5.520	24723	5.510	190700	5.500	339600	5.480	7700	5.460	21000	5.540	4900	5.550	90459	5.560	18700	5.580	2765	5.590	15000	/16842822//26202742/4579586/5.52/5.73//2008-9-18 10:33:52
67/600104/上海汽车/5.510	10806	5.500	357900	5.480	8200	5.470	500	5.460	21200	5.520	22200	5.530	4500	5.540	11128	5.550	36250	5.560	18200	/16842822//28190380/4940003/5.51/5.73//2008-9-18 10:34:52
67/600104/上海汽车/5.480	7250	5.470	1500	5.460	21200	5.450	59400	5.440	300	5.500	189697	5.510	36500	5.520	12094	5.530	11000	5.540	11128	/16842822//30870336/5427159/5.5/5.73//2008-9-18 10:35:52
67/600104/上海汽车/5.480	8940	5.470	8000	5.460	20740	5.450	60900	5.440	3200	5.500	7100	5.510	17803	5.520	9194	5.530	7000	5.540	7928	/16842822//31909618/5616229/5.5/5.73//2008-9-18 10:36:53
67/600104/上海汽车/5.510	6800	5.500	8080	5.490	3500	5.480	68840	5.470	7600	5.520	6694	5.530	6500	5.540	7428	5.550	15250	5.560	29700	/16842822//32337408/5693949/5.51/5.73//2008-9-18 10:37:53
67/600104/上海汽车/5.490	9583	5.480	70540	5.470	12600	5.460	24340	5.450	76600	5.500	65000	5.510	5800	5.520	4694	5.530	1000	5.540	8528	/16842822//32576220/5737346/5.5/5.73//2008-9-18 10:38:53
67/600104/上海汽车/5.490	2700	5.480	61106	5.470	12600	5.460	26540	5.450	74600	5.500	23500	5.510	19900	5.520	4694	5.530	1000	5.540	8528	/16842822//33087788/5830463/5.5/5.73//2008-9-18 10:39:54
67/600104/上海汽车/5.490	5840	5.480	68649	5.470	11500	5.460	30040	5.450	79000	5.500	8800	5.510	19900	5.520	4694	5.530	1000	5.540	8528	/16842822//33323580/5873380/5.49/5.73//2008-9-18 10:40:54
67/600104/上海汽车/5.520	506	5.510	22140	5.500	18500	5.490	9683	5.480	69549	5.530	1000	5.540	8528	5.550	14350	5.560	29700	5.580	920	/16842822//33568140/5917791/5.52/5.73//2008-9-18 10:41:54
67/600104/上海汽车/5.530	7200	5.520	11789	5.510	15340	5.500	17900	5.490	9783	5.540	8528	5.550	17350	5.560	29700	5.570	2000	5.580	1320	/16842822//33687588/5939408/5.53/5.73//2008-9-18 10:42:55
67/600104/上海汽车/5.540	112	5.530	1600	5.520	4600	5.510	14740	5.500	23100	5.560	10750	5.570	2000	5.580	1720	5.590	6800	5.600	80300	/16842822//34027920/6000853/5.56/5.73//2008-9-18 10:43:55
67/600104/上海汽车/5.530	3700	5.510	9740	5.500	26600	5.490	11483	5.480	71849	5.550	2733	5.560	6559	5.570	2000	5.580	7720	5.590	17300	/16842822//34266460/6043822/5.55/5.73//2008-9-18 10:44:56
67/600104/上海汽车/5.500	20023	5.490	18083	5.480	73249	5.470	800	5.460	29240	5.510	3200	5.520	200	5.530	7100	5.540	1433	5.550	7103	/16842822//34454596/6077939/5.51/5.73//2008-9-18 10:45:56
67/600104/上海汽车/5.480	57700	5.470	800	5.460	29840	5.450	81100	5.440	3400	5.490	16834	5.500	52127	5.510	10100	5.520	200	5.530	3700	/16842822//34704172/6123345/5.49/5.73//2008-9-18 10:46:56
67/600104/上海汽车/5.460	14480	5.450	81800	5.440	3400	5.430	3000	5.420	8500	5.470	17801	5.480	49965	5.490	25100	5.500	11877	5.510	9700	/16842822//35195140/6213005/5.46/5.73//2008-9-18 10:47:57
67/600104/上海汽车/5.400	23790	5.390	2800	5.380	42000	5.370	1200	5.360	12400	5.430	3615	5.440	9900	5.450	47957	5.460	16100	5.470	8601	/16842822//36186348/6395295/5.43/5.73//2008-9-18 10:48:57
67/600104/上海汽车/5.400	74341	5.390	1900	5.380	42800	5.370	1200	5.360	10600	5.410	160	5.430	600	5.440	900	5.450	20600	5.460	16100	/16842822//38037740/6737144/5.41/5.73//2008-9-18 10:49:57
67/600104/上海汽车/5.410	17540	5.400	69274	5.390	12300	5.380	100000	5.370	1200	5.430	900	5.440	10100	5.450	20600	5.460	16200	5.470	8601	/16842822//38317492/6788871/5.43/5.73//2008-9-18 10:50:58
67/600104/上海汽车/5.420	500	5.410	45273	5.400	81574	5.390	14900	5.380	100900	5.440	10600	5.450	20800	5.460	16200	5.470	8601	5.480	1100	/16842822//38456640/6814538/5.42/5.73//2008-9-18 10:51:58
67/600104/上海汽车/5.420	31258	5.410	44456	5.400	98774	5.390	20400	5.380	104900	5.440	4200	5.450	23500	5.460	17500	5.470	8601	5.480	1100	/16842822//38647300/6849697/5.42/5.73//2008-9-18 10:52:58
67/600104/上海汽车/5.390	19540	5.380	104900	5.370	3200	5.360	12500	5.350	139900	5.400	38368	5.420	14000	5.440	7200	5.450	3800	5.460	17500	/16842822//39941728/7089045/5.4/5.73//2008-9-18 10:53:59
67/600104/上海汽车/5.400	22832	5.390	102423	5.380	105000	5.370	6200	5.360	14900	5.420	14100	5.440	7200	5.450	3800	5.460	17500	5.470	6101	/16842822//40239084/7144130/5.4/5.73//2008-9-18 10:54:59
67/600104/上海汽车/5.410	3800	5.400	17315	5.390	110723	5.380	105800	5.370	6200	5.420	2200	5.440	5700	5.450	3800	5.460	17700	5.470	6101	/16842822//40457344/7184547/5.41/5.73//2008-9-18 10:56:0
67/600104/上海汽车/5.410	3500	5.400	30558	5.390	112923	5.380	107600	5.370	6200	5.420	22937	5.430	2300	5.440	3200	5.450	4300	5.460	17700	/16842822//40619124/7214404/5.42/5.73//2008-9-18 10:57:0
67/600104/上海汽车/5.420	51401	5.410	8500	5.400	33098	5.390	26123	5.380	105600	5.430	4600	5.440	2700	5.450	7913	5.460	17700	5.470	4101	/16842822//40958188/7276963/5.43/5.73//2008-9-18 10:58:0
67/600104/上海汽车/5.410	8300	5.400	35998	5.390	25423	5.380	105800	5.370	6200	5.420	919	5.430	100	5.440	13800	5.450	11913	5.460	17700	/16842822//41295928/7339264/5.42/5.73//2008-9-18 10:59:1
67/600104/上海汽车/5.420	200	5.400	20059	5.390	25523	5.380	108800	5.370	6200	5.430	14500	5.440	13600	5.450	10900	5.460	17600	5.470	4101	/16842822//41573728/7390603/5.42/5.73//2008-9-18 11:0:1
67/600104/上海汽车/5.430	300	5.410	900	5.400	20699	5.390	25623	5.380	111100	5.440	23860	5.450	7900	5.460	17600	5.470	4101	5.480	3100	/16842822//41978832/7465163/5.44/5.73//2008-9-18 11:1:2
67/600104/上海汽车/5.410	6500	5.400	23179	5.390	25523	5.380	111100	5.370	7700	5.440	94060	5.450	14800	5.460	17600	5.470	4101	5.480	3100	/16842822//42050076/7478283/5.44/5.73//2008-9-18 11:2:2
67/600104/上海汽车/5.390	30023	5.380	112000	5.370	7700	5.360	27300	5.350	153800	5.400	56191	5.420	300	5.430	51500	5.440	70060	5.450	16700	/16842822//42429492/7548462/5.4/5.73//2008-9-18 11:3:2
67/600104/上海汽车/5.390	28103	5.380	113500	5.370	7700	5.360	27300	5.350	157300	5.400	51091	5.410	900	5.420	900	5.430	47400	5.440	74060	/16842822//42586080/7577482/5.4/5.73//2008-9-18 11:4:3
67/600104/上海汽车/5.400	11609	5.390	28183	5.380	133500	5.370	7700	5.360	27200	5.410	900	5.420	3500	5.430	47400	5.440	72060	5.450	19500	/16842822//42932204/7641593/5.4/5.73//2008-9-18 11:5:3
67/600104/上海汽车/5.420	8400	5.410	109140	5.400	33349	5.390	21783	5.380	124800	5.430	48600	5.440	51360	5.450	19500	5.460	15700	5.470	4101	/16842822//43005896/7655213/5.42/5.73//2008-9-18 11:6:4
67/600104/上海汽车/5.430	34940	5.420	28240	5.410	14800	5.400	35649	5.390	17883	5.440	48360	5.450	20300	5.460	15700	5.470	4101	5.480	2700	/16842822//43336140/7716033/5.43/5.73//2008-9-18 11:7:4
67/600104/上海汽车/5.450	3500	5.440	57370	5.430	24680	5.420	17140	5.410	14300	5.460	15700	5.470	4101	5.480	2500	5.490	2400	5.500	9795	/16842822//43693640/7781723/5.45/5.73//2008-9-18 11:8:4
67/600104/上海汽车/5.480	2000	5.460	22440	5.450	31640	5.440	57200	5.430	22580	5.490	2900	5.500	9295	5.510	6100	5.520	800	5.530	2400	/16842822//43867416/7813543/5.48/5.73//2008-9-18 11:9:5
67/600104/上海汽车/5.500	96605	5.490	15640	5.480	100	5.470	1000	5.460	21380	5.510	6100	5.520	1300	5.530	2400	5.540	1033	5.550	7990	/16842822//44017484/7840858/5.5/5.73//2008-9-18 11:10:5
67/600104/上海汽车/5.510	300	5.500	49544	5.490	7440	5.480	100	5.470	1000	5.520	3000	5.530	2400	5.540	5833	5.550	13590	5.560	7100	/16842822//44803344/7983719/5.51/5.73//2008-9-18 11:11:6
67/600104/上海汽车/5.490	7440	5.480	500	5.470	3600	5.460	20080	5.450	7900	5.500	476	5.510	17100	5.520	6200	5.530	3100	5.540	5833	/16842822//45193176/8054563/5.5/5.73//2008-9-18 11:12:6
67/600104/上海汽车/5.460	17120	5.450	20300	5.440	43300	5.430	20280	5.420	10900	5.470	1000	5.490	20018	5.500	20300	5.510	5600	5.520	5800	/16842822//45287440/8071763/5.46/5.73//2008-9-18 11:13:7
67/600104/上海汽车/5.460	14824	5.450	21200	5.440	43600	5.430	20280	5.420	10900	5.470	11300	5.480	1000	5.490	10720	5.500	20800	5.510	4100	/16842822//45372644/8087359/5.46/5.73//2008-9-18 11:14:7
67/600104/上海汽车/5.450	19840	5.440	43100	5.430	20280	5.420	10900	5.410	12800	5.460	14436	5.470	6000	5.480	1000	5.490	6900	5.500	21200	/16842822//45511828/8112843/5.46/5.73//2008-9-18 11:15:7
67/600104/上海汽车/5.470	2000	5.460	32064	5.450	20635	5.440	43100	5.430	20280	5.490	6600	5.500	21800	5.510	1100	5.520	2500	5.530	3100	/16842822//45941288/8191484/5.46/5.73//2008-9-18 11:16:8
67/600104/上海汽车/5.450	21635	5.440	43100	5.430	20280	5.420	11000	5.410	12800	5.460	3236	5.470	54900	5.480	1500	5.490	6600	5.500	21100	/16842822//46184184/8235948/5.46/5.73//2008-9-18 11:17:8
67/600104/上海汽车/5.460	1600	5.450	21135	5.440	43100	5.430	18980	5.420	10600	5.470	57146	5.480	1900	5.490	11000	5.500	12100	5.510	1200	/16842822//46238200/8245848/5.46/5.73//2008-9-18 11:18:9
67/600104/上海汽车/5.440	13585	5.430	18980	5.420	10900	5.410	12500	5.400	51100	5.460	3300	5.470	54646	5.480	400	5.490	10000	5.500	12100	/16842822//46578968/8308398/5.46/5.73//2008-9-18 11:19:9
67/600104/上海汽车/5.450	3100	5.440	2985	5.430	18980	5.420	6900	5.410	12500	5.460	2700	5.470	54846	5.480	400	5.490	10000	5.500	12600	/16842822//46664980/8324198/5.46/5.73//2008-9-18 11:20:10
67/600104/上海汽车/5.450	6587	5.440	4085	5.430	18980	5.420	5900	5.410	14700	5.460	16700	5.470	54346	5.480	400	5.490	15000	5.500	12600	/16842822//46730516/8336211/5.46/5.73//2008-9-18 11:21:10
67/600104/上海汽车/5.440	4085	5.430	18980	5.420	7400	5.410	14700	5.400	51000	5.450	13	5.460	3000	5.470	5000	5.480	400	5.490	15000	/16842822//46856984/8359398/5.45/5.73//2008-9-18 11:22:10
67/600104/上海汽车/5.450	6300	5.440	7485	5.430	17980	5.420	7400	5.410	12200	5.460	1813	5.470	5000	5.480	400	5.490	15000	5.500	13100	/16842822//46951384/8376698/5.46/5.73//2008-9-18 11:23:11
67/600104/上海汽车/5.430	7980	5.420	7400	5.410	17200	5.400	57900	5.390	21683	5.440	40815	5.450	43100	5.460	1813	5.470	5000	5.480	3800	/16842822//47127556/8409083/5.44/5.73//2008-9-18 11:24:11
67/600104/上海汽车/5.420	7400	5.410	17200	5.400	58500	5.390	21983	5.380	130600	5.430	2920	5.440	24515	5.450	46000	5.460	1813	5.470	5000	/16842822//47181220/8418963/5.43/5.73//2008-9-18 11:25:12
67/600104/上海汽车/5.410	22400	5.400	57000	5.390	21483	5.380	81200	5.370	5700	5.420	1100	5.430	1519	5.440	24115	5.450	44400	5.460	1813	/16842822//47310660/8442863/5.41/5.73//2008-9-18 11:26:12
67/600104/上海汽车/5.410	5100	5.400	57300	5.390	21983	5.380	81200	5.370	5700	5.450	27834	5.460	7613	5.470	2500	5.480	4800	5.490	11900	/16842822//47751232/8523963/5.41/5.73//2008-9-18 11:27:13
67/600104/上海汽车/5.400	39654	5.390	21983	5.380	81200	5.370	5700	5.360	26900	5.410	6100	5.420	1000	5.430	1400	5.440	5700	5.450	30234	/16842822//47966536/8563809/5.41/5.73//2008-9-18 11:28:13
67/600104/上海汽车/5.410	9700	5.400	15804	5.390	21983	5.380	80100	5.370	5200	5.420	11000	5.440	5700	5.450	27934	5.460	7613	5.470	2500	/16842822//48172076/8601859/5.41/5.73//2008-9-18 11:29:14
67/600104/上海汽车/5.410	11900	5.400	22104	5.390	21983	5.380	81100	5.370	5200	5.420	5900	5.440	5700	5.450	20934	5.460	7613	5.470	2500	/16842822//48215416/8609859/5.42/5.73//2008-9-18 11:30:14
67/600104/上海汽车/5.410	11900	5.400	22104	5.390	21983	5.380	81100	5.370	5200	5.420	5900	5.440	5700	5.450	20934	5.460	7613	5.470	2500	/16842822//48215416/8609859/5.42/5.73//2008-9-18 11:31:15
67/600104/上海汽车/5.420	5670	5.410	29900	5.400	42104	5.390	24783	5.380	63200	5.430	400	5.440	6500	5.450	21834	5.460	12613	5.470	2500	/16842822//48830516/8723289/5.42/5.73//2008-9-18 13:1:15
67/600104/上海汽车/5.410	20670	5.400	41904	5.390	24983	5.380	63200	5.370	6700	5.420	6400	5.430	1200	5.440	6500	5.450	21834	5.460	12613	/16842822//48925428/8740819/5.41/5.73//2008-9-18 13:2:16
67/600104/上海汽车/5.410	18770	5.400	39604	5.390	25183	5.380	69100	5.370	6700	5.430	100	5.440	1500	5.450	28834	5.460	12613	5.470	2500	/16842822//49056488/8764989/5.42/5.73//2008-9-18 13:3:16
67/600104/上海汽车/5.430	4400	5.420	1900	5.410	29270	5.400	39604	5.390	27383	5.440	2200	5.450	28334	5.460	12613	5.470	2500	5.480	6900	/16842822//49109280/8774689/5.44/5.73//2008-9-18 13:4:17
67/600104/上海汽车/5.410	21770	5.400	46304	5.390	27383	5.380	68300	5.370	7600	5.420	400	5.430	5700	5.440	23000	5.450	28834	5.460	13013	/16842822//49270884/8804489/5.42/5.73//2008-9-18 13:5:17
67/600104/上海汽车/5.400	56874	5.390	27583	5.380	72300	5.370	8600	5.360	43100	5.420	1400	5.430	2300	5.440	3500	5.450	31334	5.460	13013	/16842822//49499344/8846689/5.41/5.73//2008-9-18 13:6:18
67/600104/上海汽车/5.390	27883	5.380	72400	5.370	8600	5.360	43900	5.350	191600	5.400	38726	5.420	3100	5.430	2300	5.440	5500	5.450	29434	/16842822//49855092/8912563/5.4/5.73//2008-9-18 13:7:18
67/600104/上海汽车/5.400	39474	5.390	29083	5.380	72600	5.370	9800	5.360	43900	5.430	1800	5.440	5000	5.450	29934	5.460	13013	5.470	2500	/16842822//50665468/9062589/5.4/5.73//2008-9-18 13:8:19
67/600104/上海汽车/5.410	2000	5.400	53774	5.390	30183	5.380	72500	5.370	9800	5.420	200	5.430	3200	5.440	7700	5.450	30934	5.460	14513	/16842822//50700632/9069089/5.41/5.73//2008-9-18 13:9:19
67/600104/上海汽车/5.410	400	5.400	55194	5.390	30183	5.380	72500	5.370	7800	5.430	4100	5.440	6900	5.450	31934	5.460	14513	5.470	2500	/16842822//50763236/9080669/5.4/5.73//2008-9-18 13:10:20
67/600104/上海汽车/5.410	8500	5.400	56044	5.390	30683	5.380	72600	5.370	7800	5.430	7700	5.440	9900	5.450	31934	5.460	16012	5.470	2500	/16842822//50855436/9097719/5.41/5.73//2008-9-18 13:11:20
67/600104/上海汽车/5.400	48144	5.390	31083	5.380	68800	5.370	7800	5.360	44800	5.410	11460	5.430	7700	5.440	10300	5.450	31934	5.460	16012	/16842822//51026928/9129419/5.4/5.73//2008-9-18 13:12:21
67/600104/上海汽车/5.400	18384	5.390	31083	5.380	70800	5.370	7800	5.360	44300	5.420	900	5.430	9700	5.440	10800	5.450	29934	5.460	16312	/16842822//51332588/9185979/5.4/5.73//2008-9-18 13:13:21
67/600104/上海汽车/5.400	5790	5.390	30383	5.380	70600	5.370	8000	5.360	44300	5.420	4700	5.430	8500	5.440	12800	5.450	30934	5.460	16312	/16842822//51465692/9210589/5.4/5.73//2008-9-18 13:14:22
67/600104/上海汽车/5.410	300	5.400	5490	5.390	31683	5.380	71100	5.370	8000	5.430	2900	5.440	11500	5.450	24834	5.460	16312	5.470	5800	/16842822//51647188/9244089/5.41/5.73//2008-9-18 13:15:22
67/600104/上海汽车/5.400	7690	5.390	31683	5.380	72400	5.370	8000	5.360	46300	5.430	8300	5.440	12700	5.450	24934	5.460	16312	5.470	5800	/16842822//51721276/9257789/5.4/5.73//2008-9-18 13:16:23
67/600104/上海汽车/5.390	32583	5.380	71900	5.370	8000	5.360	47500	5.350	193700	5.400	13882	5.420	18500	5.430	17986	5.440	13700	5.450	24934	/16842822//51862184/9283879/5.4/5.73//2008-9-18 13:17:23
67/600104/上海汽车/5.400	27718	5.390	30383	5.380	72700	5.370	8000	5.360	48800	5.420	19100	5.430	19986	5.440	11700	5.450	24034	5.460	16312	/16842822//51996560/9308761/5.42/5.73//2008-9-18 13:18:24
67/600104/上海汽车/5.410	3800	5.400	39718	5.390	31383	5.380	72700	5.370	8100	5.420	13100	5.430	20086	5.440	11700	5.450	24034	5.460	16312	/16842822//52135596/9334461/5.42/5.73//2008-9-18 13:19:24
67/600104/上海汽车/5.410	1800	5.400	46318	5.390	31883	5.380	73400	5.370	23100	5.420	6300	5.430	19786	5.440	12200	5.450	24281	5.460	18312	/16842822//52239572/9353661/5.42/5.73//2008-9-18 13:20:25
67/600104/上海汽车/5.420	400	5.410	1600	5.400	49318	5.390	32483	5.380	74400	5.430	19186	5.440	10700	5.450	25281	5.460	18312	5.470	5800	/16842822//52341400/9372461/5.41/5.73//2008-9-18 13:21:25
67/600104/上海汽车/5.420	5600	5.410	7500	5.400	49418	5.390	32483	5.380	74500	5.430	19186	5.440	10700	5.450	24534	5.460	18312	5.470	5800	/16842822//52393452/9382061/5.42/5.73//2008-9-18 13:22:26
67/600104/上海汽车/5.430	38714	5.420	8000	5.410	10600	5.400	57618	5.390	31583	5.440	8500	5.450	24534	5.460	18612	5.470	5800	5.480	4900	/16842822//52517688/9404947/5.43/5.73//2008-9-18 13:23:26
67/600104/上海汽车/5.470	67754	5.450	3400	5.440	34200	5.430	22914	5.420	6000	5.480	2600	5.490	6900	5.500	24100	5.510	500	5.520	2300	/16842822//52983912/9490493/5.47/5.73//2008-9-18 13:24:27
67/600104/上海汽车/5.490	18800	5.480	15400	5.470	65745	5.450	5000	5.440	15100	5.500	20300	5.510	500	5.520	1700	5.530	2700	5.540	3533	/16842822//53120576/9515402/5.49/5.73//2008-9-18 13:25:27
67/600104/上海汽车/5.480	2300	5.470	1000	5.450	8000	5.440	14600	5.430	17414	5.500	8200	5.510	500	5.520	1500	5.530	3700	5.540	3533	/16842822//53394720/9565302/5.5/5.73//2008-9-18 13:26:28
67/600104/上海汽车/5.500	6100	5.490	500	5.470	1000	5.460	500	5.450	8400	5.510	5500	5.520	4800	5.530	2700	5.540	3933	5.550	33190	/16842822//53513896/9587002/5.5/5.73//2008-9-18 13:27:28
67/600104/上海汽车/5.480	1900	5.460	4800	5.450	12300	5.440	14600	5.430	17414	5.490	1400	5.500	29605	5.510	1700	5.520	11800	5.530	2600	/16842822//53634164/9608902/5.49/5.73//2008-9-18 13:28:29
67/600104/上海汽车/5.470	9200	5.460	14500	5.450	15700	5.440	14600	5.430	17414	5.490	1200	5.500	22705	5.510	500	5.520	12800	5.530	2600	/16842822//53790964/9637502/5.47/5.73//2008-9-18 13:29:29
67/600104/上海汽车/5.480	3000	5.470	1100	5.460	15400	5.450	14900	5.440	14600	5.490	3900	5.500	19605	5.510	1000	5.520	22800	5.530	2600	/16842822//53914336/9660002/5.47/5.73//2008-9-18 13:30:30
67/600104/上海汽车/5.490	4800	5.480	4800	5.470	8200	5.460	15100	5.450	16300	5.500	17705	5.510	1000	5.520	21800	5.530	2600	5.540	4633	/16842822//54056528/9685902/5.5/5.73//2008-9-18 13:31:30
67/600104/上海汽车/5.500	28895	5.490	2000	5.480	3900	5.470	20500	5.460	15600	5.510	3700	5.520	6700	5.530	2600	5.540	5133	5.550	31190	/16842822//54220600/9715707/5.51/5.73//2008-9-18 13:32:31
67/600104/上海汽车/5.530	3620	5.520	13900	5.510	3700	5.500	25995	5.490	400	5.540	2200	5.550	41290	5.560	2000	5.570	1000	5.580	16600	/16842822//54413812/9750620/5.55/5.73//2008-9-18 13:33:31
67/600104/上海汽车/5.570	1700	5.560	2300	5.550	35710	5.540	29200	5.530	5600	5.580	17100	5.590	12300	5.600	28150	5.610	500	5.620	1000	/16842822//54695164/9801310/5.57/5.73//2008-9-18 13:34:32
67/600104/上海汽车/5.580	8506	5.570	12800	5.560	2500	5.550	29410	5.540	22300	5.590	6000	5.600	40550	5.610	500	5.620	1000	5.630	7000	/16842822//55031468/9861604/5.58/5.73//2008-9-18 13:35:32
67/600104/上海汽车/5.580	4840	5.570	1500	5.560	500	5.550	29910	5.540	20500	5.590	1700	5.600	33250	5.610	1000	5.620	500	5.630	1000	/16842822//55353472/9919264/5.58/5.73//2008-9-18 13:36:33
67/600104/上海汽车/5.570	2200	5.550	24350	5.540	20500	5.530	5100	5.520	13900	5.580	12460	5.590	43155	5.600	47050	5.610	1000	5.620	2500	/16842822//55738948/9988364/5.57/5.73//2008-9-18 13:37:34
67/600104/上海汽车/5.540	10440	5.530	5100	5.520	13900	5.510	3500	5.500	47600	5.550	26050	5.560	8000	5.570	122700	5.580	11660	5.590	45155	/16842822//56055832/10045474/5.55/5.73//2008-9-18 13:38:34
67/600104/上海汽车/5.530	1980	5.520	13900	5.510	5500	5.500	48000	5.490	1400	5.540	2900	5.550	28050	5.560	3500	5.570	109400	5.580	3000	/16842822//56180276/10067934/5.53/5.73//2008-9-18 13:39:35
67/600104/上海汽车/5.520	10620	5.510	16300	5.500	59200	5.490	1400	5.480	3300	5.540	900	5.550	11050	5.560	3500	5.570	108800	5.580	2000	/16842822//56426636/10112394/5.54/5.73//2008-9-18 13:40:35
67/600104/上海汽车/5.550	2600	5.530	2140	5.520	11120	5.510	18300	5.500	64400	5.570	108800	5.580	2000	5.590	38955	5.600	44750	5.610	1000	/16842822//56540720/10132954/5.55/5.73//2008-9-18 13:41:36
67/600104/上海汽车/5.550	1800	5.530	31780	5.520	11120	5.510	23300	5.500	66500	5.560	5400	5.570	91200	5.580	5000	5.590	38955	5.600	44750	/16842822//56731876/10167314/5.56/5.73//2008-9-18 13:42:36
67/600104/上海汽车/5.530	29220	5.520	13120	5.510	13800	5.500	66600	5.490	1500	5.560	100	5.570	75300	5.580	7000	5.590	36755	5.600	39750	/16842822//56907956/10198974/5.56/5.73//2008-9-18 13:43:37
67/600104/上海汽车/5.580	700	5.570	59800	5.560	15762	5.550	11400	5.540	11800	5.590	34455	5.600	22350	5.610	1000	5.620	2500	5.630	1000	/16842822//57431192/10292912/5.59/5.73//2008-9-18 13:44:37
67/600104/上海汽车/5.590	61245	5.580	12900	5.570	57740	5.560	12862	5.550	11000	5.600	13950	5.610	1000	5.620	2500	5.630	1000	5.640	700	/16842822//57726400/10345727/5.6/5.73//2008-9-18 13:45:38
67/600104/上海汽车/5.600	12900	5.590	97745	5.580	11800	5.570	55040	5.560	10862	5.630	300	5.640	700	5.650	20200	5.660	18587	5.670	2600	/16842822//58090548/10410697/5.6/5.73//2008-9-18 13:46:39
67/600104/上海汽车/5.650	128800	5.640	700	5.630	3000	5.620	700	5.610	1900	5.660	5887	5.670	2600	5.680	13450	5.690	59600	5.700	32350	/16842822//58675576/10514397/5.66/5.73//2008-9-18 13:47:39
67/600104/上海汽车/5.660	24100	5.650	83613	5.630	2100	5.620	800	5.610	1900	5.670	200	5.680	16400	5.690	57400	5.700	32050	5.710	700	/16842822//59198880/10606884/5.67/5.73//2008-9-18 13:48:40
67/600104/上海汽车/5.630	1300	5.620	800	5.610	3400	5.600	22400	5.590	31945	5.650	10301	5.660	1500	5.670	3720	5.680	20559	5.690	57500	/16842822//60063748/10759797/5.65/5.73//2008-9-18 13:49:40
67/600104/上海汽车/5.600	16100	5.590	25445	5.580	3900	5.570	12840	5.560	1700	5.610	1200	5.620	8550	5.630	500	5.640	5200	5.650	63401	/16842822//60165916/10777997/5.6/5.73//2008-9-18 13:50:41
67/600104/上海汽车/5.590	1	5.580	2200	5.570	11840	5.560	1700	5.550	2900	5.600	364190	5.610	4100	5.620	8500	5.630	1000	5.640	12400	/16842822//60443436/10827596/5.59/5.73//2008-9-18 13:51:41
67/600104/上海汽车/5.570	8240	5.560	1300	5.550	3100	5.540	100	5.530	25420	5.580	14500	5.590	20399	5.600	352890	5.610	4100	5.620	8600	/16842822//60509248/10839397/5.58/5.73//2008-9-18 13:52:42
67/600104/上海汽车/5.560	1200	5.550	3100	5.540	5800	5.530	25420	5.520	2700	5.580	10360	5.590	12800	5.600	365448	5.610	4100	5.620	7600	/16842822//60569072/10850137/5.58/5.73//2008-9-18 13:53:42
67/600104/上海汽车/5.560	2200	5.550	7600	5.540	11100	5.530	25420	5.520	2700	5.570	19299	5.580	8660	5.590	14000	5.600	11500	5.610	3000	/16842822//60637544/10862437/5.56/5.73//2008-9-18 13:54:43
67/600104/上海汽车/5.540	4200	5.530	25420	5.520	2700	5.510	4800	5.500	82000	5.550	6168	5.560	5300	5.570	18199	5.580	8460	5.590	12000	/16842822//60871340/10904537/5.55/5.73//2008-9-18 13:55:44
67/600104/上海汽车/5.530	24920	5.520	2700	5.510	8500	5.500	85400	5.490	4200	5.540	900	5.550	2000	5.560	538	5.570	13699	5.580	8460	/16842822//61017804/10930937/5.54/5.73//2008-9-18 13:56:44
67/600104/上海汽车/5.560	2562	5.550	8900	5.540	14432	5.530	28020	5.520	2800	5.570	13099	5.580	7460	5.590	11000	5.600	15900	5.610	3300	/16842822//61068328/10940043/5.56/5.73//2008-9-18 13:57:45
67/600104/上海汽车/5.560	14194	5.550	11400	5.540	12732	5.530	5300	5.520	2800	5.570	400	5.580	7160	5.590	9800	5.600	15900	5.610	3300	/16842822//61161664/10956811/5.57/5.73//2008-9-18 13:58:45
67/600104/上海汽车/5.580	2240	5.570	22530	5.560	19994	5.550	6500	5.540	11232	5.590	3900	5.600	12900	5.610	400	5.620	7600	5.630	500	/16842822//61243764/10971541/5.59/5.73//2008-9-18 13:59:46
67/600104/上海汽车/5.590	14140	5.580	4000	5.570	19062	5.560	19994	5.550	6500	5.600	12900	5.610	400	5.620	7600	5.630	500	5.640	12300	/16842822//61336268/10988109/5.59/5.73//2008-9-18 14:0:47
67/600104/上海汽车/5.570	10700	5.560	21994	5.550	6200	5.540	7932	5.530	5100	5.590	1300	5.600	16759	5.610	400	5.620	4600	5.630	1500	/16842822//61489692/11015577/5.57/5.73//2008-9-18 14:1:47
67/600104/上海汽车/5.560	13794	5.550	6400	5.540	7532	5.530	5200	5.520	2700	5.570	10568	5.580	3500	5.590	20600	5.600	16500	5.610	400	/16842822//61582744/11032277/5.56/5.73//2008-9-18 14:2:48
67/600104/上海汽车/5.540	7532	5.530	5200	5.520	3200	5.510	19000	5.500	69000	5.550	10524	5.560	14100	5.570	12869	5.580	10600	5.590	10000	/16842822//61755400/11063347/5.55/5.73//2008-9-18 14:3:48
67/600104/上海汽车/5.530	4600	5.520	3700	5.510	22000	5.500	69900	5.490	4200	5.540	1136	5.550	9823	5.560	14100	5.570	4101	5.580	10600	/16842822//61803888/11072103/5.53/5.73//2008-9-18 14:4:49
67/600104/上海汽车/5.560	900	5.550	4332	5.540	500	5.530	6400	5.520	6500	5.580	3860	5.590	16700	5.600	19600	5.610	400	5.620	5000	/16842822//62060580/11118271/5.58/5.73//2008-9-18 14:5:50
67/600104/上海汽车/5.590	2200	5.580	21000	5.570	9100	5.560	10000	5.550	3032	5.600	14800	5.610	400	5.620	5000	5.630	1500	5.640	7000	/16842822//62197656/11142799/5.59/5.73//2008-9-18 14:6:50
67/600104/上海汽车/5.610	7400	5.600	309	5.590	100	5.580	19132	5.570	9600	5.640	4700	5.650	20000	5.660	3400	5.670	8150	5.680	11400	/16842822//62471436/11191658/5.6/5.73//2008-9-18 14:7:51
67/600104/上海汽车/5.630	700	5.620	1900	5.610	1300	5.600	4800	5.590	400	5.640	5500	5.650	16630	5.660	5901	5.670	8150	5.680	11900	/16842822//62564160/11208126/5.64/5.73//2008-9-18 14:8:51
67/600104/上海汽车/5.620	200	5.610	1100	5.600	14832	5.590	2000	5.580	500	5.640	1000	5.650	14030	5.660	4800	5.670	10150	5.680	10200	/16842822//62681420/11228944/5.64/5.73//2008-9-18 14:9:52
67/600104/上海汽车/5.610	3132	5.600	14932	5.590	2000	5.580	500	5.570	9600	5.640	12000	5.650	13660	5.660	4800	5.670	9700	5.680	10800	/16842822//62771952/11245012/5.64/5.73//2008-9-18 14:10:53
67/600104/上海汽车/5.650	13040	5.640	300	5.630	500	5.620	1400	5.610	26600	5.660	4800	5.670	9200	5.680	9900	5.690	110100	5.700	32350	/16842822//63045616/11293540/5.65/5.73//2008-9-18 14:11:53
67/600104/上海汽车/5.630	500	5.620	1400	5.610	30800	5.600	23496	5.590	2000	5.640	500	5.650	500	5.660	2600	5.670	12438	5.680	13000	/16842822//63339360/11345480/5.66/5.73//2008-9-18 14:12:54
67/600104/上海汽车/5.620	8700	5.610	24232	5.600	23496	5.590	2000	5.580	500	5.640	4900	5.650	24990	5.660	12000	5.670	3738	5.680	16000	/16842822//63386528/11353848/5.64/5.73//2008-9-18 14:13:55
67/600104/上海汽车/5.650	3710	5.640	100	5.630	2200	5.620	9532	5.610	23832	5.660	12600	5.670	3738	5.680	16000	5.690	109600	5.700	38850	/16842822//63565232/11385506/5.65/5.73//2008-9-18 14:14:55
67/600104/上海汽车/5.630	1742	5.620	10532	5.610	23832	5.600	17096	5.590	2000	5.640	5900	5.650	19500	5.660	12900	5.670	6938	5.680	17500	/16842822//63623744/11395874/5.63/5.73//2008-9-18 14:15:56
67/600104/上海汽车/5.630	5000	5.620	8306	5.610	23832	5.600	17096	5.590	2000	5.640	4100	5.650	20000	5.660	12800	5.670	7438	5.680	41600	/16842822//63664664/11403142/5.64/5.73//2008-9-18 14:16:56
67/600104/上海汽车/5.640	8900	5.630	6700	5.620	16206	5.610	23832	5.600	29396	5.650	61200	5.660	13300	5.670	7738	5.680	46100	5.690	110800	/16842822//64158112/11490510/5.65/5.73//2008-9-18 14:17:57
67/600104/上海汽车/5.650	25300	5.640	15232	5.630	5100	5.620	11500	5.610	23832	5.670	7738	5.680	44000	5.690	64300	5.700	39250	5.710	35900	/16842822//64508764/11552578/5.67/5.73//2008-9-18 14:18:58
67/600104/上海汽车/5.680	35172	5.670	40500	5.660	4800	5.650	26700	5.640	5332	5.690	2142	5.700	25050	5.710	35900	5.720	1000	5.730	1200	/16842822//65696148/11761374/5.68/5.73//2008-9-18 14:19:58
67/600104/上海汽车/5.700	67050	5.690	24200	5.680	30662	5.670	16600	5.660	2000	5.710	10900	5.720	1000	5.730	1200	5.740	6187	5.750	46700	/16842822//65813864/11781934/5.71/5.73//2008-9-18 14:20:59
67/600104/上海汽车/5.800	7330	5.780	500	5.770	41000	5.750	11313	5.730	14500	5.810	1500	5.820	1000	5.830	100	5.840	7100	5.850	14000	/16842822//66839548/11960059/5.8/5.73//2008-9-18 14:22:0
67/600104/上海汽车/5.810	2600	5.800	10362	5.780	15600	5.770	37500	5.760	1500	5.840	15000	5.850	29170	5.860	5400	5.870	13700	5.880	10200	/16842822//67300952/12039227/5.81/5.73//2008-9-18 14:23:0
67/600104/上海汽车/5.840	5800	5.820	50529	5.810	14932	5.800	19162	5.780	3100	5.860	29900	5.870	12300	5.880	10600	5.890	9800	5.900	35500	/16842822//68001688/12159166/5.86/5.73//2008-9-18 14:24:1
67/600104/上海汽车/5.810	9032	5.800	23962	5.780	2600	5.770	13400	5.760	500	5.820	600	5.830	268	5.850	21100	5.860	40300	5.870	21300	/16842822//68322176/12214066/5.82/5.73//2008-9-18 14:25:2
67/600104/上海汽车/5.800	12300	5.790	2000	5.780	3100	5.770	12700	5.760	500	5.810	26235	5.820	31991	5.830	9168	5.840	23100	5.850	17044	/16842822//68850912/12305098/5.81/5.73//2008-9-18 14:26:2
67/600104/上海汽车/5.730	800	5.720	6400	5.710	70400	5.700	17100	5.690	4800	5.750	17287	5.760	2300	5.770	19600	5.780	3768	5.790	6699	/16842822//69264232/12376611/5.75/5.73//2008-9-18 14:27:3
67/600104/上海汽车/5.710	68200	5.700	17500	5.690	4800	5.680	13062	5.670	8100	5.720	200	5.730	8768	5.750	28987	5.760	600	5.770	9900	/16842822//69557280/12427811/5.72/5.73//2008-9-18 14:28:4
67/600104/上海汽车/5.710	32964	5.700	17300	5.690	4300	5.680	12562	5.670	8100	5.730	5700	5.750	4900	5.760	600	5.770	6400	5.780	1100	/16842822//69915192/12490447/5.71/5.73//2008-9-18 14:29:4
67/600104/上海汽车/5.730	2827	5.720	4500	5.710	18796	5.700	5000	5.690	5300	5.750	1900	5.760	600	5.770	4400	5.780	6300	5.790	3099	/16842822//70193312/12539088/5.73/5.73//2008-9-18 14:30:5
67/600104/上海汽车/5.740	800	5.730	13700	5.720	2805	5.710	21196	5.700	4900	5.750	3400	5.760	4000	5.770	2300	5.780	7100	5.790	6999	/16842822//70298968/12557510/5.75/5.73//2008-9-18 14:31:6
67/600104/上海汽车/5.740	2300	5.730	1482	5.720	3205	5.710	20196	5.700	8600	5.750	16300	5.760	5901	5.770	2300	5.780	2100	5.790	7699	/16842822//70450520/12583928/5.73/5.73//2008-9-18 14:32:6
67/600104/上海汽车/5.730	10200	5.720	10919	5.710	22696	5.700	8100	5.690	5300	5.740	1700	5.750	17700	5.760	2201	5.770	2300	5.780	2100	/16842822//70572048/12605096/5.74/5.73//2008-9-18 14:33:7
67/600104/上海汽车/5.720	12319	5.710	23196	5.700	9700	5.690	5000	5.680	7562	5.730	23368	5.740	1500	5.750	18500	5.760	700	5.770	2300	/16842822//70713576/12629796/5.73/5.73//2008-9-18 14:34:8
67/600104/上海汽车/5.750	51000	5.740	14700	5.730	11532	5.720	9751	5.710	22196	5.760	7200	5.770	2300	5.780	2100	5.790	8700	5.800	94450	/16842822//71047664/12688032/5.75/5.73//2008-9-18 14:35:8
67/600104/上海汽车/5.780	1800	5.770	22600	5.760	1700	5.750	6800	5.740	11600	5.790	8800	5.800	94850	5.810	15436	5.820	19890	5.830	1868	/16842822//71304832/12732600/5.78/5.73//2008-9-18 14:36:9
67/600104/上海汽车/5.770	24832	5.760	2000	5.750	1500	5.740	11200	5.730	10832	5.780	3300	5.790	16759	5.800	96150	5.810	15436	5.820	20290	/16842822//71737224/12807368/5.77/5.73//2008-9-18 14:37:10
67/600104/上海汽车/5.750	1800	5.740	11200	5.730	10732	5.720	7051	5.710	22196	5.760	2502	5.770	29601	5.780	29200	5.790	30759	5.800	96650	/16842822//71953272/12844800/5.76/5.73//2008-9-18 14:38:10
67/600104/上海汽车/5.710	163	5.700	10700	5.690	5000	5.680	9662	5.670	9100	5.720	11717	5.730	1700	5.740	3303	5.750	7300	5.760	5800	/16842822//72289040/12903416/5.71/5.73//2008-9-18 14:39:11
67/600104/上海汽车/5.690	567	5.680	7762	5.670	6100	5.660	3000	5.650	3900	5.700	31338	5.710	9300	5.720	500	5.740	8303	5.750	6300	/16842822//72392184/12921512/5.69/5.73//2008-9-18 14:40:12
67/600104/上海汽车/5.680	200	5.670	1167	5.660	2700	5.650	4000	5.640	3732	5.690	1400	5.700	25171	5.710	3400	5.720	500	5.740	8303	/16842822//72548200/12948974/5.69/5.73//2008-9-18 14:41:12
67/600104/上海汽车/5.650	9133	5.640	19932	5.630	22300	5.620	4400	5.610	23832	5.670	8116	5.680	1600	5.690	2400	5.700	25571	5.710	3400	/16842822//72669544/12970408/5.65/5.73//2008-9-18 14:42:13
67/600104/上海汽车/5.650	4331	5.640	11332	5.630	22300	5.620	7000	5.610	24732	5.660	2100	5.670	1949	5.680	1600	5.690	3000	5.700	25371	/16842822//72854600/13003110/5.65/5.73//2008-9-18 14:43:14
67/600104/上海汽车/5.700	4160	5.680	1600	5.670	9018	5.660	6600	5.650	17631	5.710	3700	5.720	700	5.740	3303	5.750	5300	5.760	5500	/16842822//73056792/13038633/5.7/5.73//2008-9-18 14:44:14
67/600104/上海汽车/5.670	1517	5.660	6600	5.650	24931	5.640	7532	5.630	11900	5.690	4600	5.700	8140	5.710	5500	5.720	2700	5.740	5903	/16842822//73184704/13061126/5.67/5.73//2008-9-18 14:45:15
67/600104/上海汽车/5.650	6097	5.640	7532	5.630	11900	5.620	6600	5.610	26232	5.660	3300	5.670	2783	5.680	500	5.690	4600	5.700	14201	/16842822//73389856/13097377/5.65/5.73//2008-9-18 14:46:16
67/600104/上海汽车/5.620	8795	5.610	26132	5.600	34700	5.590	3300	5.580	3700	5.630	5400	5.650	30000	5.660	500	5.670	4083	5.680	500	/16842822//73649888/13143511/5.62/5.73//2008-9-18 14:47:16
67/600104/上海汽车/5.590	3300	5.580	3700	5.570	300	5.560	7100	5.550	4600	5.600	5307	5.620	7890	5.640	300	5.650	4400	5.660	1000	/16842822//74199880/13241538/5.6/5.73//2008-9-18 14:48:17
67/600104/上海汽车/5.550	4766	5.540	2100	5.530	8300	5.520	4800	5.510	13000	5.560	1700	5.590	500	5.600	1607	5.610	2000	5.620	7890	/16842822//74326664/13264272/5.56/5.73//2008-9-18 14:49:18
67/600104/上海汽车/5.560	6866	5.550	4866	5.540	4100	5.530	8300	5.520	6300	5.580	2500	5.600	23007	5.610	2000	5.620	7890	5.630	500	/16842822//74442056/13285006/5.56/5.73//2008-9-18 14:50:18
67/600104/上海汽车/5.600	21392	5.590	500	5.580	10800	5.570	1000	5.560	8933	5.610	500	5.620	6500	5.630	500	5.650	5100	5.660	1000	/16842822//74596592/13312647/5.61/5.73//2008-9-18 14:51:19
67/600104/上海汽车/5.620	234	5.610	5700	5.600	21692	5.590	500	5.580	9000	5.650	4700	5.660	1000	5.670	4683	5.680	12300	5.690	17600	/16842822//74688600/13329013/5.62/5.73//2008-9-18 14:52:20
67/600104/上海汽车/5.600	23859	5.590	500	5.580	9000	5.570	1000	5.560	10733	5.610	3167	5.620	27000	5.630	2000	5.650	8600	5.660	1000	/16842822//74847256/13357280/5.61/5.73//2008-9-18 14:53:21
67/600104/上海汽车/5.610	18267	5.600	16491	5.590	500	5.580	17000	5.570	1300	5.620	19810	5.640	11000	5.650	7700	5.660	1000	5.670	4683	/16842822//75207344/13421481/5.61/5.73//2008-9-18 14:54:21
67/600104/上海汽车/5.620	13345	5.610	9799	5.600	17991	5.590	500	5.580	17000	5.630	1600	5.640	14900	5.650	8300	5.660	1000	5.670	3083	/16842822//75420376/13459404/5.62/5.73//2008-9-18 14:55:22
67/600104/上海汽车/5.630	17700	5.620	4145	5.610	12099	5.600	19591	5.590	1000	5.640	16300	5.650	9100	5.660	1000	5.670	19259	5.680	12300	/16842822//75642072/13498804/5.63/5.73//2008-9-18 14:56:23
67/600104/上海汽车/5.630	4000	5.620	345	5.610	6000	5.600	18691	5.590	1000	5.640	4300	5.650	9500	5.660	1000	5.670	18976	5.680	12300	/16842822//75951664/13553804/5.63/5.73//2008-9-18 14:57:23
67/600104/上海汽车/5.620	4105	5.610	700	5.600	20391	5.590	1000	5.580	17600	5.650	6900	5.660	7100	5.670	18976	5.680	12300	5.690	11700	/16842822//76439112/13640344/5.65/5.73//2008-9-18 14:58:24
67/600104/上海汽车/5.580	13500	5.570	1000	5.560	6633	5.550	5500	5.540	4300	5.590	54404	5.630	2000	5.640	35933	5.650	7600	5.660	8600	/16842822//77103952/13758640/5.58/5.73//2008-9-18 14:59:25
67/600104/上海汽车/5.590	45796	5.580	13900	5.570	1000	5.560	6633	5.550	5500	5.600	1700	5.630	2300	5.640	43533	5.650	7600	5.660	7000	/16842822//77514960/13832144/5.6/5.73//2008-9-18 15:0:26
67/600104/上海汽车/5.590	45796	5.580	13900	5.570	1000	5.560	6633	5.550	5500	5.600	1700	5.630	2300	5.640	43533	5.650	7600	5.660	7000	/16842822//77514960/13832144/5.6/5.73//2008-9-18 15:1:26
67/600104/上海汽车/5.590	45796	5.580	13900	5.570	1000	5.560	6633	5.550	5500	5.600	1700	5.630	2300	5.640	43533	5.650	7600	5.660	7000	/16842822//77514960/13832144/5.6/5.73//2008-9-18 15:2:27
