79/600117/西宁特钢/5.070	1000	5.060	7500	5.050	13200	5.040	2800	5.030	8700	5.080	13500	5.090	7100	5.100	5300	5.110	11590	5.120	5799	/16842834//417839/82000/5.08/5.3//2008-9-18 9:31:34
79/600117/西宁特钢/5.070	1100	5.060	2300	5.050	14400	5.040	1000	5.030	11400	5.080	9100	5.090	2000	5.100	5100	5.110	11590	5.120	5799	/16842834//620954/122000/5.08/5.3//2008-9-18 9:32:35
79/600117/西宁特钢/5.040	6100	5.030	12500	5.020	52000	5.010	33200	5.000	12400	5.080	16599	5.090	4300	5.100	5200	5.110	700	5.120	5799	/16842834//925032/182000/5.08/5.3//2008-9-18 9:33:35
79/600117/西宁特钢/5.050	22700	5.040	7600	5.030	12500	5.020	52600	5.010	33200	5.060	24000	5.080	35542	5.090	4300	5.100	5200	5.110	10500	/16842834//991721/195200/5.06/5.3//2008-9-18 9:34:35
79/600117/西宁特钢/5.050	12000	5.040	7000	5.030	13500	5.020	52600	5.010	33200	5.060	19100	5.070	10000	5.080	25242	5.090	4300	5.100	6700	/16842834//1267770/249800/5.05/5.3//2008-9-18 9:35:35
79/600117/西宁特钢/5.060	6000	5.050	10801	5.040	5900	5.030	15800	5.020	52600	5.070	10000	5.080	25242	5.090	4300	5.100	6700	5.110	500	/16842834//1455331/286898/5.05/5.3//2008-9-18 9:36:36
79/600117/西宁特钢/5.040	17900	5.030	14800	5.020	52600	5.010	33900	5.000	17400	5.050	11099	5.060	2300	5.080	24242	5.090	4000	5.100	7400	/16842834//1569532/309500/5.05/5.3//2008-9-18 9:37:36
79/600117/西宁特钢/5.030	13511	5.020	52300	5.010	33900	5.000	18400	4.990	1800	5.050	1200	5.060	3300	5.080	29242	5.090	4000	5.100	7400	/16842834//1902312/375489/5.04/5.3//2008-9-18 9:38:36
79/600117/西宁特钢/5.030	6510	5.020	52300	5.010	33900	5.000	18400	4.990	1800	5.040	18000	5.050	100	5.060	1000	5.080	29242	5.090	4000	/16842834//2026301/400090/5.04/5.3//2008-9-18 9:39:36
79/600117/西宁特钢/5.050	1000	5.040	52300	5.030	15610	5.020	52300	5.010	36900	5.060	1000	5.080	29242	5.090	4000	5.100	7500	5.110	500	/16842834//2261169/446690/5.04/5.3//2008-9-18 9:40:36
79/600117/西宁特钢/5.060	1900	5.050	17200	5.040	51800	5.030	15410	5.020	52300	5.080	8642	5.090	4000	5.100	10000	5.110	500	5.120	2200	/16842834//2375957/469290/5.08/5.3//2008-9-18 9:41:37
79/600117/西宁特钢/5.050	9900	5.040	63900	5.030	12910	5.020	52300	5.010	36900	5.060	71942	5.080	1900	5.100	6000	5.110	500	5.120	2200	/16842834//2616453/516690/5.06/5.3//2008-9-18 9:42:37
79/600117/西宁特钢/5.050	59600	5.040	63900	5.030	16410	5.020	52300	5.010	36900	5.060	742	5.080	1900	5.100	21000	5.110	500	5.120	2200	/16842834//3012142/594890/5.06/5.3//2008-9-18 9:43:37
79/600117/西宁特钢/5.040	63600	5.030	14910	5.020	52300	5.010	37200	5.000	24400	5.050	42700	5.100	17942	5.110	500	5.120	2200	5.150	8300	/16842834//3338851/659490/5.05/5.3//2008-9-18 9:44:37
79/600117/西宁特钢/5.060	12700	5.050	34700	5.040	64600	5.030	20710	5.020	30300	5.100	18042	5.110	500	5.120	2200	5.140	700	5.150	11200	/16842834//3567621/704790/5.06/5.3//2008-9-18 9:45:37
79/600117/西宁特钢/5.060	200	5.050	87700	5.040	78800	5.030	15910	5.020	30300	5.100	18042	5.110	500	5.120	2200	5.140	1700	5.150	11200	/16842834//4072748/804790/5.05/5.3//2008-9-18 9:46:38
79/600117/西宁特钢/5.050	9800	5.040	79000	5.030	15810	5.020	30300	5.010	37200	5.060	3200	5.080	10000	5.090	5000	5.100	27042	5.110	500	/16842834//4577750/904790/5.05/5.3//2008-9-18 9:47:38
79/600117/西宁特钢/5.040	81100	5.030	14810	5.020	30300	5.010	37400	5.000	22700	5.050	138900	5.060	2700	5.080	30000	5.090	6000	5.100	37042	/16842834//4689865/926990/5.05/5.3//2008-9-18 9:48:38
79/600117/西宁特钢/5.040	300	5.020	19410	5.010	37400	5.000	27600	4.990	3800	5.050	111600	5.060	2700	5.080	30000	5.090	6000	5.100	37042	/16842834//5368137/1061590/5.02/5.3//2008-9-18 9:49:39
79/600117/西宁特钢/5.040	4500	5.030	1000	5.020	21810	5.010	37400	5.000	29300	5.050	70900	5.060	2700	5.080	10000	5.090	6000	5.100	37042	/16842834//5649823/1117390/5.05/5.3//2008-9-18 9:50:39
79/600117/西宁特钢/5.050	7900	5.040	800	5.030	21100	5.020	21010	5.010	37400	5.060	2700	5.080	10000	5.090	6000	5.100	37042	5.110	500	/16842834//6095066/1205590/5.05/5.3//2008-9-18 9:51:39
79/600117/西宁特钢/5.040	6300	5.030	20300	5.020	4600	5.010	37400	5.000	27800	5.050	108300	5.060	2700	5.080	10000	5.090	6000	5.100	37042	/16842834//6188432/1224090/5.05/5.3//2008-9-18 9:52:39
79/600117/西宁特钢/5.010	22100	5.000	27500	4.990	3800	4.980	4100	4.970	1000	5.030	13500	5.040	13200	5.050	110000	5.060	2700	5.080	10000	/16842834//6458778/1277890/5.03/5.3//2008-9-18 9:53:40
79/600117/西宁特钢/4.980	13400	4.970	21000	4.960	10000	4.950	6400	4.940	1000	4.990	13900	5.000	7100	5.010	2900	5.020	1500	5.030	15500	/16842834//6778476/1341790/4.99/5.3//2008-9-18 9:54:40
79/600117/西宁特钢/4.970	14500	4.960	10500	4.950	6400	4.940	1000	4.910	6400	4.990	10200	5.000	7600	5.010	2900	5.020	7200	5.030	15500	/16842834//7130962/1412690/4.97/5.3//2008-9-18 9:55:40
79/600117/西宁特钢/4.970	3300	4.960	10800	4.950	6400	4.940	1000	4.910	9400	4.990	4400	5.000	6000	5.010	2900	5.020	5900	5.030	15500	/16842834//7285873/1443790/4.99/5.3//2008-9-18 9:56:41
79/600117/西宁特钢/4.990	44300	4.980	900	4.970	5200	4.960	10800	4.950	6400	5.000	4100	5.010	2900	5.020	5900	5.030	15500	5.040	48700	/16842834//7316316/1449890/5.0/5.3//2008-9-18 9:57:41
79/600117/西宁特钢/5.010	2000	5.000	31200	4.990	43900	4.980	10500	4.970	4800	5.020	5900	5.030	15500	5.040	68700	5.050	116200	5.060	2700	/16842834//7478870/1482390/5.01/5.3//2008-9-18 9:58:41
79/600117/西宁特钢/5.000	31500	4.990	43900	4.980	1300	4.970	2300	4.960	10800	5.010	13800	5.020	31260	5.030	15500	5.040	68700	5.050	116200	/16842834//7508420/1488290/5.01/5.3//2008-9-18 9:59:41
79/600117/西宁特钢/4.990	43900	4.980	800	4.970	2300	4.960	11300	4.950	6900	5.000	2800	5.010	13290	5.020	32260	5.030	18600	5.040	68700	/16842834//7720475/1530690/5.0/5.3//2008-9-18 10:0:42
79/600117/西宁特钢/4.990	38300	4.980	800	4.970	3300	4.960	11300	4.950	7400	5.000	6000	5.010	6600	5.020	6900	5.030	18600	5.040	59200	/16842834//7936439/1573890/4.99/5.3//2008-9-18 10:1:42
79/600117/西宁特钢/4.990	21747	4.980	800	4.970	2500	4.960	12600	4.950	7400	5.000	6400	5.010	6800	5.020	6900	5.030	15900	5.040	59200	/16842834//8018059/1590243/4.99/4.99//2008-9-18 10:2:42
79/600117/西宁特钢/4.950	10237	4.940	1000	4.910	16700	4.900	13200	4.880	3400	4.980	30900	4.990	21600	5.000	25000	5.010	6800	5.020	6900	/16842834//8221007/1631053/4.95/4.99//2008-9-18 10:3:42
79/600117/西宁特钢/4.910	17700	4.900	14000	4.880	14000	4.860	20000	4.850	11000	4.940	1100	4.950	12363	4.960	10000	4.980	33300	4.990	21000	/16842834//8294414/1645890/4.94/4.99//2008-9-18 10:4:43
79/600117/西宁特钢/4.910	2200	4.900	14300	4.880	14000	4.860	20000	4.850	13000	4.920	4400	4.940	1000	4.950	12363	4.960	10000	4.980	32800	/16842834//8469145/1681390/4.92/4.99//2008-9-18 10:5:43
79/600117/西宁特钢/4.940	1010	4.930	6400	4.920	34800	4.910	52700	4.900	13800	4.950	41763	4.960	10000	4.980	32800	4.990	21000	5.000	26100	/16842834//8533642/1694470/4.94/4.99//2008-9-18 10:6:43
79/600117/西宁特钢/4.950	22137	4.940	2000	4.930	53060	4.920	34800	4.910	30300	4.960	10000	4.980	32800	4.990	21000	5.000	25800	5.010	6800	/16842834//8855346/1759493/4.95/4.99//2008-9-18 10:7:44
79/600117/西宁特钢/4.950	2000	4.940	2000	4.930	53060	4.920	26300	4.910	29900	4.960	13200	4.980	32800	4.990	21000	5.000	26600	5.010	6800	/16842834//8980304/1784693/4.96/4.99//2008-9-18 10:8:44
79/600117/西宁特钢/4.960	3000	4.950	10000	4.940	8700	4.930	53060	4.920	26300	4.980	32800	4.990	21000	5.000	26600	5.010	6800	5.020	11700	/16842834//9102123/1809293/4.96/4.99//2008-9-18 10:9:44
79/600117/西宁特钢/4.960	9700	4.950	20800	4.940	10400	4.930	53060	4.920	18000	4.970	15000	4.980	28000	4.990	21000	5.000	26600	5.010	6800	/16842834//9166195/1822193/4.96/4.99//2008-9-18 10:10:44
79/600117/西宁特钢/4.960	6200	4.950	20800	4.940	11900	4.930	53060	4.920	17600	4.970	14100	4.980	30600	4.990	21000	5.000	31300	5.010	6800	/16842834//9206876/1830393/4.96/4.99//2008-9-18 10:11:45
79/600117/西宁特钢/4.960	2700	4.950	20800	4.940	11100	4.930	53060	4.920	12600	4.970	10400	4.980	30600	4.990	21000	5.000	26900	5.010	6800	/16842834//9253049/1839693/4.96/4.99//2008-9-18 10:12:45
79/600117/西宁特钢/4.960	2000	4.950	2000	4.940	8900	4.930	53060	4.920	13300	4.970	9900	4.980	30600	4.990	22200	5.000	34900	5.010	6800	/16842834//9385291/1866393/4.95/4.99//2008-9-18 10:13:45
79/600117/西宁特钢/4.940	18900	4.930	53060	4.920	13300	4.910	26600	4.900	17100	4.950	7500	4.960	10200	4.970	6700	4.980	30900	4.990	22200	/16842834//9463170/1882093/4.95/4.99//2008-9-18 10:14:46
79/600117/西宁特钢/4.940	7500	4.930	53060	4.920	13300	4.910	26700	4.900	17200	4.950	100	4.960	10200	4.970	6600	4.980	30900	4.990	32200	/16842834//9564020/1902493/4.94/4.99//2008-9-18 10:15:46
79/600117/西宁特钢/4.950	16800	4.940	15000	4.930	53060	4.920	13300	4.910	27200	4.960	7100	4.970	8700	4.980	30900	4.990	32200	5.000	16200	/16842834//9580881/1905893/4.96/4.99//2008-9-18 10:16:46
79/600117/西宁特钢/4.960	13800	4.950	15800	4.940	22500	4.930	53060	4.920	13300	4.970	8700	4.980	4400	4.990	32200	5.000	16200	5.010	6600	/16842834//9695302/1928993/4.96/4.99//2008-9-18 10:17:47
79/600117/西宁特钢/4.960	500	4.940	15200	4.930	200	4.920	13300	4.910	29200	4.970	400	4.990	28200	5.000	16200	5.010	6600	5.020	11700	/16842834//10015741/1993593/4.97/4.99//2008-9-18 10:18:47
79/600117/西宁特钢/5.000	800	4.990	18700	4.970	1600	4.960	3600	4.950	5400	5.010	6600	5.020	11700	5.030	5700	5.040	20800	5.050	117600	/16842834//10289897/2048493/5.0/4.99//2008-9-18 10:19:47
79/600117/西宁特钢/4.990	1600	4.970	1600	4.960	3600	4.950	6300	4.940	16200	5.000	1800	5.010	31960	5.020	11700	5.030	5700	5.040	20800	/16842834//10382726/2067093/4.99/4.99//2008-9-18 10:20:48
79/600117/西宁特钢/4.970	1600	4.960	4500	4.950	8400	4.940	16200	4.930	900	5.000	700	5.010	21760	5.020	11700	5.030	5700	5.040	20800	/16842834//10477308/2085993/5.0/4.99//2008-9-18 10:21:48
79/600117/西宁特钢/5.000	23300	4.980	800	4.970	2300	4.960	7500	4.950	7500	5.010	21760	5.020	12000	5.030	5700	5.040	20800	5.050	119100	/16842834//10553808/2101293/5.0/4.99//2008-9-18 10:22:48
79/600117/西宁特钢/5.000	20100	4.980	800	4.970	2300	4.960	7500	4.950	8500	5.010	20960	5.020	7200	5.030	5700	5.040	20800	5.050	119100	/16842834//10616316/2113793/5.0/4.99//2008-9-18 10:23:48
79/600117/西宁特钢/4.980	5800	4.970	2300	4.960	7500	4.950	9100	4.940	18500	5.000	2800	5.010	22060	5.020	7400	5.030	5700	5.040	30800	/16842834//10703816/2131293/5.0/4.99//2008-9-18 10:24:49
79/600117/西宁特钢/4.980	2800	4.970	2300	4.960	7500	4.950	10200	4.940	18500	4.990	3000	5.000	2900	5.010	22460	5.020	8500	5.030	5700	/16842834//10753686/2141293/4.98/4.99//2008-9-18 10:25:49
79/600117/西宁特钢/4.980	4100	4.970	2300	4.960	7500	4.950	11400	4.940	18500	4.990	3600	5.000	2400	5.010	22460	5.020	8500	5.030	5700	/16842834//10755682/2141693/4.99/4.99//2008-9-18 10:26:49
79/600117/西宁特钢/4.980	3400	4.970	2300	4.960	5100	4.950	11800	4.940	18500	4.990	2400	5.000	2400	5.010	22460	5.020	8500	5.030	5700	/16842834//10864956/2163593/4.99/4.99//2008-9-18 10:27:50
79/600117/西宁特钢/4.970	1200	4.960	5100	4.950	10300	4.940	18500	4.930	7900	4.980	83000	4.990	2400	5.000	2900	5.010	22260	5.020	8500	/16842834//10966535/2183993/4.98/4.99//2008-9-18 10:28:50
79/600117/西宁特钢/4.980	37000	4.970	6200	4.960	6100	4.950	11000	4.940	18500	4.990	2400	5.000	2900	5.010	22260	5.020	8500	5.030	6400	/16842834//11379875/2266993/4.98/4.99//2008-9-18 10:29:50
79/600117/西宁特钢/4.990	2000	4.980	20100	4.970	6800	4.960	6100	4.950	9900	5.000	22000	5.010	22260	5.020	8500	5.030	6400	5.040	57550	/16842834//11419843/2274993/5.0/4.99//2008-9-18 10:30:51
79/600117/西宁特钢/4.970	6800	4.960	9100	4.950	8800	4.940	18000	4.930	7900	4.980	25600	4.990	5200	5.000	28800	5.010	22260	5.020	8500	/16842834//11529378/2296993/4.98/4.99//2008-9-18 10:31:51
79/600117/西宁特钢/4.980	29300	4.970	6100	4.960	9100	4.950	8300	4.940	18000	4.990	5200	5.000	29100	5.010	22260	5.020	8500	5.030	6400	/16842834//11662337/2323693/4.98/4.99//2008-9-18 10:32:51
79/600117/西宁特钢/4.990	7000	4.980	23400	4.970	6100	4.960	9500	4.950	6500	5.000	29600	5.010	22260	5.020	8500	5.030	6400	5.040	57550	/16842834//11717667/2334793/4.99/4.99//2008-9-18 10:33:52
79/600117/西宁特钢/4.980	23400	4.970	6100	4.960	9500	4.950	7400	4.940	18000	4.990	3200	5.000	29500	5.010	22260	5.020	8500	5.030	6400	/16842834//11788027/2348893/4.99/4.99//2008-9-18 10:34:52
79/600117/西宁特钢/4.970	1100	4.960	9000	4.950	7400	4.940	18000	4.930	17900	4.980	13400	4.990	3200	5.000	29700	5.010	22160	5.020	9400	/16842834//11940375/2379493/4.97/4.99//2008-9-18 10:35:52
79/600117/西宁特钢/4.980	34300	4.970	1100	4.960	10900	4.950	7400	4.940	18000	4.990	2200	5.000	29700	5.010	22160	5.020	9400	5.030	6500	/16842834//12019059/2395293/4.98/4.99//2008-9-18 10:36:53
79/600117/西宁特钢/4.980	2200	4.970	1100	4.960	10900	4.950	7800	4.940	17000	4.990	2200	5.000	29800	5.010	22160	5.020	9400	5.030	6500	/16842834//12179415/2427493/4.98/4.99//2008-9-18 10:37:53
79/600117/西宁特钢/4.970	900	4.960	8900	4.950	7800	4.940	17000	4.930	17900	4.980	1750	4.990	2600	5.000	31800	5.010	22160	5.020	9400	/16842834//12193357/2430293/4.97/4.99//2008-9-18 10:38:53
79/600117/西宁特钢/4.970	50200	4.960	8400	4.950	7800	4.940	9100	4.930	17900	4.980	450	4.990	2600	5.000	32800	5.010	22160	5.020	9400	/16842834//12211764/2433993/4.98/4.99//2008-9-18 10:39:54
79/600117/西宁特钢/4.980	8850	4.970	44200	4.960	8400	4.950	8800	4.940	9100	5.000	25100	5.010	22160	5.020	9400	5.030	6500	5.040	55650	/16842834//12450551/2481843/5.0/4.99//2008-9-18 10:40:54
79/600117/西宁特钢/4.970	44800	4.960	8400	4.950	8700	4.940	9100	4.930	17900	4.980	13450	5.000	31800	5.010	21160	5.020	9400	5.030	6500	/16842834//12433840/2478543/4.98/4.99//2008-9-18 10:41:54
79/600117/西宁特钢/4.980	400	4.970	32600	4.960	8400	4.950	8700	4.940	9100	4.990	50000	5.000	23450	5.010	21160	5.020	9400	5.030	6500	/16842834//12571056/2506093/4.97/4.99//2008-9-18 10:42:55
79/600117/西宁特钢/4.980	9800	4.970	46900	4.960	8400	4.950	8900	4.940	9100	4.990	500	5.000	29050	5.010	21160	5.020	11900	5.030	6500	/16842834//12662013/2524393/4.98/4.99//2008-9-18 10:43:55
79/600117/西宁特钢/4.990	1950	4.980	9800	4.970	48000	4.960	8400	4.950	8900	5.000	29150	5.010	21160	5.020	11900	5.030	6500	5.040	55650	/16842834//12727182/2537443/4.99/4.99//2008-9-18 10:44:56
79/600117/西宁特钢/4.990	1700	4.980	8200	4.970	48000	4.960	8500	4.950	8900	5.000	23200	5.010	21160	5.020	11900	5.030	6500	5.040	55650	/16842834//12864710/2564993/4.98/4.99//2008-9-18 10:45:56
79/600117/西宁特钢/4.980	12000	4.970	59000	4.960	8500	4.950	8600	4.940	9100	4.990	13000	5.000	24600	5.010	200	5.020	11100	5.030	6500	/16842834//12958759/2583893/4.97/4.99//2008-9-18 10:46:56
79/600117/西宁特钢/4.970	59300	4.960	8500	4.950	7100	4.940	9100	4.930	11900	4.980	18960	4.990	15100	5.000	25500	5.010	200	5.020	11100	/16842834//13042446/2600693/4.98/4.99//2008-9-18 10:47:57
79/600117/西宁特钢/4.970	21200	4.960	8500	4.950	7100	4.940	9100	4.930	11700	4.980	24480	4.990	14900	5.000	27100	5.010	200	5.020	15100	/16842834//13236275/2639693/4.97/4.99//2008-9-18 10:48:57
79/600117/西宁特钢/4.940	9100	4.930	11700	4.920	10900	4.910	28300	4.900	17600	4.950	3600	4.960	23000	4.970	50400	4.980	16380	4.990	10900	/16842834//13547295/2702293/4.95/4.99//2008-9-18 10:49:57
79/600117/西宁特钢/4.930	1650	4.920	2600	4.910	28300	4.900	17600	4.890	1100	4.940	3700	4.950	54000	4.960	23100	4.970	43400	4.980	6580	/16842834//13695601/2732343/4.93/4.99//2008-9-18 10:50:58
79/600117/西宁特钢/4.930	7750	4.920	2700	4.910	28300	4.900	18500	4.890	1100	4.940	500	4.950	44600	4.960	23100	4.970	42900	4.980	6580	/16842834//13835038/2760543/4.93/4.99//2008-9-18 10:51:58
79/600117/西宁特钢/4.920	18900	4.910	28300	4.900	18500	4.890	1100	4.880	37900	4.930	600	4.940	22136	4.950	25500	4.960	23100	4.970	42900	/16842834//14127027/2819693/4.94/4.99//2008-9-18 10:52:58
79/600117/西宁特钢/4.920	19700	4.910	32300	4.900	18600	4.890	1100	4.880	37900	4.930	400	4.940	9736	4.950	21500	4.960	5000	4.970	9500	/16842834//14198151/2834093/4.94/4.99//2008-9-18 10:53:59
79/600117/西宁特钢/4.920	20800	4.910	32300	4.900	18500	4.890	1100	4.880	37900	4.930	2500	4.940	3536	4.950	12300	4.960	5000	4.970	9500	/16842834//14239129/2842393/4.93/4.99//2008-9-18 10:54:59
79/600117/西宁特钢/4.920	14200	4.910	32300	4.900	18500	4.890	1100	4.880	37900	4.930	1700	4.940	3936	4.950	20300	4.960	5000	4.970	9500	/16842834//14275052/2849693/4.93/4.99//2008-9-18 10:56:0
79/600117/西宁特钢/4.920	9900	4.910	32300	4.900	18500	4.890	1100	4.880	37900	4.930	14500	4.940	3936	4.950	21300	4.960	5000	4.970	9500	/16842834//14323308/2859493/4.93/4.99//2008-9-18 10:57:0
79/600117/西宁特钢/4.920	140	4.910	32300	4.900	18700	4.890	1100	4.880	37900	4.930	12600	4.940	3936	4.950	16300	4.960	5000	4.970	9500	/16842834//14404296/2875953/4.92/4.99//2008-9-18 10:58:0
79/600117/西宁特钢/4.900	26500	4.890	1100	4.880	37900	4.860	100	4.850	18800	4.910	2860	4.920	12000	4.930	342	4.940	3936	4.950	5800	/16842834//14613176/2918493/4.9/4.99//2008-9-18 10:59:1
79/600117/西宁特钢/4.880	37000	4.860	100	4.850	17100	4.840	1100	4.830	200	4.890	20100	4.900	49276	4.910	8460	4.920	1500	4.930	342	/16842834//14776358/2951793/4.89/4.99//2008-9-18 11:0:1
79/600117/西宁特钢/4.860	1100	4.850	15800	4.840	1100	4.830	200	4.820	20500	4.880	19200	4.890	28700	4.900	28276	4.910	660	4.920	1500	/16842834//15034046/3004593/4.88/4.99//2008-9-18 11:1:2
79/600117/西宁特钢/4.830	5200	4.820	13000	4.810	2900	4.800	127100	4.790	15500	4.850	1200	4.860	7200	4.870	19300	4.880	5600	4.890	11000	/16842834//15225784/3044193/4.85/4.99//2008-9-18 11:2:2
79/600117/西宁特钢/4.820	12700	4.810	8900	4.800	132200	4.790	15500	4.780	54400	4.830	36676	4.850	1000	4.860	2200	4.870	19300	4.880	5600	/16842834//15284215/3056293/4.82/4.99//2008-9-18 11:3:2
79/600117/西宁特钢/4.790	15500	4.780	54400	4.770	89400	0.000	0	0.000	0	4.800	43300	4.820	6500	4.830	18842	4.850	1500	4.860	2400	/16842834//16188104/3244393/4.8/4.99//2008-9-18 11:4:3
79/600117/西宁特钢/4.780	20590	4.770	97400	0.000	0	0.000	0	0.000	0	4.790	14800	4.800	50200	4.820	9500	4.830	4342	4.850	500	/16842834//16451440/3299403/4.78/4.99//2008-9-18 11:5:3
79/600117/西宁特钢/4.790	49200	4.780	41890	4.770	102100	0.000	0	0.000	0	4.800	2300	4.820	3900	4.830	4342	4.850	500	4.860	2500	/16842834//16700838/3351403/4.8/4.99//2008-9-18 11:6:4
79/600117/西宁特钢/4.830	6858	4.820	7800	4.810	4600	4.800	26800	4.790	9000	4.850	500	4.860	2400	4.870	600	4.880	5100	4.890	1000	/16842834//16801744/3372345/4.83/4.99//2008-9-18 11:7:4
79/600117/西宁特钢/4.850	6500	4.840	5000	4.830	6258	4.820	7100	4.810	4600	4.860	2400	4.870	100	4.880	900	4.890	1000	4.900	1000	/16842834//16812868/3374645/4.85/4.99//2008-9-18 11:8:4
79/600117/西宁特钢/4.850	5400	4.830	4558	4.820	5300	4.810	9600	4.800	18400	4.880	16500	4.890	1000	4.900	1000	4.930	400	4.940	3536	/16842834//16936694/3400145/4.85/4.99//2008-9-18 11:9:5
79/600117/西宁特钢/4.870	1000	4.860	2000	4.850	6300	4.830	4558	4.820	5300	4.880	14700	4.890	1000	4.900	1000	4.930	8200	4.940	3536	/16842834//16906688/3393945/4.88/4.99//2008-9-18 11:10:5
79/600117/西宁特钢/4.850	6300	4.830	4558	4.820	5300	4.810	8000	4.800	25800	4.860	1200	4.870	12100	4.880	14700	4.900	1000	4.930	10200	/16842834//16935402/3399845/4.86/4.99//2008-9-18 11:11:6
79/600117/西宁特钢/4.850	1115	4.830	4558	4.820	5300	4.810	8000	4.800	25800	4.860	2600	4.870	9800	4.880	15000	4.900	1000	4.930	10200	/16842834//16980006/3409030/4.85/4.99//2008-9-18 11:12:6
79/600117/西宁特钢/4.830	4558	4.820	5300	4.810	3000	4.800	32700	4.790	8500	4.840	85	4.850	300	4.860	4100	4.870	9800	4.880	15000	/16842834//17004312/3414045/4.84/4.99//2008-9-18 11:13:7
79/600117/西宁特钢/4.820	5000	4.810	3000	4.800	32500	4.790	8500	4.780	44090	4.830	10956	4.860	4100	4.870	9800	4.880	15000	4.900	1000	/16842834//17060136/3425603/4.83/4.99//2008-9-18 11:14:7
79/600117/西宁特钢/4.830	3744	4.820	5000	4.810	4200	4.800	26600	4.790	8600	4.860	22000	4.870	9300	4.880	300	4.900	1000	4.910	1000	/16842834//17124646/3438959/4.83/4.99//2008-9-18 11:15:7
79/600117/西宁特钢/4.840	600	4.830	3844	4.820	5200	4.810	4400	4.800	26400	4.860	3500	4.870	9300	4.880	300	4.900	1000	4.910	1000	/16842834//17132392/3440559/4.83/4.99//2008-9-18 11:16:8
79/600117/西宁特钢/4.840	5000	4.830	4844	4.820	5200	4.810	5400	4.800	26600	4.860	3500	4.870	1000	4.880	300	4.900	1000	4.910	1000	/16842834//17132392/3440559/4.83/4.99//2008-9-18 11:17:8
79/600117/西宁特钢/4.840	15900	4.830	4844	4.820	5200	4.810	5400	4.800	27300	4.860	3500	4.870	1000	4.880	300	4.900	1000	4.910	1000	/16842834//17159986/3446259/4.84/4.99//2008-9-18 11:18:9
79/600117/西宁特钢/4.830	744	4.820	5200	4.810	8400	4.800	31200	4.790	8500	4.860	3500	4.880	300	4.900	1000	4.910	1000	4.930	18300	/16842834//17172538/3448859/4.83/4.99//2008-9-18 11:19:9
79/600117/西宁特钢/4.840	2200	4.830	6744	4.820	11200	4.810	13400	4.800	31200	4.860	2700	4.880	300	4.900	2000	4.910	4100	4.930	20300	/16842834//17176426/3449659/4.86/4.99//2008-9-18 11:20:10
79/600117/西宁特钢/4.860	7900	4.850	2500	4.840	2200	4.830	7244	4.820	11200	4.880	400	4.900	2000	4.910	4100	4.930	20300	4.940	3536	/16842834//17190520/3452559/4.86/4.99//2008-9-18 11:21:10
79/600117/西宁特钢/4.840	2700	4.830	16744	4.820	11200	4.810	12400	4.800	31200	4.850	10500	4.860	20000	4.870	3000	4.880	400	4.900	16700	/16842834//17245900/3463959/4.85/4.99//2008-9-18 11:22:10
79/600117/西宁特钢/4.830	12044	4.820	11200	4.810	12400	4.800	33100	4.790	8500	4.850	7300	4.860	20400	4.870	2000	4.880	400	4.900	2000	/16842834//17333916/3482159/4.83/4.99//2008-9-18 11:23:11
79/600117/西宁特钢/4.810	12400	4.800	34100	4.790	8500	4.780	97790	4.770	179400	4.820	1156	4.840	45000	4.850	8700	4.860	20700	4.870	2000	/16842834//17412728/3498503/4.82/4.99//2008-9-18 11:24:11
79/600117/西宁特钢/4.780	15790	4.770	180500	0.000	0	0.000	0	0.000	0	4.790	10800	4.800	21600	4.810	5000	4.820	1156	4.840	45000	/16842834//18090270/3640003/4.79/4.99//2008-9-18 11:25:12
79/600117/西宁特钢/4.770	58100	0.000	0	0.000	0	0.000	0	0.000	0	4.780	39010	4.790	4200	4.800	26300	4.810	5000	4.820	1156	/16842834//19107420/3853193/4.77/4.99//2008-9-18 11:26:12
79/600117/西宁特钢/4.770	77544	0.000	0	0.000	0	0.000	0	0.000	0	4.780	810	4.790	9200	4.800	5900	4.850	3700	4.860	19500	/16842834//19766344/3991249/4.77/4.99//2008-9-18 11:27:13
79/600117/西宁特钢/4.770	91444	0.000	0	0.000	0	0.000	0	0.000	0	4.780	41010	4.790	9200	4.800	900	4.850	2700	4.860	8700	/16842834//19787350/3995649/4.77/4.99//2008-9-18 11:28:13
79/600117/西宁特钢/4.780	21390	4.770	67754	0.000	0	0.000	0	0.000	0	4.790	9200	4.800	900	4.850	2700	4.860	9100	4.870	2000	/16842834//20204658/4083049/4.78/4.99//2008-9-18 11:29:14
79/600117/西宁特钢/4.780	23990	4.770	72154	0.000	0	0.000	0	0.000	0	4.790	3200	4.800	900	4.850	2700	4.860	8800	4.870	2000	/16842834//20256820/4093949/4.79/4.99//2008-9-18 11:30:14
79/600117/西宁特钢/4.780	23990	4.770	72154	0.000	0	0.000	0	0.000	0	4.790	3200	4.800	900	4.850	2700	4.860	8800	4.870	2000	/16842834//20256820/4093949/4.79/4.99//2008-9-18 11:31:15
79/600117/西宁特钢/4.780	200	4.770	20664	0.000	0	0.000	0	0.000	0	4.850	3700	4.860	8800	4.870	2501	4.880	2200	4.900	3900	/16842834//21117640/4274129/4.78/4.99//2008-9-18 13:1:15
79/600117/西宁特钢/4.770	24164	0.000	0	0.000	0	0.000	0	0.000	0	4.780	1800	4.800	120000	4.850	13700	4.860	8800	4.870	2501	/16842834//21078212/4265929/4.78/4.99//2008-9-18 13:2:16
79/600117/西宁特钢/4.770	24164	0.000	0	0.000	0	0.000	0	0.000	0	4.770	70336	4.800	114300	4.850	13800	4.860	8800	4.870	2501	/16842834//21290494/4310393/4.77/4.99//2008-9-18 13:3:16
79/600117/西宁特钢/4.770	24164	0.000	0	0.000	0	0.000	0	0.000	0	4.770	148076	4.800	114300	4.850	13800	4.860	8800	4.870	3501	/16842834//21440272/4341793/4.77/4.99//2008-9-18 13:4:17
79/600117/西宁特钢/4.770	24164	0.000	0	0.000	0	0.000	0	0.000	0	4.770	137376	4.800	114300	4.850	14800	4.860	8800	4.870	3501	/16842834//21494174/4353093/4.77/4.99//2008-9-18 13:5:17
79/600117/西宁特钢/4.770	24164	0.000	0	0.000	0	0.000	0	0.000	0	4.770	138326	4.800	116100	4.850	14800	4.860	8800	4.870	3501	/16842834//21591958/4373593/4.77/4.99//2008-9-18 13:6:18
79/600117/西宁特钢/4.770	24164	0.000	0	0.000	0	0.000	0	0.000	0	4.770	110826	4.800	116100	4.850	14800	4.860	10800	4.870	3501	/16842834//21727904/4402093/4.77/4.99//2008-9-18 13:7:18
79/600117/西宁特钢/4.770	24164	0.000	0	0.000	0	0.000	0	0.000	0	4.770	115726	4.780	100	4.800	116100	4.850	13800	4.860	8800	/16842834//21783236/4413693/4.77/4.99//2008-9-18 13:8:19
79/600117/西宁特钢/4.770	24164	0.000	0	0.000	0	0.000	0	0.000	0	4.770	98026	4.780	100	4.790	100	4.800	116100	4.810	100	/16842834//21913934/4441093/4.77/4.99//2008-9-18 13:9:19
79/600117/西宁特钢/4.770	24164	0.000	0	0.000	0	0.000	0	0.000	0	4.770	2726	4.800	116100	4.810	100	4.820	100	4.850	11600	/16842834//22380916/4538993/4.77/4.99//2008-9-18 13:10:20
79/600117/西宁特钢/4.770	75874	0.000	0	0.000	0	0.000	0	0.000	0	4.800	116100	4.810	100	4.820	100	4.830	100	4.840	100	/16842834//22396304/4542219/4.77/4.99//2008-9-18 13:11:20
79/600117/西宁特钢/4.780	1600	4.770	87374	0.000	0	0.000	0	0.000	0	4.800	116100	4.810	100	4.820	100	4.830	100	4.840	100	/16842834//22405864/4544219/4.77/4.99//2008-9-18 13:12:21
79/600117/西宁特钢/4.770	154174	0.000	0	0.000	0	0.000	0	0.000	0	4.800	113200	4.810	100	4.820	100	4.830	100	4.840	100	/16842834//22490880/4562019/4.77/4.99//2008-9-18 13:13:21
79/600117/西宁特钢/4.780	4900	4.770	219574	0.000	0	0.000	0	0.000	0	4.790	400	4.800	108600	4.810	100	4.820	100	4.830	100	/16842834//22523012/4568719/4.8/4.99//2008-9-18 13:14:22
79/600117/西宁特钢/4.780	23200	4.770	271774	0.000	0	0.000	0	0.000	0	4.800	109200	4.810	100	4.820	100	4.830	100	4.840	100	/16842834//22551258/4574619/4.8/4.99//2008-9-18 13:15:22
79/600117/西宁特钢/4.790	3100	4.780	21100	4.770	360274	0.000	0	0.000	0	4.800	111000	4.810	100	4.820	100	4.830	100	4.840	100	/16842834//22575180/4579619/4.79/4.99//2008-9-18 13:16:23
79/600117/西宁特钢/4.780	30200	4.770	363574	0.000	0	0.000	0	0.000	0	4.800	109800	4.810	100	4.820	100	4.830	100	4.840	100	/16842834//22658398/4597019/4.78/4.99//2008-9-18 13:17:23
79/600117/西宁特钢/4.770	326074	0.000	0	0.000	0	0.000	0	0.000	0	4.780	38300	4.800	47900	4.810	400	4.820	100	4.830	100	/16842834//23457866/4764019/4.78/4.99//2008-9-18 13:18:24
79/600117/西宁特钢/4.780	16300	4.770	342974	0.000	0	0.000	0	0.000	0	4.800	48500	4.810	400	4.820	400	4.830	400	4.840	100	/16842834//23661968/4806719/4.78/4.99//2008-9-18 13:19:24
79/600117/西宁特钢/4.780	30500	4.770	345474	0.000	0	0.000	0	0.000	0	4.800	14800	4.850	11500	4.860	8800	4.870	501	4.880	1200	/16842834//23833288/4842419/4.8/4.99//2008-9-18 13:20:25
79/600117/西宁特钢/4.780	8600	4.770	348474	0.000	0	0.000	0	0.000	0	4.800	200100	4.810	100	4.850	11500	4.860	8800	4.870	501	/16842834//24356954/4951819/4.78/4.99//2008-9-18 13:21:25
79/600117/西宁特钢/4.790	7900	4.780	17700	4.770	349174	0.000	0	0.000	0	4.800	190900	4.810	100	4.820	100	4.830	100	4.850	11500	/16842834//24407834/4962419/4.8/4.99//2008-9-18 13:22:26
79/600117/西宁特钢/4.790	5900	4.780	19200	4.770	339574	0.000	0	0.000	0	4.800	151000	4.810	100	4.820	100	4.830	100	4.840	100	/16842834//24594554/5001319/4.8/4.99//2008-9-18 13:23:26
79/600117/西宁特钢/4.790	5200	4.780	18600	4.770	342074	0.000	0	0.000	0	4.800	53900	4.810	100	4.820	100	4.830	100	4.840	100	/16842834//25068308/5100019/4.8/4.99//2008-9-18 13:24:27
79/600117/西宁特钢/4.790	6600	4.780	28900	4.770	339274	0.000	0	0.000	0	4.800	5400	4.850	11500	4.860	8800	4.870	501	4.880	1200	/16842834//25365410/5161919/4.8/4.99//2008-9-18 13:25:27
79/600117/西宁特钢/4.810	1600	4.800	68001	4.790	4600	4.780	29800	4.770	340274	4.850	10800	4.860	8800	4.870	501	4.880	1200	4.900	5200	/16842834//25395200/5168118/4.85/4.99//2008-9-18 13:26:28
79/600117/西宁特钢/4.810	17800	4.800	69801	4.790	1200	4.780	32800	4.770	310674	4.860	8800	4.870	501	4.880	1400	4.900	4900	4.910	4100	/16842834//25452430/5179918/4.85/4.99//2008-9-18 13:27:28
79/600117/西宁特钢/4.850	4500	4.820	1000	4.810	47500	4.800	124200	4.790	1200	4.860	9200	4.870	501	4.880	1400	4.900	4900	4.910	4100	/16842834//25479106/5185418/4.85/4.99//2008-9-18 13:28:29
79/600117/西宁特钢/4.820	1200	4.810	47500	4.800	170500	4.790	1200	4.780	20000	4.850	6800	4.860	8400	4.870	501	4.880	4400	4.900	4900	/16842834//25520820/5194018/4.85/4.99//2008-9-18 13:29:29
79/600117/西宁特钢/4.820	1000	4.810	47500	4.800	222300	4.790	1200	4.780	20000	4.850	10000	4.860	5900	4.870	501	4.880	4400	4.900	4900	/16842834//25581456/5206518/4.85/4.99//2008-9-18 13:30:30
79/600117/西宁特钢/4.830	1000	4.820	45300	4.810	47500	4.800	222400	4.790	1200	4.840	4500	4.850	13800	4.860	900	4.880	4400	4.900	4900	/16842834//25620608/5214618/4.84/4.99//2008-9-18 13:31:30
79/600117/西宁特钢/4.870	48900	4.860	600	4.850	40000	4.840	3500	4.830	12500	4.880	1400	4.900	4900	4.910	1000	4.930	18300	4.940	3536	/16842834//25717086/5234518/4.87/4.99//2008-9-18 13:32:31
79/600117/西宁特钢/4.900	500	4.880	13500	4.870	48900	4.860	600	4.850	8200	4.910	2000	4.920	1500	4.930	18300	4.940	3536	4.950	4800	/16842834//25828086/5257218/4.88/4.99//2008-9-18 13:33:31
79/600117/西宁特钢/4.910	5500	4.890	6400	4.880	23600	4.870	200	4.860	100	4.920	400	4.930	400	4.940	3536	4.950	4800	4.970	4100	/16842834//25863382/5264418/4.91/4.99//2008-9-18 13:34:32
79/600117/西宁特钢/4.940	16364	4.930	1000	4.920	1100	4.910	300	4.900	1000	4.970	1100	4.980	7800	4.990	8600	5.000	72200	5.010	100	/16842834//26026788/5297554/4.94/4.99//2008-9-18 13:35:32
79/600117/西宁特钢/4.970	6692	4.940	16864	4.930	1900	4.920	500	4.910	300	4.980	12200	4.990	17200	5.000	64200	5.010	100	5.020	10200	/16842834//26177488/5327862/4.97/4.99//2008-9-18 13:36:33
79/600117/西宁特钢/4.940	7864	4.930	1900	4.920	4200	4.910	300	4.900	6000	4.970	11108	4.980	10400	4.990	16200	5.000	59500	5.010	100	/16842834//26280080/5348554/4.97/4.99//2008-9-18 13:37:34
79/600117/西宁特钢/4.930	800	4.920	500	4.910	300	4.900	6100	4.890	6400	4.940	2436	4.950	200	4.960	10200	4.970	18958	4.980	600	/16842834//26335210/5359718/4.94/4.99//2008-9-18 13:38:34
79/600117/西宁特钢/4.920	500	4.910	300	4.900	6100	4.890	6400	4.880	3100	4.930	800	4.940	1736	4.950	5200	4.960	5400	4.970	15358	/16842834//26351498/5363018/4.93/4.99//2008-9-18 13:39:35
79/600117/西宁特钢/4.930	200	4.910	300	4.900	6100	4.890	6400	4.880	3100	4.940	4636	4.950	5200	4.960	8100	4.970	15358	4.980	600	/16842834//26448306/5382618/4.94/4.99//2008-9-18 13:40:35
79/600117/西宁特钢/4.910	3400	4.900	18700	4.890	6400	4.880	3100	4.870	100	4.940	4136	4.950	5200	4.960	8100	4.970	13358	4.980	600	/16842834//26433482/5379618/4.94/4.99//2008-9-18 13:41:36
79/600117/西宁特钢/4.940	18664	4.910	2000	4.900	18700	4.890	6400	4.880	3100	4.950	1900	4.960	8100	4.970	8258	4.980	600	4.990	13200	/16842834//26498406/5392754/4.94/4.99//2008-9-18 13:42:36
79/600117/西宁特钢/4.960	1192	4.950	3000	4.940	2500	4.910	1000	4.900	18700	4.980	200	4.990	13200	5.000	64100	5.010	100	5.020	7200	/16842834//26595714/5412362/4.96/4.99//2008-9-18 13:43:37
79/600117/西宁特钢/4.980	8400	4.970	15200	4.960	9392	4.950	3100	4.940	1000	4.990	9200	5.000	64500	5.010	2300	5.020	7200	5.030	3200	/16842834//26658000/5424862/4.98/4.99//2008-9-18 13:44:37
79/600117/西宁特钢/4.990	7500	4.980	6200	4.970	7600	4.960	5392	4.950	1200	5.000	57300	5.010	2300	5.020	5200	5.030	3200	5.040	12800	/16842834//26736834/5440662/5.0/4.99//2008-9-18 13:45:38
79/600117/西宁特钢/5.000	34600	4.990	7500	4.980	6200	4.970	7300	4.960	5392	5.010	1200	5.020	5200	5.030	8200	5.040	14400	5.050	120900	/16842834//27045844/5502462/5.01/4.99//2008-9-18 13:46:39
79/600117/西宁特钢/4.990	9100	4.980	3200	4.970	7300	4.960	5392	4.950	200	5.000	18900	5.010	500	5.020	5000	5.040	11000	5.050	120900	/16842834//27355188/5564062/5.0/4.99//2008-9-18 13:47:39
79/600117/西宁特钢/4.990	8900	4.980	7100	4.970	7300	4.960	5192	4.950	200	5.000	19800	5.010	500	5.020	5000	5.030	1500	5.040	31000	/16842834//27380686/5569162/5.0/4.99//2008-9-18 13:48:40
79/600117/西宁特钢/4.990	7300	4.980	2700	4.970	7300	4.960	5192	4.950	200	5.000	5222	5.020	5000	5.030	5500	5.040	33000	5.050	121100	/16842834//27696590/5632362/5.0/4.99//2008-9-18 13:49:40
79/600117/西宁特钢/4.980	1800	4.970	8300	4.960	5192	4.950	800	4.940	4700	4.990	24800	5.000	12622	5.010	1100	5.020	5000	5.030	5500	/16842834//27747956/5642662/4.99/4.99//2008-9-18 13:50:41
79/600117/西宁特钢/4.960	5192	4.950	600	4.940	4700	4.910	400	4.900	15000	4.970	7100	4.990	31200	5.000	12622	5.010	1100	5.020	5000	/16842834//27909662/5675162/4.98/4.99//2008-9-18 13:51:41
79/600117/西宁特钢/4.910	400	4.900	15000	4.890	6200	4.880	2400	4.870	100	4.940	300	4.950	8300	4.960	7508	4.970	9600	4.980	5600	/16842834//27962098/5685754/4.94/4.99//2008-9-18 13:52:42
79/600117/西宁特钢/4.910	6100	4.900	15000	4.890	6200	4.880	2400	4.870	100	4.940	20800	4.950	5000	4.960	7508	4.970	9600	4.980	5000	/16842834//27977852/5688954/4.94/4.99//2008-9-18 13:53:42
79/600117/西宁特钢/4.850	3500	4.840	900	4.830	10000	4.820	1000	4.810	44500	4.900	29500	4.910	500	4.930	2700	4.940	5500	4.950	5000	/16842834//28235214/5741554/4.9/4.99//2008-9-18 13:54:43
79/600117/西宁特钢/4.900	2500	4.860	700	4.850	3700	4.840	1400	4.830	10000	4.910	500	4.930	2700	4.940	5500	4.950	5000	4.960	7508	/16842834//28381230/5771354/4.9/4.99//2008-9-18 13:55:44
79/600117/西宁特钢/4.880	2700	4.870	2200	4.860	5600	4.850	3700	4.840	4900	4.900	4000	4.930	700	4.940	100	4.950	15000	4.960	7508	/16842834//28395934/5774354/4.91/4.99//2008-9-18 13:56:44
79/600117/西宁特钢/4.860	6100	4.850	3700	4.840	5900	4.830	10100	4.820	2500	4.900	2900	4.930	4700	4.940	100	4.950	15000	4.960	7508	/16842834//28450834/5785554/4.9/4.99//2008-9-18 13:57:45
79/600117/西宁特钢/4.950	500	4.940	2600	4.930	27100	4.910	900	4.900	2000	4.960	7508	4.970	3500	4.980	4500	4.990	29400	5.000	15722	/16842834//28612388/5818254/4.95/4.99//2008-9-18 13:58:45
79/600117/西宁特钢/4.950	3100	4.940	2600	4.930	27100	4.910	2000	4.900	1000	4.960	8808	4.970	3500	4.980	4500	4.990	26500	5.000	15322	/16842834//28622800/5820354/4.96/4.99//2008-9-18 13:59:46
79/600117/西宁特钢/4.930	27100	4.910	2000	4.900	500	4.860	1200	4.850	3700	4.950	1300	4.960	10808	4.970	3500	4.980	5500	4.990	6500	/16842834//28700416/5836054/4.95/4.99//2008-9-18 14:0:47
79/600117/西宁特钢/4.930	11300	4.910	1100	4.900	500	4.860	1200	4.850	3700	4.940	9800	4.950	5300	4.960	8808	4.970	3500	4.980	25500	/16842834//28783744/5852954/4.93/4.99//2008-9-18 14:1:47
79/600117/西宁特钢/4.900	500	4.860	700	4.850	3600	4.840	6000	4.830	10100	4.910	4900	4.930	32800	4.940	9200	4.950	5300	4.960	8608	/16842834//28946412/5885954/4.91/4.99//2008-9-18 14:2:48
79/600117/西宁特钢/4.850	4400	4.840	6000	4.830	10100	4.820	2500	4.810	44900	4.860	500	4.900	3600	4.910	4900	4.930	30700	4.960	5608	/16842834//28954694/5887654/4.86/4.99//2008-9-18 14:3:48
79/600117/西宁特钢/4.850	1600	4.840	2400	4.830	10100	4.820	2700	4.810	44900	4.900	13100	4.910	4900	4.930	26900	4.960	5608	4.970	7300	/16842834//29095364/5916654/4.85/4.99//2008-9-18 14:4:49
79/600117/西宁特钢/4.860	11300	4.850	3600	4.840	11200	4.830	10100	4.820	2700	4.880	4900	4.890	200	4.900	21400	4.910	4900	4.930	24900	/16842834//29118264/5921354/4.88/4.99//2008-9-18 14:5:50
79/600117/西宁特钢/4.860	700	4.850	2100	4.840	10200	4.830	10100	4.820	3500	4.880	300	4.900	21700	4.930	24900	4.950	10100	4.960	5608	/16842834//29325014/5963754/4.88/4.99//2008-9-18 14:6:50
79/600117/西宁特钢/4.880	4700	4.870	600	4.860	4600	4.850	11600	4.840	4900	4.900	19100	4.930	20900	4.950	10100	4.960	5608	4.970	7300	/16842834//29342158/5967254/4.9/4.99//2008-9-18 14:7:51
79/600117/西宁特钢/4.900	5700	4.890	4600	4.880	8700	4.870	600	4.860	2600	4.920	3000	4.930	9500	4.950	10100	4.960	5608	4.970	7800	/16842834//29564152/6012454/4.93/4.99//2008-9-18 14:8:51
79/600117/西宁特钢/4.930	3400	4.920	3600	4.910	600	4.900	2700	4.890	3500	4.950	200	4.960	5608	4.970	6800	4.980	25500	4.990	8100	/16842834//29576474/6014954/4.93/4.99//2008-9-18 14:9:52
79/600117/西宁特钢/4.950	7200	4.930	5000	4.920	1000	4.900	2700	4.890	3500	4.980	13408	4.990	8100	5.000	112322	5.010	7500	5.020	1000	/16842834//29717640/6043354/4.98/4.99//2008-9-18 14:10:53
79/600117/西宁特钢/4.960	10000	4.950	17300	4.930	3900	4.920	1000	4.900	2700	5.000	107630	5.010	7500	5.020	1000	5.030	10000	5.040	20200	/16842834//29912002/6082354/5.0/4.99//2008-9-18 14:11:53
79/600117/西宁特钢/4.990	21200	4.980	600	4.960	10900	4.950	17300	4.930	3900	5.000	60530	5.010	7500	5.020	1000	5.030	20000	5.040	20200	/16842834//30326424/6165354/5.0/4.99//2008-9-18 14:12:54
79/600117/西宁特钢/4.980	3600	4.960	13900	4.950	15300	4.930	3900	4.910	200	5.000	10776	5.010	6500	5.020	4600	5.030	20000	5.040	19700	/16842834//30707684/6241654/5.0/4.99//2008-9-18 14:13:55
79/600117/西宁特钢/5.000	5024	4.990	1300	4.980	3500	4.960	600	4.950	3900	5.010	100	5.020	4600	5.030	20000	5.040	17700	5.050	129900	/16842834//30804030/6260930/5.0/4.99//2008-9-18 14:14:55
79/600117/西宁特钢/5.010	1900	5.000	30124	4.990	2300	4.980	3500	4.960	600	5.020	8800	5.030	20000	5.040	20500	5.050	129900	5.060	6400	/16842834//30850572/6270230/5.01/4.99//2008-9-18 14:15:56
79/600117/西宁特钢/5.000	33124	4.990	2300	4.980	3500	4.960	600	4.950	3900	5.010	1500	5.020	13000	5.030	22600	5.040	20700	5.050	127300	/16842834//30862080/6272530/5.0/4.99//2008-9-18 14:16:56
79/600117/西宁特钢/5.010	500	5.000	31824	4.990	1300	4.980	3500	4.960	600	5.020	2900	5.030	24600	5.040	20700	5.050	127800	5.060	6400	/16842834//30996798/6299430/5.01/4.99//2008-9-18 14:17:57
79/600117/西宁特钢/5.010	6900	5.000	31324	4.990	300	4.980	3800	4.960	600	5.030	8100	5.040	11200	5.050	127800	5.060	6400	5.070	2000	/16842834//31086112/6317230/5.01/4.99//2008-9-18 14:18:58
79/600117/西宁特钢/5.040	24300	5.030	31200	5.020	2900	5.010	18800	5.000	36224	5.050	74300	5.060	6400	5.070	2000	5.080	300	5.090	10000	/16842834//31451004/6389530/5.05/4.99//2008-9-18 14:19:58
79/600117/西宁特钢/5.090	11400	5.080	4000	5.070	8000	5.060	16300	5.050	185900	5.100	53200	5.110	2900	5.120	3600	5.150	1500	5.160	400	/16842834//31938014/6485730/5.1/4.99//2008-9-18 14:20:59
79/600117/西宁特钢/5.100	190100	5.090	41400	5.080	10400	5.070	3200	5.060	8400	5.110	1400	5.120	3600	5.150	1500	5.160	400	5.170	1000	/16842834//32196030/6536330/5.11/4.99//2008-9-18 14:22:0
79/600117/西宁特钢/5.180	4200	5.150	8000	5.140	100	5.130	2300	5.120	2900	5.190	20400	5.200	5200	5.210	1000	5.220	1000	5.240	500	/16842834//32302294/6556930/5.18/4.99//2008-9-18 14:23:0
79/600117/西宁特钢/5.160	27400	5.150	3500	5.130	800	5.120	4400	5.110	20800	5.170	11800	5.180	7300	5.190	19500	5.200	5000	5.210	1000	/16842834//32666394/6627330/5.16/4.99//2008-9-18 14:24:1
79/600117/西宁特钢/5.130	500	5.120	1500	5.110	20800	5.100	106300	5.090	6400	5.140	1030	5.160	23900	5.170	1300	5.180	20800	5.190	19500	/16842834//32978902/6687830/5.15/4.99//2008-9-18 14:25:2
79/600117/西宁特钢/5.110	23600	5.100	104200	5.090	11400	5.080	8400	5.070	1000	5.120	4700	5.130	14400	5.140	500	5.150	13700	5.160	36200	/16842834//33065418/6704630/5.12/4.99//2008-9-18 14:26:2
79/600117/西宁特钢/5.100	108600	5.090	11400	5.080	8400	5.070	1000	5.060	2000	5.110	500	5.120	1630	5.130	13800	5.140	7800	5.150	3700	/16842834//33235638/6737930/5.12/4.99//2008-9-18 14:27:3
79/600117/西宁特钢/5.100	66000	5.090	6400	5.080	8400	5.070	1000	5.060	2400	5.110	2000	5.120	7930	5.130	2000	5.140	6500	5.150	9100	/16842834//33448878/6779730/5.1/4.99//2008-9-18 14:28:4
79/600117/西宁特钢/5.080	3600	5.070	1000	5.060	2400	5.050	68800	5.010	16000	5.090	200	5.100	75600	5.110	1600	5.120	3700	5.130	3000	/16842834//33851620/6858730/5.08/4.99//2008-9-18 14:29:4
79/600117/西宁特钢/5.050	27400	5.010	13000	5.000	18000	4.990	300	4.980	2000	5.080	3900	5.090	14500	5.100	78900	5.110	800	5.120	3700	/16842834//34130560/6913930/5.05/4.99//2008-9-18 14:30:5
79/600117/西宁特钢/5.010	2400	5.000	18000	4.990	300	4.980	2000	4.970	5500	5.050	54900	5.060	10500	5.080	5000	5.090	10100	5.100	78900	/16842834//34597744/7006930/5.01/4.99//2008-9-18 14:31:6
79/600117/西宁特钢/5.020	400	5.010	2500	5.000	14400	4.990	300	4.980	2000	5.050	53600	5.060	11500	5.080	5000	5.090	10000	5.100	78900	/16842834//34654380/7018230/5.0/4.99//2008-9-18 14:32:6
79/600117/西宁特钢/5.050	10900	5.030	2000	5.010	27100	5.000	24200	4.990	600	5.060	11500	5.080	2200	5.090	9400	5.100	80900	5.110	2600	/16842834//34898464/7066530/5.05/4.99//2008-9-18 14:33:7
79/600117/西宁特钢/5.060	34300	5.050	1500	5.030	2000	5.010	26200	5.000	41100	5.080	43800	5.090	9400	5.100	79800	5.110	2600	5.120	3700	/16842834//34957656/7078230/5.06/4.99//2008-9-18 14:34:8
79/600117/西宁特钢/5.060	18900	5.050	300	5.030	2000	5.020	1000	5.010	26000	5.070	4900	5.080	14800	5.090	4000	5.100	79000	5.110	2600	/16842834//35186624/7123330/5.07/4.99//2008-9-18 14:35:8
79/600117/西宁特钢/5.060	13700	5.050	400	5.030	2000	5.020	1200	5.010	26000	5.070	4000	5.080	14200	5.090	80909	5.100	79000	5.110	2600	/16842834//35306740/7147030/5.06/4.99//2008-9-18 14:36:9
79/600117/西宁特钢/5.030	2000	5.020	1200	5.010	13600	5.000	37800	4.990	300	5.040	2000	5.050	200	5.060	900	5.070	6300	5.080	14200	/16842834//35398872/7165230/5.05/4.99//2008-9-18 14:37:10
79/600117/西宁特钢/5.000	14100	4.990	600	4.980	19300	4.970	6500	4.950	400	5.020	1400	5.030	2500	5.040	8000	5.060	4300	5.070	13000	/16842834//35660132/7217430/5.02/4.99//2008-9-18 14:38:10
79/600117/西宁特钢/5.010	4200	5.000	10100	4.990	900	4.980	17300	4.970	7000	5.020	1300	5.030	1500	5.040	8000	5.060	3600	5.070	9700	/16842834//35785304/7242430/5.02/4.99//2008-9-18 14:39:11
79/600117/西宁特钢/4.990	600	4.980	17300	4.970	7000	4.950	400	4.940	1900	5.000	3400	5.010	2300	5.020	2800	5.070	8100	5.080	15100	/16842834//35954952/7276230/5.0/4.99//2008-9-18 14:40:12
79/600117/西宁特钢/5.000	10400	4.990	10900	4.970	6500	4.950	400	4.940	1900	5.010	3300	5.060	500	5.070	8600	5.080	14700	5.090	81609	/16842834//36040960/7293430/5.01/4.99//2008-9-18 14:41:12
79/600117/西宁特钢/4.970	6500	4.950	400	4.940	2700	4.930	23500	4.920	16900	4.990	1000	5.000	2800	5.010	15900	5.050	2500	5.060	500	/16842834//36232872/7331830/5.0/4.99//2008-9-18 14:42:13
79/600117/西宁特钢/4.970	2500	4.950	1400	4.940	11900	4.930	23500	4.920	16900	5.000	4700	5.010	15900	5.050	7900	5.060	500	5.070	14390	/16842834//36283596/7342030/4.97/4.99//2008-9-18 14:43:14
79/600117/西宁特钢/4.980	4600	4.970	6800	4.960	2400	4.950	16800	4.940	11700	5.000	4700	5.010	15900	5.020	1000	5.050	7900	5.060	500	/16842834//36306020/7346530/5.0/4.99//2008-9-18 14:44:14
79/600117/西宁特钢/4.980	23200	4.970	4500	4.960	6900	4.950	20300	4.940	12100	4.990	600	5.000	6500	5.010	17100	5.020	1200	5.050	7900	/16842834//36456988/7376830/4.98/4.99//2008-9-18 14:45:15
79/600117/西宁特钢/4.960	10700	4.950	19400	4.940	10200	4.930	23500	4.920	17900	4.970	1300	4.980	8400	4.990	3400	5.000	7100	5.010	17100	/16842834//36597340/7405030/4.97/4.99//2008-9-18 14:46:16
79/600117/西宁特钢/4.960	900	4.950	16900	4.940	27300	4.930	23000	4.920	17900	4.970	30300	4.980	6900	4.990	5000	5.000	14300	5.010	17600	/16842834//36691684/7424030/4.96/4.99//2008-9-18 14:47:16
79/600117/西宁特钢/4.930	300	4.920	17900	4.910	5300	4.900	17400	4.890	1600	4.960	6500	4.970	3700	4.980	6900	4.990	5000	5.000	15900	/16842834//37156524/7518130/4.93/4.99//2008-9-18 14:48:17
79/600117/西宁特钢/4.900	4400	4.890	1600	4.880	4000	4.870	2700	4.860	12300	4.910	6100	4.960	1200	4.970	2300	4.980	6600	4.990	1600	/16842834//37356472/7558830/4.91/4.99//2008-9-18 14:49:18
79/600117/西宁特钢/4.860	11000	4.850	21600	4.840	21900	4.830	11100	4.820	2200	4.910	300	4.930	99	4.960	1700	4.970	2300	4.980	6600	/16842834//37604012/7609530/4.86/4.99//2008-9-18 14:50:18
79/600117/西宁特钢/4.890	1100	4.870	2600	4.850	13400	4.840	21900	4.830	11200	4.900	13000	4.910	300	4.930	5889	4.960	1700	4.970	2300	/16842834//37944692/7679530/4.88/4.99//2008-9-18 14:51:19
79/600117/西宁特钢/4.900	3700	4.880	7500	4.870	3600	4.860	4000	4.850	16300	4.910	300	4.930	5889	4.950	10000	4.960	1200	4.970	2600	/16842834//37996032/7690030/4.9/4.99//2008-9-18 14:52:20
79/600117/西宁特钢/4.910	1700	4.900	5700	4.880	8900	4.870	30200	4.860	9400	4.930	7889	4.940	5400	4.950	12000	4.960	9200	4.970	2600	/16842834//38130300/7717430/4.91/4.99//2008-9-18 14:53:21
79/600117/西宁特钢/4.890	1000	4.880	6600	4.870	18000	4.860	10400	4.850	19000	4.900	19100	4.930	46598	4.940	7400	4.950	22100	4.960	1200	/16842834//38455344/7783830/4.9/4.99//2008-9-18 14:54:21
79/600117/西宁特钢/4.900	5600	4.890	12000	4.880	16300	4.870	18300	4.860	10400	4.920	1400	4.930	46598	4.940	15400	4.950	22100	4.960	1200	/16842834//38561184/7805430/4.9/4.99//2008-9-18 14:55:22
79/600117/西宁特钢/4.920	14500	4.910	15900	4.900	26100	4.890	4600	4.880	16200	4.930	41298	4.940	15400	4.950	23100	4.960	1200	4.970	900	/16842834//38618288/7817030/4.92/4.99//2008-9-18 14:56:23
79/600117/西宁特钢/4.930	16700	4.920	30800	4.910	7500	4.900	29800	4.890	4100	4.940	13700	4.950	23100	4.960	1200	4.970	10900	4.980	6600	/16842834//38710476/7835730/4.93/4.99//2008-9-18 14:57:23
79/600117/西宁特钢/4.920	30100	4.910	8000	4.900	32000	4.890	4100	4.880	19300	4.930	35800	4.940	7700	4.950	13300	4.960	1200	4.970	10900	/16842834//38906684/7875506/4.93/4.99//2008-9-18 14:58:24
79/600117/西宁特钢/4.910	6600	4.900	22300	4.890	4100	4.880	18700	4.870	2600	4.930	13900	4.940	9100	4.950	13300	4.960	2000	4.970	10900	/16842834//39229132/7941006/4.93/4.99//2008-9-18 14:59:25
79/600117/西宁特钢/4.920	26200	4.910	6600	4.900	19400	4.890	4100	4.880	19100	4.930	900	4.940	8900	4.950	13300	4.960	1200	4.970	10900	/16842834//39315500/7958536/4.93/4.99//2008-9-18 15:0:26
79/600117/西宁特钢/4.920	26200	4.910	6600	4.900	19400	4.890	4100	4.880	19100	4.930	900	4.940	8900	4.950	13300	4.960	1200	4.970	10900	/16842834//39315500/7958536/4.93/4.99//2008-9-18 15:1:26
79/600117/西宁特钢/4.920	26200	4.910	6600	4.900	19400	4.890	4100	4.880	19100	4.930	900	4.940	8900	4.950	13300	4.960	1200	4.970	10900	/16842834//39315500/7958536/4.93/4.99//2008-9-18 15:2:27
