69/600106/重庆路桥/5.390	1600	5.370	700	5.360	11410	5.350	1500	5.330	800	5.410	4000	5.470	1500	5.500	800	5.510	500	5.530	10800	/16842824//345379/63990/5.36/5.6//2008-9-18 9:31:34
69/600106/重庆路桥/5.410	4120	5.380	6300	5.370	10500	5.360	18410	5.350	1500	5.470	7200	5.500	800	5.510	1900	5.530	10600	5.550	15000	/16842824//419127/77670/5.41/5.6//2008-9-18 9:32:35
69/600106/重庆路桥/5.430	1600	5.420	3000	5.410	6020	5.390	200	5.380	9200	5.460	1000	5.470	7900	5.500	900	5.510	7400	5.520	1200	/16842824//433237/80270/5.43/5.6//2008-9-18 9:33:35
69/600106/重庆路桥/5.410	6720	5.390	2200	5.380	7200	5.370	6400	5.360	11610	5.420	25700	5.430	2200	5.450	500	5.460	2500	5.470	7900	/16842824//575428/106470/5.42/5.6//2008-9-18 9:34:35
69/600106/重庆路桥/5.360	2610	5.350	1600	5.330	2000	5.320	1900	5.310	39700	5.370	8000	5.380	3500	5.390	700	5.410	6380	5.430	2200	/16842824//795685/147390/5.36/5.6//2008-9-18 9:35:35
69/600106/重庆路桥/5.330	500	5.320	2800	5.310	39600	5.300	12400	5.290	800	5.340	4600	5.350	4600	5.360	2990	5.370	4100	5.380	3000	/16842824//903850/167600/5.33/5.6//2008-9-18 9:36:36
69/600106/重庆路桥/5.320	4600	5.310	39700	5.300	16400	5.290	800	5.280	2500	5.330	12600	5.350	21000	5.360	2590	5.370	3100	5.380	3000	/16842824//1014670/188400/5.32/5.6//2008-9-18 9:37:36
69/600106/重庆路桥/5.310	3800	5.300	14200	5.290	800	5.280	2500	5.250	4700	5.350	19800	5.360	2000	5.370	2000	5.380	3000	5.390	4200	/16842824//1775917/331600/5.31/5.6//2008-9-18 9:38:36
69/600106/重庆路桥/5.340	900	5.310	14000	5.300	7411	5.290	1100	5.280	10000	5.350	17800	5.370	2000	5.380	3000	5.390	4200	5.400	13200	/16842824//2062730/385589/5.34/5.6//2008-9-18 9:39:36
69/600106/重庆路桥/5.320	36900	5.310	18900	5.300	28411	5.290	1600	5.280	12400	5.340	11100	5.350	8600	5.370	2000	5.380	3000	5.390	4200	/16842824//2243587/419489/5.32/5.6//2008-9-18 9:40:36
69/600106/重庆路桥/5.330	1000	5.320	14300	5.310	8300	5.300	32411	5.290	1600	5.350	4700	5.370	2200	5.380	3000	5.390	6200	5.400	8100	/16842824//2543742/475789/5.35/5.6//2008-9-18 9:41:37
69/600106/重庆路桥/5.360	1700	5.310	6500	5.300	6311	5.290	1600	5.280	12900	5.370	2200	5.380	3000	5.390	6200	5.400	8100	5.410	3880	/16842824//2959628/553989/5.36/5.6//2008-9-18 9:42:37
69/600106/重庆路桥/5.310	13500	5.300	24111	5.290	11100	5.280	15800	5.260	900	5.350	9900	5.360	2200	5.370	2300	5.380	1000	5.390	4200	/16842824//3122873/584689/5.35/5.6//2008-9-18 9:43:37
69/600106/重庆路桥/5.360	200	5.350	11000	5.320	10600	5.310	16300	5.300	25711	5.370	2300	5.380	1000	5.390	4200	5.400	10100	5.410	3880	/16842824//3268469/611889/5.35/5.6//2008-9-18 9:44:37
69/600106/重庆路桥/5.360	7700	5.350	59000	5.330	500	5.320	10200	5.310	16200	5.370	10010	5.380	1900	5.390	8200	5.400	10100	5.410	3880	/16842824//3300677/617889/5.37/5.6//2008-9-18 9:45:37
69/600106/重庆路桥/5.370	45570	5.360	13000	5.350	65000	5.340	300	5.330	500	5.380	2000	5.390	8600	5.400	11500	5.410	3880	5.430	2200	/16842824//3452164/646119/5.37/5.6//2008-9-18 9:46:38
69/600106/重庆路桥/5.310	7800	5.300	42411	5.290	6300	5.280	15700	5.270	1000	5.370	4980	5.380	2300	5.390	8600	5.400	11500	5.410	3880	/16842824//4219612/789489/5.31/5.6//2008-9-18 9:47:38
69/600106/重庆路桥/5.340	14400	5.320	4400	5.310	10600	5.300	43911	5.290	6300	5.350	3580	5.360	4670	5.370	2800	5.380	2100	5.390	6600	/16842824//4276272/800089/5.35/5.6//2008-9-18 9:48:38
69/600106/重庆路桥/5.360	3830	5.350	13380	5.340	14000	5.320	3800	5.310	17100	5.370	2300	5.380	2100	5.390	7600	5.400	11700	5.410	3880	/16842824//4330320/810179/5.36/5.6//2008-9-18 9:49:39
69/600106/重庆路桥/5.340	10000	5.320	3800	5.310	17100	5.300	46911	5.290	6300	5.350	4220	5.360	21270	5.370	8000	5.380	800	5.390	7600	/16842824//4553739/851889/5.35/5.6//2008-9-18 9:50:39
69/600106/重庆路桥/5.340	7500	5.320	5400	5.310	17100	5.300	47411	5.290	6300	5.350	620	5.360	21270	5.370	13300	5.380	700	5.390	7600	/16842824//4748454/888289/5.35/5.6//2008-9-18 9:51:39
69/600106/重庆路桥/5.320	15400	5.310	21800	5.300	48211	5.290	6300	5.280	14800	5.340	34200	5.350	17320	5.360	21970	5.370	13300	5.380	700	/16842824//4804544/898789/5.34/5.6//2008-9-18 9:52:39
69/600106/重庆路桥/5.310	16000	5.300	35711	5.290	24300	5.280	14800	5.270	1000	5.320	6100	5.330	7000	5.340	20600	5.350	17220	5.360	21270	/16842824//4895528/915889/5.32/5.6//2008-9-18 9:53:40
69/600106/重庆路桥/5.320	200	5.310	19000	5.300	37211	5.290	24300	5.280	14800	5.330	3000	5.340	21300	5.350	14220	5.360	21270	5.370	8500	/16842824//4939674/924189/5.32/5.6//2008-9-18 9:54:40
69/600106/重庆路桥/5.300	37411	5.290	24300	5.280	12800	5.270	1000	5.260	1100	5.310	27700	5.320	9900	5.340	17900	5.350	14220	5.360	21270	/16842824//5070316/948789/5.31/5.6//2008-9-18 9:55:40
69/600106/重庆路桥/5.290	25400	5.280	12800	5.270	1000	5.260	1900	5.250	8900	5.300	6589	5.310	22200	5.320	9900	5.340	19200	5.350	14220	/16842824//5303629/992800/5.3/5.6//2008-9-18 9:56:41
69/600106/重庆路桥/5.290	5401	5.280	13400	5.270	1400	5.260	1300	5.250	9400	5.300	18289	5.310	22200	5.320	1900	5.340	19200	5.350	14420	/16842824//5505883/1030999/5.29/5.6//2008-9-18 9:57:41
69/600106/重庆路桥/5.270	6400	5.260	1300	5.250	10900	5.240	14800	5.230	4500	5.280	300	5.290	29639	5.300	22189	5.310	12200	5.320	1700	/16842824//5640093/1056400/5.28/5.6//2008-9-18 9:58:41
69/600106/重庆路桥/5.260	1300	5.250	20400	5.240	14800	5.230	5100	5.220	5900	5.270	9700	5.280	6900	5.290	34139	5.300	24939	5.310	12200	/16842824//5695977/1067000/5.27/5.6//2008-9-18 9:59:41
69/600106/重庆路桥/5.250	13700	5.240	14500	5.230	5100	5.220	5900	5.210	1000	5.260	500	5.280	6100	5.290	34139	5.300	25439	5.310	11700	/16842824//5914369/1108500/5.26/5.6//2008-9-18 10:0:42
69/600106/重庆路桥/5.240	14500	5.230	4300	5.220	5900	5.210	1000	5.200	58600	5.250	6400	5.260	4300	5.270	2000	5.280	23100	5.290	22039	/16842824//6019931/1128600/5.25/5.6//2008-9-18 10:1:42
69/600106/重庆路桥/5.210	4500	5.200	63200	5.180	3500	5.160	1000	5.150	13600	5.220	4200	5.230	1900	5.240	48100	5.250	3300	5.260	4300	/16842824//6182218/1159600/5.21/5.25//2008-9-18 10:2:42
69/600106/重庆路桥/5.160	400	5.150	13600	5.140	400	5.130	600	5.110	28500	5.180	1200	5.200	81610	5.210	2300	5.220	13930	5.230	3800	/16842824//6651812/1249900/5.18/5.25//2008-9-18 10:3:42
69/600106/重庆路桥/5.130	22000	5.120	3200	5.110	28100	5.100	65800	5.090	100	5.140	400	5.150	55140	5.160	900	5.180	1000	5.190	9200	/16842824//6865359/1291400/5.15/5.25//2008-9-18 10:4:43
69/600106/重庆路桥/5.090	2200	5.080	5400	5.070	5000	5.060	2000	5.050	39800	5.130	26670	5.140	2000	5.150	42540	5.160	300	5.180	300	/16842824//7618997/1438800/5.09/5.25//2008-9-18 10:5:43
69/600106/重庆路桥/5.110	35800	5.080	1000	5.050	46600	5.040	160100	0.000	0	5.130	10930	5.140	2000	5.150	38140	5.160	300	5.180	300	/16842824//8227989/1558700/5.11/5.25//2008-9-18 10:6:43
69/600106/重庆路桥/5.080	14400	5.070	1300	5.060	21600	5.050	66400	5.040	221600	5.090	7100	5.110	4400	5.120	900	5.130	5630	5.150	28540	/16842824//8547346/1621300/5.09/5.25//2008-9-18 10:7:44
69/600106/重庆路桥/5.130	2800	5.100	4300	5.090	20100	5.080	7200	5.070	5800	5.140	22670	5.150	27500	5.160	300	5.180	2200	5.200	25910	/16842824//8795305/1669830/5.13/5.25//2008-9-18 10:8:44
69/600106/重庆路桥/5.130	1240	5.110	2300	5.100	7000	5.090	19900	5.080	9300	5.140	17500	5.150	20950	5.160	200	5.180	2200	5.200	25910	/16842824//8963320/1702590/5.14/5.25//2008-9-18 10:9:44
69/600106/重庆路桥/5.120	940	5.110	6900	5.100	4800	5.090	20900	5.080	10900	5.130	400	5.140	4900	5.150	9750	5.160	200	5.180	1400	/16842824//9052190/1719890/5.14/5.25//2008-9-18 10:10:44
69/600106/重庆路桥/5.130	5900	5.120	4740	5.110	6600	5.100	9700	5.090	15500	5.140	6800	5.150	10250	5.160	200	5.180	1100	5.200	25910	/16842824//0/0/5.14/5.25//2008-9-18 10:11:45
69/600106/重庆路桥/5.130	1200	5.120	2840	5.110	3600	5.100	10000	5.090	15500	5.140	2300	5.150	10250	5.160	200	5.180	1100	5.190	6200	/16842824//9282133/1764690/5.12/5.25//2008-9-18 10:12:45
69/600106/重庆路桥/5.130	1700	5.120	3140	5.110	5300	5.100	16700	5.090	15500	5.140	4000	5.150	9250	5.160	200	5.190	1500	5.200	25910	/16842824//9334016/1774790/5.14/5.25//2008-9-18 10:13:45
69/600106/重庆路桥/5.130	4000	5.120	9240	5.110	5300	5.100	23900	5.090	65600	5.140	4000	5.150	3150	5.160	200	5.180	24000	5.190	1500	/16842824//9432768/1793990/5.13/5.25//2008-9-18 10:14:46
69/600106/重庆路桥/5.150	11550	5.140	12400	5.130	5000	5.120	10740	5.110	6300	5.160	1200	5.170	3500	5.180	24300	5.190	1000	5.200	13210	/16842824//9501990/1807440/5.15/5.25//2008-9-18 10:15:46
69/600106/重庆路桥/5.160	1400	5.150	5500	5.140	11000	5.130	2000	5.120	10240	5.180	2770	5.190	1500	5.200	14310	5.220	1000	5.230	300	/16842824//9689815/1843730/5.18/5.25//2008-9-18 10:16:46
69/600106/重庆路桥/5.150	5700	5.140	11000	5.130	2000	5.120	8740	5.110	6300	5.160	1600	5.180	2470	5.190	1500	5.200	12610	5.220	1000	/16842824//9699124/1845530/5.17/5.25//2008-9-18 10:17:47
69/600106/重庆路桥/5.150	5500	5.140	11500	5.130	4000	5.120	8740	5.110	6300	5.180	3470	5.190	1500	5.200	12610	5.220	1000	5.230	300	/16842824//9802236/1865530/5.15/5.25//2008-9-18 10:18:47
69/600106/重庆路桥/5.180	2630	5.160	3300	5.150	7400	5.140	200	5.130	4000	5.190	1500	5.200	12610	5.220	1000	5.230	300	5.240	600	/16842824//9922664/1888900/5.18/5.25//2008-9-18 10:19:47
69/600106/重庆路桥/5.190	4150	5.180	5630	5.160	6300	5.150	9900	5.130	4000	5.200	4910	5.220	1000	5.230	300	5.240	600	5.250	10600	/16842824//9989949/1901850/5.2/5.25//2008-9-18 10:20:48
69/600106/重庆路桥/5.180	3930	5.160	6300	5.150	5900	5.130	4000	5.120	3940	5.190	480	5.210	22900	5.220	11400	5.230	300	5.240	1600	/16842824//10146725/1932000/5.18/5.25//2008-9-18 10:21:48
69/600106/重庆路桥/5.160	5300	5.150	6400	5.130	4000	5.120	37740	5.110	7800	5.180	1870	5.190	620	5.200	2010	5.210	22400	5.220	11400	/16842824//10237032/1949430/5.18/5.25//2008-9-18 10:22:48
69/600106/重庆路桥/5.160	2300	5.150	5500	5.130	7000	5.120	37740	5.110	7800	5.170	7000	5.180	6170	5.190	6460	5.200	500	5.210	22400	/16842824//10313072/1964130/5.17/5.25//2008-9-18 10:23:48
69/600106/重庆路桥/5.170	900	5.160	5000	5.150	7390	5.130	7000	5.120	37740	5.180	6170	5.190	6460	5.200	1100	5.210	22400	5.220	11400	/16842824//10416489/1984140/5.17/5.25//2008-9-18 10:24:49
69/600106/重庆路桥/5.160	2100	5.150	7590	5.130	18100	5.120	37740	5.110	5700	5.180	7470	5.190	400	5.200	1650	5.210	1400	5.220	11900	/16842824//10434535/1987640/5.16/5.25//2008-9-18 10:25:49
69/600106/重庆路桥/5.160	22200	5.150	14990	5.130	18600	5.120	38040	5.110	5700	5.170	1100	5.180	7970	5.190	400	5.200	4450	5.210	100	/16842824//10450544/1990740/5.17/5.25//2008-9-18 10:26:49
69/600106/重庆路桥/5.160	19900	5.150	12390	5.130	8600	5.120	38040	5.110	5700	5.170	1200	5.180	10170	5.190	400	5.200	4650	5.210	600	/16842824//10474809/1995440/5.17/5.25//2008-9-18 10:27:50
69/600106/重庆路桥/5.170	10350	5.160	20600	5.150	9890	5.130	8600	5.120	38040	5.180	1970	5.190	400	5.200	6450	5.210	600	5.220	11900	/16842824//10533063/2006690/5.17/5.25//2008-9-18 10:28:50
69/600106/重庆路桥/5.180	5430	5.170	10850	5.160	20600	5.150	11890	5.130	8600	5.190	400	5.200	7250	5.210	600	5.220	11900	5.230	300	/16842824//10545857/2009160/5.18/5.25//2008-9-18 10:29:50
69/600106/重庆路桥/5.180	7830	5.170	11350	5.160	20300	5.150	11890	5.130	8600	5.190	400	5.200	7250	5.210	600	5.220	2800	5.230	300	/16842824//10571244/2014060/5.18/5.25//2008-9-18 10:30:51
69/600106/重庆路桥/5.190	1390	5.180	2430	5.170	11350	5.160	20300	5.150	11890	5.200	1350	5.210	100	5.220	2200	5.230	300	5.240	3700	/16842824//10653874/2029980/5.19/5.25//2008-9-18 10:31:51
69/600106/重庆路桥/5.180	12900	5.170	10670	5.160	25300	5.150	11890	5.130	9600	5.190	16601	5.200	1850	5.210	9800	5.220	2200	5.230	300	/16842824//10860480/2069870/5.18/5.25//2008-9-18 10:32:51
69/600106/重庆路桥/5.180	12600	5.170	10670	5.160	25300	5.150	10590	5.130	10000	5.190	16601	5.200	3800	5.210	9800	5.220	2200	5.230	300	/16842824//10967188/2090470/5.18/5.25//2008-9-18 10:33:52
69/600106/重庆路桥/5.180	32700	5.170	10870	5.160	25300	5.150	10890	5.130	10000	5.190	20001	5.200	3900	5.210	9800	5.220	2200	5.230	300	/16842824//11056290/2107670/5.19/5.25//2008-9-18 10:34:52
69/600106/重庆路桥/5.180	1700	5.170	10870	5.160	25300	5.150	10890	5.130	9200	5.190	6401	5.200	2400	5.210	9800	5.220	2800	5.230	300	/16842824//11234598/2142070/5.18/5.25//2008-9-18 10:35:52
69/600106/重庆路桥/5.180	300	5.170	11670	5.160	14600	5.150	10890	5.140	100	5.190	11401	5.200	3300	5.210	10500	5.220	2100	5.230	300	/16842824//11236670/2142470/5.18/5.25//2008-9-18 10:36:53
69/600106/重庆路桥/5.180	4400	5.170	11670	5.160	14600	5.150	10890	5.140	100	5.190	13401	5.200	6300	5.210	10500	5.220	2100	5.230	300	/16842824//11302974/2155270/5.18/5.25//2008-9-18 10:37:53
69/600106/重庆路桥/5.170	11670	5.160	13500	5.150	10890	5.140	200	5.130	9200	5.180	4610	5.190	13401	5.200	6300	5.210	10500	5.220	2100	/16842824//11357882/2165870/5.18/5.25//2008-9-18 10:38:53
69/600106/重庆路桥/5.170	10370	5.160	13500	5.150	10390	5.140	100	5.130	9200	5.180	2310	5.190	13401	5.200	46500	5.210	10500	5.220	2100	/16842824//11377553/2169670/5.17/5.25//2008-9-18 10:39:54
69/600106/重庆路桥/5.160	8500	5.150	10390	5.140	100	5.130	9200	5.120	15340	5.170	14730	5.180	2810	5.190	13401	5.200	46500	5.210	10500	/16842824//11500571/2193440/5.17/5.25//2008-9-18 10:40:54
69/600106/重庆路桥/5.160	6266	5.150	10390	5.140	100	5.130	9200	5.120	15340	5.170	65430	5.180	18610	5.190	13401	5.200	46500	5.210	10500	/16842824//11518810/2196974/5.16/5.25//2008-9-18 10:41:54
69/600106/重庆路桥/5.150	6090	5.140	100	5.130	9200	5.120	15340	5.110	5700	5.160	59034	5.170	74630	5.180	18610	5.190	13401	5.200	46500	/16842824//11582059/2209240/5.15/5.25//2008-9-18 10:42:55
69/600106/重庆路桥/5.150	2290	5.140	8600	5.130	10900	5.120	15340	5.110	4700	5.160	58034	5.170	74630	5.180	18610	5.190	13401	5.200	45400	/16842824//11661346/2224640/5.15/5.25//2008-9-18 10:43:55
69/600106/重庆路桥/5.120	15640	5.110	3000	5.100	23800	5.090	3800	5.080	35700	5.130	5480	5.150	2810	5.160	53334	5.170	74630	5.180	18610	/16842824//11868024/2264830/5.13/5.25//2008-9-18 10:44:56
69/600106/重庆路桥/5.120	15440	5.110	3000	5.100	24300	5.090	3800	5.080	36200	5.130	21580	5.140	100	5.150	4109	5.160	53434	5.170	74630	/16842824//11921890/2275330/5.13/5.25//2008-9-18 10:45:56
69/600106/重庆路桥/5.120	1940	5.110	3000	5.100	24900	5.090	3800	5.080	36200	5.130	31980	5.140	100	5.150	3109	5.160	51400	5.170	74630	/16842824//11977668/2286230/5.12/5.25//2008-9-18 10:46:56
69/600106/重庆路桥/5.100	25100	5.090	4500	5.080	39100	5.070	4500	5.060	32900	5.110	4100	5.120	24760	5.130	31980	5.140	100	5.150	2809	/16842824//12005490/2291670/5.11/5.25//2008-9-18 10:47:57
69/600106/重庆路桥/5.090	4500	5.080	18000	5.070	4500	5.060	36200	5.050	99600	5.100	11544	5.110	13800	5.120	21160	5.130	31980	5.140	100	/16842824//12215902/2332926/5.1/5.25//2008-9-18 10:48:57
69/600106/重庆路桥/5.080	17800	5.070	4700	5.060	36200	5.050	104200	5.040	125200	5.090	7295	5.100	1100	5.110	12800	5.120	21160	5.130	31980	/16842824//12264418/2342470/5.09/5.25//2008-9-18 10:49:57
69/600106/重庆路桥/5.080	220	5.070	8200	5.060	41200	5.050	105400	5.040	127200	5.090	4194	5.100	2500	5.110	12800	5.120	21160	5.130	31980	/16842824//12371031/2363450/5.09/5.25//2008-9-18 10:50:58
69/600106/重庆路桥/5.090	3456	5.080	5320	5.070	12100	5.060	62300	5.050	106200	5.100	2300	5.110	13800	5.120	16660	5.130	31980	5.140	100	/16842824//12491381/2387094/5.1/5.25//2008-9-18 10:51:58
69/600106/重庆路桥/5.090	7356	5.080	9920	5.070	12100	5.060	78500	5.050	107600	5.100	14300	5.110	12800	5.120	16660	5.130	31980	5.140	100	/16842824//12521412/2392994/5.09/5.25//2008-9-18 10:52:58
69/600106/重庆路桥/5.100	11700	5.090	16055	5.080	12520	5.070	12100	5.060	87900	5.110	12800	5.120	16660	5.130	31980	5.140	100	5.150	2510	/16842824//12628500/2413995/5.1/5.25//2008-9-18 10:53:59
69/600106/重庆路桥/5.100	9200	5.090	15255	5.080	12620	5.070	11100	5.060	89900	5.110	11400	5.120	16660	5.130	31980	5.140	100	5.150	2510	/16842824//12700934/2428195/5.11/5.25//2008-9-18 10:54:59
69/600106/重庆路桥/5.090	15255	5.080	11320	5.070	9200	5.060	85400	5.050	112600	5.100	2800	5.110	11400	5.120	16660	5.130	31980	5.140	100	/16842824//12767754/2441295/5.1/5.25//2008-9-18 10:56:0
69/600106/重庆路桥/5.090	5395	5.080	9320	5.070	11200	5.060	75600	5.050	112700	5.100	3480	5.110	11400	5.120	16660	5.130	31980	5.140	100	/16842824//12861860/2459755/5.1/5.25//2008-9-18 10:57:0
69/600106/重庆路桥/5.090	2995	5.080	13520	5.070	10700	5.060	75600	5.050	114700	5.100	2580	5.110	13150	5.120	16660	5.130	31980	5.140	100	/16842824//12897526/2466755/5.09/5.25//2008-9-18 10:58:0
69/600106/重庆路桥/5.090	3695	5.080	15520	5.070	10700	5.060	76000	5.050	114900	5.100	980	5.110	13150	5.120	16660	5.130	31980	5.140	100	/16842824//12922508/2471655/5.1/5.25//2008-9-18 10:59:1
69/600106/重庆路桥/5.080	16120	5.070	11000	5.060	76000	5.050	125900	5.040	128100	5.090	9105	5.100	2080	5.110	13150	5.120	16660	5.130	31980	/16842824//12944866/2476050/5.09/5.25//2008-9-18 11:0:1
69/600106/重庆路桥/5.080	5400	5.070	1000	5.060	52120	5.050	130200	5.040	131600	5.090	4595	5.100	2800	5.110	13150	5.120	16660	5.130	31980	/16842824//13262830/2538750/5.09/5.25//2008-9-18 11:1:2
69/600106/重庆路桥/5.060	38420	5.050	130200	5.040	129400	0.000	0	0.000	0	5.070	600	5.080	38000	5.090	11585	5.100	1300	5.110	13150	/16842824//13346874/2555350/5.07/5.25//2008-9-18 11:2:2
69/600106/重庆路桥/5.070	3415	5.060	2000	5.050	121600	5.040	145000	0.000	0	5.080	24900	5.090	9880	5.100	1900	5.110	13150	5.120	16560	/16842824//13649649/2615155/5.07/5.25//2008-9-18 11:3:2
69/600106/重庆路桥/5.080	5100	5.070	1815	5.060	7600	5.050	87000	5.040	156100	5.090	9880	5.100	12200	5.110	13150	5.120	16560	5.130	31980	/16842824//13791351/2643055/5.08/5.25//2008-9-18 11:4:3
69/600106/重庆路桥/5.070	1815	5.060	48900	5.050	110100	5.040	159100	0.000	0	5.080	5740	5.090	10080	5.100	11600	5.110	12850	5.120	16560	/16842824//13870568/2658655/5.07/5.25//2008-9-18 11:5:3
69/600106/重庆路桥/5.080	1500	5.070	3875	5.060	52700	5.050	112800	5.040	158300	5.090	9980	5.100	11600	5.110	12850	5.120	16560	5.130	31980	/16842824//13931739/2670695/5.09/5.25//2008-9-18 11:6:4
69/600106/重庆路桥/5.090	120	5.080	2800	5.070	6500	5.060	63000	5.050	116900	5.100	5500	5.110	12850	5.120	16560	5.130	32080	5.140	100	/16842824//14050267/2693975/5.1/5.25//2008-9-18 11:7:4
69/600106/重庆路桥/5.090	220	5.080	3300	5.070	5700	5.060	53100	5.050	117900	5.100	8300	5.110	12850	5.120	16560	5.130	32080	5.140	100	/16842824//14058423/2695575/5.09/5.25//2008-9-18 11:8:4
69/600106/重庆路桥/5.100	3900	5.090	16820	5.080	2500	5.070	5700	5.060	53100	5.110	12850	5.120	16560	5.130	32080	5.140	100	5.150	2510	/16842824//14163478/2716175/5.1/5.25//2008-9-18 11:9:5
69/600106/重庆路桥/5.100	4200	5.070	1700	5.060	40920	5.050	116700	5.040	147700	5.110	12150	5.120	16560	5.130	32080	5.150	12010	5.160	15100	/16842824//14371653/2757175/5.1/5.25//2008-9-18 11:10:5
69/600106/重庆路桥/5.080	9300	5.070	2700	5.060	41920	5.050	117200	5.040	149600	5.110	4220	5.120	16560	5.130	32080	5.150	11010	5.160	15100	/16842824//14460469/2774575/5.11/5.25//2008-9-18 11:11:6
69/600106/重庆路桥/5.110	16400	5.100	7400	5.080	9800	5.070	1000	5.060	21400	5.120	16860	5.130	32080	5.150	11010	5.160	15100	5.170	10200	/16842824//14545806/2791275/5.11/5.25//2008-9-18 11:12:6
69/600106/重庆路桥/5.100	7900	5.080	9300	5.070	1000	5.060	26800	5.050	117600	5.110	13900	5.120	16860	5.130	32080	5.150	11010	5.160	16530	/16842824//14619390/2805675/5.11/5.25//2008-9-18 11:13:7
69/600106/重庆路桥/5.080	9300	5.070	1000	5.060	29100	5.050	125300	5.040	144000	5.100	22600	5.110	43600	5.120	17460	5.130	32080	5.150	11010	/16842824//14659680/2813575/5.1/5.25//2008-9-18 11:14:7
69/600106/重庆路桥/5.080	7050	5.070	5000	5.060	61400	5.050	130100	5.040	140600	5.100	39040	5.110	32400	5.120	16160	5.130	32080	5.150	11010	/16842824//14676206/2816825/5.08/5.25//2008-9-18 11:15:7
69/600106/重庆路桥/5.080	950	5.070	7500	5.060	63400	5.050	148900	5.040	136800	5.100	39280	5.110	15800	5.120	16160	5.130	32080	5.150	11010	/16842824//14714834/2824425/5.08/5.25//2008-9-18 11:16:8
69/600106/重庆路桥/5.080	600	5.070	2220	5.060	65700	5.050	140900	5.040	136800	5.090	6000	5.100	31380	5.110	3200	5.120	16160	5.130	32080	/16842824//14846132/2850255/5.08/5.25//2008-9-18 11:17:8
69/600106/重庆路桥/5.050	144500	5.040	130800	0.000	0	0.000	0	0.000	0	5.060	31100	5.090	5780	5.100	35090	5.110	3200	5.120	16160	/16842824//15219244/2923975/5.06/5.25//2008-9-18 11:18:9
69/600106/重庆路桥/5.050	82391	5.040	140200	0.000	0	0.000	0	0.000	0	5.060	3700	5.090	5780	5.100	35090	5.110	3200	5.120	16160	/16842824//15673054/3013784/5.05/5.25//2008-9-18 11:19:9
69/600106/重庆路桥/5.050	63991	5.040	154300	0.000	0	0.000	0	0.000	0	5.060	100	5.090	5780	5.100	35090	5.110	4080	5.120	16160	/16842824//15820550/3042984/5.06/5.25//2008-9-18 11:20:10
69/600106/重庆路桥/5.060	2760	5.050	74391	5.040	159100	0.000	0	0.000	0	5.090	5780	5.100	35090	5.110	4080	5.120	16160	5.130	32880	/16842824//15831884/3045224/5.06/5.25//2008-9-18 11:21:10
69/600106/重庆路桥/5.060	56400	5.050	77091	5.040	151800	0.000	0	0.000	0	5.090	6780	5.100	31880	5.110	4080	5.120	52160	5.130	32880	/16842824//15855504/3049884/5.06/5.25//2008-9-18 11:22:10
69/600106/重庆路桥/5.060	28500	5.050	77091	5.040	154700	0.000	0	0.000	0	5.070	3110	5.090	6680	5.100	33680	5.110	4080	5.120	52160	/16842824//16029602/3084284/5.07/5.25//2008-9-18 11:23:11
69/600106/重庆路桥/5.060	19000	5.050	45791	5.040	159200	0.000	0	0.000	0	5.070	1360	5.080	4030	5.090	12380	5.100	44680	5.110	4080	/16842824//16366347/3150884/5.07/5.25//2008-9-18 11:24:11
69/600106/重庆路桥/5.050	13091	5.040	159900	0.000	0	0.000	0	0.000	0	5.060	800	5.070	1360	5.080	6030	5.090	7680	5.100	44680	/16842824//16687229/3214384/5.05/5.25//2008-9-18 11:25:12
69/600106/重庆路桥/5.040	160900	0.000	0	0.000	0	0.000	0	0.000	0	5.050	859	5.060	10600	5.070	1360	5.080	6030	5.090	7680	/16842824//16772518/3231275/5.05/5.25//2008-9-18 11:26:12
69/600106/重庆路桥/5.050	7600	5.040	169511	0.000	0	0.000	0	0.000	0	5.060	200	5.070	1360	5.080	2300	5.090	11480	5.100	44680	/16842824//16832546/3243164/5.05/5.25//2008-9-18 11:27:13
69/600106/重庆路桥/5.050	2300	5.040	170711	0.000	0	0.000	0	0.000	0	5.060	8590	5.070	4360	5.080	2300	5.090	8480	5.100	44440	/16842824//17053262/3286864/5.05/5.25//2008-9-18 11:28:13
69/600106/重庆路桥/5.040	159401	0.000	0	0.000	0	0.000	0	0.000	0	5.060	8390	5.070	1360	5.080	2300	5.090	8480	5.100	44440	/16842824//17110904/3298274/5.06/5.25//2008-9-18 11:29:14
69/600106/重庆路桥/5.040	159701	0.000	0	0.000	0	0.000	0	0.000	0	5.050	2670	5.060	8390	5.070	1360	5.080	2300	5.090	8480	/16842824//17127562/3301574/5.04/5.25//2008-9-18 11:30:14
69/600106/重庆路桥/5.040	159701	0.000	0	0.000	0	0.000	0	0.000	0	5.050	2670	5.060	8390	5.070	1360	5.080	2300	5.090	8480	/16842824//17127562/3301574/5.04/5.25//2008-9-18 11:31:15
69/600106/重庆路桥/5.040	108301	0.000	0	0.000	0	0.000	0	0.000	0	5.050	16550	5.070	660	5.080	2300	5.090	8680	5.100	44440	/16842824//17532960/3381924/5.05/5.25//2008-9-18 13:1:15
69/600106/重庆路桥/5.040	92901	0.000	0	0.000	0	0.000	0	0.000	0	5.050	15550	5.070	660	5.080	2300	5.090	8680	5.100	44440	/16842824//17646424/3404424/5.05/5.25//2008-9-18 13:2:16
69/600106/重庆路桥/5.040	94751	0.000	0	0.000	0	0.000	0	0.000	0	5.050	29420	5.070	1660	5.080	2300	5.090	8680	5.100	44440	/16842824//17767686/3428474/5.04/5.25//2008-9-18 13:3:16
69/600106/重庆路桥/5.040	71852	0.000	0	0.000	0	0.000	0	0.000	0	5.050	37620	5.070	1660	5.080	2300	5.090	8680	5.100	44440	/16842824//17905782/3455873/5.04/5.25//2008-9-18 13:4:17
69/600106/重庆路桥/5.040	22972	0.000	0	0.000	0	0.000	0	0.000	0	5.050	38320	5.070	1660	5.080	2300	5.090	8680	5.100	44440	/16842824//18200522/3514353/5.04/5.25//2008-9-18 13:5:17
69/600106/重庆路桥/5.040	2472	0.000	0	0.000	0	0.000	0	0.000	0	5.040	7528	5.050	37820	5.070	1660	5.080	2300	5.090	8680	/16842824//18335462/3541125/5.04/5.25//2008-9-18 13:6:18
69/600106/重庆路桥/5.040	2472	0.000	0	0.000	0	0.000	0	0.000	0	5.040	39137	5.050	36120	5.070	660	5.080	2300	5.090	8680	/16842824//18366710/3547325/5.04/5.25//2008-9-18 13:7:18
69/600106/重庆路桥/5.040	2472	0.000	0	0.000	0	0.000	0	0.000	0	5.040	46287	5.050	25720	5.070	660	5.080	2300	5.090	8680	/16842824//18447350/3563325/5.04/5.25//2008-9-18 13:8:19
69/600106/重庆路桥/5.040	2472	0.000	0	0.000	0	0.000	0	0.000	0	5.040	82387	5.050	25720	5.070	660	5.080	2300	5.090	8680	/16842824//18575366/3588725/5.04/5.25//2008-9-18 13:9:19
69/600106/重庆路桥/5.040	2472	0.000	0	0.000	0	0.000	0	0.000	0	5.040	83087	5.050	25720	5.070	660	5.080	2300	5.090	8880	/16842824//18578390/3589325/5.04/5.25//2008-9-18 13:10:20
69/600106/重庆路桥/5.040	2472	0.000	0	0.000	0	0.000	0	0.000	0	5.040	80187	5.050	25720	5.070	660	5.080	2300	5.090	8880	/16842824//18614174/3596425/5.04/5.25//2008-9-18 13:11:20
69/600106/重庆路桥/5.040	2472	0.000	0	0.000	0	0.000	0	0.000	0	5.040	119859	5.050	25720	5.070	660	5.080	2300	5.090	8880	/16842824//18621734/3597925/5.04/5.25//2008-9-18 13:12:21
69/600106/重庆路桥/5.040	2472	0.000	0	0.000	0	0.000	0	0.000	0	5.040	148169	5.050	23320	5.070	660	5.080	2300	5.090	8880	/16842824//18650462/3603625/5.04/5.25//2008-9-18 13:13:21
69/600106/重庆路桥/5.040	2472	0.000	0	0.000	0	0.000	0	0.000	0	5.040	165289	5.050	23320	5.070	660	5.080	2300	5.090	8880	/16842824//18655502/3604625/5.04/5.25//2008-9-18 13:14:22
69/600106/重庆路桥/5.040	2472	0.000	0	0.000	0	0.000	0	0.000	0	5.040	202539	5.050	23320	5.070	660	5.080	2300	5.090	8880	/16842824//18655502/3604625/5.04/5.25//2008-9-18 13:15:22
69/600106/重庆路桥/5.040	2472	0.000	0	0.000	0	0.000	0	0.000	0	5.040	217274	5.050	23220	5.070	660	5.080	2300	5.090	8880	/16842824//18677174/3608925/5.04/5.25//2008-9-18 13:16:23
69/600106/重庆路桥/5.040	2472	0.000	0	0.000	0	0.000	0	0.000	0	5.040	230267	5.050	23220	5.070	660	5.080	2300	5.090	8880	/16842824//18674654/3608425/5.04/5.25//2008-9-18 13:17:23
69/600106/重庆路桥/5.040	2472	0.000	0	0.000	0	0.000	0	0.000	0	5.040	239067	5.050	23220	5.070	660	5.080	2300	5.090	8880	/16842824//18689774/3611425/5.04/5.25//2008-9-18 13:18:24
69/600106/重庆路桥/5.040	2472	0.000	0	0.000	0	0.000	0	0.000	0	5.040	237817	5.050	23220	5.070	660	5.080	2300	5.090	8880	/16842824//18699350/3613325/5.04/5.25//2008-9-18 13:19:24
69/600106/重庆路桥/5.040	2472	0.000	0	0.000	0	0.000	0	0.000	0	5.040	239717	5.050	23220	5.070	660	5.080	2300	5.090	8880	/16842824//18706910/3614825/5.04/5.25//2008-9-18 13:20:25
69/600106/重庆路桥/5.040	2472	0.000	0	0.000	0	0.000	0	0.000	0	5.040	236217	5.050	23220	5.070	660	5.080	2300	5.090	8880	/16842824//18768398/3627025/5.04/5.25//2008-9-18 13:21:25
69/600106/重庆路桥/5.040	2472	0.000	0	0.000	0	0.000	0	0.000	0	5.040	208572	5.050	23220	5.070	660	5.080	2300	5.090	8880	/16842824//18804182/3634125/5.04/5.25//2008-9-18 13:22:26
69/600106/重庆路桥/5.040	45228	0.000	0	0.000	0	0.000	0	0.000	0	5.050	23220	5.070	660	5.080	2300	5.090	8880	5.100	48240	/16842824//19768698/3825497/5.04/5.25//2008-9-18 13:23:26
69/600106/重庆路桥/5.050	33080	5.040	70228	0.000	0	0.000	0	0.000	0	5.070	1560	5.080	2300	5.090	8880	5.100	48240	5.110	8580	/16842824//19885958/3848717/5.05/5.25//2008-9-18 13:24:27
69/600106/重庆路桥/5.080	2300	5.070	2540	5.060	11100	5.050	40880	5.040	73228	5.090	8880	5.100	47740	5.110	8580	5.120	15560	5.130	11300	/16842824//19931910/3857777/5.09/5.25//2008-9-18 13:25:27
69/600106/重庆路桥/5.090	520	5.080	6700	5.070	2640	5.060	11100	5.050	16600	5.100	48030	5.110	8580	5.120	15560	5.130	11300	5.140	1000	/16842824//20018320/3874757/5.09/5.25//2008-9-18 13:26:28
69/600106/重庆路桥/5.070	2040	5.060	11100	5.050	14900	5.040	82028	0.000	0	5.080	6180	5.090	3200	5.100	43030	5.110	8580	5.120	16260	/16842824//20122608/3895277/5.08/5.25//2008-9-18 13:27:28
69/600106/重庆路桥/5.060	11100	5.050	15100	5.040	84028	0.000	0	0.000	0	5.070	2000	5.090	2140	5.100	43030	5.110	8580	5.120	16560	/16842824//20185798/3907717/5.09/5.25//2008-9-18 13:28:29
69/600106/重庆路桥/5.070	7200	5.060	11600	5.050	19800	5.040	84128	0.000	0	5.080	500	5.090	2640	5.100	43030	5.110	8580	5.120	16560	/16842824//20223280/3915117/5.07/5.25//2008-9-18 13:29:29
69/600106/重庆路桥/5.060	13600	5.050	19800	5.040	84528	0.000	0	0.000	0	5.070	11374	5.080	1500	5.090	3140	5.100	43530	5.110	8580	/16842824//20276008/3925517/5.07/5.25//2008-9-18 13:30:30
69/600106/重庆路桥/5.060	13186	5.050	19500	5.040	85228	0.000	0	0.000	0	5.100	43630	5.110	8580	5.120	16560	5.130	11300	5.140	1000	/16842824//20374060/3944831/5.06/5.25//2008-9-18 13:31:30
69/600106/重庆路桥/5.080	1000	5.070	15500	5.060	13786	5.050	19500	5.040	85428	5.100	14990	5.110	8580	5.120	4100	5.130	10500	5.150	13610	/16842824//20565210/3982331/5.1/5.25//2008-9-18 13:32:31
69/600106/重庆路桥/5.110	5420	5.100	14610	5.090	900	5.080	4200	5.070	10500	5.120	3800	5.130	10500	5.150	13610	5.160	18350	5.170	10200	/16842824//20686520/4006101/5.11/5.25//2008-9-18 13:33:31
69/600106/重庆路桥/5.130	1300	5.120	9600	5.110	13720	5.100	4610	5.090	900	5.150	13910	5.160	18350	5.170	10200	5.180	15610	5.190	13400	/16842824//20762912/4021001/5.13/5.25//2008-9-18 13:34:32
69/600106/重庆路桥/5.150	17190	5.130	10900	5.120	7000	5.110	5120	5.100	7000	5.160	3050	5.170	10200	5.180	16210	5.190	8400	5.200	69000	/16842824//20919666/4051411/5.16/5.25//2008-9-18 13:35:32
69/600106/重庆路桥/5.200	115400	5.190	3700	5.180	22290	5.170	10000	5.160	10511	5.210	9100	5.220	1500	5.230	4500	5.240	3600	5.250	16510	/16842824//21544626/4171810/5.2/5.25//2008-9-18 13:36:33
69/600106/重庆路桥/5.190	7600	5.180	22790	5.160	8511	5.150	1200	5.130	4000	5.200	2200	5.210	4800	5.220	1500	5.230	4500	5.240	4300	/16842824//22578428/4370610/5.2/5.25//2008-9-18 13:37:34
69/600106/重庆路桥/5.160	8511	5.150	1100	5.130	2300	5.110	2920	5.100	6100	5.180	9210	5.190	2200	5.200	8300	5.210	5925	5.230	4500	/16842824//22884228/4429500/5.18/5.25//2008-9-18 13:38:34
69/600106/重庆路桥/5.130	1300	5.110	500	5.100	5800	5.090	400	5.080	8200	5.150	660	5.160	3600	5.170	1000	5.180	5810	5.190	10700	/16842824//23105558/4472411/5.15/5.25//2008-9-18 13:39:35
69/600106/重庆路桥/5.160	4600	5.150	2000	5.140	600	5.130	1300	5.110	5500	5.180	5810	5.190	9100	5.200	13600	5.210	4525	5.230	4500	/16842824//23135660/4478226/5.16/5.25//2008-9-18 13:40:35
69/600106/重庆路桥/5.160	1500	5.140	600	5.130	1300	5.120	100	5.110	5500	5.170	1800	5.180	4210	5.190	10400	5.200	14600	5.210	8725	/16842824//23175944/4486026/5.17/5.25//2008-9-18 13:41:36
69/600106/重庆路桥/5.170	3700	5.160	2500	5.150	1200	5.140	2600	5.130	1300	5.180	1910	5.190	9500	5.200	13800	5.210	7625	5.230	4500	/16842824//23309324/4511826/5.17/5.25//2008-9-18 13:42:36
69/600106/重庆路桥/5.190	4690	5.160	4900	5.150	1000	5.140	2600	5.130	1300	5.200	17000	5.210	7625	5.230	4500	5.240	7900	5.250	18710	/16842824//23472088/4543236/5.17/5.25//2008-9-18 13:43:37
69/600106/重庆路桥/5.200	28700	5.190	5190	5.170	7000	5.160	4300	5.150	1000	5.210	1625	5.220	1000	5.230	4500	5.240	9400	5.250	19210	/16842824//23606318/4569036/5.21/5.25//2008-9-18 13:44:37
69/600106/重庆路桥/5.210	16575	5.200	28500	5.190	5190	5.170	1000	5.160	3400	5.230	4800	5.240	9400	5.250	19210	5.260	24600	5.270	300	/16842824//23642430/4575961/5.21/5.25//2008-9-18 13:45:38
69/600106/重庆路桥/5.230	4200	5.220	2200	5.210	16775	5.200	30400	5.190	5290	5.240	100	5.250	17810	5.260	24600	5.270	1300	5.280	14910	/16842824//23779594/4602161/5.23/5.25//2008-9-18 13:46:39
69/600106/重庆路桥/5.220	1200	5.210	16775	5.200	11200	5.190	5190	5.160	2500	5.240	17550	5.250	18110	5.260	23600	5.270	1300	5.280	14910	/16842824//23882238/4621761/5.24/5.25//2008-9-18 13:47:39
69/600106/重庆路桥/5.210	16675	5.200	11400	5.190	500	5.160	2000	5.150	1000	5.220	1900	5.230	1100	5.240	16950	5.250	19010	5.260	23600	/16842824//23929766/4630861/5.22/5.25//2008-9-18 13:48:40
69/600106/重庆路桥/5.200	6855	5.160	1800	5.150	3000	5.140	2600	5.130	1900	5.210	20000	5.220	2600	5.230	28210	5.240	16950	5.250	19010	/16842824//24140028/4671281/5.2/5.25//2008-9-18 13:49:40
69/600106/重庆路桥/5.160	3000	5.150	3000	5.140	2600	5.130	1900	5.120	5000	5.170	2300	5.190	2600	5.200	108445	5.210	19200	5.220	38170	/16842824//24187038/4680336/5.17/5.25//2008-9-18 13:50:41
69/600106/重庆路桥/5.170	17700	5.160	4700	5.150	4000	5.140	2600	5.130	1900	5.180	1200	5.190	4500	5.200	105345	5.210	11200	5.220	3120	/16842824//24264068/4695236/5.17/5.25//2008-9-18 13:51:41
69/600106/重庆路桥/5.160	3900	5.150	3000	5.140	3600	5.130	1900	5.120	5000	5.170	11560	5.180	3700	5.190	8000	5.200	105345	5.210	6500	/16842824//24390726/4719736/5.17/5.25//2008-9-18 13:52:42
69/600106/重庆路桥/5.150	200	5.140	3600	5.130	1900	5.120	5500	5.110	6100	5.160	8200	5.170	9270	5.180	3700	5.190	12000	5.200	99345	/16842824//24425270/4726436/5.15/5.25//2008-9-18 13:53:42
69/600106/重庆路桥/5.120	5500	5.110	200	5.100	34600	5.090	400	5.080	10800	5.130	9389	5.140	2310	5.150	7000	5.160	10200	5.170	9270	/16842824//24467934/4734736/5.13/5.25//2008-9-18 13:54:43
69/600106/重庆路桥/5.110	23200	5.100	34600	5.090	400	5.080	10800	5.070	1400	5.120	1100	5.130	5000	5.140	6710	5.150	5900	5.160	8300	/16842824//24528908/4746636/5.12/5.25//2008-9-18 13:55:44
69/600106/重庆路桥/5.130	8610	5.120	13500	5.110	13300	5.100	37500	5.090	1400	5.140	6710	5.150	5400	5.160	7600	5.170	9270	5.180	3100	/16842824//24625572/4765526/5.13/5.25//2008-9-18 13:56:44
69/600106/重庆路桥/5.150	26100	5.140	11590	5.130	6410	5.120	12600	5.110	11300	5.160	6700	5.170	9270	5.180	600	5.190	12800	5.200	98745	/16842824//24718156/4783536/5.15/5.25//2008-9-18 13:57:45
69/600106/重庆路桥/5.160	3900	5.150	24000	5.140	11590	5.130	6410	5.120	7000	5.170	4570	5.180	4800	5.190	12800	5.200	109745	5.210	3500	/16842824//24775484/4794636/5.17/5.25//2008-9-18 13:58:45
69/600106/重庆路桥/5.170	7330	5.160	1800	5.150	24000	5.140	2690	5.130	6410	5.180	3800	5.190	13800	5.200	115345	5.210	3500	5.220	3120	/16842824//24802222/4799806/5.17/5.25//2008-9-18 13:59:46
69/600106/重庆路桥/5.140	500	5.130	3610	5.120	6100	5.110	12100	5.100	33600	5.150	14440	5.160	1000	5.170	9880	5.180	14200	5.190	13800	/16842824//24906144/4819936/5.15/5.25//2008-9-18 14:0:47
69/600106/重庆路桥/5.130	3610	5.120	6800	5.110	12100	5.100	33600	5.090	1400	5.140	2340	5.170	6880	5.180	16600	5.190	15800	5.200	110045	/16842824//25002958/4838736/5.14/5.25//2008-9-18 14:1:47
69/600106/重庆路桥/5.130	1310	5.120	6800	5.110	12100	5.100	33800	5.090	1400	5.160	1000	5.170	11520	5.180	16200	5.190	15800	5.200	110045	/16842824//25086482/4854936/5.13/5.25//2008-9-18 14:2:48
69/600106/重庆路桥/5.120	3410	5.110	12100	5.100	33800	5.090	1400	5.080	12300	5.140	3800	5.160	1000	5.170	9320	5.180	15700	5.190	16500	/16842824//25187474/4874636/5.12/5.25//2008-9-18 14:3:48
69/600106/重庆路桥/5.120	4921	5.110	15500	5.100	33900	5.090	1400	5.080	12300	5.130	4300	5.140	5000	5.160	1000	5.170	9320	5.180	15700	/16842824//25164832/4870225/5.12/5.25//2008-9-18 14:4:49
69/600106/重庆路桥/5.120	1000	5.110	9231	5.100	36100	5.090	3400	5.080	7300	5.130	4300	5.140	1200	5.150	1700	5.160	1000	5.170	3920	/16842824//25225138/4882015/5.11/5.25//2008-9-18 14:5:50
69/600106/重庆路桥/5.130	6500	5.120	11800	5.110	8731	5.100	36100	5.090	3400	5.150	500	5.170	3500	5.180	16100	5.190	16500	5.200	110045	/16842824//25257468/4888315/5.15/5.25//2008-9-18 14:6:50
69/600106/重庆路桥/5.160	400	5.150	3400	5.140	3700	5.130	8800	5.120	11200	5.170	3000	5.180	15700	5.190	17800	5.200	110445	5.210	5500	/16842824//25270338/4890815/5.16/5.25//2008-9-18 14:7:51
69/600106/重庆路桥/5.180	25700	5.170	31200	5.160	2600	5.150	2000	5.140	3700	5.190	6500	5.200	15500	5.210	5500	5.220	3120	5.230	1200	/16842824//25407150/4917215/5.18/5.25//2008-9-18 14:8:51
69/600106/重庆路桥/5.210	7300	5.200	36500	5.190	25500	5.180	20200	5.170	30900	5.220	2120	5.230	1200	5.240	18650	5.250	19180	5.260	21600	/16842824//25566750/4947915/5.2/5.25//2008-9-18 14:9:52
69/600106/重庆路桥/5.220	9180	5.210	5800	5.200	4600	5.190	21300	5.180	6700	5.250	2030	5.260	21600	5.270	1000	5.280	16210	5.290	16490	/16842824//25820476/4996335/5.25/5.25//2008-9-18 14:10:53
69/600106/重庆路桥/5.250	8461	5.230	9300	5.220	10188	5.210	1500	5.200	2900	5.260	12300	5.270	1000	5.280	16210	5.290	16920	5.300	53400	/16842824//25978706/5026466/5.25/5.25//2008-9-18 14:11:53
69/600106/重庆路桥/5.220	9188	5.210	1500	5.200	8600	5.190	21300	5.180	6700	5.240	3090	5.250	30445	5.260	10350	5.270	2100	5.280	899	/16842824//26235264/5075227/5.25/5.25//2008-9-18 14:12:54
69/600106/重庆路桥/5.220	7988	5.210	1500	5.200	8800	5.190	21300	5.180	6700	5.230	900	5.240	5480	5.250	10200	5.260	11650	5.270	2000	/16842824//26260356/5080027/5.22/5.25//2008-9-18 14:13:55
69/600106/重庆路桥/5.230	14800	5.220	6388	5.210	5600	5.200	13800	5.190	21300	5.240	3480	5.250	10300	5.260	11650	5.270	2000	5.280	2900	/16842824//26298520/5087327/5.23/5.25//2008-9-18 14:14:55
69/600106/重庆路桥/5.230	12180	5.220	4388	5.210	5600	5.200	11000	5.190	20600	5.240	6480	5.250	10300	5.260	11650	5.270	2000	5.280	2900	/16842824//26350420/5097247/5.23/5.25//2008-9-18 14:15:56
69/600106/重庆路桥/5.220	1258	5.210	6600	5.200	11000	5.190	20600	5.180	4800	5.250	8380	5.260	11400	5.280	2900	5.290	21920	5.300	53300	/16842824//26595944/5144157/5.22/5.25//2008-9-18 14:16:56
69/600106/重庆路桥/5.240	1490	5.230	5500	5.220	3358	5.210	6600	5.200	11300	5.250	15140	5.260	11400	5.270	1200	5.280	4900	5.290	21920	/16842824//26714098/5166667/5.24/5.25//2008-9-18 14:17:57
69/600106/重庆路桥/5.250	3660	5.240	690	5.230	5500	5.220	3758	5.210	6600	5.260	7400	5.270	1200	5.280	3100	5.290	16490	5.300	50300	/16842824//26882340/5198707/5.25/5.25//2008-9-18 14:18:58
69/600106/重庆路桥/5.300	3000	5.290	26989	5.280	6500	5.270	3500	5.260	7200	5.310	300	5.320	27800	5.330	2500	5.340	600	5.350	11050	/16842824//27325802/5282518/5.31/5.25//2008-9-18 14:19:58
69/600106/重庆路桥/5.350	49150	5.340	3700	5.330	1000	5.320	27600	5.310	8100	5.360	10	5.370	3400	5.380	7900	5.390	4300	5.400	19159	/16842824//27562172/5326868/5.36/5.25//2008-9-18 14:20:59
69/600106/重庆路桥/5.400	120141	5.390	50400	5.380	400	5.370	9500	5.360	7790	5.410	1980	5.420	3000	5.440	1300	5.450	17600	5.460	2000	/16842824//27840740/5378537/5.4/5.25//2008-9-18 14:22:0
69/600106/重庆路桥/5.440	7400	5.430	6400	5.420	43000	5.410	53920	5.400	7500	5.450	7300	5.460	2000	5.470	3200	5.480	10200	5.490	800	/16842824//28003756/5408517/5.44/5.25//2008-9-18 14:23:0
69/600106/重庆路桥/5.440	24600	5.430	8400	5.420	3700	5.410	53620	5.400	7800	5.450	156945	5.470	2000	5.480	13600	5.490	800	5.500	56770	/16842824//28821714/5558517/5.45/5.25//2008-9-18 14:24:1
69/600106/重庆路桥/5.420	1800	5.410	51600	5.400	7300	5.390	13700	5.380	400	5.430	19330	5.440	9200	5.450	126045	5.470	3400	5.480	12800	/16842824//29164942/5621617/5.43/5.25//2008-9-18 14:25:2
69/600106/重庆路桥/5.370	4200	5.360	9190	5.350	1000	5.330	1100	5.320	1000	5.380	2700	5.390	12300	5.400	10000	5.420	5400	5.430	18630	/16842824//29782844/5735817/5.38/5.25//2008-9-18 14:26:2
69/600106/重庆路桥/5.350	1000	5.330	1100	5.320	7000	5.310	15000	5.300	6600	5.360	17710	5.370	15600	5.380	8900	5.390	12600	5.400	2000	/16842824//29877686/5753497/5.36/5.25//2008-9-18 14:27:3
69/600106/重庆路桥/5.320	17100	5.310	15400	5.300	7600	5.290	1989	5.270	500	5.330	2200	5.350	7100	5.360	15010	5.370	16400	5.380	3300	/16842824//29958956/5768707/5.32/5.25//2008-9-18 14:28:4
69/600106/重庆路桥/5.300	7700	5.290	1989	5.260	700	5.250	100	5.240	690	5.310	2380	5.320	1700	5.330	4100	5.340	500	5.350	26300	/16842824//30285962/5830207/5.31/5.25//2008-9-18 14:29:4
69/600106/重庆路桥/5.320	3000	5.310	40320	5.300	247270	5.290	1989	5.260	700	5.330	1100	5.350	17400	5.360	14210	5.370	9000	5.380	1800	/16842824//30363076/5844717/5.32/5.25//2008-9-18 14:30:5
69/600106/重庆路桥/5.300	130	5.290	1989	5.260	1400	5.250	100	5.240	690	5.320	1600	5.330	4300	5.350	32400	5.360	14210	5.370	9000	/16842824//31174596/5997732/5.3/5.25//2008-9-18 14:31:6
69/600106/重庆路桥/5.310	1600	5.300	42800	5.290	8119	5.260	1000	5.250	13200	5.320	650	5.330	5600	5.340	500	5.350	34100	5.360	14210	/16842824//31327652/6026632/5.31/5.25//2008-9-18 14:32:6
69/600106/重庆路桥/5.330	30700	5.320	11850	5.310	17900	5.300	61800	5.290	9119	5.350	26200	5.360	14210	5.370	5330	5.380	1500	5.390	1800	/16842824//31415976/6043182/5.35/5.25//2008-9-18 14:33:7
69/600106/重庆路桥/5.410	18500	5.370	1360	5.350	10800	5.330	13100	5.320	11050	5.420	9400	5.430	5930	5.440	4300	5.450	16300	5.460	200	/16842824//31805906/6115822/5.41/5.25//2008-9-18 14:34:8
69/600106/重庆路桥/5.370	1060	5.350	5300	5.330	13100	5.320	5850	5.310	7900	5.390	1200	5.400	7341	5.410	45401	5.420	3000	5.430	5330	/16842824//31957308/6143822/5.37/5.25//2008-9-18 14:35:8
69/600106/重庆路桥/5.330	13100	5.320	5850	5.310	5100	5.300	1900	5.290	1000	5.350	7900	5.370	12541	5.390	2700	5.400	16722	5.410	27500	/16842824//32052664/6161582/5.35/5.25//2008-9-18 14:36:9
69/600106/重庆路桥/5.340	6900	5.330	1110	5.320	1050	5.310	1400	5.300	1900	5.350	10100	5.370	13541	5.390	2700	5.400	16922	5.410	28300	/16842824//32136920/6177372/5.35/5.25//2008-9-18 14:37:10
69/600106/重庆路桥/5.320	1050	5.310	1500	5.300	1900	5.290	1000	5.280	6300	5.340	13410	5.350	10900	5.370	13641	5.380	300	5.390	8600	/16842824//32190352/6187382/5.34/5.25//2008-9-18 14:38:10
69/600106/重庆路桥/5.300	4700	5.290	1000	5.280	6500	5.260	2000	5.250	13000	5.310	8460	5.320	1700	5.330	500	5.340	13700	5.350	24300	/16842824//32209734/6191032/5.31/5.25//2008-9-18 14:39:11
69/600106/重庆路桥/5.290	1000	5.280	2600	5.260	4000	5.250	13000	5.240	1690	5.300	2100	5.310	10460	5.320	700	5.330	700	5.340	11958	/16842824//32238354/6196432/5.3/5.25//2008-9-18 14:40:12
69/600106/重庆路桥/5.300	29100	5.280	5300	5.260	11200	5.250	13200	5.240	1690	5.310	9760	5.320	700	5.330	700	5.340	11958	5.350	24300	/16842824//32297676/6207632/5.3/5.25//2008-9-18 14:41:12
69/600106/重庆路桥/5.300	100	5.280	4900	5.260	11200	5.250	13200	5.240	1690	5.310	6380	5.320	700	5.330	700	5.340	11958	5.350	23300	/16842824//32372996/6221832/5.31/5.25//2008-9-18 14:42:13
69/600106/重庆路桥/5.310	10720	5.290	3200	5.280	5900	5.270	2000	5.260	16200	5.320	100	5.330	500	5.340	11958	5.350	25300	5.360	2550	/16842824//32468466/6239812/5.32/5.25//2008-9-18 14:43:14
69/600106/重庆路桥/5.330	2500	5.320	11200	5.310	4750	5.300	3000	5.290	4200	5.340	12458	5.350	25300	5.360	2550	5.370	10841	5.380	1300	/16842824//32498020/6245362/5.33/5.25//2008-9-18 14:44:14
69/600106/重庆路桥/5.310	6050	5.300	3000	5.290	6300	5.280	98100	5.260	16200	5.320	6000	5.330	8300	5.340	12458	5.350	25900	5.360	3550	/16842824//32615604/6267462/5.31/5.25//2008-9-18 14:45:15
69/600106/重庆路桥/5.260	2200	5.250	16000	5.240	690	5.230	5000	5.220	1558	5.280	375750	5.300	6600	5.310	3800	5.320	2600	5.330	8000	/16842824//33345594/6405712/5.26/5.25//2008-9-18 14:46:16
69/600106/重庆路桥/5.240	390	5.230	7000	5.220	5558	5.210	10900	5.200	14800	5.260	2500	5.270	1200	5.280	375850	5.300	6000	5.310	1300	/16842824//33456940/6426912/5.26/5.25//2008-9-18 14:47:16
69/600106/重庆路桥/5.200	500	5.170	12848	5.160	3700	5.150	9200	5.130	300	5.230	300	5.240	500	5.250	1600	5.260	2500	5.270	4600	/16842824//33804968/6493812/5.23/5.25//2008-9-18 14:48:17
69/600106/重庆路桥/5.200	48000	5.190	600	5.180	31300	5.170	13848	5.160	3200	5.220	3000	5.230	15600	5.240	142000	5.250	32700	5.260	2500	/16842824//33854996/6503412/5.2/5.25//2008-9-18 14:49:18
69/600106/重庆路桥/5.200	57090	5.190	8600	5.180	3000	5.170	13848	5.160	5200	5.210	400	5.230	7400	5.240	144900	5.250	32700	5.260	2500	/16842824//33932216/6518222/5.21/5.25//2008-9-18 14:50:18
69/600106/重庆路桥/5.210	17900	5.200	60390	5.190	3100	5.180	3000	5.170	13848	5.240	4520	5.250	2300	5.260	2500	5.270	4800	5.280	5600	/16842824//34742636/6672922/5.24/5.25//2008-9-18 14:51:19
69/600106/重庆路桥/5.230	29800	5.220	26000	5.210	20100	5.200	61790	5.190	3100	5.240	1820	5.250	2300	5.260	2000	5.270	2500	5.280	5600	/16842824//34769324/6678022/5.24/5.25//2008-9-18 14:52:20
69/600106/重庆路桥/5.250	8700	5.240	4580	5.230	29800	5.220	3600	5.210	19100	5.270	2400	5.280	5600	5.290	2650	5.300	2100	5.330	4600	/16842824//34915200/6705842/5.27/5.25//2008-9-18 14:53:21
69/600106/重庆路桥/5.280	2000	5.270	11100	5.250	6500	5.240	24300	5.230	30800	5.290	2650	5.300	2300	5.330	9400	5.340	10758	5.350	27800	/16842824//35034412/6728442/5.27/5.25//2008-9-18 14:54:21
69/600106/重庆路桥/5.280	300	5.270	22400	5.250	6500	5.240	24300	5.230	1000	5.290	2750	5.300	23300	5.320	500	5.330	10400	5.340	12758	/16842824//35114676/6743642/5.28/5.25//2008-9-18 14:55:22
69/600106/重庆路桥/5.280	3300	5.270	14500	5.250	4500	5.240	22900	5.230	1000	5.300	19550	5.320	7000	5.330	12400	5.340	12758	5.350	32800	/16842824//35708512/6855692/5.3/5.25//2008-9-18 14:56:23
69/600106/重庆路桥/5.270	14500	5.260	2000	5.250	4500	5.240	22900	5.230	1000	5.280	2100	5.290	1400	5.300	26950	5.320	14300	5.330	10400	/16842824//35596832/6834642/5.28/5.25//2008-9-18 14:57:23
69/600106/重庆路桥/5.270	400	5.260	4100	5.250	3500	5.240	23400	5.230	11200	5.280	12500	5.290	5500	5.300	37350	5.320	9700	5.330	19000	/16842824//36030252/6916742/5.28/5.25//2008-9-18 14:58:24
69/600106/重庆路桥/5.270	10050	5.260	4700	5.250	5500	5.240	1000	5.230	11200	5.280	15100	5.290	3500	5.300	31850	5.320	11800	5.330	17000	/16842824//36248116/6957992/5.28/5.25//2008-9-18 14:59:25
69/600106/重庆路桥/5.270	25250	5.260	7700	5.250	6000	5.240	2000	5.230	11200	5.280	8300	5.290	20500	5.300	30050	5.320	12800	5.330	17000	/16842824//0/0/5.28/5.25//2008-9-18 15:0:26
69/600106/重庆路桥/5.270	25250	5.260	7700	5.250	6000	5.240	2000	5.230	11200	5.280	8300	5.290	20500	5.300	30050	5.320	12800	5.330	17000	/16842824//0/0/5.28/5.25//2008-9-18 15:1:26
69/600106/重庆路桥/5.270	25250	5.260	7700	5.250	6000	5.240	2000	5.230	11200	5.280	8300	5.290	20500	5.300	30050	5.320	12800	5.330	17000	/16842824//0/0/5.28/5.25//2008-9-18 15:2:27
